// alignID alignOntime alignSitch alignPitch alignOnvel refID refOntime refSitch refPitch refOnvel
0	0.500000	G4	67	67	0	0.000000	G4	67	80	
1	0.834635	A4	69	64	1	0.250000	A4	69	80	
2	0.985677	G4	67	63	2	0.375000	G4	67	80	
3	1.141927	F#4	66	71	3	0.500000	F#4	66	80	
4	1.304688	G4	67	67	4	0.625000	G4	67	80	
5	1.500000	A4	69	73	5	0.750000	A4	69	80	
6	1.841146	B4	71	63	6	1.000000	B4	71	80	
7	1.963542	A4	69	70	7	1.125000	A4	69	80	
8	2.117188	G4	67	73	8	1.250000	G4	67	80	
9	2.268229	A4	69	73	9	1.375000	A4	69	80	
10	2.459635	B4	71	77	10	1.500000	B4	71	80	
11	2.781250	A4	69	73	11	1.750000	A4	69	80	
12	3.096354	G4	67	71	12	2.000000	G4	67	80	
13	3.445312	D4	62	64	13	2.250000	D4	62	80	
14	3.802083	C5	72	65	14	2.500000	C5	72	80	
15	4.520833	B4	71	66	15	3.000000	B4	71	80	
16	4.830729	A4	69	70	16	3.250000	A4	69	80	
17	5.144531	G4	67	68	17	3.500000	G4	67	80	
18	5.479167	F#4	66	67	18	3.750000	F#4	66	80	
19	5.860677	E5	76	67	19	4.000000	E5	76	80	
20	6.515625	D5	74	63	20	4.500000	D5	74	80	
21	6.872396	E5	76	63	21	4.750000	E5	76	80	
22	7.005208	D5	74	62	22	4.875000	D5	74	80	
23	7.153646	C5	72	61	23	5.000000	C5	72	80	
24	7.299479	B4	71	57	24	5.125000	B4	71	80	
25	7.455729	A4	69	67	25	5.250000	A4	69	80	
26	7.792969	C5	72	61	26	5.500000	C5	72	80	
27	7.933594	B4	71	67	27	5.625000	B4	71	80	
28	8.085938	A4	69	67	28	5.750000	A4	69	80	
29	8.238281	G4	67	60	29	5.875000	G4	67	80	
30	8.399740	F#4	66	69	30	6.000000	F#4	66	80	
31	8.402344	D4	62	75	31	6.000000	D4	62	80	
32	8.716146	E4	64	71	33	6.250000	E4	64	80	
33	8.725260	G4	67	67	32	6.250000	G4	67	80	
34	8.851562	D4	62	73	34	6.375000	D4	62	80	
35	8.988281	C#4	61	73	36	6.500000	C#4	61	80	
36	9.015625	A4	69	69	35	6.500000	A4	69	80	
37	9.119792	D4	62	82	37	6.625000	D4	62	80	
38	9.298177	E4	64	76	39	6.750000	E4	64	80	
39	9.308594	G4	67	68	38	6.750000	G4	67	80	
40	9.609375	F#4	66	70	41	7.000000	F#4	66	80	
41	9.617188	A4	69	68	40	7.000000	A4	69	80	
42	9.734375	E4	64	69	42	7.125000	E4	64	80	
43	9.886719	D4	62	73	44	7.250000	D4	62	80	
44	9.914062	B4	71	65	43	7.250000	B4	71	80	
45	10.026042	E4	64	72	45	7.375000	E4	64	80	
46	10.197917	F#4	66	77	47	7.500000	F#4	66	80	
47	10.205729	A4	69	68	46	7.500000	A4	69	80	
48	10.520833	B4	71	67	48	7.750000	B4	71	80	
49	10.535156	E4	64	61	49	7.750000	E4	64	80	
50	10.674479	C#5	73	60	50	7.875000	C#5	73	80	
51	10.822917	D4	62	72	52	8.000000	D4	62	80	
52	10.825521	D5	74	59	51	8.000000	D5	74	80	
53	10.950521	B4	71	58	53	8.125000	B4	71	80	
54	11.102865	A3	57	68	55	8.250000	A3	57	80	
55	11.106771	C#5	73	65	54	8.250000	C#5	73	80	
56	11.260417	B4	71	60	56	8.375000	B4	71	80	
57	11.416667	G4	67	74	58	8.500000	G4	67	80	
58	11.423177	C#5	73	66	57	8.500000	C#5	73	80	
59	11.566406	D5	74	60	59	8.625000	D5	74	80	
60	11.714844	E5	76	59	60	8.750000	E5	76	80	
61	11.858073	C#5	73	65	61	8.875000	C#5	73	80	
62	12.007812	F#4	66	67	63	9.000000	F#4	66	80	
63	12.028646	D5	74	67	62	9.000000	D5	74	80	
64	12.166667	C#5	73	69	64	9.125000	C#5	73	80	
65	12.330729	E4	64	69	66	9.250000	E4	64	80	
66	12.334635	D5	74	68	65	9.250000	D5	74	80	
67	12.473958	E5	76	72	67	9.375000	E5	76	80	
68	12.625000	D4	62	74	69	9.500000	D4	62	80	
69	12.628906	F#5	78	75	68	9.500000	F#5	78	80	
70	12.755208	D5	74	67	70	9.625000	D5	74	80	
71	12.927083	C#4	61	72	72	9.750000	C#4	61	80	
72	12.949219	E5	76	64	71	9.750000	E5	76	80	
73	13.104167	D5	74	59	73	9.875000	D5	74	80	
74	13.292969	B4	71	70	75	10.000000	B4	71	80	
75	13.305990	E5	76	68	74	10.000000	E5	76	80	
76	13.451823	F#5	78	71	76	10.125000	F#5	78	80	
77	13.597656	G5	79	68	77	10.250000	G5	79	80	
78	13.725260	E5	76	80	78	10.375000	E5	76	80	
79	13.888021	A4	69	62	80	10.500000	A4	69	80	
80	13.888021	F#5	78	82	79	10.500000	F#5	78	80	
81	14.235677	G5	79	75	81	10.750000	G5	79	80	
82	14.265625	B4	71	56	82	10.750000	B4	71	80	
83	14.375000	F#5	78	83	83	10.875000	F#5	78	80	
84	14.380208	A4	69	67	84	10.875000	A4	69	80	
85	14.535156	E5	76	72	85	11.000000	E5	76	80	
86	14.545573	G4	67	58	86	11.000000	G4	67	80	
87	14.657552	D5	74	74	87	11.125000	D5	74	80	
88	14.675781	F#4	66	52	88	11.125000	F#4	66	80	
89	14.832031	G5	79	79	89	11.250000	G5	79	80	
90	14.847656	E4	64	46	90	11.250000	E4	64	80	
91	15.166667	G4	67	64	91	11.500000	G4	67	80	
92	15.307292	F#4	66	66	92	11.625000	F#4	66	80	
93	15.477865	E4	64	58	93	11.750000	E4	64	80	
94	15.627604	D4	62	46	94	11.875000	D4	62	80	
95	15.770833	C#4	61	52	95	12.000000	C#4	61	80	
96	15.894531	F#5	78	65	96	12.125000	F#5	78	80	
97	16.054688	G4	67	58	98	12.250000	G4	67	80	
98	16.057292	E5	76	65	97	12.250000	E5	76	80	
99	16.213542	G5	79	62	99	12.375000	G5	79	80	
100	16.345052	F#4	66	69	101	12.500000	F#4	66	80	
101	16.355469	D5	74	70	100	12.500000	D5	74	80	
102	16.497396	G5	79	67	102	12.625000	G5	79	80	
103	16.640625	C#5	73	79	103	12.750000	C#5	73	80	
104	16.645833	E4	64	63	104	12.750000	E4	64	80	
105	16.813802	G5	79	61	105	12.875000	G5	79	80	
106	16.946615	D4	62	51	107	13.000000	D4	62	80	
107	16.957031	B4	71	69	106	13.000000	B4	71	80	
108	17.105469	G5	79	66	108	13.125000	G5	79	80	
109	17.268229	C#4	61	60	110	13.250000	C#4	61	80	
110	17.274740	A4	69	67	109	13.250000	A4	69	80	
111	17.419271	G5	79	57	111	13.375000	G5	79	80	
112	17.565104	F#5	78	72	112	13.500000	F#5	78	80	
113	17.567708	D4	62	57	113	13.500000	D4	62	80	
114	17.707031	E4	64	61	114	13.625000	E4	64	80	
115	17.868490	D5	74	76	115	13.750000	D5	74	80	
116	17.884115	F#4	66	61	116	13.750000	F#4	66	80	
117	18.002604	D4	62	61	117	13.875000	D4	62	80	
118	18.165365	E5	76	86	118	14.000000	E5	76	80	
119	18.167969	G4	67	68	119	14.000000	G4	67	80	
120	18.325521	D4	62	54	120	14.125000	D4	62	80	
121	18.481771	F#5	78	94	121	14.250000	F#5	78	80	
122	18.493490	A4	69	70	122	14.250000	A4	69	80	
123	18.644531	D4	62	58	123	14.375000	D4	62	80	
124	18.792969	G5	79	84	124	14.500000	G5	79	80	
125	18.802083	B4	71	67	125	14.500000	B4	71	80	
126	18.936198	D4	62	55	126	14.625000	D4	62	80	
127	19.079427	A5	81	93	127	14.750000	A5	81	80	
128	19.114583	C5	72	61	128	14.750000	C5	72	80	
129	19.261719	D4	62	49	129	14.875000	D4	62	80	
130	19.458333	G3	55	91	131	15.000000	G3	55	80	
131	19.479167	B4	71	66	130	15.000000	B4	71	80	
132	19.781250	A3	57	81	133	15.250000	A3	57	80	
133	19.783854	D5	74	75	132	15.250000	D5	74	80	
134	19.916667	G3	55	86	134	15.375000	G3	55	80	
135	20.063802	F#3	54	79	136	15.500000	F#3	54	80	
136	20.088542	G5	79	77	135	15.500000	G5	79	80	
137	20.216146	G3	55	81	137	15.625000	G3	55	80	
138	20.386719	A3	57	81	139	15.750000	A3	57	80	
139	20.406250	C5	72	75	138	15.750000	C5	72	80	
140	20.692708	B3	59	81	141	16.000000	B3	59	80	
141	20.713542	F#5	78	70	140	16.000000	F#5	78	80	
142	20.820312	A3	57	81	142	16.125000	A3	57	80	
143	20.959635	G3	55	80	144	16.250000	G3	55	80	
144	20.973958	E5	76	75	143	16.250000	E5	76	80	
145	21.101562	A3	57	81	145	16.375000	A3	57	80	
146	21.273438	B3	59	79	147	16.500000	B3	59	80	
147	21.290365	D5	74	70	146	16.500000	D5	74	80	
148	21.566406	F#4	66	73	149	16.750000	F#4	66	80	
149	21.567708	C5	72	73	148	16.750000	C5	72	80	
150	21.571615	A3	57	75	150	16.750000	A3	57	80	
151	21.871094	G3	55	73	153	17.000000	G3	55	80	
152	21.882812	G4	67	64	152	17.000000	G4	67	80	
153	21.884115	B4	71	59	151	17.000000	B4	71	80	
154	22.196615	D3	50	74	155	17.250000	D3	50	80	
155	22.212240	A4	69	68	154	17.250000	A4	69	80	
156	22.520833	C4	60	77	157	17.500000	C4	60	80	
157	22.540365	F#4	66	63	156	17.500000	F#4	66	80	
158	22.666667	G4	67	64	158	17.625000	G4	67	80	
159	22.812500	A4	69	63	159	17.750000	A4	69	80	
160	22.946615	F#4	66	69	160	17.875000	F#4	66	80	
161	23.109375	B3	59	67	162	18.000000	B3	59	80	
162	23.117188	G4	67	67	161	18.000000	G4	67	80	
163	23.261719	F#4	66	70	163	18.125000	F#4	66	80	
164	23.416667	A3	57	66	165	18.250000	A3	57	80	
165	23.423177	G4	67	66	164	18.250000	G4	67	80	
166	23.555990	A4	69	71	166	18.375000	A4	69	80	
167	23.694010	G3	55	71	169	18.500000	G3	55	80	
168	23.703125	D5	74	67	167	18.500000	D5	74	80	
169	23.705729	B4	71	70	168	18.500000	B4	71	80	
170	23.843750	G4	67	73	170	18.625000	G4	67	80	
171	23.988281	F#3	54	71	172	18.750000	F#3	54	80	
172	24.005208	A4	69	69	171	18.750000	A4	69	80	
173	24.132812	G4	67	77	173	18.875000	G4	67	80	
174	24.278646	E4	64	81	176	19.000000	E4	64	80	
175	24.296875	A4	69	64	175	19.000000	A4	69	80	
176	24.311198	C5	72	65	174	19.000000	C5	72	80	
177	24.425781	B4	71	74	177	19.125000	B4	71	80	
178	24.589844	A5	81	87	178	19.250000	A5	81	80	
179	24.597656	C5	72	67	179	19.250000	C5	72	80	
180	24.731771	A4	69	68	180	19.375000	A4	69	80	
181	24.889323	D4	62	68	182	19.500000	D4	62	80	
182	24.910156	B4	71	73	181	19.500000	B4	71	80	
183	25.247396	C5	72	74	184	19.750000	C5	72	80	
184	25.247396	G5	79	75	183	19.750000	G5	79	80	
185	25.252604	E4	64	59	185	19.750000	E4	64	80	
186	25.373698	B4	71	74	186	19.875000	B4	71	80	
187	25.386719	D4	62	60	187	19.875000	D4	62	80	
188	25.519531	C4	60	59	189	20.000000	C4	60	80	
189	25.531250	A4	69	73	188	20.000000	A4	69	80	
190	25.635417	B3	59	68	191	20.125000	B3	59	80	
191	25.657552	G4	67	77	190	20.125000	G4	67	80	
192	25.804688	A3	57	71	193	20.250000	A3	57	80	
193	25.804688	C5	72	76	192	20.250000	C5	72	80	
194	26.130208	A5	81	78	194	20.500000	A5	81	80	
195	26.136719	C4	60	67	195	20.500000	C4	60	80	
196	26.269531	B3	59	66	197	20.625000	B3	59	80	
197	26.274740	G5	79	75	196	20.625000	G5	79	80	
198	26.394531	A3	57	69	199	20.750000	A3	57	80	
199	26.408854	F#5	78	77	198	20.750000	F#5	78	80	
200	26.519531	G3	55	68	201	20.875000	G3	55	80	
201	26.523438	E5	76	64	200	20.875000	E5	76	80	
202	26.671875	F#3	54	71	203	21.000000	F#3	54	80	
203	26.699219	D5	74	67	202	21.000000	D5	74	80	
204	26.847656	B4	71	64	204	21.125000	B4	71	80	
205	27.003906	A4	69	63	205	21.250000	A4	69	80	
206	27.141927	C5	72	62	206	21.375000	C5	72	80	
207	27.300781	E3	52	67	208	21.500000	E3	52	80	
208	27.305990	G4	67	67	207	21.500000	G4	67	80	
209	27.436198	C5	72	64	209	21.625000	C5	72	80	
210	27.578125	D3	50	69	211	21.750000	D3	50	80	
211	27.587240	F#4	66	66	210	21.750000	F#4	66	80	
212	27.722656	E3	52	59	213	21.875000	E3	52	80	
213	27.738281	C5	72	57	212	21.875000	C5	72	80	
214	27.865885	D3	50	61	215	22.000000	D3	50	80	
215	27.884115	E4	64	63	214	22.000000	E4	64	80	
216	27.996094	C3	48	65	217	22.125000	C3	48	80	
217	28.013021	C5	72	63	216	22.125000	C5	72	80	
218	28.144531	B2	47	65	219	22.250000	B2	47	80	
219	28.167969	D4	62	54	218	22.250000	D4	62	80	
220	28.283854	C5	72	67	220	22.375000	C5	72	80	
221	28.295573	A2	45	57	221	22.375000	A2	45	80	
222	28.438802	G2	43	59	223	22.500000	G2	43	80	
223	28.447917	B4	71	68	222	22.500000	B4	71	80	
224	28.580729	A2	45	51	224	22.625000	A2	45	80	
225	28.736979	B2	47	60	227	22.750000	B2	47	80	
226	28.748698	D5	74	77	225	22.750000	D5	74	80	
227	28.761719	F4	65	68	226	22.750000	F4	65	80	
228	28.877604	G2	43	64	228	22.875000	G2	43	80	
229	29.058594	C3	48	74	231	23.000000	C3	48	80	
230	29.058594	C5	72	82	229	23.000000	C5	72	80	
231	29.067708	E4	64	68	230	23.000000	E4	64	80	
232	29.207031	G2	43	68	232	23.125000	G2	43	80	
233	29.368490	B4	71	87	233	23.250000	B4	71	80	
234	29.381510	D3	50	73	235	23.250000	D3	50	80	
235	29.389323	D4	62	70	234	23.250000	D4	62	80	
236	29.544271	G2	43	54	236	23.375000	G2	43	80	
237	29.678385	A4	69	77	237	23.500000	A4	69	80	
238	29.696615	C4	60	65	238	23.500000	C4	60	80	
239	29.701823	E3	52	73	239	23.500000	E3	52	80	
240	29.835938	G2	43	64	240	23.625000	G2	43	80	
241	29.988281	G4	67	75	241	23.750000	G4	67	80	
242	29.992188	F3	53	70	243	23.750000	F3	53	80	
243	30.013021	B3	59	49	242	23.750000	B3	59	80	
244	30.138021	G2	43	64	244	23.875000	G2	43	80	
245	30.352865	C5	72	83	245	24.000000	C5	72	80	
246	30.360677	E3	52	75	246	24.000000	E3	52	80	
247	30.509115	D5	74	84	247	24.125000	D5	74	80	
248	30.523438	D3	50	67	248	24.125000	D3	50	80	
249	30.673177	E5	76	83	249	24.250000	E5	76	80	
250	30.675781	C3	48	63	250	24.250000	C3	48	80	
251	30.824219	E3	52	69	251	24.375000	E3	52	80	
252	30.994792	G4	67	66	252	24.500000	G4	67	80	
253	31.003906	B2	47	63	253	24.500000	B2	47	80	
254	31.139323	E3	52	63	254	24.625000	E3	52	80	
255	31.308594	F#4	66	69	255	24.750000	F#4	66	80	
256	31.329427	A2	45	60	256	24.750000	A2	45	80	
257	31.458333	D5	74	65	257	24.875000	D5	74	80	
258	31.463542	E3	52	61	258	24.875000	E3	52	80	
259	31.602865	C5	72	69	259	25.000000	C5	72	80	
260	31.614583	G2	43	61	260	25.000000	G2	43	80	
261	31.742188	B4	71	74	261	25.125000	B4	71	80	
262	31.765625	E3	52	63	262	25.125000	E3	52	80	
263	31.893229	A4	69	75	263	25.250000	A4	69	80	
264	31.910156	F#2	42	55	264	25.250000	F#2	42	80	
265	32.036458	C5	72	75	265	25.375000	C5	72	80	
266	32.041667	E3	52	61	266	25.375000	E3	52	80	
267	32.180990	D3	50	57	268	25.500000	D3	50	80	
268	32.182292	B4	71	73	267	25.500000	B4	71	80	
269	32.328125	C5	72	77	269	25.625000	C5	72	80	
270	32.329427	C3	48	59	270	25.625000	C3	48	80	
271	32.467448	D5	74	75	271	25.750000	D5	74	80	
272	32.483073	B2	47	54	272	25.750000	B2	47	80	
273	32.618490	D3	50	59	273	25.875000	D3	50	80	
274	32.764323	F#4	66	73	274	26.000000	F#4	66	80	
275	32.791667	A2	45	52	275	26.000000	A2	45	80	
276	32.908854	D3	50	57	276	26.125000	D3	50	80	
277	33.059896	E4	64	63	277	26.250000	E4	64	80	
278	33.084635	G2	43	50	278	26.250000	G2	43	80	
279	33.226562	C5	72	65	279	26.375000	C5	72	80	
280	33.246094	D3	50	55	280	26.375000	D3	50	80	
281	33.369792	B4	71	68	281	26.500000	B4	71	80	
282	33.385417	F#2	42	56	282	26.500000	F#2	42	80	
283	33.502604	A4	69	68	283	26.625000	A4	69	80	
284	33.542969	D3	50	60	284	26.625000	D3	50	80	
285	33.644531	G4	67	74	285	26.750000	G4	67	80	
286	33.691406	E2	40	61	286	26.750000	E2	40	80	
287	33.783854	B4	71	68	287	26.875000	B4	71	80	
288	33.830729	D3	50	51	288	26.875000	D3	50	80	
289	33.932292	A4	69	75	289	27.000000	A4	69	80	
290	33.977865	C3	48	52	290	27.000000	C3	48	80	
291	34.075521	B4	71	78	291	27.125000	B4	71	80	
292	34.091146	B2	47	56	292	27.125000	B2	47	80	
293	34.236979	C5	72	71	293	27.250000	C5	72	80	
294	34.256510	A2	45	55	294	27.250000	A2	45	80	
295	34.380208	C3	48	61	295	27.375000	C3	48	80	
296	34.513021	E4	64	68	296	27.500000	E4	64	80	
297	34.542969	G2	43	52	297	27.500000	G2	43	80	
298	34.675781	C3	48	51	298	27.625000	C3	48	80	
299	34.846354	F#2	42	52	300	27.750000	F#2	42	80	
300	34.851562	D4	62	65	299	27.750000	D4	62	80	
301	34.992188	C3	48	50	302	27.875000	C3	48	80	
302	35.002604	B4	71	64	301	27.875000	B4	71	80	
303	35.138021	A4	69	68	303	28.000000	A4	69	80	
304	35.149740	E2	40	54	304	28.000000	E2	40	80	
305	35.291667	G4	67	66	305	28.125000	G4	67	80	
306	35.307292	C3	48	51	306	28.125000	C3	48	80	
307	35.434896	F#4	66	66	307	28.250000	F#4	66	80	
308	35.467448	D2	38	47	308	28.250000	D2	38	80	
309	35.569010	A4	69	70	309	28.375000	A4	69	80	
310	35.623698	C3	48	33	310	28.375000	C3	48	80	
311	35.742188	G4	67	67	311	28.500000	G4	67	80	
312	35.760417	D4	62	58	*	-1	*	-1	-1	
313	35.773438	B2	47	53	312	28.500000	B2	47	80	
314	35.880208	A4	69	69	313	28.625000	A4	69	80	
315	36.042969	A2	45	54	316	28.750000	A2	45	80	
316	36.049479	B4	71	63	314	28.750000	B4	71	80	
317	36.066406	C4	60	64	315	28.750000	C4	60	80	
318	36.195312	D4	62	70	317	28.875000	D4	62	80	
319	36.348958	E4	64	71	318	29.000000	E4	64	80	
320	36.354167	G2	43	53	319	29.000000	G2	43	80	
321	36.481771	D4	62	77	320	29.125000	D4	62	80	
322	36.661458	C4	60	77	321	29.250000	C4	60	80	
323	36.666667	A2	45	52	322	29.250000	A2	45	80	
324	36.955729	E4	64	63	323	29.500000	E4	64	80	
325	36.968750	B3	59	62	324	29.500000	B3	59	80	
326	36.981771	G2	43	53	325	29.500000	G2	43	80	
327	37.083333	C4	60	71	326	29.625000	C4	60	80	
328	37.244792	F#2	42	51	329	29.750000	F#2	42	80	
329	37.259115	A4	69	67	327	29.750000	A4	69	80	
330	37.266927	D4	62	70	328	29.750000	D4	62	80	
331	37.393229	C4	60	71	330	29.875000	C4	60	80	
332	37.544271	B3	59	76	331	30.000000	B3	59	80	
333	37.559896	G2	43	54	332	30.000000	G2	43	80	
334	37.695312	G4	67	73	333	30.125000	G4	67	80	
335	37.696615	G3	55	55	334	30.125000	G3	55	80	
336	37.855469	A4	69	75	335	30.250000	A4	69	80	
337	37.856771	C4	60	72	336	30.250000	C4	60	80	
338	37.861979	F3	53	62	337	30.250000	F3	53	80	
339	37.993490	E3	52	64	338	30.375000	E3	52	80	
340	38.139323	D3	50	66	341	30.500000	D3	50	80	
341	38.156250	B4	71	79	339	30.500000	B4	71	80	
342	38.160156	D4	62	74	340	30.500000	D4	62	80	
343	38.295573	F3	53	69	342	30.625000	F3	53	80	
344	38.477865	E3	52	66	345	30.750000	E3	52	80	
345	38.480469	C5	72	76	343	30.750000	C5	72	80	
346	38.486979	G4	67	66	344	30.750000	G4	67	80	
347	38.634115	F3	53	70	347	30.875000	F3	53	80	
348	38.638021	D5	74	71	346	30.875000	D5	74	80	
349	38.785156	A3	57	65	349	31.000000	A3	57	80	
350	38.791667	E3	52	62	350	31.000000	E3	52	80	
351	38.795573	C5	72	78	348	31.000000	C5	72	80	
352	38.930990	D3	50	68	352	31.125000	D3	50	80	
353	38.936198	B4	71	78	351	31.125000	B4	71	80	
354	39.067708	C3	48	62	354	31.250000	C3	48	80	
355	39.083333	A4	69	73	353	31.250000	A4	69	80	
356	39.225260	E3	52	67	356	31.375000	E3	52	80	
357	39.233073	G4	67	53	355	31.375000	G4	67	80	
358	39.395833	G4	67	69	359	31.500000	G4	67	80	
359	39.397135	D3	50	56	360	31.500000	D3	50	80	
360	39.424479	B3	59	61	358	31.500000	B3	59	80	
361	39.505208	F#4	66	64	362	31.562500	F#4	66	80	
362	39.513021	E3	52	60	365	31.625000	E3	52	80	
363	39.588542	G4	67	68	364	31.625000	G4	67	80	
364	39.657552	F#4	66	65	366	31.687500	F#4	66	80	
365	39.695312	D3	50	52	369	31.750000	D3	50	80	
366	39.723958	C4	60	29	367	31.750000	C4	60	80	
367	39.838542	E4	64	57	371	31.875000	E4	64	80	
368	39.852865	C3	48	51	372	31.875000	C3	48	80	
369	39.957031	G4	67	80	374	32.000000	G4	67	80	
370	39.981771	B2	47	68	376	32.000000	B2	47	80	
371	39.994792	D4	62	63	375	32.000000	D4	62	80	
372	40.136719	D3	50	56	377	32.125000	D3	50	80	
373	40.287760	E4	64	77	378	32.250000	E4	64	80	
374	40.290365	C3	48	62	379	32.250000	C3	48	80	
375	40.446615	D3	50	58	381	32.375000	D3	50	80	
376	40.447917	B4	71	70	380	32.375000	B4	71	80	
377	40.592448	F#3	54	68	383	32.500000	F#3	54	80	
378	40.605469	A4	69	71	382	32.500000	A4	69	80	
379	40.643229	C3	48	31	384	32.500000	C3	48	80	
380	40.743490	G4	67	71	385	32.625000	G4	67	80	
381	40.768229	B2	47	62	386	32.625000	B2	47	80	
382	40.895833	F#4	66	73	387	32.750000	F#4	66	80	
383	40.899740	A2	45	55	388	32.750000	A2	45	80	
384	41.040365	C3	48	57	390	32.875000	C3	48	80	
385	41.040365	E4	64	64	389	32.875000	E4	64	80	
386	41.182292	B2	47	66	393	33.000000	B2	47	80	
387	41.238281	G3	55	37	392	33.000000	G3	55	80	
388	41.261719	A3	57	21	*	-1	*	-1	-1	
389	41.298177	D4	62	9	391	33.000000	D4	62	80	
390	41.346354	C3	48	65	394	33.125000	C3	48	80	
391	41.490885	B2	47	65	396	33.250000	B2	47	80	
392	41.514323	G3	55	65	395	33.250000	G3	55	80	
393	41.648438	A2	45	66	398	33.375000	A2	45	80	
394	41.656250	A3	57	70	397	33.375000	A3	57	80	
395	41.800781	G2	43	66	400	33.500000	G2	43	80	
396	41.817708	B3	59	69	399	33.500000	B3	59	80	
397	41.923177	A2	45	66	402	33.625000	A2	45	80	
398	41.945312	C#4	61	72	401	33.625000	C#4	61	80	
399	42.074219	B2	47	71	404	33.750000	B2	47	80	
400	42.089844	D4	62	72	403	33.750000	D4	62	80	
401	42.225260	C#3	49	78	405	33.875000	C#3	49	80	
402	42.385417	D3	50	65	407	34.000000	D3	50	80	
403	42.386719	B3	59	79	406	34.000000	B3	59	80	
404	42.522135	E3	52	58	409	34.125000	E3	52	80	
405	42.528646	C#4	61	77	408	34.125000	C#4	61	80	
406	42.679688	F#3	54	59	411	34.250000	F#3	54	80	
407	42.683594	D4	62	75	410	34.250000	D4	62	80	
408	42.804688	E4	64	75	412	34.375000	E4	64	80	
409	42.816406	G3	55	66	413	34.375000	G3	55	80	
410	42.975260	F#3	54	62	416	34.500000	F#3	54	80	
411	42.977865	F#4	66	76	415	34.500000	F#4	66	80	
412	42.981771	A4	69	71	414	34.500000	A4	69	80	
413	43.321615	G4	67	63	417	34.750000	G4	67	80	
414	43.330729	B3	59	53	419	34.750000	B3	59	80	
415	43.343750	E4	64	40	418	34.750000	E4	64	80	
416	43.438802	A4	69	75	420	34.875000	A4	69	80	
417	43.589844	B4	71	69	421	35.000000	B4	71	80	
418	43.606771	Eb4	63	65	422	35.000000	Eb4	63	80	
419	43.613281	B2	47	52	423	35.000000	B2	47	80	
420	43.726562	A4	69	69	424	35.125000	A4	69	80	
421	43.885417	G4	67	70	425	35.250000	G4	67	80	
422	43.895833	E4	64	62	426	35.250000	E4	64	80	
423	43.904948	E3	52	45	427	35.250000	E3	52	80	
424	44.220052	F#4	66	66	428	35.500000	F#4	66	80	
425	44.233073	D4	62	57	429	35.500000	D4	62	80	
426	44.235677	A3	57	54	430	35.500000	A3	57	80	
427	44.350260	G4	67	73	431	35.625000	G4	67	80	
428	44.493490	A4	69	67	432	35.750000	A4	69	80	
429	44.516927	A2	45	55	434	35.750000	A2	45	80	
430	44.531250	C#4	61	44	433	35.750000	C#4	61	80	
431	44.634115	G4	67	69	435	35.875000	G4	67	80	
432	44.798177	F#4	66	73	436	36.000000	F#4	66	80	
433	44.817708	D3	50	56	438	36.000000	D3	50	80	
434	44.839844	D4	62	45	437	36.000000	D4	62	80	
435	45.104167	G4	67	76	439	36.250000	G4	67	80	
436	45.110677	C#4	61	69	440	36.250000	C#4	61	80	
437	45.157552	E3	52	31	441	36.250000	E3	52	80	
438	45.251302	B3	59	72	442	36.375000	B3	59	80	
439	45.402344	A4	69	73	443	36.500000	A4	69	80	
440	45.406250	F#3	54	61	445	36.500000	F#3	54	80	
441	45.411458	A3	57	55	444	36.500000	A3	57	80	
442	45.554688	C4	60	59	446	36.625000	C4	60	80	
443	45.697917	D5	74	73	447	36.750000	D5	74	80	
444	45.713542	B3	59	47	448	36.750000	B3	59	80	
445	45.846354	C4	60	52	449	36.875000	C4	60	80	
446	45.989583	B3	59	41	452	37.000000	B3	59	80	
447	45.997396	F#4	66	76	454	37.062500	F#4	66	80	
448	46.023438	G3	55	56	453	37.000000	G3	55	80	
449	46.079427	E4	64	73	456	37.125000	E4	64	80	
450	46.154948	A3	57	61	458	37.125000	A3	57	80	
451	46.157552	F#4	66	68	459	37.187500	F#4	66	80	
452	46.239583	E4	64	68	461	37.250000	E4	64	80	
453	46.309896	G3	55	58	462	37.250000	G3	55	80	
454	46.315104	F#4	66	59	464	37.312500	F#4	66	80	
455	46.326823	C#3	49	48	463	37.250000	C#3	49	80	
456	46.368490	E4	64	58	465	37.375000	E4	64	80	
457	46.432292	D4	62	64	*	-1	*	-1	-1	
458	46.453125	B3	59	56	466	37.375000	B3	59	80	
459	46.494792	E4	64	49	467	37.437500	F#4	66	80	
460	46.563802	F#4	66	68	468	37.500000	F#4	66	80	
461	46.595052	A3	57	61	469	37.500000	A3	57	80	
462	46.617188	D3	50	43	470	37.500000	D3	50	80	
463	46.752604	B3	59	60	471	37.625000	B3	59	80	
464	46.881510	G4	67	79	472	37.750000	G4	67	80	
465	46.894531	A3	57	63	473	37.750000	A3	57	80	
466	47.019531	G3	55	61	474	37.875000	G3	55	80	
467	47.178385	A4	69	78	475	38.000000	A4	69	80	
468	47.201823	F#3	54	51	476	38.000000	F#3	54	80	
469	47.304688	A3	57	57	477	38.125000	A3	57	80	
470	47.486979	B4	71	75	478	38.250000	B4	71	80	
471	47.505208	G3	55	42	479	38.250000	G3	55	80	
472	47.635417	A3	57	49	480	38.375000	A3	57	80	
473	47.785156	G3	55	41	483	38.500000	G3	55	80	
474	47.794271	D4	62	58	484	38.562500	D4	62	80	
475	47.843750	C#4	61	62	486	38.625000	C#4	61	80	
476	47.885417	F#3	54	47	488	38.625000	F#3	54	80	
477	47.917969	D4	62	62	489	38.687500	D4	62	80	
478	48.003906	C#4	61	66	491	38.750000	C#4	61	80	
479	48.049479	E3	52	47	492	38.750000	E3	52	80	
480	48.079427	D4	62	63	493	38.812500	D4	62	80	
481	48.152344	C#4	61	61	494	38.875000	C#4	61	80	
482	48.217448	G3	55	53	495	38.875000	G3	55	80	
483	48.231771	B3	59	63	*	-1	*	-1	-1	
484	48.289062	C#4	61	70	496	38.937500	D4	62	80	
485	48.363281	D4	62	74	497	39.000000	D4	62	80	
486	48.376302	F#3	54	47	498	39.000000	F#3	54	80	
487	48.515625	G3	55	53	499	39.125000	G3	55	80	
488	48.654948	D4	62	69	500	39.250000	D4	62	80	
489	48.661458	F#3	54	52	501	39.250000	F#3	54	80	
490	48.794271	E3	52	57	503	39.375000	E3	52	80	
491	48.796875	E4	64	73	502	39.375000	E4	64	80	
492	48.942708	D3	50	64	505	39.500000	D3	50	80	
493	48.942708	F#4	66	72	504	39.500000	F#4	66	80	
494	49.067708	E3	52	69	507	39.625000	E3	52	80	
495	49.071615	G4	67	75	506	39.625000	G4	67	80	
496	49.231771	F#3	54	70	509	39.750000	F#3	54	80	
497	49.231771	A4	69	73	508	39.750000	A4	69	80	
498	49.359375	G3	55	76	510	39.875000	G3	55	80	
499	49.518229	F#4	66	77	511	40.000000	F#4	66	80	
500	49.524740	A3	57	63	512	40.000000	A3	57	80	
501	49.647135	G4	67	75	513	40.125000	G4	67	80	
502	49.649740	B3	59	69	514	40.125000	B3	59	80	
503	49.790365	C4	60	71	516	40.250000	C4	60	80	
504	49.802083	A4	69	76	515	40.250000	A4	69	80	
505	49.911458	D4	62	67	518	40.375000	D4	62	80	
506	49.932292	B4	71	73	517	40.375000	B4	71	80	
507	50.084635	C5	72	82	519	40.500000	C5	72	80	
508	50.100260	F#3	54	65	520	40.500000	F#3	54	80	
509	50.104167	D3	50	62	521	40.500000	D3	50	80	
510	50.369792	C3	48	45	523	40.750000	C3	48	80	
511	50.414062	A4	69	78	522	40.750000	A4	69	80	
512	50.527344	D3	50	65	524	40.875000	D3	50	80	
513	50.692708	B4	71	85	525	41.000000	B4	71	80	
514	50.696615	E3	52	68	527	41.000000	E3	52	80	
515	50.709635	G4	67	71	526	41.000000	G4	67	80	
516	50.839844	D3	50	72	528	41.125000	D3	50	80	
517	50.994792	C3	48	77	530	41.250000	C3	48	80	
518	51.006510	A4	69	73	529	41.250000	A4	69	80	
519	51.313802	G4	67	72	531	41.500000	G4	67	80	
520	51.317708	B2	47	78	532	41.500000	B2	47	80	
521	51.451823	C3	48	78	533	41.625000	C3	48	80	
522	51.595052	F#4	66	77	534	41.750000	F#4	66	80	
523	51.604167	D3	50	78	535	41.750000	D3	50	80	
524	51.725260	C3	48	82	536	41.875000	C3	48	80	
525	51.888021	B2	47	82	539	42.000000	B2	47	80	
526	51.908854	G4	67	62	537	42.000000	G4	67	80	
527	52.041667	G5	79	68	540	42.125000	G5	79	80	
528	52.201823	C3	48	82	542	42.250000	C3	48	80	
529	52.203125	F#5	78	68	541	42.250000	F#5	78	80	
530	52.347656	E5	76	65	543	42.375000	E5	76	80	
531	52.500000	D3	50	79	545	42.500000	D3	50	80	
532	52.500000	D5	74	68	544	42.500000	D5	74	80	
533	52.628906	F#5	78	70	546	42.625000	F#5	78	80	
534	52.795573	G3	55	79	548	42.750000	G3	55	80	
535	52.795573	E5	76	64	547	42.750000	E5	76	80	
536	52.944010	F#5	78	63	549	42.875000	F#5	78	80	
537	53.117188	A2	45	71	551	43.000000	A2	45	80	
538	53.126302	E5	76	52	550	43.000000	E5	76	80	
539	53.291667	D5	74	57	552	43.125000	D5	74	80	
540	53.460938	C5	72	56	553	43.250000	C5	72	80	
541	53.592448	E5	76	59	554	43.375000	E5	76	80	
542	53.740885	B2	47	69	556	43.500000	B2	47	80	
543	53.753906	D5	74	60	555	43.500000	D5	74	80	
544	53.904948	E5	76	61	557	43.625000	E5	76	80	
545	54.059896	C3	48	61	559	43.750000	C3	48	80	
546	54.066406	D5	74	55	558	43.750000	D5	74	80	
547	54.210938	C5	72	62	560	43.875000	C5	72	80	
548	54.361979	D3	50	69	562	44.000000	D3	50	80	
549	54.368490	B4	71	53	561	44.000000	B4	71	80	
550	54.498698	D5	74	58	563	44.125000	D5	74	80	
551	54.658854	C5	72	61	564	44.250000	C5	72	80	
552	54.662760	E3	52	68	565	44.250000	E3	52	80	
553	54.808594	D5	74	59	566	44.375000	D5	74	80	
554	54.950521	F#2	42	61	568	44.500000	F#2	42	80	
555	54.980469	C5	72	56	567	44.500000	C5	72	80	
556	55.118490	B4	71	57	569	44.625000	B4	71	80	
557	55.290365	A4	69	54	570	44.750000	A4	69	80	
558	55.427083	C5	72	61	571	44.875000	C5	72	80	
559	55.582031	G2	43	69	573	45.000000	G2	43	80	
560	55.585938	B4	71	69	572	45.000000	B4	71	80	
561	55.726562	A2	45	71	575	45.125000	A2	45	80	
562	55.726562	A4	69	72	574	45.125000	A4	69	80	
563	55.877604	G4	67	66	576	45.250000	G4	67	80	
564	55.880208	B2	47	77	577	45.250000	B2	47	80	
565	56.027344	B4	71	63	578	45.375000	B4	71	80	
566	56.171875	F#4	66	75	579	45.500000	F#4	66	80	
567	56.203125	D4	62	59	580	45.500000	D4	62	80	
568	56.332031	B4	71	65	581	45.625000	B4	71	80	
569	56.481771	E4	64	74	582	45.750000	E4	64	80	
570	56.503906	C#4	61	53	583	45.750000	C#4	61	80	
571	56.626302	B4	71	68	584	45.875000	B4	71	80	
572	56.631510	A2	45	56	585	45.875000	A2	45	80	
573	56.769531	G2	43	58	587	46.000000	G2	43	80	
574	56.776042	D4	62	73	586	46.000000	D4	62	80	
575	56.914062	B4	71	65	588	46.125000	B4	71	80	
576	56.915365	F#2	42	64	589	46.125000	F#2	42	80	
577	57.052083	E2	40	60	591	46.250000	E2	40	80	
578	57.067708	C#4	61	68	590	46.250000	C#4	61	80	
579	57.208333	G2	43	64	593	46.375000	G2	43	80	
580	57.222656	B4	71	62	592	46.375000	B4	71	80	
581	57.343750	F#2	42	68	595	46.500000	F#2	42	80	
582	57.367188	A4	69	67	594	46.500000	A4	69	80	
583	57.479167	G2	43	65	597	46.625000	G2	43	80	
584	57.498698	G4	67	70	596	46.625000	G4	67	80	
585	57.647135	F#4	66	73	598	46.750000	F#4	66	80	
586	57.649740	A2	45	65	599	46.750000	A2	45	80	
587	57.786458	A4	69	63	600	46.875000	A4	69	80	
588	57.936198	E4	64	72	601	47.000000	E4	64	80	
589	57.967448	C#4	61	50	602	47.000000	C#4	61	80	
590	58.089844	A4	69	59	603	47.125000	A4	69	80	
591	58.260417	D4	62	64	604	47.250000	D4	62	80	
592	58.291667	B3	59	31	605	47.250000	B3	59	80	
593	58.404948	A4	69	62	606	47.375000	A4	69	80	
594	58.408854	G2	43	50	607	47.375000	G2	43	80	
595	58.533854	F#2	42	56	609	47.500000	F#2	42	80	
596	58.559896	C#4	61	67	608	47.500000	C#4	61	80	
597	58.684896	E2	40	56	611	47.625000	E2	40	80	
598	58.695312	A4	69	60	610	47.625000	A4	69	80	
599	58.808594	D2	38	61	613	47.750000	D2	38	80	
600	58.839844	B3	59	55	612	47.750000	B3	59	80	
601	58.973958	A4	69	59	614	47.875000	A4	69	80	
602	58.981771	F#2	42	52	615	47.875000	F#2	42	80	
603	59.123698	E2	40	66	617	48.000000	E2	40	80	
604	59.131510	G4	67	63	616	48.000000	G4	67	80	
605	59.260417	F#2	42	65	619	48.125000	F#2	42	80	
606	59.281250	F#4	66	67	618	48.125000	F#4	66	80	
607	59.425781	G2	43	68	621	48.250000	G2	43	80	
608	59.429688	E4	64	64	620	48.250000	E4	64	80	
609	59.575521	G4	67	62	622	48.375000	G4	67	80	
610	59.726562	D4	62	60	623	48.500000	D4	62	80	
611	59.867188	G4	67	56	625	48.625000	G4	67	80	
612	60.020833	C#4	61	64	626	48.750000	C#4	61	80	
613	60.061198	A3	57	31	627	48.750000	A3	57	80	
614	60.151042	F#2	42	57	629	48.875000	F#2	42	80	
615	60.158854	G4	67	63	628	48.875000	G4	67	80	
616	60.324219	B3	59	62	630	49.000000	B3	59	80	
617	60.326823	E2	40	56	631	49.000000	E2	40	80	
618	60.471354	G4	67	57	632	49.125000	G4	67	80	
619	60.473958	D2	38	45	633	49.125000	D2	38	80	
620	60.595052	C#2	37	57	635	49.250000	C2	36	80	
621	60.608073	A3	57	61	634	49.250000	A3	57	80	
622	60.742188	G4	67	65	636	49.375000	G4	67	80	
623	60.746094	E2	40	47	637	49.375000	E2	40	80	
624	60.878906	D2	38	52	639	49.500000	D2	38	80	
625	60.884115	F#4	66	73	638	49.500000	F#4	66	80	
626	61.029948	E2	40	56	641	49.625000	E2	40	80	
627	61.029948	D5	74	58	640	49.625000	D5	74	80	
628	61.158854	F#2	42	64	643	49.750000	F#2	42	80	
629	61.171875	C5	72	64	642	49.750000	C5	72	80	
630	61.309896	D2	38	54	645	49.875000	D2	38	80	
631	61.320312	B4	71	65	644	49.875000	B4	71	80	
632	61.451823	G2	43	70	647	50.000000	G2	43	80	
633	61.466146	A4	69	65	646	50.000000	A4	69	80	
634	61.580729	D2	38	63	649	50.125000	D2	38	80	
635	61.591146	G4	67	67	648	50.125000	G4	67	80	
636	61.734375	A2	45	77	651	50.250000	A2	45	80	
637	61.734375	F#4	66	69	650	50.250000	F#4	66	80	
638	61.881510	E4	64	63	652	50.375000	E4	64	80	
639	61.897135	D2	38	43	653	50.375000	D2	38	80	
640	62.033854	B2	47	63	655	50.500000	B2	47	80	
641	62.039062	D4	62	70	654	50.500000	D4	62	80	
642	62.180990	C4	60	66	656	50.625000	C4	60	80	
643	62.191406	D2	38	57	657	50.625000	D2	38	80	
644	62.332031	B3	59	73	658	50.750000	B3	59	80	
645	62.345052	C3	48	60	659	50.750000	C3	48	80	
646	62.464844	A3	57	74	660	50.875000	A3	57	80	
647	62.483073	D2	38	52	661	50.875000	D2	38	80	
648	62.621094	G3	55	69	662	51.000000	G3	55	80	
649	62.628906	B2	47	62	663	51.000000	B2	47	80	
650	62.756510	A3	57	72	664	51.125000	A3	57	80	
651	62.772135	G3	55	56	665	51.125000	G3	55	80	
652	62.911458	B3	59	79	666	51.250000	B3	59	80	
653	62.924479	F3	53	61	667	51.250000	F3	53	80	
654	63.058594	E3	52	69	669	51.375000	E3	52	80	
655	63.059896	G3	55	76	668	51.375000	G3	55	80	
656	63.210938	D3	50	68	671	51.500000	D3	50	80	
657	63.220052	C4	60	82	670	51.500000	C4	60	80	
658	63.354167	C3	48	69	673	51.625000	C3	48	80	
659	63.363281	G3	55	69	672	51.625000	G3	55	80	
660	63.509115	B2	47	72	675	51.750000	B2	47	80	
661	63.513021	D4	62	83	674	51.750000	D4	62	80	
662	63.651042	A2	45	68	677	51.875000	A2	45	80	
663	63.660156	G3	55	71	676	51.875000	G3	55	80	
664	63.820312	G2	43	59	679	52.000000	G2	43	80	
665	63.824219	E4	64	70	678	52.000000	E4	64	80	
666	63.970052	F2	41	69	681	52.125000	F2	41	80	
667	63.970052	G3	55	63	680	52.125000	G3	55	80	
668	64.104167	E2	40	75	683	52.250000	E2	40	80	
669	64.114583	F4	65	67	682	52.250000	F4	65	80	
670	64.250000	D2	38	70	685	52.375000	D2	38	80	
671	64.265625	G3	55	62	684	52.375000	G3	55	80	
672	64.407552	C2	36	68	687	52.500000	C2	36	80	
673	64.414062	E4	64	66	686	52.500000	E4	64	80	
674	64.545573	D2	38	69	689	52.625000	D2	38	80	
675	64.555990	C5	72	73	688	52.625000	C5	72	80	
676	64.684896	E2	40	66	691	52.750000	E2	40	80	
677	64.699219	B4	71	78	690	52.750000	B4	71	80	
678	64.826823	F#2	42	66	693	52.875000	F#2	42	80	
679	64.835938	D5	74	79	692	52.875000	D5	74	80	
680	64.962240	G#2	44	76	695	53.000000	G#2	44	80	
681	64.986979	A4	69	85	694	53.000000	A4	69	80	
682	65.105469	A2	45	74	697	53.125000	A2	45	80	
683	65.123698	D5	74	77	696	53.125000	D5	74	80	
684	65.273438	B2	47	81	699	53.250000	B2	47	80	
685	65.289062	G#4	68	89	698	53.250000	G#4	68	80	
686	65.432292	D5	74	71	700	53.375000	D5	74	80	
687	65.437500	C3	48	71	701	53.375000	C3	48	80	
688	65.575521	D3	50	73	703	53.500000	D3	50	80	
689	65.584635	F#4	66	80	702	53.500000	F#4	66	80	
690	65.718750	E3	52	73	705	53.625000	E3	52	80	
691	65.722656	D5	74	71	704	53.625000	D5	74	80	
692	65.858073	E4	64	76	706	53.750000	E4	64	80	
693	65.864583	F#3	54	77	707	53.750000	F#3	54	80	
694	65.989583	G#3	56	77	709	53.875000	G#3	56	80	
695	65.992188	D5	74	73	708	53.875000	D5	74	80	
696	66.144531	A3	57	79	711	54.000000	A3	57	80	
697	66.151042	C5	72	82	710	54.000000	C5	72	80	
698	66.295573	G3	55	74	713	54.125000	G3	55	80	
699	66.296875	A4	69	82	712	54.125000	A4	69	80	
700	66.438802	F#3	54	72	715	54.250000	F#3	54	80	
701	66.449219	B4	71	81	714	54.250000	B4	71	80	
702	66.575521	A3	57	76	717	54.375000	A3	57	80	
703	66.589844	C#5	73	75	716	54.375000	C#5	73	80	
704	66.729167	E3	52	86	719	54.500000	E3	52	80	
705	66.730469	Eb5	75	78	718	54.500000	Eb5	75	80	
706	66.864583	A3	57	74	721	54.625000	A3	57	80	
707	66.865885	E5	76	75	720	54.625000	E5	76	80	
708	67.010417	Eb3	51	84	723	54.750000	Eb3	51	80	
709	67.026042	F#5	78	87	722	54.750000	F#5	78	80	
710	67.161458	G5	79	78	724	54.875000	G5	79	80	
711	67.179688	A3	57	70	725	54.875000	A3	57	80	
712	67.322917	A5	81	87	726	55.000000	A5	81	80	
713	67.332031	C#3	49	74	727	55.000000	C#3	49	80	
714	67.463542	B5	83	83	728	55.125000	B5	83	80	
715	67.473958	A3	57	67	729	55.125000	A3	57	80	
716	67.605469	C6	84	81	730	55.250000	C6	84	80	
717	67.606771	B2	47	83	731	55.250000	B2	47	80	
718	67.746094	Eb5	75	82	732	55.375000	Eb5	75	80	
719	67.763021	A3	57	77	733	55.375000	A3	57	80	
720	67.936198	G3	55	82	735	55.500000	G3	55	80	
721	67.938802	E5	76	98	734	55.500000	E5	76	80	
722	68.287760	F#5	78	87	736	55.750000	F#5	78	80	
723	68.296875	C4	60	68	737	55.750000	C4	60	80	
724	68.403646	E5	76	88	738	55.875000	E5	76	80	
725	68.561198	B3	59	62	740	56.000000	B3	59	80	
726	68.561198	Eb5	75	88	739	56.000000	Eb5	75	80	
727	68.679688	E5	76	89	741	56.125000	E5	76	80	
728	68.843750	A3	57	81	743	56.250000	A3	57	80	
729	68.851562	F#5	78	100	742	56.250000	F#5	78	80	
730	69.161458	G5	79	85	744	56.500000	G5	79	80	
731	69.170573	B3	59	60	745	56.500000	B3	59	80	
732	69.292969	F#5	78	87	746	56.625000	F#5	78	80	
733	69.437500	E5	76	88	747	56.750000	E5	76	80	
734	69.453125	B2	47	69	748	56.750000	B2	47	80	
735	69.570312	F#5	78	92	749	56.875000	F#5	78	80	
736	69.730469	G5	79	90	750	57.000000	G5	79	80	
737	69.736979	E3	52	74	751	57.000000	E3	52	80	
738	69.875000	F#3	54	69	752	57.125000	F#3	54	80	
739	70.024740	G3	55	64	754	57.250000	G3	55	80	
740	70.024740	F#5	78	91	753	57.250000	F#5	78	80	
741	70.160156	E3	52	64	755	57.375000	E3	52	80	
742	70.320312	E5	76	88	756	57.500000	E5	76	80	
743	70.326823	A3	57	75	757	57.500000	A3	57	80	
744	70.463542	E3	52	67	758	57.625000	E3	52	80	
745	70.618490	B3	59	78	760	57.750000	B3	59	80	
746	70.618490	B4	71	90	759	57.750000	B4	71	80	
747	70.777344	E3	52	63	761	57.875000	E3	52	80	
748	70.932292	A5	81	79	762	58.000000	A5	81	80	
749	70.959635	C#4	61	77	763	58.000000	C#4	61	80	
750	70.984375	G5	79	83	*	-1	*	-1	-1	
751	71.059896	A5	81	88	*	-1	*	-1	-1	
752	71.093750	E3	52	74	764	58.125000	E3	52	80	
753	71.240885	Eb4	63	71	765	58.250000	Eb4	63	80	
754	71.397135	E3	52	67	766	58.375000	E3	52	80	
755	71.533854	E4	64	66	768	58.500000	E4	64	80	
756	71.548177	G5	79	86	767	58.500000	G5	79	80	
757	71.680990	Eb4	63	67	770	58.625000	Eb4	63	80	
758	71.833333	E4	64	69	772	58.750000	E4	64	80	
759	71.838542	F#5	78	88	771	58.750000	F#5	78	80	
760	71.957031	F#4	66	67	773	58.875000	F#4	66	80	
761	72.119792	E5	76	89	774	59.000000	E5	76	80	
762	72.121094	G4	67	79	775	59.000000	G4	67	80	
763	72.247396	E4	64	70	776	59.125000	E4	64	80	
764	72.416667	F#4	66	80	778	59.250000	F#4	66	80	
765	72.416667	Eb5	75	93	777	59.250000	Eb5	75	80	
766	72.557292	E4	64	73	779	59.375000	E4	64	80	
767	72.729167	F#4	66	78	781	59.500000	F#4	66	80	
768	72.736979	C6	84	87	780	59.500000	C6	84	80	
769	72.798177	B5	83	85	*	-1	*	-1	-1	
770	72.869792	G4	67	77	782	59.625000	G4	67	80	
771	72.873698	C6	84	85	*	-1	*	-1	-1	
772	72.994792	A4	69	78	783	59.750000	A4	69	80	
773	73.126302	F#4	66	82	784	59.875000	F#4	66	80	
774	73.304688	B5	83	95	785	60.000000	B5	83	80	
775	73.309896	G4	67	89	786	60.000000	G4	67	80	
776	73.622396	C6	84	93	787	60.250000	C6	84	80	
777	73.626302	A4	69	77	788	60.250000	A4	69	80	
778	73.747396	G4	67	74	790	60.375000	G4	67	80	
779	73.763021	B5	83	88	789	60.375000	B5	83	80	
780	73.877604	F#4	66	73	792	60.500000	F#4	66	80	
781	73.902344	A5	81	85	791	60.500000	A5	81	80	
782	73.998698	E4	64	72	794	60.625000	E4	64	80	
783	74.007812	G5	79	80	793	60.625000	G5	79	80	
784	74.149740	A4	69	75	796	60.750000	A4	69	80	
785	74.166667	F#5	78	92	795	60.750000	F#5	78	80	
786	74.216146	G4	67	85	*	-1	*	-1	-1	
787	74.295573	A4	69	66	*	-1	*	-1	-1	
788	74.477865	A5	81	80	797	61.000000	A5	81	80	
789	74.618490	G5	79	77	798	61.125000	G5	79	80	
790	74.770833	F#5	78	77	799	61.250000	F#5	78	80	
791	74.893229	E5	76	79	800	61.375000	E5	76	80	
792	75.049479	Eb5	75	86	801	61.500000	Eb5	75	80	
793	75.173177	G4	67	56	802	61.625000	G4	67	80	
794	75.342448	A5	81	82	803	61.750000	A5	81	80	
795	75.347656	F#4	66	55	804	61.750000	F#4	66	80	
796	75.490885	A4	69	55	805	61.875000	A4	69	80	
797	75.640625	G5	79	86	806	62.000000	G5	79	80	
798	75.660156	E4	64	57	807	62.000000	E4	64	80	
799	75.802083	A4	69	57	808	62.125000	A4	69	80	
800	75.940104	F#5	78	81	809	62.250000	F#5	78	80	
801	75.955729	Eb4	63	55	810	62.250000	Eb4	63	80	
802	76.100260	A4	69	53	811	62.375000	A4	69	80	
803	76.272135	E5	76	67	812	62.500000	E5	76	80	
804	76.291667	C#4	61	46	813	62.500000	C#4	61	80	
805	76.416667	A4	69	59	814	62.625000	A4	69	80	
806	76.566406	Eb5	75	70	815	62.750000	Eb5	75	80	
807	76.567708	B3	59	52	816	62.750000	B3	59	80	
808	76.707031	A4	69	54	817	62.875000	A4	69	80	
809	76.875000	E5	76	78	818	63.000000	E5	76	80	
810	76.877604	G4	67	76	819	63.000000	G4	67	80	
811	77.216146	D5	74	68	820	63.250000	D5	74	80	
812	77.217448	F#4	66	60	821	63.250000	F#4	66	80	
813	77.339844	G4	67	66	822	63.375000	G4	67	80	
814	77.483073	A4	69	71	824	63.500000	A4	69	80	
815	77.503906	C5	72	78	823	63.500000	C5	72	80	
816	77.619792	G4	67	71	825	63.625000	G4	67	80	
817	77.779948	F#4	66	81	827	63.750000	F#4	66	80	
818	77.790365	D5	74	76	826	63.750000	D5	74	80	
819	78.085938	C5	72	78	828	64.000000	C5	72	80	
820	78.088542	E4	64	66	829	64.000000	E4	64	80	
821	78.225260	F#4	66	70	830	64.125000	F#4	66	80	
822	78.371094	B4	71	67	831	64.250000	B4	71	80	
823	78.373698	G4	67	70	832	64.250000	G4	67	80	
824	78.492188	F#4	66	74	833	64.375000	F#4	66	80	
825	78.649740	E4	64	77	835	64.500000	E4	64	80	
826	78.669271	C5	72	74	834	64.500000	C5	72	80	
827	78.795573	C6	84	81	836	64.625000	C6	84	80	
828	78.945312	F#4	66	85	838	64.750000	F#4	66	80	
829	78.947917	B5	83	78	837	64.750000	B5	83	80	
830	79.082031	A5	81	89	839	64.875000	A5	81	80	
831	79.238281	G5	79	88	840	65.000000	G5	79	80	
832	79.244792	G4	67	87	841	65.000000	G4	67	80	
833	79.368490	B5	83	84	842	65.125000	B5	83	80	
834	79.527344	A5	81	91	843	65.250000	A5	81	80	
835	79.529948	C5	72	85	844	65.250000	C5	72	80	
836	79.674479	B5	83	74	845	65.375000	B5	83	80	
837	79.802083	E4	64	76	*	-1	*	-1	-1	
838	79.822917	A5	81	80	846	65.500000	A5	81	80	
839	79.873698	Eb4	63	72	847	65.500000	Eb4	63	80	
840	79.914062	G5	79	79	848	65.625000	G5	79	80	
841	79.949219	E4	64	54	*	-1	*	-1	-1	
842	80.053385	F#5	78	70	849	65.750000	F#5	78	80	
843	80.220052	A5	81	73	850	65.875000	A5	81	80	
844	80.358073	E4	64	70	852	66.000000	E4	64	80	
845	80.368490	G5	79	71	851	66.000000	G5	79	80	
846	80.514323	A5	81	73	853	66.125000	A5	81	80	
847	80.651042	F#4	66	80	855	66.250000	F#4	66	80	
848	80.660156	G5	79	66	854	66.250000	G5	79	80	
849	80.792969	F#5	78	71	856	66.375000	F#5	78	80	
850	80.930990	G4	67	84	858	66.500000	G4	67	80	
851	80.941406	E5	76	62	857	66.500000	E5	76	80	
852	81.072917	G5	79	72	859	66.625000	G5	79	80	
853	81.221354	A4	69	80	861	66.750000	A4	69	80	
854	81.230469	F#5	78	73	860	66.750000	F#5	78	80	
855	81.361979	G5	79	70	862	66.875000	G5	79	80	
856	81.496094	C4	60	74	*	-1	*	-1	-1	
857	81.503906	F#5	78	72	863	67.000000	F#5	78	80	
858	81.580729	B3	59	66	864	67.000000	B3	59	80	
859	81.606771	E5	76	74	865	67.125000	E5	76	80	
860	81.643229	C4	60	64	*	-1	*	-1	-1	
861	81.736979	B3	59	39	*	-1	*	-1	-1	
862	81.748698	Eb5	75	66	866	67.250000	Eb5	75	80	
863	81.877604	F#5	78	67	867	67.375000	F#5	78	80	
864	82.026042	E5	76	65	868	67.500000	E5	76	80	
865	82.033854	C4	60	56	869	67.500000	C4	60	80	
866	82.174479	B3	59	58	870	67.625000	B3	59	80	
867	82.326823	F#5	78	77	871	67.750000	F#5	78	80	
868	82.343750	A3	57	58	872	67.750000	A3	57	80	
869	82.455729	G5	79	83	873	67.875000	G5	79	80	
870	82.473958	B3	59	64	874	67.875000	B3	59	80	
871	82.605469	A5	81	92	875	68.000000	A5	81	80	
872	82.611979	C4	60	71	876	68.000000	C4	60	80	
873	82.744792	D4	62	80	877	68.125000	D4	62	80	
874	82.895833	E4	64	77	878	68.250000	E4	64	80	
875	83.010417	Eb4	63	74	879	68.375000	Eb4	63	80	
876	83.165365	G5	79	90	880	68.500000	G5	79	80	
877	83.173177	E4	64	75	881	68.500000	E4	64	80	
878	83.302083	F#4	66	79	883	68.625000	F#4	66	80	
879	83.302083	A5	81	91	882	68.625000	A5	81	80	
880	83.444010	G4	67	84	885	68.750000	G4	67	80	
881	83.471354	B5	83	85	884	68.750000	B5	83	80	
882	83.584635	A4	69	84	886	68.875000	A4	69	80	
883	83.723958	B4	71	94	887	69.000000	B4	71	80	
884	83.907552	B2	47	58	888	69.125000	B2	47	80	
885	83.941406	C#3	49	84	889	69.187500	C#3	49	80	
886	84.005208	Eb3	51	83	891	69.250000	Eb3	51	80	
887	84.007812	A5	81	78	890	69.250000	A5	81	80	
888	84.171875	B2	47	65	892	69.375000	B2	47	80	
889	84.333333	E3	52	76	894	69.500000	E3	52	80	
890	84.342448	G5	79	74	893	69.500000	G5	79	80	
891	84.466146	B2	47	66	895	69.625000	B2	47	80	
892	84.611979	F#3	54	78	897	69.750000	F#3	54	80	
893	84.619792	F#5	78	91	896	69.750000	F#5	78	80	
894	84.755208	B2	47	81	899	69.875000	B2	47	80	
895	84.755208	G5	79	88	898	69.875000	G5	79	80	
896	84.902344	A5	81	92	900	70.000000	A5	81	80	
897	84.904948	G3	55	90	902	70.000000	G3	55	80	
898	84.908854	C5	72	87	901	70.000000	C5	72	80	
899	85.063802	B2	47	81	903	70.125000	B2	47	80	
900	85.238281	Eb5	75	101	904	70.250000	Eb5	75	80	
901	85.248698	F#4	66	90	905	70.250000	F#4	66	80	
902	85.250000	A3	57	89	906	70.250000	A3	57	80	
903	85.434896	B2	47	84	907	70.375000	B2	47	80	
904	85.687500	E5	76	96	908	70.500000	E5	76	80	
905	85.688802	G3	55	76	910	70.500000	G3	55	80	
906	85.696615	E4	64	91	909	70.500000	E4	64	80	
907	85.858073	F#4	66	86	911	70.625000	F#4	66	80	
908	85.861979	F#3	54	72	912	70.625000	F#3	54	80	
909	86.024740	E3	52	67	914	70.750000	E3	52	80	
910	86.035156	G4	67	82	913	70.750000	G4	67	80	
911	86.212240	G3	55	63	915	70.875000	G3	55	80	
912	86.354167	B4	71	74	916	71.000000	B4	71	80	
913	86.364583	D3	50	70	917	71.000000	D3	50	80	
914	86.537760	G3	55	51	918	71.125000	G3	55	80	
915	86.697917	A4	69	80	919	71.250000	A4	69	80	
916	86.703125	C#3	49	63	920	71.250000	C#3	49	80	
917	86.845052	F#4	66	78	921	71.375000	F#4	66	80	
918	86.861979	G3	55	58	922	71.375000	G3	55	80	
919	87.002604	E4	64	74	923	71.500000	E4	64	80	
920	87.006510	B2	47	72	924	71.500000	B2	47	80	
921	87.122396	D4	62	77	925	71.625000	D4	62	80	
922	87.157552	G3	55	70	926	71.625000	G3	55	80	
923	87.295573	C#4	61	74	927	71.750000	C#4	61	80	
924	87.320312	A2	45	66	928	71.750000	A2	45	80	
925	87.421875	E4	64	76	929	71.875000	E4	64	80	
926	87.462240	G3	55	61	930	71.875000	G3	55	80	
927	87.580729	D4	62	72	931	72.000000	D4	62	80	
928	87.613281	F#3	54	61	932	72.000000	F#3	54	80	
929	87.713542	E4	64	72	933	72.125000	E4	64	80	
930	87.750000	E3	52	57	934	72.125000	E3	52	80	
931	87.878906	F#4	66	74	935	72.250000	F#4	66	80	
932	87.895833	D3	50	52	936	72.250000	D3	50	80	
933	88.061198	F#3	54	45	937	72.375000	F#3	54	80	
934	88.212240	A4	69	59	938	72.500000	A4	69	80	
935	88.217448	C#3	49	57	939	72.500000	C#3	49	80	
936	88.378906	F#3	54	51	940	72.625000	F#3	54	80	
937	88.531250	G4	67	61	941	72.750000	G4	67	80	
938	88.533854	B2	47	64	942	72.750000	B2	47	80	
939	88.684896	F#3	54	54	944	72.875000	F#3	54	80	
940	88.694010	E4	64	58	943	72.875000	E4	64	80	
941	88.835938	A2	45	63	946	73.000000	A2	45	80	
942	88.845052	D4	62	59	945	73.000000	D4	62	80	
943	88.972656	C#4	61	62	947	73.125000	C#4	61	80	
944	88.986979	F#3	54	51	948	73.125000	F#3	54	80	
945	89.130208	B3	59	61	949	73.250000	B3	59	80	
946	89.135417	G2	43	58	950	73.250000	G2	43	80	
947	89.270833	D4	62	62	951	73.375000	D4	62	80	
948	89.286458	F#3	54	54	952	73.375000	F#3	54	80	
949	89.417969	C#4	61	67	953	73.500000	C#4	61	80	
950	89.467448	E3	52	48	954	73.500000	E3	52	80	
951	89.582031	D4	62	65	955	73.625000	D4	62	80	
952	89.605469	D3	50	37	956	73.625000	D3	50	80	
953	89.739583	E4	64	63	957	73.750000	E4	64	80	
954	89.740885	C#3	49	49	958	73.750000	C#3	49	80	
955	89.867188	E3	52	46	959	73.875000	E3	52	80	
956	90.016927	G4	67	53	960	74.000000	G4	67	80	
957	90.033854	B2	47	51	961	74.000000	B2	47	80	
958	90.196615	E3	52	46	962	74.125000	E3	52	80	
959	90.329427	F#4	66	68	963	74.250000	F#4	66	80	
960	90.339844	Bb2	46	59	964	74.250000	Bb2	46	80	
961	90.479167	D4	62	59	965	74.375000	D4	62	80	
962	90.484375	E3	52	50	966	74.375000	E3	52	80	
963	90.635417	C#4	61	63	967	74.500000	C#4	61	80	
964	90.636719	G#2	44	52	968	74.500000	G#2	44	80	
965	90.765625	B3	59	57	969	74.625000	B3	59	80	
966	90.786458	E3	52	55	970	74.625000	E3	52	80	
967	90.946615	Bb3	58	57	971	74.750000	Bb3	58	80	
968	90.958333	F#2	42	48	972	74.750000	F#2	42	80	
969	91.093750	C#4	61	57	973	74.875000	C#4	61	80	
970	91.108073	E3	52	41	974	74.875000	E3	52	80	
971	91.324219	B3	59	59	975	75.000000	B3	59	80	
972	91.365885	D3	50	33	976	75.000000	D3	50	80	
973	91.580729	B4	71	62	977	75.125000	B4	71	80	
974	91.585938	F#3	54	56	978	75.125000	F#3	54	80	
975	91.734375	E3	52	59	980	75.250000	E3	52	80	
976	91.743490	C#5	73	70	979	75.250000	C#5	73	80	
977	91.873698	D3	50	53	982	75.375000	D3	50	80	
978	91.891927	B4	71	66	981	75.375000	B4	71	80	
979	92.026042	Bb4	70	73	983	75.500000	Bb4	70	80	
980	92.028646	C#3	49	53	984	75.500000	C#3	49	80	
981	92.152344	B2	47	60	986	75.625000	B2	47	80	
982	92.160156	B4	71	71	985	75.625000	B4	71	80	
983	92.317708	Bb2	46	68	988	75.750000	Bb2	46	80	
984	92.322917	C#5	73	74	987	75.750000	C#5	73	80	
985	92.458333	C#3	49	64	989	75.875000	C#3	49	80	
986	92.609375	B2	47	64	991	76.000000	B2	47	80	
987	92.632812	D5	74	74	990	76.000000	D5	74	80	
988	92.747396	Bb2	46	68	993	76.125000	Bb2	46	80	
989	92.764323	C#5	73	76	992	76.125000	C#5	73	80	
990	92.876302	G#2	44	69	995	76.250000	G#2	44	80	
991	92.914062	B4	71	73	994	76.250000	B4	71	80	
992	93.032552	C#5	73	74	996	76.375000	C#5	73	80	
993	93.199219	D5	74	73	998	76.500000	D5	74	80	
994	93.207031	B2	47	70	999	76.500000	B2	47	80	
995	93.501302	C#3	49	73	1001	76.750000	C#3	49	80	
996	93.501302	C#5	73	71	1000	76.750000	C#5	73	80	
997	93.631510	B2	47	71	1002	76.875000	B2	47	80	
998	93.765625	B4	71	71	1003	77.000000	B4	71	80	
999	93.770833	Bb2	46	76	1004	77.000000	Bb2	46	80	
1000	93.904948	B2	47	73	1005	77.125000	B2	47	80	
1001	94.065104	C#3	49	78	1007	77.250000	C#3	49	80	
1002	94.067708	Bb4	70	82	1006	77.250000	Bb4	70	80	
1003	94.417969	G5	79	86	1008	77.500000	G5	79	80	
1004	94.430990	D3	50	46	1009	77.500000	D3	50	80	
1005	94.544271	C#3	49	71	1010	77.625000	C#3	49	80	
1006	94.683594	B2	47	73	1011	77.750000	B2	47	80	
1007	94.811198	C#3	49	67	1012	77.875000	C#3	49	80	
1008	94.963542	F#5	78	78	1013	78.000000	F#5	78	80	
1009	94.980469	D3	50	75	1014	78.000000	D3	50	80	
1010	95.295573	C#3	49	74	1016	78.250000	C#3	49	80	
1011	95.315104	G5	79	76	1015	78.250000	G5	79	80	
1012	95.434896	F#5	78	79	1017	78.375000	F#5	78	80	
1013	95.580729	B2	47	71	1019	78.500000	B2	47	80	
1014	95.582031	E5	76	73	1018	78.500000	E5	76	80	
1015	95.716146	D5	74	71	1020	78.625000	D5	74	80	
1016	95.878906	Bb2	46	76	1022	78.750000	Bb2	46	80	
1017	95.884115	C#5	73	69	1021	78.750000	C#5	73	80	
1018	96.223958	G3	55	71	1024	79.000000	G3	55	80	
1019	96.229167	E5	76	62	1023	79.000000	E5	76	80	
1020	96.365885	D5	74	63	1025	79.125000	D5	74	80	
1021	96.522135	C#5	73	65	1026	79.250000	C#5	73	80	
1022	96.677083	B4	71	54	1027	79.375000	B4	71	80	
1023	96.821615	F#3	54	52	1029	79.500000	F#3	54	80	
1024	96.822917	Bb4	70	61	1028	79.500000	Bb4	70	80	
1025	96.957031	B4	71	65	1030	79.625000	B4	71	80	
1026	96.960938	G#3	56	61	1031	79.625000	G#3	56	80	
1027	97.108073	Bb3	58	61	1033	79.750000	Bb3	58	80	
1028	97.110677	C#5	73	67	1032	79.750000	C#5	73	80	
1029	97.256510	F#3	54	61	1035	79.875000	F#3	54	80	
1030	97.260417	Bb4	70	61	1034	79.875000	Bb4	70	80	
1031	97.404948	B3	59	64	1037	80.000000	B3	59	80	
1032	97.407552	D5	74	76	1036	80.000000	D5	74	80	
1033	97.524740	Bb4	70	71	1038	80.125000	Bb4	70	80	
1034	97.542969	F#3	54	59	1039	80.125000	F#3	54	80	
1035	97.691406	E5	76	85	1040	80.250000	E5	76	80	
1036	97.696615	C#4	61	68	1041	80.250000	C#4	61	80	
1037	97.834635	Bb4	70	69	1042	80.375000	Bb4	70	80	
1038	97.847656	F#3	54	58	1043	80.375000	F#3	54	80	
1039	97.976562	D4	62	72	1045	80.500000	D4	62	80	
1040	97.996094	F#5	78	82	1044	80.500000	F#5	78	80	
1041	98.118490	Bb4	70	74	1046	80.625000	Bb4	70	80	
1042	98.126302	F#3	54	65	1047	80.625000	F#3	54	80	
1043	98.282552	G5	79	80	1048	80.750000	G5	79	80	
1044	98.283854	E4	64	70	1049	80.750000	E4	64	80	
1045	98.423177	F#3	54	72	1051	80.875000	F#3	54	80	
1046	98.430990	Bb4	70	81	1050	80.875000	Bb4	70	80	
1047	98.574219	F#5	78	78	1052	81.000000	F#5	78	80	
1048	98.584635	D4	62	73	1053	81.000000	D4	62	80	
1049	98.709635	Bb4	70	81	1054	81.125000	Bb4	70	80	
1050	98.736979	F#3	54	69	1055	81.125000	F#3	54	80	
1051	98.864583	B4	71	70	1056	81.250000	B4	71	80	
1052	98.875000	G3	55	62	1057	81.250000	G3	55	80	
1053	98.993490	F#5	78	76	1058	81.375000	F#5	78	80	
1054	98.998698	D4	62	76	1059	81.375000	D4	62	80	
1055	99.154948	E5	76	57	1060	81.500000	E5	76	80	
1056	99.167969	C#4	61	70	1061	81.500000	C#4	61	80	
1057	99.197917	D5	74	58	1062	81.562500	D5	74	80	
1058	99.260417	C#5	73	68	1064	81.625000	C#5	73	80	
1059	99.273438	Bb3	58	47	1065	81.625000	Bb3	58	80	
1060	99.319010	D5	74	66	1066	81.687500	D5	74	80	
1061	99.371094	B3	59	65	1067	81.687500	B3	59	80	
1062	99.406250	E5	76	80	1068	81.750000	E5	76	80	
1063	99.457031	C#4	61	73	1069	81.750000	C#4	61	80	
1064	99.585938	G#4	68	83	1070	81.875000	G#4	68	80	
1065	99.600260	E3	52	67	1071	81.875000	E3	52	80	
1066	99.714844	F#3	54	56	1073	82.000000	F#3	54	80	
1067	99.731771	Bb4	70	79	1072	82.000000	Bb4	70	80	
1068	99.839844	C#4	61	57	1075	82.125000	C#4	61	80	
1069	99.875000	E5	76	77	1074	82.125000	E5	76	80	
1070	99.976562	B3	59	64	1077	82.250000	B3	59	80	
1071	100.013021	D5	74	75	1076	82.250000	D5	74	80	
1072	100.071615	C#5	73	66	1078	82.312500	C#5	73	80	
1073	100.072917	Bb3	58	63	1079	82.312500	Bb3	58	80	
1074	100.130208	G#3	56	65	1081	82.375000	G#3	56	80	
1075	100.171875	B4	71	46	1080	82.375000	B4	71	80	
1076	100.209635	C#5	73	72	1082	82.437500	C#5	73	80	
1077	100.214844	Bb3	58	52	1083	82.437500	Bb3	58	80	
1078	100.290365	D5	74	73	1084	82.500000	D5	74	80	
1079	100.319010	B3	59	45	1085	82.500000	B3	59	80	
1080	100.437500	C#4	61	69	1087	82.625000	C#4	61	80	
1081	100.584635	D4	62	61	1088	82.750000	D4	62	80	
1082	100.733073	B3	59	57	1089	82.875000	B3	59	80	
1083	100.877604	E4	64	67	1090	83.000000	E4	64	80	
1084	101.024740	B3	59	69	1091	83.125000	B3	59	80	
1085	101.174479	F#4	66	79	1092	83.250000	F#4	66	80	
1086	101.350260	B3	59	64	1093	83.375000	B3	59	80	
1087	101.496094	G#4	68	69	1094	83.500000	G#4	68	80	
1088	101.636719	B3	59	55	1095	83.625000	B3	59	80	
1089	101.776042	A4	69	73	1096	83.750000	A4	69	80	
1090	101.954427	B3	59	55	1098	83.875000	B3	59	80	
1091	102.093750	G#4	68	72	1099	84.000000	G#4	68	80	
1092	102.125000	E3	52	40	1100	84.000000	E3	52	80	
1093	102.240885	F#3	54	54	1101	84.125000	F#3	54	80	
1094	102.391927	G#3	56	62	1103	84.250000	G#3	56	80	
1095	102.411458	E4	64	66	1102	84.250000	E4	64	80	
1096	102.531250	E3	52	66	1104	84.375000	E3	52	80	
1097	102.688802	A3	57	78	1106	84.500000	A3	57	80	
1098	102.694010	F#4	66	77	1105	84.500000	F#4	66	80	
1099	102.837240	E3	52	73	1107	84.625000	E3	52	80	
1100	102.989583	G#4	68	83	1108	84.750000	G#4	68	80	
1101	103.002604	B3	59	70	1109	84.750000	B3	59	80	
1102	103.156250	E3	52	63	1110	84.875000	E3	52	80	
1103	103.308594	C#4	61	71	1112	85.000000	C#4	61	80	
1104	103.308594	A4	69	77	1111	85.000000	A4	69	80	
1105	103.459635	E3	52	57	1113	85.125000	E3	52	80	
1106	103.609375	D4	62	72	1115	85.250000	D4	62	80	
1107	103.614583	B4	71	68	1114	85.250000	B4	71	80	
1108	103.756510	E3	52	61	1116	85.375000	E3	52	80	
1109	103.924479	E4	64	58	1117	85.500000	E4	64	80	
1110	103.930990	C#4	61	59	1118	85.500000	C#4	61	80	
1111	104.091146	F#4	66	62	1119	85.625000	F#4	66	80	
1112	104.148438	G#4	68	60	1120	85.687500	G#4	68	80	
1113	104.234375	A4	69	69	1121	85.750000	A4	69	80	
1114	104.391927	E4	64	67	1122	85.875000	E4	64	80	
1115	104.420573	D4	62	52	1123	85.875000	D4	62	80	
1116	104.524740	C#4	61	54	1125	86.000000	C#4	61	80	
1117	104.545573	B4	71	64	1124	86.000000	B4	71	80	
1118	104.671875	E4	64	68	1126	86.125000	E4	64	80	
1119	104.688802	B3	59	52	1127	86.125000	B3	59	80	
1120	104.828125	A3	57	63	1129	86.250000	A3	57	80	
1121	104.832031	C#5	73	77	1128	86.250000	C#5	73	80	
1122	104.975260	B3	59	67	1131	86.375000	B3	59	80	
1123	104.979167	E4	64	66	1130	86.375000	E4	64	80	
1124	105.127604	A3	57	68	1133	86.500000	A3	57	80	
1125	105.127604	D5	74	73	1132	86.500000	D5	74	80	
1126	105.259115	F#4	66	77	1134	86.625000	F#4	66	80	
1127	105.274740	G3	55	70	1135	86.625000	G3	55	80	
1128	105.410156	F#3	54	63	1137	86.750000	F#3	54	80	
1129	105.420573	E5	76	76	1136	86.750000	E5	76	80	
1130	105.425781	C#3	49	57	1138	86.750000	C#3	49	80	
1131	105.552083	G4	67	73	1139	86.875000	G4	67	80	
1132	105.569010	E3	52	65	1140	86.875000	E3	52	80	
1133	105.725260	D3	50	77	1142	87.000000	D3	50	80	
1134	105.736979	F#4	66	65	1141	87.000000	F#4	66	80	
1135	105.876302	G4	67	65	1144	87.125000	G4	67	80	
1136	105.940104	A4	69	56	1145	87.187500	A4	69	80	
1137	106.002604	B4	71	65	1146	87.250000	B4	71	80	
1138	106.143229	F#4	66	69	1147	87.375000	F#4	66	80	
1139	106.158854	E3	52	69	1148	87.375000	E3	52	80	
1140	106.305990	D3	50	72	1150	87.500000	D3	50	80	
1141	106.307292	C#5	73	78	1149	87.500000	C#5	73	80	
1142	106.436198	F#4	66	70	1151	87.625000	F#4	66	80	
1143	106.445312	C#3	49	71	1152	87.625000	C#3	49	80	
1144	106.580729	B2	47	74	1154	87.750000	B2	47	80	
1145	106.588542	D5	74	78	1153	87.750000	D5	74	80	
1146	106.716146	C#3	49	75	1156	87.875000	C#3	49	80	
1147	106.717448	F#4	66	75	1155	87.875000	F#4	66	80	
1148	106.875000	B2	47	74	1158	88.000000	B2	47	80	
1149	106.880208	E5	76	79	1157	88.000000	E5	76	80	
1150	107.006510	G4	67	75	1159	88.125000	G4	67	80	
1151	107.010417	A2	45	73	1160	88.125000	A2	45	80	
1152	107.149740	G2	43	83	1162	88.250000	G2	43	80	
1153	107.158854	F#5	78	85	1161	88.250000	F#5	78	80	
1154	107.292969	F#2	42	84	1164	88.375000	F#2	42	80	
1155	107.303385	A4	69	69	1163	88.375000	A4	69	80	
1156	107.457031	E2	40	90	1166	88.500000	E2	40	80	
1157	107.457031	G4	67	73	1165	88.500000	G4	67	80	
1158	107.597656	F#4	66	71	1167	88.625000	F#4	66	80	
1159	107.738281	G4	67	72	1168	88.750000	G4	67	80	
1160	107.744792	D3	50	91	1169	88.750000	D3	50	80	
1161	107.877604	B4	71	71	1170	88.875000	B4	71	80	
1162	108.022135	C#3	49	85	1172	89.000000	C#3	49	80	
1163	108.026042	E5	76	72	1171	89.000000	E5	76	80	
1164	108.171875	G4	67	74	1173	89.125000	G4	67	80	
1165	108.326823	F#4	66	70	1174	89.250000	F#4	66	80	
1166	108.333333	D3	50	82	1175	89.250000	D3	50	80	
1167	108.473958	B4	71	66	1177	89.375000	B4	71	80	
1168	108.618490	A4	69	71	1178	89.500000	A4	69	80	
1169	108.628906	E3	52	75	1179	89.500000	E3	52	80	
1170	108.738281	D3	50	75	1181	89.625000	D3	50	80	
1171	108.742188	C#5	73	79	1180	89.625000	C#5	73	80	
1172	108.884115	B2	47	69	1184	89.750000	B2	47	80	
1173	108.889323	C#3	49	69	1183	89.750000	C#3	49	80	
1174	108.893229	D5	74	85	1182	89.750000	D5	74	80	
1175	109.019531	D3	50	78	1185	89.875000	D3	50	80	
1176	109.199219	E3	52	86	1186	90.000000	E3	52	80	
1177	109.205729	G2	43	72	1187	90.000000	G2	43	80	
1178	109.509115	F#3	54	72	1189	90.250000	F#3	54	80	
1179	109.509115	C#5	73	87	1188	90.250000	C#5	73	80	
1180	109.514323	A2	45	65	1190	90.250000	A2	45	80	
1181	109.634115	D5	74	67	*	-1	*	-1	-1	
1182	109.684896	E3	52	62	1191	90.375000	E3	52	80	
1183	109.712240	C#5	73	70	*	-1	*	-1	-1	
1184	109.778646	D5	74	67	*	-1	*	-1	-1	
1185	109.829427	D3	50	60	1192	90.500000	D3	50	80	
1186	109.861979	C#5	73	72	*	-1	*	-1	-1	
1187	109.936198	B4	71	75	*	-1	*	-1	-1	
1188	109.940104	E3	52	64	1193	90.625000	E3	52	80	
1189	110.000000	C#5	73	71	*	-1	*	-1	-1	
1190	110.072917	D5	74	78	*	-1	*	-1	-1	
1191	110.100260	F#3	54	73	1195	90.750000	F#3	54	80	
1192	110.105469	D3	50	67	1196	90.750000	D3	50	80	
1193	110.398438	C#3	49	64	1199	91.000000	C#3	49	80	
1194	110.402344	E3	52	67	1198	91.000000	E3	52	80	
1195	110.412760	E5	76	76	1197	91.000000	E5	76	80	
1196	110.535156	D5	74	80	1200	91.125000	D5	74	80	
1197	110.679688	C#5	73	84	1201	91.250000	C#5	73	80	
1198	110.684896	D3	50	78	1202	91.250000	D3	50	80	
1199	110.690104	B2	47	76	1203	91.250000	B2	47	80	
1200	110.817708	D5	74	78	1204	91.375000	D5	74	80	
1201	110.986979	C#3	49	85	1206	91.500000	C#3	49	80	
1202	110.986979	E5	76	78	1205	91.500000	E5	76	80	
1203	110.990885	A2	45	74	1207	91.500000	A2	45	80	
1204	111.343750	B3	59	92	1209	91.750000	B3	59	80	
1205	111.348958	F#5	78	87	1208	91.750000	F#5	78	80	
1206	111.488281	E5	76	80	1210	91.875000	E5	76	80	
1207	111.622396	D5	74	81	1211	92.000000	D5	74	80	
1208	111.766927	E5	76	83	1212	92.125000	E5	76	80	
1209	111.927083	F#5	78	91	1213	92.250000	F#5	78	80	
1210	111.940104	A3	57	67	1214	92.250000	A3	57	80	
1211	112.261719	G5	79	83	1215	92.500000	G5	79	80	
1212	112.285156	B3	59	61	1216	92.500000	B3	59	80	
1213	112.393229	F#5	78	85	1217	92.625000	F#5	78	80	
1214	112.415365	A3	57	55	1218	92.625000	A3	57	80	
1215	112.544271	E5	76	80	1219	92.750000	E5	76	80	
1216	112.553385	G3	55	64	1220	92.750000	G3	55	80	
1217	112.677083	D5	74	74	1221	92.875000	D5	74	80	
1218	112.694010	F#3	54	51	1222	92.875000	F#3	54	80	
1219	112.833333	C#5	73	80	1223	93.000000	C#5	73	80	
1220	112.847656	E3	52	57	1224	93.000000	E3	52	80	
1221	113.188802	B5	83	90	1225	93.250000	B5	83	80	
1222	113.196615	G3	55	66	1226	93.250000	G3	55	80	
1223	113.326823	F#3	54	62	1227	93.375000	F#3	54	80	
1224	113.476562	E3	52	64	1228	93.500000	E3	52	80	
1225	113.622396	D3	50	66	1229	93.625000	D3	50	80	
1226	113.773438	C#3	49	65	1230	93.750000	C#3	49	80	
1227	113.930990	A5	81	69	1231	93.875000	A5	81	80	
1228	114.079427	B5	83	72	1232	94.000000	B5	83	80	
1229	114.238281	A5	81	74	1233	94.125000	A5	81	80	
1230	114.377604	G5	79	69	1234	94.250000	G5	79	80	
1231	114.390625	D3	50	45	1235	94.250000	D3	50	80	
1232	114.494792	F#5	78	69	1236	94.375000	F#5	78	80	
1233	114.691406	E5	76	57	1237	94.500000	E5	76	80	
1234	114.753906	F#5	78	55	1239	94.561458	F#5	78	80	
1235	114.776042	G3	55	47	1243	94.625000	G3	55	80	
1236	114.848958	E5	76	58	1245	94.687500	E5	76	80	
1237	114.897135	F#3	54	52	1246	94.687500	F#3	54	80	
1238	114.919271	F#5	78	70	1244	94.687500	F#5	78	80	
1239	114.970052	E3	52	55	1249	94.750000	E3	52	80	
1240	115.016927	E5	76	63	1251	94.812500	E5	76	80	
1241	115.082031	F#5	78	69	1253	94.875000	F#5	78	80	
1242	115.101562	G3	55	59	1254	94.875000	G3	55	80	
1243	115.184896	E5	76	62	1256	94.937500	E5	76	80	
1244	115.250000	F#5	78	68	1258	95.000000	F#5	78	80	
1245	115.266927	D3	50	67	1259	95.000000	D3	50	80	
1246	115.342448	E5	76	62	1261	95.062500	E5	76	80	
1247	115.402344	G3	55	59	1264	95.125000	G3	55	80	
1248	115.412760	F#5	78	72	1263	95.125000	F#5	78	80	
1249	115.500000	E5	76	62	1266	95.187500	E5	76	80	
1250	115.554688	C#3	49	78	1269	95.250000	C#3	49	80	
1251	115.571615	F#5	78	72	1268	95.250000	F#5	78	80	
1252	115.654948	E5	76	58	1271	95.312500	E5	76	80	
1253	115.730469	G3	55	42	1274	95.375000	G3	55	80	
1254	115.731771	F#5	78	64	1273	95.375000	F#5	78	80	
1255	115.816406	E5	76	65	1276	95.437500	E5	76	80	
1256	115.863281	B2	47	71	1279	95.500000	B2	47	80	
1257	115.885417	F#5	78	67	1278	95.500000	F#5	78	80	
1258	115.973958	E5	76	68	1281	95.562500	E5	76	80	
1259	116.033854	G3	55	55	1283	95.625000	G3	55	80	
1260	116.046875	F#5	78	69	1284	95.686458	F#5	78	80	
1261	116.128906	E5	76	67	1285	95.748958	E5	76	80	
1262	116.169271	A2	45	64	1286	95.750000	A2	45	80	
1263	116.209635	F#5	78	71	1287	95.812500	F#5	78	80	
1264	116.302083	E5	76	64	1288	95.873958	E5	76	80	
1265	116.328125	G3	55	60	1289	95.875000	G3	55	80	
1266	116.363281	F#5	78	63	1290	95.936458	F#5	78	80	
1267	116.460938	E5	76	72	1291	96.000000	E5	76	80	
1268	116.503906	F#3	54	60	1292	96.000000	F#3	54	80	
1269	116.649740	A5	81	68	1294	96.125000	A5	81	80	
1270	116.679688	G3	55	53	1295	96.125000	G3	55	80	
1271	116.710938	G5	79	68	1296	96.187500	G5	79	80	
1272	116.783854	A3	57	60	1298	96.250000	A3	57	80	
1273	116.786458	F#5	78	75	1297	96.250000	F#5	78	80	
1274	116.920573	A5	81	63	1299	96.375000	A5	81	80	
1275	116.963542	E3	52	57	1300	96.375000	E3	52	80	
1276	117.075521	E5	76	66	1301	96.500000	E5	76	80	
1277	117.104167	D3	50	54	1302	96.500000	D3	50	80	
1278	117.231771	C#3	49	61	1304	96.625000	C#3	49	80	
1279	117.231771	A5	81	61	1303	96.625000	A5	81	80	
1280	117.359375	B2	47	54	1306	96.750000	B2	47	80	
1281	117.377604	D5	74	71	1305	96.750000	D5	74	80	
1282	117.523438	G3	55	54	1308	96.875000	G3	55	80	
1283	117.531250	A5	81	61	1307	96.875000	A5	81	80	
1284	117.670573	F#3	54	62	1310	97.000000	F#3	54	80	
1285	117.687500	C#5	73	60	1309	97.000000	C#5	73	80	
1286	117.804688	E3	52	60	1312	97.125000	E3	52	80	
1287	117.829427	A5	81	69	1311	97.125000	A5	81	80	
1288	117.977865	D3	50	52	1314	97.250000	D3	50	80	
1289	117.977865	B4	71	66	1313	97.250000	B4	71	80	
1290	118.109375	A5	81	73	1315	97.375000	A5	81	80	
1291	118.132812	F#3	54	46	1316	97.375000	F#3	54	80	
1292	118.274740	G5	79	81	1317	97.500000	G5	79	80	
1293	118.281250	E3	52	56	1318	97.500000	E3	52	80	
1294	118.419271	F#3	54	65	1320	97.625000	F#3	54	80	
1295	118.421875	F#5	78	84	1319	97.625000	F#5	78	80	
1296	118.566406	G3	55	64	1322	97.750000	G3	55	80	
1297	118.587240	E5	76	73	1321	97.750000	E5	76	80	
1298	118.721354	D3	50	57	1324	97.875000	D3	50	80	
1299	118.721354	G5	79	70	1323	97.875000	G5	79	80	
1300	118.861979	C#3	49	64	1326	98.000000	C#3	49	80	
1301	118.880208	D5	74	71	1325	98.000000	D5	74	80	
1302	119.009115	B2	47	67	1328	98.125000	B2	47	80	
1303	119.016927	G5	79	68	1327	98.125000	G5	79	80	
1304	119.157552	A2	45	62	1330	98.250000	A2	45	80	
1305	119.183594	C#5	73	75	1329	98.250000	C#5	73	80	
1306	119.313802	F#3	54	58	1332	98.375000	F#3	54	80	
1307	119.335938	G5	79	66	1331	98.375000	G5	79	80	
1308	119.483073	E3	52	55	1334	98.500000	E3	52	80	
1309	119.494792	B4	71	67	1333	98.500000	B4	71	80	
1310	119.619792	G5	79	70	1335	98.625000	G5	79	80	
1311	119.622396	D3	50	52	1336	98.625000	D3	50	80	
1312	119.759115	C#3	49	55	1338	98.750000	C#3	49	80	
1313	119.777344	A4	69	70	1337	98.750000	A4	69	80	
1314	119.916667	E3	52	53	1340	98.875000	E3	52	80	
1315	119.919271	G5	79	68	1339	98.875000	G5	79	80	
1316	120.065104	F#5	78	75	1341	99.000000	F#5	78	80	
1317	120.080729	D3	50	61	1342	99.000000	D3	50	80	
1318	120.229167	E5	76	63	1343	99.125000	E5	76	80	
1319	120.238281	E3	52	70	1344	99.125000	E3	52	80	
1320	120.389323	D5	74	66	1345	99.250000	D5	74	80	
1321	120.402344	F#3	54	69	1346	99.250000	F#3	54	80	
1322	120.563802	F#5	78	67	1347	99.375000	F#5	78	80	
1323	120.596354	C3	48	68	1348	99.375000	C3	48	80	
1324	120.734375	B2	47	71	1350	99.500000	B2	47	80	
1325	120.744792	C5	72	67	1349	99.500000	C5	72	80	
1326	120.886719	A2	45	63	1352	99.625000	A2	45	80	
1327	120.895833	F#5	78	73	1351	99.625000	F#5	78	80	
1328	121.049479	G2	43	68	1354	99.750000	G2	43	80	
1329	121.062500	B4	71	69	1353	99.750000	B4	71	80	
1330	121.230469	B2	47	60	1356	99.875000	B2	47	80	
1331	121.230469	F#5	78	65	1355	99.875000	F#5	78	80	
1332	121.376302	C#3	49	60	1358	100.000000	C#3	49	80	
1333	121.378906	A4	69	71	1357	100.000000	A4	69	80	
1334	121.498698	Eb3	51	63	1360	100.125000	D3	50	80	
1335	121.520833	F#5	78	69	1359	100.125000	F#5	78	80	
1336	121.658854	E3	52	60	1362	100.250000	E3	52	80	
1337	121.674479	G4	67	68	1361	100.250000	G4	67	80	
1338	121.807292	F#5	78	70	1363	100.375000	F#5	78	80	
1339	121.817708	F#3	54	57	1364	100.375000	F#3	54	80	
1340	121.966146	G3	55	59	1366	100.500000	G3	55	80	
1341	121.976562	E5	76	68	1365	100.500000	E5	76	80	
1342	122.111979	D5	74	71	1367	100.625000	D5	74	80	
1343	122.122396	A3	57	51	1368	100.625000	A3	57	80	
1344	122.263021	G3	55	52	1370	100.750000	G3	55	80	
1345	122.277344	C#5	73	73	1369	100.750000	C#5	73	80	
1346	122.417969	F#3	54	52	1372	100.875000	F#3	54	80	
1347	122.425781	E5	76	65	1371	100.875000	E5	76	80	
1348	122.569010	E3	52	53	1374	101.000000	E3	52	80	
1349	122.579427	B4	71	71	1373	101.000000	B4	71	80	
1350	122.714844	D3	50	52	1376	101.125000	D3	50	80	
1351	122.718750	E5	76	69	1375	101.125000	E5	76	80	
1352	122.867188	C#3	49	57	1378	101.250000	C#3	49	80	
1353	122.876302	A4	69	78	1377	101.250000	A4	69	80	
1354	123.013021	A2	45	56	1380	101.375000	A2	45	80	
1355	123.026042	E5	76	67	1379	101.375000	E5	76	80	
1356	123.160156	B2	47	67	1382	101.500000	B2	47	80	
1357	123.175781	G4	67	72	1381	101.500000	G4	67	80	
1358	123.317708	C#3	49	76	1384	101.625000	C#3	49	80	
1359	123.321615	E5	76	63	1383	101.625000	E5	76	80	
1360	123.467448	D3	50	69	1386	101.750000	D3	50	80	
1361	123.484375	F#4	66	73	1385	101.750000	F#4	66	80	
1362	123.618490	E3	52	58	1388	101.875000	E3	52	80	
1363	123.628906	E5	76	64	1387	101.875000	E5	76	80	
1364	123.756510	F#3	54	62	1390	102.000000	F#3	54	80	
1365	123.783854	D5	74	70	1389	102.000000	D5	74	80	
1366	123.908854	G3	55	48	1392	102.125000	G3	55	80	
1367	123.925781	F#4	66	74	1391	102.125000	F#4	66	80	
1368	124.078125	A3	57	59	1394	102.250000	A3	57	80	
1369	124.092448	E4	64	67	1393	102.250000	E4	64	80	
1370	124.227865	G4	67	70	1395	102.375000	G4	67	80	
1371	124.377604	D5	74	65	1396	102.500000	D5	74	80	
1372	124.397135	A2	45	60	1397	102.500000	A2	45	80	
1373	124.518229	C#5	73	63	1398	102.625000	C#5	73	80	
1374	124.761719	D5	74	58	1399	102.750000	D5	74	80	
1375	124.770833	D3	50	59	1401	102.750000	D3	50	80	
1376	124.856771	E5	76	46	1402	102.811458	E5	76	80	
1377	124.928385	D5	74	56	1404	102.873958	D5	74	80	
1378	124.990885	E5	76	55	1406	102.937500	E5	76	80	
1379	125.072917	D5	74	55	1408	102.998958	D5	74	80	
1380	125.104167	C3	48	57	1410	103.000000	C3	48	80	
1381	125.138021	E5	76	47	1411	103.061458	E5	76	80	
1382	125.240885	D5	74	49	1413	103.125000	D5	74	80	
1383	125.247396	D3	50	49	1415	103.125000	D3	50	80	
1384	125.295573	E5	76	52	1416	103.186458	E5	76	80	
1385	125.388021	E3	52	34	1420	103.250000	E3	52	80	
1386	125.397135	D5	74	48	1418	103.248958	D5	74	80	
1387	125.454427	E5	76	48	1421	103.312500	E5	76	80	
1388	125.513021	D3	50	43	1425	103.375000	D3	50	80	
1389	125.563802	D5	74	40	1427	103.437500	D5	74	80	
1390	125.614583	E5	76	49	1429	103.500000	E5	76	80	
1391	125.662760	C3	48	55	1430	103.500000	C3	48	80	
1392	125.707031	D5	74	53	1428	103.500000	D5	74	80	
1393	125.768229	E5	76	50	1431	103.561458	E5	76	80	
1394	125.835938	D5	74	65	1433	103.623958	D5	74	80	
1395	125.917969	E5	76	53	1435	103.687500	E5	76	80	
1396	125.981771	D5	74	48	1437	103.748958	D5	74	80	
1397	126.009115	B2	47	51	1439	103.750000	B2	47	80	
1398	126.154948	C3	48	47	1444	103.875000	C3	48	80	
1399	126.334635	D3	50	45	1449	104.000000	D3	50	80	
1400	126.480469	C3	48	55	1454	104.125000	C3	48	80	
1401	126.653646	B2	47	59	1459	104.250000	B2	47	80	
1402	126.783854	G4	67	56	1464	104.375000	G4	67	80	
1403	126.917969	D5	74	15	1466	104.437500	D5	74	80	
1404	126.950521	C3	48	69	1469	104.500000	C3	48	80	
1405	126.950521	F4	65	57	1468	104.500000	F4	65	80	
1406	127.072917	E4	64	61	1472	104.625000	E4	64	80	
1407	127.250000	D3	50	61	1476	104.750000	D3	50	80	
1408	127.260417	D4	62	54	1475	104.750000	D4	62	80	
1409	127.406250	F4	65	54	1479	104.875000	F4	65	80	
1410	127.563802	G3	55	62	1483	105.000000	G3	55	80	
1411	127.579427	E4	64	49	1482	105.000000	E4	64	80	
1412	127.710938	F4	65	58	1486	105.125000	F4	65	80	
1413	127.875000	A2	45	57	1490	105.250000	A2	45	80	
1414	127.878906	E4	64	53	1489	105.250000	E4	64	80	
1415	127.889323	C5	72	49	1488	105.250000	C5	72	80	
1416	128.018229	D4	62	52	1491	105.375000	D4	62	80	
1417	128.205729	C4	60	41	1492	105.500000	C4	60	80	
1418	128.365885	E4	64	42	1493	105.625000	E4	64	80	
1419	128.490885	B2	47	62	1495	105.750000	B2	47	80	
1420	128.518229	D4	62	49	1494	105.750000	D4	62	80	
1421	128.643229	E4	64	53	1496	105.875000	E4	64	80	
1422	128.804688	C3	48	69	1499	106.000000	C3	48	80	
1423	128.811198	D4	62	54	1498	106.000000	D4	62	80	
1424	128.863281	B4	71	38	1497	106.000000	B4	71	80	
1425	128.932292	C4	60	60	1500	106.125000	C4	60	80	
1426	129.085938	D3	50	70	1502	106.250000	D3	50	80	
1427	129.101562	B3	59	57	1501	106.250000	B3	59	80	
1428	129.255208	D4	62	56	1503	106.375000	D4	62	80	
1429	129.414062	E3	52	65	1505	106.500000	E3	52	80	
1430	129.421875	C4	60	56	1504	106.500000	C4	60	80	
1431	129.575521	D4	62	57	1506	106.625000	D4	62	80	
1432	129.740885	F#2	42	58	1509	106.750000	F#2	42	80	
1433	129.740885	C4	60	57	1508	106.750000	C4	60	80	
1434	129.765625	A4	69	48	1507	106.750000	A4	69	80	
1435	129.893229	B3	59	52	1510	106.875000	B3	59	80	
1436	130.055990	A3	57	50	1511	107.000000	A3	57	80	
1437	130.194010	C4	60	52	1512	107.125000	C4	60	80	
1438	130.365885	G2	43	61	1514	107.250000	G2	43	80	
1439	130.371094	B3	59	55	1513	107.250000	B3	59	80	
1440	130.519531	G4	67	64	1515	107.375000	G4	67	80	
1441	130.684896	F#2	42	56	1517	107.500000	F#2	42	80	
1442	130.690104	A4	69	64	1516	107.500000	A4	69	80	
1443	130.839844	G4	67	63	1518	107.625000	G4	67	80	
1444	130.843750	G2	43	46	1519	107.625000	G2	43	80	
1445	130.990885	A2	45	46	1521	107.750000	A2	45	80	
1446	131.002604	F#4	66	62	1520	107.750000	F#4	66	80	
1447	131.135417	G4	67	58	1522	107.875000	G4	67	80	
1448	131.140625	B2	47	44	1523	107.875000	B2	47	80	
1449	131.342448	C2	36	59	1526	108.000000	C2	36	80	
1450	131.350260	F#4	66	62	1524	108.000000	F#4	66	80	
1451	131.352865	A3	57	52	1525	108.000000	A3	57	80	
1452	131.546875	D4	62	60	1527	108.125000	D4	62	80	
1453	131.593750	E4	64	68	1528	108.187500	E4	64	80	
1454	131.680990	F#4	66	67	1529	108.250000	F#4	66	80	
1455	131.690104	C4	60	55	1530	108.250000	C4	60	80	
1456	131.811198	D4	62	69	1531	108.375000	D4	62	80	
1457	131.847656	B3	59	50	1532	108.375000	B3	59	80	
1458	131.963542	A3	57	55	1534	108.500000	A3	57	80	
1459	131.967448	G4	67	66	1533	108.500000	G4	67	80	
1460	132.100260	D4	62	69	1535	108.625000	D4	62	80	
1461	132.102865	G3	55	62	1536	108.625000	G3	55	80	
1462	132.265625	A4	69	72	1537	108.750000	A4	69	80	
1463	132.269531	F#3	54	65	1538	108.750000	F#3	54	80	
1464	132.406250	D4	62	65	1539	108.875000	D4	62	80	
1465	132.408854	E3	52	67	1540	108.875000	E3	52	80	
1466	132.552083	D3	50	74	1542	109.000000	D3	50	80	
1467	132.567708	B4	71	62	1541	109.000000	B4	71	80	
1468	132.707031	C3	48	57	1544	109.125000	C3	48	80	
1469	132.709635	D4	62	61	1543	109.125000	D4	62	80	
1470	132.834635	B2	47	68	1546	109.250000	B2	47	80	
1471	132.856771	C5	72	55	1545	109.250000	C5	72	80	
1472	132.986979	A2	45	64	1548	109.375000	A2	45	80	
1473	132.990885	D4	62	53	1547	109.375000	D4	62	80	
1474	133.121094	G2	43	60	1550	109.500000	G2	43	80	
1475	133.134115	B4	71	61	1549	109.500000	B4	71	80	
1476	133.261719	A2	45	64	1552	109.625000	A2	45	80	
1477	133.285156	G5	79	69	1551	109.625000	G5	79	80	
1478	133.399740	B2	47	72	1554	109.750000	B2	47	80	
1479	133.427083	F5	77	73	1553	109.750000	F5	77	80	
1480	133.549479	G2	43	65	1556	109.875000	G2	43	80	
1481	133.559896	E5	76	76	1555	109.875000	E5	76	80	
1482	133.699219	D5	74	73	1557	110.000000	D5	74	80	
1483	133.700521	C3	48	79	1558	110.000000	C3	48	80	
1484	133.829427	C5	72	73	1559	110.125000	C5	72	80	
1485	133.834635	G2	43	73	1560	110.125000	G2	43	80	
1486	133.981771	D3	50	83	1562	110.250000	D3	50	80	
1487	133.989583	B4	71	76	1561	110.250000	B4	71	80	
1488	134.126302	G2	43	60	1564	110.375000	G2	43	80	
1489	134.132812	A4	69	74	1563	110.375000	A4	69	80	
1490	134.289062	E3	52	69	1566	110.500000	E3	52	80	
1491	134.290365	G4	67	73	1565	110.500000	G4	67	80	
1492	134.427083	F4	65	76	1567	110.625000	F4	65	80	
1493	134.436198	G2	43	62	1568	110.625000	G2	43	80	
1494	134.580729	E4	64	72	1569	110.750000	E4	64	80	
1495	134.583333	F3	53	69	1570	110.750000	F3	53	80	
1496	134.718750	D4	62	78	1571	110.875000	D4	62	80	
1497	134.726562	G2	43	69	1572	110.875000	G2	43	80	
1498	134.860677	C4	60	72	1573	111.000000	C4	60	80	
1499	134.867188	E3	52	73	1574	111.000000	E3	52	80	
1500	134.972656	E2	40	78	1576	111.125000	E2	40	80	
1501	135.015625	E5	76	69	1575	111.125000	E5	76	80	
1502	135.058594	F#2	42	67	1577	111.187500	F#2	42	80	
1503	135.118490	F2	41	43	*	-1	*	-1	-1	
1504	135.125000	G#2	44	87	1579	111.250000	G#2	44	80	
1505	135.149740	D5	74	75	1578	111.250000	D5	74	80	
1506	135.294271	E2	40	68	1581	111.375000	E2	40	80	
1507	135.309896	C5	72	76	1580	111.375000	C5	72	80	
1508	135.445312	A2	45	84	1583	111.500000	A2	45	80	
1509	135.459635	B4	71	67	1582	111.500000	B4	71	80	
1510	135.576823	E2	40	80	1585	111.625000	E2	40	80	
1511	135.582031	A4	69	70	1584	111.625000	A4	69	80	
1512	135.729167	B2	47	95	1587	111.750000	B2	47	80	
1513	135.731771	G#4	68	71	1586	111.750000	G#4	68	80	
1514	135.872396	F#4	66	72	1588	111.875000	F#4	66	80	
1515	135.881510	E2	40	71	1589	111.875000	E2	40	80	
1516	136.031250	E4	64	76	1590	112.000000	E4	64	80	
1517	136.035156	C3	48	76	1591	112.000000	C3	48	80	
1518	136.161458	D4	62	80	1592	112.125000	D4	62	80	
1519	136.165365	E2	40	76	1593	112.125000	E2	40	80	
1520	136.324219	C4	60	80	1594	112.250000	C4	60	80	
1521	136.326823	D3	50	76	1595	112.250000	D3	50	80	
1522	136.455729	E2	40	67	1597	112.375000	E2	40	80	
1523	136.457031	B3	59	80	1596	112.375000	B3	59	80	
1524	136.604167	A3	57	79	1598	112.500000	A3	57	80	
1525	136.611979	C#3	49	71	1599	112.500000	C#3	49	80	
1526	136.747396	B3	59	81	1600	112.625000	B3	59	80	
1527	136.752604	A3	57	69	1601	112.625000	A3	57	80	
1528	136.907552	C#4	61	83	1602	112.750000	C#4	61	80	
1529	136.912760	G3	55	76	1603	112.750000	G3	55	80	
1530	137.035156	A3	57	82	1604	112.875000	A3	57	80	
1531	137.041667	F#3	54	76	1605	112.875000	F#3	54	80	
1532	137.197917	E3	52	81	1607	113.000000	E3	52	80	
1533	137.208333	D4	62	90	1606	113.000000	D4	62	80	
1534	137.341146	D3	50	75	1609	113.125000	D3	50	80	
1535	137.346354	A3	57	78	1608	113.125000	A3	57	80	
1536	137.496094	C#3	49	88	1611	113.250000	C#3	49	80	
1537	137.503906	E4	64	93	1610	113.250000	E4	64	80	
1538	137.648438	B2	47	78	1613	113.375000	B2	47	80	
1539	137.656250	A3	57	73	1612	113.375000	A3	57	80	
1540	137.804688	A2	45	80	1615	113.500000	A2	45	80	
1541	137.809896	F#4	66	87	1614	113.500000	F#4	66	80	
1542	137.957031	A3	57	78	1616	113.625000	A3	57	80	
1543	137.958333	G2	43	84	1617	113.625000	G2	43	80	
1544	138.113281	F#2	42	90	1619	113.750000	F#2	42	80	
1545	138.128906	G4	67	85	1618	113.750000	G4	67	80	
1546	138.277344	E2	40	90	1621	113.875000	E2	40	80	
1547	138.292969	A3	57	72	1620	113.875000	A3	57	80	
1548	138.473958	D2	38	95	1624	114.000000	D2	38	80	
1549	138.483073	F#4	66	85	1622	114.000000	F#4	66	80	
1550	138.500000	D4	62	71	1623	114.000000	D4	62	80	
1551	138.822917	B4	71	76	1625	114.250000	B4	71	80	
1552	138.832031	C4	60	80	1626	114.250000	C4	60	80	
1553	138.973958	D4	62	79	1627	114.375000	D4	62	80	
1554	139.118490	E4	64	82	1629	114.500000	E4	64	80	
1555	139.128906	G4	67	64	1628	114.500000	G4	67	80	
1556	139.273438	D4	62	86	1630	114.625000	D4	62	80	
1557	139.440104	E4	64	86	1631	114.750000	E4	64	80	
1558	139.454427	C4	60	80	1632	114.750000	C4	60	80	
1559	139.773438	A4	69	71	1633	115.000000	A4	69	80	
1560	139.776042	B3	59	78	1634	115.000000	B3	59	80	
1561	139.910156	C4	60	83	1635	115.125000	C4	60	80	
1562	140.063802	D4	62	77	1637	115.250000	D4	62	80	
1563	140.063802	F#4	66	79	1636	115.250000	F#4	66	80	
1564	140.217448	C4	60	85	1638	115.375000	C4	60	80	
1565	140.373698	G4	67	87	1639	115.500000	G4	67	80	
1566	140.378906	B3	59	83	1640	115.500000	B3	59	80	
1567	140.524740	D3	50	66	1641	115.625000	D3	50	80	
1568	140.691406	C4	60	83	1642	115.750000	C4	60	80	
1569	140.696615	C3	48	68	1643	115.750000	C3	48	80	
1570	140.822917	D3	50	69	1644	115.875000	D3	50	80	
1571	140.988281	E3	52	76	1646	116.000000	E3	52	80	
1572	140.996094	D4	62	86	1645	116.000000	D4	62	80	
1573	141.140625	D3	50	75	1647	116.125000	D3	50	80	
1574	141.317708	C3	48	82	1649	116.250000	C3	48	80	
1575	141.317708	E4	64	81	1648	116.250000	E4	64	80	
1576	141.489583	A4	69	88	1650	116.375000	A4	69	80	
1577	141.667969	B2	47	70	1653	116.500000	B2	47	80	
1578	141.683594	B4	71	87	1652	116.500000	B4	71	80	
1579	141.690104	F#3	54	75	1654	116.500000	F#3	54	80	
1580	141.755208	A4	69	82	1656	116.562500	A4	69	80	
1581	141.848958	C3	48	66	1659	116.625000	C3	48	80	
1582	141.848958	B4	71	66	1658	116.625000	B4	71	80	
1583	141.911458	A4	69	74	1660	116.687500	A4	69	80	
1584	141.950521	D3	50	53	1662	116.750000	D3	50	80	
1585	141.989583	B4	71	68	1661	116.750000	B4	71	80	
1586	142.031250	C3	48	45	1665	116.875000	C3	48	80	
1587	142.070312	A4	69	56	1663	116.812500	A4	69	80	
1588	142.101562	G4	67	76	1664	116.875000	G4	67	80	
1589	142.203125	A4	69	75	1666	116.937500	A4	69	80	
1590	142.250000	B4	71	81	1667	117.000000	B4	71	80	
1591	142.270833	B2	47	74	1669	117.000000	B2	47	80	
1592	142.289062	G3	55	73	1668	117.000000	G3	55	80	
1593	142.598958	C5	72	77	1670	117.250000	C5	72	80	
1594	142.605469	A4	69	81	1671	117.250000	A4	69	80	
1595	142.623698	A2	45	59	1672	117.250000	A2	45	80	
1596	142.736979	B2	47	56	1675	117.375000	B2	47	80	
1597	142.740885	B4	71	75	1673	117.375000	B4	71	80	
1598	142.746094	G4	67	71	1674	117.375000	G4	67	80	
1599	142.885417	C3	48	73	1678	117.500000	C3	48	80	
1600	142.889323	F#4	66	80	1677	117.500000	F#4	66	80	
1601	142.890625	A4	69	72	1676	117.500000	A4	69	80	
1602	143.013021	B2	47	85	1681	117.625000	B2	47	80	
1603	143.020833	B4	71	68	1679	117.625000	B4	71	80	
1604	143.026042	G4	67	72	1680	117.625000	G4	67	80	
1605	143.192708	A4	69	84	1683	117.750000	A4	69	80	
1606	143.197917	C5	72	86	1682	117.750000	C5	72	80	
1607	143.200521	A2	45	85	1684	117.750000	A2	45	80	
1608	143.514323	D5	74	82	1685	118.000000	D5	74	80	
1609	143.518229	G2	43	74	1687	118.000000	G2	43	80	
1610	143.522135	B4	71	83	1686	118.000000	B4	71	80	
1611	143.643229	A2	45	71	1690	118.125000	A2	45	80	
1612	143.656250	A4	69	83	1689	118.125000	A4	69	80	
1613	143.665365	C5	72	73	1688	118.125000	C5	72	80	
1614	143.786458	B2	47	77	1693	118.250000	B2	47	80	
1615	143.809896	B4	71	75	1691	118.250000	B4	71	80	
1616	143.812500	G4	67	75	1692	118.250000	G4	67	80	
1617	143.911458	A2	45	75	1696	118.375000	A2	45	80	
1618	143.917969	C5	72	79	1694	118.375000	C5	72	80	
1619	143.932292	A4	69	72	1695	118.375000	A4	69	80	
1620	144.071615	G2	43	77	1699	118.500000	G2	43	80	
1621	144.079427	B4	71	86	1698	118.500000	B4	71	80	
1622	144.080729	D5	74	92	1697	118.500000	D5	74	80	
1623	144.266927	G3	55	64	1700	118.625000	G3	55	80	
1624	144.339844	F#3	54	74	1701	118.687500	F#3	54	80	
1625	144.393229	A4	69	77	1703	118.750000	A4	69	80	
1626	144.393229	C5	72	82	1702	118.750000	C5	72	80	
1627	144.404948	E3	52	72	1704	118.750000	E3	52	80	
1628	144.529948	G3	55	64	1705	118.875000	G3	55	80	
1629	144.695312	D3	50	69	1708	119.000000	D3	50	80	
1630	144.700521	B4	71	85	1706	119.000000	B4	71	80	
1631	144.708333	G4	67	79	1707	119.000000	G4	67	80	
1632	144.832031	G3	55	67	1709	119.125000	G3	55	80	
1633	145.007812	C#3	49	78	1711	119.250000	C#3	49	80	
1634	145.007812	A4	69	86	1710	119.250000	A4	69	80	
1635	145.194010	A3	57	70	1712	119.375000	G3	55	80	
1636	145.369792	B2	47	77	1715	119.500000	B2	47	80	
1637	145.369792	G5	79	102	1713	119.500000	G5	79	80	
1638	145.384115	D5	74	76	1714	119.500000	D5	74	80	
1639	145.558594	A3	57	53	1716	119.625000	G3	55	80	
1640	145.701823	A2	45	62	1718	119.750000	A2	45	80	
1641	145.705729	C#5	73	69	1717	119.750000	C#5	73	80	
1642	145.839844	A3	57	62	1719	119.875000	G3	55	80	
1643	145.990885	F#5	78	91	1720	120.000000	F#5	78	80	
1644	145.998698	D3	50	72	1722	120.000000	D3	50	80	
1645	146.003906	D5	74	81	1721	120.000000	D5	74	80	
1646	146.134115	C3	48	72	1723	120.125000	C3	48	80	
1647	146.296875	Bb2	46	73	1726	120.250000	Bb2	46	80	
1648	146.308594	E5	76	85	1724	120.250000	E5	76	80	
1649	146.315104	G4	67	82	1725	120.250000	G4	67	80	
1650	146.460938	D3	50	68	1727	120.375000	D3	50	80	
1651	146.592448	D5	74	88	1728	120.500000	D5	74	80	
1652	146.606771	F#4	66	76	1729	120.500000	F#4	66	80	
1653	146.643229	G2	43	46	*	-1	*	-1	-1	
1654	146.649740	A2	45	46	1730	120.500000	A2	45	80	
1655	146.742188	D3	50	61	1731	120.625000	D3	50	80	
1656	146.886719	C#5	73	83	1732	120.750000	C#5	73	80	
1657	146.899740	E4	64	72	1733	120.750000	E4	64	80	
1658	146.901042	G2	43	65	1734	120.750000	G2	43	80	
1659	147.061198	E3	52	73	1735	120.875000	D3	50	80	
1660	147.252604	F#2	42	79	1738	121.000000	F#2	42	80	
1661	147.270833	Bb5	82	96	1736	121.000000	Bb5	82	80	
1662	147.289062	C#5	73	72	1737	121.000000	C#5	73	80	
1663	147.455729	E3	52	78	1739	121.125000	D3	50	80	
1664	147.614583	E2	40	89	1740	121.250000	E2	40	80	
1665	147.766927	E3	52	88	1741	121.375000	D3	50	80	
1666	147.949219	A5	81	93	1742	121.500000	A5	81	80	
1667	147.954427	F#2	42	87	1744	121.500000	F#2	42	80	
1668	147.957031	C5	72	89	1743	121.500000	C5	72	80	
1669	148.123698	G5	79	87	1745	121.625000	G5	79	80	
1670	148.281250	F#5	78	90	1746	121.750000	F#5	78	80	
1671	148.307292	D2	38	72	1747	121.750000	D2	38	80	
1672	148.430990	E5	76	90	1748	121.875000	E5	76	80	
1673	148.578125	D5	74	85	1749	122.000000	D5	74	80	
1674	148.588542	G2	43	86	1750	122.000000	G2	43	80	
1675	148.772135	B4	71	74	1751	122.125000	B4	71	80	
1676	148.828125	A4	69	84	1752	122.187500	A4	69	80	
1677	148.904948	B4	71	95	1753	122.250000	B4	71	80	
1678	148.908854	E2	40	96	1754	122.250000	E2	40	80	
1679	149.092448	G5	79	88	1755	122.375000	G5	79	80	
1680	149.283854	C2	36	89	1757	122.500000	C2	36	80	
1681	149.298177	A4	69	95	1756	122.500000	A4	69	80	
1682	149.481771	C5	72	91	1758	122.625000	C5	72	80	
1683	149.662760	D2	38	96	1760	122.750000	D2	38	80	
1684	149.671875	G5	79	87	1759	122.750000	G5	79	80	
1685	149.859375	F#5	78	101	1761	122.875000	F#5	78	80	
1686	150.143229	G2	43	105	1764	123.000000	G2	43	80	
1687	150.149740	G5	79	101	1762	123.000000	G5	79	80	
1688	150.153646	B4	71	90	1763	123.000000	B4	71	80	
1689	150.407552	F#5	78	75	1765	123.125000	F#5	78	80	
1690	150.467448	E5	76	79	1766	123.187500	E5	76	80	
1691	150.540365	D5	74	76	1767	123.250000	D5	74	80	
1692	150.578125	B4	71	63	1768	123.250000	B4	71	80	
1693	150.718750	G5	79	81	1769	123.375000	G5	79	80	
1694	150.873698	C5	72	86	1770	123.500000	C5	72	80	
1695	150.885417	A4	69	75	1771	123.500000	A4	69	80	
1696	151.036458	G5	79	82	1772	123.625000	G5	79	80	
1697	151.214844	B4	71	97	1773	123.750000	B4	71	80	
1698	151.227865	G4	67	82	1774	123.750000	G4	67	80	
1699	151.384115	G2	43	70	1775	123.875000	G2	43	80	
1700	151.467448	A2	45	62	1776	123.937500	A2	45	80	
1701	151.536458	B2	47	83	1778	124.000000	B2	47	80	
1702	151.542969	G5	79	93	1777	124.000000	G5	79	80	
1703	151.710938	G2	43	76	1779	124.125000	G2	43	80	
1704	151.897135	A4	69	88	1780	124.250000	A4	69	80	
1705	151.901042	C3	48	91	1782	124.250000	C3	48	80	
1706	151.901042	F#4	66	89	1781	124.250000	F#4	66	80	
1707	152.089844	G2	43	84	1783	124.375000	G2	43	80	
1708	152.326823	B4	71	93	1784	124.500000	B4	71	80	
1709	152.329427	G4	67	86	1785	124.500000	G4	67	80	
1710	152.330729	D3	50	98	1786	124.500000	D3	50	80	
1711	152.566406	D5	74	75	1787	124.625000	D5	74	80	
1712	152.651042	C5	72	71	1788	124.687500	C5	72	80	
1713	152.716146	B4	71	82	1789	124.750000	B4	71	80	
1714	152.717448	G2	43	100	1791	124.750000	G2	43	80	
1715	152.946615	D5	74	84	1793	124.875000	D5	74	80	
1716	153.153646	B2	47	91	1796	125.000000	B2	47	80	
1717	153.153646	A4	69	90	1794	125.000000	A4	69	80	
1718	153.165365	F4	65	82	1795	125.000000	F4	65	80	
1719	153.441406	D5	74	87	1797	125.125000	D5	74	80	
1720	153.786458	G4	67	89	1798	125.250000	G4	67	80	
1721	153.795573	C3	48	75	1800	125.250000	C3	48	80	
1722	153.803385	E4	64	76	1799	125.250000	E4	64	80	
1723	153.915365	B2	47	61	1801	125.312500	B2	47	80	
1724	154.042969	C3	48	74	1802	125.375000	C3	48	80	
1725	154.113281	D3	50	81	1803	125.437500	D3	50	80	
1726	154.227865	E3	52	93	1805	125.500000	E3	52	80	
1727	154.239583	C5	72	85	1804	125.500000	C5	72	80	
1728	154.472656	C3	48	72	1806	125.625000	C3	48	80	
1729	154.713542	Eb4	63	92	1807	125.750000	Eb4	63	80	
1730	154.714844	F#3	54	90	1808	125.750000	F#3	54	80	
1731	154.988281	C3	48	87	1809	125.875000	C3	48	80	
1732	155.398438	G3	55	92	1811	126.000000	G3	55	80	
1733	155.411458	D4	62	81	1810	126.000000	D4	62	80	
1734	155.527344	G4	67	68	1812	126.062500	G4	67	80	
1735	155.638021	A4	69	62	1813	126.125000	A4	69	80	
1736	155.718750	B4	71	75	1814	126.187500	B4	71	80	
1737	155.830729	C5	72	85	1815	126.250000	C5	72	80	
1738	155.845052	E4	64	69	1816	126.250000	E4	64	80	
1739	156.087240	G4	67	71	1817	126.375000	G4	67	80	
1740	156.324219	D5	74	82	1818	126.500000	D5	74	80	
1741	156.338542	B4	71	65	1820	126.500000	B4	71	80	
1742	156.339844	F4	65	74	1819	126.500000	F4	65	80	
1743	156.554688	G4	67	72	1821	126.625000	G4	67	80	
1744	156.766927	E5	76	79	1822	126.750000	E5	76	80	
1745	156.772135	G4	67	77	1823	126.750000	G4	67	80	
1746	156.772135	C5	72	80	1824	126.750000	C5	72	80	
1747	156.894531	B4	71	71	1825	126.812500	B4	71	80	
1748	156.996094	C5	72	67	1826	126.875000	C5	72	80	
1749	157.074219	D5	74	79	1827	126.937500	D5	74	80	
1750	157.199219	E5	76	87	1828	127.000000	E5	76	80	
1751	157.227865	G4	67	67	1829	127.000000	G4	67	80	
1752	157.498698	C5	72	65	1830	127.125000	C5	72	80	
1753	157.713542	F#5	78	94	1831	127.250000	F#5	78	80	
1754	157.734375	A4	69	73	1832	127.250000	A4	69	80	
1755	158.010417	C5	72	58	1833	127.375000	C5	72	80	
1756	158.333333	G5	79	90	1834	127.500000	G5	79	80	
1757	158.338542	B4	71	76	1835	127.500000	B4	71	80	
1758	158.662760	D5	74	67	1836	127.625000	D5	74	80	
1759	158.959635	E5	76	76	1837	127.750000	E5	76	80	
1760	159.269531	C5	72	74	1838	127.875000	C5	72	80	
1761	159.635417	A4	69	76	1839	128.000000	A4	69	80	
1762	160.053385	F#5	78	87	1840	128.125000	F#5	78	80	
1763	160.735677	G5	79	78	1841	128.250000	G5	79	80	
1764	160.752604	D5	74	52	1843	128.250000	D5	74	80	
1765	160.759115	B4	71	50	1842	128.250000	B4	71	80	
*	-1	*	-1	-1	357	31.500000	F#4	66	80	
*	-1	*	-1	-1	361	31.561458	G4	67	80	
*	-1	*	-1	-1	363	31.623958	F#4	66	80	
*	-1	*	-1	-1	368	31.750000	G4	67	80	
*	-1	*	-1	-1	370	31.812500	F#4	66	80	
*	-1	*	-1	-1	373	31.937500	F#4	66	80	
*	-1	*	-1	-1	450	37.000000	E4	64	80	
*	-1	*	-1	-1	481	38.500000	C#4	61	80	
*	-1	*	-1	-1	538	42.000000	G4	67	80	
*	-1	*	-1	-1	624	48.500000	B3	59	80	
*	-1	*	-1	-1	769	58.500000	E4	64	80	
*	-1	*	-1	-1	997	76.375000	F#2	42	80	
*	-1	*	-1	-1	1063	81.562500	B3	59	80	
*	-1	*	-1	-1	1086	82.500000	B3	59	80	
*	-1	*	-1	-1	1097	83.750000	B2	47	80	
*	-1	*	-1	-1	1143	87.000000	D3	50	80	
*	-1	*	-1	-1	1176	89.250000	D3	50	80	
*	-1	*	-1	-1	1238	94.500000	F#5	78	80	
*	-1	*	-1	-1	1240	94.562500	E5	76	80	
*	-1	*	-1	-1	1241	94.623958	E5	76	80	
*	-1	*	-1	-1	1242	94.625000	F#5	78	80	
*	-1	*	-1	-1	1247	94.748958	E5	76	80	
*	-1	*	-1	-1	1248	94.750000	F#5	78	80	
*	-1	*	-1	-1	1250	94.811458	F#5	78	80	
*	-1	*	-1	-1	1252	94.875000	E5	76	80	
*	-1	*	-1	-1	1255	94.936458	F#5	78	80	
*	-1	*	-1	-1	1257	94.998958	E5	76	80	
*	-1	*	-1	-1	1260	95.062500	F#5	78	80	
*	-1	*	-1	-1	1262	95.123958	E5	76	80	
*	-1	*	-1	-1	1265	95.186458	F#5	78	80	
*	-1	*	-1	-1	1267	95.250000	E5	76	80	
*	-1	*	-1	-1	1270	95.311458	F#5	78	80	
*	-1	*	-1	-1	1272	95.373958	E5	76	80	
*	-1	*	-1	-1	1275	95.437500	F#5	78	80	
*	-1	*	-1	-1	1277	95.498958	E5	76	80	
*	-1	*	-1	-1	1280	95.561458	F#5	78	80	
*	-1	*	-1	-1	1282	95.625000	E5	76	80	
*	-1	*	-1	-1	1293	96.061458	F#5	78	80	
*	-1	*	-1	-1	1400	102.750000	E5	76	80	
*	-1	*	-1	-1	1403	102.812500	D5	74	80	
*	-1	*	-1	-1	1405	102.875000	E5	76	80	
*	-1	*	-1	-1	1407	102.937500	D5	74	80	
*	-1	*	-1	-1	1409	103.000000	E5	76	80	
*	-1	*	-1	-1	1412	103.062500	D5	74	80	
*	-1	*	-1	-1	1414	103.125000	E5	76	80	
*	-1	*	-1	-1	1417	103.187500	D5	74	80	
*	-1	*	-1	-1	1419	103.250000	E5	76	80	
*	-1	*	-1	-1	1422	103.312500	D5	74	80	
*	-1	*	-1	-1	1423	103.373958	D5	74	80	
*	-1	*	-1	-1	1424	103.375000	E5	76	80	
*	-1	*	-1	-1	1426	103.436458	E5	76	80	
*	-1	*	-1	-1	1432	103.562500	D5	74	80	
*	-1	*	-1	-1	1434	103.625000	E5	76	80	
*	-1	*	-1	-1	1436	103.687500	D5	74	80	
*	-1	*	-1	-1	1438	103.750000	E5	76	80	
*	-1	*	-1	-1	1440	103.811458	E5	76	80	
*	-1	*	-1	-1	1441	103.812500	D5	74	80	
*	-1	*	-1	-1	1442	103.875000	D5	74	80	
*	-1	*	-1	-1	1443	103.875000	E5	76	80	
*	-1	*	-1	-1	1445	103.936458	E5	76	80	
*	-1	*	-1	-1	1446	103.937500	D5	74	80	
*	-1	*	-1	-1	1447	103.998958	D5	74	80	
*	-1	*	-1	-1	1448	104.000000	E5	76	80	
*	-1	*	-1	-1	1450	104.062500	E5	76	80	
*	-1	*	-1	-1	1451	104.062500	D5	74	80	
*	-1	*	-1	-1	1452	104.123958	D5	74	80	
*	-1	*	-1	-1	1453	104.125000	E5	76	80	
*	-1	*	-1	-1	1455	104.186458	E5	76	80	
*	-1	*	-1	-1	1456	104.187500	D5	74	80	
*	-1	*	-1	-1	1457	104.250000	D5	74	80	
*	-1	*	-1	-1	1458	104.250000	E5	76	80	
*	-1	*	-1	-1	1460	104.311458	E5	76	80	
*	-1	*	-1	-1	1461	104.312500	D5	74	80	
*	-1	*	-1	-1	1462	104.373958	D5	74	80	
*	-1	*	-1	-1	1463	104.375000	E5	76	80	
*	-1	*	-1	-1	1465	104.437500	E5	76	80	
*	-1	*	-1	-1	1467	104.498958	D5	74	80	
*	-1	*	-1	-1	1470	104.561458	E5	76	80	
*	-1	*	-1	-1	1471	104.625000	D5	74	80	
*	-1	*	-1	-1	1473	104.686458	E5	76	80	
*	-1	*	-1	-1	1474	104.748958	D5	74	80	
*	-1	*	-1	-1	1477	104.812500	E5	76	80	
*	-1	*	-1	-1	1478	104.873958	D5	74	80	
*	-1	*	-1	-1	1480	104.936458	E5	76	80	
*	-1	*	-1	-1	1481	105.000000	D5	74	80	
*	-1	*	-1	-1	1484	105.061458	E5	76	80	
*	-1	*	-1	-1	1485	105.123958	D5	74	80	
*	-1	*	-1	-1	1487	105.187500	E5	76	80	
*	-1	*	-1	-1	1651	116.500000	A4	69	80	
*	-1	*	-1	-1	1655	116.561458	B4	71	80	
*	-1	*	-1	-1	1657	116.623958	A4	69	80	
*	-1	*	-1	-1	1790	124.750000	G4	67	80	
*	-1	*	-1	-1	1792	124.750000	G2	43	80	
*	-1	*	-1	-1	451	37.000000	F#4	66	80	
*	-1	*	-1	-1	455	37.062500	E4	64	80	
*	-1	*	-1	-1	457	37.125000	F#4	66	80	
*	-1	*	-1	-1	460	37.187500	E4	64	80	
*	-1	*	-1	-1	482	38.500000	D4	62	80	
*	-1	*	-1	-1	485	38.562500	C#4	61	80	
*	-1	*	-1	-1	487	38.625000	D4	62	80	
*	-1	*	-1	-1	490	38.687500	C#4	61	80	
*	-1	*	-1	-1	1194	90.750000	D5	74	80	
