// alignID alignOntime alignSitch alignPitch alignOnvel refID refOntime refSitch refPitch refOnvel
0	0.500000	G4	67	39	0	0.000000	G4	67	80	
1	0.816667	A4	69	61	1	0.250000	A4	69	80	
2	0.973958	G4	67	63	2	0.375000	G4	67	80	
3	1.127083	F#4	66	68	3	0.500000	F#4	66	80	
4	1.259375	G4	67	65	4	0.625000	G4	67	80	
5	1.436458	A4	69	64	5	0.750000	A4	69	80	
6	1.782292	B4	71	69	6	1.000000	B4	71	80	
7	1.926042	A4	69	76	7	1.125000	A4	69	80	
8	2.076042	G4	67	73	8	1.250000	G4	67	80	
9	2.209375	A4	69	77	9	1.375000	A4	69	80	
10	2.365625	B4	71	77	10	1.500000	B4	71	80	
11	2.690625	A4	69	67	11	1.750000	A4	69	80	
12	3.011458	G4	67	59	12	2.000000	G4	67	80	
13	3.339583	D4	62	57	13	2.250000	D4	62	80	
14	3.701042	C5	72	68	14	2.500000	C5	72	80	
15	4.373958	B4	71	70	15	3.000000	B4	71	80	
16	4.703125	A4	69	74	16	3.250000	A4	69	80	
17	5.016667	G4	67	69	17	3.500000	G4	67	80	
18	5.359375	F#4	66	70	18	3.750000	F#4	66	80	
19	5.719792	E5	76	69	19	4.000000	E5	76	80	
20	6.378125	D5	74	54	20	4.500000	D5	74	80	
21	6.741667	E5	76	63	21	4.750000	E5	76	80	
22	6.884375	D5	74	69	22	4.875000	D5	74	80	
23	7.027083	C5	72	72	23	5.000000	C5	72	80	
24	7.173958	B4	71	76	24	5.125000	B4	71	80	
25	7.353125	A4	69	66	25	5.250000	A4	69	80	
26	7.671875	C5	72	70	26	5.500000	C5	72	80	
27	7.816667	B4	71	74	27	5.625000	B4	71	80	
28	7.975000	A4	69	74	28	5.750000	A4	69	80	
29	8.102083	G4	67	60	29	5.875000	G4	67	80	
30	8.279167	F#4	66	58	30	6.000000	F#4	66	80	
31	8.280208	D4	62	53	31	6.000000	D4	62	80	
32	8.610417	G4	67	54	32	6.250000	G4	67	80	
33	8.611458	E4	64	60	33	6.250000	E4	64	80	
34	8.756250	D4	62	59	34	6.375000	D4	62	80	
35	8.892708	C#4	61	68	36	6.500000	C#4	61	80	
36	8.909375	A4	69	70	35	6.500000	A4	69	80	
37	9.035417	D4	62	74	37	6.625000	D4	62	80	
38	9.210417	E4	64	74	39	6.750000	E4	64	80	
39	9.223958	G4	67	62	38	6.750000	G4	67	80	
40	9.547917	A4	69	78	40	7.000000	A4	69	80	
41	9.550000	F#4	66	69	41	7.000000	F#4	66	80	
42	9.686458	E4	64	70	42	7.125000	E4	64	80	
43	9.836458	D4	62	63	44	7.250000	D4	62	80	
44	9.844792	B4	71	74	43	7.250000	B4	71	80	
45	9.986458	E4	64	71	45	7.375000	E4	64	80	
46	10.162500	F#4	66	72	47	7.500000	F#4	66	80	
47	10.168750	A4	69	69	46	7.500000	A4	69	80	
48	10.484375	E4	64	75	49	7.750000	E4	64	80	
49	10.493750	B4	71	66	48	7.750000	B4	71	80	
50	10.630208	C#5	73	73	50	7.875000	C#5	73	80	
51	10.797917	D5	74	72	51	8.000000	D5	74	80	
52	10.803125	D4	62	76	52	8.000000	D4	62	80	
53	10.930208	B4	71	81	53	8.125000	B4	71	80	
54	11.097917	A3	57	83	55	8.250000	A3	57	80	
55	11.102083	C#5	73	78	54	8.250000	C#5	73	80	
56	11.259375	B4	71	77	56	8.375000	B4	71	80	
57	11.414583	G4	67	81	58	8.500000	G4	67	80	
58	11.432292	C#5	73	68	57	8.500000	C#5	73	80	
59	11.583333	D5	74	70	59	8.625000	D5	74	80	
60	11.731250	E5	76	68	60	8.750000	E5	76	80	
61	11.877083	C#5	73	59	61	8.875000	C#5	73	80	
62	12.036458	F#4	66	71	63	9.000000	F#4	66	80	
63	12.052083	D5	74	66	62	9.000000	D5	74	80	
64	12.185417	C#5	73	75	64	9.125000	C#5	73	80	
65	12.339583	D5	74	77	65	9.250000	D5	74	80	
66	12.341667	E4	64	78	66	9.250000	E4	64	80	
67	12.476042	E5	76	83	67	9.375000	E5	76	80	
68	12.632292	D4	62	80	69	9.500000	D4	62	80	
69	12.640625	F#5	78	80	68	9.500000	F#5	78	80	
70	12.771875	D5	74	77	70	9.625000	D5	74	80	
71	12.931250	C#4	61	89	72	9.750000	C#4	61	80	
72	12.932292	E5	76	79	71	9.750000	E5	76	80	
73	13.075000	D5	74	77	73	9.875000	D5	74	80	
74	13.243750	B4	71	82	75	10.000000	B4	71	80	
75	13.243750	E5	76	77	74	10.000000	E5	76	80	
76	13.387500	F#5	78	78	76	10.125000	F#5	78	80	
77	13.536458	G5	79	80	77	10.250000	G5	79	80	
78	13.663542	E5	76	75	78	10.375000	E5	76	80	
79	13.859375	A4	69	68	80	10.500000	A4	69	80	
80	13.861458	F#5	78	80	79	10.500000	F#5	78	80	
81	14.182292	G5	79	81	81	10.750000	G5	79	80	
82	14.183333	B4	71	74	82	10.750000	B4	71	80	
83	14.320833	A4	69	78	84	10.875000	A4	69	80	
84	14.327083	F#5	78	82	83	10.875000	F#5	78	80	
85	14.457292	G4	67	70	86	11.000000	G4	67	80	
86	14.462500	E5	76	76	85	11.000000	E5	76	80	
87	14.582292	D5	74	75	87	11.125000	D5	74	80	
88	14.597917	F#4	66	76	88	11.125000	F#4	66	80	
89	14.725000	G5	79	77	89	11.250000	G5	79	80	
90	14.744792	E4	64	67	90	11.250000	E4	64	80	
91	14.780208	F#5	78	80	*	-1	*	-1	-1	
92	14.855208	G5	79	87	*	-1	*	-1	-1	
93	15.123958	G4	67	71	91	11.500000	G4	67	80	
94	15.268750	F#4	66	79	92	11.625000	F#4	66	80	
95	15.428125	E4	64	79	93	11.750000	E4	64	80	
96	15.560417	D4	62	72	94	11.875000	D4	62	80	
97	15.721875	C#4	61	73	95	12.000000	C#4	61	80	
98	15.876042	F#5	78	63	96	12.125000	F#5	78	80	
99	16.029167	G4	67	63	98	12.250000	G4	67	80	
100	16.034375	E5	76	62	97	12.250000	E5	76	80	
101	16.178125	G5	79	55	99	12.375000	G5	79	80	
102	16.343750	F#4	66	65	101	12.500000	F#4	66	80	
103	16.353125	D5	74	54	100	12.500000	D5	74	80	
104	16.504167	G5	79	52	102	12.625000	G5	79	80	
105	16.664583	E4	64	54	104	12.750000	E4	64	80	
106	16.665625	C#5	73	56	103	12.750000	C#5	73	80	
107	16.810417	G5	79	53	105	12.875000	G5	79	80	
108	16.978125	B4	71	49	106	13.000000	B4	71	80	
109	16.992708	D4	62	48	107	13.000000	D4	62	80	
110	17.129167	G5	79	46	108	13.125000	G5	79	80	
111	17.290625	C#4	61	53	110	13.250000	C#4	61	80	
112	17.319792	A4	69	55	109	13.250000	A4	69	80	
113	17.456250	G5	79	52	111	13.375000	G5	79	80	
114	17.622917	F#5	78	62	112	13.500000	F#5	78	80	
115	17.623958	D4	62	53	113	13.500000	D4	62	80	
116	17.760417	E4	64	57	114	13.625000	E4	64	80	
117	17.928125	F#4	66	55	116	13.750000	F#4	66	80	
118	17.931250	D5	74	63	115	13.750000	D5	74	80	
119	18.068750	D4	62	52	117	13.875000	D4	62	80	
120	18.229167	E5	76	74	118	14.000000	E5	76	80	
121	18.242708	G4	67	59	119	14.000000	G4	67	80	
122	18.388542	D4	62	60	120	14.125000	D4	62	80	
123	18.545833	F#5	78	85	121	14.250000	F#5	78	80	
124	18.556250	A4	69	72	122	14.250000	A4	69	80	
125	18.692708	D4	62	66	123	14.375000	D4	62	80	
126	18.858333	B4	71	71	125	14.500000	B4	71	80	
127	18.858333	G5	79	91	124	14.500000	G5	79	80	
128	19.004167	D4	62	70	126	14.625000	D4	62	80	
129	19.163542	A5	81	89	127	14.750000	A5	81	80	
130	19.176042	C5	72	75	128	14.750000	C5	72	80	
131	19.297917	D4	62	74	129	14.875000	D4	62	80	
132	19.490625	B4	71	80	130	15.000000	B4	71	80	
133	19.500000	G3	55	83	131	15.000000	G3	55	80	
134	19.835417	A3	57	80	133	15.250000	A3	57	80	
135	19.843750	D5	74	76	132	15.250000	D5	74	80	
136	19.970833	G3	55	78	134	15.375000	G3	55	80	
137	20.123958	F#3	54	82	136	15.500000	F#3	54	80	
138	20.139583	G5	79	87	135	15.500000	G5	79	80	
139	20.266667	G3	55	87	137	15.625000	G3	55	80	
140	20.444792	A3	57	81	139	15.750000	A3	57	80	
141	20.459375	C5	72	83	138	15.750000	C5	72	80	
142	20.778125	B3	59	82	141	16.000000	B3	59	80	
143	20.794792	F#5	78	76	140	16.000000	F#5	78	80	
144	20.922917	A3	57	79	142	16.125000	A3	57	80	
145	21.068750	G3	55	77	144	16.250000	G3	55	80	
146	21.090625	E5	76	73	143	16.250000	E5	76	80	
147	21.210417	A3	57	85	145	16.375000	A3	57	80	
148	21.378125	B3	59	96	147	16.500000	B3	59	80	
149	21.382292	D5	74	79	146	16.500000	D5	74	80	
150	21.705208	C5	72	84	148	16.750000	C5	72	80	
151	21.707292	A3	57	86	150	16.750000	A3	57	80	
152	21.710417	F#4	66	73	149	16.750000	F#4	66	80	
153	22.029167	G3	55	81	153	17.000000	G3	55	80	
154	22.036458	B4	71	80	151	17.000000	B4	71	80	
155	22.038542	G4	67	76	152	17.000000	G4	67	80	
156	22.362500	A4	69	83	154	17.250000	A4	69	80	
157	22.364583	D3	50	83	155	17.250000	D3	50	80	
158	22.698958	C4	60	83	157	17.500000	C4	60	80	
159	22.727083	F#4	66	67	156	17.500000	F#4	66	80	
160	22.883333	G4	67	66	158	17.625000	G4	67	80	
161	23.039583	A4	69	66	159	17.750000	A4	69	80	
162	23.169792	F#4	66	54	160	17.875000	F#4	66	80	
163	23.331250	B3	59	68	162	18.000000	B3	59	80	
164	23.341667	G4	67	55	161	18.000000	G4	67	80	
165	23.484375	F#4	66	62	163	18.125000	F#4	66	80	
166	23.633333	G4	67	71	164	18.250000	G4	67	80	
167	23.635417	A3	57	67	165	18.250000	A3	57	80	
168	23.765625	A4	69	76	166	18.375000	A4	69	80	
169	23.918750	B4	71	72	168	18.500000	B4	71	80	
170	23.919792	D5	74	67	167	18.500000	D5	74	80	
171	23.933333	G3	55	72	169	18.500000	G3	55	80	
172	24.075000	G4	67	70	170	18.625000	G4	67	80	
173	24.233333	F#3	54	90	172	18.750000	F#3	54	80	
174	24.234375	A4	69	81	171	18.750000	A4	69	80	
175	24.376042	G4	67	77	173	18.875000	G4	67	80	
176	24.548958	A4	69	78	175	19.000000	A4	69	80	
177	24.553125	E4	64	89	176	19.000000	E4	64	80	
178	24.558333	C5	72	74	174	19.000000	C5	72	80	
179	24.695833	B4	71	84	177	19.125000	B4	71	80	
180	24.846875	A5	81	81	178	19.250000	A5	81	80	
181	24.854167	C5	72	76	179	19.250000	C5	72	80	
182	24.993750	A4	69	78	180	19.375000	A4	69	80	
183	25.176042	D4	62	77	182	19.500000	D4	62	80	
184	25.176042	B4	71	85	181	19.500000	B4	71	80	
185	25.498958	G5	79	74	183	19.750000	G5	79	80	
186	25.508333	C5	72	79	184	19.750000	C5	72	80	
187	25.519792	E4	64	69	185	19.750000	E4	64	80	
188	25.639583	B4	71	80	186	19.875000	B4	71	80	
189	25.648958	D4	62	72	187	19.875000	D4	62	80	
190	25.798958	C4	60	74	189	20.000000	C4	60	80	
191	25.801042	A4	69	82	188	20.000000	A4	69	80	
192	25.927083	B3	59	71	191	20.125000	B3	59	80	
193	25.932292	G4	67	69	190	20.125000	G4	67	80	
194	26.090625	A3	57	70	193	20.250000	A3	57	80	
195	26.091667	C5	72	81	192	20.250000	C5	72	80	
196	26.414583	A5	81	80	194	20.500000	A5	81	80	
197	26.434375	C4	60	69	195	20.500000	C4	60	80	
198	26.562500	B3	59	76	197	20.625000	B3	59	80	
199	26.563542	G5	79	81	196	20.625000	G5	79	80	
200	26.702083	A3	57	73	199	20.750000	A3	57	80	
201	26.712500	F#5	78	80	198	20.750000	F#5	78	80	
202	26.836458	G3	55	79	201	20.875000	G3	55	80	
203	26.853125	E5	76	76	200	20.875000	E5	76	80	
204	27.014583	F#3	54	83	203	21.000000	F#3	54	80	
205	27.019792	D5	74	78	202	21.000000	D5	74	80	
206	27.157292	B4	71	79	204	21.125000	B4	71	80	
207	27.318750	A4	69	78	205	21.250000	A4	69	80	
208	27.452083	C5	72	78	206	21.375000	C5	72	80	
209	27.621875	E3	52	74	208	21.500000	E3	52	80	
210	27.629167	G4	67	68	207	21.500000	G4	67	80	
211	27.767708	C5	72	64	209	21.625000	C5	72	80	
212	27.935417	D3	50	57	211	21.750000	D3	50	80	
213	27.955208	F#4	66	62	210	21.750000	F#4	66	80	
214	28.072917	E3	52	59	213	21.875000	E3	52	80	
215	28.090625	C5	72	59	212	21.875000	C5	72	80	
216	28.243750	D3	50	55	215	22.000000	D3	50	80	
217	28.252083	E4	64	58	214	22.000000	E4	64	80	
218	28.376042	C3	48	54	217	22.125000	C3	48	80	
219	28.392708	C5	72	55	216	22.125000	C5	72	80	
220	28.539583	B2	47	52	219	22.250000	B2	47	80	
221	28.556250	D4	62	53	218	22.250000	D4	62	80	
222	28.676042	A2	45	50	221	22.375000	A2	45	80	
223	28.680208	C5	72	54	220	22.375000	C5	72	80	
224	28.853125	B4	71	57	222	22.500000	B4	71	80	
225	28.854167	G2	43	49	223	22.500000	G2	43	80	
226	28.859375	G4	67	48	*	-1	*	-1	-1	
227	29.009375	A2	45	46	224	22.625000	A2	45	80	
228	29.179167	B2	47	56	227	22.750000	B2	47	80	
229	29.181250	D5	74	63	225	22.750000	D5	74	80	
230	29.185417	F4	65	52	226	22.750000	F4	65	80	
231	29.307292	G2	43	53	228	22.875000	G2	43	80	
232	29.481250	C3	48	57	231	23.000000	C3	48	80	
233	29.485417	C5	72	69	229	23.000000	C5	72	80	
234	29.495833	E4	64	54	230	23.000000	E4	64	80	
235	29.620833	G2	43	54	232	23.125000	G2	43	80	
236	29.793750	B4	71	66	233	23.250000	B4	71	80	
237	29.801042	D3	50	57	235	23.250000	D3	50	80	
238	29.806250	D4	62	55	234	23.250000	D4	62	80	
239	29.930208	G2	43	52	236	23.375000	G2	43	80	
240	30.110417	A4	69	65	237	23.500000	A4	69	80	
241	30.115625	E3	52	55	239	23.500000	E3	52	80	
242	30.121875	C4	60	54	238	23.500000	C4	60	80	
243	30.259375	G2	43	52	240	23.625000	G2	43	80	
244	30.427083	B3	59	58	242	23.750000	B3	59	80	
245	30.427083	G4	67	58	241	23.750000	G4	67	80	
246	30.441667	F3	53	48	243	23.750000	F3	53	80	
247	30.559375	G2	43	61	244	23.875000	G2	43	80	
248	30.719792	E3	52	58	246	24.000000	E3	52	80	
249	30.730208	C5	72	81	245	24.000000	C5	72	80	
250	30.856250	D3	50	65	248	24.125000	D3	50	80	
251	30.875000	D5	74	85	247	24.125000	D5	74	80	
252	31.005208	C3	48	61	250	24.250000	C3	48	80	
253	31.023958	E5	76	89	249	24.250000	E5	76	80	
254	31.162500	E3	52	66	251	24.375000	E3	52	80	
255	31.334375	G4	67	79	252	24.500000	G4	67	80	
256	31.348958	B2	47	60	253	24.500000	B2	47	80	
257	31.479167	E3	52	61	254	24.625000	E3	52	80	
258	31.659375	F#4	66	71	255	24.750000	F#4	66	80	
259	31.665625	A2	45	53	256	24.750000	A2	45	80	
260	31.804167	E3	52	69	258	24.875000	E3	52	80	
261	31.807292	D5	74	66	257	24.875000	D5	74	80	
262	31.954167	C5	72	78	259	25.000000	C5	72	80	
263	31.962500	G2	43	72	260	25.000000	G2	43	80	
264	32.096875	B4	71	77	261	25.125000	B4	71	80	
265	32.107292	E3	52	76	262	25.125000	E3	52	80	
266	32.251042	A4	69	72	263	25.250000	A4	69	80	
267	32.255208	F#2	42	65	264	25.250000	F#2	42	80	
268	32.395833	C5	72	60	265	25.375000	C5	72	80	
269	32.410417	E3	52	60	266	25.375000	E3	52	80	
270	32.559375	D3	50	56	268	25.500000	D3	50	80	
271	32.580208	B4	71	63	267	25.500000	B4	71	80	
272	32.700000	C3	48	57	270	25.625000	C3	48	80	
273	32.726042	C5	72	69	269	25.625000	C5	72	80	
274	32.861458	B2	47	52	272	25.750000	B2	47	80	
275	32.900000	D5	74	59	271	25.750000	D5	74	80	
276	33.030208	D3	50	58	273	25.875000	D3	50	80	
277	33.188542	F#4	66	62	274	26.000000	F#4	66	80	
278	33.217708	A2	45	48	275	26.000000	A2	45	80	
279	33.351042	D3	50	54	276	26.125000	D3	50	80	
280	33.503125	E4	64	57	277	26.250000	E4	64	80	
281	33.514583	G2	43	49	278	26.250000	G2	43	80	
282	33.639583	C5	72	57	279	26.375000	C5	72	80	
283	33.647917	D3	50	58	280	26.375000	D3	50	80	
284	33.803125	B4	71	61	281	26.500000	B4	71	80	
285	33.810417	F#2	42	47	282	26.500000	F#2	42	80	
286	33.952083	A4	69	58	283	26.625000	A4	69	80	
287	33.956250	D3	50	56	284	26.625000	D3	50	80	
288	34.112500	G4	67	52	285	26.750000	G4	67	80	
289	34.139583	E2	40	38	286	26.750000	E2	40	80	
290	34.250000	B4	71	58	287	26.875000	B4	71	80	
291	34.262500	D3	50	52	288	26.875000	D3	50	80	
292	34.412500	C3	48	49	290	27.000000	C3	48	80	
293	34.412500	A4	69	62	289	27.000000	A4	69	80	
294	34.545833	B2	47	56	292	27.125000	B2	47	80	
295	34.555208	B4	71	64	291	27.125000	B4	71	80	
296	34.719792	A2	45	48	294	27.250000	A2	45	80	
297	34.739583	C5	72	61	293	27.250000	C5	72	80	
298	34.881250	C3	48	47	295	27.375000	C3	48	80	
299	35.030208	E4	64	63	296	27.500000	E4	64	80	
300	35.046875	G2	43	48	297	27.500000	G2	43	80	
301	35.171875	C3	48	55	298	27.625000	C3	48	80	
302	35.346875	F#2	42	51	300	27.750000	F#2	42	80	
303	35.355208	D4	62	57	299	27.750000	D4	62	80	
304	35.486458	C3	48	47	302	27.875000	C3	48	80	
305	35.491667	B4	71	67	301	27.875000	B4	71	80	
306	35.635417	A4	69	78	303	28.000000	A4	69	80	
307	35.651042	E2	40	49	304	28.000000	E2	40	80	
308	35.771875	G4	67	75	305	28.125000	G4	67	80	
309	35.863542	D2	38	55	308	28.250000	D2	38	80	
310	35.928125	F#4	66	75	307	28.250000	F#4	66	80	
311	35.984375	C3	48	41	310	28.375000	C3	48	80	
312	36.061458	A4	69	75	309	28.375000	A4	69	80	
313	36.198958	B2	47	65	312	28.500000	B2	47	80	
314	36.212500	G4	67	69	311	28.500000	G4	67	80	
315	36.246875	D4	62	49	*	-1	*	-1	-1	
316	36.362500	A4	69	64	313	28.625000	A4	69	80	
317	36.530208	B4	71	64	314	28.750000	B4	71	80	
318	36.532292	A2	45	54	316	28.750000	A2	45	80	
319	36.545833	C4	60	58	315	28.750000	C4	60	80	
320	36.669792	D4	62	72	317	28.875000	D4	62	80	
321	36.835417	G2	43	68	319	29.000000	G2	43	80	
322	36.835417	E4	64	75	318	29.000000	E4	64	80	
323	36.975000	D4	62	74	320	29.125000	D4	62	80	
324	37.171875	C4	60	72	321	29.250000	C4	60	80	
325	37.180208	A2	45	67	322	29.250000	A2	45	80	
326	37.500000	E4	64	75	323	29.500000	E4	64	80	
327	37.503125	G2	43	62	325	29.500000	G2	43	80	
328	37.516667	B3	59	68	324	29.500000	B3	59	80	
329	37.655208	C4	60	69	326	29.625000	C4	60	80	
330	37.812500	F#2	42	58	329	29.750000	F#2	42	80	
331	37.815625	A4	69	61	327	29.750000	A4	69	80	
332	37.819792	D4	62	58	328	29.750000	D4	62	80	
333	37.957292	C4	60	65	330	29.875000	C4	60	80	
334	38.116667	B3	59	82	331	30.000000	B3	59	80	
335	38.125000	G2	43	55	332	30.000000	G2	43	80	
336	38.264583	G3	55	55	334	30.125000	G3	55	80	
337	38.283333	G4	67	66	333	30.125000	G4	67	80	
338	38.434375	A4	69	79	335	30.250000	A4	69	80	
339	38.437500	F3	53	67	337	30.250000	F3	53	80	
340	38.440625	C4	60	78	336	30.250000	C4	60	80	
341	38.584375	E3	52	69	338	30.375000	E3	52	80	
342	38.741667	D3	50	67	341	30.500000	D3	50	80	
343	38.760417	D4	62	86	340	30.500000	D4	62	80	
344	38.765625	B4	71	83	339	30.500000	B4	71	80	
345	38.898958	F3	53	70	342	30.625000	F3	53	80	
346	39.077083	C5	72	86	343	30.750000	C5	72	80	
347	39.078125	G4	67	79	344	30.750000	G4	67	80	
348	39.080208	E3	52	73	345	30.750000	E3	52	80	
349	39.223958	F3	53	76	347	30.875000	F3	53	80	
350	39.248958	D5	74	63	346	30.875000	D5	74	80	
351	39.398958	A3	57	81	349	31.000000	A3	57	80	
352	39.406250	E3	52	68	350	31.000000	E3	52	80	
353	39.408333	C5	72	78	348	31.000000	C5	72	80	
354	39.551042	D3	50	64	352	31.125000	D3	50	80	
355	39.555208	B4	71	67	351	31.125000	B4	71	80	
356	39.708333	C3	48	60	354	31.250000	C3	48	80	
357	39.717708	A4	69	68	353	31.250000	A4	69	80	
358	39.851042	E3	52	66	356	31.375000	E3	52	80	
359	39.865625	G4	67	60	355	31.375000	G4	67	80	
360	40.010417	F#4	66	77	357	31.500000	F#4	66	80	
361	40.023958	B3	59	85	358	31.500000	B3	59	80	
362	40.034375	D3	50	68	360	31.500000	D3	50	80	
363	40.107292	G4	67	44	361	31.561458	G4	67	80	
364	40.179167	E3	52	77	365	31.625000	E3	52	80	
365	40.182292	F#4	66	73	366	31.687500	F#4	66	80	
366	40.328125	D3	50	78	369	31.750000	D3	50	80	
367	40.332292	C4	60	81	367	31.750000	C4	60	80	
368	40.469792	E4	64	78	371	31.875000	E4	64	80	
369	40.485417	C3	48	67	372	31.875000	C3	48	80	
370	40.543750	F#4	66	73	373	31.937500	F#4	66	80	
371	40.621875	B2	47	74	376	32.000000	B2	47	80	
372	40.628125	D4	62	75	375	32.000000	D4	62	80	
373	40.632292	G4	67	75	374	32.000000	G4	67	80	
374	40.760417	D3	50	73	377	32.125000	D3	50	80	
375	40.931250	C3	48	72	379	32.250000	C3	48	80	
376	40.941667	E4	64	81	378	32.250000	E4	64	80	
377	41.081250	D3	50	74	381	32.375000	D3	50	80	
378	41.092708	B4	71	75	380	32.375000	B4	71	80	
379	41.258333	A4	69	78	382	32.500000	A4	69	80	
380	41.263542	C3	48	56	384	32.500000	C3	48	80	
381	41.267708	F#3	54	64	383	32.500000	F#3	54	80	
382	41.414583	B2	47	55	386	32.625000	B2	47	80	
383	41.418750	G4	67	66	385	32.625000	G4	67	80	
384	41.558333	A2	45	58	388	32.750000	A2	45	80	
385	41.590625	F#4	66	66	387	32.750000	F#4	66	80	
386	41.695833	C3	48	60	390	32.875000	C3	48	80	
387	41.733333	E4	64	62	389	32.875000	E4	64	80	
388	41.903125	B2	47	55	393	33.000000	B2	47	80	
389	41.907292	D4	62	64	391	33.000000	D4	62	80	
390	41.918750	G3	55	50	392	33.000000	G3	55	80	
391	42.039583	C3	48	56	394	33.125000	C3	48	80	
392	42.233333	G3	55	62	395	33.250000	G3	55	80	
393	42.234375	B2	47	55	396	33.250000	B2	47	80	
394	42.384375	A3	57	71	397	33.375000	A3	57	80	
395	42.390625	A2	45	54	398	33.375000	A2	45	80	
396	42.546875	B3	59	74	399	33.500000	B3	59	80	
397	42.551042	G2	43	55	400	33.500000	G2	43	80	
398	42.685417	C#4	61	63	401	33.625000	C#4	61	80	
399	42.698958	A2	45	55	402	33.625000	A2	45	80	
400	42.861458	B2	47	60	404	33.750000	B2	47	80	
401	42.877083	D4	62	58	403	33.750000	D4	62	80	
402	43.012500	C#3	49	70	405	33.875000	C#3	49	80	
403	43.181250	D3	50	65	407	34.000000	D3	50	80	
404	43.190625	B3	59	82	406	34.000000	B3	59	80	
405	43.335417	C#4	61	73	408	34.125000	C#4	61	80	
406	43.337500	E3	52	60	409	34.125000	E3	52	80	
407	43.493750	D4	62	69	410	34.250000	D4	62	80	
408	43.498958	F#3	54	60	411	34.250000	F#3	54	80	
409	43.635417	E4	64	66	412	34.375000	E4	64	80	
410	43.637500	G3	55	52	413	34.375000	G3	55	80	
411	43.835417	F#3	54	47	416	34.500000	F#3	54	80	
412	43.836458	F#4	66	50	415	34.500000	F#4	66	80	
413	43.836458	A4	69	59	414	34.500000	A4	69	80	
414	44.159375	G4	67	69	417	34.750000	G4	67	80	
415	44.173958	E4	64	66	418	34.750000	E4	64	80	
416	44.182292	B3	59	55	419	34.750000	B3	59	80	
417	44.306250	A4	69	79	420	34.875000	A4	69	80	
418	44.459375	B2	47	57	423	35.000000	B2	47	80	
419	44.462500	B4	71	73	421	35.000000	B4	71	80	
420	44.488542	Eb4	63	64	422	35.000000	Eb4	63	80	
421	44.627083	A4	69	64	424	35.125000	A4	69	80	
422	44.806250	E3	52	51	427	35.250000	E3	52	80	
423	44.815625	E4	64	46	426	35.250000	E4	64	80	
424	44.819792	G4	67	57	425	35.250000	G4	67	80	
425	45.150000	F#4	66	74	428	35.500000	F#4	66	80	
426	45.156250	A3	57	54	430	35.500000	A3	57	80	
427	45.167708	D4	62	64	429	35.500000	D4	62	80	
428	45.291667	G4	67	70	431	35.625000	G4	67	80	
429	45.457292	A4	69	70	432	35.750000	A4	69	80	
430	45.460417	A2	45	56	434	35.750000	A2	45	80	
431	45.476042	C#4	61	49	433	35.750000	C#4	61	80	
432	45.603125	G4	67	60	435	35.875000	G4	67	80	
433	45.766667	F#4	66	64	436	36.000000	F#4	66	80	
434	45.767708	D4	62	53	437	36.000000	D4	62	80	
435	45.776042	D3	50	58	438	36.000000	D3	50	80	
436	46.095833	E3	52	46	441	36.250000	E3	52	80	
437	46.098958	G4	67	67	439	36.250000	G4	67	80	
438	46.103125	C#4	61	60	440	36.250000	C#4	61	80	
439	46.254167	B3	59	73	442	36.375000	B3	59	80	
440	46.396875	F#3	54	65	445	36.500000	F#3	54	80	
441	46.403125	A4	69	85	443	36.500000	A4	69	80	
442	46.423958	A3	57	51	444	36.500000	A3	57	80	
443	46.558333	C4	60	68	446	36.625000	C4	60	80	
444	46.713542	B3	59	70	448	36.750000	B3	59	80	
445	46.719792	D5	74	86	447	36.750000	D5	74	80	
446	46.726042	G3	55	59	*	-1	*	-1	-1	
447	46.861458	C4	60	64	449	36.875000	C4	60	80	
448	47.016667	B3	59	68	452	37.000000	B3	59	80	
449	47.026042	E4	64	64	450	37.000000	E4	64	80	
450	47.077083	F#4	66	71	454	37.062500	F#4	66	80	
451	47.126042	E4	64	67	456	37.125000	E4	64	80	
452	47.130208	A3	57	71	458	37.125000	A3	57	80	
453	47.169792	F#4	66	69	459	37.187500	F#4	66	80	
454	47.265625	C#3	49	60	463	37.250000	C#3	49	80	
455	47.266667	E4	64	82	461	37.250000	E4	64	80	
456	47.272917	G3	55	63	462	37.250000	G3	55	80	
457	47.423958	B3	59	71	466	37.375000	B3	59	80	
458	47.601042	A3	57	60	469	37.500000	A3	57	80	
459	47.601042	F#4	66	81	*	-1	*	-1	-1	
460	47.608333	D3	50	53	470	37.500000	D3	50	80	
461	47.756250	B3	59	64	471	37.625000	B3	59	80	
462	47.917708	G4	67	80	472	37.750000	G4	67	80	
463	47.918750	A3	57	61	473	37.750000	A3	57	80	
464	48.066667	G3	55	65	474	37.875000	G3	55	80	
465	48.232292	F#3	54	64	476	38.000000	F#3	54	80	
466	48.236458	A4	69	86	475	38.000000	A4	69	80	
467	48.364583	A3	57	68	477	38.125000	A3	57	80	
468	48.548958	G3	55	63	479	38.250000	G3	55	80	
469	48.555208	B4	71	82	478	38.250000	B4	71	80	
470	48.693750	A3	57	61	480	38.375000	A3	57	80	
471	48.857292	G3	55	62	483	38.500000	G3	55	80	
472	48.860417	C#4	61	71	481	38.500000	C#4	61	80	
473	48.939583	D4	62	68	484	38.562500	D4	62	80	
474	48.988542	F#3	54	56	488	38.625000	F#3	54	80	
475	49.007292	C#4	61	66	486	38.625000	C#4	61	80	
476	49.055208	D4	62	62	489	38.687500	D4	62	80	
477	49.098958	E3	52	58	492	38.750000	E3	52	80	
478	49.132292	C#4	61	71	491	38.750000	C#4	61	80	
479	49.267708	G3	55	60	495	38.875000	G3	55	80	
480	49.451042	D4	62	68	*	-1	*	-1	-1	
481	49.459375	F#3	54	55	498	39.000000	F#3	54	80	
482	49.598958	G3	55	57	499	39.125000	G3	55	80	
483	49.769792	D4	62	55	500	39.250000	D4	62	80	
484	49.781250	F#3	54	56	501	39.250000	F#3	54	80	
485	49.915625	E4	64	67	502	39.375000	E4	64	80	
486	49.922917	E3	52	55	503	39.375000	E3	52	80	
487	50.077083	F#4	66	62	504	39.500000	F#4	66	80	
488	50.095833	D3	50	52	505	39.500000	D3	50	80	
489	50.229167	G4	67	59	506	39.625000	G4	67	80	
490	50.231250	E3	52	53	507	39.625000	E3	52	80	
491	50.409375	A4	69	57	508	39.750000	A4	69	80	
492	50.411458	F#3	54	64	509	39.750000	F#3	54	80	
493	50.548958	G3	55	66	510	39.875000	G3	55	80	
494	50.713542	A3	57	69	512	40.000000	A3	57	80	
495	50.715625	F#4	66	77	511	40.000000	F#4	66	80	
496	50.854167	G4	67	80	513	40.125000	G4	67	80	
497	50.863542	B3	59	77	514	40.125000	B3	59	80	
498	51.014583	C4	60	78	516	40.250000	C4	60	80	
499	51.015625	A4	69	88	515	40.250000	A4	69	80	
500	51.152083	B4	71	90	517	40.375000	B4	71	80	
501	51.158333	D4	62	73	518	40.375000	D4	62	80	
502	51.327083	C5	72	88	519	40.500000	C5	72	80	
503	51.336458	F#3	54	75	520	40.500000	F#3	54	80	
504	51.338542	D3	50	76	521	40.500000	D3	50	80	
505	51.660417	C3	48	81	523	40.750000	C3	48	80	
506	51.676042	A4	69	75	522	40.750000	A4	69	80	
507	51.792708	D3	50	84	524	40.875000	D3	50	80	
508	51.964583	E3	52	80	527	41.000000	E3	52	80	
509	51.979167	B4	71	73	525	41.000000	B4	71	80	
510	51.984375	G4	67	67	526	41.000000	G4	67	80	
511	52.122917	D3	50	89	528	41.125000	D3	50	80	
512	52.289583	C3	48	81	530	41.250000	C3	48	80	
513	52.307292	A4	69	75	529	41.250000	A4	69	80	
514	52.634375	B2	47	61	532	41.500000	B2	47	80	
515	52.650000	G4	67	57	531	41.500000	G4	67	80	
516	52.782292	C3	48	58	533	41.625000	C3	48	80	
517	52.969792	D3	50	57	535	41.750000	D3	50	80	
518	52.977083	F#4	66	55	534	41.750000	F#4	66	80	
519	53.109375	C3	48	57	536	41.875000	C3	48	80	
520	53.275000	B2	47	57	539	42.000000	B2	47	80	
521	53.292708	G4	67	51	537	42.000000	G4	67	80	
522	53.431250	G5	79	55	540	42.125000	G5	79	80	
523	53.603125	C3	48	62	542	42.250000	C3	48	80	
524	53.613542	F#5	78	56	541	42.250000	F#5	78	80	
525	53.764583	E5	76	55	543	42.375000	E5	76	80	
526	53.911458	D3	50	78	545	42.500000	D3	50	80	
527	53.935417	D5	74	54	544	42.500000	D5	74	80	
528	54.085417	F#5	78	59	546	42.625000	F#5	78	80	
529	54.244792	G3	55	82	548	42.750000	G3	55	80	
530	54.259375	E5	76	61	547	42.750000	E5	76	80	
531	54.410417	F#5	78	67	549	42.875000	F#5	78	80	
532	54.586458	E5	76	55	550	43.000000	E5	76	80	
533	54.590625	A2	45	76	551	43.000000	A2	45	80	
534	54.743750	D5	74	61	552	43.125000	D5	74	80	
535	54.906250	C5	72	59	553	43.250000	C5	72	80	
536	55.048958	E5	76	55	554	43.375000	E5	76	80	
537	55.227083	B2	47	81	556	43.500000	B2	47	80	
538	55.241667	D5	74	58	555	43.500000	D5	74	80	
539	55.402083	E5	76	59	557	43.625000	E5	76	80	
540	55.564583	C3	48	82	559	43.750000	C3	48	80	
541	55.572917	D5	74	49	558	43.750000	D5	74	80	
542	55.726042	C5	72	62	560	43.875000	C5	72	80	
543	55.885417	D3	50	83	562	44.000000	D3	50	80	
544	55.902083	B4	71	59	561	44.000000	B4	71	80	
545	56.061458	D5	74	51	563	44.125000	D5	74	80	
546	56.223958	E3	52	69	565	44.250000	E3	52	80	
547	56.238542	C5	72	55	564	44.250000	C5	72	80	
548	56.394792	D5	74	49	566	44.375000	D5	74	80	
549	56.532292	F#2	42	56	568	44.500000	F#2	42	80	
550	56.541667	C5	72	46	567	44.500000	C5	72	80	
551	56.701042	B4	71	57	569	44.625000	B4	71	80	
552	56.865625	A4	69	58	570	44.750000	A4	69	80	
553	57.020833	C5	72	59	571	44.875000	C5	72	80	
554	57.159375	G2	43	53	573	45.000000	G2	43	80	
555	57.169792	B4	71	59	572	45.000000	B4	71	80	
556	57.302083	A2	45	63	575	45.125000	A2	45	80	
557	57.314583	A4	69	63	574	45.125000	A4	69	80	
558	57.483333	B2	47	69	577	45.250000	B2	47	80	
559	57.488542	G4	67	59	576	45.250000	G4	67	80	
560	57.642708	B4	71	59	578	45.375000	B4	71	80	
561	57.812500	F#4	66	59	579	45.500000	F#4	66	80	
562	57.823958	D4	62	50	580	45.500000	D4	62	80	
563	57.959375	B4	71	68	581	45.625000	B4	71	80	
564	58.129167	E4	64	66	582	45.750000	E4	64	80	
565	58.137500	C#4	61	64	583	45.750000	C#4	61	80	
566	58.268750	B4	71	67	584	45.875000	B4	71	80	
567	58.281250	A2	45	66	585	45.875000	A2	45	80	
568	58.434375	D4	62	74	586	46.000000	D4	62	80	
569	58.437500	G2	43	73	587	46.000000	G2	43	80	
570	58.557292	F#2	42	73	589	46.125000	F#2	42	80	
571	58.577083	B4	71	69	588	46.125000	B4	71	80	
572	58.732292	E2	40	71	591	46.250000	E2	40	80	
573	58.746875	C#4	61	71	590	46.250000	C#4	61	80	
574	58.878125	G2	43	77	593	46.375000	G2	43	80	
575	58.897917	B4	71	70	592	46.375000	B4	71	80	
576	59.062500	F#2	42	78	595	46.500000	F#2	42	80	
577	59.067708	A4	69	68	594	46.500000	A4	69	80	
578	59.210417	G2	43	81	597	46.625000	G2	43	80	
579	59.215625	G4	67	67	596	46.625000	G4	67	80	
580	59.367708	A2	45	78	599	46.750000	A2	45	80	
581	59.384375	F#4	66	72	598	46.750000	F#4	66	80	
582	59.526042	A4	69	69	600	46.875000	A4	69	80	
583	59.700000	C#4	61	68	602	47.000000	C#4	61	80	
584	59.700000	E4	64	68	601	47.000000	E4	64	80	
585	59.841667	A4	69	67	603	47.125000	A4	69	80	
586	60.012500	D4	62	68	604	47.250000	D4	62	80	
587	60.018750	B3	59	67	605	47.250000	B3	59	80	
588	60.152083	A4	69	64	606	47.375000	A4	69	80	
589	60.155208	G2	43	59	607	47.375000	G2	43	80	
590	60.319792	F#2	42	63	609	47.500000	F#2	42	80	
591	60.331250	C#4	61	68	608	47.500000	C#4	61	80	
592	60.460417	E2	40	60	611	47.625000	E2	40	80	
593	60.473958	A4	69	59	610	47.625000	A4	69	80	
594	60.637500	D2	38	61	613	47.750000	D2	38	80	
595	60.653125	B3	59	64	612	47.750000	B3	59	80	
596	60.790625	A4	69	58	614	47.875000	A4	69	80	
597	60.803125	F#2	42	61	615	47.875000	F#2	42	80	
598	60.966667	G4	67	58	616	48.000000	G4	67	80	
599	60.986458	E2	40	59	617	48.000000	E2	40	80	
600	61.122917	F#4	66	57	618	48.125000	F#4	66	80	
601	61.126042	F#2	42	69	619	48.125000	F#2	42	80	
602	61.276042	G2	43	68	621	48.250000	G2	43	80	
603	61.288542	E4	64	61	620	48.250000	E4	64	80	
604	61.437500	G4	67	52	622	48.375000	G4	67	80	
605	61.613542	D4	62	51	623	48.500000	D4	62	80	
606	61.618750	B3	59	52	624	48.500000	B3	59	80	
607	61.747917	G4	67	48	625	48.625000	G4	67	80	
608	61.915625	C#4	61	58	626	48.750000	C#4	61	80	
609	62.056250	G4	67	49	628	48.875000	G4	67	80	
610	62.061458	F#2	42	57	629	48.875000	F#2	42	80	
611	62.226042	B3	59	63	630	49.000000	B3	59	80	
612	62.228125	E2	40	55	631	49.000000	E2	40	80	
613	62.357292	D2	38	59	633	49.125000	D2	38	80	
614	62.364583	G4	67	49	632	49.125000	G4	67	80	
615	62.511458	C#2	37	59	635	49.250000	C2	36	80	
616	62.535417	A3	57	59	634	49.250000	A3	57	80	
617	62.663542	G4	67	51	636	49.375000	G4	67	80	
618	62.682292	E2	40	55	637	49.375000	E2	40	80	
619	62.837500	F#4	66	56	638	49.500000	F#4	66	80	
620	62.848958	D2	38	61	639	49.500000	D2	38	80	
621	62.991667	D5	74	59	640	49.625000	D5	74	80	
622	62.992708	E2	40	55	641	49.625000	E2	40	80	
623	63.143750	C5	72	64	642	49.750000	C5	72	80	
624	63.147917	F#2	42	60	643	49.750000	F#2	42	80	
625	63.292708	B4	71	72	644	49.875000	B4	71	80	
626	63.302083	D2	38	58	645	49.875000	D2	38	80	
627	63.460417	G2	43	59	647	50.000000	G2	43	80	
628	63.462500	A4	69	73	646	50.000000	A4	69	80	
629	63.598958	G4	67	69	648	50.125000	G4	67	80	
630	63.608333	D2	38	64	649	50.125000	D2	38	80	
631	63.757292	F#4	66	76	650	50.250000	F#4	66	80	
632	63.771875	A2	45	59	651	50.250000	A2	45	80	
633	63.911458	E4	64	78	652	50.375000	E4	64	80	
634	63.917708	D2	38	65	653	50.375000	D2	38	80	
635	64.069792	B2	47	58	655	50.500000	B2	47	80	
636	64.076042	D4	62	71	654	50.500000	D4	62	80	
637	64.221875	C4	60	65	656	50.625000	C4	60	80	
638	64.229167	D2	38	59	657	50.625000	D2	38	80	
639	64.378125	B3	59	62	658	50.750000	B3	59	80	
640	64.393750	C3	48	53	659	50.750000	C3	48	80	
641	64.514583	A3	57	57	660	50.875000	A3	57	80	
642	64.560417	D2	38	34	661	50.875000	D2	38	80	
643	64.656250	B2	47	67	663	51.000000	B2	47	80	
644	64.682292	G3	55	50	662	51.000000	G3	55	80	
645	64.814583	A3	57	56	664	51.125000	A3	57	80	
646	64.825000	G3	55	73	665	51.125000	G3	55	80	
647	64.968750	F3	53	76	667	51.250000	F3	53	80	
648	64.986458	B3	59	62	666	51.250000	B3	59	80	
649	65.121875	E3	52	80	669	51.375000	E3	52	80	
650	65.138542	G3	55	65	668	51.375000	G3	55	80	
651	65.266667	D3	50	75	671	51.500000	D3	50	80	
652	65.294792	C4	60	71	670	51.500000	C4	60	80	
653	65.407292	C3	48	79	673	51.625000	C3	48	80	
654	65.436458	G3	55	62	672	51.625000	G3	55	80	
655	65.579167	B2	47	81	675	51.750000	B2	47	80	
656	65.594792	D4	62	70	674	51.750000	D4	62	80	
657	65.734375	A2	45	75	677	51.875000	A2	45	80	
658	65.738542	G3	55	68	676	51.875000	G3	55	80	
659	65.891667	G2	43	81	679	52.000000	G2	43	80	
660	65.897917	E4	64	74	678	52.000000	E4	64	80	
661	66.040625	F2	41	78	681	52.125000	F2	41	80	
662	66.050000	G3	55	69	680	52.125000	G3	55	80	
663	66.188542	E2	40	76	683	52.250000	E2	40	80	
664	66.197917	F4	65	65	682	52.250000	F4	65	80	
665	66.318750	D2	38	77	685	52.375000	D2	38	80	
666	66.341667	G3	55	66	684	52.375000	G3	55	80	
667	66.486458	E4	64	64	686	52.500000	E4	64	80	
668	66.492708	C2	36	77	687	52.500000	C2	36	80	
669	66.641667	D2	38	78	689	52.625000	D2	38	80	
670	66.648958	C5	72	66	688	52.625000	C5	72	80	
671	66.797917	E2	40	76	691	52.750000	E2	40	80	
672	66.801042	B4	71	71	690	52.750000	B4	71	80	
673	66.947917	F#2	42	76	693	52.875000	F#2	42	80	
674	66.948958	D5	74	66	692	52.875000	D5	74	80	
675	67.103125	A4	69	73	694	53.000000	A4	69	80	
676	67.109375	G#2	44	83	695	53.000000	G#2	44	80	
677	67.265625	D5	74	67	696	53.125000	D5	74	80	
678	67.266667	A2	45	81	697	53.125000	A2	45	80	
679	67.420833	B2	47	82	699	53.250000	B2	47	80	
680	67.442708	G#4	68	73	698	53.250000	G#4	68	80	
681	67.573958	C3	48	82	701	53.375000	C3	48	80	
682	67.605208	D5	74	64	700	53.375000	D5	74	80	
683	67.732292	D3	50	81	703	53.500000	D3	50	80	
684	67.751042	F#4	66	73	702	53.500000	F#4	66	80	
685	67.884375	E3	52	78	705	53.625000	E3	52	80	
686	67.898958	D5	74	63	704	53.625000	D5	74	80	
687	68.047917	F#3	54	70	707	53.750000	F#3	54	80	
688	68.068750	E4	64	61	706	53.750000	E4	64	80	
689	68.198958	D5	74	56	708	53.875000	D5	74	80	
690	68.206250	G#3	56	70	709	53.875000	G#3	56	80	
691	68.359375	A3	57	64	711	54.000000	A3	57	80	
692	68.366667	C5	72	63	710	54.000000	C5	72	80	
693	68.507292	G3	55	61	713	54.125000	G3	55	80	
694	68.508333	A4	69	67	712	54.125000	A4	69	80	
695	68.658333	B4	71	74	714	54.250000	B4	71	80	
696	68.671875	F#3	54	66	715	54.250000	F#3	54	80	
697	68.809375	C#5	73	82	716	54.375000	C#5	73	80	
698	68.817708	A3	57	67	717	54.375000	A3	57	80	
699	68.973958	E3	52	69	719	54.500000	E3	52	80	
700	68.975000	Eb5	75	85	718	54.500000	Eb5	75	80	
701	69.102083	E5	76	84	720	54.625000	E5	76	80	
702	69.111458	A3	57	72	721	54.625000	A3	57	80	
703	69.259375	Eb3	51	65	723	54.750000	Eb3	51	80	
704	69.261458	F#5	78	85	722	54.750000	F#5	78	80	
705	69.405208	G5	79	91	724	54.875000	G5	79	80	
706	69.432292	A3	57	68	725	54.875000	A3	57	80	
707	69.560417	A5	81	92	726	55.000000	A5	81	80	
708	69.565625	C#3	49	65	727	55.000000	C#3	49	80	
709	69.705208	B5	83	85	728	55.125000	B5	83	80	
710	69.734375	A3	57	63	729	55.125000	A3	57	80	
711	69.865625	C6	84	79	730	55.250000	C6	84	80	
712	69.883333	B2	47	61	731	55.250000	B2	47	80	
713	70.022917	Eb5	75	65	732	55.375000	Eb5	75	80	
714	70.044792	A3	57	54	733	55.375000	A3	57	80	
715	70.201042	E5	76	63	734	55.500000	E5	76	80	
716	70.217708	G3	55	52	735	55.500000	G3	55	80	
717	70.532292	F#5	78	60	736	55.750000	F#5	78	80	
718	70.533333	C4	60	48	737	55.750000	C4	60	80	
719	70.669792	E5	76	76	738	55.875000	E5	76	80	
720	70.827083	Eb5	75	78	739	56.000000	Eb5	75	80	
721	70.833333	B3	59	57	740	56.000000	B3	59	80	
722	70.962500	E5	76	74	741	56.125000	E5	76	80	
723	71.142708	F#5	78	63	742	56.250000	F#5	78	80	
724	71.147917	A3	57	48	743	56.250000	A3	57	80	
725	71.472917	G5	79	70	744	56.500000	G5	79	80	
726	71.473958	B3	59	53	745	56.500000	B3	59	80	
727	71.617708	F#5	78	77	746	56.625000	F#5	78	80	
728	71.767708	E5	76	79	747	56.750000	E5	76	80	
729	71.770833	B2	47	53	748	56.750000	B2	47	80	
730	71.909375	F#5	78	80	749	56.875000	F#5	78	80	
731	72.076042	G5	79	79	750	57.000000	G5	79	80	
732	72.094792	E3	52	55	751	57.000000	E3	52	80	
733	72.251042	F#3	54	58	752	57.125000	F#3	54	80	
734	72.404167	F#5	78	73	753	57.250000	F#5	78	80	
735	72.412500	G3	55	61	754	57.250000	G3	55	80	
736	72.538542	E3	52	58	755	57.375000	E3	52	80	
737	72.707292	E5	76	82	756	57.500000	E5	76	80	
738	72.723958	A3	57	53	757	57.500000	A3	57	80	
739	72.857292	E3	52	61	758	57.625000	E3	52	80	
740	73.019792	B4	71	82	759	57.750000	B4	71	80	
741	73.033333	B3	59	66	760	57.750000	B3	59	80	
742	73.156250	E3	52	64	761	57.875000	E3	52	80	
743	73.335417	A5	81	89	762	58.000000	A5	81	80	
744	73.342708	C#4	61	63	763	58.000000	C#4	61	80	
745	73.488542	E3	52	65	764	58.125000	E3	52	80	
746	73.654167	Eb4	63	67	765	58.250000	Eb4	63	80	
747	73.791667	E3	52	60	766	58.375000	E3	52	80	
748	73.970833	G5	79	77	767	58.500000	G5	79	80	
749	73.975000	E4	64	64	768	58.500000	E4	64	80	
750	74.111458	Eb4	63	64	770	58.625000	Eb4	63	80	
751	74.270833	E4	64	72	772	58.750000	E4	64	80	
752	74.280208	F#5	78	83	771	58.750000	F#5	78	80	
753	74.406250	F#4	66	73	773	58.875000	F#4	66	80	
754	74.582292	G4	67	71	775	59.000000	G4	67	80	
755	74.590625	E5	76	83	774	59.000000	E5	76	80	
756	74.723958	E4	64	74	776	59.125000	E4	64	80	
757	74.902083	Eb5	75	89	777	59.250000	Eb5	75	80	
758	74.907292	F#4	66	70	778	59.250000	F#4	66	80	
759	75.058333	E4	64	69	779	59.375000	E4	64	80	
760	75.217708	C6	84	92	780	59.500000	C6	84	80	
761	75.226042	F#4	66	70	781	59.500000	F#4	66	80	
762	75.376042	G4	67	71	782	59.625000	G4	67	80	
763	75.538542	A4	69	70	783	59.750000	A4	69	80	
764	75.682292	F#4	66	74	784	59.875000	F#4	66	80	
765	75.859375	G4	67	74	786	60.000000	G4	67	80	
766	75.860417	B5	83	81	785	60.000000	B5	83	80	
767	76.184375	C6	84	81	787	60.250000	C6	84	80	
768	76.190625	A4	69	74	788	60.250000	A4	69	80	
769	76.328125	B5	83	88	789	60.375000	B5	83	80	
770	76.336458	G4	67	75	790	60.375000	G4	67	80	
771	76.488542	A5	81	87	791	60.500000	A5	81	80	
772	76.491667	F#4	66	72	792	60.500000	F#4	66	80	
773	76.617708	E4	64	70	794	60.625000	E4	64	80	
774	76.619792	G5	79	84	793	60.625000	G5	79	80	
775	76.804167	F#5	78	78	795	60.750000	F#5	78	80	
776	76.807292	A4	69	77	796	60.750000	A4	69	80	
777	77.135417	A5	81	85	797	61.000000	A5	81	80	
778	77.288542	G5	79	84	798	61.125000	G5	79	80	
779	77.451042	F#5	78	84	799	61.250000	F#5	78	80	
780	77.587500	E5	76	81	800	61.375000	E5	76	80	
781	77.758333	Eb5	75	82	801	61.500000	Eb5	75	80	
782	77.901042	G4	67	59	802	61.625000	G4	67	80	
783	78.065625	A5	81	75	803	61.750000	A5	81	80	
784	78.071875	F#4	66	59	804	61.750000	F#4	66	80	
785	78.219792	A4	69	58	805	61.875000	A4	69	80	
786	78.379167	G5	79	71	806	62.000000	G5	79	80	
787	78.385417	E4	64	50	807	62.000000	E4	64	80	
788	78.532292	A4	69	53	808	62.125000	A4	69	80	
789	78.696875	F#5	78	69	809	62.250000	F#5	78	80	
790	78.705208	Eb4	63	61	810	62.250000	Eb4	63	80	
791	78.831250	A4	69	63	811	62.375000	A4	69	80	
792	79.009375	C#4	61	51	813	62.500000	C#4	61	80	
793	79.013542	E5	76	66	812	62.500000	E5	76	80	
794	79.145833	A4	69	56	814	62.625000	A4	69	80	
795	79.310417	B3	59	51	816	62.750000	B3	59	80	
796	79.318750	Eb5	75	69	815	62.750000	Eb5	75	80	
797	79.454167	A4	69	50	817	62.875000	A4	69	80	
798	79.621875	G4	67	58	819	63.000000	G4	67	80	
799	79.626042	E5	76	61	818	63.000000	E5	76	80	
800	79.957292	D5	74	67	820	63.250000	D5	74	80	
801	79.959375	F#4	66	61	821	63.250000	F#4	66	80	
802	80.083333	G4	67	69	822	63.375000	G4	67	80	
803	80.255208	C5	72	76	823	63.500000	C5	72	80	
804	80.256250	A4	69	71	824	63.500000	A4	69	80	
805	80.384375	G4	67	66	825	63.625000	G4	67	80	
806	80.581250	D5	74	65	826	63.750000	D5	74	80	
807	80.583333	F#4	66	70	827	63.750000	F#4	66	80	
808	80.911458	C5	72	77	828	64.000000	C5	72	80	
809	80.916667	E4	64	64	829	64.000000	E4	64	80	
810	81.043750	F#4	66	67	830	64.125000	F#4	66	80	
811	81.222917	B4	71	65	831	64.250000	B4	71	80	
812	81.229167	G4	67	58	832	64.250000	G4	67	80	
813	81.368750	F#4	66	63	833	64.375000	F#4	66	80	
814	81.517708	C5	72	66	834	64.500000	C5	72	80	
815	81.527083	E4	64	61	835	64.500000	E4	64	80	
816	81.667708	C6	84	66	836	64.625000	C6	84	80	
817	81.814583	F#4	66	78	838	64.750000	F#4	66	80	
818	81.835417	B5	83	70	837	64.750000	B5	83	80	
819	81.972917	A5	81	80	839	64.875000	A5	81	80	
820	82.131250	G4	67	85	841	65.000000	G4	67	80	
821	82.135417	G5	79	77	840	65.000000	G5	79	80	
822	82.277083	B5	83	80	842	65.125000	B5	83	80	
823	82.447917	C5	72	88	844	65.250000	C5	72	80	
824	82.453125	A5	81	79	843	65.250000	A5	81	80	
825	82.605208	B5	83	74	845	65.375000	B5	83	80	
826	82.761458	Eb4	63	79	847	65.500000	Eb4	63	80	
827	82.781250	A5	81	65	846	65.500000	A5	81	80	
828	82.938542	G5	79	70	848	65.625000	G5	79	80	
829	83.097917	F#5	78	65	849	65.750000	F#5	78	80	
830	83.247917	A5	81	59	850	65.875000	A5	81	80	
831	83.417708	E4	64	68	852	66.000000	E4	64	80	
832	83.423958	G5	79	58	851	66.000000	G5	79	80	
833	83.569792	A5	81	59	853	66.125000	A5	81	80	
834	83.736458	F#4	66	63	855	66.250000	F#4	66	80	
835	83.773958	G5	79	56	854	66.250000	G5	79	80	
836	83.905208	F#5	78	60	856	66.375000	F#5	78	80	
837	84.043750	G4	67	52	858	66.500000	G4	67	80	
838	84.050000	E5	76	55	857	66.500000	E5	76	80	
839	84.187500	G5	79	56	859	66.625000	G5	79	80	
840	84.362500	F#5	78	58	860	66.750000	F#5	78	80	
841	84.367708	A4	69	38	861	66.750000	A4	69	80	
842	84.509375	G5	79	54	862	66.875000	G5	79	80	
843	84.660417	B3	59	60	864	67.000000	B3	59	80	
844	84.673958	F#5	78	52	863	67.000000	F#5	78	80	
845	84.821875	E5	76	58	865	67.125000	E5	76	80	
846	84.977083	Eb5	75	64	866	67.250000	Eb5	75	80	
847	85.115625	F#5	78	61	867	67.375000	F#5	78	80	
848	85.297917	E5	76	60	868	67.500000	E5	76	80	
849	85.314583	C4	60	55	869	67.500000	C4	60	80	
850	85.454167	B3	59	56	870	67.625000	B3	59	80	
851	85.619792	A3	57	55	872	67.750000	A3	57	80	
852	85.626042	F#5	78	69	871	67.750000	F#5	78	80	
853	85.758333	B3	59	62	874	67.875000	B3	59	80	
854	85.765625	G5	79	79	873	67.875000	G5	79	80	
855	85.928125	A5	81	83	875	68.000000	A5	81	80	
856	85.929167	C4	60	65	876	68.000000	C4	60	80	
857	86.070833	D4	62	77	877	68.125000	D4	62	80	
858	86.231250	E4	64	81	878	68.250000	E4	64	80	
859	86.371875	Eb4	63	78	879	68.375000	Eb4	63	80	
860	86.527083	E4	64	74	881	68.500000	E4	64	80	
861	86.537500	G5	79	88	880	68.500000	G5	79	80	
862	86.685417	F#4	66	76	883	68.625000	F#4	66	80	
863	86.686458	A5	81	93	882	68.625000	A5	81	80	
864	86.838542	B5	83	90	884	68.750000	B5	83	80	
865	86.839583	G4	67	80	885	68.750000	G4	67	80	
866	86.994792	A4	69	91	886	68.875000	A4	69	80	
867	87.153125	B4	71	91	887	69.000000	B4	71	80	
868	87.301042	B2	47	68	888	69.125000	B2	47	80	
869	87.390625	C#3	49	74	889	69.187500	C#3	49	80	
870	87.464583	Eb3	51	81	891	69.250000	Eb3	51	80	
871	87.481250	A5	81	89	890	69.250000	A5	81	80	
872	87.609375	B2	47	79	892	69.375000	B2	47	80	
873	87.781250	G5	79	94	893	69.500000	G5	79	80	
874	87.791667	E3	52	80	894	69.500000	E3	52	80	
875	87.930208	B2	47	73	895	69.625000	B2	47	80	
876	88.103125	F#3	54	81	897	69.750000	F#3	54	80	
877	88.111458	F#5	78	89	896	69.750000	F#5	78	80	
878	88.245833	G5	79	90	898	69.875000	G5	79	80	
879	88.246875	B2	47	76	899	69.875000	B2	47	80	
880	88.408333	C5	72	81	901	70.000000	C5	72	80	
881	88.408333	A5	81	89	900	70.000000	A5	81	80	
882	88.419792	G3	55	79	902	70.000000	G3	55	80	
883	88.556250	B2	47	78	903	70.125000	B2	47	80	
884	88.730208	Eb5	75	92	904	70.250000	Eb5	75	80	
885	88.738542	F#4	66	83	905	70.250000	F#4	66	80	
886	88.748958	A3	57	69	906	70.250000	A3	57	80	
887	88.889583	B2	47	71	907	70.375000	B2	47	80	
888	89.092708	E5	76	86	908	70.500000	E5	76	80	
889	89.102083	E4	64	79	909	70.500000	E4	64	80	
890	89.109375	G3	55	67	910	70.500000	G3	55	80	
891	89.248958	F#3	54	68	912	70.625000	F#3	54	80	
892	89.252083	F#4	66	84	911	70.625000	F#4	66	80	
893	89.417708	G4	67	83	913	70.750000	G4	67	80	
894	89.423958	E3	52	63	914	70.750000	E3	52	80	
895	89.592708	G3	55	58	915	70.875000	G3	55	80	
896	89.745833	B4	71	83	916	71.000000	B4	71	80	
897	89.760417	D3	50	61	917	71.000000	D3	50	80	
898	89.917708	G3	55	60	918	71.125000	G3	55	80	
899	90.137500	C#3	49	55	920	71.250000	C#3	49	80	
900	90.140625	A4	69	69	919	71.250000	A4	69	80	
901	90.305208	G3	55	52	922	71.375000	G3	55	80	
902	90.316667	F#4	66	51	921	71.375000	F#4	66	80	
903	90.468750	B2	47	56	924	71.500000	B2	47	80	
904	90.484375	E4	64	52	923	71.500000	E4	64	80	
905	90.632292	D4	62	53	925	71.625000	D4	62	80	
906	90.635417	G3	55	52	926	71.625000	G3	55	80	
907	90.791667	C#4	61	56	927	71.750000	C#4	61	80	
908	90.802083	A2	45	48	928	71.750000	A2	45	80	
909	90.948958	E4	64	51	929	71.875000	E4	64	80	
910	90.964583	G3	55	51	930	71.875000	G3	55	80	
911	91.109375	D4	62	56	931	72.000000	D4	62	80	
912	91.120833	F#3	54	50	932	72.000000	F#3	54	80	
913	91.253125	E4	64	63	933	72.125000	E4	64	80	
914	91.257292	E3	52	56	934	72.125000	E3	52	80	
915	91.415625	D3	50	57	936	72.250000	D3	50	80	
916	91.416667	F#4	66	65	935	72.250000	F#4	66	80	
917	91.565625	F#3	54	57	937	72.375000	F#3	54	80	
918	91.721875	A4	69	65	938	72.500000	A4	69	80	
919	91.727083	C#3	49	53	939	72.500000	C#3	49	80	
920	91.882292	F#3	54	53	940	72.625000	F#3	54	80	
921	92.033333	B2	47	48	942	72.750000	B2	47	80	
922	92.035417	G4	67	54	941	72.750000	G4	67	80	
923	92.182292	F#3	54	51	944	72.875000	F#3	54	80	
924	92.196875	E4	64	52	943	72.875000	E4	64	80	
925	92.352083	A2	45	50	946	73.000000	A2	45	80	
926	92.371875	D4	62	55	945	73.000000	D4	62	80	
927	92.513542	F#3	54	53	948	73.125000	F#3	54	80	
928	92.516667	C#4	61	56	947	73.125000	C#4	61	80	
929	92.656250	B3	59	64	949	73.250000	B3	59	80	
930	92.666667	G2	43	51	950	73.250000	G2	43	80	
931	92.823958	F#3	54	54	952	73.375000	F#3	54	80	
932	92.828125	D4	62	58	951	73.375000	D4	62	80	
933	92.987500	C#4	61	60	953	73.500000	C#4	61	80	
934	93.001042	E3	52	54	954	73.500000	E3	52	80	
935	93.146875	D4	62	58	955	73.625000	D4	62	80	
936	93.154167	D3	50	54	956	73.625000	D3	50	80	
937	93.314583	C#3	49	52	958	73.750000	C#3	49	80	
938	93.322917	E4	64	61	957	73.750000	E4	64	80	
939	93.446875	E3	52	52	959	73.875000	E3	52	80	
940	93.637500	B2	47	46	961	74.000000	B2	47	80	
941	93.641667	G4	67	52	960	74.000000	G4	67	80	
942	93.779167	E3	52	48	962	74.125000	E3	52	80	
943	93.953125	Bb2	46	54	964	74.250000	Bb2	46	80	
944	93.959375	F#4	66	61	963	74.250000	F#4	66	80	
945	94.096875	E3	52	57	966	74.375000	E3	52	80	
946	94.105208	D4	62	65	965	74.375000	D4	62	80	
947	94.271875	C#4	61	60	967	74.500000	C#4	61	80	
948	94.273958	G#2	44	52	968	74.500000	G#2	44	80	
949	94.406250	B3	59	68	969	74.625000	B3	59	80	
950	94.408333	E3	52	57	970	74.625000	E3	52	80	
951	94.575000	F#2	42	48	972	74.750000	F#2	42	80	
952	94.581250	Bb3	58	59	971	74.750000	Bb3	58	80	
953	94.721875	C#4	61	59	973	74.875000	C#4	61	80	
954	94.723958	E3	52	48	974	74.875000	E3	52	80	
955	94.897917	D3	50	57	976	75.000000	D3	50	80	
956	94.897917	B3	59	51	975	75.000000	B3	59	80	
957	95.040625	F#3	54	60	978	75.125000	F#3	54	80	
958	95.044792	B4	71	71	977	75.125000	B4	71	80	
959	95.190625	E3	52	58	980	75.250000	E3	52	80	
960	95.202083	C#5	73	77	979	75.250000	C#5	73	80	
961	95.332292	D3	50	64	982	75.375000	D3	50	80	
962	95.354167	B4	71	84	981	75.375000	B4	71	80	
963	95.491667	C#3	49	67	984	75.500000	C#3	49	80	
964	95.501042	Bb4	70	83	983	75.500000	Bb4	70	80	
965	95.635417	B2	47	63	986	75.625000	B2	47	80	
966	95.640625	B4	71	80	985	75.625000	B4	71	80	
967	95.807292	Bb2	46	68	988	75.750000	Bb2	46	80	
968	95.809375	C#5	73	78	987	75.750000	C#5	73	80	
969	95.952083	C#3	49	76	989	75.875000	C#3	49	80	
970	96.125000	B2	47	73	991	76.000000	B2	47	80	
971	96.132292	D5	74	81	990	76.000000	D5	74	80	
972	96.267708	Bb2	46	74	993	76.125000	Bb2	46	80	
973	96.267708	C#5	73	83	992	76.125000	C#5	73	80	
974	96.418750	G#2	44	72	995	76.250000	G#2	44	80	
975	96.421875	B4	71	87	994	76.250000	B4	71	80	
976	96.551042	F#2	42	69	997	76.375000	F#2	42	80	
977	96.568750	C#5	73	87	996	76.375000	C#5	73	80	
978	96.741667	D5	74	84	998	76.500000	D5	74	80	
979	96.752083	B2	47	74	999	76.500000	B2	47	80	
980	97.075000	C#5	73	86	1000	76.750000	C#5	73	80	
981	97.089583	C#3	49	70	1001	76.750000	C#3	49	80	
982	97.241667	B2	47	74	1002	76.875000	B2	47	80	
983	97.387500	Bb2	46	78	1004	77.000000	Bb2	46	80	
984	97.387500	B4	71	84	1003	77.000000	B4	71	80	
985	97.523958	B2	47	81	1005	77.125000	B2	47	80	
986	97.707292	C#3	49	89	1007	77.250000	C#3	49	80	
987	97.719792	Bb4	70	89	1006	77.250000	Bb4	70	80	
988	98.048958	G5	79	84	1008	77.500000	G5	79	80	
989	98.052083	D3	50	79	1009	77.500000	D3	50	80	
990	98.189583	C#3	49	83	1010	77.625000	C#3	49	80	
991	98.354167	B2	47	75	1011	77.750000	B2	47	80	
992	98.494792	C#3	49	89	1012	77.875000	C#3	49	80	
993	98.677083	D3	50	87	1014	78.000000	D3	50	80	
994	98.682292	F#5	78	80	1013	78.000000	F#5	78	80	
995	99.008333	C#3	49	91	1016	78.250000	C#3	49	80	
996	99.010417	G5	79	75	1015	78.250000	G5	79	80	
997	99.167708	F#5	78	81	1017	78.375000	F#5	78	80	
998	99.325000	B2	47	91	1019	78.500000	B2	47	80	
999	99.338542	E5	76	79	1018	78.500000	E5	76	80	
1000	99.470833	D5	74	70	1020	78.625000	D5	74	80	
1001	99.642708	Bb2	46	92	1022	78.750000	Bb2	46	80	
1002	99.657292	C#5	73	77	1021	78.750000	C#5	73	80	
1003	100.002083	G3	55	85	1024	79.000000	G3	55	80	
1004	100.007292	E5	76	75	1023	79.000000	E5	76	80	
1005	100.159375	D5	74	67	1025	79.125000	D5	74	80	
1006	100.321875	C#5	73	69	1026	79.250000	C#5	73	80	
1007	100.472917	B4	71	57	1027	79.375000	B4	71	80	
1008	100.635417	F#3	54	58	1029	79.500000	F#3	54	80	
1009	100.656250	Bb4	70	59	1028	79.500000	Bb4	70	80	
1010	100.784375	G#3	56	60	1031	79.625000	G#3	56	80	
1011	100.793750	B4	71	58	1030	79.625000	B4	71	80	
1012	100.947917	Bb3	58	57	1033	79.750000	Bb3	58	80	
1013	100.964583	C#5	73	59	1032	79.750000	C#5	73	80	
1014	101.089583	F#3	54	58	1035	79.875000	F#3	54	80	
1015	101.115625	Bb4	70	65	1034	79.875000	Bb4	70	80	
1016	101.255208	D5	74	79	1036	80.000000	D5	74	80	
1017	101.260417	B3	59	76	1037	80.000000	B3	59	80	
1018	101.401042	F#3	54	66	1039	80.125000	F#3	54	80	
1019	101.407292	Bb4	70	79	1038	80.125000	Bb4	70	80	
1020	101.569792	C#4	61	72	1041	80.250000	C#4	61	80	
1021	101.570833	E5	76	85	1040	80.250000	E5	76	80	
1022	101.723958	Bb4	70	77	1042	80.375000	Bb4	70	80	
1023	101.732292	F#3	54	61	1043	80.375000	F#3	54	80	
1024	101.882292	F#5	78	76	1044	80.500000	F#5	78	80	
1025	101.890625	D4	62	49	1045	80.500000	D4	62	80	
1026	102.021875	F#3	54	58	1047	80.625000	F#3	54	80	
1027	102.039583	Bb4	70	65	1046	80.625000	Bb4	70	80	
1028	102.201042	G5	79	67	1048	80.750000	G5	79	80	
1029	102.207292	E4	64	53	1049	80.750000	E4	64	80	
1030	102.338542	F#3	54	51	1051	80.875000	F#3	54	80	
1031	102.357292	Bb4	70	63	1050	80.875000	Bb4	70	80	
1032	102.523958	D4	62	51	1053	81.000000	D4	62	80	
1033	102.530208	F#5	78	46	1052	81.000000	F#5	78	80	
1034	102.660417	F#3	54	53	1055	81.125000	F#3	54	80	
1035	102.845833	G3	55	48	1057	81.250000	G3	55	80	
1036	102.852083	B4	71	53	1056	81.250000	B4	71	80	
1037	102.982292	D4	62	52	1059	81.375000	D4	62	80	
1038	102.988542	F#5	78	58	1058	81.375000	F#5	78	80	
1039	103.141667	C#4	61	62	1061	81.500000	C#4	61	80	
1040	103.150000	E5	76	61	1060	81.500000	E5	76	80	
1041	103.203125	D5	74	63	1062	81.562500	D5	74	80	
1042	103.267708	C#5	73	71	1064	81.625000	C#5	73	80	
1043	103.272917	Bb3	58	55	1065	81.625000	Bb3	58	80	
1044	103.334375	B3	59	34	1067	81.687500	B3	59	80	
1045	103.347917	D5	74	71	1066	81.687500	D5	74	80	
1046	103.431250	C#4	61	59	1069	81.750000	C#4	61	80	
1047	103.452083	E5	76	76	1068	81.750000	E5	76	80	
1048	103.605208	E3	52	61	1071	81.875000	E3	52	80	
1049	103.606250	G#4	68	75	1070	81.875000	G#4	68	80	
1050	103.768750	F#3	54	70	1073	82.000000	F#3	54	80	
1051	103.770833	Bb4	70	81	1072	82.000000	Bb4	70	80	
1052	103.920833	C#4	61	73	1075	82.125000	C#4	61	80	
1053	103.920833	E5	76	72	1074	82.125000	E5	76	80	
1054	104.060417	D5	74	69	1076	82.250000	D5	74	80	
1055	104.069792	B3	59	56	1077	82.250000	B3	59	80	
1056	104.112500	C#5	73	65	1078	82.312500	C#5	73	80	
1057	104.128125	Bb3	58	55	1079	82.312500	Bb3	58	80	
1058	104.189583	B4	71	74	1080	82.375000	B4	71	80	
1059	104.209375	G#3	56	63	1081	82.375000	G#3	56	80	
1060	104.263542	C#5	73	66	1082	82.437500	C#5	73	80	
1061	104.281250	Bb3	58	62	1083	82.437500	Bb3	58	80	
1062	104.388542	D5	74	61	1084	82.500000	D5	74	80	
1063	104.389583	B3	59	63	1085	82.500000	B3	59	80	
1064	104.547917	C#4	61	56	1087	82.625000	C#4	61	80	
1065	104.719792	D4	62	60	1088	82.750000	D4	62	80	
1066	104.873958	B3	59	76	1089	82.875000	B3	59	80	
1067	105.037500	E4	64	76	1090	83.000000	E4	64	80	
1068	105.192708	B3	59	81	1091	83.125000	B3	59	80	
1069	105.353125	F#4	66	80	1092	83.250000	F#4	66	80	
1070	105.513542	B3	59	76	1093	83.375000	B3	59	80	
1071	105.671875	G#4	68	72	1094	83.500000	G#4	68	80	
1072	105.823958	B3	59	58	1095	83.625000	B3	59	80	
1073	105.995833	B2	47	54	1097	83.750000	B2	47	80	
1074	105.995833	A4	69	58	1096	83.750000	A4	69	80	
1075	106.151042	B3	59	42	1098	83.875000	B3	59	80	
1076	106.315625	G#4	68	58	1099	84.000000	G#4	68	80	
1077	106.330208	E3	52	49	1100	84.000000	E3	52	80	
1078	106.464583	F#3	54	56	1101	84.125000	F#3	54	80	
1079	106.632292	G#3	56	56	1103	84.250000	G#3	56	80	
1080	106.643750	E4	64	65	1102	84.250000	E4	64	80	
1081	106.783333	E3	52	51	1104	84.375000	E3	52	80	
1082	106.948958	A3	57	66	1106	84.500000	A3	57	80	
1083	106.956250	F#4	66	75	1105	84.500000	F#4	66	80	
1084	107.094792	E3	52	60	1107	84.625000	E3	52	80	
1085	107.269792	G#4	68	81	1108	84.750000	G#4	68	80	
1086	107.281250	B3	59	63	1109	84.750000	B3	59	80	
1087	107.411458	E3	52	69	1110	84.875000	E3	52	80	
1088	107.585417	A4	69	86	1111	85.000000	A4	69	80	
1089	107.592708	C#4	61	72	1112	85.000000	C#4	61	80	
1090	107.735417	E3	52	67	1113	85.125000	E3	52	80	
1091	107.894792	B4	71	83	1114	85.250000	B4	71	80	
1092	107.920833	D4	62	70	1115	85.250000	D4	62	80	
1093	108.041667	E3	52	70	1116	85.375000	E3	52	80	
1094	108.220833	C#4	61	76	1118	85.500000	C#4	61	80	
1095	108.228125	E4	64	76	1117	85.500000	E4	64	80	
1096	108.398958	F#4	66	68	1119	85.625000	F#4	66	80	
1097	108.456250	G#4	68	79	1120	85.687500	G#4	68	80	
1098	108.556250	A4	69	70	1121	85.750000	A4	69	80	
1099	108.712500	E4	64	69	1122	85.875000	E4	64	80	
1100	108.716667	D4	62	65	1123	85.875000	D4	62	80	
1101	108.861458	C#4	61	64	1125	86.000000	C#4	61	80	
1102	108.880208	B4	71	73	1124	86.000000	B4	71	80	
1103	109.030208	B3	59	72	1127	86.125000	B3	59	80	
1104	109.032292	E4	64	75	1126	86.125000	E4	64	80	
1105	109.192708	A3	57	71	1129	86.250000	A3	57	80	
1106	109.193750	C#5	73	79	1128	86.250000	C#5	73	80	
1107	109.343750	B3	59	80	1131	86.375000	B3	59	80	
1108	109.351042	E4	64	83	1130	86.375000	E4	64	80	
1109	109.504167	A3	57	83	1133	86.500000	A3	57	80	
1110	109.507292	D5	74	80	1132	86.500000	D5	74	80	
1111	109.652083	G3	55	79	1135	86.625000	G3	55	80	
1112	109.652083	F#4	66	80	1134	86.625000	F#4	66	80	
1113	109.817708	C#3	49	74	1138	86.750000	C#3	49	80	
1114	109.817708	E5	76	80	1136	86.750000	E5	76	80	
1115	109.822917	F#3	54	77	1137	86.750000	F#3	54	80	
1116	109.960417	E3	52	81	1140	86.875000	E3	52	80	
1117	109.963542	G4	67	75	1139	86.875000	G4	67	80	
1118	110.135417	D3	50	87	1142	87.000000	D3	50	80	
1119	110.135417	F#4	66	78	1141	87.000000	F#4	66	80	
1120	110.293750	G4	67	65	1144	87.125000	G4	67	80	
1121	110.377083	A4	69	78	1145	87.187500	A4	69	80	
1122	110.464583	B4	71	77	1146	87.250000	B4	71	80	
1123	110.621875	F#4	66	70	1147	87.375000	F#4	66	80	
1124	110.628125	E3	52	72	1148	87.375000	E3	52	80	
1125	110.767708	C#5	73	81	1149	87.500000	C#5	73	80	
1126	110.777083	D3	50	79	1150	87.500000	D3	50	80	
1127	110.923958	F#4	66	79	1151	87.625000	F#4	66	80	
1128	110.926042	C#3	49	83	1152	87.625000	C#3	49	80	
1129	111.085417	D5	74	83	1153	87.750000	D5	74	80	
1130	111.086458	B2	47	77	1154	87.750000	B2	47	80	
1131	111.238542	C#3	49	84	1156	87.875000	C#3	49	80	
1132	111.239583	F#4	66	77	1155	87.875000	F#4	66	80	
1133	111.400000	B2	47	86	1158	88.000000	B2	47	80	
1134	111.403125	E5	76	81	1157	88.000000	E5	76	80	
1135	111.540625	G4	67	77	1159	88.125000	G4	67	80	
1136	111.544792	A2	45	77	1160	88.125000	A2	45	80	
1137	111.715625	G2	43	79	1162	88.250000	G2	43	80	
1138	111.719792	F#5	78	81	1161	88.250000	F#5	78	80	
1139	111.847917	F#2	42	82	1164	88.375000	F#2	42	80	
1140	111.857292	A4	69	81	1163	88.375000	A4	69	80	
1141	112.022917	E2	40	87	1166	88.500000	E2	40	80	
1142	112.022917	G4	67	84	1165	88.500000	G4	67	80	
1143	112.177083	F#4	66	75	1167	88.625000	F#4	66	80	
1144	112.339583	D3	50	95	1169	88.750000	D3	50	80	
1145	112.344792	G4	67	79	1168	88.750000	G4	67	80	
1146	112.494792	B4	71	78	1170	88.875000	B4	71	80	
1147	112.669792	C#3	49	99	1172	89.000000	C#3	49	80	
1148	112.681250	E5	76	83	1171	89.000000	E5	76	80	
1149	112.834375	G4	67	64	1173	89.125000	G4	67	80	
1150	113.031250	F#4	66	80	1174	89.250000	F#4	66	80	
1151	113.034375	D3	50	99	1175	89.250000	D3	50	80	
1152	113.186458	B4	71	72	1177	89.375000	B4	71	80	
1153	113.378125	A4	69	81	1178	89.500000	A4	69	80	
1154	113.379167	E3	52	79	1179	89.500000	E3	52	80	
1155	113.518750	D3	50	82	1181	89.625000	D3	50	80	
1156	113.523958	C#5	73	82	1180	89.625000	C#5	73	80	
1157	113.673958	C#3	49	72	1183	89.750000	C#3	49	80	
1158	113.675000	D5	74	84	1182	89.750000	D5	74	80	
1159	113.680208	B2	47	74	1184	89.750000	B2	47	80	
1160	113.802083	D3	50	80	1185	89.875000	D3	50	80	
1161	114.029167	E3	52	85	1186	90.000000	E3	52	80	
1162	114.030208	G2	43	71	1187	90.000000	G2	43	80	
1163	114.343750	F#3	54	80	1189	90.250000	F#3	54	80	
1164	114.353125	C#5	73	84	1188	90.250000	C#5	73	80	
1165	114.370833	A2	45	41	1190	90.250000	A2	45	80	
1166	114.500000	E3	52	84	1191	90.375000	E3	52	80	
1167	114.671875	D3	50	77	1192	90.500000	D3	50	80	
1168	114.808333	E3	52	77	1193	90.625000	E3	52	80	
1169	114.976042	F#3	54	83	1195	90.750000	F#3	54	80	
1170	114.979167	D3	50	73	1196	90.750000	D3	50	80	
1171	114.988542	D5	74	79	1194	90.750000	D5	74	80	
1172	115.329167	E3	52	81	1198	91.000000	E3	52	80	
1173	115.332292	C#3	49	83	1199	91.000000	C#3	49	80	
1174	115.333333	E5	76	78	1197	91.000000	E5	76	80	
1175	115.470833	D5	74	82	1200	91.125000	D5	74	80	
1176	115.627083	D3	50	88	1202	91.250000	D3	50	80	
1177	115.635417	B2	47	77	1203	91.250000	B2	47	80	
1178	115.637500	C#5	73	84	1201	91.250000	C#5	73	80	
1179	115.777083	D5	74	85	1204	91.375000	D5	74	80	
1180	115.962500	A2	45	74	1207	91.500000	A2	45	80	
1181	115.962500	E5	76	90	1205	91.500000	E5	76	80	
1182	115.965625	C#3	49	77	1206	91.500000	C#3	49	80	
1183	116.307292	B3	59	75	1209	91.750000	B3	59	80	
1184	116.309375	F#5	78	92	1208	91.750000	F#5	78	80	
1185	116.466667	E5	76	87	1210	91.875000	E5	76	80	
1186	116.614583	D5	74	81	1211	92.000000	D5	74	80	
1187	116.754167	E5	76	88	1212	92.125000	E5	76	80	
1188	116.934375	A3	57	75	1214	92.250000	A3	57	80	
1189	116.944792	F#5	78	88	1213	92.250000	F#5	78	80	
1190	117.258333	B3	59	72	1216	92.500000	B3	59	80	
1191	117.267708	G5	79	85	1215	92.500000	G5	79	80	
1192	117.411458	A3	57	74	1218	92.625000	A3	57	80	
1193	117.413542	F#5	78	87	1217	92.625000	F#5	78	80	
1194	117.565625	G3	55	56	1220	92.750000	G3	55	80	
1195	117.565625	E5	76	88	1219	92.750000	E5	76	80	
1196	117.686458	D5	74	84	1221	92.875000	D5	74	80	
1197	117.705208	F#3	54	72	1222	92.875000	F#3	54	80	
1198	117.857292	C#5	73	88	1223	93.000000	C#5	73	80	
1199	117.873958	E3	52	74	1224	93.000000	E3	52	80	
1200	118.211458	B5	83	94	1225	93.250000	B5	83	80	
1201	118.227083	G3	55	60	1226	93.250000	G3	55	80	
1202	118.378125	F#3	54	70	1227	93.375000	F#3	54	80	
1203	118.543750	E3	52	75	1228	93.500000	E3	52	80	
1204	118.687500	D3	50	80	1229	93.625000	D3	50	80	
1205	118.851042	C#3	49	84	1230	93.750000	C#3	49	80	
1206	118.989583	A5	81	88	1231	93.875000	A5	81	80	
1207	119.155208	B5	83	84	1232	94.000000	B5	83	80	
1208	119.309375	A5	81	88	1233	94.125000	A5	81	80	
1209	119.464583	D3	50	74	1235	94.250000	D3	50	80	
1210	119.469792	G5	79	89	1234	94.250000	G5	79	80	
1211	119.614583	F#5	78	89	1236	94.375000	F#5	78	80	
1212	119.769792	E5	76	89	1237	94.500000	E5	76	80	
1213	119.912500	F#5	78	79	1239	94.561458	F#5	78	80	
1214	119.917708	G3	55	68	1243	94.625000	G3	55	80	
1215	120.007292	E5	76	76	1241	94.623958	E5	76	80	
1216	120.026042	F#3	54	58	1246	94.687500	F#3	54	80	
1217	120.080208	F#5	78	77	1244	94.687500	F#5	78	80	
1218	120.111458	E3	52	65	1249	94.750000	E3	52	80	
1219	120.160417	E5	76	77	1247	94.748958	E5	76	80	
1220	120.241667	F#5	78	83	1250	94.811458	F#5	78	80	
1221	120.263542	G3	55	60	1254	94.875000	G3	55	80	
1222	120.317708	E5	76	83	1252	94.875000	E5	76	80	
1223	120.394792	F#5	78	77	1255	94.936458	F#5	78	80	
1224	120.416667	D3	50	69	1259	95.000000	D3	50	80	
1225	120.471875	E5	76	83	1257	94.998958	E5	76	80	
1226	120.560417	F#5	78	80	1260	95.062500	F#5	78	80	
1227	120.568750	G3	55	68	1264	95.125000	G3	55	80	
1228	120.630208	E5	76	83	1262	95.123958	E5	76	80	
1229	120.722917	F#5	78	81	1265	95.186458	F#5	78	80	
1230	120.732292	C#3	49	73	1269	95.250000	C#3	49	80	
1231	120.766667	G#5	80	32	1268	95.250000	F#5	78	80	
1232	120.800000	E5	76	85	1271	95.312500	E5	76	80	
1233	120.886458	F#5	78	74	1273	95.375000	F#5	78	80	
1234	120.895833	G3	55	68	1274	95.375000	G3	55	80	
1235	120.932292	G#5	80	32	1275	95.437500	F#5	78	80	
1236	120.948958	E5	76	81	1277	95.498958	E5	76	80	
1237	121.007292	F#5	78	73	1280	95.561458	F#5	78	80	
1238	121.023958	B2	47	71	1279	95.500000	B2	47	80	
1239	121.056250	E5	76	58	1282	95.625000	E5	76	80	
1240	121.097917	F#5	78	66	1284	95.686458	F#5	78	80	
1241	121.167708	G3	55	66	1283	95.625000	G3	55	80	
1242	121.176042	E5	76	68	1285	95.748958	E5	76	80	
1243	121.208333	F#5	78	74	1287	95.812500	F#5	78	80	
1244	121.283333	E5	76	78	1288	95.873958	E5	76	80	
1245	121.295833	A2	45	60	1286	95.750000	A2	45	80	
1246	121.456250	G3	55	78	1289	95.875000	G3	55	80	
1247	121.602083	F#3	54	75	1293	96.061458	F#5	78	80	
1248	121.758333	A5	81	86	1294	96.125000	A5	81	80	
1249	121.761458	G3	55	73	1295	96.125000	G3	55	80	
1250	121.829167	G5	79	85	1296	96.187500	G5	79	80	
1251	121.905208	F#5	78	90	1297	96.250000	F#5	78	80	
1252	121.932292	A3	57	69	1298	96.250000	A3	57	80	
1253	122.067708	A5	81	76	1299	96.375000	A5	81	80	
1254	122.086458	E3	52	58	1300	96.375000	E3	52	80	
1255	122.251042	D3	50	53	1302	96.500000	D3	50	80	
1256	122.251042	E5	76	66	1301	96.500000	E5	76	80	
1257	122.385417	C#3	49	59	1304	96.625000	C#3	49	80	
1258	122.405208	A5	81	62	1303	96.625000	A5	81	80	
1259	122.572917	B2	47	54	1306	96.750000	B2	47	80	
1260	122.585417	D5	74	53	1305	96.750000	D5	74	80	
1261	122.723958	A5	81	50	1307	96.875000	A5	81	80	
1262	122.729167	G3	55	55	1308	96.875000	G3	55	80	
1263	122.895833	F#3	54	58	1310	97.000000	F#3	54	80	
1264	122.912500	C#5	73	56	1309	97.000000	C#5	73	80	
1265	123.056250	A5	81	56	1311	97.125000	A5	81	80	
1266	123.057292	E3	52	57	1312	97.125000	E3	52	80	
1267	123.230208	D3	50	59	1314	97.250000	D3	50	80	
1268	123.241667	B4	71	55	1313	97.250000	B4	71	80	
1269	123.370833	A5	81	62	1315	97.375000	A5	81	80	
1270	123.381250	F#3	54	69	1316	97.375000	F#3	54	80	
1271	123.556250	G5	79	76	1317	97.500000	G5	79	80	
1272	123.568750	E3	52	71	1318	97.500000	E3	52	80	
1273	123.708333	F#5	78	80	1319	97.625000	F#5	78	80	
1274	123.715625	F#3	54	80	1320	97.625000	F#3	54	80	
1275	123.869792	E5	76	77	1321	97.750000	E5	76	80	
1276	123.871875	G3	55	75	1322	97.750000	G3	55	80	
1277	124.030208	D3	50	61	1324	97.875000	D3	50	80	
1278	124.040625	G5	79	64	1323	97.875000	G5	79	80	
1279	124.201042	C#3	49	61	1326	98.000000	C#3	49	80	
1280	124.219792	D5	74	59	1325	98.000000	D5	74	80	
1281	124.364583	B2	47	49	1328	98.125000	B2	47	80	
1282	124.365625	G5	79	51	1327	98.125000	G5	79	80	
1283	124.544792	A2	45	44	1330	98.250000	A2	45	80	
1284	124.548958	C#5	73	53	1329	98.250000	C#5	73	80	
1285	124.692708	G5	79	49	1331	98.375000	G5	79	80	
1286	124.725000	F#3	54	54	1332	98.375000	F#3	54	80	
1287	124.881250	B4	71	56	1333	98.500000	B4	71	80	
1288	124.887500	E3	52	55	1334	98.500000	E3	52	80	
1289	125.022917	D3	50	51	1336	98.625000	D3	50	80	
1290	125.034375	G5	79	46	1335	98.625000	G5	79	80	
1291	125.205208	C#3	49	54	1338	98.750000	C#3	49	80	
1292	125.211458	A4	69	58	1337	98.750000	A4	69	80	
1293	125.348958	G5	79	52	1339	98.875000	G5	79	80	
1294	125.373958	E3	52	51	1340	98.875000	E3	52	80	
1295	125.535417	F#5	78	56	1341	99.000000	F#5	78	80	
1296	125.547917	D3	50	56	1342	99.000000	D3	50	80	
1297	125.688542	E3	52	57	1344	99.125000	E3	52	80	
1298	125.688542	E5	76	52	1343	99.125000	E5	76	80	
1299	125.854167	D5	74	57	1345	99.250000	D5	74	80	
1300	125.858333	F#3	54	59	1346	99.250000	F#3	54	80	
1301	126.009375	F#5	78	56	1347	99.375000	F#5	78	80	
1302	126.022917	C3	48	54	1348	99.375000	C3	48	80	
1303	126.168750	C5	72	61	1349	99.500000	C5	72	80	
1304	126.172917	B2	47	56	1350	99.500000	B2	47	80	
1305	126.315625	A2	45	52	1352	99.625000	A2	45	80	
1306	126.325000	F#5	78	56	1351	99.625000	F#5	78	80	
1307	126.489583	G2	43	55	1354	99.750000	G2	43	80	
1308	126.504167	B4	71	61	1353	99.750000	B4	71	80	
1309	126.646875	F#5	78	49	1355	99.875000	F#5	78	80	
1310	126.657292	B2	47	60	1356	99.875000	B2	47	80	
1311	126.818750	C#3	49	67	1358	100.000000	C#3	49	80	
1312	126.823958	A4	69	64	1357	100.000000	A4	69	80	
1313	126.969792	F#5	78	61	1359	100.125000	F#5	78	80	
1314	126.979167	D3	50	65	1360	100.125000	D3	50	80	
1315	127.152083	G4	67	65	1361	100.250000	G4	67	80	
1316	127.155208	E3	52	66	1362	100.250000	E3	52	80	
1317	127.297917	F#3	54	76	1364	100.375000	F#3	54	80	
1318	127.304167	F#5	78	73	1363	100.375000	F#5	78	80	
1319	127.461458	G3	55	72	1366	100.500000	G3	55	80	
1320	127.465625	E5	76	72	1365	100.500000	E5	76	80	
1321	127.607292	D5	74	76	1367	100.625000	D5	74	80	
1322	127.612500	A3	57	71	1368	100.625000	A3	57	80	
1323	127.768750	G3	55	70	1370	100.750000	G3	55	80	
1324	127.777083	C#5	73	77	1369	100.750000	C#5	73	80	
1325	127.913542	F#3	54	72	1372	100.875000	F#3	54	80	
1326	127.934375	E5	76	82	1371	100.875000	E5	76	80	
1327	128.077083	E3	52	70	1374	101.000000	E3	52	80	
1328	128.096875	B4	71	76	1373	101.000000	B4	71	80	
1329	128.222917	D3	50	63	1376	101.125000	D3	50	80	
1330	128.251042	E5	76	69	1375	101.125000	E5	76	80	
1331	128.391667	C#3	49	68	1378	101.250000	C#3	49	80	
1332	128.410417	A4	69	70	1377	101.250000	A4	69	80	
1333	128.551042	A2	45	63	1380	101.375000	A2	45	80	
1334	128.569792	E5	76	72	1379	101.375000	E5	76	80	
1335	128.727083	B2	47	68	1382	101.500000	B2	47	80	
1336	128.736458	G4	67	72	1381	101.500000	G4	67	80	
1337	128.887500	C#3	49	83	1384	101.625000	C#3	49	80	
1338	128.888542	E5	76	76	1383	101.625000	E5	76	80	
1339	129.059375	D3	50	81	1386	101.750000	D3	50	80	
1340	129.061458	F#4	66	80	1385	101.750000	F#4	66	80	
1341	129.198958	E3	52	82	1388	101.875000	E3	52	80	
1342	129.205208	E5	76	78	1387	101.875000	E5	76	80	
1343	129.360417	D5	74	74	1389	102.000000	D5	74	80	
1344	129.373958	F#3	54	83	1390	102.000000	F#3	54	80	
1345	129.511458	F#4	66	80	1391	102.125000	F#4	66	80	
1346	129.520833	G3	55	81	1392	102.125000	G3	55	80	
1347	129.692708	A3	57	85	1394	102.250000	A3	57	80	
1348	129.692708	E4	64	85	1393	102.250000	E4	64	80	
1349	129.838542	G4	67	74	1395	102.375000	G4	67	80	
1350	130.006250	D5	74	79	1396	102.500000	D5	74	80	
1351	130.008333	A2	45	87	1397	102.500000	A2	45	80	
1352	130.160417	C#5	73	75	1398	102.625000	C#5	73	80	
1353	130.352083	D3	50	95	1401	102.750000	D3	50	80	
1354	130.370833	D5	74	84	1399	102.750000	D5	74	80	
1355	130.713542	C3	48	85	1410	103.000000	C3	48	80	
1356	130.721875	E5	76	77	1406	102.937500	E5	76	80	
1357	130.813542	D5	74	69	1408	102.998958	D5	74	80	
1358	130.857292	D3	50	81	1415	103.125000	D3	50	80	
1359	130.905208	E5	76	80	1411	103.061458	E5	76	80	
1360	130.989583	D5	74	71	1413	103.125000	D5	74	80	
1361	131.016667	E3	52	74	1420	103.250000	E3	52	80	
1362	131.060417	E5	76	69	1416	103.186458	E5	76	80	
1363	131.109375	D5	74	60	1418	103.248958	D5	74	80	
1364	131.168750	E5	76	67	1421	103.312500	E5	76	80	
1365	131.169792	D3	50	77	1425	103.375000	D3	50	80	
1366	131.229167	D5	74	63	1423	103.373958	D5	74	80	
1367	131.319792	C3	48	83	1430	103.500000	C3	48	80	
1368	131.697917	B2	47	79	1439	103.750000	B2	47	80	
1369	131.846875	C3	48	76	1444	103.875000	C3	48	80	
1370	132.015625	D3	50	72	1449	104.000000	D3	50	80	
1371	132.183333	C3	48	64	1454	104.125000	C3	48	80	
1372	132.355208	B2	47	63	1459	104.250000	B2	47	80	
1373	132.505208	G4	67	42	*	-1	*	-1	-1	
1374	132.685417	C3	48	52	1469	104.500000	C3	48	80	
1375	132.693750	F4	65	50	*	-1	*	-1	-1	
1376	132.853125	E4	64	48	*	-1	*	-1	-1	
1377	133.017708	D3	50	58	1476	104.750000	D3	50	80	
1378	133.036458	D4	62	54	1475	104.750000	D4	62	80	
1379	133.180208	F4	65	53	1479	104.875000	F4	65	80	
1380	133.351042	G3	55	67	1483	105.000000	G3	55	80	
1381	133.361458	E4	64	57	1482	105.000000	E4	64	80	
1382	133.495833	F4	65	61	1486	105.125000	F4	65	80	
1383	133.678125	C5	72	62	*	-1	*	-1	-1	
1384	133.687500	A2	45	69	1490	105.250000	A2	45	80	
1385	133.690625	E4	64	56	*	-1	*	-1	-1	
1386	133.847917	D4	62	58	*	-1	*	-1	-1	
1387	134.008333	C4	60	56	1492	105.500000	C4	60	80	
1388	134.173958	E4	64	47	1493	105.625000	E4	64	80	
1389	134.343750	B2	47	67	1495	105.750000	B2	47	80	
1390	134.354167	D4	62	49	1494	105.750000	D4	62	80	
1391	134.495833	E4	64	60	1496	105.875000	E4	64	80	
1392	134.669792	B4	71	59	1497	106.000000	B4	71	80	
1393	134.670833	C3	48	71	1499	106.000000	C3	48	80	
1394	134.671875	D4	62	57	1498	106.000000	D4	62	80	
1395	134.833333	C4	60	58	1500	106.125000	C4	60	80	
1396	135.007292	D3	50	67	1502	106.250000	D3	50	80	
1397	135.007292	B3	59	62	1501	106.250000	B3	59	80	
1398	135.162500	D4	62	47	1503	106.375000	D4	62	80	
1399	135.335417	E3	52	53	1505	106.500000	E3	52	80	
1400	135.343750	C4	60	54	1504	106.500000	C4	60	80	
1401	135.492708	D4	62	53	1506	106.625000	D4	62	80	
1402	135.654167	F#2	42	56	1509	106.750000	F#2	42	80	
1403	135.682292	C4	60	52	1508	106.750000	C4	60	80	
1404	135.683333	A4	69	56	1507	106.750000	A4	69	80	
1405	135.831250	B3	59	63	1510	106.875000	B3	59	80	
1406	136.009375	A3	57	56	1511	107.000000	A3	57	80	
1407	136.145833	C4	60	61	1512	107.125000	C4	60	80	
1408	136.318750	B3	59	64	1513	107.250000	B3	59	80	
1409	136.331250	G2	43	54	1514	107.250000	G2	43	80	
1410	136.471875	G4	67	63	1515	107.375000	G4	67	80	
1411	136.630208	F#2	42	62	1517	107.500000	F#2	42	80	
1412	136.644792	A4	69	78	1516	107.500000	A4	69	80	
1413	136.792708	G4	67	77	1518	107.625000	G4	67	80	
1414	136.796875	G2	43	62	1519	107.625000	G2	43	80	
1415	136.957292	F#4	66	75	1520	107.750000	F#4	66	80	
1416	136.963542	A2	45	63	1521	107.750000	A2	45	80	
1417	137.097917	B2	47	64	1523	107.875000	B2	47	80	
1418	137.108333	G4	67	70	1522	107.875000	G4	67	80	
1419	137.261458	C2	36	67	1526	108.000000	C2	36	80	
1420	137.273958	F#4	66	62	1524	108.000000	F#4	66	80	
1421	137.277083	A3	57	62	1525	108.000000	A3	57	80	
1422	137.443750	D4	62	64	1527	108.125000	D4	62	80	
1423	137.516667	E4	64	63	1528	108.187500	E4	64	80	
1424	137.576042	C4	60	59	1530	108.250000	C4	60	80	
1425	137.593750	F#4	66	63	1529	108.250000	F#4	66	80	
1426	137.738542	D4	62	65	1531	108.375000	D4	62	80	
1427	137.754167	B3	59	70	1532	108.375000	B3	59	80	
1428	137.895833	G4	67	76	1533	108.500000	G4	67	80	
1429	137.910417	A3	57	66	1534	108.500000	A3	57	80	
1430	138.046875	G3	55	75	1536	108.625000	G3	55	80	
1431	138.063542	D4	62	77	1535	108.625000	D4	62	80	
1432	138.209375	A4	69	82	1537	108.750000	A4	69	80	
1433	138.210417	F#3	54	75	1538	108.750000	F#3	54	80	
1434	138.357292	E3	52	71	1540	108.875000	E3	52	80	
1435	138.381250	D4	62	79	1539	108.875000	D4	62	80	
1436	138.532292	D3	50	72	1542	109.000000	D3	50	80	
1437	138.543750	B4	71	74	1541	109.000000	B4	71	80	
1438	138.686458	C3	48	64	1544	109.125000	C3	48	80	
1439	138.715625	D4	62	62	1543	109.125000	D4	62	80	
1440	138.861458	B2	47	62	1546	109.250000	B2	47	80	
1441	138.873958	C5	72	60	1545	109.250000	C5	72	80	
1442	139.001042	A2	45	57	1548	109.375000	A2	45	80	
1443	139.016667	D4	62	52	1547	109.375000	D4	62	80	
1444	139.181250	G2	43	58	1550	109.500000	G2	43	80	
1445	139.184375	B4	71	56	1549	109.500000	B4	71	80	
1446	139.335417	A2	45	52	1552	109.625000	A2	45	80	
1447	139.345833	G5	79	63	1551	109.625000	G5	79	80	
1448	139.501042	F5	77	73	1553	109.750000	F5	77	80	
1449	139.503125	B2	47	59	1554	109.750000	B2	47	80	
1450	139.662500	G2	43	57	1556	109.875000	G2	43	80	
1451	139.662500	E5	76	77	1555	109.875000	E5	76	80	
1452	139.831250	D5	74	77	1557	110.000000	D5	74	80	
1453	139.839583	C3	48	55	1558	110.000000	C3	48	80	
1454	139.976042	C5	72	77	1559	110.125000	C5	72	80	
1455	139.993750	G2	43	59	1560	110.125000	G2	43	80	
1456	140.143750	B4	71	78	1561	110.250000	B4	71	80	
1457	140.166667	D3	50	63	1562	110.250000	D3	50	80	
1458	140.302083	A4	69	83	1563	110.375000	A4	69	80	
1459	140.312500	G2	43	59	1564	110.375000	G2	43	80	
1460	140.466667	G4	67	75	1565	110.500000	G4	67	80	
1461	140.478125	E3	52	58	1566	110.500000	E3	52	80	
1462	140.618750	F4	65	75	1567	110.625000	F4	65	80	
1463	140.632292	G2	43	59	1568	110.625000	G2	43	80	
1464	140.779167	E4	64	76	1569	110.750000	E4	64	80	
1465	140.795833	F3	53	58	1570	110.750000	F3	53	80	
1466	140.931250	D4	62	68	1571	110.875000	D4	62	80	
1467	140.941667	G2	43	56	1572	110.875000	G2	43	80	
1468	141.088542	C4	60	64	1573	111.000000	C4	60	80	
1469	141.100000	E3	52	62	1574	111.000000	E3	52	80	
1470	141.243750	E2	40	49	1576	111.125000	E2	40	80	
1471	141.258333	E5	76	79	1575	111.125000	E5	76	80	
1472	141.333333	F#2	42	60	1577	111.187500	F#2	42	80	
1473	141.417708	D5	74	77	1578	111.250000	D5	74	80	
1474	141.436458	G#2	44	59	1579	111.250000	G#2	44	80	
1475	141.571875	C5	72	88	1580	111.375000	C5	72	80	
1476	141.600000	E2	40	60	1581	111.375000	E2	40	80	
1477	141.742708	A2	45	62	1583	111.500000	A2	45	80	
1478	141.744792	B4	71	82	1582	111.500000	B4	71	80	
1479	141.896875	A4	69	76	1584	111.625000	A4	69	80	
1480	141.904167	E2	40	58	1585	111.625000	E2	40	80	
1481	142.062500	B2	47	56	1587	111.750000	B2	47	80	
1482	142.065625	G#4	68	73	1586	111.750000	G#4	68	80	
1483	142.211458	E2	40	53	1589	111.875000	E2	40	80	
1484	142.217708	F#4	66	71	1588	111.875000	F#4	66	80	
1485	142.388542	C3	48	50	1591	112.000000	C3	48	80	
1486	142.395833	E4	64	63	1590	112.000000	E4	64	80	
1487	142.537500	D4	62	64	1592	112.125000	D4	62	80	
1488	142.553125	E2	40	52	1593	112.125000	E2	40	80	
1489	142.700000	C4	60	63	1594	112.250000	C4	60	80	
1490	142.710417	D3	50	49	1595	112.250000	D3	50	80	
1491	142.853125	E2	40	54	1597	112.375000	E2	40	80	
1492	142.856250	B3	59	63	1596	112.375000	B3	59	80	
1493	143.023958	A3	57	62	1598	112.500000	A3	57	80	
1494	143.029167	C#3	49	48	1599	112.500000	C#3	49	80	
1495	143.170833	B3	59	68	1600	112.625000	B3	59	80	
1496	143.173958	A3	57	74	1601	112.625000	A3	57	80	
1497	143.337500	G3	55	79	1603	112.750000	G3	55	80	
1498	143.350000	C#4	61	68	1602	112.750000	C#4	61	80	
1499	143.491667	A3	57	69	1604	112.875000	A3	57	80	
1500	143.496875	F#3	54	84	1605	112.875000	F#3	54	80	
1501	143.651042	E3	52	79	1607	113.000000	E3	52	80	
1502	143.658333	D4	62	76	1606	113.000000	D4	62	80	
1503	143.805208	D3	50	89	1609	113.125000	D3	50	80	
1504	143.819792	A3	57	78	1608	113.125000	A3	57	80	
1505	143.971875	C#3	49	92	1611	113.250000	C#3	49	80	
1506	143.980208	E4	64	72	1610	113.250000	E4	64	80	
1507	144.113542	B2	47	78	1613	113.375000	B2	47	80	
1508	144.129167	A3	57	73	1612	113.375000	A3	57	80	
1509	144.279167	A2	45	86	1615	113.500000	A2	45	80	
1510	144.285417	F#4	66	75	1614	113.500000	F#4	66	80	
1511	144.433333	G2	43	84	1617	113.625000	G2	43	80	
1512	144.448958	A3	57	80	1616	113.625000	A3	57	80	
1513	144.606250	F#2	42	87	1619	113.750000	F#2	42	80	
1514	144.607292	G4	67	81	1618	113.750000	G4	67	80	
1515	144.746875	E2	40	80	1621	113.875000	E2	40	80	
1516	144.757292	A3	57	80	1620	113.875000	A3	57	80	
1517	144.940625	D2	38	97	1624	114.000000	D2	38	80	
1518	144.946875	D4	62	75	1623	114.000000	D4	62	80	
1519	144.946875	F#4	66	83	1622	114.000000	F#4	66	80	
1520	145.321875	B4	71	85	1625	114.250000	B4	71	80	
1521	145.328125	C4	60	84	1626	114.250000	C4	60	80	
1522	145.463542	D4	62	82	1627	114.375000	D4	62	80	
1523	145.618750	G4	67	79	1628	114.500000	G4	67	80	
1524	145.621875	E4	64	82	1629	114.500000	E4	64	80	
1525	145.766667	D4	62	86	1630	114.625000	D4	62	80	
1526	145.951042	E4	64	87	1631	114.750000	E4	64	80	
1527	145.957292	C4	60	85	1632	114.750000	C4	60	80	
1528	146.303125	B3	59	86	1634	115.000000	B3	59	80	
1529	146.320833	G4	67	65	*	-1	*	-1	-1	
1530	146.321875	A4	69	61	1633	115.000000	A4	69	80	
1531	146.435417	C4	60	81	1635	115.125000	C4	60	80	
1532	146.590625	F#4	66	76	1636	115.250000	F#4	66	80	
1533	146.601042	D4	62	75	1637	115.250000	D4	62	80	
1534	146.738542	C#4	61	77	1638	115.375000	C4	60	80	
1535	146.933333	B3	59	83	1640	115.500000	B3	59	80	
1536	146.933333	G4	67	78	1639	115.500000	G4	67	80	
1537	147.117708	D3	50	77	1641	115.625000	D3	50	80	
1538	147.256250	C3	48	67	1643	115.750000	C3	48	80	
1539	147.270833	C4	60	86	1642	115.750000	C4	60	80	
1540	147.396875	D3	50	86	1644	115.875000	D3	50	80	
1541	147.586458	E3	52	77	1646	116.000000	E3	52	80	
1542	147.598958	D4	62	88	1645	116.000000	D4	62	80	
1543	147.744792	D3	50	82	1647	116.125000	D3	50	80	
1544	147.910417	E4	64	86	1648	116.250000	E4	64	80	
1545	147.921875	C3	48	73	1649	116.250000	C3	48	80	
1546	148.048958	A4	69	86	1650	116.375000	A4	69	80	
1547	148.217708	B4	71	82	1652	116.500000	B4	71	80	
1548	148.231250	F#3	54	73	1654	116.500000	F#3	54	80	
1549	148.244792	B2	47	58	1653	116.500000	B2	47	80	
1550	148.296875	A4	69	80	1656	116.562500	A4	69	80	
1551	148.358333	B4	71	71	1658	116.625000	B4	71	80	
1552	148.370833	C3	48	67	1659	116.625000	C3	48	80	
1553	148.408333	A4	69	51	1660	116.687500	A4	69	80	
1554	148.515625	D3	50	76	1662	116.750000	D3	50	80	
1555	148.527083	A4	69	68	1663	116.812500	A4	69	80	
1556	148.608333	G4	67	77	1664	116.875000	G4	67	80	
1557	148.665625	C3	48	71	1665	116.875000	C3	48	80	
1558	148.702083	A4	69	83	1666	116.937500	A4	69	80	
1559	148.819792	B4	71	88	1667	117.000000	B4	71	80	
1560	148.826042	B2	47	75	1669	117.000000	B2	47	80	
1561	148.831250	G3	55	74	1668	117.000000	G3	55	80	
1562	148.832292	G4	67	77	*	-1	*	-1	-1	
1563	149.180208	C5	72	82	1670	117.250000	C5	72	80	
1564	149.187500	A4	69	82	1671	117.250000	A4	69	80	
1565	149.188542	A2	45	73	1672	117.250000	A2	45	80	
1566	149.333333	B2	47	80	1675	117.375000	B2	47	80	
1567	149.333333	G4	67	81	1674	117.375000	G4	67	80	
1568	149.333333	B4	71	82	1673	117.375000	B4	71	80	
1569	149.495833	F#4	66	73	1677	117.500000	F#4	66	80	
1570	149.497917	C3	48	73	1678	117.500000	C3	48	80	
1571	149.500000	A4	69	80	1676	117.500000	A4	69	80	
1572	149.647917	G4	67	68	1680	117.625000	G4	67	80	
1573	149.650000	B2	47	63	1681	117.625000	B2	47	80	
1574	149.656250	B4	71	72	1679	117.625000	B4	71	80	
1575	149.835417	A2	45	50	1684	117.750000	A2	45	80	
1576	149.836458	A4	69	55	1683	117.750000	A4	69	80	
1577	149.846875	C5	72	67	1682	117.750000	C5	72	80	
1578	150.190625	D5	74	79	1685	118.000000	D5	74	80	
1579	150.197917	B4	71	83	1686	118.000000	B4	71	80	
1580	150.202083	G2	43	68	1687	118.000000	G2	43	80	
1581	150.333333	C5	72	81	1688	118.125000	C5	72	80	
1582	150.334375	A2	45	71	1690	118.125000	A2	45	80	
1583	150.342708	A4	69	86	1689	118.125000	A4	69	80	
1584	150.495833	B2	47	71	1693	118.250000	B2	47	80	
1585	150.495833	B4	71	86	1691	118.250000	B4	71	80	
1586	150.501042	G4	67	71	1692	118.250000	G4	67	80	
1587	150.637500	C5	72	81	1694	118.375000	C5	72	80	
1588	150.639583	A4	69	76	1695	118.375000	A4	69	80	
1589	150.644792	A2	45	65	1696	118.375000	A2	45	80	
1590	150.803125	D5	74	70	1697	118.500000	D5	74	80	
1591	150.806250	G2	43	64	1699	118.500000	G2	43	80	
1592	150.817708	B4	71	68	1698	118.500000	B4	71	80	
1593	150.940625	G3	55	74	1700	118.625000	G3	55	80	
1594	151.015625	F#3	54	78	1701	118.687500	F#3	54	80	
1595	151.108333	C5	72	86	1702	118.750000	C5	72	80	
1596	151.114583	E3	52	74	1704	118.750000	E3	52	80	
1597	151.117708	A4	69	85	1703	118.750000	A4	69	80	
1598	151.264583	G3	55	81	1705	118.875000	G3	55	80	
1599	151.437500	B4	71	93	1706	119.000000	B4	71	80	
1600	151.439583	D3	50	73	1708	119.000000	D3	50	80	
1601	151.450000	G4	67	77	1707	119.000000	G4	67	80	
1602	151.604167	G3	55	77	1709	119.125000	G3	55	80	
1603	151.763542	C#3	49	76	1711	119.250000	C#3	49	80	
1604	151.778125	A4	69	94	1710	119.250000	A4	69	80	
1605	151.784375	G4	67	83	*	-1	*	-1	-1	
1606	151.936458	A3	57	76	1712	119.375000	G3	55	80	
1607	152.119792	G5	79	97	1713	119.500000	G5	79	80	
1608	152.126042	B2	47	72	1715	119.500000	B2	47	80	
1609	152.133333	D5	74	78	1714	119.500000	D5	74	80	
1610	152.297917	A3	57	73	1716	119.625000	G3	55	80	
1611	152.432292	A2	45	73	1718	119.750000	A2	45	80	
1612	152.448958	C#5	73	78	1717	119.750000	C#5	73	80	
1613	152.591667	A3	57	76	1719	119.875000	G3	55	80	
1614	152.760417	D3	50	77	1722	120.000000	D3	50	80	
1615	152.761458	F#5	78	86	1720	120.000000	F#5	78	80	
1616	152.769792	D5	74	74	1721	120.000000	D5	74	80	
1617	152.919792	C3	48	81	1723	120.125000	C3	48	80	
1618	153.082292	Bb2	46	74	1726	120.250000	Bb2	46	80	
1619	153.089583	E5	76	91	1724	120.250000	E5	76	80	
1620	153.094792	G4	67	84	1725	120.250000	G4	67	80	
1621	153.246875	D3	50	81	1727	120.375000	D3	50	80	
1622	153.421875	D5	74	90	1728	120.500000	D5	74	80	
1623	153.431250	F#4	66	85	1729	120.500000	F#4	66	80	
1624	153.433333	A2	45	71	1730	120.500000	A2	45	80	
1625	153.588542	D3	50	79	1731	120.625000	D3	50	80	
1626	153.761458	C#5	73	97	1732	120.750000	C#5	73	80	
1627	153.769792	E4	64	89	1733	120.750000	E4	64	80	
1628	153.777083	G2	43	71	1734	120.750000	G2	43	80	
1629	153.960417	E3	52	74	1735	120.875000	D3	50	80	
1630	154.153125	F#2	42	79	1738	121.000000	F#2	42	80	
1631	154.154167	Bb5	82	103	1736	121.000000	Bb5	82	80	
1632	154.161458	C#5	73	93	1737	121.000000	C#5	73	80	
1633	154.328125	E3	52	75	1739	121.125000	D3	50	80	
1634	154.507292	E2	40	79	1740	121.250000	E2	40	80	
1635	154.677083	E3	52	80	1741	121.375000	D3	50	80	
1636	154.891667	A5	81	89	1742	121.500000	A5	81	80	
1637	154.896875	F#2	42	83	1744	121.500000	F#2	42	80	
1638	154.898958	C5	72	88	1743	121.500000	C5	72	80	
1639	155.103125	G5	79	88	1745	121.625000	G5	79	80	
1640	155.281250	D2	38	85	1747	121.750000	D2	38	80	
1641	155.290625	F#5	78	90	1746	121.750000	F#5	78	80	
1642	155.443750	E5	76	85	1748	121.875000	E5	76	80	
1643	155.608333	D5	74	83	1749	122.000000	D5	74	80	
1644	155.618750	G2	43	85	1750	122.000000	G2	43	80	
1645	155.790625	B4	71	76	1751	122.125000	B4	71	80	
1646	155.861458	A4	69	84	1752	122.187500	A4	69	80	
1647	155.947917	E2	40	89	1754	122.250000	E2	40	80	
1648	155.948958	B4	71	87	1753	122.250000	B4	71	80	
1649	156.131250	G5	79	90	1755	122.375000	G5	79	80	
1650	156.327083	A4	69	96	1756	122.500000	A4	69	80	
1651	156.339583	C2	36	89	1757	122.500000	C2	36	80	
1652	156.523958	C5	72	94	1758	122.625000	C5	72	80	
1653	156.741667	D2	38	100	1760	122.750000	D2	38	80	
1654	156.756250	G5	79	91	1759	122.750000	G5	79	80	
1655	156.976042	F#5	78	90	1761	122.875000	F#5	78	80	
1656	157.247917	G5	79	88	1762	123.000000	G5	79	80	
1657	157.248958	B4	71	87	1763	123.000000	B4	71	80	
1658	157.256250	G2	43	104	1764	123.000000	G2	43	80	
1659	157.508333	F#5	78	80	1765	123.125000	F#5	78	80	
1660	157.565625	E5	76	76	1766	123.187500	E5	76	80	
1661	157.645833	D5	74	85	1767	123.250000	D5	74	80	
1662	157.658333	B4	71	78	1768	123.250000	B4	71	80	
1663	157.835417	G5	79	93	1769	123.375000	G5	79	80	
1664	158.014583	C5	72	87	1770	123.500000	C5	72	80	
1665	158.015625	A4	69	85	1771	123.500000	A4	69	80	
1666	158.186458	G5	79	86	1772	123.625000	G5	79	80	
1667	158.364583	B4	71	90	1773	123.750000	B4	71	80	
1668	158.372917	G4	67	79	1774	123.750000	G4	67	80	
1669	158.536458	G2	43	73	1775	123.875000	G2	43	80	
1670	158.628125	A2	45	74	1776	123.937500	A2	45	80	
1671	158.701042	G5	79	93	1777	124.000000	G5	79	80	
1672	158.705208	B2	47	75	1778	124.000000	B2	47	80	
1673	158.878125	G2	43	80	1779	124.125000	G2	43	80	
1674	159.068750	A4	69	90	1780	124.250000	A4	69	80	
1675	159.076042	F#4	66	81	1781	124.250000	F#4	66	80	
1676	159.088542	C3	48	78	1782	124.250000	C3	48	80	
1677	159.259375	G2	43	77	1783	124.375000	G2	43	80	
1678	159.445833	B4	71	84	1784	124.500000	B4	71	80	
1679	159.457292	D3	50	83	1786	124.500000	D3	50	80	
1680	159.457292	G4	67	74	1785	124.500000	G4	67	80	
1681	159.641667	D5	74	77	1787	124.625000	D5	74	80	
1682	159.701042	C5	72	78	1788	124.687500	C5	72	80	
1683	159.781250	B4	71	89	1789	124.750000	B4	71	80	
1684	159.806250	G2	43	76	1791	124.750000	G2	43	80	
1685	159.813542	G4	67	67	1790	124.750000	G4	67	80	
1686	159.972917	D5	74	83	1793	124.875000	D5	74	80	
1687	160.170833	B2	47	74	1796	125.000000	B2	47	80	
1688	160.171875	A4	69	82	1794	125.000000	A4	69	80	
1689	160.182292	F4	65	75	1795	125.000000	F4	65	80	
1690	160.335417	D5	74	84	1797	125.125000	D5	74	80	
1691	160.509375	C3	48	79	1800	125.250000	C3	48	80	
1692	160.525000	G4	67	79	1798	125.250000	G4	67	80	
1693	160.536458	E4	64	75	1799	125.250000	E4	64	80	
1694	160.608333	B2	47	73	1801	125.312500	B2	47	80	
1695	160.695833	C3	48	72	1802	125.375000	C3	48	80	
1696	160.787500	D3	50	81	1803	125.437500	D3	50	80	
1697	160.894792	C5	72	93	1804	125.500000	C5	72	80	
1698	160.913542	E3	52	82	1805	125.500000	E3	52	80	
1699	161.106250	C3	48	86	1806	125.625000	C3	48	80	
1700	161.348958	Eb4	63	91	1807	125.750000	Eb4	63	80	
1701	161.353125	F#3	54	89	1808	125.750000	F#3	54	80	
1702	161.590625	C3	48	83	1809	125.875000	C3	48	80	
1703	161.889583	G2	43	73	*	-1	*	-1	-1	
1704	161.889583	G3	55	84	1811	126.000000	G3	55	80	
1705	161.891667	D4	62	85	1810	126.000000	D4	62	80	
1706	161.995833	G4	67	77	1812	126.062500	G4	67	80	
1707	162.110417	A4	69	81	1813	126.125000	A4	69	80	
1708	162.200000	B4	71	83	1814	126.187500	B4	71	80	
1709	162.314583	C5	72	90	1815	126.250000	C5	72	80	
1710	162.322917	E4	64	84	1816	126.250000	E4	64	80	
1711	162.552083	G4	67	83	1817	126.375000	G4	67	80	
1712	162.766667	D5	74	83	1818	126.500000	D5	74	80	
1713	162.780208	B4	71	73	1820	126.500000	B4	71	80	
1714	162.791667	F4	65	74	1819	126.500000	F4	65	80	
1715	162.981250	G4	67	77	1821	126.625000	G4	67	80	
1716	163.211458	E5	76	82	1822	126.750000	E5	76	80	
1717	163.214583	G4	67	74	1823	126.750000	G4	67	80	
1718	163.217708	C5	72	77	1824	126.750000	C5	72	80	
1719	163.332292	B4	71	80	1825	126.812500	B4	71	80	
1720	163.443750	C5	72	83	1826	126.875000	C5	72	80	
1721	163.530208	D5	74	78	1827	126.937500	D5	74	80	
1722	163.626042	E5	76	90	1828	127.000000	E5	76	80	
1723	163.631250	G4	67	74	1829	127.000000	G4	67	80	
1724	163.907292	C5	72	81	1830	127.125000	C5	72	80	
1725	164.193750	F#5	78	89	1831	127.250000	F#5	78	80	
1726	164.205208	A4	69	77	1832	127.250000	A4	69	80	
1727	164.480208	C5	72	83	1833	127.375000	C5	72	80	
1728	164.836458	G5	79	84	1834	127.500000	G5	79	80	
1729	164.850000	B4	71	72	1835	127.500000	B4	71	80	
1730	165.158333	D5	74	72	1836	127.625000	D5	74	80	
1731	165.448958	E5	76	76	1837	127.750000	E5	76	80	
1732	165.781250	C5	72	77	1838	127.875000	C5	72	80	
1733	166.185417	A4	69	72	1839	128.000000	A4	69	80	
1734	166.685417	F#5	78	77	1840	128.125000	F#5	78	80	
1735	167.634375	G5	79	70	1841	128.250000	G5	79	80	
1736	167.655208	D5	74	52	1843	128.250000	D5	74	80	
1737	167.658333	B4	71	56	1842	128.250000	B4	71	80	
1738	167.744792	F#5	78	76	*	-1	*	-1	-1	
1739	167.844792	G5	79	73	*	-1	*	-1	-1	
*	-1	*	-1	-1	306	28.125000	C3	48	80	
*	-1	*	-1	-1	359	31.500000	G4	67	80	
*	-1	*	-1	-1	362	31.562500	F#4	66	80	
*	-1	*	-1	-1	363	31.623958	F#4	66	80	
*	-1	*	-1	-1	364	31.625000	G4	67	80	
*	-1	*	-1	-1	368	31.750000	G4	67	80	
*	-1	*	-1	-1	370	31.812500	F#4	66	80	
*	-1	*	-1	-1	451	37.000000	F#4	66	80	
*	-1	*	-1	-1	453	37.000000	G3	55	80	
*	-1	*	-1	-1	455	37.062500	E4	64	80	
*	-1	*	-1	-1	457	37.125000	F#4	66	80	
*	-1	*	-1	-1	460	37.187500	E4	64	80	
*	-1	*	-1	-1	464	37.312500	F#4	66	80	
*	-1	*	-1	-1	465	37.375000	E4	64	80	
*	-1	*	-1	-1	467	37.437500	F#4	66	80	
*	-1	*	-1	-1	482	38.500000	D4	62	80	
*	-1	*	-1	-1	485	38.562500	C#4	61	80	
*	-1	*	-1	-1	487	38.625000	D4	62	80	
*	-1	*	-1	-1	490	38.687500	C#4	61	80	
*	-1	*	-1	-1	494	38.875000	C#4	61	80	
*	-1	*	-1	-1	497	39.000000	D4	62	80	
*	-1	*	-1	-1	538	42.000000	G4	67	80	
*	-1	*	-1	-1	627	48.750000	A3	57	80	
*	-1	*	-1	-1	769	58.500000	E4	64	80	
*	-1	*	-1	-1	1054	81.125000	Bb4	70	80	
*	-1	*	-1	-1	1063	81.562500	B3	59	80	
*	-1	*	-1	-1	1086	82.500000	B3	59	80	
*	-1	*	-1	-1	1143	87.000000	D3	50	80	
*	-1	*	-1	-1	1176	89.250000	D3	50	80	
*	-1	*	-1	-1	1238	94.500000	F#5	78	80	
*	-1	*	-1	-1	1240	94.562500	E5	76	80	
*	-1	*	-1	-1	1242	94.625000	F#5	78	80	
*	-1	*	-1	-1	1267	95.250000	E5	76	80	
*	-1	*	-1	-1	1272	95.373958	E5	76	80	
*	-1	*	-1	-1	1281	95.562500	E5	76	80	
*	-1	*	-1	-1	1290	95.936458	F#5	78	80	
*	-1	*	-1	-1	1291	96.000000	E5	76	80	
*	-1	*	-1	-1	1400	102.750000	E5	76	80	
*	-1	*	-1	-1	1402	102.811458	E5	76	80	
*	-1	*	-1	-1	1403	102.812500	D5	74	80	
*	-1	*	-1	-1	1405	102.875000	E5	76	80	
*	-1	*	-1	-1	1407	102.937500	D5	74	80	
*	-1	*	-1	-1	1414	103.125000	E5	76	80	
*	-1	*	-1	-1	1417	103.187500	D5	74	80	
*	-1	*	-1	-1	1419	103.250000	E5	76	80	
*	-1	*	-1	-1	1422	103.312500	D5	74	80	
*	-1	*	-1	-1	1424	103.375000	E5	76	80	
*	-1	*	-1	-1	1426	103.436458	E5	76	80	
*	-1	*	-1	-1	1428	103.500000	D5	74	80	
*	-1	*	-1	-1	1431	103.561458	E5	76	80	
*	-1	*	-1	-1	1432	103.562500	D5	74	80	
*	-1	*	-1	-1	1434	103.625000	E5	76	80	
*	-1	*	-1	-1	1435	103.687500	E5	76	80	
*	-1	*	-1	-1	1436	103.687500	D5	74	80	
*	-1	*	-1	-1	1437	103.748958	D5	74	80	
*	-1	*	-1	-1	1440	103.811458	E5	76	80	
*	-1	*	-1	-1	1441	103.812500	D5	74	80	
*	-1	*	-1	-1	1442	103.875000	D5	74	80	
*	-1	*	-1	-1	1443	103.875000	E5	76	80	
*	-1	*	-1	-1	1445	103.936458	E5	76	80	
*	-1	*	-1	-1	1446	103.937500	D5	74	80	
*	-1	*	-1	-1	1447	103.998958	D5	74	80	
*	-1	*	-1	-1	1448	104.000000	E5	76	80	
*	-1	*	-1	-1	1450	104.062500	E5	76	80	
*	-1	*	-1	-1	1451	104.062500	D5	74	80	
*	-1	*	-1	-1	1452	104.123958	D5	74	80	
*	-1	*	-1	-1	1453	104.125000	E5	76	80	
*	-1	*	-1	-1	1455	104.186458	E5	76	80	
*	-1	*	-1	-1	1456	104.187500	D5	74	80	
*	-1	*	-1	-1	1457	104.250000	D5	74	80	
*	-1	*	-1	-1	1458	104.250000	E5	76	80	
*	-1	*	-1	-1	1460	104.311458	E5	76	80	
*	-1	*	-1	-1	1461	104.312500	D5	74	80	
*	-1	*	-1	-1	1462	104.373958	D5	74	80	
*	-1	*	-1	-1	1463	104.375000	E5	76	80	
*	-1	*	-1	-1	1465	104.437500	E5	76	80	
*	-1	*	-1	-1	1466	104.437500	D5	74	80	
*	-1	*	-1	-1	1467	104.498958	D5	74	80	
*	-1	*	-1	-1	1470	104.561458	E5	76	80	
*	-1	*	-1	-1	1471	104.625000	D5	74	80	
*	-1	*	-1	-1	1473	104.686458	E5	76	80	
*	-1	*	-1	-1	1474	104.748958	D5	74	80	
*	-1	*	-1	-1	1477	104.812500	E5	76	80	
*	-1	*	-1	-1	1478	104.873958	D5	74	80	
*	-1	*	-1	-1	1480	104.936458	E5	76	80	
*	-1	*	-1	-1	1481	105.000000	D5	74	80	
*	-1	*	-1	-1	1484	105.061458	E5	76	80	
*	-1	*	-1	-1	1485	105.123958	D5	74	80	
*	-1	*	-1	-1	1487	105.187500	E5	76	80	
*	-1	*	-1	-1	1651	116.500000	A4	69	80	
*	-1	*	-1	-1	1655	116.561458	B4	71	80	
*	-1	*	-1	-1	1657	116.623958	A4	69	80	
*	-1	*	-1	-1	1661	116.750000	B4	71	80	
*	-1	*	-1	-1	1792	124.750000	G2	43	80	
*	-1	*	-1	-1	468	37.500000	F#4	66	80	
*	-1	*	-1	-1	493	38.812500	D4	62	80	
*	-1	*	-1	-1	496	38.937500	D4	62	80	
*	-1	*	-1	-1	1245	94.687500	E5	76	80	
*	-1	*	-1	-1	1248	94.750000	F#5	78	80	
*	-1	*	-1	-1	1251	94.812500	E5	76	80	
*	-1	*	-1	-1	1253	94.875000	F#5	78	80	
*	-1	*	-1	-1	1256	94.937500	E5	76	80	
*	-1	*	-1	-1	1258	95.000000	F#5	78	80	
*	-1	*	-1	-1	1261	95.062500	E5	76	80	
*	-1	*	-1	-1	1263	95.125000	F#5	78	80	
*	-1	*	-1	-1	1266	95.187500	E5	76	80	
*	-1	*	-1	-1	1270	95.311458	F#5	78	80	
*	-1	*	-1	-1	1276	95.437500	E5	76	80	
*	-1	*	-1	-1	1278	95.500000	F#5	78	80	
*	-1	*	-1	-1	1292	96.000000	F#3	54	80	
*	-1	*	-1	-1	1404	102.873958	D5	74	80	
*	-1	*	-1	-1	1409	103.000000	E5	76	80	
*	-1	*	-1	-1	1412	103.062500	D5	74	80	
*	-1	*	-1	-1	1427	103.437500	D5	74	80	
*	-1	*	-1	-1	1429	103.500000	E5	76	80	
*	-1	*	-1	-1	1433	103.623958	D5	74	80	
*	-1	*	-1	-1	1438	103.750000	E5	76	80	
*	-1	*	-1	-1	1464	104.375000	G4	67	80	
*	-1	*	-1	-1	1468	104.500000	F4	65	80	
*	-1	*	-1	-1	1472	104.625000	E4	64	80	
*	-1	*	-1	-1	1488	105.250000	C5	72	80	
*	-1	*	-1	-1	1489	105.250000	E4	64	80	
*	-1	*	-1	-1	1491	105.375000	D4	62	80	
