// alignID alignOntime alignSitch alignPitch alignOnvel refID refOntime refSitch refPitch refOnvel
0	0.500000	G4	67	52	0	0.000000	G4	67	80	
1	0.876302	A4	69	47	1	0.250000	A4	69	80	
2	1.037760	G4	67	59	2	0.375000	G4	67	80	
3	1.207031	F#4	66	65	3	0.500000	F#4	66	80	
4	1.345052	G4	67	64	4	0.625000	G4	67	80	
5	1.515625	A4	69	62	5	0.750000	A4	69	80	
6	1.854167	B4	71	66	6	1.000000	B4	71	80	
7	1.977865	A4	69	68	7	1.125000	A4	69	80	
8	2.138021	G4	67	70	8	1.250000	G4	67	80	
9	2.282552	A4	69	68	9	1.375000	A4	69	80	
10	2.462240	B4	71	66	10	1.500000	B4	71	80	
11	2.778646	A4	69	58	11	1.750000	A4	69	80	
12	3.102865	G4	67	63	12	2.000000	G4	67	80	
13	3.433594	D4	62	52	13	2.250000	D4	62	80	
14	3.800781	C5	72	60	14	2.500000	C5	72	80	
15	4.460938	B4	71	57	15	3.000000	B4	71	80	
16	4.795573	A4	69	70	16	3.250000	A4	69	80	
17	5.128906	G4	67	69	17	3.500000	G4	67	80	
18	5.430990	F#4	66	72	18	3.750000	F#4	66	80	
19	5.787760	E5	76	74	19	4.000000	E5	76	80	
20	6.437500	D5	74	58	20	4.500000	D5	74	80	
21	6.787760	E5	76	59	21	4.750000	E5	76	80	
22	6.941406	D5	74	55	22	4.875000	D5	74	80	
23	7.102865	C5	72	60	23	5.000000	C5	72	80	
24	7.263021	B4	71	54	24	5.125000	B4	71	80	
25	7.430990	A4	69	50	25	5.250000	A4	69	80	
26	7.761719	C5	72	56	26	5.500000	C5	72	80	
27	7.914062	B4	71	51	27	5.625000	B4	71	80	
28	8.050781	A4	69	49	28	5.750000	A4	69	80	
29	8.220052	G4	67	47	29	5.875000	G4	67	80	
30	8.411458	F#4	66	56	30	6.000000	F#4	66	80	
31	8.419271	D4	62	47	31	6.000000	D4	62	80	
32	8.734375	E4	64	48	33	6.250000	E4	64	80	
33	8.750000	G4	67	57	32	6.250000	G4	67	80	
34	8.899740	D4	62	51	34	6.375000	D4	62	80	
35	9.050781	C#4	61	57	36	6.500000	C#4	61	80	
36	9.075521	A4	69	62	35	6.500000	A4	69	80	
37	9.218750	D4	62	52	37	6.625000	D4	62	80	
38	9.389323	E4	64	56	39	6.750000	E4	64	80	
39	9.404948	G4	67	57	38	6.750000	G4	67	80	
40	9.717448	A4	69	64	40	7.000000	A4	69	80	
41	9.722656	F#4	66	63	41	7.000000	F#4	66	80	
42	9.852865	E4	64	58	42	7.125000	E4	64	80	
43	10.002604	D4	62	63	44	7.250000	D4	62	80	
44	10.024740	B4	71	65	43	7.250000	B4	71	80	
45	10.156250	E4	64	65	45	7.375000	E4	64	80	
46	10.332031	F#4	66	69	47	7.500000	F#4	66	80	
47	10.365885	A4	69	65	46	7.500000	A4	69	80	
48	10.658854	E4	64	67	49	7.750000	E4	64	80	
49	10.691406	B4	71	48	48	7.750000	B4	71	80	
50	10.803385	C#5	73	55	50	7.875000	C#5	73	80	
51	10.955729	D5	74	55	51	8.000000	D5	74	80	
52	10.963542	D4	62	60	52	8.000000	D4	62	80	
53	11.119792	B4	71	44	53	8.125000	B4	71	80	
54	11.269531	A3	57	57	55	8.250000	A3	57	80	
55	11.291667	C#5	73	55	54	8.250000	C#5	73	80	
56	11.429688	B4	71	54	56	8.375000	B4	71	80	
57	11.611979	G4	67	64	58	8.500000	G4	67	80	
58	11.623698	C#5	73	57	57	8.500000	C#5	73	80	
59	11.787760	D5	74	53	59	8.625000	D5	74	80	
60	11.936198	E5	76	57	60	8.750000	E5	76	80	
61	12.097656	C#5	73	57	61	8.875000	C#5	73	80	
62	12.247396	F#4	66	65	63	9.000000	F#4	66	80	
63	12.263021	D5	74	64	62	9.000000	D5	74	80	
64	12.416667	C#5	73	67	64	9.125000	C#5	73	80	
65	12.548177	E4	64	71	66	9.250000	E4	64	80	
66	12.557292	D5	74	73	65	9.250000	D5	74	80	
67	12.710938	E5	76	67	67	9.375000	E5	76	80	
68	12.852865	D4	62	75	69	9.500000	D4	62	80	
69	12.859375	F#5	78	73	68	9.500000	F#5	78	80	
70	13.007812	D5	74	64	70	9.625000	D5	74	80	
71	13.165365	C#4	61	76	72	9.750000	C#4	61	80	
72	13.179688	E5	76	69	71	9.750000	E5	76	80	
73	13.334635	D5	74	69	73	9.875000	D5	74	80	
74	13.510417	E5	76	71	74	10.000000	E5	76	80	
75	13.511719	B4	71	74	75	10.000000	B4	71	80	
76	13.673177	F#5	78	71	76	10.125000	F#5	78	80	
77	13.821615	G5	79	65	77	10.250000	G5	79	80	
78	13.963542	E5	76	62	78	10.375000	E5	76	80	
79	14.147135	F#5	78	70	79	10.500000	F#5	78	80	
80	14.152344	A4	69	60	80	10.500000	A4	69	80	
81	14.484375	B4	71	51	82	10.750000	B4	71	80	
82	14.489583	G5	79	63	81	10.750000	G5	79	80	
83	14.635417	F#5	78	66	83	10.875000	F#5	78	80	
84	14.649740	A4	69	54	84	10.875000	A4	69	80	
85	14.783854	E5	76	58	85	11.000000	E5	76	80	
86	14.808594	G4	67	42	86	11.000000	G4	67	80	
87	14.932292	D5	74	56	87	11.125000	D5	74	80	
88	14.947917	F#4	66	46	88	11.125000	F#4	66	80	
89	15.119792	G5	79	64	89	11.250000	G5	79	80	
90	15.143229	E4	64	54	90	11.250000	E4	64	80	
91	15.476562	G4	67	54	91	11.500000	G4	67	80	
92	15.638021	F#4	66	57	92	11.625000	F#4	66	80	
93	15.774740	E4	64	54	93	11.750000	E4	64	80	
94	15.942708	D4	62	48	94	11.875000	D4	62	80	
95	16.126302	C#4	61	56	95	12.000000	C#4	61	80	
96	16.304688	F#5	78	58	96	12.125000	F#5	78	80	
97	16.436198	G4	67	63	98	12.250000	G4	67	80	
98	16.441406	E5	76	69	97	12.250000	E5	76	80	
99	16.595052	G5	79	63	99	12.375000	G5	79	80	
100	16.739583	F#4	66	63	101	12.500000	F#4	66	80	
101	16.751302	D5	74	67	100	12.500000	D5	74	80	
102	16.902344	G5	79	62	102	12.625000	G5	79	80	
103	17.055990	E4	64	52	104	12.750000	E4	64	80	
104	17.057292	C#5	73	66	103	12.750000	C#5	73	80	
105	17.213542	G5	79	58	105	12.875000	G5	79	80	
106	17.380208	B4	71	55	106	13.000000	B4	71	80	
107	17.384115	D4	62	51	107	13.000000	D4	62	80	
108	17.519531	G5	79	52	108	13.125000	G5	79	80	
109	17.671875	C#4	61	51	110	13.250000	C#4	61	80	
110	17.675781	A4	69	52	109	13.250000	A4	69	80	
111	17.828125	G5	79	50	111	13.375000	G5	79	80	
112	17.998698	F#5	78	58	112	13.500000	F#5	78	80	
113	18.011719	D4	62	48	113	13.500000	D4	62	80	
114	18.175781	E4	64	36	114	13.625000	E4	64	80	
115	18.290365	F#4	66	56	116	13.750000	F#4	66	80	
116	18.309896	D5	74	60	115	13.750000	D5	74	80	
117	18.460938	D4	62	46	117	13.875000	D4	62	80	
118	18.618490	E5	76	71	118	14.000000	E5	76	80	
119	18.632812	G4	67	54	119	14.000000	G4	67	80	
120	18.768229	D4	62	61	120	14.125000	D4	62	80	
121	18.917969	A4	69	71	122	14.250000	A4	69	80	
122	18.923177	F#5	78	81	121	14.250000	F#5	78	80	
123	19.076823	D4	62	61	123	14.375000	D4	62	80	
124	19.225260	B4	71	66	125	14.500000	B4	71	80	
125	19.235677	G5	79	86	124	14.500000	G5	79	80	
126	19.388021	D4	62	64	126	14.625000	D4	62	80	
127	19.519531	C5	72	69	128	14.750000	C5	72	80	
128	19.526042	A5	81	81	127	14.750000	A5	81	80	
129	19.652344	D4	62	61	129	14.875000	D4	62	80	
130	19.851562	G3	55	81	131	15.000000	G3	55	80	
131	19.889323	B4	71	60	130	15.000000	B4	71	80	
132	20.171875	A3	57	71	133	15.250000	A3	57	80	
133	20.212240	D5	74	66	132	15.250000	D5	74	80	
134	20.315104	G3	55	70	134	15.375000	G3	55	80	
135	20.468750	F#3	54	69	136	15.500000	F#3	54	80	
136	20.528646	G5	79	71	135	15.500000	G5	79	80	
137	20.634115	G3	55	69	137	15.625000	G3	55	80	
138	20.807292	A3	57	69	139	15.750000	A3	57	80	
139	20.834635	C5	72	70	138	15.750000	C5	72	80	
140	21.141927	B3	59	65	141	16.000000	B3	59	80	
141	21.154948	F#5	78	72	140	16.000000	F#5	78	80	
142	21.276042	A3	57	67	142	16.125000	A3	57	80	
143	21.428385	G3	55	68	144	16.250000	G3	55	80	
144	21.450521	E5	76	65	143	16.250000	E5	76	80	
145	21.559896	A3	57	72	145	16.375000	A3	57	80	
146	21.736979	B3	59	71	147	16.500000	B3	59	80	
147	21.761719	D5	74	67	146	16.500000	D5	74	80	
148	22.071615	A3	57	64	150	16.750000	A3	57	80	
149	22.074219	F#4	66	67	149	16.750000	F#4	66	80	
150	22.078125	C5	72	69	148	16.750000	C5	72	80	
151	22.378906	G3	55	59	153	17.000000	G3	55	80	
152	22.389323	G4	67	61	152	17.000000	G4	67	80	
153	22.401042	B4	71	54	151	17.000000	B4	71	80	
154	22.712240	D3	50	54	155	17.250000	D3	50	80	
155	22.748698	A4	69	57	154	17.250000	A4	69	80	
156	23.074219	C4	60	64	157	17.500000	C4	60	80	
157	23.096354	F#4	66	58	156	17.500000	F#4	66	80	
158	23.259115	G4	67	51	158	17.625000	G4	67	80	
159	23.415365	A4	69	52	159	17.750000	A4	69	80	
160	23.563802	F#4	66	55	160	17.875000	F#4	66	80	
161	23.709635	B3	59	62	162	18.000000	B3	59	80	
162	23.725260	G4	67	62	161	18.000000	G4	67	80	
163	23.858073	F#4	66	70	163	18.125000	F#4	66	80	
164	24.006510	G4	67	71	164	18.250000	G4	67	80	
165	24.019531	A3	57	73	165	18.250000	A3	57	80	
166	24.158854	A4	69	73	166	18.375000	A4	69	80	
167	24.325521	G3	55	81	169	18.500000	G3	55	80	
168	24.325521	D5	74	68	167	18.500000	D5	74	80	
169	24.334635	B4	71	69	168	18.500000	B4	71	80	
170	24.493490	G4	67	70	170	18.625000	G4	67	80	
171	24.617188	F#3	54	72	172	18.750000	F#3	54	80	
172	24.636719	A4	69	74	171	18.750000	A4	69	80	
173	24.790365	G4	67	74	173	18.875000	G4	67	80	
174	24.954427	E4	64	79	176	19.000000	E4	64	80	
175	24.964844	A4	69	74	175	19.000000	A4	69	80	
176	24.981771	C5	72	74	174	19.000000	C5	72	80	
177	25.148438	B4	71	73	177	19.125000	B4	71	80	
178	25.308594	A5	81	76	178	19.250000	A5	81	80	
179	25.312500	C5	72	71	179	19.250000	C5	72	80	
180	25.455729	A4	69	70	180	19.375000	A4	69	80	
181	25.601562	B4	71	69	181	19.500000	B4	71	80	
182	25.636719	D4	62	60	182	19.500000	D4	62	80	
183	25.934896	C5	72	73	184	19.750000	C5	72	80	
184	25.938802	G5	79	78	183	19.750000	G5	79	80	
185	25.970052	E4	64	52	185	19.750000	E4	64	80	
186	26.111979	B4	71	61	186	19.875000	B4	71	80	
187	26.114583	D4	62	54	187	19.875000	D4	62	80	
188	26.238281	C4	60	47	189	20.000000	C4	60	80	
189	26.264323	A4	69	65	188	20.000000	A4	69	80	
190	26.390625	B3	59	47	191	20.125000	B3	59	80	
191	26.414062	G4	67	72	190	20.125000	G4	67	80	
192	26.565104	A3	57	52	193	20.250000	A3	57	80	
193	26.576823	C5	72	69	192	20.250000	C5	72	80	
194	26.895833	C4	60	60	195	20.500000	C4	60	80	
195	26.910156	A5	81	70	194	20.500000	A5	81	80	
196	27.050781	G5	79	66	196	20.625000	G5	79	80	
197	27.066406	B3	59	61	197	20.625000	B3	59	80	
198	27.218750	A3	57	60	199	20.750000	A3	57	80	
199	27.225260	F#5	78	69	198	20.750000	F#5	78	80	
200	27.345052	E5	76	63	200	20.875000	E5	76	80	
201	27.372396	G3	55	51	201	20.875000	G3	55	80	
202	27.500000	F#3	54	63	203	21.000000	F#3	54	80	
203	27.545573	D5	74	53	202	21.000000	D5	74	80	
204	27.558594	E5	76	36	*	-1	*	-1	-1	
205	27.695312	B4	71	52	204	21.125000	B4	71	80	
206	27.841146	A4	69	52	205	21.250000	A4	69	80	
207	27.996094	C5	72	53	206	21.375000	C5	72	80	
208	28.147135	E3	52	53	208	21.500000	E3	52	80	
209	28.161458	G4	67	63	207	21.500000	G4	67	80	
210	28.305990	C5	72	59	209	21.625000	C5	72	80	
211	28.453125	F#4	66	58	210	21.750000	F#4	66	80	
212	28.467448	D3	50	45	211	21.750000	D3	50	80	
213	28.605469	E3	52	52	213	21.875000	E3	52	80	
214	28.613281	C5	72	56	212	21.875000	C5	72	80	
215	28.746094	D3	50	49	215	22.000000	D3	50	80	
216	28.798177	E4	64	42	214	22.000000	E4	64	80	
217	28.916667	C5	72	45	216	22.125000	C5	72	80	
218	28.921875	C3	48	48	217	22.125000	C3	48	80	
219	29.067708	B2	47	54	219	22.250000	B2	47	80	
220	29.084635	D4	62	48	218	22.250000	D4	62	80	
221	29.221354	C5	72	55	220	22.375000	C5	72	80	
222	29.238281	A2	45	54	221	22.375000	A2	45	80	
223	29.401042	G2	43	54	223	22.500000	G2	43	80	
224	29.411458	B4	71	54	222	22.500000	B4	71	80	
225	29.527344	A2	45	54	224	22.625000	A2	45	80	
226	29.677083	B2	47	54	227	22.750000	B2	47	80	
227	29.703125	D5	74	60	225	22.750000	D5	74	80	
228	29.705729	F4	65	51	226	22.750000	F4	65	80	
229	29.845052	G2	43	44	228	22.875000	G2	43	80	
230	29.984375	C3	48	61	231	23.000000	C3	48	80	
231	30.000000	C5	72	67	229	23.000000	C5	72	80	
232	30.014323	E4	64	59	230	23.000000	E4	64	80	
233	30.131510	G2	43	52	232	23.125000	G2	43	80	
234	30.292969	D3	50	60	235	23.250000	D3	50	80	
235	30.308594	B4	71	73	233	23.250000	B4	71	80	
236	30.313802	D4	62	72	234	23.250000	D4	62	80	
237	30.438802	G2	43	57	236	23.375000	G2	43	80	
238	30.584635	E3	52	67	239	23.500000	E3	52	80	
239	30.605469	A4	69	80	237	23.500000	A4	69	80	
240	30.609375	C4	60	77	238	23.500000	C4	60	80	
241	30.735677	G2	43	65	240	23.625000	G2	43	80	
242	30.885417	F3	53	62	243	23.750000	F3	53	80	
243	30.912760	G4	67	76	241	23.750000	G4	67	80	
244	30.930990	B3	59	64	242	23.750000	B3	59	80	
245	31.032552	G2	43	62	244	23.875000	G2	43	80	
246	31.227865	C5	72	84	245	24.000000	C5	72	80	
247	31.248698	E3	52	62	246	24.000000	E3	52	80	
248	31.386719	D5	74	72	247	24.125000	D5	74	80	
249	31.419271	D3	50	54	248	24.125000	D3	50	80	
250	31.552083	C3	48	54	250	24.250000	C3	48	80	
251	31.552083	E5	76	83	249	24.250000	E5	76	80	
252	31.722656	E3	52	58	251	24.375000	E3	52	80	
253	31.851562	G4	67	66	252	24.500000	G4	67	80	
254	31.865885	B2	47	55	253	24.500000	B2	47	80	
255	32.006510	E3	52	61	254	24.625000	E3	52	80	
256	32.190104	A2	45	50	256	24.750000	A2	45	80	
257	32.191406	F#4	66	65	255	24.750000	F#4	66	80	
258	32.342448	E3	52	54	258	24.875000	E3	52	80	
259	32.352865	D5	74	65	257	24.875000	D5	74	80	
260	32.488281	C5	72	73	259	25.000000	C5	72	80	
261	32.497396	G2	43	53	260	25.000000	G2	43	80	
262	32.640625	B4	71	74	261	25.125000	B4	71	80	
263	32.651042	E3	52	58	262	25.125000	E3	52	80	
264	32.770833	F#2	42	55	264	25.250000	F#2	42	80	
265	32.790365	A4	69	79	263	25.250000	A4	69	80	
266	32.923177	E3	52	57	266	25.375000	E3	52	80	
267	32.944010	C5	72	80	265	25.375000	C5	72	80	
268	33.111979	D3	50	58	268	25.500000	D3	50	80	
269	33.111979	B4	71	78	267	25.500000	B4	71	80	
270	33.250000	C3	48	56	270	25.625000	C3	48	80	
271	33.272135	C5	72	79	269	25.625000	C5	72	80	
272	33.403646	B2	47	54	272	25.750000	B2	47	80	
273	33.419271	D5	74	77	271	25.750000	D5	74	80	
274	33.580729	D3	50	52	273	25.875000	D3	50	80	
275	33.729167	F#4	66	75	274	26.000000	F#4	66	80	
276	33.743490	A2	45	55	275	26.000000	A2	45	80	
277	33.886719	D3	50	55	276	26.125000	D3	50	80	
278	34.028646	G2	43	51	278	26.250000	G2	43	80	
279	34.041667	E4	64	66	277	26.250000	E4	64	80	
280	34.205729	D3	50	53	280	26.375000	D3	50	80	
281	34.221354	C5	72	62	279	26.375000	C5	72	80	
282	34.328125	F#2	42	51	282	26.500000	F#2	42	80	
283	34.367188	B4	71	68	281	26.500000	B4	71	80	
284	34.490885	D3	50	56	284	26.625000	D3	50	80	
285	34.527344	A4	69	67	283	26.625000	A4	69	80	
286	34.638021	E2	40	45	286	26.750000	E2	40	80	
287	34.670573	G4	67	69	285	26.750000	G4	67	80	
288	34.794271	D3	50	52	288	26.875000	D3	50	80	
289	34.815104	B4	71	58	287	26.875000	B4	71	80	
290	34.977865	C3	48	52	290	27.000000	C3	48	80	
291	34.980469	A4	69	67	289	27.000000	A4	69	80	
292	35.119792	B2	47	48	292	27.125000	B2	47	80	
293	35.144531	B4	71	58	291	27.125000	B4	71	80	
294	35.270833	A2	45	48	294	27.250000	A2	45	80	
295	35.305990	C5	72	65	293	27.250000	C5	72	80	
296	35.403646	C3	48	55	295	27.375000	C3	48	80	
297	35.582031	G2	43	52	297	27.500000	G2	43	80	
298	35.584635	E4	64	60	296	27.500000	E4	64	80	
299	35.752604	C3	48	51	298	27.625000	C3	48	80	
300	35.880208	F#2	42	53	300	27.750000	F#2	42	80	
301	35.908854	D4	62	53	299	27.750000	D4	62	80	
302	36.040365	C3	48	52	302	27.875000	C3	48	80	
303	36.123698	B4	71	52	301	27.875000	B4	71	80	
304	36.200521	E2	40	52	304	28.000000	E2	40	80	
305	36.259115	A4	69	57	303	28.000000	A4	69	80	
306	36.360677	C3	48	55	306	28.125000	C3	48	80	
307	36.410156	G4	67	59	305	28.125000	G4	67	80	
308	36.527344	D2	38	45	308	28.250000	D2	38	80	
309	36.550781	F#4	66	57	307	28.250000	F#4	66	80	
310	36.671875	C3	48	46	310	28.375000	C3	48	80	
311	36.696615	A4	69	55	309	28.375000	A4	69	80	
312	36.852865	B2	47	63	312	28.500000	B2	47	80	
313	36.856771	D4	62	72	*	-1	*	-1	-1	
314	36.859375	G4	67	67	311	28.500000	G4	67	80	
315	36.986979	A4	69	60	313	28.625000	A4	69	80	
316	37.170573	B4	71	68	314	28.750000	B4	71	80	
317	37.178385	A2	45	58	316	28.750000	A2	45	80	
318	37.187500	C4	60	68	315	28.750000	C4	60	80	
319	37.329427	D4	62	63	317	28.875000	D4	62	80	
320	37.476562	E4	64	58	318	29.000000	E4	64	80	
321	37.505208	G2	43	54	319	29.000000	G2	43	80	
322	37.613281	D4	62	62	320	29.125000	D4	62	80	
323	37.799479	C4	60	58	321	29.250000	C4	60	80	
324	37.804688	A2	45	54	322	29.250000	A2	45	80	
325	38.118490	G2	43	56	325	29.500000	G2	43	80	
326	38.118490	E4	64	55	323	29.500000	E4	64	80	
327	38.122396	B3	59	65	324	29.500000	B3	59	80	
328	38.261719	C4	60	63	326	29.625000	C4	60	80	
329	38.425781	F#2	42	54	329	29.750000	F#2	42	80	
330	38.425781	A4	69	60	327	29.750000	A4	69	80	
331	38.429688	D4	62	65	328	29.750000	D4	62	80	
332	38.572917	C4	60	60	330	29.875000	C4	60	80	
333	38.742188	G2	43	46	332	30.000000	G2	43	80	
334	38.761719	B3	59	61	331	30.000000	B3	59	80	
335	38.898438	G4	67	65	333	30.125000	G4	67	80	
336	38.914062	G3	55	49	334	30.125000	G3	55	80	
337	39.055990	A4	69	70	335	30.250000	A4	69	80	
338	39.072917	C4	60	80	336	30.250000	C4	60	80	
339	39.078125	F3	53	58	337	30.250000	F3	53	80	
340	39.201823	E3	52	61	338	30.375000	E3	52	80	
341	39.348958	D3	50	60	341	30.500000	D3	50	80	
342	39.360677	D4	62	83	340	30.500000	D4	62	80	
343	39.360677	B4	71	73	339	30.500000	B4	71	80	
344	39.509115	F3	53	60	342	30.625000	F3	53	80	
345	39.665365	C5	72	76	343	30.750000	C5	72	80	
346	39.674479	E3	52	61	345	30.750000	E3	52	80	
347	39.675781	G4	67	72	344	30.750000	G4	67	80	
348	39.808594	D5	74	67	346	30.875000	D5	74	80	
349	39.824219	F3	53	55	347	30.875000	F3	53	80	
350	39.989583	A3	57	70	349	31.000000	A3	57	80	
351	39.989583	C5	72	63	348	31.000000	C5	72	80	
352	39.990885	E3	52	61	350	31.000000	E3	52	80	
353	40.164062	B4	71	56	351	31.125000	B4	71	80	
354	40.169271	D3	50	55	352	31.125000	D3	50	80	
355	40.299479	C3	48	50	354	31.250000	C3	48	80	
356	40.305990	A4	69	55	353	31.250000	A4	69	80	
357	40.433594	E3	52	56	356	31.375000	E3	52	80	
358	40.434896	G4	67	56	355	31.375000	G4	67	80	
359	40.591146	B3	59	60	358	31.500000	B3	59	80	
360	40.611979	G4	67	64	359	31.500000	G4	67	80	
361	40.621094	D3	50	41	360	31.500000	D3	50	80	
362	40.692708	F#4	66	65	362	31.562500	F#4	66	80	
363	40.744792	E3	52	50	365	31.625000	E3	52	80	
364	40.776042	G4	67	65	364	31.625000	G4	67	80	
365	40.861979	F#4	66	57	366	31.687500	F#4	66	80	
366	40.901042	C4	60	80	367	31.750000	C4	60	80	
367	40.908854	D3	50	53	369	31.750000	D3	50	80	
368	41.044271	E4	64	57	371	31.875000	E4	64	80	
369	41.100260	C3	48	56	372	31.875000	C3	48	80	
370	41.121094	F#4	66	65	373	31.937500	F#4	66	80	
371	41.209635	D4	62	76	375	32.000000	D4	62	80	
372	41.217448	G4	67	73	374	32.000000	G4	67	80	
373	41.231771	B2	47	59	376	32.000000	B2	47	80	
374	41.382812	D3	50	56	377	32.125000	D3	50	80	
375	41.520833	E4	64	73	378	32.250000	E4	64	80	
376	41.523438	C3	48	61	379	32.250000	C3	48	80	
377	41.683594	B4	71	58	380	32.375000	B4	71	80	
378	41.690104	D3	50	53	381	32.375000	D3	50	80	
379	41.832031	C3	48	65	384	32.500000	C3	48	80	
380	41.843750	F#3	54	64	383	32.500000	F#3	54	80	
381	41.850260	A4	69	66	382	32.500000	A4	69	80	
382	42.006510	G4	67	55	385	32.625000	G4	67	80	
383	42.014323	B2	47	62	386	32.625000	B2	47	80	
384	42.165365	F#4	66	60	387	32.750000	F#4	66	80	
385	42.188802	A2	45	51	388	32.750000	A2	45	80	
386	42.312500	C3	48	54	390	32.875000	C3	48	80	
387	42.319010	E4	64	50	389	32.875000	E4	64	80	
388	42.476562	G3	55	56	392	33.000000	G3	55	80	
389	42.477865	D4	62	63	391	33.000000	D4	62	80	
390	42.490885	B2	47	52	393	33.000000	B2	47	80	
391	42.622396	C3	48	58	394	33.125000	C3	48	80	
392	42.792969	B2	47	46	396	33.250000	B2	47	80	
393	42.822917	G3	55	51	395	33.250000	G3	55	80	
394	42.966146	A2	45	42	398	33.375000	A2	45	80	
395	42.971354	A3	57	49	397	33.375000	A3	57	80	
396	43.145833	G2	43	44	400	33.500000	G2	43	80	
397	43.158854	B3	59	47	399	33.500000	B3	59	80	
398	43.295573	A2	45	44	402	33.625000	A2	45	80	
399	43.319010	C#4	61	61	401	33.625000	C#4	61	80	
400	43.446615	B2	47	62	404	33.750000	B2	47	80	
401	43.476562	D4	62	66	403	33.750000	D4	62	80	
402	43.613281	C#3	49	62	405	33.875000	C#3	49	80	
403	43.764323	B3	59	74	406	34.000000	B3	59	80	
404	43.765625	D3	50	65	407	34.000000	D3	50	80	
405	43.902344	C#4	61	72	408	34.125000	C#4	61	80	
406	43.914062	E3	52	66	409	34.125000	E3	52	80	
407	44.053385	D4	62	81	410	34.250000	D4	62	80	
408	44.058594	F#3	54	70	411	34.250000	F#3	54	80	
409	44.221354	G3	55	72	413	34.375000	G3	55	80	
410	44.226562	E4	64	70	412	34.375000	E4	64	80	
411	44.385417	F#3	54	76	416	34.500000	F#3	54	80	
412	44.401042	F#4	66	83	415	34.500000	F#4	66	80	
413	44.407552	A4	69	83	414	34.500000	A4	69	80	
414	44.718750	G4	67	76	417	34.750000	G4	67	80	
415	44.721354	E4	64	71	418	34.750000	E4	64	80	
416	44.738281	B3	59	65	419	34.750000	B3	59	80	
417	44.858073	A4	69	81	420	34.875000	A4	69	80	
418	45.020833	Eb4	63	78	422	35.000000	Eb4	63	80	
419	45.026042	B4	71	72	421	35.000000	B4	71	80	
420	45.040365	B2	47	60	423	35.000000	B2	47	80	
421	45.174479	A4	69	72	424	35.125000	A4	69	80	
422	45.356771	G4	67	67	425	35.250000	G4	67	80	
423	45.371094	E3	52	57	427	35.250000	E3	52	80	
424	45.378906	E4	64	63	426	35.250000	E4	64	80	
425	45.670573	F#4	66	71	428	35.500000	F#4	66	80	
426	45.682292	A3	57	54	430	35.500000	A3	57	80	
427	45.682292	D4	62	64	429	35.500000	D4	62	80	
428	45.808594	G4	67	66	431	35.625000	G4	67	80	
429	45.970052	A4	69	71	432	35.750000	A4	69	80	
430	45.972656	C#4	61	64	433	35.750000	C#4	61	80	
431	45.976562	A2	45	41	434	35.750000	A2	45	80	
432	46.123698	G4	67	65	435	35.875000	G4	67	80	
433	46.308594	F#4	66	68	436	36.000000	F#4	66	80	
434	46.326823	D3	50	52	438	36.000000	D3	50	80	
435	46.332031	D4	62	53	437	36.000000	D4	62	80	
436	46.643229	E3	52	39	441	36.250000	E3	52	80	
437	46.645833	G4	67	81	439	36.250000	G4	67	80	
438	46.649740	C#4	61	53	440	36.250000	C#4	61	80	
439	46.798177	B3	59	65	442	36.375000	B3	59	80	
440	46.951823	A4	69	85	443	36.500000	A4	69	80	
441	46.957031	A3	57	60	444	36.500000	A3	57	80	
442	46.959635	F#3	54	55	445	36.500000	F#3	54	80	
443	47.126302	C4	60	58	446	36.625000	C4	60	80	
444	47.273438	D5	74	83	447	36.750000	D5	74	80	
445	47.289062	B3	59	61	448	36.750000	B3	59	80	
446	47.446615	C4	60	65	449	36.875000	C4	60	80	
447	47.587240	F#4	66	76	451	37.000000	F#4	66	80	
448	47.609375	B3	59	61	452	37.000000	B3	59	80	
449	47.632812	G3	55	50	453	37.000000	G3	55	80	
450	47.687500	E4	64	74	455	37.062500	E4	64	80	
451	47.752604	F#4	66	77	457	37.125000	F#4	66	80	
452	47.757812	A3	57	61	458	37.125000	A3	57	80	
453	47.843750	E4	64	71	460	37.187500	E4	64	80	
454	47.891927	C#3	49	49	463	37.250000	C#3	49	80	
455	47.894531	F#4	66	75	459	37.187500	F#4	66	80	
456	47.903646	G3	55	53	462	37.250000	G3	55	80	
457	47.972656	E4	64	66	461	37.250000	E4	64	80	
458	48.033854	B3	59	61	466	37.375000	B3	59	80	
459	48.054688	D4	62	79	464	37.312500	F#4	66	80	
460	48.138021	E4	64	65	465	37.375000	E4	64	80	
461	48.217448	A3	57	54	469	37.500000	A3	57	80	
462	48.217448	F#4	66	84	467	37.437500	F#4	66	80	
463	48.229167	D3	50	48	470	37.500000	D3	50	80	
464	48.375000	B3	59	59	471	37.625000	B3	59	80	
465	48.509115	A3	57	58	473	37.750000	A3	57	80	
466	48.529948	G4	67	83	472	37.750000	G4	67	80	
467	48.691406	G3	55	48	474	37.875000	G3	55	80	
468	48.830729	A4	69	77	475	38.000000	A4	69	80	
469	48.838542	F#3	54	49	476	38.000000	F#3	54	80	
470	48.973958	A3	57	58	477	38.125000	A3	57	80	
471	49.141927	G3	55	57	479	38.250000	G3	55	80	
472	49.169271	B4	71	67	478	38.250000	B4	71	80	
473	49.287760	A3	57	55	480	38.375000	A3	57	80	
474	49.440104	G3	55	50	483	38.500000	G3	55	80	
475	49.459635	D4	62	55	482	38.500000	D4	62	80	
476	49.535156	C#4	61	66	485	38.562500	C#4	61	80	
477	49.565104	F#3	54	57	488	38.625000	F#3	54	80	
478	49.609375	D4	62	57	487	38.625000	D4	62	80	
479	49.697917	C#4	61	55	490	38.687500	C#4	61	80	
480	49.710938	E3	52	58	492	38.750000	E3	52	80	
481	49.729167	D4	62	58	489	38.687500	D4	62	80	
482	49.816406	C#4	61	71	491	38.750000	C#4	61	80	
483	49.847656	G3	55	62	495	38.875000	G3	55	80	
484	49.906250	B3	59	51	493	38.812500	D4	62	80	
485	49.975260	C#4	61	57	494	38.875000	C#4	61	80	
486	50.010417	F#3	54	52	498	39.000000	F#3	54	80	
487	50.088542	D4	62	65	496	38.937500	D4	62	80	
488	50.192708	G3	55	56	499	39.125000	G3	55	80	
489	50.373698	D4	62	55	500	39.250000	D4	62	80	
490	50.381510	F#3	54	50	501	39.250000	F#3	54	80	
491	50.541667	E3	52	49	503	39.375000	E3	52	80	
492	50.546875	E4	64	55	502	39.375000	E4	64	80	
493	50.703125	D3	50	53	505	39.500000	D3	50	80	
494	50.703125	F#4	66	59	504	39.500000	F#4	66	80	
495	50.848958	E3	52	64	507	39.625000	E3	52	80	
496	50.876302	G4	67	61	506	39.625000	G4	67	80	
497	50.996094	F#3	54	62	509	39.750000	F#3	54	80	
498	51.023438	A4	69	73	508	39.750000	A4	69	80	
499	51.173177	G3	55	67	510	39.875000	G3	55	80	
500	51.322917	A3	57	68	512	40.000000	A3	57	80	
501	51.338542	F#4	66	81	511	40.000000	F#4	66	80	
502	51.494792	G4	67	79	513	40.125000	G4	67	80	
503	51.501302	B3	59	74	514	40.125000	B3	59	80	
504	51.630208	C4	60	75	516	40.250000	C4	60	80	
505	51.653646	A4	69	84	515	40.250000	A4	69	80	
506	51.782552	D4	62	76	518	40.375000	D4	62	80	
507	51.805990	B4	71	80	517	40.375000	B4	71	80	
508	51.963542	F#3	54	82	520	40.500000	F#3	54	80	
509	51.970052	C5	72	86	519	40.500000	C5	72	80	
510	51.979167	D3	50	68	521	40.500000	D3	50	80	
511	52.322917	A4	69	86	522	40.750000	A4	69	80	
512	52.347656	C3	48	58	523	40.750000	C3	48	80	
513	52.501302	D3	50	53	524	40.875000	D3	50	80	
514	52.641927	B4	71	80	525	41.000000	B4	71	80	
515	52.649740	G4	67	72	526	41.000000	G4	67	80	
516	52.661458	E3	52	60	527	41.000000	E3	52	80	
517	52.795573	D3	50	59	528	41.125000	D3	50	80	
518	52.959635	C3	48	64	530	41.250000	C3	48	80	
519	52.968750	A4	69	73	529	41.250000	A4	69	80	
520	53.295573	B2	47	62	532	41.500000	B2	47	80	
521	53.309896	G4	67	64	531	41.500000	G4	67	80	
522	53.420573	C3	48	62	533	41.625000	C3	48	80	
523	53.610677	D3	50	58	535	41.750000	D3	50	80	
524	53.614583	F#4	66	63	534	41.750000	F#4	66	80	
525	53.753906	C3	48	58	536	41.875000	C3	48	80	
526	53.925781	B2	47	63	539	42.000000	B2	47	80	
527	53.949219	G4	67	55	537	42.000000	G4	67	80	
528	54.125000	G5	79	63	540	42.125000	G5	79	80	
529	54.253906	C3	48	72	542	42.250000	C3	48	80	
530	54.281250	F#5	78	70	541	42.250000	F#5	78	80	
531	54.444010	E5	76	64	543	42.375000	E5	76	80	
532	54.569010	D3	50	71	545	42.500000	D3	50	80	
533	54.601562	D5	74	64	544	42.500000	D5	74	80	
534	54.731771	F#5	78	63	546	42.625000	F#5	78	80	
535	54.886719	G3	55	74	548	42.750000	G3	55	80	
536	54.914062	E5	76	58	547	42.750000	E5	76	80	
537	55.054688	F#5	78	62	549	42.875000	F#5	78	80	
538	55.234375	A2	45	65	551	43.000000	A2	45	80	
539	55.248698	E5	76	55	550	43.000000	E5	76	80	
540	55.399740	D5	74	54	552	43.125000	D5	74	80	
541	55.552083	C5	72	57	553	43.250000	C5	72	80	
542	55.739583	E5	76	52	554	43.375000	E5	76	80	
543	55.858073	B2	47	72	556	43.500000	B2	47	80	
544	55.877604	D5	74	61	555	43.500000	D5	74	80	
545	56.027344	E5	76	60	557	43.625000	E5	76	80	
546	56.178385	C3	48	81	559	43.750000	C3	48	80	
547	56.187500	D5	74	61	558	43.750000	D5	74	80	
548	56.332031	C5	72	63	560	43.875000	C5	72	80	
549	56.497396	D3	50	75	562	44.000000	D3	50	80	
550	56.510417	B4	71	61	561	44.000000	B4	71	80	
551	56.658854	D5	74	52	563	44.125000	D5	74	80	
552	56.820312	C5	72	64	564	44.250000	C5	72	80	
553	56.835938	E3	52	72	565	44.250000	E3	52	80	
554	56.970052	D5	74	56	566	44.375000	D5	74	80	
555	57.164062	C5	72	56	567	44.500000	C5	72	80	
556	57.178385	F#2	42	58	568	44.500000	F#2	42	80	
557	57.328125	B4	71	49	569	44.625000	B4	71	80	
558	57.497396	A4	69	46	570	44.750000	A4	69	80	
559	57.669271	C5	72	52	571	44.875000	C5	72	80	
560	57.825521	G2	43	60	573	45.000000	G2	43	80	
561	57.843750	B4	71	55	572	45.000000	B4	71	80	
562	57.986979	A4	69	58	574	45.125000	A4	69	80	
563	57.994792	A2	45	67	575	45.125000	A2	45	80	
564	58.170573	G4	67	62	576	45.250000	G4	67	80	
565	58.173177	B2	47	79	577	45.250000	B2	47	80	
566	58.329427	B4	71	60	578	45.375000	B4	71	80	
567	58.484375	F#4	66	69	579	45.500000	F#4	66	80	
568	58.514323	D4	62	57	580	45.500000	D4	62	80	
569	58.644531	B4	71	70	581	45.625000	B4	71	80	
570	58.811198	C#4	61	62	583	45.750000	C#4	61	80	
571	58.811198	E4	64	66	582	45.750000	E4	64	80	
572	58.973958	A2	45	63	585	45.875000	A2	45	80	
573	58.973958	B4	71	63	584	45.875000	B4	71	80	
574	59.111979	G2	43	59	587	46.000000	G2	43	80	
575	59.128906	D4	62	62	586	46.000000	D4	62	80	
576	59.273438	F#2	42	58	589	46.125000	F#2	42	80	
577	59.298177	B4	71	61	588	46.125000	B4	71	80	
578	59.420573	E2	40	62	591	46.250000	E2	40	80	
579	59.437500	C#4	61	68	590	46.250000	C#4	61	80	
580	59.583333	G2	43	70	593	46.375000	G2	43	80	
581	59.589844	B4	71	64	592	46.375000	B4	71	80	
582	59.731771	F#2	42	67	595	46.500000	F#2	42	80	
583	59.752604	A4	69	73	594	46.500000	A4	69	80	
584	59.904948	G2	43	69	597	46.625000	G2	43	80	
585	59.916667	G4	67	62	596	46.625000	G4	67	80	
586	60.089844	A2	45	74	599	46.750000	A2	45	80	
587	60.095052	F#4	66	66	598	46.750000	F#4	66	80	
588	60.251302	A4	69	64	600	46.875000	A4	69	80	
589	60.414062	C#4	61	64	602	47.000000	C#4	61	80	
590	60.429688	E4	64	58	601	47.000000	E4	64	80	
591	60.580729	A4	69	60	603	47.125000	A4	69	80	
592	60.751302	D4	62	58	604	47.250000	D4	62	80	
593	60.763021	B3	59	54	605	47.250000	B3	59	80	
594	60.911458	G2	43	52	607	47.375000	G2	43	80	
595	60.911458	A4	69	57	606	47.375000	A4	69	80	
596	61.044271	F#2	42	59	609	47.500000	F#2	42	80	
597	61.078125	C#4	61	58	608	47.500000	C#4	61	80	
598	61.204427	E2	40	55	611	47.625000	E2	40	80	
599	61.248698	A4	69	57	610	47.625000	A4	69	80	
600	61.356771	D2	38	52	613	47.750000	D2	38	80	
601	61.402344	B3	59	60	612	47.750000	B3	59	80	
602	61.509115	F#2	42	56	615	47.875000	F#2	42	80	
603	61.558594	A4	69	56	614	47.875000	A4	69	80	
604	61.682292	E2	40	61	617	48.000000	E2	40	80	
605	61.695312	G4	67	54	616	48.000000	G4	67	80	
606	61.842448	F#2	42	54	619	48.125000	F#2	42	80	
607	61.864583	F#4	66	57	618	48.125000	F#4	66	80	
608	62.028646	G2	43	64	621	48.250000	G2	43	80	
609	62.028646	E4	64	52	620	48.250000	E4	64	80	
610	62.199219	G4	67	57	622	48.375000	G4	67	80	
611	62.367188	D4	62	53	623	48.500000	D4	62	80	
612	62.378906	B3	59	50	624	48.500000	B3	59	80	
613	62.516927	G4	67	54	625	48.625000	G4	67	80	
614	62.688802	C#4	61	56	626	48.750000	C#4	61	80	
615	62.841146	G4	67	61	628	48.875000	G4	67	80	
616	62.854167	F#2	42	45	629	48.875000	F#2	42	80	
617	62.964844	E2	40	57	631	49.000000	E2	40	80	
618	63.001302	B3	59	60	630	49.000000	B3	59	80	
619	63.122396	D2	38	45	633	49.125000	D2	38	80	
620	63.154948	G4	67	60	632	49.125000	G4	67	80	
621	63.263021	C#2	37	46	635	49.250000	C2	36	80	
622	63.298177	A3	57	57	634	49.250000	A3	57	80	
623	63.440104	E2	40	51	637	49.375000	E2	40	80	
624	63.449219	G4	67	58	636	49.375000	G4	67	80	
625	63.597656	F#4	66	68	638	49.500000	F#4	66	80	
626	63.601562	D2	38	50	639	49.500000	D2	38	80	
627	63.756510	E2	40	60	641	49.625000	E2	40	80	
628	63.776042	D5	74	68	640	49.625000	D5	74	80	
629	63.899740	F#2	42	53	643	49.750000	F#2	42	80	
630	63.930990	C5	72	69	642	49.750000	C5	72	80	
631	64.063802	D2	38	50	645	49.875000	D2	38	80	
632	64.085938	B4	71	72	644	49.875000	B4	71	80	
633	64.234375	A4	69	73	646	50.000000	A4	69	80	
634	64.246094	G2	43	60	647	50.000000	G2	43	80	
635	64.386719	D2	38	56	649	50.125000	D2	38	80	
636	64.397135	G4	67	69	648	50.125000	G4	67	80	
637	64.555990	A2	45	58	651	50.250000	A2	45	80	
638	64.561198	F#4	66	74	650	50.250000	F#4	66	80	
639	64.694010	D2	38	55	653	50.375000	D2	38	80	
640	64.723958	E4	64	68	652	50.375000	E4	64	80	
641	64.839844	B2	47	52	655	50.500000	B2	47	80	
642	64.875000	D4	62	70	654	50.500000	D4	62	80	
643	64.993490	D2	38	48	657	50.625000	D2	38	80	
644	65.033854	C4	60	62	656	50.625000	C4	60	80	
645	65.153646	C3	48	50	659	50.750000	C3	48	80	
646	65.201823	B3	59	62	658	50.750000	B3	59	80	
647	65.325521	D2	38	40	661	50.875000	D2	38	80	
648	65.352865	A3	57	58	660	50.875000	A3	57	80	
649	65.520833	G3	55	67	662	51.000000	G3	55	80	
650	65.558594	B2	47	43	663	51.000000	B2	47	80	
651	65.662760	A3	57	63	664	51.125000	A3	57	80	
652	65.691406	G3	55	39	665	51.125000	G3	55	80	
653	65.822917	B3	59	55	666	51.250000	B3	59	80	
654	65.835938	F3	53	52	667	51.250000	F3	53	80	
655	65.964844	G3	55	61	668	51.375000	G3	55	80	
656	65.975260	E3	52	55	669	51.375000	E3	52	80	
657	66.134115	C4	60	57	670	51.500000	C4	60	80	
658	66.151042	D3	50	52	671	51.500000	D3	50	80	
659	66.279948	C3	48	56	673	51.625000	C3	48	80	
660	66.292969	G3	55	70	672	51.625000	G3	55	80	
661	66.430990	B2	47	62	675	51.750000	B2	47	80	
662	66.433594	D4	62	75	674	51.750000	D4	62	80	
663	66.589844	G3	55	71	676	51.875000	G3	55	80	
664	66.596354	A2	45	64	677	51.875000	A2	45	80	
665	66.734375	G2	43	68	679	52.000000	G2	43	80	
666	66.739583	E4	64	77	678	52.000000	E4	64	80	
667	66.886719	F2	41	67	681	52.125000	F2	41	80	
668	66.891927	G3	55	68	680	52.125000	G3	55	80	
669	67.046875	F4	65	78	682	52.250000	F4	65	80	
670	67.061198	E2	40	69	683	52.250000	E2	40	80	
671	67.213542	D2	38	62	685	52.375000	D2	38	80	
672	67.218750	G3	55	66	684	52.375000	G3	55	80	
673	67.359375	C2	36	61	687	52.500000	C2	36	80	
674	67.360677	E4	64	65	686	52.500000	E4	64	80	
675	67.520833	D2	38	63	689	52.625000	D2	38	80	
676	67.531250	C5	72	74	688	52.625000	C5	72	80	
677	67.677083	E2	40	65	691	52.750000	E2	40	80	
678	67.686198	B4	71	59	690	52.750000	B4	71	80	
679	67.829427	F#2	42	62	693	52.875000	F#2	42	80	
680	67.852865	D5	74	61	692	52.875000	D5	74	80	
681	67.977865	G#2	44	60	695	53.000000	G#2	44	80	
682	67.988281	A4	69	61	694	53.000000	A4	69	80	
683	68.132812	A2	45	65	697	53.125000	A2	45	80	
684	68.153646	D5	74	63	696	53.125000	D5	74	80	
685	68.290365	G#4	68	69	698	53.250000	G#4	68	80	
686	68.294271	B2	47	61	699	53.250000	B2	47	80	
687	68.429688	C3	48	61	701	53.375000	C3	48	80	
688	68.457031	D5	74	67	700	53.375000	D5	74	80	
689	68.583333	F#4	66	68	702	53.500000	F#4	66	80	
690	68.585938	D3	50	61	703	53.500000	D3	50	80	
691	68.757812	E3	52	59	705	53.625000	E3	52	80	
692	68.766927	D5	74	58	704	53.625000	D5	74	80	
693	68.904948	E4	64	56	706	53.750000	E4	64	80	
694	68.912760	F#3	54	44	707	53.750000	F#3	54	80	
695	69.079427	D5	74	56	708	53.875000	D5	74	80	
696	69.100260	G#3	56	47	709	53.875000	G#3	56	80	
697	69.230469	C5	72	60	710	54.000000	C5	72	80	
698	69.255208	A3	57	49	711	54.000000	A3	57	80	
699	69.363281	A4	69	61	712	54.125000	A4	69	80	
700	69.414062	G3	55	40	713	54.125000	G3	55	80	
701	69.520833	B4	71	64	714	54.250000	B4	71	80	
702	69.546875	F#3	54	45	715	54.250000	F#3	54	80	
703	69.679688	C#5	73	65	716	54.375000	C#5	73	80	
704	69.683594	A3	57	43	717	54.375000	A3	57	80	
705	69.821615	Eb5	75	68	718	54.500000	Eb5	75	80	
706	69.838542	E3	52	45	719	54.500000	E3	52	80	
707	69.958333	E5	76	70	720	54.625000	E5	76	80	
708	69.983073	A3	57	54	721	54.625000	A3	57	80	
709	70.117188	F#5	78	72	722	54.750000	F#5	78	80	
710	70.125000	Eb3	51	45	723	54.750000	Eb3	51	80	
711	70.261719	G5	79	71	724	54.875000	G5	79	80	
712	70.269531	A3	57	52	725	54.875000	A3	57	80	
713	70.404948	A5	81	72	726	55.000000	A5	81	80	
714	70.408854	C#3	49	40	727	55.000000	C#3	49	80	
715	70.541667	A3	57	45	729	55.125000	A3	57	80	
716	70.542969	B5	83	61	728	55.125000	B5	83	80	
717	70.695312	C6	84	63	730	55.250000	C6	84	80	
718	70.701823	B2	47	45	731	55.250000	B2	47	80	
719	70.850260	A3	57	41	733	55.375000	A3	57	80	
720	70.871094	Eb5	75	55	732	55.375000	Eb5	75	80	
721	71.016927	G3	55	49	735	55.500000	G3	55	80	
722	71.041667	E5	76	60	734	55.500000	E5	76	80	
723	71.363281	F#5	78	67	736	55.750000	F#5	78	80	
724	71.391927	C4	60	33	737	55.750000	C4	60	80	
725	71.518229	E5	76	59	738	55.875000	E5	76	80	
726	71.660156	Eb5	75	62	739	56.000000	Eb5	75	80	
727	71.694010	B3	59	50	740	56.000000	B3	59	80	
728	71.802083	E5	76	64	741	56.125000	E5	76	80	
729	71.972656	F#5	78	68	742	56.250000	F#5	78	80	
730	72.003906	A3	57	47	743	56.250000	A3	57	80	
731	72.303385	G5	79	65	744	56.500000	G5	79	80	
732	72.316406	B3	59	49	745	56.500000	B3	59	80	
733	72.446615	F#5	78	70	746	56.625000	F#5	78	80	
734	72.601562	E5	76	66	747	56.750000	E5	76	80	
735	72.610677	B2	47	52	748	56.750000	B2	47	80	
736	72.753906	F#5	78	66	749	56.875000	F#5	78	80	
737	72.929688	G5	79	63	750	57.000000	G5	79	80	
738	72.932292	E3	52	48	751	57.000000	E3	52	80	
739	73.070312	F#3	54	57	752	57.125000	F#3	54	80	
740	73.242188	G3	55	52	754	57.250000	G3	55	80	
741	73.242188	F#5	78	73	753	57.250000	F#5	78	80	
742	73.378906	E3	52	53	755	57.375000	E3	52	80	
743	73.533854	E5	76	67	756	57.500000	E5	76	80	
744	73.541667	A3	57	55	757	57.500000	A3	57	80	
745	73.692708	E3	52	52	758	57.625000	E3	52	80	
746	73.830729	B4	71	68	759	57.750000	B4	71	80	
747	73.847656	B3	59	54	760	57.750000	B3	59	80	
748	73.996094	E3	52	54	761	57.875000	E3	52	80	
749	74.136719	A5	81	73	762	58.000000	A5	81	80	
750	74.160156	C#4	61	54	763	58.000000	C#4	61	80	
751	74.300781	E3	52	54	764	58.125000	E3	52	80	
752	74.450521	Eb4	63	53	765	58.250000	Eb4	63	80	
753	74.582031	E3	52	59	766	58.375000	E3	52	80	
754	74.763021	E4	64	50	768	58.500000	E4	64	80	
755	74.778646	G5	79	70	767	58.500000	G5	79	80	
756	74.907552	Eb4	63	50	770	58.625000	Eb4	63	80	
757	75.066406	E4	64	59	772	58.750000	E4	64	80	
758	75.078125	F#5	78	75	771	58.750000	F#5	78	80	
759	75.187500	F#4	66	63	773	58.875000	F#4	66	80	
760	75.363281	G4	67	61	775	59.000000	G4	67	80	
761	75.368490	E5	76	76	774	59.000000	E5	76	80	
762	75.497396	E4	64	60	776	59.125000	E4	64	80	
763	75.664062	F#4	66	62	778	59.250000	F#4	66	80	
764	75.682292	Eb5	75	74	777	59.250000	Eb5	75	80	
765	75.826823	E4	64	59	779	59.375000	E4	64	80	
766	75.971354	F#4	66	64	781	59.500000	F#4	66	80	
767	76.006510	C6	84	79	780	59.500000	C6	84	80	
768	76.145833	G4	67	62	782	59.625000	G4	67	80	
769	76.300781	A4	69	58	783	59.750000	A4	69	80	
770	76.450521	F#4	66	53	784	59.875000	F#4	66	80	
771	76.610677	B5	83	62	785	60.000000	B5	83	80	
772	76.630208	G4	67	52	786	60.000000	G4	67	80	
773	76.932292	A4	69	55	788	60.250000	A4	69	80	
774	76.937500	C6	84	71	787	60.250000	C6	84	80	
775	77.083333	G4	67	54	790	60.375000	G4	67	80	
776	77.089844	B5	83	71	789	60.375000	B5	83	80	
777	77.238281	F#4	66	60	792	60.500000	F#4	66	80	
778	77.242188	A5	81	81	791	60.500000	A5	81	80	
779	77.386719	G5	79	77	793	60.625000	G5	79	80	
780	77.406250	E4	64	50	794	60.625000	E4	64	80	
781	77.536458	A4	69	68	796	60.750000	A4	69	80	
782	77.540365	F#5	78	79	795	60.750000	F#5	78	80	
783	77.873698	A5	81	85	797	61.000000	A5	81	80	
784	78.031250	G5	79	74	798	61.125000	G5	79	80	
785	78.191406	F#5	78	78	799	61.250000	F#5	78	80	
786	78.334635	E5	76	72	800	61.375000	E5	76	80	
787	78.481771	Eb5	75	73	801	61.500000	Eb5	75	80	
788	78.638021	G4	67	47	802	61.625000	G4	67	80	
789	78.770833	F#4	66	55	804	61.750000	F#4	66	80	
790	78.791667	A5	81	75	803	61.750000	A5	81	80	
791	78.932292	A4	69	60	805	61.875000	A4	69	80	
792	79.104167	E4	64	53	807	62.000000	E4	64	80	
793	79.105469	G5	79	71	806	62.000000	G5	79	80	
794	79.257812	A4	69	63	808	62.125000	A4	69	80	
795	79.394531	F#5	78	76	809	62.250000	F#5	78	80	
796	79.397135	Eb4	63	51	810	62.250000	Eb4	63	80	
797	79.540365	A4	69	56	811	62.375000	A4	69	80	
798	79.675781	C#4	61	53	813	62.500000	C#4	61	80	
799	79.683594	E5	76	71	812	62.500000	E5	76	80	
800	79.821615	A4	69	59	814	62.625000	A4	69	80	
801	79.985677	B3	59	39	816	62.750000	B3	59	80	
802	79.985677	Eb5	75	65	815	62.750000	Eb5	75	80	
803	80.108073	A4	69	60	817	62.875000	A4	69	80	
804	80.294271	G4	67	58	819	63.000000	G4	67	80	
805	80.305990	E5	76	63	818	63.000000	E5	76	80	
806	80.625000	D5	74	59	820	63.250000	D5	74	80	
807	80.636719	F#4	66	54	821	63.250000	F#4	66	80	
808	80.760417	G4	67	54	822	63.375000	G4	67	80	
809	80.914062	A4	69	58	824	63.500000	A4	69	80	
810	80.923177	C5	72	60	823	63.500000	C5	72	80	
811	81.069010	G4	67	46	825	63.625000	G4	67	80	
812	81.223958	F#4	66	48	827	63.750000	F#4	66	80	
813	81.240885	D5	74	57	826	63.750000	D5	74	80	
814	81.539062	C5	72	57	828	64.000000	C5	72	80	
815	81.561198	E4	64	46	829	64.000000	E4	64	80	
816	81.686198	F#4	66	53	830	64.125000	F#4	66	80	
817	81.839844	G4	67	52	832	64.250000	G4	67	80	
818	81.846354	B4	71	57	831	64.250000	B4	71	80	
819	81.986979	F#4	66	51	833	64.375000	F#4	66	80	
820	82.161458	C5	72	58	834	64.500000	C5	72	80	
821	82.166667	E4	64	53	835	64.500000	E4	64	80	
822	82.309896	C6	84	62	836	64.625000	C6	84	80	
823	82.459635	B5	83	59	837	64.750000	B5	83	80	
824	82.472656	F#4	66	66	838	64.750000	F#4	66	80	
825	82.602865	A5	81	59	839	64.875000	A5	81	80	
826	82.743490	G5	79	60	840	65.000000	G5	79	80	
827	82.756510	G4	67	66	841	65.000000	G4	67	80	
828	82.891927	B5	83	57	842	65.125000	B5	83	80	
829	83.054688	C5	72	66	844	65.250000	C5	72	80	
830	83.076823	A5	81	62	843	65.250000	A5	81	80	
831	83.208333	B5	83	55	845	65.375000	B5	83	80	
832	83.371094	A5	81	49	846	65.500000	A5	81	80	
833	83.373698	Eb4	63	60	847	65.500000	Eb4	63	80	
834	83.548177	G5	79	57	848	65.625000	G5	79	80	
835	83.692708	F#5	78	62	849	65.750000	F#5	78	80	
836	83.830729	A5	81	63	850	65.875000	A5	81	80	
837	83.983073	G5	79	60	851	66.000000	G5	79	80	
838	84.003906	E4	64	65	852	66.000000	E4	64	80	
839	84.138021	A5	81	65	853	66.125000	A5	81	80	
840	84.285156	G5	79	64	854	66.250000	G5	79	80	
841	84.289062	F#4	66	77	855	66.250000	F#4	66	80	
842	84.433594	F#5	78	63	856	66.375000	F#5	78	80	
843	84.587240	E5	76	66	857	66.500000	E5	76	80	
844	84.588542	G4	67	72	858	66.500000	G4	67	80	
845	84.731771	G5	79	63	859	66.625000	G5	79	80	
846	84.890625	F#5	78	63	860	66.750000	F#5	78	80	
847	84.910156	A4	69	66	861	66.750000	A4	69	80	
848	85.035156	G5	79	61	862	66.875000	G5	79	80	
849	85.205729	F#5	78	60	863	67.000000	F#5	78	80	
850	85.225260	B3	59	52	864	67.000000	B3	59	80	
851	85.380208	E5	76	55	865	67.125000	E5	76	80	
852	85.522135	Eb5	75	48	866	67.250000	Eb5	75	80	
853	85.674479	F#5	78	51	867	67.375000	F#5	78	80	
854	85.833333	E5	76	48	868	67.500000	E5	76	80	
855	85.855469	C4	60	48	869	67.500000	C4	60	80	
856	86.020833	B3	59	42	870	67.625000	B3	59	80	
857	86.152344	F#5	78	64	871	67.750000	F#5	78	80	
858	86.180990	A3	57	46	872	67.750000	A3	57	80	
859	86.309896	G5	79	65	873	67.875000	G5	79	80	
860	86.313802	B3	59	58	874	67.875000	B3	59	80	
861	86.445312	A5	81	67	875	68.000000	A5	81	80	
862	86.453125	C4	60	60	876	68.000000	C4	60	80	
863	86.584635	D4	62	59	877	68.125000	D4	62	80	
864	86.740885	E4	64	70	878	68.250000	E4	64	80	
865	86.881510	Eb4	63	70	879	68.375000	Eb4	63	80	
866	87.040365	E4	64	77	881	68.500000	E4	64	80	
867	87.066406	G5	79	78	880	68.500000	G5	79	80	
868	87.180990	F#4	66	81	883	68.625000	F#4	66	80	
869	87.201823	A5	81	77	882	68.625000	A5	81	80	
870	87.339844	B5	83	75	884	68.750000	B5	83	80	
871	87.343750	G4	67	72	885	68.750000	G4	67	80	
872	87.471354	A4	69	73	886	68.875000	A4	69	80	
873	87.660156	B4	71	72	887	69.000000	B4	71	80	
874	87.774740	B2	47	50	888	69.125000	B2	47	80	
875	87.868490	C#3	49	69	889	69.187500	C#3	49	80	
876	87.957031	Eb3	51	71	891	69.250000	Eb3	51	80	
877	87.957031	A5	81	82	890	69.250000	A5	81	80	
878	88.134115	B2	47	57	892	69.375000	B2	47	80	
879	88.266927	E3	52	68	894	69.500000	E3	52	80	
880	88.270833	G5	79	82	893	69.500000	G5	79	80	
881	88.402344	B2	47	66	895	69.625000	B2	47	80	
882	88.554688	F#3	54	70	897	69.750000	F#3	54	80	
883	88.565104	F#5	78	88	896	69.750000	F#5	78	80	
884	88.694010	G5	79	82	898	69.875000	G5	79	80	
885	88.699219	B2	47	66	899	69.875000	B2	47	80	
886	88.847656	A5	81	85	900	70.000000	A5	81	80	
887	88.855469	C5	72	86	901	70.000000	C5	72	80	
888	88.856771	G3	55	76	902	70.000000	G3	55	80	
889	88.992188	B2	47	70	903	70.125000	B2	47	80	
890	89.153646	Eb5	75	84	904	70.250000	Eb5	75	80	
891	89.154948	F#4	66	83	905	70.250000	F#4	66	80	
892	89.157552	A3	57	69	906	70.250000	A3	57	80	
893	89.295573	B2	47	67	907	70.375000	B2	47	80	
894	89.453125	E5	76	87	908	70.500000	E5	76	80	
895	89.463542	E4	64	80	909	70.500000	E4	64	80	
896	89.479167	G3	55	66	910	70.500000	G3	55	80	
897	89.601562	F#4	66	78	911	70.625000	F#4	66	80	
898	89.634115	F#3	54	58	912	70.625000	F#3	54	80	
899	89.752604	G4	67	81	913	70.750000	G4	67	80	
900	89.779948	E3	52	59	914	70.750000	E3	52	80	
901	89.936198	G3	55	62	915	70.875000	G3	55	80	
902	90.070312	B4	71	78	916	71.000000	B4	71	80	
903	90.096354	D3	50	66	917	71.000000	D3	50	80	
904	90.242188	G3	55	60	918	71.125000	G3	55	80	
905	90.384115	C#3	49	57	920	71.250000	C#3	49	80	
906	90.401042	A4	69	82	919	71.250000	A4	69	80	
907	90.546875	G3	55	62	922	71.375000	G3	55	80	
908	90.554688	F#4	66	71	921	71.375000	F#4	66	80	
909	90.683594	B2	47	60	924	71.500000	B2	47	80	
910	90.692708	E4	64	71	923	71.500000	E4	64	80	
911	90.832031	D4	62	76	925	71.625000	D4	62	80	
912	90.837240	G3	55	61	926	71.625000	G3	55	80	
913	90.973958	C#4	61	79	927	71.750000	C#4	61	80	
914	90.984375	A2	45	57	928	71.750000	A2	45	80	
915	91.125000	E4	64	73	929	71.875000	E4	64	80	
916	91.132812	G3	55	60	930	71.875000	G3	55	80	
917	91.276042	D4	62	87	931	72.000000	D4	62	80	
918	91.279948	F#3	54	58	932	72.000000	F#3	54	80	
919	91.425781	E3	52	55	934	72.125000	E3	52	80	
920	91.440104	E4	64	77	933	72.125000	E4	64	80	
921	91.583333	F#4	66	84	935	72.250000	F#4	66	80	
922	91.598958	D3	50	57	936	72.250000	D3	50	80	
923	91.756510	F#3	54	52	937	72.375000	F#3	54	80	
924	91.878906	A4	69	74	938	72.500000	A4	69	80	
925	91.889323	C#3	49	62	939	72.500000	C#3	49	80	
926	92.044271	F#3	54	62	940	72.625000	F#3	54	80	
927	92.214844	B2	47	56	942	72.750000	B2	47	80	
928	92.227865	G4	67	75	941	72.750000	G4	67	80	
929	92.381510	E4	64	60	943	72.875000	E4	64	80	
930	92.382812	F#3	54	57	944	72.875000	F#3	54	80	
931	92.514323	D4	62	68	945	73.000000	D4	62	80	
932	92.544271	A2	45	54	946	73.000000	A2	45	80	
933	92.653646	C#4	61	65	947	73.125000	C#4	61	80	
934	92.683594	F#3	54	61	948	73.125000	F#3	54	80	
935	92.807292	B3	59	72	949	73.250000	B3	59	80	
936	92.820312	G2	43	52	950	73.250000	G2	43	80	
937	92.951823	F#3	54	57	952	73.375000	F#3	54	80	
938	92.958333	D4	62	68	951	73.375000	D4	62	80	
939	93.098958	C#4	61	74	953	73.500000	C#4	61	80	
940	93.131510	E3	52	62	954	73.500000	E3	52	80	
941	93.252604	D4	62	73	955	73.625000	D4	62	80	
942	93.287760	D3	50	47	956	73.625000	D3	50	80	
943	93.410156	C#3	49	49	958	73.750000	C#3	49	80	
944	93.411458	E4	64	64	957	73.750000	E4	64	80	
945	93.574219	E3	52	54	959	73.875000	E3	52	80	
946	93.708333	G4	67	61	960	74.000000	G4	67	80	
947	93.723958	B2	47	57	961	74.000000	B2	47	80	
948	93.881510	E3	52	57	962	74.125000	E3	52	80	
949	94.009115	Bb2	46	50	964	74.250000	Bb2	46	80	
950	94.018229	F#4	66	60	963	74.250000	F#4	66	80	
951	94.162760	E3	52	50	966	74.375000	E3	52	80	
952	94.178385	D4	62	55	965	74.375000	D4	62	80	
953	94.296875	C#4	61	57	967	74.500000	C#4	61	80	
954	94.309896	G#2	44	47	968	74.500000	G#2	44	80	
955	94.425781	B3	59	60	969	74.625000	B3	59	80	
956	94.462240	E3	52	58	970	74.625000	E3	52	80	
957	94.580729	Bb3	58	56	971	74.750000	Bb3	58	80	
958	94.584635	F#2	42	55	972	74.750000	F#2	42	80	
959	94.725260	C#4	61	56	973	74.875000	C#4	61	80	
960	94.726562	E3	52	59	974	74.875000	E3	52	80	
961	94.891927	B3	59	54	975	75.000000	B3	59	80	
962	94.894531	D3	50	43	976	75.000000	D3	50	80	
963	95.035156	F#3	54	54	978	75.125000	F#3	54	80	
964	95.067708	B4	71	61	977	75.125000	B4	71	80	
965	95.191406	E3	52	59	980	75.250000	E3	52	80	
966	95.217448	C#5	73	68	979	75.250000	C#5	73	80	
967	95.345052	D3	50	54	982	75.375000	D3	50	80	
968	95.356771	B4	71	68	981	75.375000	B4	71	80	
969	95.488281	C#3	49	55	984	75.500000	C#3	49	80	
970	95.500000	Bb4	70	68	983	75.500000	Bb4	70	80	
971	95.647135	B2	47	58	986	75.625000	B2	47	80	
972	95.647135	B4	71	56	985	75.625000	B4	71	80	
973	95.790365	C#5	73	70	987	75.750000	C#5	73	80	
974	95.808594	Bb2	46	56	988	75.750000	Bb2	46	80	
975	95.951823	C#3	49	54	989	75.875000	C#3	49	80	
976	96.106771	B2	47	58	991	76.000000	B2	47	80	
977	96.114583	D5	74	54	990	76.000000	D5	74	80	
978	96.246094	C#5	73	61	992	76.125000	C#5	73	80	
979	96.273438	Bb2	46	53	993	76.125000	Bb2	46	80	
980	96.390625	B4	71	55	994	76.250000	B4	71	80	
981	96.398438	G#2	44	51	995	76.250000	G#2	44	80	
982	96.545573	C#5	73	51	996	76.375000	C#5	73	80	
983	96.554688	F#2	42	45	997	76.375000	F#2	42	80	
984	96.718750	B2	47	52	999	76.500000	B2	47	80	
985	96.746094	D5	74	52	998	76.500000	D5	74	80	
986	97.062500	C#3	49	58	1001	76.750000	C#3	49	80	
987	97.066406	C#5	73	63	1000	76.750000	C#5	73	80	
988	97.192708	B2	47	67	1002	76.875000	B2	47	80	
989	97.338542	Bb2	46	72	1004	77.000000	Bb2	46	80	
990	97.361979	B4	71	71	1003	77.000000	B4	71	80	
991	97.493490	B2	47	75	1005	77.125000	B2	47	80	
992	97.654948	C#3	49	75	1007	77.250000	C#3	49	80	
993	97.669271	Bb4	70	78	1006	77.250000	Bb4	70	80	
994	97.975260	G5	79	84	1008	77.500000	G5	79	80	
995	97.988281	D3	50	70	1009	77.500000	D3	50	80	
996	98.139323	C#3	49	72	1010	77.625000	C#3	49	80	
997	98.283854	B2	47	70	1011	77.750000	B2	47	80	
998	98.437500	C#3	49	79	1012	77.875000	C#3	49	80	
999	98.596354	D3	50	78	1014	78.000000	D3	50	80	
1000	98.617188	F#5	78	77	1013	78.000000	F#5	78	80	
1001	98.908854	C#3	49	71	1016	78.250000	C#3	49	80	
1002	98.917969	G5	79	80	1015	78.250000	G5	79	80	
1003	99.067708	F#5	78	75	1017	78.375000	F#5	78	80	
1004	99.208333	B2	47	67	1019	78.500000	B2	47	80	
1005	99.218750	E5	76	76	1018	78.500000	E5	76	80	
1006	99.358073	D5	74	76	1020	78.625000	D5	74	80	
1007	99.503906	Bb2	46	67	1022	78.750000	Bb2	46	80	
1008	99.523438	C#5	73	79	1021	78.750000	C#5	73	80	
1009	99.835938	G3	55	62	1024	79.000000	G3	55	80	
1010	99.842448	E5	76	68	1023	79.000000	E5	76	80	
1011	99.990885	D5	74	65	1025	79.125000	D5	74	80	
1012	100.149740	C#5	73	65	1026	79.250000	C#5	73	80	
1013	100.312500	B4	71	58	1027	79.375000	B4	71	80	
1014	100.464844	Bb4	70	58	1028	79.500000	Bb4	70	80	
1015	100.484375	F#3	54	42	1029	79.500000	F#3	54	80	
1016	100.613281	B4	71	59	1030	79.625000	B4	71	80	
1017	100.639323	G#3	56	52	1031	79.625000	G#3	56	80	
1018	100.764323	C#5	73	62	1032	79.750000	C#5	73	80	
1019	100.782552	Bb3	58	59	1033	79.750000	Bb3	58	80	
1020	100.912760	F#3	54	58	1035	79.875000	F#3	54	80	
1021	100.914062	Bb4	70	70	1034	79.875000	Bb4	70	80	
1022	101.085938	D5	74	69	1036	80.000000	D5	74	80	
1023	101.093750	B3	59	61	1037	80.000000	B3	59	80	
1024	101.212240	F#3	54	61	1039	80.125000	F#3	54	80	
1025	101.220052	Bb4	70	75	1038	80.125000	Bb4	70	80	
1026	101.371094	C#4	61	67	1041	80.250000	C#4	61	80	
1027	101.375000	E5	76	85	1040	80.250000	E5	76	80	
1028	101.520833	F#3	54	60	1043	80.375000	F#3	54	80	
1029	101.532552	Bb4	70	74	1042	80.375000	Bb4	70	80	
1030	101.667969	D4	62	67	1045	80.500000	D4	62	80	
1031	101.675781	F#5	78	86	1044	80.500000	F#5	78	80	
1032	101.805990	F#3	54	63	1047	80.625000	F#3	54	80	
1033	101.829427	Bb4	70	76	1046	80.625000	Bb4	70	80	
1034	101.957031	E4	64	58	1049	80.750000	E4	64	80	
1035	101.970052	G5	79	76	1048	80.750000	G5	79	80	
1036	102.110677	F#3	54	56	1051	80.875000	F#3	54	80	
1037	102.115885	Bb4	70	66	1050	80.875000	Bb4	70	80	
1038	102.295573	D4	62	61	1053	81.000000	D4	62	80	
1039	102.298177	F#5	78	82	1052	81.000000	F#5	78	80	
1040	102.430990	F#3	54	57	1055	81.125000	F#3	54	80	
1041	102.446615	Bb4	70	69	1054	81.125000	Bb4	70	80	
1042	102.600260	B4	71	72	1056	81.250000	B4	71	80	
1043	102.608073	G3	55	59	1057	81.250000	G3	55	80	
1044	102.753906	F#5	78	74	1058	81.375000	F#5	78	80	
1045	102.757812	D4	62	47	1059	81.375000	D4	62	80	
1046	102.904948	C#4	61	77	1061	81.500000	C#4	61	80	
1047	102.904948	E5	76	79	1060	81.500000	E5	76	80	
1048	102.990885	D5	74	71	1062	81.562500	D5	74	80	
1049	103.007812	B3	59	56	1063	81.562500	B3	59	80	
1050	103.071615	Bb3	58	62	1065	81.625000	Bb3	58	80	
1051	103.071615	C#5	73	75	1064	81.625000	C#5	73	80	
1052	103.151042	D5	74	63	1066	81.687500	D5	74	80	
1053	103.164062	B3	59	62	1067	81.687500	B3	59	80	
1054	103.218750	E5	76	83	1068	81.750000	E5	76	80	
1055	103.250000	C#4	61	69	1069	81.750000	C#4	61	80	
1056	103.376302	G#4	68	84	1070	81.875000	G#4	68	80	
1057	103.390625	E3	52	69	1071	81.875000	E3	52	80	
1058	103.526042	Bb4	70	77	1072	82.000000	Bb4	70	80	
1059	103.532552	F#3	54	70	1073	82.000000	F#3	54	80	
1060	103.675781	C#4	61	75	1075	82.125000	C#4	61	80	
1061	103.675781	E5	76	80	1074	82.125000	E5	76	80	
1062	103.811198	D5	74	75	1076	82.250000	D5	74	80	
1063	103.820312	B3	59	75	1077	82.250000	B3	59	80	
1064	103.886719	C#5	73	77	1078	82.312500	C#5	73	80	
1065	103.911458	Bb3	58	66	1079	82.312500	Bb3	58	80	
1066	103.973958	B4	71	72	1080	82.375000	B4	71	80	
1067	103.990885	G#3	56	70	1081	82.375000	G#3	56	80	
1068	104.037760	C#5	73	64	1082	82.437500	C#5	73	80	
1069	104.102865	Bb3	58	59	1083	82.437500	Bb3	58	80	
1070	104.145833	D5	74	68	1084	82.500000	D5	74	80	
1071	104.192708	B3	59	66	1085	82.500000	B3	59	80	
1072	104.343750	C#4	61	66	1087	82.625000	C#4	61	80	
1073	104.484375	D4	62	74	1088	82.750000	D4	62	80	
1074	104.630208	B3	59	62	1089	82.875000	B3	59	80	
1075	104.776042	E4	64	71	1090	83.000000	E4	64	80	
1076	104.917969	B3	59	66	1091	83.125000	B3	59	80	
1077	105.076823	F#4	66	71	1092	83.250000	F#4	66	80	
1078	105.246094	B3	59	61	1093	83.375000	B3	59	80	
1079	105.376302	G#4	68	73	1094	83.500000	G#4	68	80	
1080	105.555990	B3	59	58	1095	83.625000	B3	59	80	
1081	105.667969	A4	69	68	1096	83.750000	A4	69	80	
1082	105.686198	B2	47	58	1097	83.750000	B2	47	80	
1083	105.820312	B3	59	58	1098	83.875000	B3	59	80	
1084	105.977865	E3	52	54	1100	84.000000	E3	52	80	
1085	105.993490	G#4	68	68	1099	84.000000	G#4	68	80	
1086	106.149740	F#3	54	54	1101	84.125000	F#3	54	80	
1087	106.307292	G#3	56	59	1103	84.250000	G#3	56	80	
1088	106.307292	E4	64	64	1102	84.250000	E4	64	80	
1089	106.450521	E3	52	52	1104	84.375000	E3	52	80	
1090	106.588542	A3	57	65	1106	84.500000	A3	57	80	
1091	106.593750	F#4	66	68	1105	84.500000	F#4	66	80	
1092	106.738281	E3	52	61	1107	84.625000	E3	52	80	
1093	106.907552	B3	59	50	1109	84.750000	B3	59	80	
1094	106.915365	G#4	68	66	1108	84.750000	G#4	68	80	
1095	107.041667	E3	52	56	1110	84.875000	E3	52	80	
1096	107.216146	C#4	61	59	1112	85.000000	C#4	61	80	
1097	107.225260	A4	69	66	1111	85.000000	A4	69	80	
1098	107.363281	E3	52	57	1113	85.125000	E3	52	80	
1099	107.511719	D4	62	55	1115	85.250000	D4	62	80	
1100	107.527344	B4	71	61	1114	85.250000	B4	71	80	
1101	107.653646	E3	52	56	1116	85.375000	E3	52	80	
1102	107.848958	C#4	61	53	1118	85.500000	C#4	61	80	
1103	107.859375	E4	64	51	1117	85.500000	E4	64	80	
1104	108.005208	F#4	66	58	1119	85.625000	F#4	66	80	
1105	108.079427	G#4	68	53	1120	85.687500	G#4	68	80	
1106	108.151042	A4	69	74	1121	85.750000	A4	69	80	
1107	108.342448	E4	64	57	1122	85.875000	E4	64	80	
1108	108.343750	D4	62	62	1123	85.875000	D4	62	80	
1109	108.481771	C#4	61	54	1125	86.000000	C#4	61	80	
1110	108.494792	B4	71	63	1124	86.000000	B4	71	80	
1111	108.636719	B3	59	57	1127	86.125000	B3	59	80	
1112	108.651042	E4	64	58	1126	86.125000	E4	64	80	
1113	108.787760	C#5	73	71	1128	86.250000	C#5	73	80	
1114	108.799479	A3	57	60	1129	86.250000	A3	57	80	
1115	108.950521	E4	64	65	1130	86.375000	E4	64	80	
1116	108.955729	B3	59	69	1131	86.375000	B3	59	80	
1117	109.098958	A3	57	66	1133	86.500000	A3	57	80	
1118	109.098958	D5	74	78	1132	86.500000	D5	74	80	
1119	109.251302	G3	55	67	1135	86.625000	G3	55	80	
1120	109.259115	F#4	66	74	1134	86.625000	F#4	66	80	
1121	109.381510	F#3	54	63	1137	86.750000	F#3	54	80	
1122	109.414062	E5	76	81	1136	86.750000	E5	76	80	
1123	109.433594	C#3	49	50	1138	86.750000	C#3	49	80	
1124	109.553385	E3	52	70	1140	86.875000	E3	52	80	
1125	109.567708	G4	67	71	1139	86.875000	G4	67	80	
1126	109.707031	D3	50	74	1142	87.000000	D3	50	80	
1127	109.713542	F#4	66	76	1141	87.000000	F#4	66	80	
1128	109.863281	G4	67	60	1144	87.125000	G4	67	80	
1129	109.942708	A4	69	75	1145	87.187500	A4	69	80	
1130	110.023438	B4	71	71	1146	87.250000	B4	71	80	
1131	110.169271	E3	52	66	1148	87.375000	E3	52	80	
1132	110.180990	F#4	66	82	1147	87.375000	F#4	66	80	
1133	110.320312	D3	50	76	1150	87.500000	D3	50	80	
1134	110.325521	C#5	73	81	1149	87.500000	C#5	73	80	
1135	110.457031	C#3	49	73	1152	87.625000	C#3	49	80	
1136	110.475260	F#4	66	86	1151	87.625000	F#4	66	80	
1137	110.619792	B2	47	85	1154	87.750000	B2	47	80	
1138	110.621094	D5	74	82	1153	87.750000	D5	74	80	
1139	110.759115	C#3	49	76	1156	87.875000	C#3	49	80	
1140	110.774740	F#4	66	78	1155	87.875000	F#4	66	80	
1141	110.894531	B2	47	83	1158	88.000000	B2	47	80	
1142	110.914062	E5	76	82	1157	88.000000	E5	76	80	
1143	111.026042	A2	45	76	1160	88.125000	A2	45	80	
1144	111.065104	G4	67	70	1159	88.125000	G4	67	80	
1145	111.173177	G2	43	75	1162	88.250000	G2	43	80	
1146	111.208333	F#5	78	84	1161	88.250000	F#5	78	80	
1147	111.329427	F#2	42	66	1164	88.375000	F#2	42	80	
1148	111.364583	A4	69	75	1163	88.375000	A4	69	80	
1149	111.511719	E2	40	82	1166	88.500000	E2	40	80	
1150	111.515625	G4	67	84	1165	88.500000	G4	67	80	
1151	111.683594	F#4	66	70	1167	88.625000	F#4	66	80	
1152	111.828125	D3	50	84	1169	88.750000	D3	50	80	
1153	111.833333	G4	67	82	1168	88.750000	G4	67	80	
1154	111.979167	B4	71	66	1170	88.875000	B4	71	80	
1155	112.128906	C#3	49	83	1172	89.000000	C#3	49	80	
1156	112.140625	E5	76	80	1171	89.000000	E5	76	80	
1157	112.299479	G4	67	63	1173	89.125000	G4	67	80	
1158	112.446615	D3	50	87	1175	89.250000	D3	50	80	
1159	112.462240	F#4	66	75	1174	89.250000	F#4	66	80	
1160	112.610677	B4	71	63	1177	89.375000	B4	71	80	
1161	112.757812	E3	52	87	1179	89.500000	E3	52	80	
1162	112.766927	A4	69	72	1178	89.500000	A4	69	80	
1163	112.921875	C#5	73	69	1180	89.625000	C#5	73	80	
1164	112.930990	D3	50	66	1181	89.625000	D3	50	80	
1165	113.076823	D5	74	79	1182	89.750000	D5	74	80	
1166	113.096354	C#3	49	78	1183	89.750000	C#3	49	80	
1167	113.231771	D3	50	73	1185	89.875000	D3	50	80	
1168	113.406250	E3	52	85	1186	90.000000	E3	52	80	
1169	113.410156	G2	43	70	1187	90.000000	G2	43	80	
1170	113.713542	F#3	54	75	1189	90.250000	F#3	54	80	
1171	113.735677	C#5	73	81	1188	90.250000	C#5	73	80	
1172	113.739583	A2	45	67	1190	90.250000	A2	45	80	
1173	113.890625	E3	52	78	1191	90.375000	E3	52	80	
1174	114.016927	D3	50	67	1192	90.500000	D3	50	80	
1175	114.161458	E3	52	76	1193	90.625000	E3	52	80	
1176	114.324219	D3	50	64	1196	90.750000	D3	50	80	
1177	114.326823	F#3	54	69	1195	90.750000	F#3	54	80	
1178	114.348958	D5	74	70	1194	90.750000	D5	74	80	
1179	114.653646	E3	52	69	1198	91.000000	E3	52	80	
1180	114.665365	E5	76	77	1197	91.000000	E5	76	80	
1181	114.673177	C#3	49	54	1199	91.000000	C#3	49	80	
1182	114.792969	D5	74	73	1200	91.125000	D5	74	80	
1183	114.945312	C#5	73	81	1201	91.250000	C#5	73	80	
1184	114.949219	D3	50	65	1202	91.250000	D3	50	80	
1185	114.954427	B2	47	61	1203	91.250000	B2	47	80	
1186	115.109375	D5	74	75	1204	91.375000	D5	74	80	
1187	115.260417	A2	45	59	1207	91.500000	A2	45	80	
1188	115.269531	E5	76	82	1205	91.500000	E5	76	80	
1189	115.270833	C#3	49	72	1206	91.500000	C#3	49	80	
1190	115.618490	B3	59	78	1209	91.750000	B3	59	80	
1191	115.631510	F#5	78	80	1208	91.750000	F#5	78	80	
1192	115.776042	E5	76	77	1210	91.875000	E5	76	80	
1193	115.919271	D5	74	81	1211	92.000000	D5	74	80	
1194	116.067708	E5	76	82	1212	92.125000	E5	76	80	
1195	116.238281	F#5	78	88	1213	92.250000	F#5	78	80	
1196	116.243490	A3	57	67	1214	92.250000	A3	57	80	
1197	116.557292	G5	79	78	1215	92.500000	G5	79	80	
1198	116.565104	B3	59	65	1216	92.500000	B3	59	80	
1199	116.707031	F#5	78	88	1217	92.625000	F#5	78	80	
1200	116.712240	A3	57	71	1218	92.625000	A3	57	80	
1201	116.838542	E5	76	84	1219	92.750000	E5	76	80	
1202	116.855469	G3	55	64	1220	92.750000	G3	55	80	
1203	116.966146	D5	74	81	1221	92.875000	D5	74	80	
1204	117.026042	F#3	54	67	1222	92.875000	F#3	54	80	
1205	117.134115	C#5	73	83	1223	93.000000	C#5	73	80	
1206	117.167969	E3	52	66	1224	93.000000	E3	52	80	
1207	117.470052	B5	83	86	1225	93.250000	B5	83	80	
1208	117.472656	G3	55	65	1226	93.250000	G3	55	80	
1209	117.613281	F#3	54	64	1227	93.375000	F#3	54	80	
1210	117.764323	E3	52	69	1228	93.500000	E3	52	80	
1211	117.897135	D3	50	74	1229	93.625000	D3	50	80	
1212	118.042969	C#3	49	70	1230	93.750000	C#3	49	80	
1213	118.225260	A5	81	78	1231	93.875000	A5	81	80	
1214	118.375000	B5	83	77	1232	94.000000	B5	83	80	
1215	118.519531	A5	81	78	1233	94.125000	A5	81	80	
1216	118.677083	G5	79	69	1234	94.250000	G5	79	80	
1217	118.684896	D3	50	60	1235	94.250000	D3	50	80	
1218	118.819010	F#5	78	75	1236	94.375000	F#5	78	80	
1219	118.988281	F#5	78	71	1238	94.500000	F#5	78	80	
1220	119.115885	E5	76	61	1240	94.562500	E5	76	80	
1221	119.179688	G3	55	62	1243	94.625000	G3	55	80	
1222	119.195312	F#5	78	57	1242	94.625000	F#5	78	80	
1223	119.269531	F#3	54	57	1246	94.687500	F#3	54	80	
1224	119.272135	E5	76	55	1245	94.687500	E5	76	80	
1225	119.324219	F#5	78	71	1248	94.750000	F#5	78	80	
1226	119.354167	E3	52	60	1249	94.750000	E3	52	80	
1227	119.411458	E5	76	72	1251	94.812500	E5	76	80	
1228	119.479167	G3	55	56	1254	94.875000	G3	55	80	
1229	119.480469	F#5	78	62	1253	94.875000	F#5	78	80	
1230	119.558594	E5	76	63	1256	94.937500	E5	76	80	
1231	119.602865	D3	50	59	1259	95.000000	D3	50	80	
1232	119.611979	F#5	78	59	1258	95.000000	F#5	78	80	
1233	119.680990	E5	76	76	1261	95.062500	E5	76	80	
1234	119.736979	F#5	78	74	1263	95.125000	F#5	78	80	
1235	119.756510	G3	55	72	1264	95.125000	G3	55	80	
1236	119.812500	E5	76	68	1266	95.187500	E5	76	80	
1237	119.868490	F#5	78	66	1268	95.250000	F#5	78	80	
1238	119.885417	C#3	49	65	1269	95.250000	C#3	49	80	
1239	119.949219	E5	76	73	1271	95.312500	E5	76	80	
1240	120.003906	F#5	78	67	1273	95.375000	F#5	78	80	
1241	120.035156	G3	55	66	1274	95.375000	G3	55	80	
1242	120.085938	E5	76	72	1276	95.437500	E5	76	80	
1243	120.141927	F#5	78	71	1278	95.500000	F#5	78	80	
1244	120.190104	B2	47	62	1279	95.500000	B2	47	80	
1245	120.207031	E5	76	59	1277	95.498958	E5	76	80	
1246	120.266927	F#5	78	67	1280	95.561458	F#5	78	80	
1247	120.325521	E5	76	64	1282	95.625000	E5	76	80	
1248	120.377604	G3	55	58	1283	95.625000	G3	55	80	
1249	120.536458	A2	45	55	1286	95.750000	A2	45	80	
1250	120.700521	G3	55	54	1289	95.875000	G3	55	80	
1251	120.880208	F#3	54	60	1292	96.000000	F#3	54	80	
1252	121.063802	G3	55	47	1295	96.125000	G3	55	80	
1253	121.101562	A5	81	61	1294	96.125000	A5	81	80	
1254	121.167969	G5	79	65	1296	96.187500	G5	79	80	
1255	121.231771	A3	57	54	1298	96.250000	A3	57	80	
1256	121.244792	F#5	78	68	1297	96.250000	F#5	78	80	
1257	121.412760	E3	52	52	1300	96.375000	E3	52	80	
1258	121.421875	A5	81	65	1299	96.375000	A5	81	80	
1259	121.555990	E5	76	69	1301	96.500000	E5	76	80	
1260	121.559896	D3	50	60	1302	96.500000	D3	50	80	
1261	121.714844	A5	81	76	1303	96.625000	A5	81	80	
1262	121.720052	C#3	49	58	1304	96.625000	C#3	49	80	
1263	121.869792	D5	74	70	1305	96.750000	D5	74	80	
1264	121.890625	B2	47	62	1306	96.750000	B2	47	80	
1265	122.024740	G3	55	73	1308	96.875000	G3	55	80	
1266	122.035156	A5	81	77	1307	96.875000	A5	81	80	
1267	122.196615	C#5	73	74	1309	97.000000	C#5	73	80	
1268	122.210938	F#3	54	72	1310	97.000000	F#3	54	80	
1269	122.364583	A5	81	73	1311	97.125000	A5	81	80	
1270	122.380208	E3	52	66	1312	97.125000	E3	52	80	
1271	122.511719	D3	50	58	1314	97.250000	D3	50	80	
1272	122.515625	B4	71	72	1313	97.250000	B4	71	80	
1273	122.649740	F#3	54	74	1316	97.375000	F#3	54	80	
1274	122.680990	A5	81	74	1315	97.375000	A5	81	80	
1275	122.820312	E3	52	71	1318	97.500000	E3	52	80	
1276	122.832031	G5	79	76	1317	97.500000	G5	79	80	
1277	122.997396	F#5	78	80	1319	97.625000	F#5	78	80	
1278	123.001302	F#3	54	74	1320	97.625000	F#3	54	80	
1279	123.156250	E5	76	77	1321	97.750000	E5	76	80	
1280	123.165365	G3	55	70	1322	97.750000	G3	55	80	
1281	123.308594	D3	50	70	1324	97.875000	D3	50	80	
1282	123.312500	G5	79	78	1323	97.875000	G5	79	80	
1283	123.446615	C#3	49	72	1326	98.000000	C#3	49	80	
1284	123.468750	D5	74	72	1325	98.000000	D5	74	80	
1285	123.601562	B2	47	70	1328	98.125000	B2	47	80	
1286	123.627604	G5	79	74	1327	98.125000	G5	79	80	
1287	123.761719	A2	45	65	1330	98.250000	A2	45	80	
1288	123.768229	C#5	73	73	1329	98.250000	C#5	73	80	
1289	123.920573	F#3	54	68	1332	98.375000	F#3	54	80	
1290	123.921875	G5	79	72	1331	98.375000	G5	79	80	
1291	124.067708	E3	52	65	1334	98.500000	E3	52	80	
1292	124.095052	B4	71	66	1333	98.500000	B4	71	80	
1293	124.221354	D3	50	55	1336	98.625000	D3	50	80	
1294	124.263021	G5	79	67	1335	98.625000	G5	79	80	
1295	124.382812	C#3	49	61	1338	98.750000	C#3	49	80	
1296	124.403646	A4	69	68	1337	98.750000	A4	69	80	
1297	124.533854	E3	52	68	1340	98.875000	E3	52	80	
1298	124.557292	G5	79	67	1339	98.875000	G5	79	80	
1299	124.684896	F#5	78	74	1341	99.000000	F#5	78	80	
1300	124.696615	D3	50	63	1342	99.000000	D3	50	80	
1301	124.852865	E3	52	61	1344	99.125000	E3	52	80	
1302	124.852865	E5	76	62	1343	99.125000	E5	76	80	
1303	124.986979	F#3	54	65	1346	99.250000	F#3	54	80	
1304	125.006510	D5	74	62	1345	99.250000	D5	74	80	
1305	125.144531	C3	48	65	1348	99.375000	C3	48	80	
1306	125.151042	F#5	78	73	1347	99.375000	F#5	78	80	
1307	125.316406	B2	47	67	1350	99.500000	B2	47	80	
1308	125.321615	C5	72	67	1349	99.500000	C5	72	80	
1309	125.462240	F#5	78	61	1351	99.625000	F#5	78	80	
1310	125.486979	A2	45	56	1352	99.625000	A2	45	80	
1311	125.625000	B4	71	63	1353	99.750000	B4	71	80	
1312	125.628906	G2	43	57	1354	99.750000	G2	43	80	
1313	125.748698	B2	47	59	1356	99.875000	B2	47	80	
1314	125.764323	F#5	78	61	1355	99.875000	F#5	78	80	
1315	125.915365	C#3	49	56	1358	100.000000	C#3	49	80	
1316	125.927083	A4	69	62	1357	100.000000	A4	69	80	
1317	126.085938	D3	50	62	1360	100.125000	D3	50	80	
1318	126.087240	F#5	78	62	1359	100.125000	F#5	78	80	
1319	126.238281	E3	52	57	1362	100.250000	E3	52	80	
1320	126.247396	G4	67	55	1361	100.250000	G4	67	80	
1321	126.372396	F#3	54	59	1364	100.375000	F#3	54	80	
1322	126.388021	F#5	78	63	1363	100.375000	F#5	78	80	
1323	126.524740	G3	55	59	1366	100.500000	G3	55	80	
1324	126.558594	E5	76	60	1365	100.500000	E5	76	80	
1325	126.707031	A3	57	53	1368	100.625000	A3	57	80	
1326	126.710938	D5	74	63	1367	100.625000	D5	74	80	
1327	126.843750	G3	55	65	1370	100.750000	G3	55	80	
1328	126.860677	C#5	73	70	1369	100.750000	C#5	73	80	
1329	126.989583	F#3	54	67	1372	100.875000	F#3	54	80	
1330	127.005208	E5	76	70	1371	100.875000	E5	76	80	
1331	127.152344	E3	52	78	1374	101.000000	E3	52	80	
1332	127.173177	B4	71	72	1373	101.000000	B4	71	80	
1333	127.294271	D3	50	75	1376	101.125000	D3	50	80	
1334	127.320312	E5	76	73	1375	101.125000	E5	76	80	
1335	127.446615	C#3	49	76	1378	101.250000	C#3	49	80	
1336	127.460938	A4	69	81	1377	101.250000	A4	69	80	
1337	127.578125	A2	45	75	1380	101.375000	A2	45	80	
1338	127.627604	E5	76	73	1379	101.375000	E5	76	80	
1339	127.722656	B2	47	73	1382	101.500000	B2	47	80	
1340	127.765625	G4	67	79	1381	101.500000	G4	67	80	
1341	127.881510	C#3	49	74	1384	101.625000	C#3	49	80	
1342	127.924479	E5	76	76	1383	101.625000	E5	76	80	
1343	128.050781	D3	50	76	1386	101.750000	D3	50	80	
1344	128.053385	F#4	66	83	1385	101.750000	F#4	66	80	
1345	128.199219	E5	76	82	1387	101.875000	E5	76	80	
1346	128.203125	E3	52	75	1388	101.875000	E3	52	80	
1347	128.335938	F#3	54	77	1390	102.000000	F#3	54	80	
1348	128.352865	D5	74	88	1389	102.000000	D5	74	80	
1349	128.475260	G3	55	72	1392	102.125000	G3	55	80	
1350	128.497396	F#4	66	77	1391	102.125000	F#4	66	80	
1351	128.636719	A3	57	74	1394	102.250000	A3	57	80	
1352	128.651042	E4	64	76	1393	102.250000	E4	64	80	
1353	128.792969	G4	67	72	1395	102.375000	G4	67	80	
1354	128.949219	A2	45	71	1397	102.500000	A2	45	80	
1355	128.949219	D5	74	77	1396	102.500000	D5	74	80	
1356	129.098958	C#5	73	74	1398	102.625000	C#5	73	80	
1357	129.266927	E5	76	72	1400	102.750000	E5	76	80	
1358	129.276042	D3	50	88	1401	102.750000	D3	50	80	
1359	129.368490	D5	74	65	1403	102.812500	D5	74	80	
1360	129.459635	E5	76	70	1405	102.875000	E5	76	80	
1361	129.546875	D5	74	61	1407	102.937500	D5	74	80	
1362	129.623698	E5	76	61	1409	103.000000	E5	76	80	
1363	129.630208	C3	48	72	1410	103.000000	C3	48	80	
1364	129.701823	D5	74	60	1412	103.062500	D5	74	80	
1365	129.755208	D3	50	72	1415	103.125000	D3	50	80	
1366	129.779948	E5	76	59	1414	103.125000	E5	76	80	
1367	129.854167	D5	74	61	1417	103.187500	D5	74	80	
1368	129.886719	E3	52	72	1420	103.250000	E3	52	80	
1369	129.933594	E5	76	62	1421	103.312500	E5	76	80	
1370	129.997396	D5	74	54	1423	103.373958	D5	74	80	
1371	130.024740	D3	50	68	1425	103.375000	D3	50	80	
1372	130.076823	E5	76	57	1426	103.436458	E5	76	80	
1373	130.151042	D5	74	56	1428	103.500000	D5	74	80	
1374	130.183594	C3	48	79	1430	103.500000	C3	48	80	
1375	130.222656	E5	76	63	1431	103.561458	E5	76	80	
1376	130.257812	D5	74	37	1433	103.623958	D5	74	80	
1377	130.494792	B2	47	66	1439	103.750000	B2	47	80	
1378	130.639323	C3	48	60	1444	103.875000	C3	48	80	
1379	130.800781	D3	50	56	1449	104.000000	D3	50	80	
1380	130.957031	C3	48	51	1454	104.125000	C3	48	80	
1381	131.145833	B2	47	63	1459	104.250000	B2	47	80	
1382	131.273438	G4	67	49	1464	104.375000	G4	67	80	
1383	131.433594	F4	65	57	1468	104.500000	F4	65	80	
1384	131.444010	C3	48	68	1469	104.500000	C3	48	80	
1385	131.596354	E4	64	60	1472	104.625000	E4	64	80	
1386	131.753906	D3	50	73	1476	104.750000	D3	50	80	
1387	131.757812	D4	62	63	1475	104.750000	D4	62	80	
1388	131.915365	F4	65	59	1479	104.875000	F4	65	80	
1389	132.070312	G3	55	77	1483	105.000000	G3	55	80	
1390	132.098958	E4	64	67	1482	105.000000	E4	64	80	
1391	132.242188	F4	65	60	1486	105.125000	F4	65	80	
1392	132.410156	A2	45	60	1490	105.250000	A2	45	80	
1393	132.416667	E4	64	66	1489	105.250000	E4	64	80	
1394	132.428385	C5	72	71	1488	105.250000	C5	72	80	
1395	132.576823	D4	62	71	1491	105.375000	D4	62	80	
1396	132.739583	C4	60	57	1492	105.500000	C4	60	80	
1397	132.907552	E4	64	45	1493	105.625000	E4	64	80	
1398	132.994792	B2	47	72	1495	105.750000	B2	47	80	
1399	133.058594	D4	62	59	1494	105.750000	D4	62	80	
1400	133.173177	E4	64	54	1496	105.875000	E4	64	80	
1401	133.303385	C3	48	74	1499	106.000000	C3	48	80	
1402	133.320312	D4	62	69	1498	106.000000	D4	62	80	
1403	133.324219	B4	71	73	1497	106.000000	B4	71	80	
1404	133.460938	C4	60	66	1500	106.125000	C4	60	80	
1405	133.615885	B3	59	55	1501	106.250000	B3	59	80	
1406	133.619792	D3	50	60	1502	106.250000	D3	50	80	
1407	133.757812	D4	62	58	1503	106.375000	D4	62	80	
1408	133.921875	E3	52	63	1505	106.500000	E3	52	80	
1409	133.927083	C4	60	65	1504	106.500000	C4	60	80	
1410	134.074219	D4	62	59	1506	106.625000	D4	62	80	
1411	134.227865	F#2	42	53	1509	106.750000	F#2	42	80	
1412	134.242188	C4	60	63	1508	106.750000	C4	60	80	
1413	134.247396	A4	69	67	1507	106.750000	A4	69	80	
1414	134.391927	B3	59	61	1510	106.875000	B3	59	80	
1415	134.550781	A3	57	58	1511	107.000000	A3	57	80	
1416	134.695312	C4	60	56	1512	107.125000	C4	60	80	
1417	134.835938	G2	43	57	1514	107.250000	G2	43	80	
1418	134.859375	B3	59	55	1513	107.250000	B3	59	80	
1419	135.009115	G4	67	53	1515	107.375000	G4	67	80	
1420	135.154948	F#2	42	55	1517	107.500000	F#2	42	80	
1421	135.184896	A4	69	57	1516	107.500000	A4	69	80	
1422	135.303385	G2	43	50	1519	107.625000	G2	43	80	
1423	135.341146	G4	67	56	1518	107.625000	G4	67	80	
1424	135.419271	A2	45	56	1521	107.750000	A2	45	80	
1425	135.466146	F#4	66	57	1520	107.750000	F#4	66	80	
1426	135.566406	B2	47	44	1523	107.875000	B2	47	80	
1427	135.615885	G4	67	56	1522	107.875000	G4	67	80	
1428	135.736979	C2	36	46	1526	108.000000	C2	36	80	
1429	135.756510	F#4	66	67	1524	108.000000	F#4	66	80	
1430	135.779948	A3	57	40	1525	108.000000	A3	57	80	
1431	135.912760	D4	62	52	1527	108.125000	D4	62	80	
1432	136.003906	E4	64	52	1528	108.187500	E4	64	80	
1433	136.069010	F#4	66	62	1529	108.250000	F#4	66	80	
1434	136.101562	C4	60	59	1530	108.250000	C4	60	80	
1435	136.234375	B3	59	61	1532	108.375000	B3	59	80	
1436	136.234375	D4	62	61	1531	108.375000	D4	62	80	
1437	136.371094	G4	67	70	1533	108.500000	G4	67	80	
1438	136.372396	A3	57	57	1534	108.500000	A3	57	80	
1439	136.513021	G3	55	73	1536	108.625000	G3	55	80	
1440	136.513021	D4	62	80	1535	108.625000	D4	62	80	
1441	136.640625	F#3	54	70	1538	108.750000	F#3	54	80	
1442	136.649740	A4	69	79	1537	108.750000	A4	69	80	
1443	136.795573	D4	62	82	1539	108.875000	D4	62	80	
1444	136.802083	E3	52	77	1540	108.875000	E3	52	80	
1445	136.941406	B4	71	78	1541	109.000000	B4	71	80	
1446	136.944010	D3	50	72	1542	109.000000	D3	50	80	
1447	137.087240	C3	48	68	1544	109.125000	C3	48	80	
1448	137.095052	D4	62	68	1543	109.125000	D4	62	80	
1449	137.231771	B2	47	66	1546	109.250000	B2	47	80	
1450	137.243490	C5	72	74	1545	109.250000	C5	72	80	
1451	137.394531	A2	45	53	1548	109.375000	A2	45	80	
1452	137.411458	D4	62	59	1547	109.375000	D4	62	80	
1453	137.546875	G2	43	45	1550	109.500000	G2	43	80	
1454	137.552083	B4	71	67	1549	109.500000	B4	71	80	
1455	137.694010	A2	45	60	1552	109.625000	A2	45	80	
1456	137.717448	G5	79	76	1551	109.625000	G5	79	80	
1457	137.867188	B2	47	48	1554	109.750000	B2	47	80	
1458	137.867188	F5	77	75	1553	109.750000	F5	77	80	
1459	138.003906	G2	43	56	1556	109.875000	G2	43	80	
1460	138.013021	E5	76	71	1555	109.875000	E5	76	80	
1461	138.171875	D5	74	71	1557	110.000000	D5	74	80	
1462	138.174479	C3	48	64	1558	110.000000	C3	48	80	
1463	138.316406	G2	43	55	1560	110.125000	G2	43	80	
1464	138.322917	C5	72	75	1559	110.125000	C5	72	80	
1465	138.467448	B4	71	74	1561	110.250000	B4	71	80	
1466	138.468750	D3	50	58	1562	110.250000	D3	50	80	
1467	138.611979	G2	43	55	1564	110.375000	G2	43	80	
1468	138.622396	A4	69	70	1563	110.375000	A4	69	80	
1469	138.760417	E3	52	55	1566	110.500000	E3	52	80	
1470	138.764323	G4	67	70	1565	110.500000	G4	67	80	
1471	138.895833	G2	43	50	1568	110.625000	G2	43	80	
1472	138.920573	F4	65	64	1567	110.625000	F4	65	80	
1473	139.072917	F3	53	51	1570	110.750000	F3	53	80	
1474	139.072917	E4	64	61	1569	110.750000	E4	64	80	
1475	139.200521	G2	43	48	1572	110.875000	G2	43	80	
1476	139.216146	D4	62	57	1571	110.875000	D4	62	80	
1477	139.371094	C4	60	56	1573	111.000000	C4	60	80	
1478	139.384115	E3	52	50	1574	111.000000	E3	52	80	
1479	139.507812	E2	40	51	1576	111.125000	E2	40	80	
1480	139.563802	F#2	42	53	1577	111.187500	F#2	42	80	
1481	139.570312	E5	76	62	1575	111.125000	E5	76	80	
1482	139.678385	G#2	44	53	1579	111.250000	G#2	44	80	
1483	139.709635	D5	74	62	1578	111.250000	D5	74	80	
1484	139.835938	E2	40	50	1581	111.375000	E2	40	80	
1485	139.861979	C5	72	64	1580	111.375000	C5	72	80	
1486	139.990885	A2	45	52	1583	111.500000	A2	45	80	
1487	140.000000	B4	71	66	1582	111.500000	B4	71	80	
1488	140.164062	A4	69	70	1584	111.625000	A4	69	80	
1489	140.167969	E2	40	52	1585	111.625000	E2	40	80	
1490	140.302083	G#4	68	74	1586	111.750000	G#4	68	80	
1491	140.305990	B2	47	54	1587	111.750000	B2	47	80	
1492	140.450521	E2	40	57	1589	111.875000	E2	40	80	
1493	140.457031	F#4	66	69	1588	111.875000	F#4	66	80	
1494	140.585938	C3	48	56	1591	112.000000	C3	48	80	
1495	140.606771	E4	64	71	1590	112.000000	E4	64	80	
1496	140.723958	E2	40	55	1593	112.125000	E2	40	80	
1497	140.750000	D4	62	63	1592	112.125000	D4	62	80	
1498	140.868490	D3	50	54	1595	112.250000	D3	50	80	
1499	140.903646	C4	60	63	1594	112.250000	C4	60	80	
1500	141.007812	E2	40	57	1597	112.375000	E2	40	80	
1501	141.037760	B3	59	60	1596	112.375000	B3	59	80	
1502	141.203125	C#3	49	59	1599	112.500000	C#3	49	80	
1503	141.226562	A3	57	63	1598	112.500000	A3	57	80	
1504	141.371094	B3	59	67	1600	112.625000	B3	59	80	
1505	141.377604	A3	57	41	1601	112.625000	A3	57	80	
1506	141.524740	G3	55	57	1603	112.750000	G3	55	80	
1507	141.528646	C#4	61	63	1602	112.750000	C#4	61	80	
1508	141.664062	A3	57	73	1604	112.875000	A3	57	80	
1509	141.665365	F#3	54	54	1605	112.875000	F#3	54	80	
1510	141.809896	D4	62	75	1606	113.000000	D4	62	80	
1511	141.820312	E3	52	75	1607	113.000000	E3	52	80	
1512	141.954427	D3	50	69	1609	113.125000	D3	50	80	
1513	141.962240	A3	57	80	1608	113.125000	A3	57	80	
1514	142.109375	C#3	49	69	1611	113.250000	C#3	49	80	
1515	142.125000	E4	64	76	1610	113.250000	E4	64	80	
1516	142.264323	B2	47	80	1613	113.375000	B2	47	80	
1517	142.273438	A3	57	76	1612	113.375000	A3	57	80	
1518	142.411458	A2	45	73	1615	113.500000	A2	45	80	
1519	142.412760	F#4	66	88	1614	113.500000	F#4	66	80	
1520	142.559896	G2	43	77	1617	113.625000	G2	43	80	
1521	142.571615	A3	57	79	1616	113.625000	A3	57	80	
1522	142.712240	G4	67	84	1618	113.750000	G4	67	80	
1523	142.716146	F#2	42	71	1619	113.750000	F#2	42	80	
1524	142.841146	E2	40	72	1621	113.875000	E2	40	80	
1525	142.861979	A3	57	71	1620	113.875000	A3	57	80	
1526	143.037760	D2	38	71	1624	114.000000	D2	38	80	
1527	143.045573	F#4	66	71	1622	114.000000	F#4	66	80	
1528	143.049479	D4	62	70	1623	114.000000	D4	62	80	
1529	143.361979	B4	71	80	1625	114.250000	B4	71	80	
1530	143.371094	C4	60	82	1626	114.250000	C4	60	80	
1531	143.515625	D4	62	75	1627	114.375000	D4	62	80	
1532	143.654948	G4	67	67	1628	114.500000	G4	67	80	
1533	143.673177	E4	64	60	1629	114.500000	E4	64	80	
1534	143.785156	D4	62	67	1630	114.625000	D4	62	80	
1535	143.964844	E4	64	66	1631	114.750000	E4	64	80	
1536	143.968750	C4	60	77	1632	114.750000	C4	60	80	
1537	144.276042	A4	69	69	1633	115.000000	A4	69	80	
1538	144.285156	B3	59	66	1634	115.000000	B3	59	80	
1539	144.420573	C4	60	63	1635	115.125000	C4	60	80	
1540	144.569010	D4	62	67	1637	115.250000	D4	62	80	
1541	144.578125	F#4	66	69	1636	115.250000	F#4	66	80	
1542	144.717448	C4	60	66	1638	115.375000	C4	60	80	
1543	144.904948	G4	67	66	1639	115.500000	G4	67	80	
1544	144.915365	B3	59	56	1640	115.500000	B3	59	80	
1545	145.057292	D3	50	58	1641	115.625000	D3	50	80	
1546	145.200521	C3	48	73	1643	115.750000	C3	48	80	
1547	145.220052	C4	60	73	1642	115.750000	C4	60	80	
1548	145.358073	D3	50	72	1644	115.875000	D3	50	80	
1549	145.485677	E3	52	80	1646	116.000000	E3	52	80	
1550	145.513021	D4	62	71	1645	116.000000	D4	62	80	
1551	145.614583	D3	50	74	1647	116.125000	D3	50	80	
1552	145.778646	C3	48	77	1649	116.250000	C3	48	80	
1553	145.781250	E4	64	79	1648	116.250000	E4	64	80	
1554	145.933594	A4	69	73	1650	116.375000	A4	69	80	
1555	146.076823	B4	71	69	1652	116.500000	B4	71	80	
1556	146.115885	F#3	54	69	1654	116.500000	F#3	54	80	
1557	146.117188	B2	47	67	1653	116.500000	B2	47	80	
1558	146.152344	A4	69	77	1656	116.562500	A4	69	80	
1559	146.223958	C3	48	62	1659	116.625000	C3	48	80	
1560	146.235677	B4	71	66	1658	116.625000	B4	71	80	
1561	146.295573	A4	69	75	1660	116.687500	A4	69	80	
1562	146.316406	D3	50	67	1662	116.750000	D3	50	80	
1563	146.378906	B4	71	76	1661	116.750000	B4	71	80	
1564	146.433594	A4	69	59	1663	116.812500	A4	69	80	
1565	146.454427	C3	48	56	1665	116.875000	C3	48	80	
1566	146.522135	G4	67	73	1664	116.875000	G4	67	80	
1567	146.628906	A4	69	49	1666	116.937500	A4	69	80	
1568	146.671875	B2	47	59	1669	117.000000	B2	47	80	
1569	146.691406	B4	71	68	1667	117.000000	B4	71	80	
1570	147.013021	A4	69	74	1671	117.250000	A4	69	80	
1571	147.015625	A2	45	61	1672	117.250000	A2	45	80	
1572	147.019531	C5	72	71	1670	117.250000	C5	72	80	
1573	147.152344	B2	47	67	1675	117.375000	B2	47	80	
1574	147.166667	B4	71	68	1673	117.375000	B4	71	80	
1575	147.167969	G4	67	73	1674	117.375000	G4	67	80	
1576	147.298177	C3	48	75	1678	117.500000	C3	48	80	
1577	147.313802	A4	69	75	1676	117.500000	A4	69	80	
1578	147.319010	F#4	66	81	1677	117.500000	F#4	66	80	
1579	147.381510	F4	65	37	*	-1	*	-1	-1	
1580	147.441406	B2	47	72	1681	117.625000	B2	47	80	
1581	147.441406	B4	71	74	1679	117.625000	B4	71	80	
1582	147.449219	G4	67	76	1680	117.625000	G4	67	80	
1583	147.600260	A4	69	89	1683	117.750000	A4	69	80	
1584	147.601562	A2	45	78	1684	117.750000	A2	45	80	
1585	147.613281	C5	72	84	1682	117.750000	C5	72	80	
1586	147.915365	B4	71	91	1686	118.000000	B4	71	80	
1587	147.929688	D5	74	78	1685	118.000000	D5	74	80	
1588	147.946615	G2	43	66	1687	118.000000	G2	43	80	
1589	148.072917	A2	45	65	1690	118.125000	A2	45	80	
1590	148.078125	A4	69	82	1689	118.125000	A4	69	80	
1591	148.091146	C5	72	80	1688	118.125000	C5	72	80	
1592	148.218750	B2	47	74	1693	118.250000	B2	47	80	
1593	148.240885	B4	71	89	1691	118.250000	B4	71	80	
1594	148.242188	G4	67	80	1692	118.250000	G4	67	80	
1595	148.363281	A4	69	78	1695	118.375000	A4	69	80	
1596	148.364583	A2	45	65	1696	118.375000	A2	45	80	
1597	148.385417	C5	72	82	1694	118.375000	C5	72	80	
1598	148.536458	G2	43	71	1699	118.500000	G2	43	80	
1599	148.537760	B4	71	88	1698	118.500000	B4	71	80	
1600	148.548177	D5	74	88	1697	118.500000	D5	74	80	
1601	148.678385	G3	55	71	1700	118.625000	G3	55	80	
1602	148.772135	F#3	54	68	1701	118.687500	F#3	54	80	
1603	148.850260	A4	69	89	1703	118.750000	A4	69	80	
1604	148.851562	C5	72	88	1702	118.750000	C5	72	80	
1605	148.858073	E3	52	76	1704	118.750000	E3	52	80	
1606	148.985677	G3	55	65	1705	118.875000	G3	55	80	
1607	149.126302	D3	50	60	1708	119.000000	D3	50	80	
1608	149.145833	G4	67	80	1707	119.000000	G4	67	80	
1609	149.149740	B4	71	82	1706	119.000000	B4	71	80	
1610	149.286458	G3	55	71	1709	119.125000	G3	55	80	
1611	149.412760	C#3	49	61	1711	119.250000	C#3	49	80	
1612	149.445312	A4	69	79	1710	119.250000	A4	69	80	
1613	149.554688	G3	55	70	1712	119.375000	G3	55	80	
1614	149.704427	B2	47	62	1715	119.500000	B2	47	80	
1615	149.738281	D5	74	81	1714	119.500000	D5	74	80	
1616	149.739583	G5	79	88	1713	119.500000	G5	79	80	
1617	149.882812	A3	57	63	1716	119.625000	G3	55	80	
1618	150.035156	A2	45	67	1718	119.750000	A2	45	80	
1619	150.040365	C#5	73	83	1717	119.750000	C#5	73	80	
1620	150.220052	A3	57	61	1719	119.875000	G3	55	80	
1621	150.363281	D3	50	68	1722	120.000000	D3	50	80	
1622	150.364583	D5	74	74	1721	120.000000	D5	74	80	
1623	150.365885	F#5	78	87	1720	120.000000	F#5	78	80	
1624	150.503906	C3	48	66	1723	120.125000	C3	48	80	
1625	150.658854	Bb2	46	71	1726	120.250000	Bb2	46	80	
1626	150.658854	E5	76	87	1724	120.250000	E5	76	80	
1627	150.667969	G4	67	88	1725	120.250000	G4	67	80	
1628	150.808594	D3	50	73	1727	120.375000	D3	50	80	
1629	150.958333	D5	74	81	1728	120.500000	D5	74	80	
1630	150.960938	F#4	66	92	1729	120.500000	F#4	66	80	
1631	150.964844	A2	45	75	1730	120.500000	A2	45	80	
1632	151.121094	D3	50	73	1731	120.625000	D3	50	80	
1633	151.272135	G2	43	74	1734	120.750000	G2	43	80	
1634	151.272135	C#5	73	91	1732	120.750000	C#5	73	80	
1635	151.276042	E4	64	82	1733	120.750000	E4	64	80	
1636	151.449219	E3	52	67	1735	120.875000	D3	50	80	
1637	151.597656	Bb5	82	93	1736	121.000000	Bb5	82	80	
1638	151.601562	C#5	73	98	1737	121.000000	C#5	73	80	
1639	151.611979	F#2	42	68	1738	121.000000	F#2	42	80	
1640	151.785156	E3	52	71	1739	121.125000	D3	50	80	
1641	151.936198	E2	40	67	1740	121.250000	E2	40	80	
1642	152.106771	E3	52	68	1741	121.375000	D3	50	80	
1643	152.298177	F#2	42	76	1744	121.500000	F#2	42	80	
1644	152.315104	A5	81	95	1742	121.500000	A5	81	80	
1645	152.321615	C5	72	89	1743	121.500000	C5	72	80	
1646	152.457031	G5	79	83	1745	121.625000	G5	79	80	
1647	152.610677	F#5	78	81	1746	121.750000	F#5	78	80	
1648	152.623698	D2	38	63	1747	121.750000	D2	38	80	
1649	152.744792	E5	76	75	1748	121.875000	E5	76	80	
1650	152.908854	D5	74	85	1749	122.000000	D5	74	80	
1651	152.915365	G2	43	75	1750	122.000000	G2	43	80	
1652	153.091146	B4	71	71	1751	122.125000	B4	71	80	
1653	153.174479	A4	69	77	1752	122.187500	A4	69	80	
1654	153.213542	E2	40	74	1754	122.250000	E2	40	80	
1655	153.229167	B4	71	83	1753	122.250000	B4	71	80	
1656	153.408854	G5	79	88	1755	122.375000	G5	79	80	
1657	153.535156	A4	69	83	1756	122.500000	A4	69	80	
1658	153.555990	C2	36	60	1757	122.500000	C2	36	80	
1659	153.716146	C5	72	80	1758	122.625000	C5	72	80	
1660	153.854167	D2	38	70	1760	122.750000	D2	38	80	
1661	153.882812	G5	79	84	1759	122.750000	G5	79	80	
1662	154.046875	F#5	78	77	1761	122.875000	F#5	78	80	
1663	154.283854	G2	43	62	1764	123.000000	G2	43	80	
1664	154.294271	G5	79	80	1762	123.000000	G5	79	80	
1665	154.298177	B4	71	72	1763	123.000000	B4	71	80	
1666	154.492188	F#5	78	75	1765	123.125000	F#5	78	80	
1667	154.562500	E5	76	72	1766	123.187500	E5	76	80	
1668	154.618490	D5	74	76	1767	123.250000	D5	74	80	
1669	154.781250	G5	79	73	1769	123.375000	G5	79	80	
1670	154.929688	C5	72	73	1770	123.500000	C5	72	80	
1671	154.933594	A4	69	75	1771	123.500000	A4	69	80	
1672	155.076823	G5	79	71	1772	123.625000	G5	79	80	
1673	155.231771	G4	67	75	1774	123.750000	G4	67	80	
1674	155.233073	B4	71	69	1773	123.750000	B4	71	80	
1675	155.407552	G2	43	60	1775	123.875000	G2	43	80	
1676	155.463542	A2	45	63	1776	123.937500	A2	45	80	
1677	155.503906	G5	79	80	1777	124.000000	G5	79	80	
1678	155.532552	B2	47	74	1778	124.000000	B2	47	80	
1679	155.670573	G2	43	66	1779	124.125000	G2	43	80	
1680	155.803385	F#4	66	78	1781	124.250000	F#4	66	80	
1681	155.803385	A4	69	77	1780	124.250000	A4	69	80	
1682	155.832031	C3	48	75	1782	124.250000	C3	48	80	
1683	155.985677	G2	43	63	1783	124.375000	G2	43	80	
1684	156.123698	B4	71	79	1784	124.500000	B4	71	80	
1685	156.127604	G4	67	76	1785	124.500000	G4	67	80	
1686	156.135417	D3	50	72	1786	124.500000	D3	50	80	
1687	156.315104	D5	74	71	1787	124.625000	D5	74	80	
1688	156.359375	C5	72	67	1788	124.687500	C5	72	80	
1689	156.427083	G2	43	67	1791	124.750000	G2	43	80	
1690	156.438802	G4	67	71	1790	124.750000	G4	67	80	
1691	156.447917	B4	71	78	1789	124.750000	B4	71	80	
1692	156.602865	D5	74	66	1793	124.875000	D5	74	80	
1693	156.740885	B2	47	68	1796	125.000000	B2	47	80	
1694	156.751302	A4	69	75	1794	125.000000	A4	69	80	
1695	156.755208	F4	65	74	1795	125.000000	F4	65	80	
1696	156.901042	D5	74	75	1797	125.125000	D5	74	80	
1697	157.053385	C3	48	66	1800	125.250000	C3	48	80	
1698	157.075521	G4	67	74	1798	125.250000	G4	67	80	
1699	157.083333	E4	64	70	1799	125.250000	E4	64	80	
1700	157.160156	B2	47	70	1801	125.312500	B2	47	80	
1701	157.252604	C3	48	65	1802	125.375000	C3	48	80	
1702	157.338542	D3	50	64	1803	125.437500	D3	50	80	
1703	157.441406	E3	52	74	1805	125.500000	E3	52	80	
1704	157.449219	C5	72	79	1804	125.500000	C5	72	80	
1705	157.609375	C3	48	69	1806	125.625000	C3	48	80	
1706	157.802083	F#3	54	71	1808	125.750000	F#3	54	80	
1707	157.819010	Eb4	63	69	1807	125.750000	Eb4	63	80	
1708	157.975260	C3	48	63	1809	125.875000	C3	48	80	
1709	158.222656	G3	55	57	1811	126.000000	G3	55	80	
1710	158.273438	D4	62	60	1810	126.000000	D4	62	80	
1711	158.382812	G4	67	64	1812	126.062500	G4	67	80	
1712	158.479167	A4	69	66	1813	126.125000	A4	69	80	
1713	158.550781	B4	71	50	1814	126.187500	B4	71	80	
1714	158.679688	B4	71	58	*	-1	*	-1	-1	
1715	158.684896	E4	64	62	1816	126.250000	E4	64	80	
1716	158.720052	C5	72	37	1815	126.250000	C5	72	80	
1717	158.835938	G4	67	74	1817	126.375000	G4	67	80	
1718	159.057292	F4	65	77	1819	126.500000	F4	65	80	
1719	159.061198	D5	74	77	1818	126.500000	D5	74	80	
1720	159.225260	G4	67	78	1821	126.625000	G4	67	80	
1721	159.401042	E5	76	79	1822	126.750000	E5	76	80	
1722	159.420573	G4	67	76	1823	126.750000	G4	67	80	
1723	159.524740	B4	71	73	1825	126.812500	B4	71	80	
1724	159.600260	C5	72	75	1826	126.875000	C5	72	80	
1725	159.684896	D5	74	75	1827	126.937500	D5	74	80	
1726	159.794271	E5	76	88	1828	127.000000	E5	76	80	
1727	159.799479	G4	67	54	1829	127.000000	G4	67	80	
1728	159.997396	C5	72	68	1830	127.125000	C5	72	80	
1729	160.221354	F#5	78	77	1831	127.250000	F#5	78	80	
1730	160.233073	A4	69	56	1832	127.250000	A4	69	80	
1731	160.433594	C5	72	72	1833	127.375000	C5	72	80	
1732	160.707031	G5	79	70	1834	127.500000	G5	79	80	
1733	160.721354	B4	71	55	1835	127.500000	B4	71	80	
1734	160.951823	D5	74	62	1836	127.625000	D5	74	80	
1735	161.171875	E5	76	60	1837	127.750000	E5	76	80	
1736	161.395833	C5	72	62	1838	127.875000	C5	72	80	
1737	161.673177	A4	69	56	1839	128.000000	A4	69	80	
1738	161.957031	F#5	78	52	1840	128.125000	F#5	78	80	
1739	162.489583	B4	71	50	1842	128.250000	B4	71	80	
1740	162.648438	D5	74	56	1843	128.250000	D5	74	80	
1741	162.757812	G5	79	52	1841	128.250000	G5	79	80	
1742	162.829427	F#5	78	62	*	-1	*	-1	-1	
1743	162.967448	G5	79	54	*	-1	*	-1	-1	
*	-1	*	-1	-1	357	31.500000	F#4	66	80	
*	-1	*	-1	-1	361	31.561458	G4	67	80	
*	-1	*	-1	-1	363	31.623958	F#4	66	80	
*	-1	*	-1	-1	368	31.750000	G4	67	80	
*	-1	*	-1	-1	450	37.000000	E4	64	80	
*	-1	*	-1	-1	454	37.062500	F#4	66	80	
*	-1	*	-1	-1	456	37.125000	E4	64	80	
*	-1	*	-1	-1	481	38.500000	C#4	61	80	
*	-1	*	-1	-1	484	38.562500	D4	62	80	
*	-1	*	-1	-1	486	38.625000	C#4	61	80	
*	-1	*	-1	-1	538	42.000000	G4	67	80	
*	-1	*	-1	-1	627	48.750000	A3	57	80	
*	-1	*	-1	-1	769	58.500000	E4	64	80	
*	-1	*	-1	-1	1086	82.500000	B3	59	80	
*	-1	*	-1	-1	1143	87.000000	D3	50	80	
*	-1	*	-1	-1	1176	89.250000	D3	50	80	
*	-1	*	-1	-1	1184	89.750000	B2	47	80	
*	-1	*	-1	-1	1237	94.500000	E5	76	80	
*	-1	*	-1	-1	1239	94.561458	F#5	78	80	
*	-1	*	-1	-1	1241	94.623958	E5	76	80	
*	-1	*	-1	-1	1244	94.687500	F#5	78	80	
*	-1	*	-1	-1	1247	94.748958	E5	76	80	
*	-1	*	-1	-1	1250	94.811458	F#5	78	80	
*	-1	*	-1	-1	1252	94.875000	E5	76	80	
*	-1	*	-1	-1	1255	94.936458	F#5	78	80	
*	-1	*	-1	-1	1257	94.998958	E5	76	80	
*	-1	*	-1	-1	1260	95.062500	F#5	78	80	
*	-1	*	-1	-1	1262	95.123958	E5	76	80	
*	-1	*	-1	-1	1265	95.186458	F#5	78	80	
*	-1	*	-1	-1	1267	95.250000	E5	76	80	
*	-1	*	-1	-1	1270	95.311458	F#5	78	80	
*	-1	*	-1	-1	1272	95.373958	E5	76	80	
*	-1	*	-1	-1	1275	95.437500	F#5	78	80	
*	-1	*	-1	-1	1281	95.562500	E5	76	80	
*	-1	*	-1	-1	1284	95.686458	F#5	78	80	
*	-1	*	-1	-1	1285	95.748958	E5	76	80	
*	-1	*	-1	-1	1287	95.812500	F#5	78	80	
*	-1	*	-1	-1	1288	95.873958	E5	76	80	
*	-1	*	-1	-1	1290	95.936458	F#5	78	80	
*	-1	*	-1	-1	1291	96.000000	E5	76	80	
*	-1	*	-1	-1	1293	96.061458	F#5	78	80	
*	-1	*	-1	-1	1399	102.750000	D5	74	80	
*	-1	*	-1	-1	1402	102.811458	E5	76	80	
*	-1	*	-1	-1	1404	102.873958	D5	74	80	
*	-1	*	-1	-1	1406	102.937500	E5	76	80	
*	-1	*	-1	-1	1408	102.998958	D5	74	80	
*	-1	*	-1	-1	1411	103.061458	E5	76	80	
*	-1	*	-1	-1	1413	103.125000	D5	74	80	
*	-1	*	-1	-1	1416	103.186458	E5	76	80	
*	-1	*	-1	-1	1418	103.248958	D5	74	80	
*	-1	*	-1	-1	1419	103.250000	E5	76	80	
*	-1	*	-1	-1	1422	103.312500	D5	74	80	
*	-1	*	-1	-1	1424	103.375000	E5	76	80	
*	-1	*	-1	-1	1427	103.437500	D5	74	80	
*	-1	*	-1	-1	1429	103.500000	E5	76	80	
*	-1	*	-1	-1	1432	103.562500	D5	74	80	
*	-1	*	-1	-1	1434	103.625000	E5	76	80	
*	-1	*	-1	-1	1435	103.687500	E5	76	80	
*	-1	*	-1	-1	1436	103.687500	D5	74	80	
*	-1	*	-1	-1	1437	103.748958	D5	74	80	
*	-1	*	-1	-1	1438	103.750000	E5	76	80	
*	-1	*	-1	-1	1440	103.811458	E5	76	80	
*	-1	*	-1	-1	1441	103.812500	D5	74	80	
*	-1	*	-1	-1	1442	103.875000	D5	74	80	
*	-1	*	-1	-1	1443	103.875000	E5	76	80	
*	-1	*	-1	-1	1445	103.936458	E5	76	80	
*	-1	*	-1	-1	1446	103.937500	D5	74	80	
*	-1	*	-1	-1	1447	103.998958	D5	74	80	
*	-1	*	-1	-1	1448	104.000000	E5	76	80	
*	-1	*	-1	-1	1450	104.062500	E5	76	80	
*	-1	*	-1	-1	1451	104.062500	D5	74	80	
*	-1	*	-1	-1	1452	104.123958	D5	74	80	
*	-1	*	-1	-1	1453	104.125000	E5	76	80	
*	-1	*	-1	-1	1455	104.186458	E5	76	80	
*	-1	*	-1	-1	1456	104.187500	D5	74	80	
*	-1	*	-1	-1	1457	104.250000	D5	74	80	
*	-1	*	-1	-1	1458	104.250000	E5	76	80	
*	-1	*	-1	-1	1460	104.311458	E5	76	80	
*	-1	*	-1	-1	1461	104.312500	D5	74	80	
*	-1	*	-1	-1	1462	104.373958	D5	74	80	
*	-1	*	-1	-1	1463	104.375000	E5	76	80	
*	-1	*	-1	-1	1465	104.437500	E5	76	80	
*	-1	*	-1	-1	1466	104.437500	D5	74	80	
*	-1	*	-1	-1	1467	104.498958	D5	74	80	
*	-1	*	-1	-1	1470	104.561458	E5	76	80	
*	-1	*	-1	-1	1471	104.625000	D5	74	80	
*	-1	*	-1	-1	1473	104.686458	E5	76	80	
*	-1	*	-1	-1	1474	104.748958	D5	74	80	
*	-1	*	-1	-1	1477	104.812500	E5	76	80	
*	-1	*	-1	-1	1478	104.873958	D5	74	80	
*	-1	*	-1	-1	1480	104.936458	E5	76	80	
*	-1	*	-1	-1	1481	105.000000	D5	74	80	
*	-1	*	-1	-1	1484	105.061458	E5	76	80	
*	-1	*	-1	-1	1485	105.123958	D5	74	80	
*	-1	*	-1	-1	1487	105.187500	E5	76	80	
*	-1	*	-1	-1	1651	116.500000	A4	69	80	
*	-1	*	-1	-1	1655	116.561458	B4	71	80	
*	-1	*	-1	-1	1657	116.623958	A4	69	80	
*	-1	*	-1	-1	1668	117.000000	G3	55	80	
*	-1	*	-1	-1	1768	123.250000	B4	71	80	
*	-1	*	-1	-1	1792	124.750000	G2	43	80	
*	-1	*	-1	-1	1820	126.500000	B4	71	80	
*	-1	*	-1	-1	1824	126.750000	C5	72	80	
*	-1	*	-1	-1	370	31.812500	F#4	66	80	
*	-1	*	-1	-1	468	37.500000	F#4	66	80	
*	-1	*	-1	-1	497	39.000000	D4	62	80	
