// alignID alignOntime alignSitch alignPitch alignOnvel refID refOntime refSitch refPitch refOnvel
0	1.061458	C#5	73	49	0	0.000000	C#5	73	80	
1	1.071875	Bb2	46	39	1	0.000000	Bb2	46	80	
2	1.318750	C5	72	57	2	0.250000	C5	72	80	
3	1.565625	Bb4	70	65	3	0.500000	Bb4	70	80	
4	1.786458	A4	69	68	4	0.750000	A4	69	80	
5	2.070833	Bb4	70	61	5	1.000000	Bb4	70	80	
6	2.081250	Bb3	58	51	6	1.000000	Bb3	58	80	
7	2.593750	F4	65	57	7	1.500000	F4	65	80	
8	3.117708	F#4	66	63	8	2.000000	F#4	66	80	
9	3.619792	Eb4	63	64	9	2.500000	Eb4	63	80	
10	4.107292	C4	60	63	10	3.000000	C4	60	80	
11	4.129167	A3	57	44	11	3.000000	A3	57	80	
12	4.631250	F4	65	56	12	3.500000	F4	65	80	
13	5.126042	C#4	61	59	13	4.000000	C#4	61	80	
14	5.159375	Bb3	58	41	14	4.000000	Bb3	58	80	
15	5.362500	G#3	56	52	15	4.250000	G#3	56	80	
16	5.615625	Bb3	58	63	16	4.500000	Bb3	58	80	
17	5.625000	F#3	54	55	17	4.500000	F#3	54	80	
18	5.842708	F3	53	61	18	4.750000	F3	53	80	
19	6.078125	Bb5	82	53	19	5.000000	Bb5	82	80	
20	6.102083	Bb4	70	55	20	5.000000	Bb4	70	80	
21	6.109375	F#3	54	51	21	5.000000	F#3	54	80	
22	6.297917	F3	53	56	23	5.250000	F3	53	80	
23	6.307292	G#5	80	71	22	5.250000	G#5	80	80	
24	6.545833	F#5	78	66	24	5.500000	F#5	78	80	
25	6.548958	Bb4	70	70	25	5.500000	Bb4	70	80	
26	6.551042	Eb3	51	57	26	5.500000	Eb3	51	80	
27	6.746875	C#3	49	59	28	5.750000	C#3	49	80	
28	6.765625	F5	77	70	27	5.750000	F5	77	80	
29	7.002083	Eb3	51	60	31	6.000000	Eb3	51	80	
30	7.003125	F#5	78	67	29	6.000000	F#5	78	80	
31	7.004167	Bb4	70	65	30	6.000000	Bb4	70	80	
32	7.223958	C#3	49	53	33	6.250000	C#3	49	80	
33	7.230208	F5	77	55	32	6.250000	F5	77	80	
34	7.454167	Eb5	75	62	34	6.500000	Eb5	75	80	
35	7.466667	A4	69	68	35	6.500000	A4	69	80	
36	7.472917	C3	48	55	36	6.500000	C3	48	80	
37	7.670833	C#5	73	65	37	6.750000	C#5	73	80	
38	7.680208	Bb2	46	64	39	6.750000	Bb2	46	80	
39	7.682292	Bb4	70	69	38	6.750000	Bb4	70	80	
40	7.911458	C5	72	77	40	7.000000	C5	72	80	
41	7.922917	A2	45	63	42	7.000000	A2	45	80	
42	8.138542	F2	41	58	44	7.250000	F2	41	80	
43	8.140625	F5	77	65	43	7.250000	F5	77	80	
44	8.372917	Eb5	75	68	45	7.500000	Eb5	75	80	
45	8.379167	C5	72	68	46	7.500000	C5	72	80	
46	8.383333	G2	43	60	47	7.500000	G2	43	80	
47	8.597917	F5	77	68	48	7.750000	F5	77	80	
48	8.610417	A2	45	55	49	7.750000	A2	45	80	
49	8.852083	C5	72	71	51	8.000000	C5	72	80	
50	8.856250	C#5	73	68	50	8.000000	C#5	73	80	
51	8.860417	Bb2	46	51	52	8.000000	Bb2	46	80	
52	9.089583	C3	48	56	53	8.250000	C3	48	80	
53	9.310417	Bb4	70	67	55	8.500000	Bb4	70	80	
54	9.317708	C#3	49	57	56	8.500000	C#3	49	80	
55	9.334375	F4	65	57	54	8.500000	F4	65	80	
56	9.520833	A4	69	66	57	8.750000	A4	69	80	
57	9.527083	Eb3	51	60	58	8.750000	Eb3	51	80	
58	9.781250	Bb4	70	71	59	9.000000	Bb4	70	80	
59	9.805208	C#3	49	60	60	9.000000	C#3	49	80	
60	9.998958	C#5	73	71	61	9.250000	C#5	73	80	
61	10.223958	C5	72	71	62	9.500000	C5	72	80	
62	10.236458	F#3	54	52	63	9.500000	F#3	54	80	
63	10.446875	C#5	73	73	64	9.750000	C#5	73	80	
64	10.682292	Eb5	75	68	65	10.000000	Eb5	75	80	
65	10.697917	C3	48	45	66	10.000000	C3	48	80	
66	10.893750	C#3	49	54	68	10.250000	C#3	49	80	
67	10.909375	G#4	68	63	67	10.250000	G#4	68	80	
68	11.112500	Bb4	70	68	69	10.500000	Bb4	70	80	
69	11.122917	F#4	66	53	70	10.500000	F#4	66	80	
70	11.137500	Eb3	51	47	71	10.500000	Eb3	51	80	
71	11.327083	F4	65	69	72	10.750000	F4	65	80	
72	11.342708	F3	53	57	73	10.750000	F3	53	80	
73	11.592708	C5	72	74	74	11.000000	C5	72	80	
74	11.614583	Eb3	51	51	76	11.000000	Eb3	51	80	
75	11.633333	F#4	66	41	75	11.000000	F#4	66	80	
76	11.823958	Eb4	63	53	77	11.250000	Eb4	63	80	
77	12.069792	F4	65	52	78	11.500000	F4	65	80	
78	12.073958	G#3	56	46	79	11.500000	G#3	56	80	
79	12.306250	F#4	66	55	80	11.750000	F#4	66	80	
80	12.561458	C#5	73	60	81	12.000000	C#5	73	80	
81	12.565625	C#3	49	49	82	12.000000	C#3	49	80	
82	12.768750	F4	65	60	83	12.250000	F4	65	80	
83	12.994792	C3	48	57	85	12.500000	C3	48	80	
84	12.994792	G4	67	73	84	12.500000	G4	67	80	
85	13.209375	A4	69	72	86	12.750000	A4	69	80	
86	13.452083	C#3	49	64	88	13.000000	C#3	49	80	
87	13.461458	Bb4	70	70	87	13.000000	Bb4	70	80	
88	13.670833	C5	72	75	89	13.250000	C5	72	80	
89	13.901042	C#5	73	71	90	13.500000	C#5	73	80	
90	13.903125	Bb2	46	58	91	13.500000	Bb2	46	80	
91	14.113542	Bb4	70	73	92	13.750000	Bb4	70	80	
92	14.373958	G#5	80	70	93	14.000000	G#5	80	80	
93	14.415625	C5	72	59	94	14.000000	C5	72	80	
94	14.467708	F3	53	33	95	14.000000	F3	53	80	
95	14.492708	G3	55	14	*	-1	*	-1	-1	
96	14.608333	G5	79	72	96	14.250000	G5	79	80	
97	14.836458	F5	77	79	97	14.500000	F5	77	80	
98	14.840625	G#3	56	53	99	14.500000	G#3	56	80	
99	14.862500	C4	60	44	98	14.500000	C4	60	80	
100	15.057292	E5	76	77	100	14.750000	E5	76	80	
101	15.285417	C#4	61	51	103	15.000000	C#4	61	80	
102	15.288542	F5	77	71	101	15.000000	F5	77	80	
103	15.316667	F4	65	64	102	15.000000	F4	65	80	
104	15.530208	C4	60	57	104	15.250000	C4	60	80	
105	15.747917	C5	72	74	105	15.500000	C5	72	80	
106	15.757292	Bb3	58	56	106	15.500000	Bb3	58	80	
107	15.957292	G#3	56	54	107	15.750000	G#3	56	80	
108	16.189583	C#5	73	71	108	16.000000	C#5	73	80	
109	16.194792	Bb3	58	55	109	16.000000	Bb3	58	80	
110	16.429167	G3	55	57	110	16.250000	G3	55	80	
111	16.655208	Bb4	70	70	111	16.500000	Bb4	70	80	
112	16.664583	G#3	56	51	112	16.500000	G#3	56	80	
113	16.882292	Bb3	58	50	113	16.750000	Bb3	58	80	
114	17.114583	G4	67	75	114	17.000000	G4	67	80	
115	17.152083	C4	60	43	116	17.000000	C4	60	80	
116	17.185417	E4	64	25	115	17.000000	E4	64	80	
117	17.353125	Bb3	58	52	117	17.250000	Bb3	58	80	
118	17.573958	C5	72	69	118	17.500000	C5	72	80	
119	17.580208	G#3	56	54	119	17.500000	G#3	56	80	
120	17.804167	G3	55	53	120	17.750000	G3	55	80	
121	18.056250	G#4	68	53	121	18.000000	G#4	68	80	
122	18.061458	F3	53	60	123	18.000000	F3	53	80	
123	18.065625	F4	65	46	122	18.000000	F4	65	80	
124	18.280208	E4	64	50	124	18.250000	E4	64	80	
125	18.532292	F4	65	60	125	18.500000	F4	65	80	
126	18.743750	G4	67	61	127	18.750000	G4	67	80	
127	18.970833	F5	77	69	128	19.000000	F5	77	80	
128	18.987500	G#4	68	48	129	19.000000	G#4	68	80	
129	19.196875	G3	55	51	131	19.250000	G3	55	80	
130	19.198958	Bb4	70	58	130	19.250000	Bb4	70	80	
131	19.433333	F5	77	73	132	19.500000	F5	77	80	
132	19.454167	G#3	56	51	134	19.500000	G#3	56	80	
133	19.458333	C5	72	53	133	19.500000	C5	72	80	
134	19.670833	G#4	68	58	135	19.750000	G#4	68	80	
135	19.710417	F3	53	51	136	19.750000	F3	53	80	
136	19.905208	F5	77	63	137	20.000000	F5	77	80	
137	19.931250	G3	55	58	139	20.000000	G3	55	80	
138	19.938542	Bb4	70	60	138	20.000000	Bb4	70	80	
139	20.126042	G#4	68	57	140	20.250000	G#4	68	80	
140	20.150000	G#3	56	51	141	20.250000	G#3	56	80	
141	20.361458	E5	76	73	142	20.500000	E5	76	80	
142	20.385417	G4	67	45	143	20.500000	G4	67	80	
143	20.389583	Bb3	58	52	144	20.500000	Bb3	58	80	
144	20.582292	F5	77	74	145	20.750000	F5	77	80	
145	20.604167	G#4	68	66	146	20.750000	G#4	68	80	
146	20.820833	G5	79	78	147	21.000000	G5	79	80	
147	20.840625	E3	52	58	149	21.000000	E3	52	80	
148	20.867708	Bb4	70	42	148	21.000000	Bb4	70	80	
149	21.060417	C5	72	68	150	21.250000	C5	72	80	
150	21.277083	G5	79	76	151	21.500000	G5	79	80	
151	21.310417	C#5	73	56	152	21.500000	C#5	73	80	
152	21.313542	F3	53	51	153	21.500000	F3	53	80	
153	21.512500	Bb4	70	67	154	21.750000	Bb4	70	80	
154	21.530208	G3	55	48	155	21.750000	G3	55	80	
155	21.741667	G5	79	75	156	22.000000	G5	79	80	
156	21.762500	C5	72	70	157	22.000000	C5	72	80	
157	21.769792	G#3	56	58	158	22.000000	G#3	56	80	
158	21.967708	Bb3	58	59	159	22.250000	Bb3	58	80	
159	22.188542	G#3	56	56	161	22.500000	G#3	56	80	
160	22.200000	F5	77	77	160	22.500000	F5	77	80	
161	22.391667	G5	79	75	162	22.750000	G5	79	80	
162	22.402083	G3	55	66	163	22.750000	G3	55	80	
163	22.656250	G#5	80	79	164	23.000000	G#5	80	80	
164	22.663542	F3	53	58	165	23.000000	F3	53	80	
165	22.876042	Eb3	51	68	166	23.250000	Eb3	51	80	
166	23.095833	G#5	80	80	167	23.500000	G#5	80	80	
167	23.104167	F5	77	58	168	23.500000	F5	77	80	
168	23.109375	C#3	49	63	169	23.500000	C#3	49	80	
169	23.316667	C5	72	75	170	23.750000	C5	72	80	
170	23.330208	F3	53	60	171	23.750000	F3	53	80	
171	23.572917	G#5	80	73	172	24.000000	G#5	80	80	
172	23.586458	Bb2	46	63	174	24.000000	Bb2	46	80	
173	23.594792	C#5	73	58	173	24.000000	C#5	73	80	
174	23.775000	Eb5	75	70	175	24.250000	Eb5	75	80	
175	24.017708	C#5	73	58	177	24.500000	C#5	73	80	
176	24.017708	F5	77	74	176	24.500000	F5	77	80	
177	24.233333	C5	72	72	178	24.750000	C5	72	80	
178	24.470833	G5	79	78	179	25.000000	G5	79	80	
179	24.500000	Bb4	70	58	180	25.000000	Bb4	70	80	
180	24.690625	G4	67	71	181	25.250000	G#4	68	80	
181	24.906250	Bb5	82	78	182	25.500000	Bb5	82	80	
182	24.925000	G#4	68	63	183	25.500000	G4	67	80	
183	25.131250	Bb4	70	69	184	25.750000	Bb4	70	80	
184	25.362500	Bb5	82	72	185	26.000000	Bb5	82	80	
185	25.370833	E4	64	68	186	26.000000	E4	64	80	
186	25.609375	C#4	61	62	187	26.250000	C#4	61	80	
187	25.816667	E5	76	78	188	26.500000	E5	76	80	
188	25.841667	G4	67	56	189	26.500000	G4	67	80	
189	25.855208	C4	60	56	190	26.500000	C4	60	80	
190	26.044792	Bb3	58	62	191	26.750000	Bb3	58	80	
191	26.276042	F5	77	74	192	27.000000	F5	77	80	
192	26.306250	C4	60	40	193	27.000000	C4	60	80	
193	26.307292	G#3	56	49	194	27.000000	G#3	56	80	
194	26.519792	G3	55	61	195	27.250000	G3	55	80	
195	26.733333	C5	72	78	196	27.500000	C5	72	80	
196	26.747917	F3	53	60	197	27.500000	F3	53	80	
197	26.964583	G#3	56	55	198	27.750000	G#3	56	80	
198	27.208333	Bb4	70	67	199	28.000000	Bb4	70	80	
199	27.209375	C#3	49	71	200	28.000000	C#3	49	80	
200	27.450000	C5	72	73	201	28.250000	C5	72	80	
201	27.667708	C#5	73	68	202	28.500000	C#5	73	80	
202	27.682292	Bb2	46	76	203	28.500000	Bb2	46	80	
203	27.878125	Bb4	70	72	204	28.750000	Bb4	70	80	
204	28.120833	E5	76	71	205	29.000000	E5	76	80	
205	28.132292	C3	48	70	207	29.000000	C3	48	80	
206	28.155208	G4	67	60	206	29.000000	G4	67	80	
207	28.346875	C#5	73	77	208	29.250000	C#5	73	80	
208	28.568750	C2	36	78	210	29.500000	C2	36	80	
209	28.592708	C5	72	71	209	29.500000	C5	72	80	
210	28.805208	Bb4	70	73	211	29.750000	Bb4	70	80	
211	29.072917	F5	77	68	212	30.000000	F5	77	80	
212	29.081250	G#4	68	58	213	30.000000	G#4	68	80	
213	29.088542	F2	41	61	214	30.000000	F2	41	80	
214	29.322917	C3	48	50	215	30.250000	C3	48	80	
215	29.554167	C5	72	59	216	30.500000	C5	72	80	
216	29.558333	D3	50	54	217	30.500000	D3	50	80	
217	29.778125	E3	52	52	218	30.750000	E3	52	80	
218	30.007292	G#4	68	54	219	31.000000	G#4	68	80	
219	30.016667	F3	53	54	220	31.000000	F3	53	80	
220	30.206250	Eb5	75	56	221	31.250000	Eb5	75	80	
221	30.213542	G3	55	55	222	31.250000	F#3	54	80	
222	30.451042	D5	74	67	223	31.500000	D5	74	80	
223	30.456250	B3	59	70	224	31.500000	B3	59	80	
224	30.460417	G#3	56	52	225	31.500000	G#3	56	80	
225	30.656250	Eb5	75	66	226	31.750000	Eb5	75	80	
226	30.660417	F3	53	61	227	31.750000	F3	53	80	
227	30.914583	F5	77	63	228	32.000000	F5	77	80	
228	30.923958	D3	50	48	230	32.000000	D3	50	80	
229	30.937500	Bb3	58	54	229	32.000000	Bb3	58	80	
230	31.166667	C4	60	53	231	32.250000	C4	60	80	
231	31.364583	Bb4	70	66	232	32.500000	Bb4	70	80	
232	31.373958	D4	62	56	233	32.500000	D4	62	80	
233	31.607292	Eb4	63	66	234	32.750000	Eb4	63	80	
234	31.844792	G#4	68	69	235	33.000000	G#4	68	80	
235	31.848958	F4	65	66	236	33.000000	F4	65	80	
236	32.055208	F#4	66	67	237	33.250000	F#4	66	80	
237	32.289583	F5	77	67	238	33.500000	F5	77	80	
238	32.300000	G#4	68	55	239	33.500000	G#4	68	80	
239	32.326042	Bb2	46	56	240	33.500000	Bb2	46	80	
240	32.515625	F4	65	63	241	33.750000	F4	65	80	
241	32.781250	Eb2	39	46	243	34.000000	Eb2	39	80	
242	32.786458	F#4	66	58	242	34.000000	F#4	66	80	
243	32.993750	Bb2	46	48	244	34.250000	Bb2	46	80	
244	33.215625	C3	48	57	246	34.500000	C3	48	80	
245	33.216667	Eb5	75	67	245	34.500000	Eb5	75	80	
246	33.444792	F5	77	66	247	34.750000	F5	77	80	
247	33.460417	D3	50	53	248	34.750000	D3	50	80	
248	33.679167	Eb3	51	59	250	35.000000	Eb3	51	80	
249	33.679167	F#5	78	66	249	35.000000	F#5	78	80	
250	33.892708	F3	53	61	251	35.250000	F3	53	80	
251	34.111458	Bb4	70	69	252	35.500000	Bb4	70	80	
252	34.113542	F#4	66	52	253	35.500000	F#4	66	80	
253	34.134375	F#3	54	50	254	35.500000	F#3	54	80	
254	34.363542	Eb3	51	58	255	35.750000	Eb3	51	80	
255	34.594792	G#4	68	67	256	36.000000	G#4	68	80	
256	34.620833	C3	48	56	257	36.000000	C3	48	80	
257	34.809375	Bb4	70	70	258	36.250000	Bb4	70	80	
258	35.027083	Eb3	51	60	261	36.500000	Eb3	51	80	
259	35.029167	A3	57	62	260	36.500000	A3	57	80	
260	35.041667	C5	72	69	259	36.500000	C5	72	80	
261	35.243750	C#5	73	72	262	36.750000	C#5	73	80	
262	35.490625	C3	48	62	265	37.000000	C3	48	80	
263	35.492708	G#3	56	60	264	37.000000	G#3	56	80	
264	35.497917	Eb5	75	74	263	37.000000	Eb5	75	80	
265	35.706250	F5	77	74	266	37.250000	F5	77	80	
266	35.931250	G#2	44	60	269	37.500000	G#2	44	80	
267	35.932292	F#5	78	67	267	37.500000	F#5	78	80	
268	35.945833	C5	72	64	268	37.500000	C5	72	80	
269	36.138542	Eb5	75	70	270	37.750000	Eb5	75	80	
270	36.381250	C#2	37	55	273	38.000000	C#2	37	80	
271	36.388542	C#5	73	56	272	38.000000	C#5	73	80	
272	36.390625	F5	77	65	271	38.000000	F5	77	80	
273	36.641667	G#2	44	52	274	38.250000	G#2	44	80	
274	36.847917	F#4	66	68	275	38.500000	F#4	66	80	
275	36.853125	Bb2	46	56	277	38.500000	Bb2	46	80	
276	36.859375	Eb4	63	63	276	38.500000	Eb4	63	80	
277	37.075000	C3	48	61	278	38.750000	C3	48	80	
278	37.302083	F4	65	68	279	39.000000	F4	65	80	
279	37.318750	C#4	61	66	280	39.000000	C#4	61	80	
280	37.320833	C#3	49	59	281	39.000000	C#3	49	80	
281	37.542708	Eb3	51	63	282	39.250000	Eb3	51	80	
282	37.765625	C#5	73	73	283	39.500000	C#5	73	80	
283	37.791667	F3	53	57	284	39.500000	F3	53	80	
284	37.988542	C#3	49	63	285	39.750000	C#3	49	80	
285	38.232292	Bb4	70	76	286	40.000000	Bb4	70	80	
286	38.241667	F#3	54	57	287	40.000000	F#3	54	80	
287	38.480208	G#3	56	58	288	40.250000	G#3	56	80	
288	38.697917	C#4	61	70	289	40.500000	C#4	61	80	
289	38.707292	F#3	54	52	290	40.500000	F#3	54	80	
290	38.918750	F3	53	60	291	40.750000	F3	53	80	
291	39.148958	F#4	66	73	292	41.000000	F#4	66	80	
292	39.154167	Eb3	51	60	293	41.000000	Eb3	51	80	
293	39.378125	C#3	49	60	294	41.250000	C#3	49	80	
294	39.620833	Eb5	75	75	295	41.500000	Eb5	75	80	
295	39.631250	C3	48	59	296	41.500000	C3	48	80	
296	39.806250	Eb3	51	57	298	41.750000	Eb3	51	80	
297	39.833333	C#5	73	72	297	41.750000	C#5	73	80	
298	40.065625	A2	45	57	300	42.000000	A2	45	80	
299	40.066667	C5	72	72	299	42.000000	C5	72	80	
300	40.281250	F2	41	63	301	42.250000	F2	41	80	
301	40.508333	F4	65	65	302	42.500000	F4	65	80	
302	40.535417	G2	43	59	303	42.500000	G2	43	80	
303	40.719792	Eb4	63	71	304	42.750000	Eb4	63	80	
304	40.741667	A2	45	60	305	42.750000	A2	45	80	
305	40.962500	C#4	61	65	306	43.000000	C#4	61	80	
306	40.973958	Bb2	46	58	307	43.000000	Bb2	46	80	
307	41.176042	C3	48	60	308	43.250000	C3	48	80	
308	41.429167	Bb4	70	74	309	43.500000	Bb4	70	80	
309	41.676042	Bb2	46	19	311	43.750000	Bb2	46	80	
310	41.931250	C4	60	64	312	44.000000	C4	60	80	
311	41.933333	Eb3	51	66	313	44.000000	Eb3	51	80	
312	42.153125	C5	72	72	314	44.250000	C5	72	80	
313	42.359375	C3	48	66	316	44.500000	C3	48	80	
314	42.386458	C#5	73	73	315	44.500000	C#5	73	80	
315	42.619792	Eb5	75	74	317	44.750000	Eb5	75	80	
316	42.832292	F3	53	68	319	45.000000	F3	53	80	
317	42.835417	A4	69	74	318	45.000000	A4	69	80	
318	43.040625	F#5	78	77	320	45.250000	F#5	78	80	
319	43.277083	F2	41	73	322	45.500000	F2	41	80	
320	43.279167	F5	77	67	321	45.500000	F5	77	80	
321	43.512500	Eb5	75	74	323	45.750000	Eb5	75	80	
322	43.741667	C#5	73	65	324	46.000000	C#5	73	80	
323	43.748958	Bb2	46	59	325	46.000000	Bb2	46	80	
324	43.940625	F5	77	71	326	46.250000	F5	77	80	
325	43.951042	Bb3	58	68	327	46.250000	Bb3	58	80	
326	44.148958	C4	60	77	329	46.500000	C4	60	80	
327	44.160417	Eb5	75	72	328	46.500000	Eb5	75	80	
328	44.355208	C#4	61	76	331	46.750000	C#4	61	80	
329	44.371875	C#5	73	72	330	46.750000	C#5	73	80	
330	44.596875	Eb4	63	75	333	47.000000	Eb4	63	80	
331	44.607292	C5	72	72	332	47.000000	C5	72	80	
332	44.802083	F4	65	71	335	47.250000	F4	65	80	
333	44.808333	Bb4	70	69	334	47.250000	Bb4	70	80	
334	45.012500	C4	60	76	338	47.500000	C4	60	80	
335	45.034375	A4	69	74	336	47.500000	A4	69	80	
336	45.083333	F#4	66	47	337	47.500000	F#4	66	80	
337	45.238542	Eb4	63	70	340	47.750000	Eb4	63	80	
338	45.244792	C5	72	70	339	47.750000	C5	72	80	
339	45.508333	C#4	61	72	343	48.000000	C#4	61	80	
340	45.527083	Bb4	70	69	341	48.000000	Bb4	70	80	
341	45.543750	F4	65	60	342	48.000000	F4	65	80	
342	45.734375	C4	60	72	344	48.250000	C4	60	80	
343	45.940625	C#5	73	72	345	48.500000	C#5	73	80	
344	45.956250	Bb3	58	74	346	48.500000	Bb3	58	80	
345	46.147917	A3	57	73	348	48.750000	A3	57	80	
346	46.159375	C5	72	74	347	48.750000	C5	72	80	
347	46.420833	C#5	73	73	349	49.000000	C#5	73	80	
348	46.431250	Bb3	58	77	351	49.000000	Bb3	58	80	
349	46.670833	C5	72	57	352	49.250000	C5	72	80	
350	46.885417	C#5	73	76	353	49.500000	C#5	73	80	
351	46.890625	F3	53	67	355	49.500000	F3	53	80	
352	46.902083	Bb4	70	67	354	49.500000	Bb4	70	80	
353	47.112500	A4	69	70	356	49.750000	A4	69	80	
354	47.343750	C#5	73	71	357	50.000000	C#5	73	80	
355	47.358333	Bb4	70	64	358	50.000000	Bb4	70	80	
356	47.363542	F#3	54	64	359	50.000000	F#3	54	80	
357	47.811458	C5	72	72	360	50.500000	C5	72	80	
358	47.822917	Eb3	51	55	361	50.500000	Eb3	51	80	
359	48.003125	C#5	73	73	362	50.750000	C#5	73	80	
360	48.267708	Eb5	75	74	363	51.000000	Eb5	75	80	
361	48.269792	C3	48	62	364	51.000000	C3	48	80	
362	48.505208	A4	69	64	365	51.250000	A4	69	80	
363	48.730208	Eb5	75	68	366	51.500000	Eb5	75	80	
364	48.736458	G4	67	63	367	51.500000	G4	67	80	
365	48.738542	F3	53	60	368	51.500000	F3	53	80	
366	48.943750	A4	69	51	369	51.750000	A4	69	80	
367	49.200000	Eb5	75	62	370	52.000000	Eb5	75	80	
368	49.212500	Bb4	70	56	371	52.000000	Bb4	70	80	
369	49.213542	C#3	49	60	372	52.000000	C#3	49	80	
370	49.676042	C#5	73	65	373	52.500000	C#5	73	80	
371	49.679167	Bb2	46	56	375	52.500000	Bb2	46	80	
372	49.892708	Eb5	75	58	376	52.750000	Eb5	75	80	
373	50.131250	F5	77	61	377	53.000000	F5	77	80	
374	50.157292	Bb3	58	53	379	53.000000	Bb3	58	80	
375	50.163542	C#4	61	49	378	53.000000	C#4	61	80	
376	50.345833	G#5	80	64	380	53.250000	G#5	80	80	
377	50.584375	Eb4	63	58	382	53.500000	Eb4	63	80	
378	50.586458	F#5	78	62	381	53.500000	F#5	78	80	
379	50.602083	Bb3	58	57	383	53.500000	Bb3	58	80	
380	50.804167	F5	77	65	384	53.750000	F5	77	80	
381	50.813542	F4	65	56	385	53.750000	F4	65	80	
382	51.029167	Eb5	75	68	386	54.000000	Eb5	75	80	
383	51.043750	Bb3	58	62	388	54.000000	Bb3	58	80	
384	51.069792	F#4	66	39	387	54.000000	F#4	66	80	
385	51.243750	C#5	73	69	389	54.250000	C#5	73	80	
386	51.486458	C5	72	65	390	54.500000	C5	72	80	
387	51.493750	G#3	56	61	391	54.500000	G#3	56	80	
388	51.690625	Eb5	75	66	392	54.750000	Eb5	75	80	
389	51.697917	Bb3	58	62	393	54.750000	Bb3	58	80	
390	51.931250	C4	60	68	395	55.000000	C4	60	80	
391	51.933333	G#4	68	59	394	55.000000	G#4	68	80	
392	52.137500	F4	65	62	396	55.250000	F4	65	80	
393	52.365625	C4	60	68	398	55.500000	C4	60	80	
394	52.378125	Eb4	63	66	397	55.500000	Eb4	63	80	
395	52.595833	F#4	66	66	399	55.750000	F#4	66	80	
396	52.839583	C#5	73	68	400	56.000000	C#5	73	80	
397	52.845833	C4	60	60	402	56.000000	C4	60	80	
398	52.845833	F4	65	54	401	56.000000	F4	65	80	
399	53.053125	Eb4	63	64	403	56.250000	Eb4	63	80	
400	53.269792	Bb3	58	57	405	56.500000	Bb3	58	80	
401	53.281250	C#4	61	66	404	56.500000	C#4	61	80	
402	53.492708	Eb4	63	62	406	56.750000	Eb4	63	80	
403	53.500000	C4	60	66	407	56.750000	C4	60	80	
404	53.731250	C#4	61	66	409	57.000000	C#4	61	80	
405	53.735417	F4	65	67	408	57.000000	F4	65	80	
406	53.953125	F#4	66	69	410	57.250000	F#4	66	80	
407	54.177083	C#4	61	66	412	57.500000	C#4	61	80	
408	54.184375	G#4	68	71	411	57.500000	G#4	68	80	
409	54.423958	F4	65	73	413	57.750000	F4	65	80	
410	54.661458	C#4	61	65	415	58.000000	C#4	61	80	
411	54.666667	F#4	66	67	414	58.000000	F#4	66	80	
412	54.868750	Bb4	70	70	416	58.250000	Bb4	70	80	
413	55.088542	C4	60	60	418	58.500000	C4	60	80	
414	55.091667	C5	72	70	417	58.500000	C5	72	80	
415	55.290625	Bb3	58	65	420	58.750000	Bb3	58	80	
416	55.294792	C#5	73	72	419	58.750000	C#5	73	80	
417	55.538542	Eb5	75	77	421	59.000000	Eb5	75	80	
418	55.540625	C4	60	68	422	59.000000	C4	60	80	
419	55.752083	F5	77	74	423	59.250000	F5	77	80	
420	55.985417	Eb4	63	61	426	59.500000	Eb4	63	80	
421	55.992708	C#4	61	64	425	59.500000	C#4	61	80	
422	55.996875	F#5	78	73	424	59.500000	F#5	78	80	
423	56.192708	Eb5	75	71	427	59.750000	Eb5	75	80	
424	56.467708	F5	77	69	428	60.000000	F5	77	80	
425	56.468750	C4	60	53	429	60.000000	C4	60	80	
426	56.469792	G#3	56	45	430	60.000000	G#3	56	80	
427	56.693750	F#4	66	59	432	60.250000	F#4	66	80	
428	56.698958	D5	74	68	431	60.250000	Eb5	75	80	
429	56.884375	C#5	73	80	433	60.500000	C#5	73	80	
430	56.894792	F4	65	64	434	60.500000	F4	65	80	
431	57.093750	Eb4	63	66	436	60.750000	Eb4	63	80	
432	57.101042	C5	72	73	435	60.750000	C5	72	80	
433	57.351042	C#5	73	75	437	61.000000	C#5	73	80	
434	57.365625	F4	65	58	438	61.000000	F4	65	80	
435	57.613542	C#3	49	58	439	61.250000	C#3	49	80	
436	57.831250	G#4	68	66	440	61.500000	G#4	68	80	
437	57.832292	Eb3	51	61	441	61.500000	Eb3	51	80	
438	58.067708	F3	53	58	442	61.750000	F3	53	80	
439	58.276042	F#3	54	51	444	62.000000	F#3	54	80	
440	58.278125	Bb4	70	68	443	62.000000	Bb4	70	80	
441	58.515625	G#3	56	56	445	62.250000	G#3	56	80	
442	58.750000	Eb4	63	52	447	62.500000	Eb4	63	80	
443	58.759375	F#4	66	64	446	62.500000	F#4	66	80	
444	58.770833	Bb3	58	58	448	62.500000	Bb3	58	80	
445	58.960417	C#4	61	63	449	62.750000	C#4	61	80	
446	58.968750	F#3	54	56	450	62.750000	F#3	54	80	
447	59.195833	Eb4	63	64	451	63.000000	Eb4	63	80	
448	59.213542	G#3	56	52	453	63.000000	G#3	56	80	
449	59.214583	C4	60	58	452	63.000000	C4	60	80	
450	59.426042	C#4	61	63	454	63.250000	C#4	61	80	
451	59.663542	G#4	68	60	455	63.500000	G#4	68	80	
452	59.667708	Bb3	58	54	456	63.500000	Bb3	58	80	
453	59.905208	C4	60	43	457	63.750000	C4	60	80	
454	60.133333	F4	65	56	458	64.000000	F4	65	80	
455	60.134375	C#3	49	43	460	64.000000	C#3	49	80	
456	60.137500	C#4	61	42	459	64.000000	C#4	61	80	
457	60.360417	F3	53	55	461	64.250000	F3	53	80	
458	60.594792	C#4	61	56	462	64.500000	C#4	61	80	
459	60.606250	F#3	54	51	463	64.500000	F#3	54	80	
460	60.833333	G#3	56	46	464	64.750000	G#3	56	80	
461	61.057292	C#5	73	65	465	65.000000	C#5	73	80	
462	61.059375	Bb4	70	49	466	65.000000	Bb4	70	80	
463	61.063542	Bb3	58	54	467	65.000000	Bb3	58	80	
464	61.284375	C4	60	54	469	65.250000	C4	60	80	
465	61.296875	G#4	68	48	468	65.250000	G#4	68	80	
466	61.525000	C#5	73	69	470	65.500000	C#5	73	80	
467	61.538542	F#4	66	51	471	65.500000	F#4	66	80	
468	61.556250	C#4	61	51	472	65.500000	C#4	61	80	
469	61.748958	F4	65	52	473	65.750000	F4	65	80	
470	61.753125	Bb3	58	51	474	65.750000	Bb3	58	80	
471	61.997917	C#5	73	67	475	66.000000	C#5	73	80	
472	61.998958	Eb4	63	53	477	66.000000	Eb4	63	80	
473	62.008333	F#4	66	39	476	66.000000	F#4	66	80	
474	62.235417	F4	65	45	478	66.250000	F4	65	80	
475	62.459375	Eb4	63	50	480	66.500000	Eb4	63	80	
476	62.477083	C5	72	61	479	66.500000	C5	72	80	
477	62.679167	C#5	73	61	482	66.750000	C#5	73	80	
478	62.687500	C#4	61	55	483	66.750000	C#4	61	80	
479	62.921875	Eb5	75	66	484	67.000000	Eb5	75	80	
480	62.939583	G#4	68	46	485	67.000000	G#4	68	80	
481	62.947917	C4	60	55	486	67.000000	C4	60	80	
482	63.135417	F#4	66	62	487	67.250000	F#4	66	80	
483	63.364583	Eb5	75	67	488	67.500000	Eb5	75	80	
484	63.385417	F4	65	49	489	67.500000	F4	65	80	
485	63.391667	G#3	56	46	490	67.500000	G#3	56	80	
486	63.610417	Eb4	63	56	491	67.750000	Eb4	63	80	
487	63.841667	Eb5	75	72	492	68.000000	Eb5	75	80	
488	63.877083	F4	65	43	493	68.000000	F4	65	80	
489	63.883333	C#4	61	50	494	68.000000	C#4	61	80	
490	64.053125	Eb4	63	57	495	68.250000	Eb4	63	80	
491	64.295833	C#5	73	72	496	68.500000	C#5	73	80	
492	64.306250	F4	65	54	497	68.500000	F4	65	80	
493	64.516667	Eb5	75	78	498	68.750000	Eb5	75	80	
494	64.523958	F#4	66	59	499	68.750000	F#4	66	80	
495	64.752083	F5	77	72	500	69.000000	F5	77	80	
496	64.767708	G#4	68	60	501	69.000000	G#4	68	80	
497	64.967708	Bb4	70	66	502	69.250000	Bb4	70	80	
498	65.187500	F5	77	70	503	69.500000	F5	77	80	
499	65.196875	C5	72	65	504	69.500000	C5	72	80	
500	65.204167	G#3	56	62	505	69.500000	G#3	56	80	
501	65.422917	G#4	68	64	506	69.750000	G#4	68	80	
502	65.667708	F5	77	69	507	70.000000	F5	77	80	
503	65.673958	C#5	73	60	508	70.000000	C#5	73	80	
504	65.681250	Bb3	58	58	509	70.000000	Bb3	58	80	
505	65.892708	G#3	56	52	510	70.250000	G#3	56	80	
506	66.101042	Eb5	75	65	511	70.500000	Eb5	75	80	
507	66.113542	G3	55	56	512	70.500000	G3	55	80	
508	66.319792	F3	53	60	514	70.750000	F3	53	80	
509	66.326042	F5	77	68	513	70.750000	F5	77	80	
510	66.548958	Eb3	51	57	516	71.000000	Eb3	51	80	
511	66.550000	G5	79	69	515	71.000000	G5	79	80	
512	66.752083	G#5	80	72	517	71.250000	G#5	80	80	
513	66.780208	C#3	49	48	518	71.250000	C#3	49	80	
514	66.983333	Bb5	82	65	519	71.500000	Bb5	82	80	
515	67.002083	C3	48	48	520	71.500000	C3	48	80	
516	67.198958	G5	79	66	521	71.750000	G5	79	80	
517	67.214583	Bb2	46	56	522	71.750000	Bb2	46	80	
518	67.460417	G#5	80	67	523	72.000000	G#5	80	80	
519	67.476042	G#2	44	50	524	72.000000	G#2	44	80	
520	67.681250	Bb2	46	47	525	72.250000	Bb2	46	80	
521	67.921875	C3	48	49	527	72.500000	C3	48	80	
522	67.923958	Eb5	75	50	526	72.500000	Eb5	75	80	
523	68.131250	C#3	49	50	529	72.750000	C#3	49	80	
524	68.136458	C#5	73	49	528	72.750000	C#5	73	80	
525	68.355208	Eb3	51	47	531	73.000000	Eb3	51	80	
526	68.364583	C5	72	54	530	73.000000	C5	72	80	
527	68.595833	F3	53	51	532	73.250000	F3	53	80	
528	68.819792	Eb5	75	62	533	73.500000	Eb5	75	80	
529	68.839583	F#3	54	47	534	73.500000	F#3	54	80	
530	69.030208	Eb3	51	51	535	73.750000	Eb3	51	80	
531	69.275000	G#4	68	62	536	74.000000	G#4	68	80	
532	69.298958	F3	53	43	537	74.000000	F3	53	80	
533	69.517708	Eb3	51	48	538	74.250000	Eb3	51	80	
534	69.730208	F5	77	64	539	74.500000	F5	77	80	
535	69.748958	C#3	49	51	540	74.500000	C#3	49	80	
536	69.929167	Eb3	51	47	542	74.750000	Eb3	51	80	
537	69.937500	Eb5	75	65	541	74.750000	Eb5	75	80	
538	70.163542	C#5	73	67	543	75.000000	C#5	73	80	
539	70.172917	F3	53	50	544	75.000000	F3	53	80	
540	70.380208	G3	55	56	545	75.250000	G3	55	80	
541	70.611458	C5	72	67	546	75.500000	C5	72	80	
542	70.635417	G#3	56	55	547	75.500000	G#3	56	80	
543	70.846875	F3	53	57	548	75.750000	F3	53	80	
544	71.077083	Bb4	70	65	549	76.000000	Bb4	70	80	
545	71.080208	C#4	61	60	550	76.000000	C#4	61	80	
546	71.290625	C4	60	64	551	76.250000	C4	60	80	
547	71.523958	G5	79	72	552	76.500000	G5	79	80	
548	71.534375	Bb3	58	61	553	76.500000	Bb3	58	80	
549	71.739583	G#3	56	63	555	76.750000	G#3	56	80	
550	71.744792	G#5	80	78	554	76.750000	G#5	80	80	
551	71.966667	G3	55	64	557	77.000000	G3	55	80	
552	71.973958	Bb5	82	77	556	77.000000	Bb5	82	80	
553	72.188542	F3	53	64	558	77.250000	F3	53	80	
554	72.438542	Eb3	51	64	561	77.500000	Eb3	51	80	
555	72.438542	C#5	73	79	559	77.500000	C#5	73	80	
556	72.448958	Bb4	70	48	560	77.500000	Bb4	70	80	
557	72.655208	G3	55	66	562	77.750000	G3	55	80	
558	72.883333	C3	48	69	563	78.000000	C3	48	80	
559	73.103125	F3	53	75	564	78.250000	F3	53	80	
560	73.305208	C5	72	77	565	78.500000	C5	72	80	
561	73.316667	G#4	68	63	566	78.500000	G#4	68	80	
562	73.321875	Eb3	51	68	567	78.500000	Eb3	51	80	
563	73.535417	C#5	73	76	568	78.750000	C#5	73	80	
564	73.547917	C#3	49	65	569	78.750000	C#3	49	80	
565	73.767708	Eb5	75	78	570	79.000000	Eb5	75	80	
566	73.773958	C3	48	67	571	79.000000	C3	48	80	
567	73.986458	Bb2	46	67	572	79.250000	Bb2	46	80	
568	74.211458	F#4	66	78	573	79.500000	F#4	66	80	
569	74.227083	Eb4	63	70	574	79.500000	Eb4	63	80	
570	74.238542	G#2	44	66	575	79.500000	G#2	44	80	
571	74.431250	C3	48	59	576	79.750000	C3	48	80	
572	74.696875	C#2	37	75	577	80.000000	C#2	37	80	
573	74.912500	F4	65	70	578	80.250000	F4	65	80	
574	75.131250	F3	53	58	581	80.500000	F3	53	80	
575	75.140625	C#4	61	75	580	80.500000	C#4	61	80	
576	75.145833	G4	67	74	579	80.500000	G4	67	80	
577	75.345833	C4	60	73	583	80.750000	C4	60	80	
578	75.352083	G#4	68	76	582	80.750000	G#4	68	80	
579	75.582292	Bb3	58	65	585	81.000000	Bb3	58	80	
580	75.593750	C#3	49	67	586	81.000000	C#3	49	80	
581	75.594792	Bb4	70	77	584	81.000000	Bb4	70	80	
582	75.794792	G#3	56	67	588	81.250000	G#3	56	80	
583	75.795833	C5	72	75	587	81.250000	C5	72	80	
584	76.012500	G3	55	68	590	81.500000	G3	55	80	
585	76.021875	Eb3	51	60	591	81.500000	Eb3	51	80	
586	76.031250	C#5	73	76	589	81.500000	C#5	73	80	
587	76.230208	Bb3	58	74	593	81.750000	Bb3	58	80	
588	76.231250	Bb4	70	77	592	81.750000	Bb4	70	80	
589	76.513542	C5	72	70	594	82.000000	C5	72	80	
590	76.520833	G#3	56	75	595	82.000000	G#3	56	80	
591	76.738542	G3	55	80	598	82.250000	G3	55	80	
592	76.742708	Eb4	63	71	597	82.250000	Eb4	63	80	
593	76.954167	F3	53	80	600	82.500000	F3	53	80	
594	76.957292	F4	65	69	599	82.500000	F4	65	80	
595	77.156250	Eb3	51	76	602	82.750000	Eb3	51	80	
596	77.161458	G4	67	74	601	82.750000	G4	67	80	
597	77.395833	G#4	68	70	603	83.000000	G#4	68	80	
598	77.419792	F3	53	80	604	83.000000	F3	53	80	
599	77.643750	Bb4	70	71	605	83.250000	Bb4	70	80	
600	77.860417	C3	48	79	607	83.500000	C3	48	80	
601	77.865625	C5	72	78	606	83.500000	C5	72	80	
602	78.076042	G#4	68	75	608	83.750000	G#4	68	80	
603	78.313542	F5	77	77	609	84.000000	F5	77	80	
604	78.333333	C#3	49	66	610	84.000000	C#3	49	80	
605	78.540625	Eb5	75	70	611	84.250000	Eb5	75	80	
606	78.763542	Bb2	46	69	613	84.500000	Bb2	46	80	
607	78.773958	C#5	73	69	612	84.500000	C#5	73	80	
608	78.981250	C5	72	72	614	84.750000	C5	72	80	
609	79.209375	G2	43	65	616	85.000000	G2	43	80	
610	79.220833	Bb4	70	70	615	85.000000	Bb4	70	80	
611	79.433333	G#4	68	76	617	85.250000	G#4	68	80	
612	79.652083	Eb3	51	60	619	85.500000	Eb3	51	80	
613	79.657292	G4	67	68	618	85.500000	G4	67	80	
614	79.872917	Bb4	70	64	620	85.750000	Bb4	70	80	
615	80.121875	Eb4	63	66	621	86.000000	Eb4	63	80	
616	80.130208	C3	48	56	622	86.000000	C3	48	80	
617	80.325000	Bb2	46	48	623	86.250000	Bb2	46	80	
618	80.589583	G#3	56	58	624	86.500000	G#3	56	80	
619	80.605208	G#2	44	47	625	86.500000	G#2	44	80	
620	80.792708	Bb2	46	51	626	86.750000	Bb2	46	80	
621	81.027083	C3	48	51	628	87.000000	C3	48	80	
622	81.031250	Eb4	63	60	627	87.000000	Eb4	63	80	
623	81.247917	D3	50	53	629	87.250000	D3	50	80	
624	81.495833	Eb3	51	55	632	87.500000	Eb3	51	80	
625	81.505208	F#4	66	61	630	87.500000	F#4	66	80	
626	81.509375	Eb4	63	64	631	87.500000	Eb4	63	80	
627	81.744792	C3	48	52	633	87.750000	C3	48	80	
628	81.971875	F4	65	63	634	88.000000	F4	65	80	
629	81.977083	Eb4	63	51	635	88.000000	Eb4	63	80	
630	81.987500	D3	50	52	636	88.000000	D3	50	80	
631	82.205208	C3	48	49	637	88.250000	C3	48	80	
632	82.425000	Bb4	70	61	638	88.500000	Bb4	70	80	
633	82.439583	Bb2	46	59	640	88.500000	Bb2	46	80	
634	82.447917	D4	62	57	639	88.500000	D4	62	80	
635	82.642708	Eb4	63	66	641	88.750000	Eb4	63	80	
636	82.655208	C3	48	50	642	88.750000	C3	48	80	
637	82.883333	D3	50	53	644	89.000000	D3	50	80	
638	82.886458	F4	65	68	643	89.000000	F4	65	80	
639	83.098958	Eb3	51	58	645	89.250000	Eb3	51	80	
640	83.317708	F3	53	51	648	89.500000	F3	53	80	
641	83.321875	F4	65	67	647	89.500000	F4	65	80	
642	83.322917	G#4	68	65	646	89.500000	G#4	68	80	
643	83.557292	D3	50	58	649	89.750000	D3	50	80	
644	83.802083	F4	65	61	651	90.000000	F4	65	80	
645	83.803125	F#4	66	62	650	90.000000	F#4	66	80	
646	83.812500	Eb3	51	52	652	90.000000	Eb3	51	80	
647	84.023958	F3	53	61	653	90.250000	F3	53	80	
648	84.246875	B4	71	61	654	90.500000	B4	71	80	
649	84.253125	F#3	54	61	656	90.500000	F#3	54	80	
650	84.253125	Eb4	63	61	655	90.500000	Eb4	63	80	
651	84.478125	F4	65	74	657	90.750000	F4	65	80	
652	84.486458	F3	53	60	658	90.750000	F3	53	80	
653	84.706250	F#4	66	75	659	91.000000	F#4	66	80	
654	84.709375	Eb3	51	68	660	91.000000	Eb3	51	80	
655	84.903125	C#3	49	70	661	91.250000	C#3	49	80	
656	85.126042	Bb4	70	73	662	91.500000	Bb4	70	80	
657	85.130208	F#4	66	66	663	91.500000	F#4	66	80	
658	85.145833	B2	47	67	664	91.500000	B2	47	80	
659	85.357292	Bb2	46	63	665	91.750000	Bb2	46	80	
660	85.585417	B2	47	59	668	92.000000	B2	47	80	
661	85.601042	G#4	68	72	666	92.000000	G#4	68	80	
662	85.605208	F#4	66	67	667	92.000000	F#4	66	80	
663	85.816667	Eb3	51	68	669	92.250000	Eb3	51	80	
664	86.043750	C#5	73	72	670	92.500000	C#5	73	80	
665	86.056250	C#3	49	61	672	92.500000	C#3	49	80	
666	86.067708	F4	65	61	671	92.500000	F4	65	80	
667	86.252083	B2	47	61	674	92.750000	B2	47	80	
668	86.257292	F#4	66	73	673	92.750000	F#4	66	80	
669	86.487500	Bb2	46	68	676	93.000000	Bb2	46	80	
670	86.502083	G#4	68	80	675	93.000000	G#4	68	80	
671	86.708333	G#2	44	73	677	93.250000	G#2	44	80	
672	86.944792	G#4	68	61	679	93.500000	G#4	68	80	
673	86.953125	B4	71	74	678	93.500000	B4	71	80	
674	86.977083	F#2	42	62	680	93.500000	F#2	42	80	
675	87.183333	F2	41	69	681	93.750000	F2	41	80	
676	87.489583	Bb4	70	76	682	94.000000	Bb4	70	80	
677	87.511458	F#2	42	63	683	94.000000	F#2	42	80	
678	87.744792	G#4	68	56	684	94.250000	G#4	68	80	
679	87.960417	G#2	44	60	686	94.500000	G#2	44	80	
680	87.977083	F#4	66	65	685	94.500000	F#4	66	80	
681	88.183333	F4	65	66	687	94.750000	F4	65	80	
682	88.435417	F#4	66	65	688	95.000000	F#4	66	80	
683	88.443750	Bb2	46	55	689	95.000000	Bb2	46	80	
684	88.659375	F#2	42	54	690	95.250000	F#2	42	80	
685	88.872917	C#4	61	65	691	95.500000	C#4	61	80	
686	88.891667	G#2	44	49	692	95.500000	G#2	44	80	
687	89.103125	Bb2	46	49	693	95.750000	Bb2	46	80	
688	89.334375	Eb4	63	65	694	96.000000	Eb4	63	80	
689	89.351042	B2	47	51	695	96.000000	B2	47	80	
690	89.564583	C#3	49	48	696	96.250000	C#3	49	80	
691	89.804167	B3	59	63	697	96.500000	B3	59	80	
692	89.819792	Eb3	51	45	698	96.500000	Eb3	51	80	
693	90.022917	B2	47	48	699	96.750000	B2	47	80	
694	90.253125	C#3	49	46	701	97.000000	C#3	49	80	
695	90.258333	G#3	56	56	700	97.000000	G#3	56	80	
696	90.495833	Eb3	51	40	702	97.250000	Eb3	51	80	
697	90.713542	C#4	61	55	703	97.500000	C#4	61	80	
698	90.730208	F3	53	39	704	97.500000	F3	53	80	
699	90.918750	C#3	49	49	705	97.750000	C#3	49	80	
700	91.181250	Bb3	58	57	706	98.000000	Bb3	58	80	
701	91.193750	F#3	54	43	707	98.000000	F#3	54	80	
702	91.436458	G#3	56	33	708	98.250000	G#3	56	80	
703	91.658333	C#5	73	53	709	98.500000	C#5	73	80	
704	91.680208	F#3	54	40	710	98.500000	F#3	54	80	
705	91.880208	F3	53	44	711	98.750000	F3	53	80	
706	92.111458	F#5	78	60	712	99.000000	F#5	78	80	
707	92.131250	Eb3	51	44	713	99.000000	Eb3	51	80	
708	92.325000	F3	53	51	714	99.250000	F3	53	80	
709	92.587500	F#5	78	63	715	99.500000	F#5	78	80	
710	92.601042	F#3	54	47	717	99.500000	F#3	54	80	
711	92.620833	Bb4	70	39	716	99.500000	Bb4	70	80	
712	92.806250	Eb3	51	49	718	99.750000	Eb3	51	80	
713	93.042708	F#5	78	59	719	100.000000	F#5	78	80	
714	93.067708	B4	71	36	720	100.000000	B4	71	80	
715	93.069792	G#3	56	45	721	100.000000	G#3	56	80	
716	93.295833	Bb3	58	40	722	100.250000	Bb3	58	80	
717	93.509375	G#3	56	46	724	100.500000	G#3	56	80	
718	93.518750	F5	77	57	723	100.500000	F5	77	80	
719	93.727083	F#3	54	47	726	100.750000	F#3	54	80	
720	93.727083	F#5	78	57	725	100.750000	F#5	78	80	
721	93.954167	G#5	80	61	727	101.000000	G#5	80	80	
722	93.980208	F3	53	46	728	101.000000	F3	53	80	
723	94.193750	F#3	54	42	729	101.250000	F#3	54	80	
724	94.422917	G#5	80	64	730	101.500000	G#5	80	80	
725	94.450000	B4	71	44	731	101.500000	B4	71	80	
726	94.464583	G#3	56	43	732	101.500000	G#3	56	80	
727	94.688542	F3	53	38	733	101.750000	F3	53	80	
728	94.914583	G#5	80	59	734	102.000000	G#5	80	80	
729	94.921875	Bb4	70	45	735	102.000000	Bb4	70	80	
730	94.932292	D3	50	47	736	102.000000	D3	50	80	
731	95.136458	Bb2	46	55	737	102.250000	Bb2	46	80	
732	95.367708	F#5	78	58	738	102.500000	F#5	78	80	
733	95.380208	C3	48	50	739	102.500000	C3	48	80	
734	95.590625	D3	50	51	741	102.750000	D3	50	80	
735	95.594792	F5	77	66	740	102.750000	F5	77	80	
736	95.826042	Eb3	51	47	743	103.000000	Eb3	51	80	
737	95.827083	F#5	78	63	742	103.000000	F#5	78	80	
738	96.048958	F3	53	49	744	103.250000	F3	53	80	
739	96.263542	Eb5	75	63	745	103.500000	Eb5	75	80	
740	96.275000	F#3	54	47	746	103.500000	F#3	54	80	
741	96.514583	Eb3	51	47	747	103.750000	Eb3	51	80	
742	96.740625	G#4	68	57	748	104.000000	G#4	68	80	
743	96.750000	B3	59	52	749	104.000000	B3	59	80	
744	96.970833	Bb3	58	45	750	104.250000	Bb3	58	80	
745	97.193750	B5	83	65	751	104.500000	B5	83	80	
746	97.194792	G#3	56	51	752	104.500000	G#3	56	80	
747	97.405208	Bb5	82	70	753	104.750000	Bb5	82	80	
748	97.428125	Bb3	58	47	754	104.750000	Bb3	58	80	
749	97.623958	B3	59	61	756	105.000000	B3	59	80	
750	97.636458	G#5	80	68	755	105.000000	G#5	80	80	
751	97.846875	F#5	78	62	757	105.250000	F#5	78	80	
752	98.067708	G#4	68	61	759	105.500000	G#4	68	80	
753	98.079167	F5	77	60	758	105.500000	F5	77	80	
754	98.293750	G#5	80	67	760	105.750000	G#5	80	80	
755	98.545833	Bb3	58	57	762	106.000000	Bb3	58	80	
756	98.545833	D5	74	61	761	106.000000	D5	74	80	
757	98.754167	C5	72	65	763	106.250000	C5	72	80	
758	98.782292	Bb4	70	49	764	106.250000	Bb4	70	80	
759	98.968750	D5	74	65	765	106.500000	D5	74	80	
760	98.977083	G#4	68	59	766	106.500000	G#4	68	80	
761	99.190625	Eb5	75	64	767	106.750000	Eb5	75	80	
762	99.193750	F#4	66	55	768	106.750000	F#4	66	80	
763	99.431250	F5	77	62	769	107.000000	F5	77	80	
764	99.455208	F4	65	47	770	107.000000	F4	65	80	
765	99.642708	F#5	78	58	771	107.250000	F#5	78	80	
766	99.656250	Eb4	63	49	772	107.250000	Eb4	63	80	
767	99.878125	D4	62	54	774	107.500000	D4	62	80	
768	99.879167	G#5	80	61	773	107.500000	G#5	80	80	
769	100.092708	F4	65	52	776	107.750000	F4	65	80	
770	100.092708	F5	77	59	775	107.750000	F5	77	80	
771	100.450000	F#5	78	57	777	108.000000	F#5	78	80	
772	100.481250	Eb4	63	42	778	108.000000	Eb4	63	80	
773	100.684375	F5	77	57	779	108.250000	F5	77	80	
774	100.892708	Eb3	51	47	781	108.500000	Eb3	51	80	
775	100.910417	Eb5	75	55	780	108.500000	Eb5	75	80	
776	101.114583	F3	53	43	783	108.750000	F3	53	80	
777	101.119792	D5	74	56	782	108.750000	D5	74	80	
778	101.361458	Eb5	75	60	784	109.000000	Eb5	75	80	
779	101.369792	F#3	54	45	785	109.000000	F#3	54	80	
780	101.602083	Eb3	51	49	786	109.250000	Eb3	51	80	
781	101.822917	F#3	54	46	788	109.500000	F#3	54	80	
782	101.833333	Bb4	70	59	787	109.500000	Bb4	70	80	
783	102.027083	Bb3	58	51	789	109.750000	Bb3	58	80	
784	102.254167	B4	71	58	790	110.000000	B4	71	80	
785	102.536458	D4	62	34	792	110.250000	D4	62	80	
786	102.718750	G#4	68	53	793	110.500000	G#4	68	80	
787	102.743750	Eb4	63	51	794	110.500000	Eb4	63	80	
788	103.204167	F4	65	60	795	111.000000	F4	65	80	
789	103.683333	Bb4	70	56	796	111.500000	Bb4	70	80	
790	103.687500	D4	62	49	797	111.500000	D4	62	80	
791	104.176042	F#4	66	52	798	112.000000	F#4	66	80	
792	104.177083	Eb4	63	45	799	112.000000	Eb4	63	80	
793	104.408333	C#4	61	54	800	112.250000	C#4	61	80	
794	104.641667	B3	59	50	802	112.500000	B3	59	80	
795	104.651042	Eb4	63	60	801	112.500000	Eb4	63	80	
796	104.871875	Bb3	58	53	803	112.750000	Bb3	58	80	
797	105.078125	Eb5	75	72	804	113.000000	Eb5	75	80	
798	105.113542	B3	59	44	806	113.000000	B3	59	80	
799	105.318750	C#5	73	53	807	113.250000	C#5	73	80	
800	105.323958	Bb3	58	47	808	113.250000	Bb3	58	80	
801	105.563542	Eb5	75	70	809	113.500000	Eb5	75	80	
802	105.572917	B4	71	51	810	113.500000	B4	71	80	
803	105.584375	G#3	56	50	811	113.500000	G#3	56	80	
804	105.770833	F#3	54	52	813	113.750000	F#3	54	80	
805	105.776042	Bb4	70	55	812	113.750000	Bb4	70	80	
806	106.006250	Eb5	75	67	814	114.000000	Eb5	75	80	
807	106.027083	B4	71	52	815	114.000000	B4	71	80	
808	106.032292	G#3	56	53	816	114.000000	G#3	56	80	
809	106.228125	Bb4	70	56	817	114.250000	Bb4	70	80	
810	106.232292	F#3	54	49	818	114.250000	F#3	54	80	
811	106.472917	D5	74	68	819	114.500000	D5	74	80	
812	106.503125	F3	53	46	821	114.500000	F3	53	80	
813	106.514583	G#4	68	47	820	114.500000	G#4	68	80	
814	106.677083	Eb5	75	66	822	114.750000	Eb5	75	80	
815	106.689583	Eb3	51	53	824	114.750000	Eb3	51	80	
816	106.690625	F#4	66	54	823	114.750000	F#4	66	80	
817	106.918750	F5	77	67	825	115.000000	F5	77	80	
818	106.930208	D3	50	43	827	115.000000	D3	50	80	
819	106.939583	F4	65	48	826	115.000000	F4	65	80	
820	107.141667	Bb2	46	58	828	115.250000	Bb2	46	80	
821	107.381250	F5	77	70	829	115.500000	F5	77	80	
822	107.406250	C3	48	53	831	115.500000	C3	48	80	
823	107.423958	Bb4	70	56	830	115.500000	Bb4	70	80	
824	107.593750	D3	50	56	832	115.750000	D3	50	80	
825	107.836458	F5	77	71	833	116.000000	F5	77	80	
826	107.853125	F#4	66	64	834	116.000000	F#4	66	80	
827	107.858333	Eb3	51	54	835	116.000000	Eb3	51	80	
828	108.079167	F3	53	51	836	116.250000	F3	53	80	
829	108.298958	Eb5	75	65	837	116.500000	Eb5	75	80	
830	108.305208	F#3	54	52	839	116.500000	F#3	54	80	
831	108.537500	D5	74	66	840	116.750000	D5	74	80	
832	108.550000	G#3	56	55	841	116.750000	G#3	56	80	
833	108.764583	Eb5	75	64	842	117.000000	Eb5	75	80	
834	108.795833	F#3	54	55	843	117.000000	F#3	54	80	
835	108.989583	F#4	66	63	844	117.250000	F#4	66	80	
836	109.220833	F4	65	68	845	117.500000	F4	65	80	
837	109.230208	B3	59	62	846	117.500000	B3	59	80	
838	109.441667	F#4	66	69	847	117.750000	F#4	66	80	
839	109.677083	F3	53	52	849	118.000000	F3	53	80	
840	109.677083	G#4	68	69	848	118.000000	G#4	68	80	
841	109.869792	C#5	73	71	850	118.250000	C#5	73	80	
842	109.883333	F#3	54	56	851	118.250000	F#3	54	80	
843	110.100000	B4	71	70	852	118.500000	B4	71	80	
844	110.105208	Eb4	63	65	853	118.500000	Eb4	63	80	
845	110.120833	G#3	56	58	854	118.500000	G#3	56	80	
846	110.303125	Bb4	70	77	855	118.750000	Bb4	70	80	
847	110.313542	Bb3	58	63	856	118.750000	Bb3	58	80	
848	110.547917	G#3	56	57	859	119.000000	G#3	56	80	
849	110.548958	B4	71	74	857	119.000000	B4	71	80	
850	110.560417	F4	65	62	858	119.000000	F4	65	80	
851	110.762500	G#4	68	69	860	119.250000	G#4	68	80	
852	110.992708	C#4	61	67	862	119.500000	C#4	61	80	
853	111.006250	Bb4	70	68	861	119.500000	Bb4	70	80	
854	111.208333	B4	71	70	863	119.750000	B4	71	80	
855	111.467708	F#4	66	67	864	120.000000	F#4	66	80	
856	111.472917	F#3	54	63	865	120.000000	F#3	54	80	
857	111.663542	Bb4	70	73	866	120.250000	Bb4	70	80	
858	111.879167	F3	53	71	868	120.500000	F3	53	80	
859	111.900000	C5	72	78	867	120.500000	C5	72	80	
860	112.115625	D5	74	78	869	120.750000	D5	74	80	
861	112.333333	F#3	54	62	871	121.000000	F#3	54	80	
862	112.342708	Eb5	75	72	870	121.000000	Eb5	75	80	
863	112.573958	F5	77	75	872	121.250000	F5	77	80	
864	112.781250	Eb3	51	65	875	121.500000	Eb3	51	80	
865	112.790625	C5	72	78	874	121.500000	C5	72	80	
866	112.790625	F#5	78	68	873	121.500000	F#5	78	80	
867	113.007292	Eb5	75	75	876	121.750000	Eb5	75	80	
868	113.260417	Bb3	58	66	879	122.000000	Bb3	58	80	
869	113.263542	F5	77	70	877	122.000000	F5	77	80	
870	113.264583	C#5	73	64	878	122.000000	C#5	73	80	
871	113.496875	C5	72	74	880	122.250000	C5	72	80	
872	113.713542	Bb4	70	76	882	122.500000	Bb4	70	80	
873	113.731250	F4	65	65	881	122.500000	F4	65	80	
874	113.733333	C#4	61	56	883	122.500000	C#4	61	80	
875	113.936458	A4	69	76	884	122.750000	A4	69	80	
876	114.148958	F#3	54	48	887	123.000000	F#3	54	80	
877	114.167708	Bb4	70	70	885	123.000000	Bb4	70	80	
878	114.370833	F3	53	62	888	123.250000	F3	53	80	
879	114.601042	F4	65	73	889	123.500000	F4	65	80	
880	114.612500	Eb3	51	62	890	123.500000	Eb3	51	80	
881	114.823958	C#3	49	62	891	123.750000	C#3	49	80	
882	115.052083	F#4	66	75	892	124.000000	F#4	66	80	
883	115.072917	Eb3	51	60	893	124.000000	Eb3	51	80	
884	115.277083	C3	48	62	894	124.250000	C3	48	80	
885	115.512500	Eb4	63	71	895	124.500000	Eb4	63	80	
886	115.513542	C#3	49	62	896	124.500000	C#3	49	80	
887	115.714583	Eb3	51	57	897	124.750000	Eb3	51	80	
888	115.952083	A4	69	65	898	125.000000	A4	69	80	
889	115.953125	C4	60	64	899	125.000000	C4	60	80	
890	115.981250	F3	53	48	900	125.000000	F3	53	80	
891	116.164583	Eb3	51	62	901	125.250000	Eb3	51	80	
892	116.381250	C#3	49	59	903	125.500000	C#3	49	80	
893	116.386458	F4	65	66	902	125.500000	F4	65	80	
894	116.613542	C3	48	57	904	125.750000	C3	48	80	
895	116.860417	Bb4	70	64	905	126.000000	Bb4	70	80	
896	116.875000	Bb2	46	56	907	126.000000	Bb2	46	80	
897	116.887500	C#4	61	41	906	126.000000	C#4	61	80	
898	117.086458	A4	69	65	908	126.250000	A4	69	80	
899	117.309375	Bb3	58	59	910	126.500000	Bb3	58	80	
900	117.321875	Bb4	70	63	909	126.500000	Bb4	70	80	
901	117.528125	C5	72	66	911	126.750000	C5	72	80	
902	117.767708	Bb4	70	73	913	127.000000	Bb4	70	80	
903	117.767708	C#5	73	65	912	127.000000	C#5	73	80	
904	117.961458	Eb5	75	67	914	127.250000	Eb5	75	80	
905	117.971875	C3	48	58	915	127.250000	C3	48	80	
906	118.189583	C#3	49	66	918	127.500000	C#3	49	80	
907	118.195833	F5	77	72	916	127.500000	F5	77	80	
908	118.206250	Bb4	70	66	917	127.500000	Bb4	70	80	
909	118.431250	Bb2	46	65	920	127.750000	Bb2	46	80	
910	118.435417	C#5	73	66	919	127.750000	C#5	73	80	
911	118.656250	Bb4	70	67	922	128.000000	Bb4	70	80	
912	118.659375	Eb5	75	75	921	128.000000	Eb5	75	80	
913	118.667708	C3	48	62	923	128.000000	C3	48	80	
914	118.864583	C#5	73	63	924	128.250000	C#5	73	80	
915	118.867708	C#3	49	56	925	128.250000	C#3	49	80	
916	119.106250	C5	72	69	926	128.500000	C5	72	80	
917	119.117708	A4	69	69	927	128.500000	A4	69	80	
918	119.121875	Eb3	51	71	928	128.500000	Eb3	51	80	
919	119.302083	Bb4	70	77	930	128.750000	Bb4	70	80	
920	119.313542	C#5	73	75	929	128.750000	C#5	73	80	
921	119.557292	A2	45	60	933	129.000000	A2	45	80	
922	119.557292	C5	72	75	932	129.000000	C5	72	80	
923	119.559375	Eb5	75	74	931	129.000000	Eb5	75	80	
924	119.763542	F5	77	72	934	129.250000	F5	77	80	
925	119.978125	F#5	78	76	935	129.500000	F#5	78	80	
926	119.983333	Bb2	46	62	937	129.500000	Bb2	46	80	
927	119.988542	C5	72	67	936	129.500000	C5	72	80	
928	120.197917	Eb5	75	75	938	129.750000	Eb5	75	80	
929	120.200000	C3	48	67	939	129.750000	C3	48	80	
930	120.442708	C#3	49	67	942	130.000000	C#3	49	80	
931	120.446875	C5	72	67	941	130.000000	C5	72	80	
932	120.453125	F5	77	77	940	130.000000	G#5	80	80	
933	120.662500	Eb3	51	64	943	130.250000	Eb3	51	80	
934	120.892708	C#3	49	67	945	130.500000	C#3	49	80	
935	120.895833	Bb4	70	74	944	130.500000	Bb4	70	80	
936	121.093750	C3	48	72	947	130.750000	C3	48	80	
937	121.098958	C5	72	78	946	130.750000	C5	72	80	
938	121.335417	Bb2	46	76	949	131.000000	Bb2	46	80	
939	121.335417	C#5	73	81	948	131.000000	C#5	73	80	
940	121.568750	G#2	44	75	950	131.250000	G#2	44	80	
941	121.790625	Bb5	82	78	951	131.500000	Bb5	82	80	
942	121.793750	C#5	73	73	952	131.500000	C#5	73	80	
943	121.807292	F#2	42	71	953	131.500000	F#2	42	80	
944	121.996875	Bb2	46	73	955	131.750000	Bb2	46	80	
945	122.003125	F5	77	81	954	131.750000	F5	77	80	
946	122.233333	Eb2	39	72	958	132.000000	Eb2	39	80	
947	122.238542	C#5	73	73	957	132.000000	C#5	73	80	
948	122.241667	F#5	78	78	956	132.000000	F#5	78	80	
949	122.476042	G#5	80	76	959	132.250000	G#5	80	80	
950	122.690625	F#5	78	75	960	132.500000	F#5	78	80	
951	122.700000	Bb3	58	80	961	132.500000	Bb3	58	80	
952	122.890625	F5	77	74	962	132.750000	F5	77	80	
953	122.938542	E5	76	42	*	-1	*	-1	-1	
954	123.125000	Eb5	75	71	963	133.000000	Eb5	75	80	
955	123.126042	C4	60	80	964	133.000000	C4	60	80	
956	123.340625	C#5	73	77	965	133.250000	C#5	73	80	
957	123.563542	C5	72	69	966	133.500000	C5	72	80	
958	123.565625	Eb4	63	81	967	133.500000	Eb4	63	80	
959	123.760417	Eb5	75	81	968	133.750000	Eb5	75	80	
960	124.006250	Eb4	63	74	970	134.000000	Eb4	63	80	
961	124.016667	A4	69	80	969	134.000000	A4	69	80	
962	124.195833	F#3	54	69	971	134.250000	F#3	54	80	
963	124.455208	C5	72	80	972	134.500000	C5	72	80	
964	124.456250	A3	57	68	973	134.500000	A3	57	80	
965	124.462500	F3	53	69	974	134.500000	F3	53	80	
966	124.665625	Eb3	51	70	975	134.750000	Eb3	51	80	
967	124.888542	F5	77	80	976	135.000000	F5	77	80	
968	124.889583	Bb3	58	64	977	135.000000	Bb3	58	80	
969	124.896875	C#3	49	67	978	135.000000	C#3	49	80	
970	125.102083	C3	48	71	979	135.250000	C3	48	80	
971	125.317708	C#5	73	71	980	135.500000	C#5	73	80	
972	125.330208	Bb4	70	78	981	135.500000	Bb4	70	80	
973	125.332292	Bb2	46	73	982	135.500000	Bb2	46	80	
974	125.557292	C#3	49	72	983	135.750000	C#3	49	80	
975	125.804167	Bb4	70	76	985	136.000000	Bb4	70	80	
976	125.804167	Eb5	75	74	984	136.000000	Eb5	75	80	
977	125.815625	F#2	42	80	986	136.000000	F#2	42	80	
978	126.013542	F5	77	69	987	136.250000	F5	77	80	
979	126.247917	Eb2	39	73	989	136.500000	Eb2	39	80	
980	126.262500	F#5	78	73	988	136.500000	F#5	78	80	
981	126.484375	Eb5	75	80	990	136.750000	Eb5	75	80	
982	126.690625	F2	41	75	993	137.000000	F2	41	80	
983	126.706250	A4	69	68	992	137.000000	A4	69	80	
984	126.707292	C5	72	74	991	137.000000	C5	72	80	
985	126.912500	F#5	78	73	994	137.250000	F#5	78	80	
986	127.137500	F5	77	66	995	137.500000	F5	77	80	
987	127.152083	F3	53	65	996	137.500000	F3	53	80	
988	127.327083	Eb5	75	68	997	137.750000	Eb5	75	80	
989	127.706250	Bb2	46	44	1000	138.000000	Bb2	46	80	
990	127.714583	C#5	73	56	998	138.000000	C#5	73	80	
991	127.743750	Bb4	70	43	999	138.000000	Bb4	70	80	
992	127.941667	F4	65	43	1001	138.250000	F4	65	80	
993	127.946875	C3	48	49	1002	138.250000	C3	48	80	
994	128.170833	Bb4	70	48	1003	138.500000	Bb4	70	80	
995	128.172917	C#3	49	52	1004	138.500000	C#3	49	80	
996	128.413542	Eb3	51	53	1005	138.750000	Eb3	51	80	
997	128.632292	C5	72	60	1006	139.000000	C5	72	80	
998	128.639583	F3	53	39	1007	139.000000	F3	53	80	
999	128.833333	F#3	54	50	1008	139.250000	F#3	54	80	
1000	129.072917	G#3	56	47	1011	139.500000	G#3	56	80	
1001	129.072917	G#4	68	47	1010	139.500000	G#4	68	80	
1002	129.084375	F5	77	62	1009	139.500000	F5	77	80	
1003	129.298958	F3	53	43	1012	139.750000	F3	53	80	
1004	129.533333	F#3	54	43	1014	140.000000	F#3	54	80	
1005	129.540625	Bb4	70	58	1013	140.000000	Bb4	70	80	
1006	129.744792	C#4	61	49	1015	140.250000	C#4	61	80	
1007	129.759375	G#3	56	39	1016	140.250000	G#3	56	80	
1008	129.989583	F#4	66	57	1017	140.500000	F#4	66	80	
1009	130.001042	Bb3	58	45	1018	140.500000	Bb3	58	80	
1010	130.215625	C4	60	51	1019	140.750000	C4	60	80	
1011	130.444792	G#4	68	62	1020	141.000000	G#4	68	80	
1012	130.454167	C#4	61	47	1021	141.000000	C#4	61	80	
1013	130.677083	Eb4	63	48	1022	141.250000	Eb4	63	80	
1014	130.896875	C#5	73	66	1023	141.500000	C#5	73	80	
1015	130.922917	C#4	61	54	1025	141.500000	C#4	61	80	
1016	130.929167	F4	65	43	1024	141.500000	F4	65	80	
1017	131.128125	C4	60	48	1026	141.750000	C4	60	80	
1018	131.340625	F#4	66	63	1027	142.000000	F#4	66	80	
1019	131.367708	Bb3	58	40	1028	142.000000	Bb3	58	80	
1020	131.589583	G#3	56	44	1029	142.250000	G#3	56	80	
1021	131.806250	Eb4	63	53	1030	142.500000	Eb4	63	80	
1022	131.820833	F#3	54	41	1031	142.500000	F#3	54	80	
1023	132.018750	C#4	61	48	1032	142.750000	C#4	61	80	
1024	132.053125	F3	53	32	1033	142.750000	F3	53	80	
1025	132.257292	C4	60	51	1034	143.000000	C4	60	80	
1026	132.270833	Eb3	51	42	1035	143.000000	Eb3	51	80	
1027	132.517708	F3	53	34	1036	143.250000	F3	53	80	
1028	132.726042	Bb3	58	52	1037	143.500000	Bb3	58	80	
1029	132.733333	F#3	54	40	1038	143.500000	F#3	54	80	
1030	132.931250	Eb3	51	44	1039	143.750000	Eb3	51	80	
1031	133.177083	A3	57	55	1040	144.000000	A3	57	80	
1032	133.195833	F3	53	48	1041	144.000000	F3	53	80	
1033	133.381250	F4	65	45	1042	144.250000	F4	65	80	
1034	133.636458	Eb4	63	57	1043	144.500000	Eb4	63	80	
1035	133.640625	Bb3	58	56	1044	144.500000	Bb3	58	80	
1036	133.851042	C#4	61	53	1045	144.750000	C#4	61	80	
1037	134.095833	C4	60	61	1046	145.000000	C4	60	80	
1038	134.293750	C#4	61	55	1047	145.250000	C#4	61	80	
1039	134.542708	Eb4	63	53	1048	145.500000	Eb4	63	80	
1040	134.556250	A3	57	44	1049	145.500000	A3	57	80	
1041	134.759375	C4	60	54	1050	145.750000	C4	60	80	
1042	134.994792	C#4	61	59	1051	146.000000	C#4	61	80	
1043	135.005208	Bb3	58	42	1052	146.000000	Bb3	58	80	
1044	135.205208	Eb4	63	61	1053	146.250000	Eb4	63	80	
1045	135.208333	C4	60	52	1054	146.250000	C4	60	80	
1046	135.445833	C#4	61	54	1056	146.500000	C#4	61	80	
1047	135.456250	F4	65	61	1055	146.500000	F4	65	80	
1048	135.659375	G4	67	64	1057	146.750000	G4	67	80	
1049	135.662500	Bb3	58	59	1058	146.750000	Bb3	58	80	
1050	135.896875	C4	60	56	1060	147.000000	C4	60	80	
1051	135.896875	A4	69	63	1059	147.000000	A4	69	80	
1052	136.080208	C#4	61	64	1062	147.250000	C#4	61	80	
1053	136.101042	Bb4	70	66	1061	147.250000	Bb4	70	80	
1054	136.316667	C5	72	66	1063	147.500000	C5	72	80	
1055	136.325000	Eb4	63	57	1064	147.500000	Eb4	63	80	
1056	136.534375	A4	69	64	1065	147.750000	A4	69	80	
1057	136.542708	C4	60	65	1066	147.750000	C4	60	80	
1058	136.762500	Bb4	70	70	1067	148.000000	Bb4	70	80	
1059	136.765625	C#4	61	66	1068	148.000000	C#4	61	80	
1060	136.968750	Eb4	63	71	1070	148.250000	Eb4	63	80	
1061	136.990625	C5	72	70	1069	148.250000	C5	72	80	
1062	137.205208	F4	65	72	1072	148.500000	F4	65	80	
1063	137.209375	C#5	73	72	1071	148.500000	C#5	73	80	
1064	137.423958	Bb4	70	76	1073	148.750000	Bb4	70	80	
1065	137.432292	G4	67	69	1074	148.750000	G4	67	80	
1066	137.660417	C5	72	68	1075	149.000000	C5	72	80	
1067	137.663542	A4	69	77	1076	149.000000	A4	69	80	
1068	137.670833	F4	65	69	1077	149.000000	F4	65	80	
1069	137.864583	C#5	73	72	1078	149.250000	C#5	73	80	
1070	137.901042	Bb4	70	76	1079	149.250000	Bb4	70	80	
1071	138.085417	Eb5	75	75	1080	149.500000	Eb5	75	80	
1072	138.107292	C5	72	69	1081	149.500000	C5	72	80	
1073	138.296875	C5	72	74	1082	149.750000	C5	72	80	
1074	138.306250	A4	69	69	1083	149.750000	A4	69	80	
1075	138.518750	C#5	73	77	1084	150.000000	C#5	73	80	
1076	138.523958	Bb4	70	69	1085	150.000000	Bb4	70	80	
1077	138.736458	Eb5	75	75	1086	150.250000	Eb5	75	80	
1078	138.738542	C5	72	70	1087	150.250000	C5	72	80	
1079	138.959375	F5	77	77	1088	150.500000	F5	77	80	
1080	138.963542	C#5	73	75	1089	150.500000	C#5	73	80	
1081	139.158333	G5	79	81	1090	150.750000	G5	79	80	
1082	139.165625	Bb4	70	69	1091	150.750000	Bb4	70	80	
1083	139.394792	A5	81	80	1092	151.000000	A5	81	80	
1084	139.401042	C5	72	68	1093	151.000000	C5	72	80	
1085	139.592708	Bb5	82	81	1094	151.250000	Bb5	82	80	
1086	139.596875	C#5	73	69	1095	151.250000	C#5	73	80	
1087	139.813542	C6	84	81	1096	151.500000	C6	84	80	
1088	139.815625	Eb5	75	70	1097	151.500000	Eb5	75	80	
1089	140.019792	C5	72	66	1099	151.750000	C5	72	80	
1090	140.021875	A5	81	81	1098	151.750000	A5	81	80	
1091	140.283333	Bb5	82	81	1100	152.000000	Bb5	82	80	
1092	140.301042	D5	74	61	1101	152.000000	D5	74	80	
1093	140.508333	F#4	66	64	1103	152.250000	F#4	66	80	
1094	140.510417	C5	72	67	1102	152.250000	C5	72	80	
1095	140.711458	F4	65	70	1105	152.500000	F4	65	80	
1096	140.720833	D5	74	80	1104	152.500000	D5	74	80	
1097	140.921875	Eb4	63	73	1107	152.750000	Eb4	63	80	
1098	140.925000	Eb5	75	76	1106	152.750000	Eb5	75	80	
1099	141.138542	D4	62	69	1109	153.000000	D4	62	80	
1100	141.159375	F5	77	77	1108	153.000000	F5	77	80	
1101	141.360417	C4	60	65	1111	153.250000	C4	60	80	
1102	141.362500	F#5	78	73	1110	153.250000	F#5	78	80	
1103	141.587500	Bb3	58	60	1113	153.500000	Bb3	58	80	
1104	141.595833	G#5	80	76	1112	153.500000	G#5	80	80	
1105	141.798958	F5	77	69	1114	153.750000	F5	77	80	
1106	141.815625	D4	62	61	1115	153.750000	D4	62	80	
1107	142.035417	F#5	78	67	1116	154.000000	F#5	78	80	
1108	142.043750	Eb3	51	56	1117	154.000000	Eb3	51	80	
1109	142.247917	F3	53	52	1118	154.250000	F3	53	80	
1110	142.478125	F#3	54	53	1120	154.500000	F#3	54	80	
1111	142.484375	F5	77	66	1119	154.500000	F5	77	80	
1112	142.683333	Eb5	75	68	1121	154.750000	Eb5	75	80	
1113	142.693750	G#3	56	61	1122	154.750000	G#3	56	80	
1114	142.909375	D5	74	65	1123	155.000000	D5	74	80	
1115	142.921875	Bb3	58	51	1124	155.000000	Bb3	58	80	
1116	143.145833	C4	60	49	1125	155.250000	C4	60	80	
1117	143.341667	F5	77	63	1126	155.500000	F5	77	80	
1118	143.352083	D4	62	57	1127	155.500000	D4	62	80	
1119	143.575000	Bb3	58	56	1128	155.750000	Bb3	58	80	
1120	143.810417	Bb4	70	73	1129	156.000000	Bb4	70	80	
1121	143.852083	F#4	66	41	1130	156.000000	F#4	66	80	
1122	144.041667	F4	65	59	1131	156.250000	F4	65	80	
1123	144.247917	F#5	78	64	1132	156.500000	F#5	78	80	
1124	144.266667	Eb4	63	58	1133	156.500000	Eb4	63	80	
1125	144.472917	F5	77	70	1134	156.750000	F5	77	80	
1126	144.503125	F4	65	48	1135	156.750000	F4	65	80	
1127	144.696875	Eb5	75	71	1136	157.000000	Eb5	75	80	
1128	144.700000	F#4	66	57	1137	157.000000	F#4	66	80	
1129	144.918750	G#4	68	57	1138	157.250000	G#4	68	80	
1130	145.132292	C#5	73	71	1139	157.500000	C#5	73	80	
1131	145.156250	Bb4	70	55	1140	157.500000	Bb4	70	80	
1132	145.358333	F#4	66	58	1141	157.750000	F#4	66	80	
1133	145.597917	C5	72	72	1142	158.000000	C5	72	80	
1134	145.612500	Eb4	63	60	1143	158.000000	Eb4	63	80	
1135	145.804167	C#4	61	58	1144	158.250000	C#4	61	80	
1136	146.040625	A5	81	76	1145	158.500000	A5	81	80	
1137	146.060417	C4	60	49	1146	158.500000	C4	60	80	
1138	146.246875	Bb5	82	73	1147	158.750000	Bb5	82	80	
1139	146.256250	Bb3	58	55	1148	158.750000	Bb3	58	80	
1140	146.497917	C6	84	79	1149	159.000000	C6	84	80	
1141	146.500000	A3	57	60	1150	159.000000	A3	57	80	
1142	146.722917	G3	55	59	1151	159.250000	G3	55	80	
1143	146.967708	Eb5	75	74	1152	159.500000	Eb5	75	80	
1144	146.993750	F3	53	46	1154	159.500000	F3	53	80	
1145	147.011458	C5	72	48	1153	159.500000	C5	72	80	
1146	147.205208	A3	57	42	1155	159.750000	A3	57	80	
1147	147.448958	C#3	49	56	1156	160.000000	C#3	49	80	
1148	147.681250	F#3	54	60	1157	160.250000	F#3	54	80	
1149	147.907292	C#5	73	71	1158	160.500000	C#5	73	80	
1150	147.925000	Bb4	70	49	1159	160.500000	Bb4	70	80	
1151	147.929167	F3	53	46	1160	160.500000	F3	53	80	
1152	148.138542	Eb5	75	66	1161	160.750000	Eb5	75	80	
1153	148.169792	Eb3	51	49	1162	160.750000	Eb3	51	80	
1154	148.417708	F5	77	68	1163	161.000000	F5	77	80	
1155	148.437500	C#3	49	53	1164	161.000000	C#3	49	80	
1156	148.664583	C3	48	57	1165	161.250000	C3	48	80	
1157	148.910417	Eb5	75	70	1166	161.500000	Eb5	75	80	
1158	148.920833	Bb2	46	56	1168	161.500000	Bb2	46	80	
1159	148.933333	F#4	66	51	1167	161.500000	F#4	66	80	
1160	149.154167	A4	69	68	1169	161.750000	A4	69	80	
1161	149.156250	C3	48	54	1170	161.750000	C3	48	80	
1162	149.485417	Bb4	70	67	1171	162.000000	Bb4	70	80	
1163	149.487500	C#3	49	52	1173	162.000000	C#3	49	80	
1164	149.491667	F4	65	56	1172	162.000000	F4	65	80	
1165	149.758333	C3	48	58	1174	162.250000	C3	48	80	
1166	150.043750	C#3	49	57	1175	162.500000	C#3	49	80	
1167	150.294792	F#4	66	57	1177	162.750000	F#4	66	80	
1168	150.295833	C5	72	63	1176	162.750000	C5	72	80	
1169	150.302083	Eb3	51	56	1178	162.750000	Eb3	51	80	
1170	150.687500	A4	69	66	1179	163.000000	A4	69	80	
1171	150.694792	C4	60	51	1180	163.000000	C4	60	80	
1172	150.697917	F3	53	44	1181	163.000000	F3	53	80	
1173	151.016667	Eb3	51	49	1182	163.250000	Eb3	51	80	
1174	151.411458	F3	53	52	1183	163.500000	F3	53	80	
1175	151.789583	Bb4	70	60	1184	163.750000	Bb4	70	80	
1176	151.798958	F2	41	52	1185	163.750000	F2	41	80	
1177	152.530208	Bb4	70	56	1187	164.000000	Bb4	70	80	
1178	152.536458	D4	62	51	1186	164.000000	D4	62	80	
1179	152.548958	Bb2	46	44	1188	164.000000	Bb2	46	80	
*	-1	*	-1	-1	41	7.000000	C5	72	80	
*	-1	*	-1	-1	126	18.500000	F4	65	80	
*	-1	*	-1	-1	310	43.500000	C#3	49	80	
*	-1	*	-1	-1	350	49.000000	C#5	73	80	
*	-1	*	-1	-1	374	52.500000	F4	65	80	
*	-1	*	-1	-1	481	66.500000	Eb4	63	80	
*	-1	*	-1	-1	596	82.000000	G#3	56	80	
*	-1	*	-1	-1	791	110.000000	Eb4	63	80	
*	-1	*	-1	-1	805	113.000000	Eb5	75	80	
*	-1	*	-1	-1	838	116.500000	Bb4	70	80	
*	-1	*	-1	-1	886	123.000000	Bb4	70	80	
