// alignID alignOntime alignSitch alignPitch alignOnvel refID refOntime refSitch refPitch refOnvel
0	1.058333	G#4	68	60	0	0.000000	G#4	68	80	
1	1.066667	G#3	56	36	1	0.000000	G#3	56	80	
2	1.071875	B3	59	41	2	0.000000	B3	59	80	
3	1.085417	Eb4	63	31	3	0.000000	Eb4	63	80	
4	1.181250	Bb4	70	63	4	0.125000	Bb4	70	80	
5	1.331250	B4	71	72	5	0.250000	B4	71	80	
6	1.451042	C#5	73	82	6	0.375000	C#5	73	80	
7	1.576042	Eb5	75	82	7	0.500000	Eb5	75	80	
8	1.705208	B4	71	78	8	0.625000	B4	71	80	
9	1.820833	Bb4	70	78	9	0.750000	Bb4	70	80	
10	1.944792	G#4	68	76	10	0.875000	G#4	68	80	
11	2.087500	G4	67	66	11	1.000000	G4	67	80	
12	2.100000	G#3	56	37	12	1.000000	G#3	56	80	
13	2.104167	Bb3	58	34	13	1.000000	Bb3	58	80	
14	2.104167	C#4	61	42	14	1.000000	C#4	61	80	
15	2.194792	G#4	68	75	15	1.125000	G#4	68	80	
16	2.332292	Bb4	70	76	16	1.250000	Bb4	70	80	
17	2.464583	E4	64	66	17	1.375000	E4	64	80	
18	2.613542	Eb4	63	67	18	1.500000	Eb4	63	80	
19	2.719792	C#4	61	51	19	1.625000	C#4	61	80	
20	2.842708	B3	59	59	20	1.750000	B3	59	80	
21	2.972917	Bb3	58	67	21	1.875000	Bb3	58	80	
22	3.102083	G#3	56	70	22	2.000000	G#3	56	80	
23	3.228125	Eb4	63	62	23	2.125000	Eb4	63	80	
24	3.329167	B4	71	72	25	2.250000	B4	71	80	
25	3.338542	G#4	68	67	24	2.250000	G#4	68	80	
26	3.360417	G#3	56	61	26	2.250000	G#3	56	80	
27	3.461458	Eb4	63	65	27	2.375000	Eb4	63	80	
28	3.594792	B4	71	65	29	2.500000	B4	71	80	
29	3.605208	G3	55	62	30	2.500000	G3	55	80	
30	3.617708	G#4	68	79	28	2.500000	G#4	68	80	
31	3.743750	Eb4	63	61	31	2.625000	Eb4	63	80	
32	3.862500	C#5	73	85	33	2.750000	C#5	73	80	
33	3.869792	Bb4	70	56	32	2.750000	Bb4	70	80	
34	3.879167	G3	55	58	34	2.750000	G3	55	80	
35	4.012500	Eb4	63	61	35	2.875000	Eb4	63	80	
36	4.121875	G#3	56	62	36	3.000000	G#3	56	80	
37	4.252083	Eb4	63	62	37	3.125000	Eb4	63	80	
38	4.383333	B4	71	77	39	3.250000	B4	71	80	
39	4.388542	G#3	56	59	40	3.250000	G#3	56	80	
40	4.400000	G#4	68	58	38	3.250000	G#4	68	80	
41	4.503125	Eb4	63	61	41	3.375000	Eb4	63	80	
42	4.643750	Eb3	51	56	44	3.500000	Eb3	51	80	
43	4.646875	B4	71	66	43	3.500000	B4	71	80	
44	4.667708	G#4	68	44	42	3.500000	G#4	68	80	
45	4.801042	Eb4	63	43	45	3.625000	Eb4	63	80	
46	4.921875	Eb3	51	48	48	3.750000	Eb3	51	80	
47	4.921875	Bb4	70	61	47	3.750000	Bb4	70	80	
48	4.931250	G4	67	37	46	3.750000	G4	67	80	
49	5.029167	Eb4	63	47	49	3.875000	Eb4	63	80	
50	5.198958	G#4	68	56	50	4.000000	G#4	68	80	
51	5.212500	Eb4	63	46	53	4.000000	Eb4	63	80	
52	5.231250	B3	59	46	52	4.000000	B3	59	80	
53	5.261458	G#3	56	32	51	4.000000	G#3	56	80	
54	5.306250	Bb4	70	58	54	4.125000	Bb4	70	80	
55	5.450000	B4	71	56	55	4.250000	B4	71	80	
56	5.564583	C#5	73	61	56	4.375000	C#5	73	80	
57	5.685417	Eb5	75	60	57	4.500000	Eb5	75	80	
58	5.821875	B4	71	53	58	4.625000	B4	71	80	
59	5.945833	Bb4	70	55	59	4.750000	Bb4	70	80	
60	6.070833	G#4	68	50	60	4.875000	G#4	68	80	
61	6.197917	G#3	56	27	62	5.000000	G#3	56	80	
62	6.202083	C#4	61	19	64	5.000000	C#4	61	80	
63	6.216667	G4	67	42	61	5.000000	G4	67	80	
64	6.220833	Bb3	58	26	63	5.000000	Bb3	58	80	
65	6.325000	G#4	68	54	65	5.125000	G#4	68	80	
66	6.465625	Bb4	70	59	66	5.250000	Bb4	70	80	
67	6.576042	E4	64	55	67	5.375000	E4	64	80	
68	6.715625	Eb4	63	53	68	5.500000	Eb4	63	80	
69	6.844792	C#4	61	47	69	5.625000	C#4	61	80	
70	6.963542	B3	59	53	70	5.750000	B3	59	80	
71	7.093750	Bb3	58	54	71	5.875000	Bb3	58	80	
72	7.215625	G#3	56	59	72	6.000000	G#3	56	80	
73	7.341667	Eb4	63	51	73	6.125000	Eb4	63	80	
74	7.459375	G#5	80	71	75	6.250000	G#5	80	80	
75	7.468750	G#3	56	52	76	6.250000	G#3	56	80	
76	7.476042	B4	71	60	74	6.250000	B4	71	80	
77	7.576042	Eb4	63	54	77	6.375000	Eb4	63	80	
78	7.723958	G#5	80	68	79	6.500000	G#5	80	80	
79	7.726042	G3	55	48	80	6.500000	G3	55	80	
80	7.734375	B4	71	48	78	6.500000	B4	71	80	
81	7.857292	Eb4	63	44	81	6.625000	Eb4	63	80	
82	7.969792	Bb5	82	71	83	6.750000	Bb5	82	80	
83	7.983333	C#5	73	51	82	6.750000	C#5	73	80	
84	7.998958	G3	55	46	84	6.750000	G3	55	80	
85	8.115625	Eb4	63	45	85	6.875000	Eb4	63	80	
86	8.238542	G#3	56	51	86	7.000000	G#3	56	80	
87	8.365625	Eb4	63	51	87	7.125000	Eb4	63	80	
88	8.498958	G#3	56	53	90	7.250000	G#3	56	80	
89	8.502083	G#5	80	71	89	7.250000	G#5	80	80	
90	8.527083	B4	71	43	88	7.250000	B4	71	80	
91	8.620833	Eb4	63	53	91	7.375000	Eb4	63	80	
92	8.760417	Eb3	51	52	94	7.500000	Eb3	51	80	
93	8.760417	G#5	80	65	93	7.500000	G#5	80	80	
94	8.768750	B4	71	52	92	7.500000	B4	71	80	
95	8.903125	Eb4	63	48	95	7.625000	Eb4	63	80	
96	9.022917	G5	79	68	97	7.750000	G5	79	80	
97	9.036458	Eb3	51	48	98	7.750000	Eb3	51	80	
98	9.040625	Bb4	70	53	96	7.750000	Bb4	70	80	
99	9.161458	Eb4	63	50	99	7.875000	Eb4	63	80	
100	9.283333	G#3	56	71	100	8.000000	G#3	56	80	
101	9.406250	Eb4	63	67	101	8.125000	Eb4	63	80	
102	9.536458	G#4	68	79	102	8.250000	G#4	68	80	
103	9.536458	B4	71	84	103	8.250000	B4	71	80	
104	9.541667	G#3	56	72	104	8.250000	G#3	56	80	
105	9.646875	Bb4	70	78	106	8.375000	Bb4	70	80	
106	9.661458	Eb4	63	68	107	8.375000	Eb4	63	80	
107	9.661458	G4	67	66	105	8.375000	G4	67	80	
108	9.756250	B4	71	78	109	8.500000	B4	71	80	
109	9.777083	G#4	68	60	108	8.500000	G#4	68	80	
110	9.792708	F#3	54	72	110	8.500000	F#3	54	80	
111	9.920833	Eb4	63	65	111	8.625000	Eb4	63	80	
112	10.053125	G#5	80	93	113	8.750000	G#5	80	80	
113	10.059375	F#3	54	67	114	8.750000	F#3	54	80	
114	10.072917	B4	71	68	112	8.750000	B4	71	80	
115	10.185417	Eb4	63	64	115	8.875000	Eb4	63	80	
116	10.301042	F3	53	63	116	9.000000	F3	53	80	
117	10.446875	C#4	61	58	117	9.125000	C#4	61	80	
118	10.579167	F3	53	56	120	9.250000	F3	53	80	
119	10.583333	B4	71	74	119	9.250000	B4	71	80	
120	10.592708	G#4	68	54	118	9.250000	G#4	68	80	
121	10.716667	C#4	61	57	121	9.375000	C#4	61	80	
122	10.839583	C#3	49	60	122	9.500000	C#3	49	80	
123	10.986458	C#4	61	56	123	9.625000	C#4	61	80	
124	11.120833	Bb4	70	69	124	9.750000	Bb4	70	80	
125	11.126042	C#3	49	60	126	9.750000	C#3	49	80	
126	11.137500	F4	65	57	125	9.750000	F4	65	80	
127	11.230208	G#4	68	70	127	9.875000	G#4	68	80	
128	11.243750	C#4	61	56	128	9.875000	C#4	61	80	
129	11.378125	F#3	54	69	129	10.000000	F#3	54	80	
130	11.500000	C#4	61	63	130	10.125000	C#4	61	80	
131	11.628125	Bb4	70	79	132	10.250000	Bb4	70	80	
132	11.641667	F#3	54	72	133	10.250000	F#3	54	80	
133	11.646875	F#4	66	75	131	10.250000	F#4	66	80	
134	11.757292	C#4	61	66	136	10.375000	C#4	61	80	
135	11.761458	G#4	68	80	135	10.375000	G#4	68	80	
136	11.790625	F4	65	56	134	10.375000	F4	65	80	
137	11.879167	Bb4	70	78	138	10.500000	Bb4	70	80	
138	11.885417	F3	53	69	139	10.500000	F3	53	80	
139	11.885417	F#4	66	74	137	10.500000	F#4	66	80	
140	12.011458	C#4	61	68	140	10.625000	C#4	61	80	
141	12.153125	F3	53	65	143	10.750000	F3	53	80	
142	12.161458	F#5	78	97	142	10.750000	F#5	78	80	
143	12.178125	Bb4	70	69	141	10.750000	Bb4	70	80	
144	12.281250	C#4	61	62	144	10.875000	C#4	61	80	
145	12.418750	Eb3	51	64	145	11.000000	Eb3	51	80	
146	12.571875	B3	59	57	146	11.125000	B3	59	80	
147	12.690625	Bb4	70	66	148	11.250000	Bb4	70	80	
148	12.704167	Eb3	51	56	149	11.250000	Eb3	51	80	
149	12.709375	F#4	66	57	147	11.250000	F#4	66	80	
150	12.823958	B3	59	57	150	11.375000	B3	59	80	
151	12.955208	B2	47	62	151	11.500000	B2	47	80	
152	13.078125	B3	59	54	152	11.625000	B3	59	80	
153	13.225000	B2	47	53	155	11.750000	B2	47	80	
154	13.230208	G#4	68	72	153	11.750000	G#4	68	80	
155	13.232292	Eb4	63	64	154	11.750000	Eb4	63	80	
156	13.345833	B3	59	57	157	11.875000	B3	59	80	
157	13.354167	F#4	66	65	156	11.875000	F#4	66	80	
158	13.475000	F3	53	69	158	12.000000	F3	53	80	
159	13.614583	B3	59	69	159	12.125000	B3	59	80	
160	13.742708	G#4	68	83	161	12.250000	G#4	68	80	
161	13.752083	F3	53	70	162	12.250000	F3	53	80	
162	13.752083	D4	62	73	160	12.250000	D4	62	80	
163	13.879167	Eb4	63	66	163	12.375000	Eb4	63	80	
164	13.882292	B3	59	71	165	12.375000	B3	59	80	
165	13.882292	F#4	66	68	164	12.375000	F#4	66	80	
166	14.002083	G#4	68	79	167	12.500000	G#4	68	80	
167	14.014583	Eb3	51	79	168	12.500000	Eb3	51	80	
168	14.020833	F4	65	58	166	12.500000	F4	65	80	
169	14.133333	B3	59	69	169	12.625000	B3	59	80	
170	14.272917	Eb3	51	69	172	12.750000	Eb3	51	80	
171	14.280208	F5	77	89	171	12.750000	F5	77	80	
172	14.293750	G#4	68	70	170	12.750000	G#4	68	80	
173	14.417708	B3	59	68	173	12.875000	B3	59	80	
174	14.547917	D3	50	59	174	13.000000	D3	50	80	
175	14.685417	Bb3	58	60	175	13.125000	Bb3	58	80	
176	14.819792	D3	50	53	178	13.250000	D3	50	80	
177	14.819792	G#4	68	67	177	13.250000	G#4	68	80	
178	14.839583	F4	65	48	176	13.250000	F4	65	80	
179	14.963542	Bb3	58	59	179	13.375000	Bb3	58	80	
180	15.083333	Bb2	46	60	180	13.500000	Bb2	46	80	
181	15.232292	Bb3	58	57	181	13.625000	Bb3	58	80	
182	15.355208	F#4	66	66	182	13.750000	F#4	66	80	
183	15.366667	Bb2	46	50	184	13.750000	Bb2	46	80	
184	15.377083	D4	62	54	183	13.750000	Eb4	63	80	
185	15.468750	Bb3	58	62	186	13.875000	Bb3	58	80	
186	15.484375	F4	65	58	185	13.875000	F4	65	80	
187	15.625000	Eb3	51	67	189	14.000000	Eb3	51	80	
188	15.625000	F#4	66	71	188	14.000000	F#4	66	80	
189	15.646875	Eb4	63	47	187	14.000000	Eb4	63	80	
190	15.751042	F#3	54	65	190	14.125000	F#3	54	80	
191	15.872917	G#3	56	73	191	14.250000	G#3	56	80	
192	16.015625	Bb3	58	74	192	14.375000	Bb3	58	80	
193	16.132292	B3	59	81	193	14.500000	B3	59	80	
194	16.284375	Bb4	70	65	194	14.625000	Bb4	70	80	
195	16.425000	Eb3	51	60	196	14.750000	Eb3	51	80	
196	16.430208	G#4	68	64	195	14.750000	G#4	68	80	
197	16.555208	F#4	66	63	197	14.875000	F#4	66	80	
198	16.686458	F4	65	56	198	15.000000	F4	65	80	
199	16.697917	D3	50	63	199	15.000000	D3	50	80	
200	16.808333	Eb4	63	61	200	15.125000	Eb4	63	80	
201	16.954167	F4	65	61	201	15.250000	F4	65	80	
202	16.959375	B3	59	71	202	15.250000	B3	59	80	
203	17.079167	G#4	68	71	203	15.375000	G#4	68	80	
204	17.229167	Bb3	58	67	205	15.500000	Bb3	58	80	
205	17.229167	G4	67	68	204	15.500000	G4	67	80	
206	17.357292	F4	65	65	206	15.625000	F4	65	80	
207	17.482292	C#3	49	59	208	15.750000	C#3	49	80	
208	17.489583	G4	67	67	207	15.750000	G4	67	80	
209	17.623958	Bb4	70	66	209	15.875000	Bb4	70	80	
210	17.759375	Bb4	70	74	210	16.000000	Bb4	70	80	
211	17.773958	C3	48	53	211	16.000000	C3	48	80	
212	17.879167	Eb3	51	60	212	16.125000	Eb3	51	80	
213	18.031250	F3	53	59	214	16.250000	F3	53	80	
214	18.047917	G#4	68	69	213	16.250000	G#4	68	80	
215	18.158333	G3	55	59	215	16.375000	G3	55	80	
216	18.297917	G#3	56	70	216	16.500000	G#3	56	80	
217	18.420833	F#4	66	63	217	16.625000	F#4	66	80	
218	18.565625	B2	47	69	219	16.750000	B2	47	80	
219	18.572917	E4	64	67	218	16.750000	E4	64	80	
220	18.704167	Eb4	63	66	220	16.875000	Eb4	63	80	
221	18.835417	C#4	61	54	221	17.000000	C#4	61	80	
222	18.846875	Bb2	46	68	222	17.000000	Bb2	46	80	
223	18.990625	C4	60	54	223	17.125000	C4	60	80	
224	19.110417	C#4	61	57	224	17.250000	C#4	61	80	
225	19.117708	G3	55	69	225	17.250000	G3	55	80	
226	19.228125	E4	64	67	226	17.375000	E4	64	80	
227	19.354167	Eb4	63	68	227	17.500000	Eb4	63	80	
228	19.379167	F#3	54	70	228	17.500000	F#3	54	80	
229	19.477083	C#4	61	64	229	17.625000	C#4	61	80	
230	19.630208	Eb4	63	68	230	17.750000	Eb4	63	80	
231	19.637500	A2	45	64	231	17.750000	A2	45	80	
232	19.745833	F#4	66	73	232	17.875000	F#4	66	80	
233	19.888542	F#4	66	65	233	18.000000	F#4	66	80	
234	19.892708	G#2	44	64	234	18.000000	G#2	44	80	
235	20.000000	C3	48	58	235	18.125000	C3	48	80	
236	20.147917	C#3	49	59	237	18.250000	C#3	49	80	
237	20.157292	E4	64	67	236	18.250000	E4	64	80	
238	20.283333	Eb3	51	68	238	18.375000	Eb3	51	80	
239	20.425000	E3	52	71	239	18.500000	E3	52	80	
240	20.536458	Eb4	63	61	240	18.625000	Eb4	63	80	
241	20.673958	C#4	61	58	241	18.750000	C#4	61	80	
242	20.688542	G#2	44	69	242	18.750000	G#2	44	80	
243	20.813542	B3	59	54	243	18.875000	B3	59	80	
244	20.940625	Bb3	58	60	244	19.000000	Bb3	58	80	
245	20.946875	G2	43	67	245	19.000000	G2	43	80	
246	21.078125	G#3	56	63	246	19.125000	G#3	56	80	
247	21.211458	E3	52	69	248	19.250000	E3	52	80	
248	21.222917	Bb3	58	53	247	19.250000	Bb3	58	80	
249	21.322917	C#4	61	54	249	19.375000	C#4	61	80	
250	21.472917	Eb3	51	67	251	19.500000	Eb3	51	80	
251	21.485417	C4	60	60	250	19.500000	C4	60	80	
252	21.594792	Bb3	58	65	252	19.625000	Bb3	58	80	
253	21.736458	F#2	42	61	254	19.750000	F#2	42	80	
254	21.740625	C4	60	56	253	19.750000	C4	60	80	
255	21.851042	Eb4	63	60	255	19.875000	Eb4	63	80	
256	22.004167	F2	41	67	257	20.000000	F2	41	80	
257	22.004167	G#3	56	58	256	20.000000	G#3	56	80	
258	22.119792	G3	55	50	258	20.125000	G3	55	80	
259	22.261458	G#3	56	55	259	20.250000	G#3	56	80	
260	22.270833	D3	50	63	260	20.250000	D3	50	80	
261	22.380208	B3	59	61	261	20.375000	B3	59	80	
262	22.528125	C#3	49	61	263	20.500000	C#3	49	80	
263	22.528125	Bb3	58	57	262	20.500000	Bb3	58	80	
264	22.655208	G#3	56	59	264	20.625000	G#3	56	80	
265	22.798958	Bb3	58	57	265	20.750000	Bb3	58	80	
266	22.807292	E2	40	58	266	20.750000	E2	40	80	
267	22.919792	C#4	61	49	267	20.875000	C#4	61	80	
268	23.077083	Eb2	39	61	269	21.000000	Eb2	39	80	
269	23.084375	G3	55	60	268	21.000000	G3	55	80	
270	23.215625	E4	64	64	270	21.125000	E4	64	80	
271	23.354167	F2	41	64	272	21.250000	F2	41	80	
272	23.358333	Eb4	63	59	271	21.250000	Eb4	63	80	
273	23.479167	C#4	61	62	273	21.375000	C#4	61	80	
274	23.610417	G2	43	66	275	21.500000	G2	43	80	
275	23.616667	Bb4	70	70	274	21.500000	Bb4	70	80	
276	23.748958	C#4	61	61	276	21.625000	C#4	61	80	
277	23.880208	Eb2	39	62	278	21.750000	Eb2	39	80	
278	23.888542	Bb4	70	70	277	21.750000	Bb4	70	80	
279	24.003125	C#4	61	57	279	21.875000	C#4	61	80	
280	24.150000	C4	60	67	280	22.000000	C4	60	80	
281	24.159375	G#2	44	71	281	22.000000	G#2	44	80	
282	24.269792	A4	69	65	282	22.125000	A4	69	80	
283	24.421875	Bb2	46	78	284	22.250000	Bb2	46	80	
284	24.426042	G#4	68	79	283	22.250000	G#4	68	80	
285	24.543750	F#4	66	75	285	22.375000	F#4	66	80	
286	24.681250	Eb5	75	84	286	22.500000	Eb5	75	80	
287	24.689583	C3	48	77	287	22.500000	C3	48	80	
288	24.813542	F#4	66	76	288	22.625000	F#4	66	80	
289	24.953125	Eb5	75	74	289	22.750000	Eb5	75	80	
290	24.961458	G#2	44	69	290	22.750000	G#2	44	80	
291	25.067708	F#4	66	70	291	22.875000	F#4	66	80	
292	25.221875	C#3	49	77	293	23.000000	C#3	49	80	
293	25.221875	F4	65	70	292	23.000000	F4	65	80	
294	25.357292	D4	62	74	294	23.125000	D4	62	80	
295	25.491667	Eb3	51	82	296	23.250000	Eb3	51	80	
296	25.491667	C#4	61	71	295	23.250000	C#4	61	80	
297	25.628125	B3	59	70	297	23.375000	B3	59	80	
298	25.757292	G#4	68	81	298	23.500000	G#4	68	80	
299	25.767708	F3	53	82	299	23.500000	F3	53	80	
300	25.896875	B3	59	72	300	23.625000	B3	59	80	
301	26.038542	G#4	68	73	301	23.750000	G#4	68	80	
302	26.040625	C#3	49	73	302	23.750000	C#3	49	80	
303	26.169792	B3	59	69	303	23.875000	B3	59	80	
304	26.309375	F#3	54	78	305	24.000000	F#3	54	80	
305	26.309375	Bb3	58	79	304	24.000000	Bb3	58	80	
306	26.425000	G4	67	74	306	24.125000	G4	67	80	
307	26.560417	F#4	66	73	307	24.250000	F#4	66	80	
308	26.573958	G#3	56	80	308	24.250000	G#3	56	80	
309	26.695833	E4	64	77	309	24.375000	E4	64	80	
310	26.838542	C#5	73	81	310	24.500000	C#5	73	80	
311	26.851042	Bb3	58	89	311	24.500000	Bb3	58	80	
312	26.983333	E4	64	74	312	24.625000	E4	64	80	
313	27.109375	C#5	73	76	313	24.750000	C#5	73	80	
314	27.121875	F#3	54	77	314	24.750000	F#3	54	80	
315	27.250000	E4	64	68	315	24.875000	E4	64	80	
316	27.386458	B3	59	83	317	25.000000	B3	59	80	
317	27.386458	Eb4	63	72	316	25.000000	Eb4	63	80	
318	27.529167	F#4	66	76	318	25.125000	F#4	66	80	
319	27.642708	G#4	68	77	319	25.250000	G#4	68	80	
320	27.661458	Bb3	58	84	320	25.250000	Bb3	58	80	
321	27.768750	Bb4	70	80	321	25.375000	Bb4	70	80	
322	27.913542	B4	71	86	322	25.500000	B4	71	80	
323	27.920833	G#3	56	86	323	25.500000	G#3	56	80	
324	28.039583	F#4	66	78	324	25.625000	F#4	66	80	
325	28.185417	F4	65	74	325	25.750000	F4	65	80	
326	28.191667	F#3	54	77	326	25.750000	F#3	54	80	
327	28.322917	Eb4	63	70	327	25.875000	Eb4	63	80	
328	28.473958	D4	62	72	328	26.000000	D4	62	80	
329	28.481250	F3	53	81	329	26.000000	F3	53	80	
330	28.606250	B4	71	80	330	26.125000	B4	71	80	
331	28.736458	G#3	56	80	332	26.250000	G#3	56	80	
332	28.750000	Bb4	70	79	331	26.250000	Bb4	70	80	
333	28.877083	G#4	68	90	333	26.375000	G#4	68	80	
334	29.002083	D3	50	72	335	26.500000	D3	50	80	
335	29.004167	F5	77	90	334	26.500000	F5	77	80	
336	29.138542	G#4	68	85	336	26.625000	G#4	68	80	
337	29.282292	Bb2	46	61	338	26.750000	Bb2	46	80	
338	29.282292	F5	77	83	337	26.750000	F5	77	80	
339	29.412500	G#4	68	73	339	26.875000	G#4	68	80	
340	29.547917	F#4	66	69	340	27.000000	F#4	66	80	
341	29.555208	Eb3	51	72	341	27.000000	Eb3	51	80	
342	29.681250	Bb4	70	73	342	27.125000	Bb4	70	80	
343	29.817708	C#3	49	77	344	27.250000	C#3	49	80	
344	29.821875	Eb5	75	79	343	27.250000	Eb5	75	80	
345	29.939583	F5	77	79	345	27.375000	F5	77	80	
346	30.084375	C3	48	83	347	27.500000	C3	48	80	
347	30.084375	F#5	78	95	346	27.500000	F#5	78	80	
348	30.218750	Eb5	75	77	348	27.625000	Eb5	75	80	
349	30.360417	Bb2	46	66	350	27.750000	Bb2	46	80	
350	30.360417	C5	72	76	349	27.750000	C5	72	80	
351	30.494792	Eb5	75	69	351	27.875000	Eb5	75	80	
352	30.625000	C3	48	76	353	28.000000	C3	48	80	
353	30.625000	A4	69	70	352	28.000000	A4	69	80	
354	30.748958	F#5	78	77	354	28.125000	F#5	78	80	
355	30.889583	Eb3	51	82	356	28.250000	Eb3	51	80	
356	30.889583	F5	77	87	355	28.250000	F5	77	80	
357	31.006250	Eb5	75	86	357	28.375000	Eb5	75	80	
358	31.153125	A2	45	70	359	28.500000	A2	45	80	
359	31.153125	C6	84	88	358	28.500000	C6	84	80	
360	31.295833	Eb5	75	82	360	28.625000	Eb5	75	80	
361	31.422917	F2	41	67	362	28.750000	F2	41	80	
362	31.427083	C6	84	84	361	28.750000	C6	84	80	
363	31.561458	Eb5	75	78	363	28.875000	Eb5	75	80	
364	31.717708	D5	74	78	364	29.000000	D5	74	80	
365	31.723958	Bb2	46	80	365	29.000000	Bb2	46	80	
366	31.845833	Eb5	75	82	366	29.125000	Eb5	75	80	
367	31.987500	F5	77	79	367	29.250000	F5	77	80	
368	32.128125	Bb5	82	80	368	29.375000	Bb5	82	80	
369	32.253125	Bb4	70	74	369	29.500000	Bb4	70	80	
370	32.375000	G#4	68	72	370	29.625000	G#4	68	80	
371	32.515625	F#4	66	57	371	29.750000	F#4	66	80	
372	32.660417	F4	65	53	372	29.875000	F4	65	80	
373	32.797917	Eb4	63	65	373	30.000000	Eb4	63	80	
374	32.935417	D5	74	57	374	30.125000	D5	74	80	
375	32.937500	F4	65	57	375	30.125000	F4	65	80	
376	33.047917	Eb5	75	64	376	30.250000	Eb5	75	80	
377	33.057292	F#4	66	66	377	30.250000	F#4	66	80	
378	33.171875	G#4	68	69	379	30.375000	G#4	68	80	
379	33.171875	F5	77	58	378	30.375000	F5	77	80	
380	33.279167	F#5	78	66	380	30.500000	F#5	78	80	
381	33.301042	Bb4	70	64	381	30.500000	Bb4	70	80	
382	33.372917	F5	77	65	382	30.562500	F5	77	80	
383	33.435417	F#4	66	65	384	30.625000	F#4	66	80	
384	33.444792	Eb5	75	68	383	30.625000	Eb5	75	80	
385	33.544792	F4	65	58	387	30.750000	F4	65	80	
386	33.587500	B5	83	74	386	30.750000	B5	83	80	
387	33.600000	G#5	80	60	385	30.750000	G#5	80	80	
388	33.688542	Eb4	63	60	388	30.875000	Eb4	63	80	
389	33.831250	D4	62	56	391	31.000000	D4	62	80	
390	33.851042	B5	83	58	390	31.000000	B5	83	80	
391	33.855208	G#5	80	63	389	31.000000	G#5	80	80	
392	33.984375	Eb4	63	55	392	31.125000	Eb4	63	80	
393	34.115625	F4	65	50	395	31.250000	F4	65	80	
394	34.126042	Bb5	82	65	394	31.250000	Bb5	82	80	
395	34.134375	D5	74	54	393	31.250000	D5	74	80	
396	34.243750	B3	59	60	396	31.375000	B3	59	80	
397	34.386458	Bb3	58	66	397	31.500000	Bb3	58	80	
398	34.511458	G#3	56	68	398	31.625000	G#3	56	80	
399	34.633333	F#3	54	60	399	31.750000	F#3	54	80	
400	34.753125	F3	53	58	400	31.875000	F3	53	80	
401	34.896875	Eb3	51	62	401	32.000000	Eb3	51	80	
402	35.022917	Bb3	58	55	402	32.125000	Bb3	58	80	
403	35.136458	Eb3	51	61	405	32.250000	Eb3	51	80	
404	35.152083	F#5	78	72	404	32.250000	F#5	78	80	
405	35.161458	Eb5	75	60	403	32.250000	Eb5	75	80	
406	35.262500	Bb3	58	56	406	32.375000	Bb3	58	80	
407	35.420833	D3	50	50	409	32.500000	D3	50	80	
408	35.429167	F#5	78	69	408	32.500000	F#5	78	80	
409	35.439583	Eb5	75	50	407	32.500000	Eb5	75	80	
410	35.567708	Bb3	58	49	410	32.625000	Bb3	58	80	
411	35.714583	D3	50	53	413	32.750000	D3	50	80	
412	35.714583	G#5	80	65	412	32.750000	G#5	80	80	
413	35.723958	F5	77	47	411	32.750000	F5	77	80	
414	35.843750	Bb3	58	54	414	32.875000	Bb3	58	80	
415	35.978125	Eb3	51	57	415	33.000000	Eb3	51	80	
416	36.120833	Bb3	58	55	416	33.125000	Bb3	58	80	
417	36.223958	Eb3	51	53	419	33.250000	Eb3	51	80	
418	36.230208	F#5	78	74	418	33.250000	F#5	78	80	
419	36.251042	Eb5	75	53	417	33.250000	Eb5	75	80	
420	36.371875	Bb3	58	48	420	33.375000	Bb3	58	80	
421	36.477083	F#5	78	65	422	33.500000	F#5	78	80	
422	36.486458	Bb2	46	48	423	33.500000	Bb2	46	80	
423	36.500000	Eb5	75	38	421	33.500000	Eb5	75	80	
424	36.626042	G#3	56	52	424	33.625000	Bb3	58	80	
425	36.758333	Bb2	46	45	427	33.750000	Bb2	46	80	
426	36.769792	F5	77	67	426	33.750000	F5	77	80	
427	36.781250	D5	74	43	425	33.750000	D5	74	80	
428	36.894792	G#3	56	48	428	33.875000	Bb3	58	80	
429	37.028125	B2	47	59	429	34.000000	B2	47	80	
430	37.181250	F#3	54	46	430	34.125000	F#3	54	80	
431	37.295833	B2	47	54	432	34.250000	B2	47	80	
432	37.302083	Eb5	75	70	431	34.250000	Eb5	75	80	
433	37.425000	F#3	54	48	433	34.375000	F#3	54	80	
434	37.555208	Eb5	75	64	*	-1	*	-1	-1	
435	37.570833	Bb2	46	48	436	34.500000	Bb2	46	80	
436	37.625000	E5	76	78	437	34.531250	E5	76	80	
437	37.689583	F#3	54	53	443	34.625000	F#3	54	80	
438	37.689583	Eb5	75	64	434	34.500000	Eb5	75	80	
439	37.763542	D5	74	66	442	34.625000	D5	74	80	
440	37.825000	Eb5	75	65	444	34.750000	Eb5	75	80	
441	37.829167	Bb2	46	49	445	34.750000	Bb2	46	80	
442	37.973958	F#3	54	52	446	34.875000	F#3	54	80	
443	38.125000	B2	47	57	447	35.000000	B2	47	80	
444	38.276042	F#3	54	47	448	35.125000	F#3	54	80	
445	38.395833	B2	47	52	450	35.250000	B2	47	80	
446	38.395833	Eb5	75	74	449	35.250000	Eb5	75	80	
447	38.521875	F#3	54	56	451	35.375000	F#3	54	80	
448	38.671875	C#5	73	75	452	35.500000	C#5	73	80	
449	38.676042	G2	43	54	453	35.500000	G2	43	80	
450	38.791667	E3	52	59	455	35.625000	E3	52	80	
451	38.808333	B4	71	70	454	35.625000	B4	71	80	
452	38.939583	G2	43	59	457	35.750000	G2	43	80	
453	38.939583	C#5	73	80	456	35.750000	C#5	73	80	
454	39.067708	E3	52	60	459	35.875000	E3	52	80	
455	39.068750	Bb5	82	76	458	35.875000	Bb5	82	80	
456	39.213542	G#2	44	67	461	36.000000	G#2	44	80	
457	39.213542	B4	71	86	460	36.000000	B4	71	80	
458	39.346875	Eb3	51	64	462	36.125000	Eb3	51	80	
459	39.475000	G#2	44	60	464	36.250000	G#2	44	80	
460	39.483333	Eb4	63	75	463	36.250000	Eb4	63	80	
461	39.619792	Eb3	51	58	465	36.375000	Eb3	51	80	
462	39.741667	Eb4	63	69	*	-1	*	-1	-1	
463	39.746875	C#5	73	80	466	36.500000	C#5	73	80	
464	39.753125	G2	43	65	469	36.500000	G2	43	80	
465	39.829167	E4	64	69	470	36.531250	E4	64	80	
466	39.869792	Eb3	51	66	*	-1	*	-1	-1	
467	39.890625	Eb4	63	70	467	36.500000	Eb4	63	80	
468	39.966667	D4	62	72	475	36.625000	D4	62	80	
469	40.002083	G2	43	56	478	36.750000	G2	43	80	
470	40.027083	Eb4	63	69	477	36.750000	Eb4	63	80	
471	40.141667	Eb3	51	58	479	36.875000	Eb3	51	80	
472	40.280208	B4	71	84	480	37.000000	B4	71	80	
473	40.295833	G#2	44	69	481	37.000000	G#2	44	80	
474	40.430208	Eb3	51	63	482	37.125000	Eb3	51	80	
475	40.540625	E4	64	65	483	37.250000	E4	64	80	
476	40.545833	G#2	44	65	484	37.250000	G#2	44	80	
477	40.598958	Eb4	63	58	485	37.312500	Eb4	63	80	
478	40.677083	Eb3	51	61	487	37.375000	Eb3	51	80	
479	40.706250	C#4	61	63	486	37.375000	D4	62	80	
480	40.814583	F#2	42	59	490	37.500000	F#2	42	80	
481	40.825000	Bb4	70	75	488	37.500000	Bb4	70	80	
482	40.841667	Eb4	63	64	489	37.500000	Eb4	63	80	
483	40.963542	Eb3	51	55	491	37.625000	Eb3	51	80	
484	41.108333	Eb5	75	68	492	37.750000	Eb5	75	80	
485	41.110417	F#2	42	48	493	37.750000	F#2	42	80	
486	41.239583	Eb3	51	53	494	37.875000	Eb3	51	80	
487	41.385417	G#4	68	78	495	38.000000	G#4	68	80	
488	41.392708	F2	41	59	496	38.000000	F2	41	80	
489	41.525000	Eb3	51	58	497	38.125000	Eb3	51	80	
490	41.673958	D3	50	57	499	38.250000	D3	50	80	
491	41.673958	F5	77	81	498	38.250000	F5	77	80	
492	41.797917	C3	48	59	501	38.375000	C3	48	80	
493	41.798958	Eb5	75	76	500	38.375000	Eb5	75	80	
494	41.940625	F5	77	79	502	38.500000	F5	77	80	
495	41.950000	D3	50	62	503	38.500000	D3	50	80	
496	42.085417	G#3	56	57	504	38.625000	G#3	56	80	
497	42.212500	G#5	80	79	505	38.750000	G#5	80	80	
498	42.229167	F3	53	57	506	38.750000	F3	53	80	
499	42.356250	G#3	56	55	507	38.875000	G#3	56	80	
500	42.489583	Bb2	46	58	509	39.000000	Bb2	46	80	
501	42.494792	D5	74	81	508	39.000000	D5	74	80	
502	42.607292	Bb4	70	75	*	-1	*	-1	-1	
503	42.634375	G#3	56	53	510	39.125000	Bb3	58	80	
504	42.743750	F5	77	85	511	39.250000	F5	77	80	
505	42.753125	G#4	68	70	*	-1	*	-1	-1	
506	42.757292	C3	48	68	512	39.250000	C3	48	80	
507	42.882292	F#4	66	78	513	39.375000	F#4	66	80	
508	42.896875	G#3	56	59	514	39.375000	Bb3	58	80	
509	43.021875	D3	50	56	517	39.500000	D3	50	80	
510	43.021875	Bb4	70	69	515	39.500000	Bb4	70	80	
511	43.029167	F4	65	54	516	39.500000	F4	65	80	
512	43.147917	Eb4	63	61	518	39.625000	Eb4	63	80	
513	43.172917	G#3	56	51	519	39.625000	Bb3	58	80	
514	43.285417	Bb2	46	55	521	39.750000	Bb2	46	80	
515	43.298958	F4	65	54	520	39.750000	F4	65	80	
516	43.419792	D4	62	57	522	39.875000	D4	62	80	
517	43.437500	G#3	56	52	523	39.875000	G#3	56	80	
518	43.554167	Eb4	63	58	524	40.000000	Eb4	63	80	
519	43.558333	Eb3	51	65	525	40.000000	Eb3	51	80	
520	43.686458	F#3	54	64	526	40.125000	F#3	54	80	
521	43.834375	Bb4	70	80	527	40.250000	Bb4	70	80	
522	43.839583	Eb3	51	71	529	40.250000	Eb3	51	80	
523	43.839583	F#4	66	69	528	40.250000	F#4	66	80	
524	43.962500	F#3	54	69	532	40.375000	F#3	54	80	
525	43.967708	G#4	68	79	530	40.375000	G#4	68	80	
526	43.971875	F4	65	60	531	40.375000	F4	65	80	
527	44.084375	C#3	49	68	535	40.500000	C#3	49	80	
528	44.086458	Bb4	70	82	533	40.500000	Bb4	70	80	
529	44.093750	F#4	66	67	534	40.500000	F#4	66	80	
530	44.226042	Bb3	58	73	536	40.625000	Bb3	58	80	
531	44.383333	C#3	49	67	539	40.750000	C#3	49	80	
532	44.383333	F#5	78	92	537	40.750000	F#5	78	80	
533	44.402083	Bb4	70	73	538	40.750000	Bb4	70	80	
534	44.517708	Bb3	58	66	540	40.875000	Bb3	58	80	
535	44.654167	C3	48	64	541	41.000000	C3	48	80	
536	44.795833	G#3	56	59	542	41.125000	G#3	56	80	
537	44.936458	C3	48	50	545	41.250000	C3	48	80	
538	44.938542	Eb5	75	75	543	41.250000	Eb5	75	80	
539	44.947917	F#4	66	61	544	41.250000	F#4	66	80	
540	45.070833	G#3	56	54	546	41.375000	G#3	56	80	
541	45.200000	G#2	44	58	547	41.500000	G#2	44	80	
542	45.338542	G#3	56	57	548	41.625000	G#3	56	80	
543	45.464583	G#2	44	62	551	41.750000	G#2	44	80	
544	45.479167	C5	72	69	549	41.750000	C5	72	80	
545	45.487500	F4	65	52	550	41.750000	F4	65	80	
546	45.598958	Eb4	63	56	552	41.875000	Eb4	63	80	
547	45.628125	F#3	54	52	553	41.875000	F#3	54	80	
548	45.733333	C#3	49	58	554	42.000000	C#3	49	80	
549	45.851042	F3	53	56	555	42.125000	F3	53	80	
550	45.994792	G#4	68	73	556	42.250000	G#4	68	80	
551	46.000000	C#3	49	55	558	42.250000	C#3	49	80	
552	46.013542	F4	65	51	557	42.250000	F4	65	80	
553	46.116667	F#4	66	67	559	42.375000	F#4	66	80	
554	46.139583	Eb4	63	45	560	42.375000	Eb4	63	80	
555	46.144792	F3	53	55	561	42.375000	F3	53	80	
556	46.236458	F4	65	62	563	42.500000	F4	65	80	
557	46.245833	G#4	68	69	562	42.500000	G#4	68	80	
558	46.268750	C3	48	63	564	42.500000	C3	48	80	
559	46.544792	C3	48	52	568	42.750000	C3	48	80	
560	46.544792	F5	77	77	566	42.750000	F5	77	80	
561	46.558333	G#4	68	59	567	42.750000	G#4	68	80	
562	46.662500	G#3	56	57	569	42.875000	G#3	56	80	
563	46.811458	Bb2	46	62	570	43.000000	Bb2	46	80	
564	46.942708	F#3	54	55	571	43.125000	F#3	54	80	
565	47.093750	C#5	73	73	572	43.250000	C#5	73	80	
566	47.102083	Bb2	46	47	574	43.250000	Bb2	46	80	
567	47.102083	F4	65	59	573	43.250000	F4	65	80	
568	47.214583	F#3	54	59	575	43.375000	F#3	54	80	
569	47.358333	F#2	42	60	576	43.500000	F#2	42	80	
570	47.515625	F#3	54	50	577	43.625000	F#3	54	80	
571	47.618750	Bb4	70	57	578	43.750000	Bb4	70	80	
572	47.623958	F#2	42	54	580	43.750000	F#2	42	80	
573	47.632292	Eb4	63	51	579	43.750000	Eb4	63	80	
574	47.748958	D4	62	60	581	43.875000	D4	62	80	
575	47.775000	F3	53	57	582	43.875000	F3	53	80	
576	47.895833	C3	48	62	583	44.000000	C3	48	80	
577	48.036458	Eb3	51	57	584	44.125000	Eb3	51	80	
578	48.167708	A4	69	48	585	44.250000	A4	69	80	
579	48.177083	F#4	66	58	586	44.250000	F#4	66	80	
580	48.184375	C3	48	51	587	44.250000	C3	48	80	
581	48.294792	F4	65	56	588	44.375000	F4	65	80	
582	48.298958	Eb3	51	62	589	44.375000	Eb3	51	80	
583	48.433333	Bb4	70	63	590	44.500000	Bb4	70	80	
584	48.435417	F#4	66	68	591	44.500000	F#4	66	80	
585	48.440625	Bb2	46	59	592	44.500000	Bb2	46	80	
586	48.566667	Eb4	63	66	593	44.625000	Eb4	63	80	
587	48.575000	F#3	54	61	594	44.625000	F#3	54	80	
588	48.714583	Bb2	46	69	597	44.750000	Bb2	46	80	
589	48.719792	C5	72	72	596	44.750000	C5	72	80	
590	48.719792	Eb5	75	79	595	44.750000	Eb5	75	80	
591	48.842708	F#3	54	75	598	44.875000	F#3	54	80	
592	48.979167	A2	45	73	599	45.000000	A2	45	80	
593	49.110417	F3	53	71	600	45.125000	F3	53	80	
594	49.225000	Eb5	75	83	601	45.250000	Eb5	75	80	
595	49.233333	C5	72	75	602	45.250000	C5	72	80	
596	49.243750	A2	45	68	603	45.250000	A2	45	80	
597	49.344792	Bb4	70	75	604	45.375000	Bb4	70	80	
598	49.369792	F3	53	77	605	45.375000	F3	53	80	
599	49.488542	F2	41	76	608	45.500000	F2	41	80	
600	49.495833	D5	74	82	606	45.500000	D5	74	80	
601	49.504167	B4	71	66	607	45.500000	B4	71	80	
602	49.610417	G#4	68	71	609	45.625000	G4	67	80	
603	49.623958	F3	53	72	610	45.625000	F3	53	80	
604	49.772917	F2	41	75	613	45.750000	F2	41	80	
605	49.772917	B5	83	90	611	45.750000	B5	83	80	
606	49.777083	G#5	80	87	612	45.750000	G#5	80	80	
607	49.897917	Eb3	51	66	614	45.875000	Eb3	51	80	
608	50.065625	Bb5	82	90	615	46.000000	Bb5	82	80	
609	50.071875	D3	50	61	616	46.000000	D3	50	80	
610	50.182292	Bb2	46	56	617	46.125000	Bb2	46	80	
611	50.327083	Eb3	51	67	619	46.250000	Eb3	51	80	
612	50.343750	F#5	78	58	618	46.250000	F#5	78	80	
613	50.407292	F5	77	61	620	46.312500	F5	77	80	
614	50.480208	F#3	54	61	622	46.375000	F#3	54	80	
615	50.486458	Eb5	75	70	621	46.375000	Eb5	75	80	
616	50.631250	D5	74	73	623	46.500000	D5	74	80	
617	50.645833	Bb3	58	64	624	46.500000	Bb3	58	80	
618	50.771875	Bb5	82	70	625	46.625000	Bb5	82	80	
619	50.923958	F5	77	74	626	46.750000	F5	77	80	
620	50.938542	Bb2	46	47	627	46.750000	Bb2	46	80	
621	51.056250	G#5	80	69	628	46.875000	G#5	80	80	
622	51.264583	Eb2	39	48	630	47.000000	Eb2	39	80	
623	51.321875	G#5	80	67	629	47.000000	G#5	80	80	
624	51.726042	Eb5	75	43	632	47.250000	Eb5	75	80	
625	51.726042	G5	79	60	631	47.250000	G5	79	80	
626	51.904167	G2	43	39	633	47.375000	G2	43	80	
627	52.015625	Bb2	46	45	634	47.437500	Bb2	46	80	
628	52.130208	Eb3	51	51	635	47.500000	Eb3	51	80	
629	52.701042	Eb5	75	54	636	48.000000	Eb5	75	80	
630	52.841667	F5	77	65	637	48.125000	F5	77	80	
631	52.968750	Eb3	51	51	639	48.250000	Eb3	51	80	
632	52.968750	G5	79	70	638	48.250000	G5	79	80	
633	53.097917	F3	53	62	641	48.375000	F3	53	80	
634	53.097917	G#5	80	76	640	48.375000	G#5	80	80	
635	53.210417	G3	55	78	643	48.500000	G3	55	80	
636	53.217708	Bb5	82	77	642	48.500000	Bb5	82	80	
637	53.354167	E5	76	68	644	48.625000	E5	76	80	
638	53.488542	Bb3	58	78	646	48.750000	Bb3	58	80	
639	53.500000	Eb5	75	73	645	48.750000	Eb5	75	80	
640	53.620833	C#5	73	71	647	48.875000	C#5	73	80	
641	53.767708	Eb4	63	84	649	49.000000	Eb4	63	80	
642	53.779167	C5	72	64	648	49.000000	C5	72	80	
643	53.898958	C#5	73	71	650	49.125000	C#5	73	80	
644	54.047917	Eb5	75	67	651	49.250000	Eb5	75	80	
645	54.054167	C#4	61	71	652	49.250000	C#4	61	80	
646	54.175000	A4	69	62	653	49.375000	A4	69	80	
647	54.327083	C4	60	69	655	49.500000	C4	60	80	
648	54.327083	G#4	68	66	654	49.500000	G#4	68	80	
649	54.459375	F#4	66	58	656	49.625000	F#4	66	80	
650	54.605208	E4	64	59	657	49.750000	E4	64	80	
651	54.608333	G#3	56	69	658	49.750000	G#3	56	80	
652	54.743750	Eb4	63	65	659	49.875000	Eb4	63	80	
653	54.885417	C#4	61	74	661	50.000000	C#4	61	80	
654	54.887500	E4	64	71	660	50.000000	E4	64	80	
655	55.015625	C#5	73	70	662	50.125000	C#5	73	80	
656	55.156250	C#3	49	65	664	50.250000	C#3	49	80	
657	55.167708	E4	64	71	663	50.250000	E4	64	80	
658	55.286458	C#5	73	73	665	50.375000	C#5	73	80	
659	55.423958	B2	47	75	667	50.500000	B2	47	80	
660	55.441667	F4	65	69	666	50.500000	F4	65	80	
661	55.559375	D5	74	72	668	50.625000	D5	74	80	
662	55.702083	B3	59	82	670	50.750000	B3	59	80	
663	55.710417	F4	65	65	669	50.750000	F4	65	80	
664	55.823958	D5	74	69	671	50.875000	D5	74	80	
665	55.975000	C#5	73	76	672	51.000000	C#5	73	80	
666	55.979167	A3	57	80	673	51.000000	A3	57	80	
667	56.108333	A4	69	62	674	51.125000	A4	69	80	
668	56.258333	G#4	68	73	675	51.250000	G#4	68	80	
669	56.263542	A2	45	72	676	51.250000	A2	45	80	
670	56.395833	F#4	66	66	677	51.375000	F#4	66	80	
671	56.533333	G#2	44	74	679	51.500000	G#2	44	80	
672	56.548958	F4	65	62	678	51.500000	F4	65	80	
673	56.672917	D5	74	70	680	51.625000	D5	74	80	
674	56.810417	G#3	56	82	682	51.750000	G#3	56	80	
675	56.810417	C#5	73	72	681	51.750000	C#5	73	80	
676	56.943750	B4	71	66	683	51.875000	B4	71	80	
677	57.091667	F#3	54	79	685	52.000000	F#3	54	80	
678	57.091667	Bb4	70	73	684	52.000000	Bb4	70	80	
679	57.214583	B4	71	71	686	52.125000	B4	71	80	
680	57.360417	C#5	73	76	687	52.250000	C#5	73	80	
681	57.364583	F#2	42	72	688	52.250000	F#2	42	80	
682	57.491667	Eb5	75	73	689	52.375000	Eb5	75	80	
683	57.640625	C#3	49	76	691	52.500000	C#3	49	80	
684	57.644792	E5	76	72	690	52.500000	E5	76	80	
685	57.768750	B4	71	74	692	52.625000	B4	71	80	
686	57.906250	E3	52	75	694	52.750000	E3	52	80	
687	57.913542	A4	69	70	693	52.750000	A4	69	80	
688	58.042708	G#4	68	73	695	52.875000	G#4	68	80	
689	58.180208	Bb2	46	75	697	53.000000	Bb2	46	80	
690	58.191667	G4	67	61	696	53.000000	G4	67	80	
691	58.319792	G#4	68	69	698	53.125000	G#4	68	80	
692	58.452083	C#3	49	70	700	53.250000	C#3	49	80	
693	58.459375	Bb4	70	66	699	53.250000	Bb4	70	80	
694	58.582292	E4	64	68	701	53.375000	E4	64	80	
695	58.715625	G2	43	63	703	53.500000	G2	43	80	
696	58.722917	Eb4	63	66	702	53.500000	Eb4	63	80	
697	58.857292	C#4	61	53	704	53.625000	C#4	61	80	
698	58.983333	Eb3	51	65	706	53.750000	Eb3	51	80	
699	58.997917	B3	59	54	705	53.750000	B3	59	80	
700	59.128125	Bb3	58	63	707	53.875000	Bb3	58	80	
701	59.256250	G#3	56	70	709	54.000000	G#3	56	80	
702	59.266667	B3	59	66	708	54.000000	B3	59	80	
703	59.397917	G#4	68	62	710	54.125000	G#4	68	80	
704	59.531250	G#2	44	55	712	54.250000	G#2	44	80	
705	59.545833	B3	59	63	711	54.250000	B3	59	80	
706	59.655208	G#4	68	69	713	54.375000	G#4	68	80	
707	59.800000	F#2	42	64	715	54.500000	F#2	42	80	
708	59.813542	C4	60	68	714	54.500000	C4	60	80	
709	59.934375	A4	69	63	716	54.625000	A4	69	80	
710	60.060417	F#3	54	74	718	54.750000	F#3	54	80	
711	60.075000	C4	60	70	717	54.750000	C4	60	80	
712	60.184375	A4	69	71	719	54.875000	A4	69	80	
713	60.332292	G#4	68	76	720	55.000000	G#4	68	80	
714	60.343750	E3	52	76	721	55.000000	E3	52	80	
715	60.468750	E4	64	70	722	55.125000	E4	64	80	
716	60.607292	E2	40	68	724	55.250000	E2	40	80	
717	60.609375	Eb4	63	72	723	55.250000	Eb4	63	80	
718	60.720833	C#4	61	72	725	55.375000	C#4	61	80	
719	60.870833	Eb2	39	86	727	55.500000	Eb2	39	80	
720	60.870833	C4	60	70	726	55.500000	C4	60	80	
721	60.990625	A4	69	74	728	55.625000	A4	69	80	
722	61.150000	Eb3	51	86	730	55.750000	Eb3	51	80	
723	61.150000	G#4	68	74	729	55.750000	G#4	68	80	
724	61.266667	F#4	66	73	731	55.875000	F#4	66	80	
725	61.409375	C#3	49	83	733	56.000000	C#3	49	80	
726	61.418750	F4	65	70	732	56.000000	F4	65	80	
727	61.547917	F#4	66	75	734	56.125000	F#4	66	80	
728	61.678125	G#4	68	78	735	56.250000	G#4	68	80	
729	61.682292	C#2	37	73	736	56.250000	C#2	37	80	
730	61.809375	A4	69	76	737	56.375000	Bb4	70	80	
731	61.951042	B4	71	80	738	56.500000	B4	71	80	
732	62.072917	C#4	61	74	740	56.625000	C#4	61	80	
733	62.080208	D5	74	79	739	56.625000	D5	74	80	
734	62.200000	Eb4	63	78	742	56.750000	Eb4	63	80	
735	62.216667	C#5	73	82	741	56.750000	C#5	73	80	
736	62.328125	F4	65	69	744	56.875000	F4	65	80	
737	62.353125	B4	71	72	743	56.875000	B4	71	80	
738	62.476042	F#4	66	85	746	57.000000	F#4	66	80	
739	62.500000	Bb4	70	80	745	57.000000	Bb4	70	80	
740	62.622917	B4	71	66	747	57.125000	B4	71	80	
741	62.770833	F#3	54	81	749	57.250000	F#3	54	80	
742	62.775000	C#5	73	77	748	57.250000	C#5	73	80	
743	62.904167	G#4	68	81	750	57.375000	G#4	68	80	
744	63.037500	F#4	66	71	751	57.500000	F#4	66	80	
745	63.168750	E4	64	71	752	57.625000	E4	64	80	
746	63.190625	F#3	54	73	753	57.625000	F#3	54	80	
747	63.306250	Eb4	63	72	754	57.750000	Eb4	63	80	
748	63.310417	G#3	56	79	755	57.750000	G#3	56	80	
749	63.432292	C#4	61	66	756	57.875000	C#4	61	80	
750	63.443750	Bb3	58	71	757	57.875000	Bb3	58	80	
751	63.578125	B3	59	87	759	58.000000	B3	59	80	
752	63.578125	Eb4	63	70	758	58.000000	Eb4	63	80	
753	63.709375	E4	64	67	760	58.125000	E4	64	80	
754	63.848958	F#4	66	74	761	58.250000	F#4	66	80	
755	63.866667	B2	47	68	762	58.250000	B2	47	80	
756	63.975000	G#4	68	76	763	58.375000	G#4	68	80	
757	64.125000	A4	69	72	764	58.500000	A4	69	80	
758	64.261458	B2	47	66	766	58.625000	B2	47	80	
759	64.261458	C#5	73	78	765	58.625000	C#5	73	80	
760	64.387500	C#3	49	68	768	58.750000	C#3	49	80	
761	64.391667	B4	71	74	767	58.750000	B4	71	80	
762	64.521875	Eb3	51	74	770	58.875000	Eb3	51	80	
763	64.526042	A4	69	70	769	58.875000	A4	69	80	
764	64.665625	G#4	68	74	771	59.000000	G#4	68	80	
765	64.669792	E3	52	78	772	59.000000	E3	52	80	
766	64.806250	A4	69	66	773	59.125000	A4	69	80	
767	64.944792	E2	40	55	775	59.250000	E2	40	80	
768	64.944792	B4	71	67	774	59.250000	B4	71	80	
769	65.062500	F#4	66	62	776	59.375000	F#4	66	80	
770	65.216667	E4	64	70	777	59.500000	E4	64	80	
771	65.343750	D4	62	68	778	59.625000	D4	62	80	
772	65.371875	E2	40	54	779	59.625000	E2	40	80	
773	65.471875	F#2	42	65	781	59.750000	F#2	42	80	
774	65.473958	C#4	61	57	780	59.750000	C#4	61	80	
775	65.603125	B3	59	55	782	59.875000	B3	59	80	
776	65.613542	G#2	44	58	783	59.875000	G#2	44	80	
777	65.753125	A2	45	60	785	60.000000	A2	45	80	
778	65.753125	C#4	61	65	784	60.000000	C#4	61	80	
779	65.869792	E3	52	64	786	60.125000	E3	52	80	
780	66.014583	A4	69	74	788	60.250000	A4	69	80	
781	66.021875	A2	45	59	789	60.250000	A2	45	80	
782	66.023958	C#4	61	53	787	60.250000	C#4	61	80	
783	66.155208	E3	52	55	790	60.375000	E3	52	80	
784	66.279167	A4	69	63	792	60.500000	A4	69	80	
785	66.288542	G#2	44	58	793	60.500000	G#2	44	80	
786	66.295833	C#4	61	55	791	60.500000	C#4	61	80	
787	66.426042	E3	52	55	794	60.625000	E3	52	80	
788	66.567708	B4	71	70	796	60.750000	B4	71	80	
789	66.571875	D4	62	46	795	60.750000	D4	62	80	
790	66.577083	G#2	44	57	797	60.750000	G#2	44	80	
791	66.722917	E3	52	52	798	60.875000	E3	52	80	
792	66.852083	A2	45	51	799	61.000000	A2	45	80	
793	66.994792	E3	52	54	800	61.125000	E3	52	80	
794	67.104167	A4	69	60	802	61.250000	A4	69	80	
795	67.108333	C#4	61	52	801	61.250000	C#4	61	80	
796	67.142708	A2	45	46	803	61.250000	A2	45	80	
797	67.241667	E3	52	53	804	61.375000	E3	52	80	
798	67.361458	G#4	68	66	806	61.500000	G#4	68	80	
799	67.380208	F2	41	48	807	61.500000	F2	41	80	
800	67.382292	B3	59	52	805	61.500000	B3	59	80	
801	67.515625	D3	50	47	808	61.625000	D3	50	80	
802	67.641667	F2	41	54	809	61.750000	F2	41	80	
803	67.763542	D3	50	52	810	61.875000	D3	50	80	
804	67.913542	F#2	42	63	811	62.000000	F#2	42	80	
805	68.038542	C#3	49	65	812	62.125000	C#3	49	80	
806	68.160417	F#4	66	73	814	62.250000	F#4	66	80	
807	68.165625	A3	57	70	813	62.250000	A3	57	80	
808	68.167708	F#2	42	66	815	62.250000	F#2	42	80	
809	68.279167	G#4	68	75	817	62.375000	G#4	68	80	
810	68.286458	C#3	49	68	818	62.375000	C#3	49	80	
811	68.293750	B3	59	77	816	62.375000	B3	59	80	
812	68.413542	A4	69	78	820	62.500000	A4	69	80	
813	68.418750	C#4	61	77	819	62.500000	C#4	61	80	
814	68.427083	E2	40	61	821	62.500000	E2	40	80	
815	68.557292	C#3	49	56	822	62.625000	C#3	49	80	
816	68.693750	C#5	73	79	824	62.750000	C#5	73	80	
817	68.697917	E2	40	47	825	62.750000	E2	40	80	
818	68.701042	G#4	68	65	823	62.750000	G#4	68	80	
819	68.836458	C#3	49	63	826	62.875000	C#3	49	80	
820	68.973958	Eb2	39	66	827	63.000000	Eb2	39	80	
821	69.076042	G2	43	62	828	63.125000	G2	43	80	
822	69.222917	Bb2	46	63	831	63.250000	Bb2	46	80	
823	69.242708	E5	76	78	830	63.250000	E5	76	80	
824	69.257292	G4	67	57	829	63.250000	G4	67	80	
825	69.363542	C#3	49	58	832	63.375000	C#3	49	80	
826	69.520833	B2	47	56	835	63.500000	B2	47	80	
827	69.520833	Eb5	75	76	834	63.500000	Eb5	75	80	
828	69.526042	G#4	68	58	833	63.500000	G#4	68	80	
829	69.633333	Bb2	46	61	836	63.625000	Bb2	46	80	
830	69.777083	G#2	44	52	839	63.750000	G#2	44	80	
831	69.796875	C#5	73	72	838	63.750000	C#5	73	80	
832	69.820833	Bb4	70	52	837	63.750000	Bb4	70	80	
833	69.930208	G2	43	52	840	63.875000	G2	43	80	
834	70.092708	G#2	44	73	841	64.000000	G#2	44	80	
835	70.205208	Eb3	51	61	842	64.125000	Eb3	51	80	
836	70.344792	B4	71	76	844	64.250000	B4	71	80	
837	70.358333	G#2	44	66	845	64.250000	G#2	44	80	
838	70.366667	G#4	68	50	843	64.250000	G#4	68	80	
839	70.461458	G4	67	54	846	64.375000	G4	67	80	
840	70.478125	Bb4	70	69	847	64.375000	Bb4	70	80	
841	70.485417	Eb3	51	69	848	64.375000	Eb3	51	80	
842	70.605208	F#2	42	73	851	64.500000	F#2	42	80	
843	70.612500	G#4	68	71	849	64.500000	G#4	68	80	
844	70.612500	B4	71	81	850	64.500000	B4	71	80	
845	70.730208	Eb3	51	66	852	64.625000	Eb3	51	80	
846	70.882292	F#2	42	63	855	64.750000	F#2	42	80	
847	70.890625	Eb5	75	81	854	64.750000	Eb5	75	80	
848	70.895833	Bb4	70	64	853	64.750000	Bb4	70	80	
849	71.015625	Eb3	51	71	856	64.875000	Eb3	51	80	
850	71.163542	F2	41	72	857	65.000000	F2	41	80	
851	71.309375	A2	45	68	858	65.125000	A2	45	80	
852	71.432292	F#5	78	93	860	65.250000	F#5	78	80	
853	71.436458	C3	48	69	861	65.250000	C3	48	80	
854	71.454167	A4	69	59	859	65.250000	A4	69	80	
855	71.554167	Eb3	51	68	862	65.375000	Eb3	51	80	
856	71.720833	C#3	49	66	865	65.500000	C#3	49	80	
857	71.728125	F5	77	85	864	65.500000	F5	77	80	
858	71.732292	Bb4	70	67	863	65.500000	Bb4	70	80	
859	71.850000	C3	48	66	866	65.625000	C3	48	80	
860	71.996875	Bb2	46	71	869	65.750000	Bb2	46	80	
861	72.006250	C5	72	74	867	65.750000	C5	72	80	
862	72.006250	Eb5	75	77	868	65.750000	Eb5	75	80	
863	72.134375	A2	45	64	870	65.875000	A2	45	80	
864	72.284375	Bb2	46	74	873	66.000000	Bb2	46	80	
865	72.290625	D5	74	87	872	66.000000	D5	74	80	
866	72.305208	F4	65	65	871	66.000000	F4	65	80	
867	72.443750	B4	71	62	874	66.125000	B4	71	80	
868	72.566667	C3	48	67	876	66.250000	C3	48	80	
869	72.576042	Bb4	70	70	875	66.250000	Bb4	70	80	
870	72.697917	G#4	68	69	877	66.375000	G#4	68	80	
871	72.840625	F5	77	78	878	66.500000	F5	77	80	
872	72.843750	D3	50	73	879	66.500000	D3	50	80	
873	72.992708	G#4	68	71	880	66.625000	G#4	68	80	
874	73.119792	Bb2	46	58	882	66.750000	Bb2	46	80	
875	73.129167	F5	77	67	881	66.750000	F5	77	80	
876	73.244792	G#4	68	66	883	66.875000	G#4	68	80	
877	73.393750	Eb3	51	66	885	67.000000	Eb3	51	80	
878	73.412500	G4	67	65	884	67.000000	G4	67	80	
879	73.527083	E5	76	67	886	67.125000	E5	76	80	
880	73.675000	F3	53	79	888	67.250000	F3	53	80	
881	73.675000	Eb5	75	74	887	67.250000	Eb5	75	80	
882	73.817708	C#5	73	76	889	67.375000	C#5	73	80	
883	73.948958	Bb5	82	79	890	67.500000	Bb5	82	80	
884	73.961458	G3	55	87	891	67.500000	G3	55	80	
885	74.075000	C#5	73	77	892	67.625000	C#5	73	80	
886	74.222917	Bb5	82	73	893	67.750000	Bb5	82	80	
887	74.226042	Eb3	51	72	894	67.750000	Eb3	51	80	
888	74.341667	C#5	73	68	895	67.875000	C#5	73	80	
889	74.483333	G#3	56	75	897	68.000000	G#3	56	80	
890	74.488542	C5	72	72	896	68.000000	C5	72	80	
891	74.618750	A4	69	65	898	68.125000	A4	69	80	
892	74.760417	G#4	68	73	899	68.250000	G#4	68	80	
893	74.765625	Bb3	58	84	900	68.250000	Bb3	58	80	
894	74.893750	F#4	66	79	901	68.375000	F#4	66	80	
895	75.041667	C4	60	88	903	68.500000	C4	60	80	
896	75.041667	Eb5	75	84	902	68.500000	Eb5	75	80	
897	75.176042	F#4	66	81	904	68.625000	F#4	66	80	
898	75.321875	Eb5	75	86	905	68.750000	Eb5	75	80	
899	75.323958	G#3	56	84	906	68.750000	G#3	56	80	
900	75.440625	F#4	66	80	907	68.875000	F#4	66	80	
901	75.581250	C#4	61	79	909	69.000000	C#4	61	80	
902	75.588542	F4	65	80	908	69.000000	F4	65	80	
903	75.706250	D5	74	77	910	69.125000	D5	74	80	
904	75.856250	Eb4	63	89	912	69.250000	Eb4	63	80	
905	75.856250	C#5	73	87	911	69.250000	C#5	73	80	
906	75.991667	B4	71	86	913	69.375000	B4	71	80	
907	76.130208	F4	65	87	915	69.500000	F4	65	80	
908	76.130208	G#5	80	86	914	69.500000	G#5	80	80	
909	76.266667	B4	71	78	916	69.625000	G#4	68	80	
910	76.408333	C#4	61	76	918	69.750000	C#4	61	80	
911	76.408333	G#5	80	79	917	69.750000	G#5	80	80	
912	76.533333	B4	71	68	919	69.875000	G#4	68	80	
913	76.688542	Bb4	70	69	920	70.000000	Bb4	70	80	
914	76.700000	F#4	66	82	921	70.000000	F#4	66	80	
915	76.832292	C#5	73	73	922	70.125000	C#5	73	80	
916	76.955208	Eb5	75	65	923	70.250000	Eb5	75	80	
917	77.082292	F5	77	77	924	70.375000	F5	77	80	
918	77.231250	F#5	78	89	925	70.500000	F#5	78	80	
919	77.379167	F4	65	56	926	70.625000	F4	65	80	
920	77.515625	Eb4	63	60	928	70.750000	Eb4	63	80	
921	77.517708	Bb4	70	72	927	70.750000	Bb4	70	80	
922	77.658333	C#4	61	46	929	70.875000	C#4	61	80	
923	77.793750	C4	60	55	931	71.000000	C4	60	80	
924	77.798958	A4	69	64	930	71.000000	A4	69	80	
925	77.938542	Bb3	58	58	932	71.125000	Bb3	58	80	
926	78.053125	F#5	78	72	933	71.250000	F#5	78	80	
927	78.085417	C4	60	59	934	71.250000	C4	60	80	
928	78.188542	Eb4	63	55	935	71.375000	Eb4	63	80	
929	78.315625	D4	62	56	937	71.500000	D4	62	80	
930	78.329167	F5	77	70	936	71.500000	F5	77	80	
931	78.460417	C4	60	56	938	71.625000	C4	60	80	
932	78.613542	D4	62	59	940	71.750000	D4	62	80	
933	78.620833	G#4	68	65	939	71.750000	G#4	68	80	
934	78.752083	F4	65	64	941	71.875000	F4	65	80	
935	78.884375	G4	67	61	942	72.000000	G4	67	80	
936	78.885417	F4	65	64	943	72.000000	F4	65	80	
937	79.009375	Bb4	70	52	944	72.125000	Bb4	70	80	
938	79.160417	C5	72	63	945	72.250000	C5	72	80	
939	79.172917	Eb4	63	60	946	72.250000	Eb4	63	80	
940	79.310417	D5	74	62	947	72.375000	D5	74	80	
941	79.448958	Eb5	75	61	948	72.500000	Eb5	75	80	
942	79.568750	C#4	61	63	949	72.625000	C#4	61	80	
943	79.693750	B3	59	65	951	72.750000	B3	59	80	
944	79.723958	F#4	66	66	950	72.750000	F#4	66	80	
945	79.834375	Bb3	58	60	952	72.875000	Bb3	58	80	
946	79.968750	G#3	56	64	954	73.000000	G#3	56	80	
947	79.973958	F4	65	62	953	73.000000	F4	65	80	
948	80.100000	G3	55	62	955	73.125000	G3	55	80	
949	80.229167	D5	74	67	956	73.250000	D5	74	80	
950	80.242708	G#3	56	54	957	73.250000	G#3	56	80	
951	80.376042	B3	59	57	958	73.375000	B3	59	80	
952	80.496875	Bb3	58	57	960	73.500000	Bb3	58	80	
953	80.516667	C#5	73	72	959	73.500000	C#5	73	80	
954	80.620833	G#3	56	61	961	73.625000	G#3	56	80	
955	80.775000	Bb3	58	58	963	73.750000	Bb3	58	80	
956	80.784375	E4	64	68	962	73.750000	E4	64	80	
957	80.901042	C#4	61	58	964	73.875000	C#4	61	80	
958	81.037500	C#4	61	64	966	74.000000	C#4	61	80	
959	81.051042	Eb4	63	63	965	74.000000	Eb4	63	80	
960	81.177083	G4	67	55	967	74.125000	G4	67	80	
961	81.320833	B3	59	61	969	74.250000	B3	59	80	
962	81.331250	G#4	68	60	968	74.250000	G#4	68	80	
963	81.460417	Bb4	70	59	970	74.375000	Bb4	70	80	
964	81.592708	B4	71	68	971	74.500000	B4	71	80	
965	81.727083	Bb3	58	65	972	74.625000	Bb3	58	80	
966	81.846875	G#3	56	65	974	74.750000	G#3	56	80	
967	81.877083	Eb4	63	64	973	74.750000	Eb4	63	80	
968	81.976042	F#3	54	52	975	74.875000	F#3	54	80	
969	82.113542	F3	53	57	977	75.000000	F3	53	80	
970	82.130208	D4	62	65	976	75.000000	D4	62	80	
971	82.248958	Eb3	51	58	978	75.125000	Eb3	51	80	
972	82.391667	B4	71	67	979	75.250000	B4	71	80	
973	82.400000	F3	53	61	980	75.250000	F3	53	80	
974	82.520833	G#3	56	52	981	75.375000	G#3	56	80	
975	82.654167	G3	55	58	983	75.500000	G3	55	80	
976	82.668750	Bb4	70	70	982	75.500000	Bb4	70	80	
977	82.796875	F3	53	68	984	75.625000	F3	53	80	
978	82.937500	G3	55	63	986	75.750000	G3	55	80	
979	82.945833	C#4	61	64	985	75.750000	C#4	61	80	
980	83.062500	Bb3	58	68	987	75.875000	Bb3	58	80	
981	83.197917	Eb3	51	66	989	76.000000	Eb3	51	80	
982	83.202083	C4	60	68	988	76.000000	C4	60	80	
983	83.354167	D3	50	64	990	76.125000	D3	50	80	
984	83.473958	A4	69	69	991	76.250000	A4	69	80	
985	83.489583	Eb3	51	71	992	76.250000	Eb3	51	80	
986	83.610417	F#3	54	62	993	76.375000	F#3	54	80	
987	83.738542	E3	52	65	995	76.500000	E3	52	80	
988	83.751042	G#4	68	76	994	76.500000	G#4	68	80	
989	83.864583	Eb3	51	71	996	76.625000	Eb3	51	80	
990	84.014583	E3	52	68	998	76.750000	E3	52	80	
991	84.034375	B3	59	71	997	76.750000	B3	59	80	
992	84.156250	G#3	56	71	999	76.875000	G#3	56	80	
993	84.289583	D3	50	67	1001	77.000000	D3	50	80	
994	84.293750	Bb3	58	73	1000	77.000000	Bb3	58	80	
995	84.434375	C3	48	67	1002	77.125000	C3	48	80	
996	84.575000	G#4	68	81	1003	77.250000	G#4	68	80	
997	84.583333	D3	50	69	1004	77.250000	D3	50	80	
998	84.700000	F3	53	73	1005	77.375000	F3	53	80	
999	84.831250	Eb3	51	76	1007	77.500000	Eb3	51	80	
1000	84.844792	G4	67	75	1006	77.500000	G4	67	80	
1001	84.971875	D3	50	70	1008	77.625000	D3	50	80	
1002	85.100000	Eb3	51	74	1010	77.750000	Eb3	51	80	
1003	85.132292	A3	57	77	1009	77.750000	A3	57	80	
1004	85.240625	F#3	54	78	1011	77.875000	F#3	54	80	
1005	85.384375	C3	48	70	1013	78.000000	C3	48	80	
1006	85.401042	G#3	56	80	1012	78.000000	G#3	56	80	
1007	85.516667	Bb2	46	77	1014	78.125000	Bb2	46	80	
1008	85.661458	C3	48	75	1016	78.250000	C3	48	80	
1009	85.663542	F#4	66	81	1015	78.250000	F#4	66	80	
1010	85.794792	Eb3	51	77	1017	78.375000	Eb3	51	80	
1011	85.929167	C#3	49	70	1019	78.500000	C#3	49	80	
1012	85.939583	F4	65	82	1018	78.500000	F4	65	80	
1013	86.071875	C3	48	68	1020	78.625000	C3	48	80	
1014	86.227083	C#3	49	77	1023	78.750000	C#3	49	80	
1015	86.227083	E4	64	81	1022	78.750000	E4	64	80	
1016	86.242708	G#3	56	64	1021	78.750000	G#3	56	80	
1017	86.356250	E3	52	75	1024	78.875000	E3	52	80	
1018	86.511458	Bb2	46	70	1027	79.000000	Bb2	46	80	
1019	86.511458	E4	64	84	1026	79.000000	E4	64	80	
1020	86.515625	G#3	56	72	1025	79.000000	G#3	56	80	
1021	86.627083	B2	47	67	1028	79.125000	B2	47	80	
1022	86.752083	C#3	49	66	1031	79.250000	C#3	49	80	
1023	86.788542	Eb4	63	78	1030	79.250000	Eb4	63	80	
1024	86.803125	G3	55	50	1029	79.250000	G3	55	80	
1025	86.904167	B2	47	75	1032	79.375000	B2	47	80	
1026	87.046875	C#3	49	72	1033	79.500000	C#3	49	80	
1027	87.193750	G3	55	61	1034	79.625000	G3	55	80	
1028	87.337500	Bb3	58	74	1035	79.750000	Bb3	58	80	
1029	87.446875	C#3	49	73	1036	79.875000	C#3	49	80	
1030	87.592708	G#4	68	80	1037	80.000000	G#4	68	80	
1031	87.597917	B2	47	72	1038	80.000000	B2	47	80	
1032	87.738542	Bb2	46	70	1040	80.125000	Bb2	46	80	
1033	87.738542	Bb4	70	80	1039	80.125000	Bb4	70	80	
1034	87.857292	G#2	44	77	1042	80.250000	G#2	44	80	
1035	87.857292	B4	71	81	1041	80.250000	B4	71	80	
1036	87.994792	C#5	73	89	1043	80.375000	C#5	73	80	
1037	88.000000	Bb2	46	77	1044	80.375000	Bb2	46	80	
1038	88.108333	B2	47	79	1046	80.500000	B2	47	80	
1039	88.134375	Eb5	75	84	1045	80.500000	Eb5	75	80	
1040	88.244792	C#3	49	71	1048	80.625000	C#3	49	80	
1041	88.250000	B4	71	76	1047	80.625000	B4	71	80	
1042	88.379167	Eb3	51	79	1050	80.750000	Eb3	51	80	
1043	88.385417	Bb4	70	79	1049	80.750000	Bb4	70	80	
1044	88.514583	E3	52	72	1052	80.875000	E3	52	80	
1045	88.514583	G#4	68	80	1051	80.875000	G#4	68	80	
1046	88.652083	E3	52	81	1054	81.000000	E3	52	80	
1047	88.666667	G4	67	74	1053	81.000000	G4	67	80	
1048	88.798958	G#4	68	77	1055	81.125000	G#4	68	80	
1049	88.925000	G2	43	63	1057	81.250000	G2	43	80	
1050	88.932292	Bb4	70	78	1056	81.250000	Bb4	70	80	
1051	89.063542	E4	64	71	1058	81.375000	E4	64	80	
1052	89.214583	Eb4	63	75	1059	81.500000	Eb4	63	80	
1053	89.333333	C#4	61	59	1060	81.625000	C#4	61	80	
1054	89.463542	B3	59	61	1061	81.750000	B3	59	80	
1055	89.606250	Bb3	58	59	1062	81.875000	Bb3	58	80	
1056	89.736458	G#3	56	61	1063	82.000000	G#3	56	80	
1057	89.864583	Eb4	63	58	1064	82.125000	Eb4	63	80	
1058	90.003125	G#3	56	64	1067	82.250000	G#3	56	80	
1059	90.003125	G#5	80	80	1066	82.250000	G#5	80	80	
1060	90.023958	B4	71	55	1065	82.250000	B4	71	80	
1061	90.117708	Eb4	63	68	1068	82.375000	Eb4	63	80	
1062	90.269792	G3	55	59	1071	82.500000	G3	55	80	
1063	90.281250	G#5	80	87	1070	82.500000	G#5	80	80	
1064	90.294792	B4	71	71	1069	82.500000	B4	71	80	
1065	90.413542	Eb4	63	56	1072	82.625000	Eb4	63	80	
1066	90.567708	Bb5	82	81	1074	82.750000	Bb5	82	80	
1067	90.582292	G3	55	51	1075	82.750000	G3	55	80	
1068	90.582292	C#5	73	52	1073	82.750000	C#5	73	80	
1069	90.697917	Eb4	63	54	1076	82.875000	Eb4	63	80	
1070	90.850000	G#3	56	60	1077	83.000000	G#3	56	80	
1071	90.986458	Eb4	63	59	1078	83.125000	Eb4	63	80	
1072	91.113542	G#3	56	54	1081	83.250000	G#3	56	80	
1073	91.122917	G#5	80	79	1080	83.250000	G#5	80	80	
1074	91.133333	B4	71	66	1079	83.250000	B4	71	80	
1075	91.237500	Eb4	63	56	1082	83.375000	Eb4	63	80	
1076	91.376042	Eb3	51	58	1085	83.500000	Eb3	51	80	
1077	91.389583	G#5	80	71	1084	83.500000	G#5	80	80	
1078	91.409375	B4	71	54	1083	83.500000	B4	71	80	
1079	91.530208	Eb4	63	56	1086	83.625000	Eb4	63	80	
1080	91.670833	G5	79	64	1088	83.750000	G5	79	80	
1081	91.684375	Eb3	51	47	1089	83.750000	Eb3	51	80	
1082	91.690625	Bb4	70	55	1087	83.750000	Bb4	70	80	
1083	91.812500	Eb4	63	58	1090	83.875000	Eb4	63	80	
1084	91.931250	G#3	56	68	1091	84.000000	G#3	56	80	
1085	92.056250	Bb3	58	75	1093	84.125000	Bb3	58	80	
1086	92.079167	G4	67	61	1092	84.125000	G4	67	80	
1087	92.173958	G#4	68	63	1094	84.250000	G#4	68	80	
1088	92.183333	B3	59	76	1095	84.250000	B3	59	80	
1089	92.294792	Bb4	70	59	1096	84.375000	Bb4	70	80	
1090	92.304167	C#4	61	74	1097	84.375000	C#4	61	80	
1091	92.391667	B4	71	64	1098	84.500000	B4	71	80	
1092	92.429167	Eb4	63	72	1099	84.500000	Eb4	63	80	
1093	92.503125	Bb4	70	66	1100	84.562500	Bb4	70	80	
1094	92.523958	G#4	68	66	1101	84.625000	G#4	68	80	
1095	92.562500	B3	59	63	1102	84.625000	B3	59	80	
1096	92.686458	Bb3	58	65	1105	84.750000	Bb3	58	80	
1097	92.714583	E5	76	73	1104	84.750000	E5	76	80	
1098	92.726042	C#5	73	54	1103	84.750000	C#5	73	80	
1099	92.808333	G#3	56	61	1106	84.875000	G#3	56	80	
1100	92.975000	G3	55	56	1109	85.000000	G3	55	80	
1101	92.979167	E5	76	59	1108	85.000000	E5	76	80	
1102	92.991667	C#5	73	57	1107	85.000000	C#5	73	80	
1103	93.117708	G#3	56	57	1110	85.125000	G#3	56	80	
1104	93.240625	Bb3	58	63	1113	85.250000	Bb3	58	80	
1105	93.275000	Eb5	75	67	1112	85.250000	Eb5	75	80	
1106	93.281250	G4	67	53	1111	85.250000	G4	67	80	
1107	93.387500	E3	52	61	1114	85.375000	E3	52	80	
1108	93.508333	Eb3	51	68	1115	85.500000	Eb3	51	80	
1109	93.647917	C#3	49	61	1116	85.625000	C#3	49	80	
1110	93.805208	B2	47	61	1117	85.750000	B2	47	80	
1111	93.926042	Bb2	46	66	1118	85.875000	Bb2	46	80	
1112	94.059375	G#2	44	57	1119	86.000000	G#2	44	80	
1113	94.203125	G#3	56	56	1120	86.125000	G#3	56	80	
1114	94.319792	B4	71	70	1122	86.250000	B4	71	80	
1115	94.331250	G#2	44	63	1123	86.250000	G#2	44	80	
1116	94.335417	G#4	68	56	1121	86.250000	G#4	68	80	
1117	94.461458	G#3	56	59	1124	86.375000	G#3	56	80	
1118	94.592708	C#5	73	71	1126	86.500000	C#5	73	80	
1119	94.600000	A4	69	59	1125	86.500000	A4	69	80	
1120	94.604167	F#3	54	57	1127	86.500000	F#3	54	80	
1121	94.748958	Eb4	63	62	1128	86.625000	Eb4	63	80	
1122	94.875000	F#3	54	60	1131	86.750000	F#3	54	80	
1123	94.880208	C5	72	70	1130	86.750000	C5	72	80	
1124	94.895833	G#4	68	57	1129	86.750000	G#4	68	80	
1125	95.025000	Eb4	63	54	1132	86.875000	Eb4	63	80	
1126	95.154167	E3	52	72	1133	87.000000	E3	52	80	
1127	95.290625	C#4	61	55	1134	87.125000	C#4	61	80	
1128	95.427083	C#5	73	77	1136	87.250000	C#5	73	80	
1129	95.431250	E3	52	68	1137	87.250000	E3	52	80	
1130	95.431250	G#4	68	71	1135	87.250000	G#4	68	80	
1131	95.556250	C#4	61	60	1138	87.375000	C#4	61	80	
1132	95.704167	Eb3	51	66	1141	87.500000	Eb3	51	80	
1133	95.704167	F#5	78	89	1140	87.500000	F#5	78	80	
1134	95.708333	A4	69	71	1139	87.500000	A4	69	80	
1135	95.846875	C4	60	70	1142	87.625000	C4	60	80	
1136	95.976042	Eb5	75	76	1144	87.750000	Eb5	75	80	
1137	95.978125	Eb3	51	72	1145	87.750000	Eb3	51	80	
1138	95.997917	F#4	66	64	1143	87.750000	F#4	66	80	
1139	96.129167	C4	60	67	1146	87.875000	C4	60	80	
1140	96.247917	C#3	49	77	1147	88.000000	C#3	49	80	
1141	96.385417	C#4	61	75	1148	88.125000	C#4	61	80	
1142	96.521875	E5	76	89	1150	88.250000	E5	76	80	
1143	96.525000	C#3	49	75	1151	88.250000	C#3	49	80	
1144	96.529167	G#4	68	83	1149	88.250000	G#4	68	80	
1145	96.643750	C#4	61	69	1152	88.375000	C#4	61	80	
1146	96.808333	B3	59	72	1155	88.500000	B3	59	80	
1147	96.808333	D5	74	86	1153	88.500000	D5	74	80	
1148	96.808333	F#5	78	94	1154	88.500000	F#5	78	80	
1149	96.938542	G#4	68	73	1156	88.625000	G#4	68	80	
1150	97.081250	B3	59	73	1159	88.750000	B3	59	80	
1151	97.095833	C#5	73	60	1157	88.750000	C#5	73	80	
1152	97.095833	F5	77	81	1158	88.750000	F5	77	80	
1153	97.220833	G#4	68	74	1160	88.875000	G#4	68	80	
1154	97.375000	Bb3	58	83	1161	89.000000	Bb3	58	80	
1155	97.490625	G4	67	72	1162	89.125000	G4	67	80	
1156	97.645833	E5	76	81	1165	89.250000	E5	76	80	
1157	97.650000	Bb3	58	77	1166	89.250000	Bb3	58	80	
1158	97.650000	C#5	73	78	1164	89.250000	C#5	73	80	
1159	97.650000	Bb5	82	83	1163	89.250000	Bb5	82	80	
1160	97.765625	Eb5	75	78	1167	89.375000	Eb5	75	80	
1161	97.782292	G4	67	68	1168	89.375000	G4	67	80	
1162	97.910417	G#3	56	85	1172	89.500000	G#3	56	80	
1163	97.910417	Bb5	82	82	1170	89.500000	Bb5	82	80	
1164	97.922917	C#5	73	81	1171	89.500000	C#5	73	80	
1165	97.922917	E5	76	81	1169	89.500000	E5	76	80	
1166	98.027083	G#4	68	75	1173	89.625000	G#4	68	80	
1167	98.194792	G#3	56	74	1177	89.750000	G#3	56	80	
1168	98.194792	E5	76	85	1174	89.750000	E5	76	80	
1169	98.194792	Bb5	82	87	1175	89.750000	Bb5	82	80	
1170	98.198958	C#5	73	83	1176	89.750000	C#5	73	80	
1171	98.302083	G#4	68	76	1178	89.875000	G#4	68	80	
1172	98.470833	E5	76	78	1179	90.000000	E5	76	80	
1173	98.478125	G4	67	61	1182	90.000000	G4	67	80	
1174	98.478125	Bb5	82	87	1180	90.000000	Bb5	82	80	
1175	98.482292	C#5	73	87	1181	90.000000	C#5	73	80	
1176	98.597917	G#4	68	79	1183	90.125000	G#4	68	80	
1177	98.741667	Bb4	70	69	1184	90.250000	Bb4	70	80	
1178	98.886458	E4	64	73	1185	90.375000	E4	64	80	
1179	99.028125	Eb4	63	67	1186	90.500000	Eb4	63	80	
1180	99.154167	E5	76	88	1187	90.625000	E5	76	80	
1181	99.173958	C#4	61	72	1188	90.625000	C#4	61	80	
1182	99.288542	Eb5	75	79	1189	90.750000	Eb5	75	80	
1183	99.307292	B3	59	72	1190	90.750000	B3	59	80	
1184	99.418750	C#5	73	80	1191	90.875000	C#5	73	80	
1185	99.440625	Bb3	58	59	1192	90.875000	Bb3	58	80	
1186	99.551042	G#3	56	82	1194	91.000000	G#3	56	80	
1187	99.568750	B4	71	76	1193	91.000000	B4	71	80	
1188	99.697917	C#5	73	73	1195	91.125000	C#5	73	80	
1189	99.829167	Eb5	75	75	1196	91.250000	Eb5	75	80	
1190	99.852083	B3	59	78	1197	91.250000	B3	59	80	
1191	99.962500	G#4	68	72	1198	91.375000	G#4	68	80	
1192	100.111458	C#4	61	78	1200	91.500000	C#4	61	80	
1193	100.115625	B4	71	71	1199	91.500000	B4	71	80	
1194	100.250000	Bb4	70	74	1201	91.625000	Bb4	70	80	
1195	100.376042	G#4	68	67	1202	91.750000	G#4	68	80	
1196	100.391667	Eb4	63	75	1203	91.750000	Eb4	63	80	
1197	100.531250	G4	67	59	1204	91.875000	G4	67	80	
1198	100.671875	G#4	68	73	1205	92.000000	G#4	68	80	
1199	100.681250	E4	64	92	1206	92.000000	E4	64	80	
1200	100.796875	B4	71	67	1207	92.125000	B4	71	80	
1201	100.969792	E3	52	74	1209	92.250000	E3	52	80	
1202	100.969792	G#4	68	65	1208	92.250000	G#4	68	80	
1203	101.066667	B4	71	65	1210	92.375000	B4	71	80	
1204	101.220833	F#4	66	70	1211	92.500000	F#4	66	80	
1205	101.339583	Eb5	75	70	1212	92.625000	Eb5	75	80	
1206	101.497917	F#4	66	69	1213	92.750000	F#4	66	80	
1207	101.503125	A3	57	88	1214	92.750000	A3	57	80	
1208	101.511458	C3	48	72	1215	92.750000	C3	48	80	
1209	101.517708	Eb3	51	71	1216	92.750000	Eb3	51	80	
1210	101.631250	Eb5	75	71	1217	92.875000	Eb5	75	80	
1211	101.787500	F4	65	67	1218	93.000000	F4	65	80	
1212	101.912500	C#5	73	72	1219	93.125000	C#5	73	80	
1213	102.063542	C#3	49	68	1222	93.250000	C#3	49	80	
1214	102.063542	G#3	56	76	1221	93.250000	G#3	56	80	
1215	102.063542	F4	65	70	1220	93.250000	F4	65	80	
1216	102.171875	Eb3	51	74	1224	93.375000	Eb3	51	80	
1217	102.188542	C#5	73	74	1223	93.375000	C#5	73	80	
1218	102.326042	F3	53	68	1227	93.500000	F3	53	80	
1219	102.326042	G#3	56	85	1226	93.500000	G#3	56	80	
1220	102.332292	C#4	61	68	1225	93.500000	C#4	61	80	
1221	102.455208	B4	71	66	1228	93.625000	B4	71	80	
1222	102.603125	F3	53	65	1231	93.750000	F3	53	80	
1223	102.609375	G#3	56	71	1230	93.750000	G#3	56	80	
1224	102.627083	C#4	61	65	1229	93.750000	C#4	61	80	
1225	102.753125	B4	71	68	1232	93.875000	B4	71	80	
1226	102.896875	E3	52	73	1235	94.000000	E3	52	80	
1227	102.896875	F#3	54	73	1234	94.000000	F#3	54	80	
1228	102.896875	F#4	66	72	1233	94.000000	F#4	66	80	
1229	103.006250	Bb4	70	74	1236	94.125000	Bb4	70	80	
1230	103.158333	F#2	42	69	1238	94.250000	F#2	42	80	
1231	103.178125	F#4	66	68	1237	94.250000	F#4	66	80	
1232	103.289583	Bb4	70	56	1239	94.375000	Bb4	70	80	
1233	103.444792	E4	64	62	1240	94.500000	E4	64	80	
1234	103.563542	C#5	73	64	1241	94.625000	C#5	73	80	
1235	103.710417	G3	55	78	1243	94.750000	G3	55	80	
1236	103.715625	E4	64	70	1242	94.750000	E4	64	80	
1237	103.719792	C#3	49	68	1245	94.750000	C#3	49	80	
1238	103.723958	Bb2	46	65	1244	94.750000	Bb2	46	80	
1239	103.839583	C#5	73	69	1246	94.875000	C#5	73	80	
1240	103.992708	Eb4	63	73	1247	95.000000	Eb4	63	80	
1241	104.118750	B4	71	70	1248	95.125000	B4	71	80	
1242	104.265625	B2	47	63	1251	95.250000	B2	47	80	
1243	104.265625	F#3	54	73	1250	95.250000	F#3	54	80	
1244	104.265625	Eb4	63	68	1249	95.250000	Eb4	63	80	
1245	104.380208	B4	71	65	1252	95.375000	B4	71	80	
1246	104.385417	C#3	49	72	1253	95.375000	C#3	49	80	
1247	104.526042	Eb3	51	74	1256	95.500000	Eb3	51	80	
1248	104.526042	F#3	54	78	1255	95.500000	F#3	54	80	
1249	104.526042	B3	59	73	1254	95.500000	B3	59	80	
1250	104.664583	Bb4	70	55	1257	95.625000	Bb4	70	80	
1251	104.792708	F#3	54	74	1259	95.750000	F#3	54	80	
1252	104.798958	B3	59	70	1258	95.750000	B3	59	80	
1253	104.803125	Eb3	51	65	1260	95.750000	Eb3	51	80	
1254	104.926042	Bb4	70	66	1261	95.875000	Bb4	70	80	
1255	105.085417	E4	64	70	1262	96.000000	E4	64	80	
1256	105.090625	Eb3	51	62	1264	96.000000	Eb3	51	80	
1257	105.098958	E3	52	59	1263	96.000000	E3	52	80	
1258	105.203125	G#4	68	67	1265	96.125000	G#4	68	80	
1259	105.365625	E2	40	60	1267	96.250000	E2	40	80	
1260	105.382292	E4	64	69	1266	96.250000	E4	64	80	
1261	105.491667	G#4	68	74	1268	96.375000	G#4	68	80	
1262	105.651042	Eb4	63	72	1269	96.500000	Eb4	63	80	
1263	105.767708	B4	71	77	1270	96.625000	B4	71	80	
1264	105.911458	F#3	54	79	1272	96.750000	F#3	54	80	
1265	105.915625	Eb4	63	74	1271	96.750000	Eb4	63	80	
1266	105.920833	G#2	44	67	1273	96.750000	G#2	44	80	
1267	105.920833	B2	47	71	1274	96.750000	B2	47	80	
1268	106.044792	B4	71	75	1275	96.875000	B4	71	80	
1269	106.194792	D4	62	74	1276	97.000000	D4	62	80	
1270	106.321875	Bb4	70	75	1277	97.125000	Bb4	70	80	
1271	106.463542	Bb2	46	70	1280	97.250000	Bb2	46	80	
1272	106.463542	F3	53	75	1279	97.250000	F3	53	80	
1273	106.475000	D4	62	76	1278	97.250000	D4	62	80	
1274	106.597917	Bb4	70	72	1281	97.375000	Bb4	70	80	
1275	106.602083	C3	48	67	1282	97.375000	B2	47	80	
1276	106.742708	F3	53	82	1284	97.500000	F3	53	80	
1277	106.746875	D3	50	64	1285	97.500000	D3	50	80	
1278	106.746875	Bb3	58	81	1283	97.500000	Bb3	58	80	
1279	106.892708	G#4	68	78	1286	97.625000	G#4	68	80	
1280	107.028125	E3	52	66	1288	97.750000	E3	52	80	
1281	107.044792	Bb3	58	76	1287	97.750000	Bb3	58	80	
1282	107.050000	C#3	49	53	1289	97.750000	C#3	49	80	
1283	107.185417	G#4	68	72	1290	97.875000	G#4	68	80	
1284	107.364583	G4	67	71	1291	98.000000	G4	67	80	
1285	107.368750	Eb3	51	55	1292	98.000000	Eb3	51	80	
1286	107.547917	Eb4	63	69	1293	98.125000	Eb4	63	80	
1287	107.732292	B2	47	53	1297	98.250000	B2	47	80	
1288	107.734375	G#4	68	81	1295	98.250000	G#4	68	80	
1289	107.914583	Bb4	70	86	1298	98.375000	Bb4	70	80	
1290	107.929167	C#3	49	56	1299	98.375000	C#3	49	80	
1291	108.112500	B4	71	87	1300	98.500000	B4	71	80	
1292	108.116667	Eb3	51	63	1301	98.500000	Eb3	51	80	
1293	108.319792	Eb4	63	64	1302	98.625000	Eb4	63	80	
1294	108.513542	Eb2	39	50	1305	98.750000	Eb2	39	80	
1295	108.513542	Bb4	70	76	1304	98.750000	Bb4	70	80	
1296	108.521875	G4	67	61	1303	98.750000	G4	67	80	
1297	108.761458	C#4	61	54	1306	98.875000	C#4	61	80	
1298	109.053125	G#2	44	42	1307	99.000000	G#2	44	80	
1299	109.744792	G#4	68	57	1309	99.250000	G#4	68	80	
1300	109.758333	B3	59	32	1310	99.250000	B3	59	80	
1301	109.765625	Eb4	63	36	1308	99.250000	Eb4	63	80	
1302	110.437500	B2	47	45	1311	99.375000	B2	47	80	
1303	110.540625	Eb3	51	45	1312	99.437500	Eb3	51	80	
1304	110.685417	G#3	56	42	1313	99.500000	G#3	56	80	
*	-1	*	-1	-1	435	34.500000	Eb5	75	80	
*	-1	*	-1	-1	438	34.531250	E5	76	80	
*	-1	*	-1	-1	439	34.562500	Eb5	75	80	
*	-1	*	-1	-1	440	34.562500	Eb5	75	80	
*	-1	*	-1	-1	441	34.593750	E5	76	80	
*	-1	*	-1	-1	468	36.500000	Eb4	63	80	
*	-1	*	-1	-1	471	36.531250	E4	64	80	
*	-1	*	-1	-1	472	36.562500	Eb4	63	80	
*	-1	*	-1	-1	473	36.562500	Eb4	63	80	
*	-1	*	-1	-1	474	36.593750	E4	64	80	
*	-1	*	-1	-1	565	42.625000	G#3	56	80	
*	-1	*	-1	-1	1294	98.125000	Eb4	63	80	
*	-1	*	-1	-1	1296	98.250000	G#4	68	80	
*	-1	*	-1	-1	476	36.625000	Eb3	51	80	
