// alignID alignOntime alignSitch alignPitch alignOnvel refID refOntime refSitch refPitch refOnvel
0	1.009115	D4	62	47	0	0.250000	D4	62	80	
1	1.454427	D4	62	58	1	0.500000	D4	62	80	
2	1.929688	D4	62	47	2	0.750000	D4	62	80	
3	2.380208	G3	55	49	3	1.000000	G3	55	80	
4	3.317708	B3	59	57	4	1.500000	B3	59	80	
5	4.799479	E3	52	38	5	2.250000	E3	52	80	
6	5.229167	A3	57	50	6	2.500000	A3	57	80	
7	5.665365	G3	55	51	7	2.750000	G3	55	80	
8	6.101562	F#3	54	40	8	3.000000	F#3	54	80	
9	6.505208	A4	69	59	9	3.250000	A4	69	80	
10	6.923177	D3	50	42	11	3.500000	D3	50	80	
11	6.928385	A4	69	65	10	3.500000	A4	69	80	
12	7.342448	A4	69	64	12	3.750000	A4	69	80	
13	7.807292	D4	62	60	13	4.000000	D4	62	80	
14	8.210938	F#3	54	49	14	4.250000	F#3	54	80	
15	8.639323	B3	59	44	16	4.500000	B3	59	80	
16	8.654948	F#4	66	63	15	4.500000	F#4	66	80	
17	9.071615	A3	57	49	17	4.750000	A3	57	80	
18	9.506510	G#3	56	46	18	5.000000	G#3	56	80	
19	9.932292	B3	59	52	19	5.250000	B3	59	80	
20	10.369792	E4	64	57	20	5.500000	E4	64	80	
21	10.807292	D4	62	52	21	5.750000	D4	62	80	
22	11.207031	C#4	61	45	22	6.000000	C#4	61	80	
23	11.225260	A3	57	28	23	6.000000	A3	57	80	
24	11.625000	E4	64	61	24	6.250000	E4	64	80	
25	12.065104	C#4	61	44	26	6.500000	C#4	61	80	
26	12.097656	A4	69	56	25	6.500000	A4	69	80	
27	12.509115	G4	67	57	27	6.750000	G4	67	80	
28	12.944010	F#4	66	51	28	7.000000	F#4	66	80	
29	13.360677	A3	57	63	29	7.250000	A3	57	80	
30	13.794271	D4	62	53	31	7.500000	D4	62	80	
31	13.799479	A4	69	62	30	7.500000	A4	69	80	
32	14.201823	C#4	61	47	32	7.750000	C#4	61	80	
33	14.631510	B3	59	51	33	8.000000	B3	59	80	
34	15.066406	D5	74	57	34	8.250000	D5	74	80	
35	15.104167	D4	62	24	35	8.250000	D4	62	80	
36	15.501302	D5	74	78	36	8.500000	D5	74	80	
37	15.519531	G4	67	53	37	8.500000	G4	67	80	
38	15.912760	D5	74	70	38	8.750000	D5	74	80	
39	15.916667	F#4	66	52	39	8.750000	F#4	66	80	
40	16.330729	G4	67	64	40	9.000000	G4	67	80	
41	16.346354	E4	64	49	41	9.000000	E4	64	80	
42	16.764323	B3	59	48	43	9.250000	B3	59	80	
43	16.765625	F#4	66	53	42	9.250000	F#4	66	80	
44	17.180990	B4	71	69	44	9.500000	B4	71	80	
45	17.194010	E4	64	45	46	9.500000	E4	64	80	
46	17.196615	G4	67	59	45	9.500000	G4	67	80	
47	17.609375	D4	62	47	47	9.750000	D4	62	80	
48	18.031250	C#4	61	47	48	10.000000	C#4	61	80	
49	18.441406	A3	57	53	50	10.250000	A3	57	80	
50	18.457031	E4	64	48	49	10.250000	E4	64	80	
51	18.859375	A4	69	68	51	10.500000	A4	69	80	
52	18.867188	A3	57	63	53	10.500000	A3	57	80	
53	18.873698	F#4	66	52	52	10.500000	F#4	66	80	
54	19.285156	G4	67	62	54	10.750000	G4	67	80	
55	19.287760	E4	64	59	55	10.750000	E4	64	80	
56	19.290365	A3	57	63	56	10.750000	A3	57	80	
57	19.701823	D3	50	53	59	11.000000	D3	50	80	
58	19.720052	D4	62	50	58	11.000000	D4	62	80	
59	19.720052	F#4	66	63	57	11.000000	F#4	66	80	
60	20.125000	A3	57	50	60	11.250000	A3	57	80	
61	20.545573	F#3	54	62	62	11.500000	F#3	54	80	
62	20.559896	D4	62	44	61	11.500000	D4	62	80	
63	20.981771	C#4	61	40	63	11.750000	C#4	61	80	
64	21.398438	G#4	68	67	64	12.000000	G#4	68	80	
65	21.399740	B3	59	51	65	12.000000	B3	59	80	
66	21.785156	B2	47	39	66	12.250000	B2	47	80	
67	22.234375	E3	52	50	67	12.500000	E3	52	80	
68	22.639323	D3	50	31	69	12.750000	D3	50	80	
69	22.647135	B3	59	46	68	12.750000	B3	59	80	
70	23.062500	C#3	49	30	72	13.000000	C#3	49	80	
71	23.065104	A4	69	57	70	13.000000	A4	69	80	
72	23.080729	E4	64	44	71	13.000000	E4	64	80	
73	23.490885	B2	47	36	75	13.250000	B2	47	80	
74	23.490885	E3	52	44	74	13.250000	E3	52	80	
75	23.505208	D4	62	44	73	13.250000	D4	62	80	
76	23.919271	A2	45	43	78	13.500000	A2	45	80	
77	23.947917	C#4	61	48	76	13.500000	C#4	61	80	
78	23.964844	A3	57	35	77	13.500000	A3	57	80	
79	24.347656	E4	64	54	79	13.750000	E4	64	80	
80	24.350260	G3	55	46	80	13.750000	G3	55	80	
81	24.766927	A4	69	69	81	14.000000	A4	69	80	
82	24.769531	F#3	54	54	82	14.000000	F#3	54	80	
83	25.184896	A2	45	44	85	14.250000	A2	45	80	
84	25.194010	G4	67	70	83	14.250000	G4	67	80	
85	25.199219	E3	52	44	84	14.250000	E3	52	80	
86	25.592448	D3	50	52	87	14.500000	D3	50	80	
87	25.595052	F#4	66	79	86	14.500000	F#4	66	80	
88	26.005208	C#3	49	56	90	14.750000	C#3	49	80	
89	26.016927	A3	57	64	89	14.750000	A3	57	80	
90	26.444010	D4	62	69	91	15.000000	D4	62	80	
91	26.451823	B2	47	51	92	15.000000	B2	47	80	
92	26.822917	A2	45	50	95	15.250000	A2	45	80	
93	26.837240	D3	50	60	94	15.250000	D3	50	80	
94	26.846354	C#4	61	69	93	15.250000	C#4	61	80	
95	27.250000	G2	43	50	99	15.500000	G2	43	80	
96	27.259115	E4	64	78	96	15.500000	E4	64	80	
97	27.283854	B3	59	55	97	15.500000	B3	59	80	
98	27.287760	G3	55	50	98	15.500000	G3	55	80	
99	27.661458	F#3	54	54	101	15.750000	F#3	54	80	
100	27.680990	D4	62	69	100	15.750000	D4	62	80	
101	28.100260	E3	52	56	104	16.000000	E3	52	80	
102	28.104167	A3	57	60	103	16.000000	A3	57	80	
103	28.104167	C#4	61	71	102	16.000000	C#4	61	80	
104	28.531250	F#2	42	66	105	16.250000	F#2	42	80	
105	29.041667	D4	62	66	106	16.500000	D4	62	80	
106	29.045573	D3	50	48	109	16.500000	D3	50	80	
107	29.045573	G#3	56	66	107	16.500000	G#3	56	80	
108	29.046875	B2	47	43	108	16.500000	B2	47	80	
109	29.520833	A2	45	56	111	16.750000	A2	45	80	
110	29.531250	F#3	54	63	110	16.750000	F#3	54	80	
111	29.536458	C#3	49	46	112	16.750000	C#3	49	80	
112	29.980469	E3	52	63	113	17.000000	E3	52	80	
113	29.990885	B2	47	46	115	17.000000	B2	47	80	
114	29.996094	G#2	44	52	114	17.000000	G#2	44	80	
115	30.415365	B4	71	60	116	17.250000	B4	71	80	
116	30.600260	A4	69	60	117	17.375000	A4	69	80	
117	30.839844	B4	71	57	118	17.500000	B4	71	80	
118	31.243490	D4	62	48	119	17.750000	D4	62	80	
119	31.640625	C#4	61	45	120	18.000000	C#4	61	80	
120	31.647135	E3	52	30	121	18.000000	E3	52	80	
121	32.050781	E4	64	58	123	18.250000	E4	64	80	
122	32.459635	G2	43	46	125	18.500000	G2	43	80	
123	32.485677	E4	64	66	124	18.500000	E4	64	80	
124	32.897135	E4	64	73	126	18.750000	E4	64	80	
125	33.309896	F#2	42	49	128	19.000000	F#2	42	80	
126	33.317708	A3	57	61	127	19.000000	A3	57	80	
127	33.688802	G3	55	38	130	19.250000	G3	55	80	
128	33.694010	E4	64	57	129	19.250000	E4	64	80	
129	33.794271	G3	55	15	*	-1	*	-1	-1	
130	34.113281	C4	60	71	132	19.500000	C4	60	80	
131	34.121094	A4	69	56	131	19.500000	A4	69	80	
132	34.138021	F#3	54	45	133	19.500000	F#3	54	80	
133	34.529948	E3	52	47	135	19.750000	E3	52	80	
134	34.542969	G4	67	59	134	19.750000	G4	67	80	
135	34.929688	B2	47	43	138	20.000000	B2	47	80	
136	34.937500	Eb3	51	43	137	20.000000	Eb3	51	80	
137	34.949219	F#4	66	51	136	20.000000	F#4	66	80	
138	35.363281	F#3	54	59	139	20.250000	F#3	54	80	
139	35.782552	B3	59	64	140	20.500000	B3	59	80	
140	36.203125	A3	57	69	141	20.750000	A3	57	80	
141	36.632812	G3	55	63	142	21.000000	G3	55	80	
142	36.636719	E3	52	53	143	21.000000	E3	52	80	
143	37.044271	B4	71	83	144	21.250000	B4	71	80	
144	37.052083	D3	50	50	146	21.250000	D3	50	80	
145	37.062500	B3	59	60	145	21.250000	B3	59	80	
146	37.473958	B4	71	82	147	21.500000	B4	71	80	
147	37.477865	G3	55	60	149	21.500000	G3	55	80	
148	37.479167	E4	64	61	148	21.500000	E4	64	80	
149	37.868490	B4	71	83	150	21.750000	B4	71	80	
150	37.888021	D4	62	64	151	21.750000	D4	62	80	
151	38.287760	E4	64	78	152	22.000000	E4	64	80	
152	38.305990	C#4	61	63	153	22.000000	C#4	61	80	
153	38.684896	B3	59	61	154	22.250000	B3	59	80	
154	39.134115	G4	67	76	155	22.500000	G4	67	80	
155	39.136719	C#3	49	42	157	22.500000	C#3	49	80	
156	39.138021	Bb3	58	51	156	22.500000	Bb3	58	80	
157	39.549479	D3	50	42	159	22.750000	D3	50	80	
158	39.563802	B3	59	51	158	22.750000	B3	59	80	
159	39.962240	E3	52	45	161	23.000000	E3	52	80	
160	39.994792	C#4	61	42	160	23.000000	C#4	61	80	
161	40.380208	C#4	61	64	162	23.250000	C#4	61	80	
162	40.390625	G3	55	40	164	23.250000	G3	55	80	
163	40.395833	E4	64	50	163	23.250000	E4	64	80	
164	40.812500	F#4	66	60	165	23.500000	F#4	66	80	
165	40.824219	Bb2	46	34	168	23.500000	Bb2	46	80	
166	40.826823	D4	62	46	166	23.500000	D4	62	80	
167	40.830729	F#3	54	37	167	23.500000	F#3	54	80	
168	41.230469	C#4	61	41	170	23.750000	C#4	61	80	
169	41.234375	E4	64	57	169	23.750000	E4	64	80	
170	41.638021	D4	62	61	171	24.000000	D4	62	80	
171	41.645833	B2	47	45	173	24.000000	B2	47	80	
172	41.658854	B3	59	53	172	24.000000	B3	59	80	
173	42.072917	F#4	66	74	174	24.250000	F#4	66	80	
174	42.096354	A3	57	57	175	24.250000	A3	57	80	
175	42.493490	G#3	56	60	177	24.500000	G#3	56	80	
176	42.497396	B4	71	84	176	24.500000	B4	71	80	
177	42.917969	F#3	54	58	179	24.750000	F#3	54	80	
178	42.937500	A4	69	77	178	24.750000	A4	69	80	
179	43.339844	G#4	68	80	180	25.000000	G#4	68	80	
180	43.360677	E3	52	58	181	25.000000	E3	52	80	
181	43.772135	B4	71	87	182	25.250000	B4	71	80	
182	43.778646	D3	50	62	183	25.250000	D3	50	80	
183	44.197917	C#3	49	53	185	25.500000	C#3	49	80	
184	44.199219	E5	76	86	184	25.500000	E5	76	80	
185	44.606771	D5	74	75	186	25.750000	D5	74	80	
186	44.626302	B2	47	49	187	25.750000	B2	47	80	
187	45.032552	A2	45	49	189	26.000000	A2	45	80	
188	45.040365	C#5	73	69	188	26.000000	C#5	73	80	
189	45.438802	E3	52	48	191	26.250000	E3	52	80	
190	45.444010	A4	69	64	190	26.250000	A4	69	80	
191	45.865885	A3	57	54	193	26.500000	A3	57	80	
192	45.873698	A4	69	72	192	26.500000	A4	69	80	
193	46.270833	A2	45	48	196	26.750000	A2	45	80	
194	46.272135	A4	69	79	194	26.750000	A4	69	80	
195	46.289062	G3	55	55	195	26.750000	G3	55	80	
196	46.677083	B2	47	45	199	27.000000	B2	47	80	
197	46.697917	F#3	54	49	198	27.000000	F#3	54	80	
198	46.703125	D4	62	78	197	27.000000	D4	62	80	
199	47.121094	D5	74	74	200	27.250000	D5	74	80	
200	47.126302	E3	52	45	201	27.250000	E3	52	80	
201	47.502604	D3	50	50	204	27.500000	D3	50	80	
202	47.503906	D5	74	82	202	27.500000	D5	74	80	
203	47.518229	F#4	66	66	203	27.500000	F#4	66	80	
204	47.921875	D5	74	86	205	27.750000	D5	74	80	
205	47.941406	B2	47	58	206	27.750000	B2	47	80	
206	48.315104	E2	40	47	209	28.000000	E2	40	80	
207	48.320312	G4	67	82	207	28.000000	G4	67	80	
208	48.330729	E3	52	44	208	28.000000	E3	52	80	
209	48.744792	B3	59	61	210	28.250000	B3	59	80	
210	48.760417	F#3	54	51	211	28.250000	F#3	54	80	
211	49.171875	B4	71	74	212	28.500000	B4	71	80	
212	49.174479	G3	55	50	214	28.500000	G3	55	80	
213	49.186198	E4	64	56	213	28.500000	E4	64	80	
214	49.558594	E3	52	43	216	28.750000	E3	52	80	
215	49.574219	D4	62	48	215	28.750000	D4	62	80	
216	49.998698	A2	45	36	218	29.000000	A2	45	80	
217	50.003906	C#4	61	47	217	29.000000	C#4	61	80	
218	50.006510	G3	55	39	*	-1	*	-1	-1	
219	50.404948	G3	55	45	220	29.250000	G3	55	80	
220	50.415365	E4	64	56	219	29.250000	E4	64	80	
221	50.846354	F#3	54	39	222	29.500000	F#3	54	80	
222	50.855469	A4	69	59	221	29.500000	A4	69	80	
223	51.252604	E3	52	38	224	29.750000	E3	52	80	
224	51.272135	G4	67	52	223	29.750000	G4	67	80	
225	51.662760	D2	38	37	228	30.000000	D2	38	80	
226	51.669271	F#4	66	51	226	30.000000	F#4	66	80	
227	51.670573	D3	50	40	227	30.000000	D3	50	80	
228	52.105469	A3	57	52	229	30.250000	A3	57	80	
229	52.533854	D4	62	47	230	30.500000	D4	62	80	
230	52.950521	C4	60	50	232	30.750000	C4	60	80	
231	52.959635	A4	69	63	231	30.750000	A4	69	80	
232	53.369792	B3	59	55	234	31.000000	B3	59	80	
233	53.369792	D5	74	77	233	31.000000	D5	74	80	
234	53.794271	C5	72	78	235	31.250000	C5	72	80	
235	53.796875	D4	62	58	236	31.250000	D4	62	80	
236	54.209635	B4	71	81	237	31.500000	B4	71	80	
237	54.226562	G4	67	65	238	31.500000	G4	67	80	
238	54.615885	D5	74	83	239	31.750000	D5	74	80	
239	54.631510	F#4	66	64	240	31.750000	F#4	66	80	
240	55.063802	G5	79	90	241	32.000000	G5	79	80	
241	55.084635	E4	64	63	242	32.000000	E4	64	80	
242	55.507812	D4	62	57	243	32.250000	D4	62	80	
243	55.509115	E3	52	59	244	32.250000	E3	52	80	
244	55.923177	F#5	78	88	245	32.500000	F#5	78	80	
245	55.930990	A3	57	64	247	32.500000	A3	57	80	
246	55.945312	C#4	61	64	246	32.500000	C#4	61	80	
247	56.342448	G3	55	61	249	32.750000	G3	55	80	
248	56.347656	E5	76	86	248	32.750000	E5	76	80	
249	56.764323	F#3	54	63	252	33.000000	F#3	54	80	
250	56.768229	A5	81	85	250	33.000000	A5	81	80	
251	56.774740	D4	62	58	251	33.000000	D4	62	80	
252	57.175781	A3	57	65	255	33.250000	A3	57	80	
253	57.175781	G5	79	87	253	33.250000	G5	79	80	
254	57.177083	E4	64	60	254	33.250000	E4	64	80	
255	57.621094	F#5	78	88	256	33.500000	F#5	78	80	
256	57.628906	D4	62	57	258	33.500000	D4	62	80	
257	57.648438	F#4	66	57	257	33.500000	F#4	66	80	
258	58.045573	E5	76	74	259	33.750000	E5	76	80	
259	58.061198	C#4	61	51	260	33.750000	C#4	61	80	
260	58.451823	D5	74	70	261	34.000000	D5	74	80	
261	58.462240	B3	59	46	262	34.000000	B3	59	80	
262	58.873698	B2	47	37	263	34.250000	B2	47	80	
263	59.287760	B3	59	34	*	-1	*	-1	-1	
264	59.292969	E3	52	51	266	34.500000	E3	52	80	
265	59.300781	C#5	73	67	264	34.500000	C#5	73	80	
266	59.333333	G#4	68	46	265	34.500000	G#4	68	80	
267	59.699219	D3	50	46	268	34.750000	D3	50	80	
268	59.699219	B4	71	72	267	34.750000	B4	71	80	
269	60.105469	E5	76	75	269	35.000000	E5	76	80	
270	60.117188	C#3	49	40	270	35.000000	C#3	49	80	
271	60.539062	D5	74	70	271	35.250000	D5	74	80	
272	60.544271	B3	59	39	272	35.250000	B3	59	80	
273	60.562500	E3	52	48	273	35.250000	E3	52	80	
274	60.562500	G#4	68	60	*	-1	*	-1	-1	
275	60.973958	A3	57	41	277	35.500000	A3	57	80	
276	60.989583	C#5	73	61	274	35.500000	C#5	73	80	
277	60.993490	C#4	61	37	276	35.500000	C#4	61	80	
278	60.997396	A4	69	43	275	35.500000	A4	69	80	
279	61.382812	G#3	56	45	280	35.750000	G#3	56	80	
280	61.382812	B4	71	62	278	35.750000	B4	71	80	
281	61.391927	E4	64	52	279	35.750000	E4	64	80	
282	61.811198	A4	69	62	281	36.000000	A4	69	80	
283	61.819010	F#3	54	46	283	36.000000	F#3	54	80	
284	62.217448	A3	57	50	286	36.250000	A3	57	80	
285	62.218750	C#5	73	71	284	36.250000	C#5	73	80	
286	62.234375	E3	52	42	287	36.250000	E3	52	80	
287	62.243490	G#4	68	48	285	36.250000	G4	67	80	
288	62.621094	D3	50	40	291	36.500000	D3	50	80	
289	62.636719	B4	71	59	288	36.500000	B4	71	80	
290	62.645833	D4	62	36	290	36.500000	D4	62	80	
291	62.647135	F#4	66	54	289	36.500000	F#4	66	80	
292	63.066406	C#4	61	41	293	36.750000	C#4	61	80	
293	63.067708	A4	69	60	292	36.750000	A4	69	80	
294	63.473958	E4	64	56	295	37.000000	E4	64	80	
295	63.476562	G#4	68	68	294	37.000000	G#4	68	80	
296	63.484375	B3	59	39	296	37.000000	B3	59	80	
297	63.873698	C#3	49	30	298	37.250000	C#3	49	80	
298	63.910156	E4	64	54	297	37.250000	E4	64	80	
299	64.328125	A3	57	39	301	37.500000	A3	57	80	
300	64.337240	A4	69	66	299	37.500000	A4	69	80	
301	64.345052	F#3	54	32	302	37.500000	F#3	54	80	
302	64.356771	D4	62	52	300	37.500000	D4	62	80	
303	64.750000	E3	52	44	305	37.750000	E3	52	80	
304	64.753906	G#3	56	37	304	37.750000	G#3	56	80	
305	64.777344	C#4	61	44	303	37.750000	C#4	61	80	
306	65.157552	D3	50	35	308	38.000000	D3	50	80	
307	65.167969	F#3	54	38	307	38.000000	F#3	54	80	
308	65.177083	B3	59	45	306	38.000000	B3	59	80	
309	65.621094	C#4	61	42	309	38.250000	C#4	61	80	
310	66.032552	E3	52	39	311	38.500000	E3	52	80	
311	66.049479	D4	62	39	310	38.500000	D4	62	80	
312	66.490885	G#4	68	50	313	38.750000	G#4	68	80	
313	66.992188	A2	45	37	315	39.000000	A2	45	80	
314	67.003906	A4	69	57	314	39.000000	A4	69	80	
315	67.423177	C#4	61	41	316	39.250000	C#4	61	80	
316	67.843750	F#4	66	42	317	39.500000	F#4	66	80	
317	68.282552	F#2	42	43	319	39.750000	F#2	42	80	
318	68.289062	E4	64	42	318	39.750000	E4	64	80	
319	68.657552	Eb4	63	47	320	40.000000	Eb4	63	80	
320	68.673177	B2	47	45	321	40.000000	B2	47	80	
321	69.078125	F#4	66	48	322	40.250000	F#4	66	80	
322	69.083333	B3	59	55	323	40.250000	B3	59	80	
323	69.502604	B3	59	68	325	40.500000	B3	59	80	
324	69.516927	B4	71	57	324	40.500000	B4	71	80	
325	69.910156	A4	69	66	326	40.750000	A4	69	80	
326	69.916667	B3	59	71	327	40.750000	B3	59	80	
327	70.308594	E3	52	60	329	41.000000	E3	52	80	
328	70.328125	G4	67	58	328	41.000000	G4	67	80	
329	70.692708	D3	50	50	331	41.250000	D3	50	80	
330	70.694010	B3	59	50	330	41.250000	B3	59	80	
331	71.117188	G3	55	65	333	41.500000	G3	55	80	
332	71.132812	C#3	49	44	334	41.500000	C#3	49	80	
333	71.141927	E4	64	56	332	41.500000	E4	64	80	
334	71.507812	B2	47	51	336	41.750000	B2	47	80	
335	71.559896	D4	62	47	335	41.750000	D4	62	80	
336	71.947917	Bb2	46	46	338	42.000000	Bb2	46	80	
337	71.963542	C#4	61	60	337	42.000000	C#4	61	80	
338	72.376302	C#3	49	46	340	42.250000	C#3	49	80	
339	72.380208	F#5	78	83	339	42.250000	F#5	78	80	
340	72.790365	F#5	78	87	341	42.500000	F#5	78	80	
341	72.798177	F#3	54	57	342	42.500000	F#3	54	80	
342	73.197917	Bb2	46	50	345	42.750000	Bb2	46	80	
343	73.199219	F#5	78	87	343	42.750000	F#5	78	80	
344	73.203125	E3	52	55	344	42.750000	E3	52	80	
345	73.585938	B4	71	75	346	43.000000	B4	71	80	
346	73.597656	A2	45	47	348	43.000000	A2	45	80	
347	73.605469	Eb3	51	57	347	43.000000	Eb3	51	80	
348	74.003906	B4	71	79	349	43.250000	B4	71	80	
349	74.013021	F3	53	58	350	43.250000	F3	53	80	
350	74.174479	F#3	54	71	351	43.375000	F#3	54	80	
351	74.384115	B4	71	78	353	43.500000	B4	71	80	
352	74.388021	F3	53	55	354	43.500000	F3	53	80	
353	74.388021	D5	74	77	352	43.500000	D5	74	80	
354	74.804688	G#2	44	50	356	43.750000	G#2	44	80	
355	74.816406	B4	71	79	355	43.750000	B4	71	80	
356	75.208333	E4	64	77	357	44.000000	E4	64	80	
357	75.226562	C#3	49	42	358	44.000000	C#3	49	80	
358	75.621094	B3	59	50	360	44.250000	B3	59	80	
359	75.625000	G#4	68	70	359	44.250000	G#4	68	80	
360	76.045573	G4	67	71	362	44.500000	G4	67	80	
361	76.054688	Bb3	58	46	363	44.500000	Bb3	58	80	
362	76.057292	C#5	73	55	361	44.500000	C#5	73	80	
363	76.459635	C#4	61	45	365	44.750000	C#4	61	80	
364	76.476562	B4	71	59	364	44.750000	B4	71	80	
365	76.869792	F#2	42	46	368	45.000000	F#2	42	80	
366	76.881510	Bb4	70	55	367	45.000000	Bb4	70	80	
367	77.302083	F#3	54	47	371	45.250000	F#3	54	80	
368	77.302083	C#4	61	59	369	45.250000	C#4	61	80	
369	77.320312	E4	64	43	370	45.250000	E4	64	80	
370	77.730469	G#3	56	43	375	45.500000	G#3	56	80	
371	77.733073	D4	62	46	374	45.500000	D4	62	80	
372	77.738281	B4	71	52	372	45.500000	B4	71	80	
373	77.739583	F#4	66	52	373	45.500000	F#4	66	80	
374	78.140625	Bb3	58	30	379	45.750000	Bb3	58	80	
375	78.141927	C#5	73	60	376	45.750000	C#5	73	80	
376	78.145833	C#4	61	39	378	45.750000	C#4	61	80	
377	78.149740	E4	64	55	377	45.750000	E4	64	80	
378	78.555990	B3	59	44	382	46.000000	B3	59	80	
379	78.570312	D4	62	51	381	46.000000	D4	62	80	
380	78.570312	D5	74	62	380	46.000000	D5	74	80	
381	78.998698	F#4	66	62	384	46.250000	F#4	66	80	
382	79.005208	A3	57	43	385	46.250000	A3	57	80	
383	79.375000	G#3	56	41	387	46.500000	G#3	56	80	
384	79.410156	B4	71	56	386	46.500000	B4	71	80	
385	79.815104	A4	69	58	388	46.750000	A4	69	80	
386	79.817708	F#3	54	40	389	46.750000	F#3	54	80	
387	80.204427	G#4	68	51	390	47.000000	G#4	68	80	
388	80.210938	F3	53	38	391	47.000000	F3	53	80	
389	80.638021	G#3	56	58	392	47.250000	G#3	56	80	
390	81.036458	C#4	61	62	394	47.500000	C#4	61	80	
391	81.061198	C#5	73	73	393	47.500000	C#5	73	80	
392	81.453125	B3	59	62	395	47.750000	B3	59	80	
393	81.869792	A3	57	57	396	48.000000	A3	57	80	
394	82.277344	F#3	54	67	398	48.250000	F#3	54	80	
395	82.290365	C#4	61	53	397	48.250000	C#4	61	80	
396	82.674479	F#3	54	76	400	48.500000	F#3	54	80	
397	82.687500	F#4	66	62	399	48.500000	F#4	66	80	
398	83.085938	F#3	54	78	402	48.750000	F#3	54	80	
399	83.096354	E4	64	67	401	48.750000	E4	64	80	
400	83.485677	B2	47	75	404	49.000000	B2	47	80	
401	83.513021	D4	62	65	403	49.000000	D4	62	80	
402	83.907552	F#3	54	61	406	49.250000	F#3	54	80	
403	83.928385	B4	71	63	405	49.250000	B4	71	80	
404	84.088542	A4	69	76	407	49.375000	A4	69	80	
405	84.299479	B3	59	57	409	49.500000	B3	59	80	
406	84.316406	D3	50	55	410	49.500000	D3	50	80	
407	84.316406	G#4	68	72	408	49.500000	G#4	68	80	
408	84.371094	C#3	49	5	*	-1	*	-1	-1	
409	84.704427	A3	57	56	413	49.750000	A3	57	80	
410	84.717448	F#4	66	64	411	49.750000	F#4	66	80	
411	85.098958	G#3	56	51	416	50.000000	G#3	56	80	
412	85.113281	F4	65	58	414	50.000000	F4	65	80	
413	85.118490	B3	59	52	415	50.000000	B3	59	80	
414	85.536458	G#2	44	60	417	50.250000	G#2	44	80	
415	85.923177	C#3	49	53	418	50.500000	C#3	49	80	
416	86.330729	B2	47	46	419	50.750000	B2	47	80	
417	86.744792	A2	45	48	420	51.000000	A2	45	80	
418	87.143229	F#3	54	46	423	51.250000	F#3	54	80	
419	87.157552	C#4	61	50	421	51.250000	C#4	61	80	
420	87.160156	A3	57	43	422	51.250000	A3	57	80	
421	87.337240	G#3	56	43	425	51.375000	G#3	56	80	
422	87.351562	B3	59	50	424	51.375000	B3	59	80	
423	87.565104	A3	57	42	428	51.500000	A3	57	80	
424	87.575521	F#4	66	64	426	51.500000	F#4	66	80	
425	87.593750	C#4	61	46	427	51.500000	C#4	61	80	
426	87.970052	B2	47	38	430	51.750000	B2	47	80	
427	88.005208	D4	62	41	429	51.750000	D4	62	80	
428	88.386719	C#3	49	30	433	52.000000	C#3	49	80	
429	88.404948	G#3	56	40	432	52.000000	G#3	56	80	
430	88.420573	C#4	61	44	431	52.000000	C#4	61	80	
431	88.829427	F#3	54	31	434	52.250000	F#3	54	80	
432	89.247396	G#3	56	41	436	52.500000	G#3	56	80	
433	89.259115	F4	65	51	435	52.500000	F4	65	80	
434	89.654948	B3	59	39	437	52.750000	B3	59	80	
435	90.115885	F#2	42	39	441	53.000000	F#2	42	80	
436	90.139323	F#4	66	48	438	53.000000	F#4	66	80	
437	90.144531	A3	57	43	439	53.000000	A3	57	80	
438	90.153646	F#3	54	24	440	53.000000	F#3	54	80	
439	90.578125	A3	57	56	442	53.250000	A3	57	80	
440	90.979167	A3	57	73	443	53.500000	A3	57	80	
441	91.360677	A5	81	71	444	53.750000	A5	81	80	
442	91.363281	A3	57	68	445	53.750000	A3	57	80	
443	91.785156	D3	50	65	447	54.000000	D3	50	80	
444	91.791667	A5	81	76	446	54.000000	A5	81	80	
445	92.192708	A5	81	82	448	54.250000	A5	81	80	
446	92.207031	A4	69	64	449	54.250000	A4	69	80	
447	92.575521	D5	74	77	450	54.500000	D5	74	80	
448	92.585938	F#3	54	57	452	54.500000	F#3	54	80	
449	92.595052	A4	69	69	451	54.500000	A4	69	80	
450	92.993490	A4	69	74	453	54.750000	A4	69	80	
451	93.428385	F#5	78	78	454	55.000000	F#5	78	80	
452	93.434896	D4	62	59	455	55.000000	D4	62	80	
453	93.841146	D3	50	58	456	55.250000	D3	50	80	
454	93.843750	B2	47	52	457	55.250000	B2	47	80	
455	94.229167	G3	55	70	458	55.500000	G3	55	80	
456	94.236979	E3	52	62	459	55.500000	E3	52	80	
457	94.628906	F#3	54	55	461	55.750000	F#3	54	80	
458	94.630208	B4	71	73	460	55.750000	B4	71	80	
459	94.631510	D3	50	54	462	55.750000	D3	50	80	
460	95.010417	C#3	49	50	465	56.000000	C#3	49	80	
461	95.037760	E3	52	50	464	56.000000	E3	52	80	
462	95.037760	E5	76	78	463	56.000000	E5	76	80	
463	95.414062	B2	47	48	468	56.250000	B2	47	80	
464	95.429688	D5	74	61	466	56.250000	D5	74	80	
465	95.438802	E4	64	69	467	56.250000	E4	64	80	
466	95.851562	A2	45	51	471	56.500000	A2	45	80	
467	95.854167	C#5	73	75	469	56.500000	C#5	73	80	
468	95.880208	A4	69	56	470	56.500000	A4	69	80	
469	96.247396	E3	52	45	473	56.750000	A3	57	80	
470	96.279948	G4	67	51	472	56.750000	G4	67	80	
471	96.634115	A3	57	49	475	57.000000	D4	62	80	
472	96.645833	F#4	66	60	474	57.000000	F#4	66	80	
473	97.046875	A4	69	76	476	57.250000	A4	69	80	
474	97.408854	B3	59	72	479	57.500000	B3	59	80	
475	97.425781	D5	74	74	478	57.500000	D5	74	80	
476	97.816406	C5	72	64	480	57.750000	C5	72	80	
477	97.847656	D4	62	50	481	57.750000	D4	62	80	
478	98.246094	B4	71	71	482	58.000000	B4	71	80	
479	98.264323	G4	67	57	483	58.000000	G4	67	80	
480	98.636719	F#4	66	65	484	58.250000	F#4	66	80	
481	98.651042	B2	47	49	486	58.250000	B2	47	80	
482	98.667969	A3	57	35	485	58.250000	A3	57	80	
483	99.091146	E4	64	71	487	58.500000	E4	64	80	
484	99.098958	G3	55	53	488	58.500000	G3	55	80	
485	99.108073	E3	52	53	489	58.500000	E3	52	80	
486	99.492188	B4	71	68	490	58.750000	B4	71	80	
487	99.494792	D3	50	53	491	58.750000	D3	50	80	
488	99.507812	C5	72	60	*	-1	*	-1	-1	
489	99.910156	C3	48	57	493	59.000000	C3	48	80	
490	99.912760	E5	76	82	492	59.000000	E5	76	80	
491	99.947917	F5	77	44	*	-1	*	-1	-1	
492	100.311198	B2	47	50	496	59.250000	B2	47	80	
493	100.313802	D5	74	81	494	59.250000	D5	74	80	
494	100.321615	E3	52	56	495	59.250000	E3	52	80	
495	100.709635	A2	45	49	499	59.500000	A2	45	80	
496	100.713542	C5	72	82	497	59.500000	C5	72	80	
497	100.736979	A3	57	53	498	59.500000	A3	57	80	
498	101.130208	G3	55	47	501	59.750000	G3	55	80	
499	101.135417	E4	64	60	500	59.750000	E4	64	80	
500	101.507812	F#3	54	49	503	60.000000	F#3	54	80	
501	101.522135	A4	69	60	502	60.000000	A4	69	80	
502	101.920573	G4	67	59	504	60.250000	G4	67	80	
503	101.947917	E3	52	42	505	60.250000	E3	52	80	
504	102.315104	D3	50	44	507	60.500000	D3	50	80	
505	102.326823	F#4	66	55	506	60.500000	F#4	66	80	
506	102.333333	B2	47	30	508	60.500000	B2	47	80	
507	102.731771	F#3	54	43	510	60.750000	F#3	54	80	
508	102.734375	D4	62	53	509	60.750000	D4	62	80	
509	103.132812	B4	71	66	511	61.000000	B4	71	80	
510	103.141927	B3	59	44	513	61.000000	B3	59	80	
511	103.145833	G4	67	56	512	61.000000	G4	67	80	
512	103.520833	A3	57	46	515	61.250000	A3	57	80	
513	103.523438	F#4	66	53	514	61.250000	F#4	66	80	
514	103.531250	D3	50	35	516	61.250000	D3	50	80	
515	103.950521	E4	64	45	517	61.500000	E4	64	80	
516	103.960938	G3	55	31	518	61.500000	G3	55	80	
517	104.335938	F#3	54	34	521	61.750000	F#3	54	80	
518	104.352865	D4	62	41	520	61.750000	D4	62	80	
519	104.729167	E3	52	41	523	62.000000	E3	52	80	
520	104.746094	G3	55	34	*	-1	*	-1	-1	
521	104.757812	C4	60	47	522	62.000000	C4	60	80	
522	105.118490	A4	69	65	524	62.250000	A4	69	80	
523	105.122396	A3	57	37	525	62.250000	A3	57	80	
524	105.123698	F#3	54	41	526	62.250000	F#3	54	80	
525	105.523438	G3	55	42	529	62.500000	G3	55	80	
526	105.562500	B3	59	49	527	62.500000	B3	59	80	
527	105.977865	E3	52	34	532	62.750000	E3	52	80	
528	105.989583	G4	67	55	530	62.750000	G4	67	80	
529	106.006510	E4	64	41	531	62.750000	E4	64	80	
530	106.402344	A3	57	42	534	63.000000	A3	57	80	
531	106.403646	C3	48	40	535	63.000000	C3	48	80	
532	106.790365	A2	45	42	537	63.250000	A2	45	80	
533	106.824219	F#4	66	52	536	63.250000	F#4	66	80	
534	106.891927	G4	67	50	*	-1	*	-1	-1	
535	107.040365	E4	64	59	538	63.375000	E4	64	80	
536	107.222656	F#4	66	67	539	63.500000	F#4	66	80	
537	107.223958	D3	50	53	541	63.500000	D3	50	80	
538	107.278646	D4	62	48	540	63.500000	D4	62	80	
539	107.626302	C3	48	52	542	63.750000	C3	48	80	
540	108.066406	G4	67	73	543	64.000000	G4	67	80	
541	108.070312	B2	47	41	545	64.000000	B2	47	80	
542	108.070312	G3	55	54	544	64.000000	G3	55	80	
543	108.467448	D3	50	65	547	64.250000	D3	50	80	
544	108.475260	D4	62	86	546	64.250000	D4	62	80	
545	108.897135	G3	55	70	549	64.500000	G3	55	80	
546	108.899740	D4	62	80	548	64.500000	D4	62	80	
547	109.285156	B4	71	83	550	64.750000	B4	71	80	
548	109.286458	F#3	54	66	552	64.750000	F#3	54	80	
549	109.295573	D4	62	73	551	64.750000	D4	62	80	
550	109.671875	E3	52	66	555	65.000000	E3	52	80	
551	109.675781	G3	55	73	554	65.000000	G3	55	80	
552	109.678385	B4	71	91	553	65.000000	B4	71	80	
553	110.070312	B4	71	87	557	65.250000	B4	71	80	
554	110.075521	G5	79	88	556	65.250000	G5	79	80	
555	110.496094	E4	64	78	559	65.500000	E4	64	80	
556	110.500000	G5	79	88	558	65.500000	G5	79	80	
557	110.507812	B3	59	71	560	65.500000	B3	59	80	
558	110.897135	G5	79	91	561	65.750000	G5	79	80	
559	111.302083	C#5	73	88	562	66.000000	C#5	73	80	
560	111.308594	G4	67	65	563	66.000000	G4	67	80	
561	111.708333	D3	50	58	565	66.250000	D3	50	80	
562	111.725260	E3	52	62	564	66.250000	E3	52	80	
563	112.148438	C#3	49	47	568	66.500000	C#3	49	80	
564	112.149740	A3	57	54	567	66.500000	A3	57	80	
565	112.152344	E5	76	82	566	66.500000	E5	76	80	
566	112.540365	A2	45	49	571	66.750000	A2	45	80	
567	112.554688	C#4	61	65	569	66.750000	C#4	61	80	
568	112.562500	G3	55	48	570	66.750000	G3	55	80	
569	112.976562	D3	50	44	574	67.000000	D3	50	80	
570	112.981771	F#4	66	65	572	67.000000	F#4	66	80	
571	112.988281	F#3	54	40	573	67.000000	F#3	54	80	
572	113.377604	A4	69	70	575	67.250000	A4	69	80	
573	113.382812	E4	64	54	576	67.250000	E4	64	80	
574	113.384115	C3	48	46	577	67.250000	C3	48	80	
575	113.794271	B2	47	43	580	67.500000	B2	47	80	
576	113.802083	D5	74	74	578	67.500000	D5	74	80	
577	113.820312	D4	62	50	579	67.500000	D4	62	80	
578	114.217448	C5	72	65	581	67.750000	C5	72	80	
579	114.220052	A2	45	46	582	67.750000	A2	45	80	
580	114.619792	G2	43	46	584	68.000000	G2	43	80	
581	114.622396	B4	71	69	583	68.000000	B4	71	80	
582	115.054688	B2	47	46	585	68.250000	B2	47	80	
583	115.458333	G#2	44	40	587	68.500000	G#2	44	80	
584	115.460938	E3	52	43	586	68.500000	E3	52	80	
585	115.850260	D3	50	44	589	68.750000	D3	50	80	
586	115.865885	B3	59	50	588	68.750000	B3	59	80	
587	116.240885	C#3	49	31	591	69.000000	C#3	49	80	
588	116.247396	A2	45	30	592	69.000000	A2	45	80	
589	116.272135	E4	64	46	590	69.000000	E4	64	80	
590	116.666667	E4	64	67	593	69.250000	E4	64	80	
591	116.675781	D3	50	41	595	69.250000	D3	50	80	
592	116.690104	D4	62	54	594	69.250000	D4	62	80	
593	117.101562	A4	69	68	596	69.500000	A4	69	80	
594	117.104167	C#4	61	51	597	69.500000	C#4	61	80	
595	117.123698	E3	52	40	598	69.500000	E3	52	80	
596	117.507812	E4	64	51	*	-1	*	-1	-1	
597	117.510417	G4	67	57	599	69.750000	G4	67	80	
598	117.912760	Bb2	46	44	601	70.000000	Bb2	46	80	
599	117.930990	F#4	66	58	600	70.000000	F#4	66	80	
600	118.337240	C#3	49	42	602	70.250000	C#3	49	80	
601	118.753906	F#3	54	41	604	70.500000	F#3	54	80	
602	118.763021	C#5	73	63	603	70.500000	C#5	73	80	
603	119.171875	E3	52	41	606	70.750000	E3	52	80	
604	119.182292	C#4	61	46	605	70.750000	C#4	61	80	
605	119.576823	B2	47	35	609	71.000000	B2	47	80	
606	119.588542	D3	50	45	608	71.000000	D3	50	80	
607	119.598958	F#4	66	44	607	71.000000	F#4	66	80	
608	120.029948	F#4	66	62	610	71.250000	F#4	66	80	
609	120.032552	E4	64	45	611	71.250000	E4	64	80	
610	120.436198	B4	71	60	612	71.500000	B4	71	80	
611	120.451823	D4	62	43	613	71.500000	D4	62	80	
612	120.816406	A4	69	50	614	71.750000	A4	69	80	
613	120.821615	F#3	54	46	615	71.750000	F#3	54	80	
614	121.216146	G4	67	53	616	72.000000	G4	67	80	
615	121.230469	B2	47	37	*	-1	*	-1	-1	
616	121.236979	B3	59	42	617	72.000000	B3	59	80	
617	121.636719	A3	57	49	618	72.250000	A3	57	80	
618	122.031250	E3	52	42	621	72.500000	E3	52	80	
619	122.049479	G3	55	49	620	72.500000	G3	55	80	
620	122.459635	B3	59	57	622	72.750000	B3	59	80	
621	122.464844	D3	50	41	623	72.750000	D3	50	80	
622	122.863281	C#3	49	47	625	73.000000	C#3	49	80	
623	122.885417	E4	64	62	624	73.000000	E4	64	80	
624	123.289062	E3	52	53	627	73.250000	E3	52	80	
625	123.291667	D4	62	65	626	73.250000	D4	62	80	
626	123.687500	C#4	61	70	628	73.500000	C#4	61	80	
627	123.717448	A3	57	55	629	73.500000	A3	57	80	
628	124.109375	E4	64	69	630	73.750000	E4	64	80	
629	124.114583	G3	55	64	631	73.750000	G3	55	80	
630	124.515625	A4	69	82	632	74.000000	A4	69	80	
631	124.520833	F#3	54	58	633	74.000000	F#3	54	80	
632	124.920573	A3	57	60	636	74.250000	A3	57	80	
633	124.921875	G4	67	80	634	74.250000	G4	67	80	
634	124.947917	C#4	61	56	635	74.250000	C#4	61	80	
635	125.315104	F#4	66	87	637	74.500000	F#4	66	80	
636	125.319010	D4	62	60	639	74.500000	D4	62	80	
637	125.756510	E4	64	69	641	74.750000	E4	64	80	
638	125.756510	A4	69	88	640	74.750000	A4	69	80	
639	125.760417	C#4	61	60	642	74.750000	C#4	61	80	
640	126.154948	D5	74	90	643	75.000000	D5	74	80	
641	126.175781	B3	59	57	645	75.000000	B3	59	80	
642	126.183594	D4	62	53	644	75.000000	D4	62	80	
643	126.578125	C#5	73	90	646	75.250000	C#5	73	80	
644	126.582031	A3	57	67	648	75.250000	A3	57	80	
645	126.592448	F#4	66	71	647	75.250000	F#4	66	80	
646	126.989583	G3	55	77	651	75.500000	G3	55	80	
647	126.994792	B4	71	89	649	75.500000	B4	71	80	
648	127.393229	F#3	54	72	654	75.750000	F#3	54	80	
649	127.408854	D5	74	96	652	75.750000	D5	74	80	
650	127.417969	A4	69	68	653	75.750000	A4	69	80	
651	127.807292	G5	79	97	655	76.000000	G5	79	80	
652	127.816406	E3	52	68	657	76.000000	E3	52	80	
653	127.819010	G4	67	79	656	76.000000	G4	67	80	
654	128.216146	D3	50	79	659	76.250000	D3	50	80	
655	128.222656	B4	71	94	658	76.250000	B4	71	80	
656	128.647135	C#3	49	67	661	76.500000	C#3	49	80	
657	128.656250	E5	76	95	660	76.500000	E5	76	80	
658	129.059896	D5	74	91	662	76.750000	D5	74	80	
659	129.061198	B2	47	70	663	76.750000	B2	47	80	
660	129.453125	A2	45	77	665	77.000000	A2	45	80	
661	129.466146	C#5	73	94	664	77.000000	C#5	73	80	
662	129.893229	G2	43	81	667	77.250000	G2	43	80	
663	129.898438	E5	76	99	666	77.250000	E5	76	80	
664	130.316406	F#2	42	88	669	77.500000	F#2	42	80	
665	130.317708	A5	81	101	668	77.500000	A5	81	80	
666	130.761719	G5	79	90	670	77.750000	G5	79	80	
667	130.764323	E2	40	82	671	77.750000	E2	40	80	
668	130.764323	E5	76	88	*	-1	*	-1	-1	
669	131.269531	D5	74	86	673	78.000000	D5	74	80	
670	131.269531	F#5	78	92	672	78.000000	F#5	78	80	
671	131.270833	D2	38	87	674	78.000000	D2	38	80	
672	131.848958	D4	62	93	677	78.250000	D4	62	80	
673	131.855469	E5	76	75	676	78.250000	E5	76	80	
674	131.856771	G5	79	83	675	78.250000	G5	79	80	
675	132.308594	D4	62	93	680	78.500000	D4	62	80	
676	132.315104	A5	81	84	678	78.500000	A5	81	80	
677	132.335938	F#5	78	86	679	78.500000	F#5	78	80	
678	132.744792	D3	50	72	682	78.750000	D3	50	80	
679	132.753906	D4	62	88	681	78.750000	D4	62	80	
680	133.166667	E3	52	69	684	79.000000	E3	52	80	
681	133.169271	G3	55	86	683	79.000000	G3	55	80	
682	133.549479	D5	74	85	685	79.250000	D5	74	80	
683	133.553385	B4	71	81	686	79.250000	B4	71	80	
684	133.970052	B3	59	81	689	79.500000	B3	59	80	
685	133.977865	G5	79	85	687	79.500000	G5	79	80	
686	133.992188	E5	76	75	688	79.500000	E5	76	80	
687	134.376302	E3	52	64	692	79.750000	E3	52	80	
688	134.397135	D5	74	75	691	79.750000	D5	74	80	
689	134.401042	F#5	78	82	690	79.750000	F#5	78	80	
690	134.817708	A3	57	64	695	80.000000	A3	57	80	
691	134.819010	E5	76	79	693	80.000000	E5	76	80	
692	134.820312	C#5	73	71	694	80.000000	C#5	73	80	
693	135.217448	E3	52	69	696	80.250000	E3	52	80	
694	135.257812	G3	55	49	697	80.250000	G3	55	80	
695	135.606771	F#3	54	55	699	80.500000	F#3	54	80	
696	135.618490	A3	57	75	698	80.500000	A3	57	80	
697	136.028646	G3	55	65	701	80.750000	G3	55	80	
698	136.035156	E3	52	54	702	80.750000	E3	52	80	
699	136.044271	E4	64	70	700	80.750000	E4	64	80	
700	136.428385	D3	50	49	705	81.000000	D3	50	80	
701	136.430990	F#3	54	59	704	81.000000	F#3	54	80	
702	136.440104	A4	69	71	703	81.000000	A4	69	80	
703	136.847656	E3	52	52	708	81.250000	E3	52	80	
704	136.859375	G3	55	52	707	81.250000	G3	55	80	
705	136.861979	G4	67	72	706	81.250000	G4	67	80	
706	137.278646	D5	74	73	709	81.500000	D5	74	80	
707	137.292969	F#3	54	45	712	81.500000	F#3	54	80	
708	137.296875	A3	57	44	711	81.500000	A3	57	80	
709	137.312500	F#4	66	45	710	81.500000	F#4	66	80	
710	137.684896	C5	72	71	713	81.750000	C5	72	80	
711	137.733073	E4	64	45	714	81.750000	E4	64	80	
712	138.121094	B4	71	72	715	82.000000	B4	71	80	
713	138.143229	D4	62	54	716	82.000000	D4	62	80	
714	138.537760	D3	50	56	717	82.250000	D3	50	80	
715	138.540365	B2	47	52	718	82.250000	B2	47	80	
716	138.946615	G3	55	61	720	82.500000	G3	55	80	
717	138.955729	E3	52	53	721	82.500000	E3	52	80	
718	138.958333	C#4	61	56	719	82.500000	C#4	61	80	
719	139.364583	F#3	54	52	723	82.750000	F#3	54	80	
720	139.377604	D3	50	38	724	82.750000	D3	50	80	
721	139.382812	D4	62	54	722	82.750000	D4	62	80	
722	139.756510	C#3	49	30	727	83.000000	C#3	49	80	
723	139.782552	E3	52	34	726	83.000000	E3	52	80	
724	139.790365	E4	64	50	725	83.000000	E4	64	80	
725	140.184896	B2	47	41	730	83.250000	B2	47	80	
726	140.203125	E4	64	67	728	83.250000	E4	64	80	
727	140.221354	D4	62	53	729	83.250000	D4	62	80	
728	140.609375	A2	45	43	733	83.500000	A2	45	80	
729	140.619792	A4	69	62	731	83.500000	A4	69	80	
730	140.639323	C#4	61	40	732	83.500000	C#4	61	80	
731	141.033854	E4	64	48	735	83.750000	E4	64	80	
732	141.039062	G4	67	51	734	83.750000	G4	67	80	
733	141.462240	F#4	66	47	736	84.000000	F#4	66	80	
734	141.856771	A3	57	49	738	84.250000	A3	57	80	
735	141.868490	D4	62	43	737	84.250000	D4	62	80	
736	142.260417	A3	57	71	740	84.500000	A3	57	80	
737	142.263021	E4	64	65	739	84.500000	E4	64	80	
738	142.644531	A3	57	70	742	84.750000	A3	57	80	
739	142.662760	C#4	61	59	741	84.750000	C#4	61	80	
740	143.063802	Eb3	51	55	745	85.000000	Eb3	51	80	
741	143.072917	F#4	66	71	743	85.000000	F#4	66	80	
742	143.093750	C4	60	54	744	85.000000	C4	60	80	
743	143.477865	E3	52	56	748	85.250000	E3	52	80	
744	143.477865	G#4	68	84	746	85.250000	G#4	68	80	
745	143.505208	B3	59	56	747	85.250000	B3	59	80	
746	143.920573	A4	69	84	749	85.500000	A4	69	80	
747	143.928385	F3	53	49	751	85.500000	F3	53	80	
748	143.951823	A3	57	62	750	85.500000	A3	57	80	
749	144.345052	C4	60	56	752	85.750000	C4	60	80	
750	144.774740	D4	62	60	753	86.000000	D4	62	80	
751	145.161458	B2	47	63	756	86.250000	B2	47	80	
752	145.166667	B3	59	63	755	86.250000	B3	59	80	
753	145.192708	E4	64	62	754	86.250000	E4	64	80	
754	145.377604	F4	65	76	757	86.375000	F4	65	80	
755	145.574219	G#4	68	82	758	86.500000	G#4	68	80	
756	145.582031	E3	52	58	761	86.500000	E3	52	80	
757	145.595052	E4	64	58	759	86.500000	E4	64	80	
758	145.606771	B3	59	46	760	86.500000	B3	59	80	
759	145.963542	B3	59	33	762	86.750000	B3	59	80	
760	145.977865	D3	50	59	763	86.750000	D3	50	80	
761	146.395833	C#3	49	52	766	87.000000	C#3	49	80	
762	146.406250	E3	52	60	765	87.000000	E3	52	80	
763	146.411458	A4	69	81	764	87.000000	A4	69	80	
764	146.820312	A2	45	67	768	87.250000	A2	45	80	
765	146.820312	A5	81	90	767	87.250000	A5	81	80	
766	147.212240	A5	81	91	769	87.500000	A5	81	80	
767	147.214844	D3	50	63	770	87.500000	D3	50	80	
768	147.611979	A5	81	85	771	87.750000	A5	81	80	
769	147.619792	C#3	49	56	773	87.750000	C#3	49	80	
770	147.631510	F#5	78	83	772	87.750000	F#5	78	80	
771	148.026042	B2	47	69	776	88.000000	B2	47	80	
772	148.033854	F#5	78	91	775	88.000000	F#5	78	80	
773	148.040365	D5	74	74	774	88.000000	D5	74	80	
774	148.429688	D4	62	73	778	88.250000	D4	62	80	
775	148.436198	F#5	78	92	777	88.250000	F#5	78	80	
776	148.845052	F#5	78	93	779	88.500000	F#5	78	80	
777	148.852865	D4	62	73	781	88.500000	D4	62	80	
778	148.856771	B4	71	79	780	88.500000	B4	71	80	
779	149.046875	B3	59	24	*	-1	*	-1	-1	
780	149.240885	B3	59	54	783	88.750000	B3	59	80	
781	149.243490	D4	62	71	782	88.750000	D4	62	80	
782	149.626302	B3	59	66	786	89.000000	B3	59	80	
783	149.635417	G#3	56	63	785	89.000000	G#3	56	80	
784	149.643229	D5	74	74	784	89.000000	D5	74	80	
785	150.050781	B3	59	67	788	89.250000	B3	59	80	
786	150.055990	B4	71	77	787	89.250000	B4	71	80	
787	150.459635	E3	52	51	791	89.500000	E3	52	80	
788	150.471354	E5	76	81	789	89.500000	E5	76	80	
789	150.476562	B3	59	60	790	89.500000	B3	59	80	
790	150.865885	D5	74	66	792	89.750000	D5	74	80	
791	150.873698	G#4	68	72	793	89.750000	G#4	68	80	
792	151.287760	C#5	73	72	794	90.000000	C#5	73	80	
793	151.295573	G3	55	49	796	90.000000	G3	55	80	
794	151.692708	B4	71	69	797	90.250000	B4	71	80	
795	151.701823	E3	52	51	798	90.250000	E3	52	80	
796	152.132812	A4	69	70	799	90.500000	A4	69	80	
797	152.143229	A3	57	58	800	90.500000	A3	57	80	
798	152.532552	G3	55	50	801	90.750000	G3	55	80	
799	152.540365	C#3	49	43	802	90.750000	C#3	49	80	
800	152.964844	C5	72	73	803	91.000000	C5	72	80	
801	152.972656	F#3	54	56	804	91.000000	F#3	54	80	
802	153.385417	E3	52	54	807	91.250000	E3	52	80	
803	153.389323	G4	67	62	806	91.250000	G4	67	80	
804	153.800781	F#4	66	54	808	91.500000	F#4	66	80	
805	153.809896	D3	50	44	809	91.500000	D3	50	80	
806	154.197917	A3	57	49	811	91.750000	A3	57	80	
807	154.212240	E4	64	63	810	91.750000	E4	64	80	
808	154.609375	F#4	66	61	812	92.000000	F#4	66	80	
809	154.615885	D4	62	42	813	92.000000	D4	62	80	
810	155.026042	C4	60	50	815	92.250000	C4	60	80	
811	155.037760	A4	69	66	814	92.250000	A4	69	80	
812	155.440104	D5	74	73	816	92.500000	D5	74	80	
813	155.451823	B3	59	42	817	92.500000	B3	59	80	
814	155.871094	A3	57	45	819	92.750000	A3	57	80	
815	155.875000	D3	50	35	820	92.750000	D3	50	80	
816	155.880208	C5	72	66	818	92.750000	C5	72	80	
817	156.287760	B4	71	70	821	93.000000	B4	71	80	
818	156.298177	G3	55	44	822	93.000000	G3	55	80	
819	156.699219	D4	62	57	824	93.250000	D4	62	80	
820	156.705729	F#3	54	32	825	93.250000	F#3	54	80	
821	157.125000	E3	52	40	827	93.500000	E3	52	80	
822	157.128906	G4	67	58	826	93.500000	G4	67	80	
823	157.507812	D3	50	45	829	93.750000	D3	50	80	
824	157.531250	F#4	66	56	828	93.750000	F#4	66	80	
825	157.915365	C#3	49	38	831	94.000000	C#3	49	80	
826	157.934896	E4	64	53	830	94.000000	E4	64	80	
827	158.324219	E3	52	49	833	94.250000	E3	52	80	
828	158.364583	D4	62	54	832	94.250000	D4	62	80	
829	158.761719	A3	57	49	836	94.500000	A3	57	80	
830	158.776042	A4	69	73	834	94.500000	A4	69	80	
831	158.787760	C#4	61	56	835	94.500000	C#4	61	80	
832	159.179688	A2	45	45	838	94.750000	A2	45	80	
833	159.186198	G3	55	45	837	94.750000	G3	55	80	
834	159.604167	D3	50	46	840	95.000000	D3	50	80	
835	159.615885	F#3	54	35	839	95.000000	F#3	54	80	
836	160.041667	C3	48	42	842	95.250000	C3	48	80	
837	160.041667	A3	57	56	841	95.250000	A3	57	80	
838	160.440104	B2	47	41	844	95.500000	B2	47	80	
839	160.444010	D4	62	54	843	95.500000	D4	62	80	
840	160.846354	A2	45	43	846	95.750000	A2	45	80	
841	160.847656	C4	60	62	845	95.750000	C4	60	80	
842	161.268229	G2	43	48	848	96.000000	G2	43	80	
843	161.270833	B3	59	68	847	96.000000	B3	59	80	
844	161.691406	B2	47	53	849	96.250000	B2	47	80	
845	162.130208	E3	52	43	851	96.500000	E3	52	80	
846	162.138021	G4	67	79	850	96.500000	G4	67	80	
847	162.537760	D3	50	41	853	96.750000	D3	50	80	
848	162.557292	B3	59	57	852	96.750000	B3	59	80	
849	162.944010	A2	45	40	856	97.000000	A2	45	80	
850	162.946615	C#3	49	39	855	97.000000	C#3	49	80	
851	162.962240	E4	64	54	854	97.000000	E4	64	80	
852	163.363281	E4	64	76	857	97.250000	E4	64	80	
853	163.377604	D4	62	60	858	97.250000	D4	62	80	
854	163.384115	D3	50	47	859	97.250000	D3	50	80	
855	163.792969	A4	69	80	860	97.500000	A4	69	80	
856	163.820312	E3	52	45	862	97.500000	E3	52	80	
857	163.821615	C#4	61	51	861	97.500000	C#4	61	80	
858	164.229167	G4	67	70	863	97.750000	G4	67	80	
859	164.231771	E4	64	60	864	97.750000	E4	64	80	
860	164.682292	F#4	66	77	865	98.000000	F#4	66	80	
861	165.130208	D4	62	54	866	98.250000	D4	62	80	
862	165.147135	D3	50	39	867	98.250000	D3	50	80	
863	165.619792	A3	57	46	869	98.500000	A3	57	80	
864	165.626302	E4	64	72	868	98.500000	E4	64	80	
865	166.174479	G3	55	42	871	98.750000	G3	55	80	
866	166.194010	C#4	61	50	870	98.750000	C#4	61	80	
867	167.026042	D4	62	71	872	99.000000	D4	62	80	
868	167.042969	D2	38	43	875	99.000000	D2	38	80	
869	167.046875	A3	57	55	874	99.000000	A3	57	80	
870	167.048177	F#3	54	57	873	99.000000	F#3	54	80	
871	167.055990	D3	50	45	*	-1	*	-1	-1	
*	-1	*	-1	-1	88	14.500000	D3	50	80	
*	-1	*	-1	-1	122	18.000000	A2	45	80	
*	-1	*	-1	-1	225	29.750000	A2	45	80	
*	-1	*	-1	-1	282	36.000000	A4	69	80	
*	-1	*	-1	-1	312	38.500000	E3	52	80	
*	-1	*	-1	-1	366	44.750000	E3	52	80	
*	-1	*	-1	-1	383	46.000000	B3	59	80	
*	-1	*	-1	-1	412	49.750000	C#4	61	80	
*	-1	*	-1	-1	477	57.250000	C4	60	80	
*	-1	*	-1	-1	519	61.500000	G3	55	80	
*	-1	*	-1	-1	528	62.500000	B3	59	80	
*	-1	*	-1	-1	533	63.000000	E4	64	80	
*	-1	*	-1	-1	619	72.250000	B2	47	80	
*	-1	*	-1	-1	638	74.500000	F#4	66	80	
*	-1	*	-1	-1	650	75.500000	B4	71	80	
*	-1	*	-1	-1	795	90.000000	C#5	73	80	
*	-1	*	-1	-1	805	91.000000	F#3	54	80	
*	-1	*	-1	-1	823	93.000000	G3	55	80	
