// alignID alignOntime alignSitch alignPitch alignOnvel refID refOntime refSitch refPitch refOnvel
0	0.500000	D4	62	42	0	0.250000	D4	62	80	
1	1.037500	D4	62	52	1	0.500000	D4	62	80	
2	1.536458	D4	62	55	2	0.750000	D4	62	80	
3	2.085417	G3	55	50	3	1.000000	G3	55	80	
4	3.114583	B3	59	57	4	1.500000	B3	59	80	
5	4.595833	E3	52	44	5	2.250000	E3	52	80	
6	5.106250	A3	57	53	6	2.500000	A3	57	80	
7	5.579167	G3	55	51	7	2.750000	G3	55	80	
8	6.061458	F#3	54	43	8	3.000000	F#3	54	80	
9	6.530208	A4	69	47	9	3.250000	A4	69	80	
10	7.011458	A4	69	62	10	3.500000	A4	69	80	
11	7.030208	D3	50	38	11	3.500000	D3	50	80	
12	7.478125	A4	69	63	12	3.750000	A4	69	80	
13	7.960417	D4	62	62	13	4.000000	D4	62	80	
14	8.400000	F#3	54	44	14	4.250000	F#3	54	80	
15	8.885417	F#4	66	66	15	4.500000	F#4	66	80	
16	8.889583	B3	59	43	16	4.500000	B3	59	80	
17	9.333333	A3	57	50	17	4.750000	A3	57	80	
18	9.800000	G#3	56	45	18	5.000000	G#3	56	80	
19	10.251042	B3	59	46	19	5.250000	B3	59	80	
20	10.726042	E4	64	50	20	5.500000	E4	64	80	
21	11.171875	D4	62	52	21	5.750000	D4	62	80	
22	11.623958	A3	57	42	23	6.000000	A3	57	80	
23	11.641667	C#4	61	47	22	6.000000	C#4	61	80	
24	12.092708	E4	64	59	24	6.250000	E4	64	80	
25	12.548958	A4	69	65	25	6.500000	A4	69	80	
26	12.565625	C#4	61	48	26	6.500000	C#4	61	80	
27	13.011458	G4	67	68	27	6.750000	G4	67	80	
28	13.480208	F#4	66	65	28	7.000000	F#4	66	80	
29	13.919792	A3	57	47	29	7.250000	A3	57	80	
30	14.382292	A4	69	64	30	7.500000	A4	69	80	
31	14.400000	D4	62	41	31	7.500000	D4	62	80	
32	14.885417	C#4	61	45	32	7.750000	C#4	61	80	
33	15.303125	B3	59	49	33	8.000000	B3	59	80	
34	15.754167	D5	74	71	34	8.250000	D5	74	80	
35	15.778125	D4	62	38	35	8.250000	D4	62	80	
36	16.220833	D5	74	83	36	8.500000	D5	74	80	
37	16.250000	G4	67	45	37	8.500000	G4	67	80	
38	16.685417	F#4	66	54	39	8.750000	F#4	66	80	
39	16.685417	D5	74	81	38	8.750000	D5	74	80	
40	17.160417	G4	67	79	40	9.000000	G4	67	80	
41	17.188542	E4	64	50	41	9.000000	E4	64	80	
42	17.637500	B3	59	48	43	9.250000	B3	59	80	
43	17.642708	F#4	66	61	42	9.250000	F#4	66	80	
44	18.105208	B4	71	84	44	9.500000	B4	71	80	
45	18.128125	E4	64	52	46	9.500000	E4	64	80	
46	18.148958	G4	67	58	45	9.500000	G4	67	80	
47	18.581250	D4	62	63	47	9.750000	D4	62	80	
48	19.044792	C#4	61	58	48	10.000000	C#4	61	80	
49	19.503125	A3	57	66	50	10.250000	A3	57	80	
50	19.555208	E4	64	47	49	10.250000	E4	64	80	
51	19.997917	A3	57	77	53	10.500000	A3	57	80	
52	19.997917	A4	69	65	51	10.500000	A4	69	80	
53	20.009375	F#4	66	61	52	10.500000	F#4	66	80	
54	20.472917	E4	64	65	55	10.750000	E4	64	80	
55	20.479167	A3	57	76	56	10.750000	A3	57	80	
56	20.479167	G4	67	66	54	10.750000	G4	67	80	
57	20.951042	D3	50	76	59	11.000000	D3	50	80	
58	20.973958	F#4	66	68	57	11.000000	F#4	66	80	
59	20.985417	D4	62	57	58	11.000000	D4	62	80	
60	21.445833	A3	57	55	60	11.250000	A3	57	80	
61	21.903125	F#3	54	77	62	11.500000	F#3	54	80	
62	21.946875	D4	62	59	61	11.500000	D4	62	80	
63	22.390625	C#4	61	61	63	11.750000	C#4	61	80	
64	22.862500	G#4	68	80	64	12.000000	G#4	68	80	
65	22.893750	B3	59	44	65	12.000000	B3	59	80	
66	23.339583	B2	47	70	66	12.250000	B2	47	80	
67	23.833333	E3	52	71	67	12.500000	E3	52	80	
68	24.276042	B3	59	70	68	12.750000	B3	59	80	
69	24.287500	D3	50	57	69	12.750000	D3	50	80	
70	24.747917	A4	69	65	70	13.000000	A4	69	80	
71	24.761458	C#3	49	51	72	13.000000	C#3	49	80	
72	24.781250	E4	64	48	71	13.000000	E4	64	80	
73	25.214583	E3	52	68	74	13.250000	E3	52	80	
74	25.236458	D4	62	61	73	13.250000	D4	62	80	
75	25.263542	B2	47	43	75	13.250000	B2	47	80	
76	25.700000	A3	57	76	77	13.500000	A3	57	80	
77	25.717708	C#4	61	51	76	13.500000	C#4	61	80	
78	25.729167	A2	45	55	78	13.500000	A2	45	80	
79	26.152083	E4	64	81	79	13.750000	E4	64	80	
80	26.156250	G3	55	58	80	13.750000	G3	55	80	
81	26.614583	A4	69	79	81	14.000000	A4	69	80	
82	26.641667	F#3	54	59	82	14.000000	F#3	54	80	
83	27.059375	A2	45	69	85	14.250000	A2	45	80	
84	27.066667	G4	67	77	83	14.250000	G4	67	80	
85	27.147917	E3	52	8	84	14.250000	E3	52	80	
86	27.553125	D3	50	70	87	14.500000	D3	50	80	
87	27.564583	F#4	66	70	86	14.500000	F#4	66	80	
88	28.022917	A3	57	73	89	14.750000	A3	57	80	
89	28.032292	C#3	49	57	90	14.750000	C#3	49	80	
90	28.493750	D4	62	65	91	15.000000	D4	62	80	
91	28.495833	B2	47	52	92	15.000000	B2	47	80	
92	28.946875	C#4	61	56	93	15.250000	C#4	61	80	
93	28.951042	A2	45	53	95	15.250000	A2	45	80	
94	28.969792	D3	50	49	94	15.250000	D3	50	80	
95	29.441667	E4	64	69	96	15.500000	E4	64	80	
96	29.451042	G3	55	48	98	15.500000	G3	55	80	
97	29.451042	B3	59	54	97	15.500000	B3	59	80	
98	29.460417	G2	43	39	99	15.500000	G2	43	80	
99	29.920833	D4	62	69	100	15.750000	D4	62	80	
100	29.939583	F#3	54	41	101	15.750000	F#3	54	80	
101	30.396875	E3	52	46	104	16.000000	E3	52	80	
102	30.398958	C#4	61	56	102	16.000000	C#4	61	80	
103	30.409375	A3	57	50	103	16.000000	A3	57	80	
104	30.865625	F#2	42	50	105	16.250000	F#2	42	80	
105	31.336458	D3	50	43	109	16.500000	D3	50	80	
106	31.341667	D4	62	68	106	16.500000	D4	62	80	
107	31.345833	B2	47	42	108	16.500000	B2	47	80	
108	31.367708	G#3	56	55	107	16.500000	G#3	56	80	
109	31.828125	F#3	54	57	110	16.750000	F#3	54	80	
110	31.837500	C#3	49	34	112	16.750000	C#3	49	80	
111	31.850000	A2	45	34	111	16.750000	A2	45	80	
112	32.316667	E3	52	48	113	17.000000	E3	52	80	
113	32.329167	G#2	44	45	114	17.000000	G#2	44	80	
114	32.336458	B2	47	48	115	17.000000	B2	47	80	
115	32.834375	B4	71	68	116	17.250000	B4	71	80	
116	33.062500	A4	69	76	117	17.375000	A4	69	80	
117	33.318750	B4	71	77	118	17.500000	B4	71	80	
118	33.806250	D4	62	62	119	17.750000	D4	62	80	
119	34.311458	E3	52	46	121	18.000000	E3	52	80	
120	34.316667	C#4	61	50	120	18.000000	C#4	61	80	
121	34.342708	A2	45	32	122	18.000000	A2	45	80	
122	34.846875	E4	64	79	123	18.250000	E4	64	80	
123	35.337500	G2	43	68	125	18.500000	G2	43	80	
124	35.337500	E4	64	87	124	18.500000	E4	64	80	
125	35.814583	E4	64	86	126	18.750000	E4	64	80	
126	36.317708	A3	57	90	127	19.000000	A3	57	80	
127	36.323958	F#2	42	63	128	19.000000	F#2	42	80	
128	36.826042	G3	55	52	130	19.250000	G3	55	80	
129	36.828125	E4	64	81	129	19.250000	E4	64	80	
130	37.298958	F#3	54	62	133	19.500000	F#3	54	80	
131	37.305208	C4	60	88	132	19.500000	C4	60	80	
132	37.330208	A4	69	68	131	19.500000	A4	69	80	
133	37.768750	G4	67	78	134	19.750000	G4	67	80	
134	37.772917	E3	52	67	135	19.750000	E3	52	80	
135	38.253125	Eb3	51	62	137	20.000000	Eb3	51	80	
136	38.253125	F#4	66	77	136	20.000000	F#4	66	80	
137	38.261458	B2	47	52	138	20.000000	B2	47	80	
138	38.720833	F#3	54	73	139	20.250000	F#3	54	80	
139	39.189583	B3	59	76	140	20.500000	B3	59	80	
140	39.657292	A3	57	78	141	20.750000	A3	57	80	
141	40.120833	G3	55	60	142	21.000000	G3	55	80	
142	40.126042	E3	52	51	143	21.000000	E3	52	80	
143	40.628125	D3	50	46	146	21.250000	D3	50	80	
144	40.633333	B4	71	90	144	21.250000	B4	71	80	
145	40.672917	B3	59	58	145	21.250000	B3	59	80	
146	41.133333	B4	71	98	147	21.500000	B4	71	80	
147	41.146875	G3	55	52	149	21.500000	G3	55	80	
148	41.165625	E4	64	59	148	21.500000	E4	64	80	
149	41.589583	B4	71	94	150	21.750000	B4	71	80	
150	41.622917	D4	62	75	151	21.750000	D4	62	80	
151	42.067708	E4	64	88	152	22.000000	E4	64	80	
152	42.090625	C#4	61	65	153	22.000000	C#4	61	80	
153	42.543750	B3	59	77	154	22.250000	B3	59	80	
154	42.986458	G4	67	88	155	22.500000	G4	67	80	
155	43.007292	C#3	49	57	157	22.500000	C#3	49	80	
156	43.022917	Bb3	58	65	156	22.500000	Bb3	58	80	
157	43.471875	D3	50	65	159	22.750000	D3	50	80	
158	43.471875	B3	59	66	158	22.750000	B3	59	80	
159	43.917708	E3	52	67	161	23.000000	E3	52	80	
160	43.936458	C#4	61	58	160	23.000000	C#4	61	80	
161	44.383333	G3	55	63	164	23.250000	G3	55	80	
162	44.393750	E4	64	73	163	23.250000	E4	64	80	
163	44.410417	C#4	61	61	162	23.250000	C#4	61	80	
164	44.864583	F#3	54	58	167	23.500000	F#3	54	80	
165	44.864583	F#4	66	76	165	23.500000	F#4	66	80	
166	44.876042	Bb2	46	53	168	23.500000	Bb2	46	80	
167	44.885417	D4	62	58	166	23.500000	D4	62	80	
168	45.312500	E4	64	63	169	23.750000	E4	64	80	
169	45.320833	C#4	61	41	170	23.750000	C#4	61	80	
170	45.775000	B2	47	45	173	24.000000	B2	47	80	
171	45.791667	D4	62	47	171	24.000000	D4	62	80	
172	45.794792	B3	59	44	172	24.000000	B3	59	80	
173	46.248958	F#4	66	61	174	24.250000	F#4	66	80	
174	46.260417	A3	57	46	175	24.250000	A3	57	80	
175	46.714583	B4	71	72	176	24.500000	B4	71	80	
176	46.739583	G#3	56	41	177	24.500000	G#3	56	80	
177	47.175000	F#3	54	55	179	24.750000	F#3	54	80	
178	47.175000	A4	69	62	178	24.750000	A4	69	80	
179	47.653125	G#4	68	71	180	25.000000	G#4	68	80	
180	47.671875	E3	52	48	181	25.000000	E3	52	80	
181	48.118750	B4	71	84	182	25.250000	B4	71	80	
182	48.122917	D3	50	56	183	25.250000	D3	50	80	
183	48.585417	E5	76	91	184	25.500000	E5	76	80	
184	48.590625	C#3	49	63	185	25.500000	C#3	49	80	
185	49.061458	B2	47	67	187	25.750000	B2	47	80	
186	49.061458	D5	74	90	186	25.750000	D5	74	80	
187	49.551042	C#5	73	91	188	26.000000	C#5	73	80	
188	49.577083	A2	45	52	189	26.000000	A2	45	80	
189	50.064583	A4	69	84	190	26.250000	A4	69	80	
190	50.081250	E3	52	65	191	26.250000	E3	52	80	
191	50.536458	A4	69	91	192	26.500000	A4	69	80	
192	50.541667	A3	57	75	193	26.500000	A3	57	80	
193	51.004167	A4	69	86	194	26.750000	A4	69	80	
194	51.007292	G3	55	77	195	26.750000	G3	55	80	
195	51.019792	A2	45	55	196	26.750000	A2	45	80	
196	51.496875	D4	62	92	197	27.000000	D4	62	80	
197	51.506250	F#3	54	78	198	27.000000	F#3	54	80	
198	51.513542	B2	47	60	199	27.000000	B2	47	80	
199	51.989583	D5	74	96	200	27.250000	D5	74	80	
200	52.001042	E3	52	69	201	27.250000	E3	52	80	
201	52.482292	D5	74	99	202	27.500000	D5	74	80	
202	52.491667	D3	50	79	204	27.500000	D3	50	80	
203	52.511458	F#4	66	66	203	27.500000	F#4	66	80	
204	52.961458	D5	74	95	205	27.750000	D5	74	80	
205	52.976042	B2	47	78	206	27.750000	B2	47	80	
206	53.444792	E3	52	88	208	28.000000	E3	52	80	
207	53.453125	G4	67	89	207	28.000000	G4	67	80	
208	53.486458	E2	40	57	209	28.000000	E2	40	80	
209	53.943750	F#3	54	88	211	28.250000	F#3	54	80	
210	53.952083	B3	59	83	210	28.250000	B3	59	80	
211	54.446875	B4	71	96	212	28.500000	B4	71	80	
212	54.451042	G3	55	79	214	28.500000	G3	55	80	
213	54.488542	E4	64	54	213	28.500000	E4	64	80	
214	54.912500	E3	52	61	216	28.750000	E3	52	80	
215	54.912500	D4	62	74	215	28.750000	D4	62	80	
216	55.402083	A2	45	56	218	29.000000	A2	45	80	
217	55.402083	C#4	61	68	217	29.000000	C#4	61	80	
218	55.869792	E4	64	64	219	29.250000	E4	64	80	
219	55.887500	G3	55	49	220	29.250000	G3	55	80	
220	56.350000	F#3	54	52	222	29.500000	F#3	54	80	
221	56.354167	A4	69	62	221	29.500000	A4	69	80	
222	56.830208	A2	45	42	225	29.750000	A2	45	80	
223	56.830208	E3	52	54	224	29.750000	E3	52	80	
224	56.830208	G4	67	62	223	29.750000	G4	67	80	
225	57.335417	D3	50	48	227	30.000000	D3	50	80	
226	57.342708	D2	38	42	228	30.000000	D2	38	80	
227	57.346875	F#4	66	50	226	30.000000	F#4	66	80	
228	57.851042	A3	57	54	229	30.250000	A3	57	80	
229	58.306250	D4	62	59	230	30.500000	D4	62	80	
230	58.784375	C4	60	43	232	30.750000	C4	60	80	
231	58.784375	A4	69	46	231	30.750000	A4	69	80	
232	59.242708	D5	74	57	233	31.000000	D5	74	80	
233	59.261458	B3	59	36	234	31.000000	B3	59	80	
234	59.702083	C5	72	61	235	31.250000	C5	72	80	
235	59.737500	D4	62	34	236	31.250000	D4	62	80	
236	60.163542	B4	71	64	237	31.500000	B4	71	80	
237	60.193750	G4	67	30	238	31.500000	G4	67	80	
238	60.629167	D5	74	69	239	31.750000	D5	74	80	
239	60.657292	F#4	66	33	240	31.750000	F#4	66	80	
240	61.119792	G5	79	78	241	32.000000	G5	79	80	
241	61.137500	E4	64	37	242	32.000000	E4	64	80	
242	61.638542	E3	52	35	244	32.250000	E3	52	80	
243	61.645833	D4	62	42	243	32.250000	D4	62	80	
244	62.078125	F#5	78	77	245	32.500000	F#5	78	80	
245	62.086458	A3	57	48	247	32.500000	A3	57	80	
246	62.096875	C#4	61	45	246	32.500000	C#4	61	80	
247	62.537500	E5	76	71	248	32.750000	E5	76	80	
248	62.559375	G3	55	48	249	32.750000	G3	55	80	
249	62.996875	A5	81	76	250	33.000000	A5	81	80	
250	63.003125	F#3	54	39	252	33.000000	F#3	54	80	
251	63.033333	D4	62	38	251	33.000000	D4	62	80	
252	63.479167	G5	79	83	253	33.250000	G5	79	80	
253	63.495833	E4	64	53	254	33.250000	E4	64	80	
254	63.508333	A3	57	41	255	33.250000	A3	57	80	
255	63.921875	F#5	78	78	256	33.500000	F#5	78	80	
256	63.948958	D4	62	45	258	33.500000	D4	62	80	
257	63.948958	F#4	66	50	257	33.500000	F#4	66	80	
258	64.386458	C#4	61	52	260	33.750000	C#4	61	80	
259	64.395833	E5	76	85	259	33.750000	E5	76	80	
260	64.878125	D5	74	81	261	34.000000	D5	74	80	
261	64.896875	B3	59	57	262	34.000000	B3	59	80	
262	64.910417	F#4	66	43	*	-1	*	-1	-1	
263	65.369792	B2	47	72	263	34.250000	B2	47	80	
264	65.852083	C#5	73	88	264	34.500000	C#5	73	80	
265	65.857292	E3	52	68	266	34.500000	E3	52	80	
266	65.871875	G#4	68	62	265	34.500000	G#4	68	80	
267	66.311458	B4	71	84	267	34.750000	B4	71	80	
268	66.332292	D3	50	64	268	34.750000	D3	50	80	
269	66.770833	C#3	49	63	270	35.000000	C#3	49	80	
270	66.782292	E5	76	84	269	35.000000	E5	76	80	
271	67.243750	D5	74	78	271	35.250000	D5	74	80	
272	67.261458	E3	52	54	273	35.250000	E3	52	80	
273	67.261458	B3	59	57	272	35.250000	B3	59	80	
274	67.713542	C#5	73	82	274	35.500000	C#5	73	80	
275	67.725000	A3	57	48	277	35.500000	A3	57	80	
276	67.725000	A4	69	61	275	35.500000	A4	69	80	
277	67.737500	C#4	61	43	276	35.500000	C#4	61	80	
278	68.191667	E4	64	78	279	35.750000	E4	64	80	
279	68.195833	B4	71	76	278	35.750000	B4	71	80	
280	68.201042	G#3	56	55	280	35.750000	G#3	56	80	
281	68.678125	F#3	54	58	283	36.000000	F#3	54	80	
282	68.691667	A4	69	77	281	36.000000	A4	69	80	
283	69.141667	G#4	68	70	285	36.250000	G4	67	80	
284	69.145833	C#5	73	85	284	36.250000	C#5	73	80	
285	69.153125	A3	57	75	286	36.250000	A3	57	80	
286	69.173958	E3	52	63	287	36.250000	E3	52	80	
287	69.635417	B4	71	83	288	36.500000	B4	71	80	
288	69.639583	D4	62	77	290	36.500000	D4	62	80	
289	69.641667	D3	50	61	291	36.500000	D3	50	80	
290	69.651042	F#4	66	75	289	36.500000	F#4	66	80	
291	70.097917	A4	69	76	292	36.750000	A4	69	80	
292	70.106250	C#4	61	67	293	36.750000	C#4	61	80	
293	70.570833	G#4	68	87	294	37.000000	G#4	68	80	
294	70.598958	B3	59	52	296	37.000000	B3	59	80	
295	70.622917	E4	64	53	295	37.000000	E4	64	80	
296	71.055208	E4	64	81	297	37.250000	E4	64	80	
297	71.061458	C#3	49	54	298	37.250000	C#3	49	80	
298	71.517708	A4	69	75	299	37.500000	A4	69	80	
299	71.544792	F#3	54	46	302	37.500000	F#3	54	80	
300	71.544792	A3	57	46	301	37.500000	A3	57	80	
301	71.548958	D4	62	53	300	37.500000	D4	62	80	
302	71.989583	C#4	61	61	303	37.750000	C#4	61	80	
303	71.998958	E3	52	48	305	37.750000	E3	52	80	
304	72.016667	G#3	56	45	304	37.750000	G#3	56	80	
305	72.481250	B3	59	58	306	38.000000	B3	59	80	
306	72.487500	D3	50	47	308	38.000000	D3	50	80	
307	72.504167	F#3	54	48	307	38.000000	F#3	54	80	
308	72.944792	C#4	61	51	309	38.250000	C#4	61	80	
309	73.428125	E3	52	58	311	38.500000	E3	52	80	
310	73.445833	D4	62	48	310	38.500000	D4	62	80	
311	73.896875	G#4	68	60	313	38.750000	G#4	68	80	
312	74.407292	A2	45	41	315	39.000000	A2	45	80	
313	74.428125	A4	69	52	314	39.000000	A4	69	80	
314	74.944792	C#4	61	44	316	39.250000	C#4	61	80	
315	75.425000	F#4	66	58	317	39.500000	F#4	66	80	
316	75.885417	E4	64	60	318	39.750000	E4	64	80	
317	75.893750	F#2	42	39	319	39.750000	F#2	42	80	
318	76.362500	B2	47	46	321	40.000000	B2	47	80	
319	76.367708	Eb4	63	53	320	40.000000	Eb4	63	80	
320	76.841667	B3	59	62	323	40.250000	B3	59	80	
321	76.851042	F#4	66	66	322	40.250000	F#4	66	80	
322	77.297917	B4	71	78	324	40.500000	B4	71	80	
323	77.323958	B3	59	74	325	40.500000	B3	59	80	
324	77.769792	A4	69	64	326	40.750000	A4	69	80	
325	77.786458	B3	59	65	327	40.750000	B3	59	80	
326	78.255208	E3	52	63	329	41.000000	E3	52	80	
327	78.276042	G4	67	58	328	41.000000	G4	67	80	
328	78.723958	B3	59	79	330	41.250000	B3	59	80	
329	78.734375	D3	50	67	331	41.250000	D3	50	80	
330	79.202083	G3	55	68	333	41.500000	G3	55	80	
331	79.204167	E4	64	82	332	41.500000	E4	64	80	
332	79.211458	C#3	49	57	334	41.500000	C#3	49	80	
333	79.665625	D4	62	76	335	41.750000	D4	62	80	
334	79.680208	B2	47	56	336	41.750000	B2	47	80	
335	80.131250	Bb2	46	55	338	42.000000	Bb2	46	80	
336	80.135417	C#4	61	63	337	42.000000	C#4	61	80	
337	80.635417	F#5	78	95	339	42.250000	F#5	78	80	
338	80.650000	C#3	49	51	340	42.250000	C#3	49	80	
339	81.117708	F#3	54	56	342	42.500000	F#3	54	80	
340	81.117708	F#5	78	104	341	42.500000	F#5	78	80	
341	81.596875	E3	52	60	344	42.750000	E3	52	80	
342	81.605208	F#5	78	101	343	42.750000	F#5	78	80	
343	81.616667	Bb2	46	41	345	42.750000	Bb2	46	80	
344	82.102083	A2	45	42	348	43.000000	A2	45	80	
345	82.102083	B4	71	91	346	43.000000	B4	71	80	
346	82.113542	Eb3	51	50	347	43.000000	Eb3	51	80	
347	82.575000	B4	71	93	349	43.250000	B4	71	80	
348	82.582292	F3	53	66	350	43.250000	F3	53	80	
349	82.791667	F#3	54	78	351	43.375000	F#3	54	80	
350	83.028125	D5	74	91	352	43.500000	D5	74	80	
351	83.043750	F3	53	72	354	43.500000	F3	53	80	
352	83.043750	B4	71	87	353	43.500000	B4	71	80	
353	83.487500	G#2	44	70	356	43.750000	G#2	44	80	
354	83.505208	B4	71	92	355	43.750000	B4	71	80	
355	83.985417	E4	64	93	357	44.000000	E4	64	80	
356	84.011458	C#3	49	53	358	44.000000	C#3	49	80	
357	84.454167	G#4	68	78	359	44.250000	G#4	68	80	
358	84.461458	B3	59	55	360	44.250000	B3	59	80	
359	84.927083	Bb3	58	70	363	44.500000	Bb3	58	80	
360	84.940625	G4	67	87	362	44.500000	G4	67	80	
361	84.944792	C#5	73	80	361	44.500000	C#5	73	80	
362	85.409375	B4	71	89	364	44.750000	B4	71	80	
363	85.418750	C#4	61	71	365	44.750000	C#4	61	80	
364	85.425000	E3	52	60	366	44.750000	E3	52	80	
365	85.898958	F#2	42	81	368	45.000000	F#2	42	80	
366	85.898958	Bb4	70	83	367	45.000000	Bb4	70	80	
367	86.477083	E4	64	92	370	45.250000	E4	64	80	
368	86.486458	C#4	61	75	369	45.250000	C#4	61	80	
369	86.509375	F#3	54	61	371	45.250000	F#3	54	80	
370	86.975000	G#3	56	69	375	45.500000	G#3	56	80	
371	86.975000	B4	71	88	372	45.500000	B4	71	80	
372	86.986458	D4	62	76	374	45.500000	D4	62	80	
373	86.995833	F#4	66	71	373	45.500000	F#4	66	80	
374	87.446875	C#4	61	74	378	45.750000	C#4	61	80	
375	87.451042	Bb3	58	67	379	45.750000	Bb3	58	80	
376	87.451042	C#5	73	97	376	45.750000	C#5	73	80	
377	87.463542	E4	64	73	377	45.750000	E4	64	80	
378	87.931250	D5	74	91	380	46.000000	D5	74	80	
379	87.936458	B3	59	75	382	46.000000	B3	59	80	
380	87.959375	D4	62	75	381	46.000000	D4	62	80	
381	88.411458	F#4	66	79	384	46.250000	F#4	66	80	
382	88.426042	A3	57	54	385	46.250000	A3	57	80	
383	88.883333	B4	71	85	386	46.500000	B4	71	80	
384	88.913542	G#3	56	51	387	46.500000	G#3	56	80	
385	89.342708	A4	69	79	388	46.750000	A4	69	80	
386	89.366667	F#3	54	50	389	46.750000	F#3	54	80	
387	89.835417	G#4	68	78	390	47.000000	G#4	68	80	
388	89.841667	F3	53	55	391	47.000000	F3	53	80	
389	90.313542	G#3	56	71	392	47.250000	G#3	56	80	
390	90.770833	C#4	61	68	394	47.500000	C#4	61	80	
391	90.790625	C#5	73	83	393	47.500000	C#5	73	80	
392	91.241667	B3	59	77	395	47.750000	B3	59	80	
393	91.745833	A3	57	79	396	48.000000	A3	57	80	
394	92.298958	F#3	54	78	398	48.250000	F#3	54	80	
395	92.352083	C#4	61	50	397	48.250000	C#4	61	80	
396	92.832292	F#3	54	86	400	48.500000	F#3	54	80	
397	92.836458	F#4	66	77	399	48.500000	F#4	66	80	
398	93.312500	F#3	54	88	402	48.750000	F#3	54	80	
399	93.314583	E4	64	75	401	48.750000	E4	64	80	
400	93.789583	B2	47	84	404	49.000000	B2	47	80	
401	93.822917	D4	62	62	403	49.000000	D4	62	80	
402	94.253125	F#3	54	66	406	49.250000	F#3	54	80	
403	94.262500	B4	71	75	405	49.250000	B4	71	80	
404	94.455208	A4	69	72	407	49.375000	A4	69	80	
405	94.710417	B3	59	83	409	49.500000	B3	59	80	
406	94.715625	D3	50	65	410	49.500000	D3	50	80	
407	94.723958	G#4	68	86	408	49.500000	G#4	68	80	
408	95.179167	F#4	66	84	411	49.750000	F#4	66	80	
409	95.183333	C#4	61	77	412	49.750000	C#4	61	80	
410	95.188542	A3	57	76	413	49.750000	A3	57	80	
411	95.707292	F4	65	87	414	50.000000	F4	65	80	
412	95.716667	G#3	56	80	416	50.000000	G#3	56	80	
413	95.716667	B3	59	83	415	50.000000	B3	59	80	
414	96.287500	G#2	44	85	417	50.250000	G#2	44	80	
415	96.837500	C#3	49	79	418	50.500000	C#3	49	80	
416	97.312500	B2	47	77	419	50.750000	B2	47	80	
417	97.798958	A2	45	68	420	51.000000	A2	45	80	
418	98.286458	F#3	54	60	423	51.250000	F#3	54	80	
419	98.292708	A3	57	59	422	51.250000	A3	57	80	
420	98.292708	C#4	61	58	421	51.250000	C#4	61	80	
421	98.493750	B3	59	71	424	51.375000	B3	59	80	
422	98.506250	G#3	56	59	425	51.375000	G#3	56	80	
423	98.744792	F#4	66	71	426	51.500000	F#4	66	80	
424	98.772917	C#4	61	48	427	51.500000	C#4	61	80	
425	98.780208	A3	57	63	428	51.500000	A3	57	80	
426	99.215625	B2	47	60	430	51.750000	B2	47	80	
427	99.233333	D4	62	62	429	51.750000	D4	62	80	
428	99.688542	G#3	56	54	432	52.000000	G#3	56	80	
429	99.688542	C#4	61	55	431	52.000000	C#4	61	80	
430	99.697917	C#3	49	48	433	52.000000	C#3	49	80	
431	100.189583	F#3	54	56	434	52.250000	F#3	54	80	
432	100.667708	G#3	56	45	436	52.500000	G#3	56	80	
433	100.671875	F4	65	56	435	52.500000	F4	65	80	
434	101.136458	B3	59	48	437	52.750000	B3	59	80	
435	101.682292	F#4	66	50	438	53.000000	F#4	66	80	
436	101.718750	A3	57	40	439	53.000000	A3	57	80	
437	101.733333	F#2	42	34	441	53.000000	F#2	42	80	
438	101.737500	F#3	54	33	440	53.000000	F#3	54	80	
439	102.317708	A3	57	87	442	53.250000	A3	57	80	
440	102.903125	A3	57	93	443	53.500000	A3	57	80	
441	103.370833	A5	81	95	444	53.750000	A5	81	80	
442	103.381250	A3	57	83	445	53.750000	A3	57	80	
443	103.864583	D3	50	77	447	54.000000	D3	50	80	
444	103.881250	A5	81	96	446	54.000000	A5	81	80	
445	104.345833	A5	81	99	448	54.250000	A5	81	80	
446	104.375000	A4	69	60	449	54.250000	A4	69	80	
447	104.442708	A4	69	19	*	-1	*	-1	-1	
448	104.823958	D5	74	95	450	54.500000	D5	74	80	
449	104.835417	F#3	54	76	452	54.500000	F#3	54	80	
450	104.844792	A4	69	65	451	54.500000	A4	69	80	
451	105.280208	A4	69	79	453	54.750000	A4	69	80	
452	105.752083	D4	62	71	455	55.000000	D4	62	80	
453	105.752083	F#5	78	99	454	55.000000	F#5	78	80	
454	106.187500	B2	47	76	457	55.250000	B2	47	80	
455	106.196875	D3	50	75	456	55.250000	D3	50	80	
456	106.681250	G3	55	85	458	55.500000	G3	55	80	
457	106.690625	E3	52	66	459	55.500000	E3	52	80	
458	107.108333	B4	71	93	460	55.750000	B4	71	80	
459	107.127083	D3	50	60	462	55.750000	D3	50	80	
460	107.127083	F#3	54	65	461	55.750000	F#3	54	80	
461	107.588542	E5	76	93	463	56.000000	E5	76	80	
462	107.592708	E3	52	56	464	56.000000	E3	52	80	
463	107.605208	C#3	49	55	465	56.000000	C#3	49	80	
464	108.041667	E4	64	83	467	56.250000	E4	64	80	
465	108.059375	D5	74	81	466	56.250000	D5	74	80	
466	108.063542	B2	47	55	468	56.250000	B2	47	80	
467	108.505208	A2	45	63	471	56.500000	A2	45	80	
468	108.528125	A4	69	62	470	56.500000	A4	69	80	
469	108.528125	C#5	73	86	469	56.500000	C#5	73	80	
470	108.990625	A3	57	82	473	56.750000	A3	57	80	
471	109.007292	G4	67	64	472	56.750000	G4	67	80	
472	109.471875	D4	62	83	475	57.000000	D4	62	80	
473	109.494792	F#4	66	61	474	57.000000	F#4	66	80	
474	109.928125	A4	69	73	476	57.250000	A4	69	80	
475	109.937500	C4	60	60	477	57.250000	C4	60	80	
476	110.396875	B3	59	58	479	57.500000	B3	59	80	
477	110.404167	D5	74	75	478	57.500000	D5	74	80	
478	110.859375	C5	72	78	480	57.750000	C5	72	80	
479	110.882292	D4	62	67	481	57.750000	D4	62	80	
480	111.335417	B4	71	69	482	58.000000	B4	71	80	
481	111.357292	G4	67	61	483	58.000000	G4	67	80	
482	111.776042	B2	47	70	486	58.250000	B2	47	80	
483	111.806250	F#4	66	50	484	58.250000	F#4	66	80	
484	111.808333	A3	57	56	485	58.250000	A3	57	80	
485	112.278125	E3	52	56	489	58.500000	E3	52	80	
486	112.278125	E4	64	58	487	58.500000	E4	64	80	
487	112.283333	G3	55	54	488	58.500000	G3	55	80	
488	112.745833	D3	50	56	491	58.750000	D3	50	80	
489	112.745833	B4	71	85	490	58.750000	B4	71	80	
490	113.223958	E5	76	93	492	59.000000	E5	76	80	
491	113.233333	C3	48	72	493	59.000000	C3	48	80	
492	113.686458	D5	74	90	494	59.250000	D5	74	80	
493	113.688542	E3	52	76	495	59.250000	E3	52	80	
494	113.702083	B2	47	68	496	59.250000	B2	47	80	
495	114.209375	C5	72	90	497	59.500000	C5	72	80	
496	114.223958	A3	57	67	498	59.500000	A3	57	80	
497	114.229167	A2	45	55	499	59.500000	A2	45	80	
498	114.747917	E4	64	88	500	59.750000	E4	64	80	
499	114.759375	G3	55	46	501	59.750000	G3	55	80	
500	115.235417	A4	69	81	502	60.000000	A4	69	80	
501	115.256250	F#3	54	55	503	60.000000	F#3	54	80	
502	115.718750	G4	67	82	504	60.250000	G4	67	80	
503	115.730208	E3	52	53	505	60.250000	E3	52	80	
504	116.175000	F#4	66	76	506	60.500000	F#4	66	80	
505	116.187500	B2	47	46	508	60.500000	B2	47	80	
506	116.207292	D3	50	40	507	60.500000	D3	50	80	
507	116.663542	D4	62	60	509	60.750000	D4	62	80	
508	116.668750	F#3	54	54	510	60.750000	F#3	54	80	
509	117.155208	B4	71	86	511	61.000000	B4	71	80	
510	117.173958	B3	59	50	513	61.000000	B3	59	80	
511	117.179167	G4	67	65	512	61.000000	G4	67	80	
512	117.627083	A3	57	58	515	61.250000	A3	57	80	
513	117.638542	D3	50	44	516	61.250000	D3	50	80	
514	117.642708	F#4	66	63	514	61.250000	F#4	66	80	
515	118.095833	E4	64	63	517	61.500000	E4	64	80	
516	118.119792	G3	55	51	518	61.500000	G3	55	80	
517	118.565625	D4	62	61	520	61.750000	D4	62	80	
518	118.572917	F#3	54	51	521	61.750000	F#3	54	80	
519	119.069792	G3	55	39	*	-1	*	-1	-1	
520	119.069792	C4	60	57	522	62.000000	C4	60	80	
521	119.085417	E3	52	39	523	62.000000	E3	52	80	
522	119.529167	A4	69	69	524	62.250000	A4	69	80	
523	119.561458	F#3	54	47	526	62.250000	F#3	54	80	
524	119.570833	A3	57	45	525	62.250000	A3	57	80	
525	120.011458	G3	55	44	529	62.500000	G3	55	80	
526	120.016667	B3	59	59	527	62.500000	B3	59	80	
527	120.495833	E3	52	32	532	62.750000	E3	52	80	
528	120.495833	G4	67	62	530	62.750000	G4	67	80	
529	120.501042	E4	64	55	531	62.750000	E4	64	80	
530	120.991667	A3	57	57	534	63.000000	A3	57	80	
531	120.991667	E4	64	55	533	63.000000	E4	64	80	
532	120.993750	C3	48	47	535	63.000000	C3	48	80	
533	121.452083	A2	45	62	537	63.250000	A2	45	80	
534	121.463542	F#4	66	52	536	63.250000	F#4	66	80	
535	121.669792	E4	64	62	538	63.375000	E4	64	80	
536	121.938542	D3	50	53	541	63.500000	D3	50	80	
537	121.938542	F#4	66	59	539	63.500000	F#4	66	80	
538	121.968750	D4	62	44	540	63.500000	D4	62	80	
539	122.414583	C3	48	48	542	63.750000	C3	48	80	
540	122.910417	G4	67	45	543	64.000000	G4	67	80	
541	122.919792	B2	47	42	545	64.000000	B2	47	80	
542	122.923958	G3	55	41	544	64.000000	G3	55	80	
543	123.440625	D4	62	59	546	64.250000	D4	62	80	
544	123.454167	D3	50	48	547	64.250000	D3	50	80	
545	123.934375	D4	62	67	548	64.500000	D4	62	80	
546	123.950000	G3	55	51	549	64.500000	G3	55	80	
547	124.405208	B4	71	69	550	64.750000	B4	71	80	
548	124.423958	D4	62	42	551	64.750000	D4	62	80	
549	124.431250	F#3	54	42	552	64.750000	F#3	54	80	
550	124.893750	B4	71	68	553	65.000000	B4	71	80	
551	124.931250	G3	55	39	554	65.000000	G3	55	80	
552	124.940625	E3	52	40	555	65.000000	E3	52	80	
553	125.388542	G5	79	84	556	65.250000	G5	79	80	
554	125.881250	G5	79	91	558	65.500000	G5	79	80	
555	125.902083	B3	59	45	560	65.500000	B3	59	80	
556	125.912500	E4	64	45	559	65.500000	E4	64	80	
557	126.342708	G5	79	90	561	65.750000	G5	79	80	
558	126.838542	C#5	73	82	562	66.000000	C#5	73	80	
559	126.879167	G4	67	47	563	66.000000	G4	67	80	
560	127.294792	E3	52	54	564	66.250000	E3	52	80	
561	127.336458	D3	50	47	565	66.250000	D3	50	80	
562	127.775000	C#3	49	39	568	66.500000	C#3	49	80	
563	127.784375	A3	57	44	567	66.500000	A3	57	80	
564	127.791667	E5	76	71	566	66.500000	E5	76	80	
565	128.235417	C#4	61	60	569	66.750000	C#4	61	80	
566	128.252083	A2	45	39	571	66.750000	A2	45	80	
567	128.258333	G3	55	38	570	66.750000	G3	55	80	
568	128.712500	F#4	66	63	572	67.000000	F#4	66	80	
569	128.730208	D3	50	38	574	67.000000	D3	50	80	
570	128.737500	F#3	54	39	573	67.000000	F#3	54	80	
571	129.169792	A4	69	63	575	67.250000	A4	69	80	
572	129.181250	C3	48	48	577	67.250000	C3	48	80	
573	129.204167	E4	64	48	576	67.250000	E4	64	80	
574	129.631250	D5	74	72	578	67.500000	D5	74	80	
575	129.651042	D4	62	58	579	67.500000	D4	62	80	
576	129.655208	B2	47	43	580	67.500000	B2	47	80	
577	130.084375	C5	72	70	581	67.750000	C5	72	80	
578	130.105208	A2	45	49	582	67.750000	A2	45	80	
579	130.564583	B4	71	61	583	68.000000	B4	71	80	
580	130.569792	G2	43	50	584	68.000000	G2	43	80	
581	131.034375	B2	47	63	585	68.250000	B2	47	80	
582	131.527083	E3	52	62	586	68.500000	E3	52	80	
583	131.561458	G#2	44	51	587	68.500000	G#2	44	80	
584	131.988542	D3	50	53	589	68.750000	D3	50	80	
585	132.002083	B3	59	69	588	68.750000	B3	59	80	
586	132.486458	E4	64	65	590	69.000000	E4	64	80	
587	132.496875	C#3	49	46	591	69.000000	C#3	49	80	
588	132.506250	A2	45	36	592	69.000000	A2	45	80	
589	132.963542	D3	50	54	595	69.250000	D3	50	80	
590	132.970833	D4	62	54	594	69.250000	D4	62	80	
591	132.970833	E4	64	74	593	69.250000	E4	64	80	
592	133.434375	A4	69	68	596	69.500000	A4	69	80	
593	133.460417	C#4	61	50	597	69.500000	C#4	61	80	
594	133.479167	E3	52	49	598	69.500000	E3	52	80	
595	133.923958	G4	67	73	599	69.750000	G4	67	80	
596	134.385417	Bb2	46	63	601	70.000000	Bb2	46	80	
597	134.401042	F#4	66	69	600	70.000000	F#4	66	80	
598	134.890625	C#3	49	75	602	70.250000	C#3	49	80	
599	135.346875	F#3	54	73	604	70.500000	F#3	54	80	
600	135.351042	C#5	73	89	603	70.500000	C#5	73	80	
601	135.813542	C#4	61	76	605	70.750000	C#4	61	80	
602	135.817708	E3	52	75	606	70.750000	E3	52	80	
603	136.298958	F#4	66	86	607	71.000000	F#4	66	80	
604	136.308333	B2	47	62	609	71.000000	B2	47	80	
605	136.312500	D3	50	64	608	71.000000	D3	50	80	
606	136.787500	F#4	66	86	610	71.250000	F#4	66	80	
607	136.792708	E4	64	77	611	71.250000	E4	64	80	
608	137.257292	B4	71	89	612	71.500000	B4	71	80	
609	137.278125	D4	62	70	613	71.500000	D4	62	80	
610	137.681250	A4	69	79	614	71.750000	A4	69	80	
611	137.695833	F#3	54	83	615	71.750000	F#3	54	80	
612	138.201042	G4	67	83	616	72.000000	G4	67	80	
613	138.206250	B3	59	85	617	72.000000	B3	59	80	
614	138.717708	A3	57	75	618	72.250000	A3	57	80	
615	138.726042	B2	47	47	619	72.250000	B2	47	80	
616	139.177083	E3	52	57	621	72.500000	E3	52	80	
617	139.177083	G3	55	59	620	72.500000	G3	55	80	
618	139.641667	B3	59	63	622	72.750000	B3	59	80	
619	139.645833	D3	50	50	623	72.750000	D3	50	80	
620	140.088542	C#3	49	41	625	73.000000	C#3	49	80	
621	140.097917	E4	64	64	624	73.000000	E4	64	80	
622	140.555208	E3	52	49	627	73.250000	E3	52	80	
623	140.555208	D4	62	58	626	73.250000	D4	62	80	
624	141.019792	C#4	61	52	628	73.500000	C#4	61	80	
625	141.032292	A3	57	45	629	73.500000	A3	57	80	
626	141.480208	E4	64	58	630	73.750000	E4	64	80	
627	141.484375	G3	55	48	631	73.750000	G3	55	80	
628	141.937500	A4	69	61	632	74.000000	A4	69	80	
629	141.943750	F#3	54	48	633	74.000000	F#3	54	80	
630	142.406250	G4	67	67	634	74.250000	G4	67	80	
631	142.413542	A3	57	49	636	74.250000	A3	57	80	
632	142.427083	C#4	61	48	635	74.250000	C#4	61	80	
633	142.878125	D4	62	59	639	74.500000	D4	62	80	
634	142.878125	F#4	66	75	637	74.500000	F#4	66	80	
635	143.340625	A4	69	80	640	74.750000	A4	69	80	
636	143.344792	C#4	61	64	642	74.750000	C#4	61	80	
637	143.367708	E4	64	69	641	74.750000	E4	64	80	
638	143.788542	D5	74	89	643	75.000000	D5	74	80	
639	143.794792	B3	59	71	645	75.000000	B3	59	80	
640	143.810417	D4	62	66	644	75.000000	D4	62	80	
641	144.255208	C#5	73	83	646	75.250000	C#5	73	80	
642	144.259375	A3	57	76	648	75.250000	A3	57	80	
643	144.259375	F#4	66	74	647	75.250000	F#4	66	80	
644	144.697917	G3	55	81	651	75.500000	G3	55	80	
645	144.704167	B4	71	88	649	75.500000	B4	71	80	
646	145.144792	D5	74	92	652	75.750000	D5	74	80	
647	145.148958	F#3	54	85	654	75.750000	F#3	54	80	
648	145.148958	A4	69	75	653	75.750000	A4	69	80	
649	145.616667	G5	79	104	655	76.000000	G5	79	80	
650	145.637500	E3	52	81	657	76.000000	E3	52	80	
651	145.637500	G4	67	78	656	76.000000	G4	67	80	
652	146.082292	D3	50	81	659	76.250000	D3	50	80	
653	146.091667	B4	71	92	658	76.250000	B4	71	80	
654	146.547917	E5	76	94	660	76.500000	E5	76	80	
655	146.555208	C#3	49	82	661	76.500000	C#3	49	80	
656	147.001042	D5	74	95	662	76.750000	D5	74	80	
657	147.008333	B2	47	86	663	76.750000	B2	47	80	
658	147.469792	C#5	73	96	664	77.000000	C#5	73	80	
659	147.473958	A2	45	87	665	77.000000	A2	45	80	
660	147.935417	E5	76	99	666	77.250000	E5	76	80	
661	147.948958	G2	43	86	667	77.250000	G2	43	80	
662	148.428125	A5	81	99	668	77.500000	A5	81	80	
663	148.432292	F#2	42	94	669	77.500000	F#2	42	80	
664	148.962500	E2	40	86	671	77.750000	E2	40	80	
665	148.962500	G5	79	101	670	77.750000	G5	79	80	
666	149.559375	D5	74	93	673	78.000000	D5	74	80	
667	149.559375	F#5	78	105	672	78.000000	F#5	78	80	
668	149.564583	D2	38	85	674	78.000000	D2	38	80	
669	149.590625	C2	36	48	*	-1	*	-1	-1	
670	150.208333	G5	79	104	675	78.250000	G5	79	80	
671	150.212500	E5	76	97	676	78.250000	E5	76	80	
672	150.220833	D4	62	94	677	78.250000	D4	62	80	
673	150.809375	A5	81	94	678	78.500000	A5	81	80	
674	150.820833	D4	62	95	680	78.500000	D4	62	80	
675	150.820833	F#5	78	93	679	78.500000	F#5	78	80	
676	151.326042	D4	62	96	681	78.750000	D4	62	80	
677	151.350000	D3	50	76	682	78.750000	D3	50	80	
678	151.812500	G3	55	93	683	79.000000	G3	55	80	
679	151.822917	E3	52	79	684	79.000000	E3	52	80	
680	152.275000	B4	71	92	686	79.250000	B4	71	80	
681	152.275000	D5	74	90	685	79.250000	D5	74	80	
682	152.732292	E5	76	93	688	79.500000	E5	76	80	
683	152.732292	G5	79	94	687	79.500000	G5	79	80	
684	152.741667	B3	59	91	689	79.500000	B3	59	80	
685	153.172917	E3	52	87	692	79.750000	E3	52	80	
686	153.185417	D5	74	87	691	79.750000	D5	74	80	
687	153.189583	F#5	78	98	690	79.750000	F#5	78	80	
688	153.644792	A3	57	90	695	80.000000	A3	57	80	
689	153.644792	E5	76	92	693	80.000000	E5	76	80	
690	153.655208	C#5	73	86	694	80.000000	C#5	73	80	
691	154.097917	G3	55	88	697	80.250000	G3	55	80	
692	154.113542	E3	52	67	696	80.250000	E3	52	80	
693	154.560417	F#3	54	73	699	80.500000	F#3	54	80	
694	154.564583	A3	57	80	698	80.500000	A3	57	80	
695	155.010417	E3	52	63	702	80.750000	E3	52	80	
696	155.010417	E4	64	90	700	80.750000	E4	64	80	
697	155.027083	G3	55	69	701	80.750000	G3	55	80	
698	155.473958	A4	69	87	703	81.000000	A4	69	80	
699	155.479167	D3	50	58	705	81.000000	D3	50	80	
700	155.483333	F#3	54	65	704	81.000000	F#3	54	80	
701	155.933333	G4	67	85	706	81.250000	G4	67	80	
702	155.939583	G3	55	65	707	81.250000	G3	55	80	
703	155.940625	E3	52	57	708	81.250000	E3	52	80	
704	156.404167	D5	74	95	709	81.500000	D5	74	80	
705	156.416667	A3	57	56	711	81.500000	A3	57	80	
706	156.422917	F#3	54	53	712	81.500000	F#3	54	80	
707	156.430208	F#4	66	69	710	81.500000	F#4	66	80	
708	156.913542	C5	72	101	713	81.750000	C5	72	80	
709	156.940625	E4	64	66	714	81.750000	E4	64	80	
710	157.395833	B4	71	95	715	82.000000	B4	71	80	
711	157.418750	D4	62	75	716	82.000000	D4	62	80	
712	157.850000	B2	47	78	718	82.250000	B2	47	80	
713	157.857292	D3	50	75	717	82.250000	D3	50	80	
714	158.308333	E3	52	69	721	82.500000	E3	52	80	
715	158.315625	G3	55	76	720	82.500000	G3	55	80	
716	158.315625	C#4	61	88	719	82.500000	C#4	61	80	
717	158.767708	D4	62	91	722	82.750000	D4	62	80	
718	158.787500	D3	50	65	724	82.750000	D3	50	80	
719	158.787500	F#3	54	73	723	82.750000	F#3	54	80	
720	159.245833	E3	52	63	726	83.000000	E3	52	80	
721	159.245833	E4	64	95	725	83.000000	E4	64	80	
722	159.251042	C#3	49	65	727	83.000000	C#3	49	80	
723	159.698958	E4	64	94	728	83.250000	E4	64	80	
724	159.703125	B2	47	73	730	83.250000	B2	47	80	
725	159.715625	D4	62	71	729	83.250000	D4	62	80	
726	160.200000	A4	69	88	731	83.500000	A4	69	80	
727	160.217708	C#4	61	69	732	83.500000	C#4	61	80	
728	160.221875	A2	45	63	733	83.500000	A2	45	80	
729	160.716667	G4	67	94	734	83.750000	G4	67	80	
730	160.738542	E4	64	75	735	83.750000	E4	64	80	
731	161.340625	F#4	66	94	736	84.000000	F#4	66	80	
732	161.917708	A3	57	60	738	84.250000	A3	57	80	
733	161.933333	D4	62	78	737	84.250000	D4	62	80	
734	162.419792	E4	64	92	739	84.500000	E4	64	80	
735	162.440625	A3	57	80	740	84.500000	A3	57	80	
736	162.989583	C#4	61	84	741	84.750000	C#4	61	80	
737	162.994792	A3	57	84	742	84.750000	A3	57	80	
738	163.679167	Eb3	51	77	745	85.000000	Eb3	51	80	
739	163.681250	F#4	66	87	743	85.000000	F#4	66	80	
740	163.695833	C4	60	73	744	85.000000	C4	60	80	
741	164.317708	G#4	68	94	746	85.250000	G#4	68	80	
742	164.322917	E3	52	77	748	85.250000	E3	52	80	
743	164.334375	B3	59	74	747	85.250000	B3	59	80	
744	164.825000	A4	69	83	749	85.500000	A4	69	80	
745	164.826042	F3	53	72	751	85.500000	F3	53	80	
746	164.844792	A3	57	73	750	85.500000	A3	57	80	
747	165.287500	C4	60	79	752	85.750000	C4	60	80	
748	165.760417	D4	62	80	753	86.000000	D4	62	80	
749	166.197917	B2	47	52	756	86.250000	B2	47	80	
750	166.207292	E4	64	74	754	86.250000	E4	64	80	
751	166.214583	B3	59	51	755	86.250000	B3	59	80	
752	166.404167	F4	65	62	757	86.375000	F4	65	80	
753	166.658333	E4	64	60	759	86.500000	E4	64	80	
754	166.663542	G#4	68	72	758	86.500000	G#4	68	80	
755	166.688542	B3	59	48	760	86.500000	B3	59	80	
756	166.695833	E3	52	47	761	86.500000	E3	52	80	
757	167.157292	D3	50	54	763	86.750000	D3	50	80	
758	167.163542	B3	59	53	762	86.750000	B3	59	80	
759	167.652083	E3	52	42	765	87.000000	E3	52	80	
760	167.675000	C#3	49	43	766	87.000000	C#3	49	80	
761	167.679167	A4	69	52	764	87.000000	A4	69	80	
762	168.257292	A2	45	36	768	87.250000	A2	45	80	
763	168.288542	A5	81	61	767	87.250000	A5	81	80	
764	168.801042	A5	81	74	769	87.500000	A5	81	80	
765	168.808333	D3	50	45	770	87.500000	D3	50	80	
766	169.280208	A5	81	80	771	87.750000	A5	81	80	
767	169.309375	C#3	49	43	773	87.750000	C#3	49	80	
768	169.321875	F#5	78	51	772	87.750000	F#5	78	80	
769	169.770833	B2	47	44	776	88.000000	B2	47	80	
770	169.770833	F#5	78	80	775	88.000000	F#5	78	80	
771	169.808333	D5	74	52	774	88.000000	D5	74	80	
772	170.262500	F#5	78	82	777	88.250000	F#5	78	80	
773	170.278125	D4	62	47	778	88.250000	D4	62	80	
774	170.759375	F#5	78	88	779	88.500000	F#5	78	80	
775	170.777083	D4	62	52	781	88.500000	D4	62	80	
776	170.809375	B4	71	49	780	88.500000	B4	71	80	
777	171.244792	D4	62	77	782	88.750000	D4	62	80	
778	171.259375	B3	59	49	783	88.750000	B3	59	80	
779	171.711458	B3	59	78	786	89.000000	B3	59	80	
780	171.761458	G#3	56	44	785	89.000000	G#3	56	80	
781	172.159375	B4	71	78	787	89.250000	B4	71	80	
782	172.166667	B3	59	61	788	89.250000	B3	59	80	
783	172.654167	E5	76	80	789	89.500000	E5	76	80	
784	172.671875	E3	52	49	791	89.500000	E3	52	80	
785	172.676042	B3	59	51	790	89.500000	B3	59	80	
786	173.118750	D5	74	76	792	89.750000	D5	74	80	
787	173.578125	G3	55	63	796	90.000000	G3	55	80	
788	173.600000	C#5	73	71	794	90.000000	C#5	73	80	
789	174.079167	E3	52	62	798	90.250000	E3	52	80	
790	174.086458	B4	71	64	797	90.250000	B4	71	80	
791	174.557292	A3	57	60	800	90.500000	A3	57	80	
792	174.557292	A4	69	64	799	90.500000	A4	69	80	
793	175.004167	G3	55	56	801	90.750000	G3	55	80	
794	175.009375	C#3	49	53	802	90.750000	C#3	49	80	
795	175.493750	C5	72	77	803	91.000000	C5	72	80	
796	175.498958	F#3	54	50	804	91.000000	F#3	54	80	
797	175.972917	E3	52	54	807	91.250000	E3	52	80	
798	175.991667	G4	67	50	806	91.250000	G4	67	80	
799	176.448958	D3	50	56	809	91.500000	D3	50	80	
800	176.470833	F#4	66	49	808	91.500000	F#4	66	80	
801	176.915625	A3	57	67	811	91.750000	A3	57	80	
802	176.970833	E4	64	39	810	91.750000	E4	64	80	
803	177.414583	D4	62	69	813	92.000000	D4	62	80	
804	177.434375	F#4	66	56	812	92.000000	F#4	66	80	
805	177.870833	A4	69	71	814	92.250000	A4	69	80	
806	177.891667	C4	60	50	815	92.250000	C4	60	80	
807	178.361458	D5	74	78	816	92.500000	D5	74	80	
808	178.372917	B3	59	52	817	92.500000	B3	59	80	
809	178.823958	C5	72	72	818	92.750000	C5	72	80	
810	178.828125	D3	50	62	820	92.750000	D3	50	80	
811	178.867708	A3	57	48	819	92.750000	A3	57	80	
812	179.332292	G3	55	71	822	93.000000	G3	55	80	
813	179.346875	B4	71	58	821	93.000000	B4	71	80	
814	179.826042	D4	62	71	824	93.250000	D4	62	80	
815	179.833333	F#3	54	53	825	93.250000	F#3	54	80	
816	180.310417	G4	67	72	826	93.500000	G4	67	80	
817	180.312500	E3	52	46	827	93.500000	E3	52	80	
818	180.796875	D3	50	47	829	93.750000	D3	50	80	
819	180.811458	F#4	66	59	828	93.750000	F#4	66	80	
820	181.286458	E4	64	65	830	94.000000	E4	64	80	
821	181.308333	C#3	49	48	831	94.000000	C#3	49	80	
822	181.779167	E3	52	68	833	94.250000	E3	52	80	
823	181.795833	D4	62	52	832	94.250000	D4	62	80	
824	182.315625	A4	69	70	834	94.500000	A4	69	80	
825	182.325000	A3	57	71	836	94.500000	A3	57	80	
826	182.344792	C#4	61	38	835	94.500000	C#4	61	80	
827	182.827083	G3	55	71	837	94.750000	G3	55	80	
828	182.851042	A2	45	46	838	94.750000	A2	45	80	
829	183.388542	F#3	54	69	839	95.000000	F#3	54	80	
830	183.415625	D3	50	45	840	95.000000	D3	50	80	
831	183.991667	A3	57	68	841	95.250000	A3	57	80	
832	184.021875	C3	48	44	842	95.250000	C3	48	80	
833	184.518750	D4	62	72	843	95.500000	D4	62	80	
834	184.533333	B2	47	41	844	95.500000	B2	47	80	
835	185.004167	C4	60	59	845	95.750000	C4	60	80	
836	185.008333	A2	45	49	846	95.750000	A2	45	80	
837	185.491667	G2	43	49	848	96.000000	G2	43	80	
838	185.496875	B3	59	57	847	96.000000	B3	59	80	
839	185.969792	B2	47	61	849	96.250000	B2	47	80	
840	186.516667	G4	67	63	850	96.500000	G4	67	80	
841	186.534375	E3	52	50	851	96.500000	E3	52	80	
842	187.057292	D3	50	47	853	96.750000	D3	50	80	
843	187.057292	B3	59	59	852	96.750000	B3	59	80	
844	187.637500	E4	64	58	854	97.000000	E4	64	80	
845	187.660417	A2	45	29	856	97.000000	A2	45	80	
846	187.665625	C#3	49	38	855	97.000000	C#3	49	80	
847	188.222917	E4	64	70	857	97.250000	E4	64	80	
848	188.228125	D3	50	45	859	97.250000	D3	50	80	
849	188.246875	D4	62	48	858	97.250000	D4	62	80	
850	188.772917	E3	52	46	862	97.500000	E3	52	80	
851	188.777083	A4	69	70	860	97.500000	A4	69	80	
852	188.810417	C#4	61	39	861	97.500000	C#4	61	80	
853	189.404167	G4	67	63	863	97.750000	G4	67	80	
854	189.434375	E4	64	45	864	97.750000	E4	64	80	
855	190.158333	F#4	66	67	865	98.000000	F#4	66	80	
856	190.931250	D3	50	40	867	98.250000	D3	50	80	
857	190.937500	D4	62	45	866	98.250000	D4	62	80	
858	191.703125	E4	64	54	868	98.500000	E4	64	80	
859	191.716667	A3	57	43	869	98.500000	A3	57	80	
860	192.675000	C#4	61	42	870	98.750000	C#4	61	80	
861	192.681250	G3	55	37	871	98.750000	G3	55	80	
862	194.384375	D4	62	41	872	99.000000	D4	62	80	
863	194.393750	D3	50	38	*	-1	*	-1	-1	
864	194.393750	F#3	54	24	873	99.000000	F#3	54	80	
865	194.393750	A3	57	42	874	99.000000	A3	57	80	
866	194.397917	D2	38	32	875	99.000000	D2	38	80	
*	-1	*	-1	-1	88	14.500000	D3	50	80	
*	-1	*	-1	-1	282	36.000000	A4	69	80	
*	-1	*	-1	-1	312	38.500000	E3	52	80	
*	-1	*	-1	-1	383	46.000000	B3	59	80	
*	-1	*	-1	-1	519	61.500000	G3	55	80	
*	-1	*	-1	-1	528	62.500000	B3	59	80	
*	-1	*	-1	-1	557	65.250000	B4	71	80	
*	-1	*	-1	-1	638	74.500000	F#4	66	80	
*	-1	*	-1	-1	650	75.500000	B4	71	80	
*	-1	*	-1	-1	784	89.000000	D5	74	80	
*	-1	*	-1	-1	793	89.750000	G#4	68	80	
*	-1	*	-1	-1	795	90.000000	C#5	73	80	
*	-1	*	-1	-1	805	91.000000	F#3	54	80	
*	-1	*	-1	-1	823	93.000000	G3	55	80	
