// alignID alignOntime alignSitch alignPitch alignOnvel refID refOntime refSitch refPitch refOnvel
0	0.500000	D4	62	89	0	0.500000	D4	62	80	
1	1.475260	Bb3	58	86	1	1.250000	Bb3	58	80	
2	1.850260	Eb4	63	87	2	1.500000	Eb4	63	80	
3	2.500000	C4	60	80	3	2.000000	C4	60	80	
4	3.428385	A3	57	89	4	2.750000	A3	57	80	
5	3.768229	D4	62	89	5	3.000000	D4	62	80	
6	4.438802	Bb3	58	78	6	3.500000	Bb3	58	80	
7	5.292969	G3	55	87	7	4.250000	G3	55	80	
8	5.329427	F3	53	58	*	-1	*	-1	-1	
9	5.614583	C4	60	93	8	4.500000	C4	60	80	
10	5.927083	C4	60	78	9	4.750000	C4	60	80	
11	6.235677	C4	60	66	10	5.000000	C4	60	80	
12	6.532552	C4	60	79	11	5.250000	C4	60	80	
13	6.848958	C4	60	84	12	5.500000	C4	60	80	
14	7.153646	C4	60	83	13	5.750000	C4	60	80	
15	7.455729	C4	60	83	14	6.000000	C4	60	80	
16	7.773438	Bb3	58	65	15	6.250000	Bb3	58	80	
17	7.916667	A3	57	58	16	6.375000	A3	57	80	
18	8.058594	G4	67	91	17	6.500000	G4	67	80	
19	8.066406	Bb3	58	61	18	6.500000	Bb3	58	80	
20	8.238281	G3	55	57	19	6.625000	G3	55	80	
21	8.398438	Bb3	58	59	20	6.750000	Bb3	58	80	
22	8.561198	C4	60	66	21	6.875000	C4	60	80	
23	8.704427	D4	62	77	22	7.000000	D4	62	80	
24	8.856771	C#4	61	66	23	7.125000	C#4	61	80	
25	9.011719	D4	62	74	25	7.250000	D4	62	80	
26	9.014323	F4	65	96	24	7.250000	F4	65	80	
27	9.333333	Bb4	70	92	26	7.500000	Bb4	70	80	
28	9.341146	D4	62	66	27	7.500000	D4	62	80	
29	9.632812	G3	55	59	28	7.750000	G3	55	80	
30	9.977865	G4	67	84	29	8.000000	G4	67	80	
31	10.125000	G3	55	77	30	8.125000	G3	55	80	
32	10.286458	A3	57	74	31	8.250000	A3	57	80	
33	10.444010	Bb3	58	70	32	8.375000	Bb3	58	80	
34	10.587240	C4	60	79	33	8.500000	C4	60	80	
35	10.722656	Bb3	58	68	34	8.625000	Bb3	58	80	
36	10.895833	C4	60	71	36	8.750000	C4	60	80	
37	10.895833	E4	64	96	35	8.750000	E4	64	80	
38	11.217448	A4	69	89	37	9.000000	A4	69	80	
39	11.220052	C4	60	70	38	9.000000	C4	60	80	
40	11.264323	G4	67	26	*	-1	*	-1	-1	
41	11.516927	F3	53	63	39	9.250000	F3	53	80	
42	11.859375	F4	65	85	40	9.500000	F4	65	80	
43	12.015625	F3	53	78	41	9.625000	F3	53	80	
44	12.154948	G3	55	75	42	9.750000	G3	55	80	
45	12.303385	A3	57	75	43	9.875000	A3	57	80	
46	12.459635	Bb3	58	84	44	10.000000	Bb3	58	80	
47	12.593750	A3	57	75	45	10.125000	A3	57	80	
48	12.760417	D4	62	95	46	10.250000	D4	62	80	
49	12.768229	Bb3	58	66	47	10.250000	Bb3	58	80	
50	13.083333	G4	67	82	48	10.500000	G4	67	80	
51	13.222656	A3	57	57	49	10.625000	A3	57	80	
52	13.394531	Bb3	58	53	51	10.750000	Bb3	58	80	
53	13.394531	G4	67	81	50	10.750000	G4	67	80	
54	13.536458	A3	57	56	52	10.875000	A3	57	80	
55	13.700521	G4	67	89	53	11.000000	G4	67	80	
56	13.704427	G3	55	61	54	11.000000	G3	55	80	
57	13.852865	F3	53	69	55	11.125000	F3	53	80	
58	14.003906	G4	67	94	56	11.250000	G4	67	80	
59	14.013021	G3	55	74	57	11.250000	G3	55	80	
60	14.153646	F3	53	73	58	11.375000	F3	53	80	
61	14.304688	E3	52	75	60	11.500000	E3	52	80	
62	14.308594	G4	67	95	59	11.500000	G4	67	80	
63	14.457031	D3	50	72	61	11.625000	D3	50	80	
64	14.609375	E3	52	70	63	11.750000	E3	52	80	
65	14.615885	G4	67	89	62	11.750000	G4	67	80	
66	14.736979	D3	50	67	64	11.875000	D3	50	80	
67	14.919271	C#3	49	74	66	12.000000	C#3	49	80	
68	14.929688	G4	67	90	65	12.000000	G4	67	80	
69	15.218750	A3	57	70	68	12.250000	A3	57	80	
70	15.242188	F4	65	72	67	12.250000	F4	65	80	
71	15.384115	E4	64	75	69	12.375000	E4	64	80	
72	15.528646	D5	74	98	70	12.500000	D5	74	80	
73	15.544271	D3	50	72	72	12.500000	D3	50	80	
74	15.545573	F4	65	79	71	12.500000	F4	65	80	
75	15.696615	D4	62	68	73	12.625000	D4	62	80	
76	15.830729	C4	60	77	75	12.750000	C4	60	80	
77	15.848958	E4	64	73	74	12.750000	E4	64	80	
78	15.993490	F#4	66	67	76	12.875000	F#4	66	80	
79	16.140625	Bb3	58	69	78	13.000000	Bb3	58	80	
80	16.147135	G4	67	82	77	13.000000	G4	67	80	
81	16.305990	F#4	66	64	79	13.125000	F#4	66	80	
82	16.458333	Bb4	70	98	80	13.250000	Bb4	70	80	
83	16.462240	G3	55	74	82	13.250000	G3	55	80	
84	16.463542	G4	67	72	81	13.250000	G4	67	80	
85	16.760417	Eb5	75	95	83	13.500000	Eb5	75	80	
86	16.769531	G4	67	82	84	13.500000	G4	67	80	
87	16.782552	C4	60	73	85	13.500000	C4	60	80	
88	16.925781	Bb3	58	68	86	13.625000	Bb3	58	80	
89	17.076823	C4	60	80	87	13.750000	C4	60	80	
90	17.208333	Bb3	58	69	89	13.875000	Bb3	58	80	
91	17.368490	A3	57	66	91	14.000000	A3	57	80	
92	17.373698	C5	72	90	90	14.000000	C5	72	80	
93	17.522135	C4	60	70	92	14.125000	C4	60	80	
94	17.679688	D4	62	65	93	14.250000	D4	62	80	
95	17.822917	G3	55	59	95	14.375000	G3	55	80	
96	17.822917	Eb4	63	69	94	14.375000	Eb4	63	80	
97	17.959635	F4	65	82	96	14.500000	F4	65	80	
98	17.973958	A3	57	67	97	14.500000	A3	57	80	
99	18.095052	Eb4	63	74	98	14.625000	Eb4	63	80	
100	18.260417	A4	69	95	99	14.750000	A4	69	80	
101	18.261719	F3	53	68	101	14.750000	F3	53	80	
102	18.273438	F4	65	74	100	14.750000	F4	65	80	
103	18.559896	D5	74	90	102	15.000000	D5	74	80	
104	18.572917	F4	65	84	103	15.000000	F4	65	80	
105	18.580729	Bb3	58	69	104	15.000000	Bb3	58	80	
106	18.733073	A3	57	58	105	15.125000	A3	57	80	
107	18.882812	Bb3	58	79	106	15.250000	Bb3	58	80	
108	19.023438	A3	57	73	108	15.375000	A3	57	80	
109	19.194010	Bb4	70	89	109	15.500000	Bb4	70	80	
110	19.197917	G3	55	64	110	15.500000	G3	55	80	
111	19.337240	Bb3	58	72	111	15.625000	Bb3	58	80	
112	19.489583	C4	60	75	112	15.750000	C4	60	80	
113	19.505208	A3	57	67	113	15.750000	A3	57	80	
114	19.643229	D4	62	78	114	15.875000	D4	62	80	
115	19.654948	Bb3	58	66	115	15.875000	Bb3	58	80	
116	19.777344	Eb4	63	81	116	16.000000	Eb4	63	80	
117	19.805990	C4	60	71	117	16.000000	C4	60	80	
118	19.933594	D4	62	65	118	16.125000	D4	62	80	
119	20.075521	G4	67	90	119	16.250000	G4	67	80	
120	20.084635	Eb4	63	75	120	16.250000	Eb4	63	80	
121	20.221354	Bb3	58	67	121	16.375000	Bb3	58	80	
122	20.359375	C5	72	84	122	16.500000	C5	72	80	
123	20.365885	A3	57	66	123	16.500000	A3	57	80	
124	20.503906	D4	62	62	124	16.625000	D4	62	80	
125	20.670573	C5	72	75	125	16.750000	C5	72	80	
126	20.687500	Eb4	63	57	126	16.750000	Eb4	63	80	
127	20.837240	D4	62	57	127	16.875000	D4	62	80	
128	20.993490	C5	72	87	128	17.000000	C5	72	80	
129	20.997396	C4	60	55	129	17.000000	C4	60	80	
130	21.113281	Bb3	58	65	130	17.125000	Bb3	58	80	
131	21.273438	C5	72	89	131	17.250000	C5	72	80	
132	21.279948	C4	60	74	132	17.250000	C4	60	80	
133	21.287760	G3	55	63	133	17.250000	G3	55	80	
134	21.415365	Bb3	58	76	134	17.375000	Bb3	58	80	
135	21.582031	F#3	54	68	137	17.500000	F#3	54	80	
136	21.582031	C5	72	91	135	17.500000	C5	72	80	
137	21.588542	A3	57	76	136	17.500000	A3	57	80	
138	21.726562	G3	55	73	138	17.625000	G3	55	80	
139	21.881510	C5	72	92	139	17.750000	C5	72	80	
140	21.882812	A3	57	80	140	17.750000	A3	57	80	
141	21.894531	E3	52	70	141	17.750000	E3	52	80	
142	22.026042	G3	55	70	142	17.875000	G3	55	80	
143	22.191406	C5	72	85	143	18.000000	C5	72	80	
144	22.196615	F#3	54	75	144	18.000000	F#3	54	80	
145	22.201823	D3	50	66	145	18.000000	D3	50	80	
146	22.493490	D4	62	60	147	18.250000	D4	62	80	
147	22.494792	F#3	54	82	148	18.250000	F#3	54	80	
148	22.494792	Bb4	70	67	146	18.250000	Bb4	70	80	
149	22.638021	A4	69	73	149	18.375000	A4	69	80	
150	22.802083	G3	55	91	151	18.500000	G3	55	80	
151	22.812500	Bb4	70	74	150	18.500000	Bb4	70	80	
152	22.972656	G4	67	72	153	18.625000	G4	67	80	
153	23.130208	G4	67	59	155	18.750000	G4	67	80	
154	23.135417	D4	62	59	156	18.750000	D4	62	80	
155	23.153646	Bb4	70	66	154	18.750000	Bb4	70	80	
156	23.250000	E4	64	58	158	18.875000	E4	64	80	
157	23.286458	C5	72	71	157	18.875000	C5	72	80	
158	23.423177	F4	65	62	160	19.000000	F4	65	80	
159	23.436198	D5	74	75	159	19.000000	D5	74	80	
160	23.542969	E4	64	63	162	19.125000	E4	64	80	
161	23.576823	C#5	73	77	161	19.125000	C#5	73	80	
162	23.710938	D5	74	84	163	19.250000	D5	74	80	
163	23.723958	F3	53	85	165	19.250000	F3	53	80	
164	23.731771	F4	65	74	164	19.250000	F4	65	80	
165	23.742188	G4	67	67	*	-1	*	-1	-1	
166	23.869792	A4	69	74	166	19.375000	A4	69	80	
167	24.024740	D5	74	85	167	19.500000	D5	74	80	
168	24.035156	Bb3	58	89	169	19.500000	Bb3	58	80	
169	24.041667	D4	62	90	168	19.500000	D4	62	80	
170	24.191406	A4	69	70	170	19.625000	A4	69	80	
171	24.326823	G4	67	83	171	19.750000	G4	67	80	
172	24.459635	F4	65	78	173	19.875000	F4	65	80	
173	24.623698	E4	64	69	174	20.000000	E4	64	80	
174	24.625000	G3	55	88	175	20.000000	G3	55	80	
175	24.766927	G4	67	74	176	20.125000	G4	67	80	
176	24.924479	A4	69	73	177	20.250000	A4	69	80	
177	24.944010	C4	60	68	178	20.250000	C4	60	80	
178	25.075521	Bb4	70	71	179	20.375000	Bb4	70	80	
179	25.085938	Bb3	58	67	180	20.375000	Bb3	58	80	
180	25.220052	A3	57	77	182	20.500000	A3	57	80	
181	25.222656	C5	72	76	181	20.500000	C5	72	80	
182	25.377604	Bb4	70	70	183	20.625000	Bb4	70	80	
183	25.511719	E3	52	86	186	20.750000	E3	52	80	
184	25.519531	C5	72	84	184	20.750000	C5	72	80	
185	25.523438	G3	55	77	185	20.750000	G3	55	80	
186	25.669271	G4	67	70	187	20.875000	G4	67	80	
187	25.821615	A3	57	90	190	21.000000	A3	57	80	
188	25.832031	C5	72	83	188	21.000000	C5	72	80	
189	25.838542	C4	60	75	189	21.000000	C4	60	80	
190	25.988281	G4	67	70	191	21.125000	G4	67	80	
191	26.128906	F4	65	80	192	21.250000	F4	65	80	
192	26.259115	E4	64	72	194	21.375000	E4	64	80	
193	26.417969	D4	62	72	195	21.500000	D4	62	80	
194	26.421875	F3	53	91	196	21.500000	F3	53	80	
195	26.572917	F4	65	70	197	21.625000	F4	65	80	
196	26.725260	G4	67	72	198	21.750000	G4	67	80	
197	26.738281	Bb3	58	60	199	21.750000	Bb3	58	80	
198	26.886719	A4	69	73	200	21.875000	A4	69	80	
199	26.888021	A3	57	66	201	21.875000	A3	57	80	
200	27.028646	G3	55	74	203	22.000000	G3	55	80	
201	27.035156	Bb4	70	75	202	22.000000	Bb4	70	80	
202	27.188802	A4	69	72	204	22.125000	A4	69	80	
203	27.328125	D3	50	80	207	22.250000	D3	50	80	
204	27.334635	Bb4	70	76	205	22.250000	Bb4	70	80	
205	27.339844	F3	53	71	206	22.250000	F3	53	80	
206	27.481771	F4	65	71	208	22.375000	F4	65	80	
207	27.621094	G3	55	73	211	22.500000	G3	55	80	
208	27.625000	Bb3	58	72	210	22.500000	Bb3	58	80	
209	27.628906	E4	64	71	209	22.500000	E4	64	80	
210	27.776042	A4	69	67	212	22.625000	A4	69	80	
211	27.928385	Bb4	70	65	213	22.750000	Bb4	70	80	
212	27.940104	G3	55	71	214	22.750000	G3	55	80	
213	28.079427	F4	65	72	216	22.875000	F4	65	80	
214	28.082031	A4	69	66	215	22.875000	A4	69	80	
215	28.218750	G3	55	78	219	23.000000	G3	55	80	
216	28.234375	E4	64	72	218	23.000000	E4	64	80	
217	28.238281	G4	67	73	217	23.000000	G4	67	80	
218	28.385417	F4	65	64	220	23.125000	F4	65	80	
219	28.514323	G4	67	72	221	23.250000	G4	67	80	
220	28.526042	G3	55	82	222	23.250000	G3	55	80	
221	28.664062	D4	62	80	224	23.375000	D4	62	80	
222	28.679688	F4	65	79	223	23.375000	F4	65	80	
223	28.819010	G3	55	86	227	23.500000	G3	55	80	
224	28.820312	C#4	61	76	226	23.500000	C#4	61	80	
225	28.826823	E4	64	72	225	23.500000	E4	64	80	
226	28.966146	D4	62	76	228	23.625000	D4	62	80	
227	29.121094	G3	55	77	230	23.750000	G3	55	80	
228	29.122396	E4	64	80	229	23.750000	E4	64	80	
229	29.263021	D4	62	87	231	23.875000	D4	62	80	
230	29.411458	A3	57	75	234	24.000000	A3	57	80	
231	29.412760	C#4	61	72	233	24.000000	C#4	61	80	
232	29.417969	G3	55	69	235	24.000000	G3	55	80	
233	29.723958	A4	69	68	236	24.250000	A4	69	80	
234	29.727865	F3	53	59	237	24.250000	F3	53	80	
235	29.855469	E3	52	60	238	24.375000	E3	52	80	
236	30.026042	F3	53	58	240	24.500000	F3	53	80	
237	30.041667	D4	62	71	239	24.500000	D4	62	80	
238	30.184896	D3	50	53	241	24.625000	D3	50	80	
239	30.321615	C5	72	68	242	24.750000	C5	72	80	
240	30.328125	Eb3	51	64	243	24.750000	Eb3	51	80	
241	30.462240	F3	53	60	244	24.875000	F3	53	80	
242	30.614583	B4	71	78	245	25.000000	B4	71	80	
243	30.630208	G3	55	56	246	25.000000	G3	55	80	
244	30.760417	D5	74	77	247	25.125000	D5	74	80	
245	30.769531	F3	53	61	248	25.125000	F3	53	80	
246	30.910156	G3	55	67	250	25.250000	G3	55	80	
247	30.911458	F5	77	84	249	25.250000	F5	77	80	
248	31.053385	D5	74	75	251	25.375000	D5	74	80	
249	31.199219	Eb5	75	76	252	25.500000	Eb5	75	80	
250	31.207031	C3	48	61	253	25.500000	C3	48	80	
251	31.364583	B2	47	59	254	25.625000	B2	47	80	
252	31.498698	G4	67	62	255	25.750000	G4	67	80	
253	31.513021	C3	48	63	256	25.750000	C3	48	80	
254	31.647135	D3	50	57	257	25.875000	D3	50	80	
255	31.812500	Eb3	51	66	259	26.000000	Eb3	51	80	
256	31.828125	C4	60	76	258	26.000000	C4	60	80	
257	31.968750	C3	48	67	260	26.125000	C3	48	80	
258	32.101562	D3	50	67	262	26.250000	D3	50	80	
259	32.106771	Bb4	70	79	261	26.250000	Bb4	70	80	
260	32.239583	Eb3	51	68	263	26.375000	Eb3	51	80	
261	32.391927	F3	53	67	265	26.500000	F3	53	80	
262	32.408854	A4	69	77	264	26.500000	A4	69	80	
263	32.549479	Eb3	51	61	267	26.625000	Eb3	51	80	
264	32.549479	C5	72	71	266	26.625000	C5	72	80	
265	32.675781	F3	53	64	269	26.750000	F3	53	80	
266	32.688802	Eb5	75	83	268	26.750000	Eb5	75	80	
267	32.839844	A5	81	85	270	26.875000	A5	81	80	
268	32.975260	Bb2	46	77	272	27.000000	Bb2	46	80	
269	32.977865	Bb5	82	84	271	27.000000	Bb5	82	80	
270	33.135417	F3	53	82	273	27.125000	F3	53	80	
271	33.277344	D5	74	76	274	27.250000	D5	74	80	
272	33.282552	G3	55	80	275	27.250000	G3	55	80	
273	33.416667	A3	57	79	277	27.375000	A3	57	80	
274	33.419271	A5	81	80	276	27.375000	A5	81	80	
275	33.544271	Bb3	58	69	279	27.500000	Bb3	58	80	
276	33.572917	G5	79	80	278	27.500000	G5	79	80	
277	33.697917	A3	57	61	281	27.625000	A3	57	80	
278	33.718750	F#5	78	80	280	27.625000	F#5	78	80	
279	33.864583	Bb3	58	59	283	27.750000	Bb3	58	80	
280	33.877604	G5	79	74	282	27.750000	G5	79	80	
281	34.035156	F#5	78	71	284	27.875000	F#5	78	80	
282	34.179688	G5	79	72	285	28.000000	G5	79	80	
283	34.307292	E3	52	69	286	28.125000	E3	52	80	
284	34.449219	F#3	54	70	287	28.250000	F#3	54	80	
285	34.575521	D5	74	68	288	28.375000	D5	74	80	
286	34.597656	G3	55	60	289	28.375000	G3	55	80	
287	34.739583	C5	72	71	290	28.500000	C5	72	80	
288	34.744792	A3	57	62	291	28.500000	A3	57	80	
289	34.878906	G3	55	59	293	28.625000	G3	55	80	
290	34.888021	Bb4	70	69	292	28.625000	Bb4	70	80	
291	35.041667	C5	72	75	294	28.750000	C5	72	80	
292	35.046875	A3	57	68	295	28.750000	A3	57	80	
293	35.178385	Bb4	70	80	296	28.875000	Bb4	70	80	
294	35.341146	D4	62	88	299	29.000000	D4	62	80	
295	35.347656	C5	72	70	298	29.000000	C5	72	80	
296	35.348958	F#5	78	77	297	29.000000	F#5	78	80	
297	35.490885	D3	50	71	300	29.125000	D3	50	80	
298	35.628906	E3	52	64	301	29.250000	E3	52	80	
299	35.774740	F#3	54	71	304	29.375000	F#3	54	80	
300	35.794271	A5	81	64	302	29.375000	A5	81	80	
301	35.815104	C5	72	73	303	29.375000	C5	72	80	
302	35.960938	D5	74	72	305	29.500000	D5	74	80	
303	35.966146	G3	55	66	307	29.500000	G3	55	80	
304	35.966146	Bb4	70	70	306	29.500000	Bb4	70	80	
305	36.083333	F#3	54	58	309	29.625000	F#3	54	80	
306	36.114583	A4	69	69	308	29.625000	A4	69	80	
307	36.259115	Bb3	58	91	311	29.750000	Bb3	58	80	
308	36.263021	G3	55	71	312	29.750000	G3	55	80	
309	36.282552	Bb4	70	67	310	29.750000	Bb4	70	80	
310	36.423177	A4	69	68	314	29.875000	A4	69	80	
311	36.430990	C5	72	71	313	29.875000	C5	72	80	
312	36.566406	G3	55	53	318	30.000000	G3	55	80	
313	36.572917	Bb4	70	76	315	30.000000	Bb4	70	80	
314	36.575521	Eb4	63	90	317	30.000000	Eb4	63	80	
315	36.600260	G4	67	67	316	30.000000	G4	67	80	
316	36.725260	F4	65	70	319	30.125000	F4	65	80	
317	36.876302	C3	48	68	321	30.250000	C3	48	80	
318	36.876302	G4	67	65	320	30.250000	G4	67	80	
319	37.015625	F4	65	71	322	30.375000	F4	65	80	
320	37.141927	C4	60	87	324	30.500000	C4	60	80	
321	37.162760	Eb4	63	63	323	30.500000	Eb4	63	80	
322	37.220052	F4	65	67	325	30.561458	F4	65	80	
323	37.285156	C3	48	69	327	30.625000	C3	48	80	
324	37.304688	Eb4	63	68	326	30.623958	Eb4	63	80	
325	37.425781	D3	50	57	328	30.750000	D3	50	80	
326	37.613281	Eb3	51	71	330	30.875000	Eb3	51	80	
327	37.640625	D4	62	75	329	30.875000	D4	62	80	
328	37.776042	F3	53	72	333	31.000000	F3	53	80	
329	37.779948	C4	60	75	332	31.000000	C4	60	80	
330	37.787760	A4	69	76	331	31.000000	A4	69	80	
331	37.937500	Eb3	51	66	334	31.125000	Eb3	51	80	
332	38.082031	A3	57	90	335	31.250000	A3	57	80	
333	38.095052	F3	53	65	336	31.250000	F3	53	80	
334	38.406250	D4	62	85	338	31.500000	D4	62	80	
335	38.410156	F4	65	76	337	31.500000	F4	65	80	
336	38.427083	F3	53	58	339	31.500000	F3	53	80	
337	38.449219	F#3	54	44	*	-1	*	-1	-1	
338	38.555990	A4	69	76	340	31.625000	A4	69	80	
339	38.695312	Bb4	70	75	341	31.750000	Bb4	70	80	
340	38.716146	Bb2	46	69	342	31.750000	Bb2	46	80	
341	38.847656	A4	69	77	343	31.875000	A4	69	80	
342	38.976562	Bb3	58	83	346	32.000000	Bb3	58	80	
343	38.989583	G4	67	75	344	32.000000	G4	67	80	
344	38.994792	D4	62	73	345	32.000000	D4	62	80	
345	39.145833	Bb2	46	71	347	32.125000	Bb2	46	80	
346	39.321615	C3	48	63	348	32.250000	C3	48	80	
347	39.444010	D3	50	70	350	32.375000	D3	50	80	
348	39.447917	F#4	66	66	349	32.375000	F#4	66	80	
349	39.592448	G4	67	78	351	32.500000	G4	67	80	
350	39.604167	Eb3	51	78	352	32.500000	Eb3	51	80	
351	39.763021	D3	50	72	353	32.625000	D3	50	80	
352	39.929688	Eb3	51	80	355	32.750000	Eb3	51	80	
353	39.933594	G3	55	89	354	32.750000	G3	55	80	
354	40.058594	Eb3	51	26	*	-1	*	-1	-1	
355	40.231771	C4	60	89	356	33.000000	C4	60	80	
356	40.369792	D3	50	62	357	33.125000	D3	50	80	
357	40.518229	C4	60	79	358	33.250000	C4	60	80	
358	40.519531	Eb3	51	68	359	33.250000	Eb3	51	80	
359	40.649740	Bb4	70	77	360	33.375000	Bb4	70	80	
360	40.669271	D3	50	67	361	33.375000	D3	50	80	
361	40.809896	C3	48	71	364	33.500000	C3	48	80	
362	40.813802	A4	69	80	362	33.500000	A4	69	80	
363	40.822917	C4	60	73	363	33.500000	C4	60	80	
364	40.959635	Bb2	46	67	365	33.625000	Bb2	46	80	
365	41.123698	C3	48	75	367	33.750000	C3	48	80	
366	41.140625	C4	60	89	366	33.750000	C4	60	80	
367	41.266927	Bb2	46	75	369	33.875000	Bb2	46	80	
368	41.273438	C5	72	88	368	33.875000	C5	72	80	
369	41.411458	A2	45	78	372	34.000000	A2	45	80	
370	41.423177	C4	60	89	371	34.000000	C4	60	80	
371	41.433594	F#4	66	83	370	34.000000	F#4	66	80	
372	41.550781	G2	43	77	373	34.125000	G2	43	80	
373	41.718750	A2	45	75	375	34.250000	A2	45	80	
374	41.746094	C4	60	91	374	34.250000	C4	60	80	
375	41.885417	G2	43	63	377	34.375000	G2	43	80	
376	41.902344	A4	69	80	376	34.375000	A4	69	80	
377	42.039062	F#2	42	71	379	34.500000	F#2	42	80	
378	42.066406	D4	62	64	378	34.500000	D4	62	80	
379	42.360677	D3	50	66	381	34.750000	D3	50	80	
380	42.384115	Bb3	58	64	380	34.750000	Bb3	58	80	
381	42.526042	A3	57	38	383	34.875000	A3	57	80	
382	42.542969	F#4	66	59	382	34.875000	F#4	66	80	
383	42.661458	G2	43	60	386	35.000000	G2	43	80	
384	42.669271	Bb3	58	45	385	35.000000	Bb3	58	80	
385	42.673177	G4	67	64	384	35.000000	G4	67	80	
386	42.850260	G3	55	63	387	35.125000	G3	55	80	
387	42.985677	F3	53	43	389	35.250000	F3	53	80	
388	43.000000	A3	57	63	388	35.250000	A3	57	80	
389	43.149740	Bb3	58	57	390	35.375000	Bb3	58	80	
390	43.268229	E3	52	69	392	35.500000	E3	52	80	
391	43.286458	C4	60	67	391	35.500000	C4	60	80	
392	43.420573	Bb3	58	65	393	35.625000	Bb3	58	80	
393	43.570312	C4	60	70	394	35.750000	C4	60	80	
394	43.574219	C3	48	70	395	35.750000	C3	48	80	
395	43.721354	Bb4	70	62	396	35.875000	Bb4	70	80	
396	43.852865	F3	53	74	398	36.000000	F3	53	80	
397	44.011719	Bb4	70	62	399	36.125000	Bb4	70	80	
398	44.145833	A3	57	65	402	36.250000	A3	57	80	
399	44.148438	A4	69	65	400	36.250000	A4	69	80	
400	44.160156	F4	65	52	401	36.250000	F4	65	80	
401	44.304688	E4	64	45	404	36.375000	E4	64	80	
402	44.309896	G4	67	56	403	36.375000	G4	67	80	
403	44.445312	D3	50	69	407	36.500000	D3	50	80	
404	44.460938	A4	69	58	405	36.500000	A4	69	80	
405	44.468750	F4	65	58	406	36.500000	F4	65	80	
406	44.600260	A4	69	62	408	36.625000	A4	69	80	
407	44.751302	B4	71	73	409	36.750000	B4	71	80	
408	44.755208	C4	60	72	410	36.750000	C4	60	80	
409	44.919271	C5	72	63	411	36.875000	C5	72	80	
410	45.062500	D5	74	77	412	37.000000	D5	74	80	
411	45.066406	B3	59	69	413	37.000000	B3	59	80	
412	45.217448	C5	72	72	414	37.125000	C5	72	80	
413	45.350260	G3	55	66	416	37.250000	G3	55	80	
414	45.358073	D5	74	73	415	37.250000	D5	74	80	
415	45.506510	F4	65	67	417	37.375000	F4	65	80	
416	45.643229	D5	74	69	418	37.500000	D5	74	80	
417	45.647135	C4	60	64	419	37.500000	C4	60	80	
418	45.773438	F4	65	72	420	37.625000	F4	65	80	
419	45.929688	C5	72	71	421	37.750000	C5	72	80	
420	45.954427	G3	55	60	423	37.750000	G3	55	80	
421	45.954427	Eb4	63	60	422	37.750000	Eb4	63	80	
422	46.100260	D4	62	53	425	37.875000	D4	62	80	
423	46.100260	B4	71	57	424	37.875000	B4	71	80	
424	46.221354	C5	72	73	426	38.000000	C5	72	80	
425	46.231771	C3	48	61	428	38.000000	C3	48	80	
426	46.242188	Eb4	63	56	427	38.000000	Eb4	63	80	
427	46.378906	C4	60	64	429	38.125000	C4	60	80	
428	46.518229	A3	57	58	431	38.250000	A3	57	80	
429	46.520833	F#4	66	68	430	38.250000	F#4	66	80	
430	46.666667	G4	67	69	432	38.375000	G4	67	80	
431	46.830729	F#3	54	66	434	38.500000	F#3	54	80	
432	46.835938	A4	69	70	433	38.500000	A4	69	80	
433	46.981771	G4	67	65	435	38.625000	G4	67	80	
434	47.122396	A4	69	64	436	38.750000	A4	69	80	
435	47.136719	D3	50	62	437	38.750000	D3	50	80	
436	47.274740	C5	72	65	438	38.875000	C5	72	80	
437	47.423177	G3	55	66	440	39.000000	G3	55	80	
438	47.430990	A4	69	70	439	39.000000	A4	69	80	
439	47.572917	C5	72	66	441	39.125000	C5	72	80	
440	47.701823	G4	67	68	443	39.250000	G4	67	80	
441	47.707031	Bb4	70	72	442	39.250000	Bb4	70	80	
442	47.708333	Bb3	58	65	444	39.250000	Bb3	58	80	
443	47.872396	F#4	66	70	446	39.375000	F#4	66	80	
444	47.872396	A4	69	66	445	39.375000	A4	69	80	
445	48.009115	E3	52	71	449	39.500000	E3	52	80	
446	48.015625	Bb4	70	76	447	39.500000	Bb4	70	80	
447	48.022135	G4	67	75	448	39.500000	G4	67	80	
448	48.162760	D5	74	81	450	39.625000	D5	74	80	
449	48.303385	D4	62	79	452	39.750000	D4	62	80	
450	48.311198	E5	76	76	451	39.750000	E5	76	80	
451	48.453125	F5	77	82	453	39.875000	F5	77	80	
452	48.609375	G5	79	79	454	40.000000	G5	79	80	
453	48.619792	C#4	61	73	455	40.000000	C#4	61	80	
454	48.760417	F5	77	79	456	40.125000	F5	77	80	
455	48.919271	G5	79	73	457	40.250000	G5	79	80	
456	48.927083	A3	57	65	458	40.250000	A3	57	80	
457	49.045573	C#4	61	60	459	40.375000	C#4	61	80	
458	49.222656	D4	62	52	460	40.500000	D4	62	80	
459	49.359375	C#4	61	50	462	40.625000	C#4	61	80	
460	49.501302	D4	62	51	464	40.750000	D4	62	80	
461	49.505208	F5	77	66	463	40.750000	F5	77	80	
462	49.652344	E5	76	63	465	40.875000	E5	76	80	
463	49.657552	A3	57	43	466	40.875000	A3	57	80	
464	49.807292	A4	69	70	468	41.000000	A4	69	80	
465	49.819010	D3	50	57	469	41.000000	D3	50	80	
466	49.824219	F5	77	66	467	41.000000	F5	77	80	
467	49.981771	D5	74	66	470	41.125000	D5	74	80	
468	50.114583	D4	62	56	472	41.250000	D4	62	80	
469	50.122396	F5	77	69	471	41.250000	F5	77	80	
470	50.265625	G5	79	62	473	41.375000	G5	79	80	
471	50.272135	E4	64	56	474	41.375000	E4	64	80	
472	50.420573	F4	65	58	476	41.500000	F4	65	80	
473	50.427083	A5	81	62	475	41.500000	A5	81	80	
474	50.575521	G5	79	63	477	41.625000	G5	79	80	
475	50.707031	A5	81	68	478	41.750000	A5	81	80	
476	50.708333	F4	65	82	479	41.750000	F4	65	80	
477	50.729167	D4	62	59	480	41.750000	D4	62	80	
478	51.020833	Bb4	70	78	482	42.000000	Bb4	70	80	
479	51.024740	A5	81	70	481	42.000000	A5	81	80	
480	51.041667	G4	67	62	483	42.000000	G4	67	80	
481	51.203125	G3	55	52	484	42.125000	G3	55	80	
482	51.335938	D5	74	64	485	42.250000	D5	74	80	
483	51.376302	A3	57	46	486	42.250000	A3	57	80	
484	51.515625	Bb3	58	55	487	42.375000	Bb3	58	80	
485	51.627604	G4	67	80	488	42.500000	G4	67	80	
486	51.662760	C4	60	61	489	42.500000	C4	60	80	
487	51.798177	D5	74	61	490	42.625000	D5	74	80	
488	51.811198	G3	55	49	491	42.625000	G3	55	80	
489	51.938802	E5	76	67	492	42.750000	E5	76	80	
490	51.967448	C4	60	54	493	42.750000	C4	60	80	
491	52.078125	F5	77	68	494	42.875000	F5	77	80	
492	52.113281	D4	62	49	495	42.875000	D4	62	80	
493	52.227865	G5	79	72	496	43.000000	G5	79	80	
494	52.230469	E4	64	75	497	43.000000	E4	64	80	
495	52.395833	F5	77	68	498	43.125000	F5	77	80	
496	52.533854	G5	79	75	499	43.250000	G5	79	80	
497	52.540365	E4	64	80	500	43.250000	E4	64	80	
498	52.548177	C4	60	68	501	43.250000	C4	60	80	
499	52.850260	A4	69	81	503	43.500000	A4	69	80	
500	52.859375	F4	65	70	504	43.500000	F4	65	80	
501	52.859375	G5	79	73	502	43.500000	G5	79	80	
502	53.029948	F3	53	54	505	43.625000	F3	53	80	
503	53.154948	C5	72	71	506	43.750000	C5	72	80	
504	53.156250	G3	55	55	507	43.750000	G3	55	80	
505	53.302083	A3	57	61	508	43.875000	A3	57	80	
506	53.462240	Bb3	58	63	510	44.000000	Bb3	58	80	
507	53.466146	F4	65	82	509	44.000000	F4	65	80	
508	53.605469	C5	72	74	511	44.125000	C5	72	80	
509	53.609375	F3	53	59	512	44.125000	F3	53	80	
510	53.748698	D5	74	68	513	44.250000	D5	74	80	
511	53.765625	Bb3	58	56	514	44.250000	Bb3	58	80	
512	53.895833	E5	76	65	515	44.375000	E5	76	80	
513	53.923177	C4	60	62	516	44.375000	C4	60	80	
514	54.036458	F5	77	71	517	44.500000	F5	77	80	
515	54.069010	D4	62	71	518	44.500000	D4	62	80	
516	54.194010	E5	76	71	519	44.625000	E5	76	80	
517	54.201823	C4	60	71	520	44.625000	C4	60	80	
518	54.333333	F5	77	83	521	44.750000	F5	77	80	
519	54.337240	D4	62	84	522	44.750000	D4	62	80	
520	54.348958	Bb3	58	64	523	44.750000	Bb3	58	80	
521	54.489583	A3	57	65	524	44.875000	A3	57	80	
522	54.639323	Bb3	58	67	526	45.000000	Bb3	58	80	
523	54.640625	G4	67	84	525	45.000000	G4	67	80	
524	54.807292	D4	62	50	527	45.125000	D4	62	80	
525	54.936198	G4	67	72	528	45.250000	G4	67	80	
526	54.966146	C#4	61	49	529	45.250000	C#4	61	80	
527	55.080729	F5	77	67	530	45.375000	F5	77	80	
528	55.109375	D4	62	55	531	45.375000	D4	62	80	
529	55.236979	E5	76	66	532	45.500000	E5	76	80	
530	55.240885	G3	55	58	534	45.500000	G3	55	80	
531	55.248698	G4	67	60	533	45.500000	G4	67	80	
532	55.381510	D5	74	66	535	45.625000	D5	74	80	
533	55.388021	Bb3	58	65	536	45.625000	Bb3	58	80	
534	55.542969	A3	57	61	539	45.750000	A3	57	80	
535	55.548177	E5	76	69	537	45.750000	E5	76	80	
536	55.552083	G4	67	81	538	45.750000	G4	67	80	
537	55.678385	D5	74	75	540	45.875000	D5	74	80	
538	55.691406	Bb3	58	63	541	45.875000	Bb3	58	80	
539	55.842448	E3	52	64	544	46.000000	E3	52	80	
540	55.846354	G4	67	81	543	46.000000	G4	67	80	
541	55.850260	C#5	73	76	542	46.000000	C#5	73	80	
542	55.973958	D5	74	79	545	46.125000	D5	74	80	
543	55.980469	E4	64	71	546	46.125000	E4	64	80	
544	56.136719	C#4	61	65	549	46.250000	C#4	61	80	
545	56.139323	E5	76	80	547	46.250000	E5	76	80	
546	56.145833	G4	67	80	548	46.250000	G4	67	80	
547	56.274740	A3	57	67	550	46.375000	A3	57	80	
548	56.429688	G4	67	85	551	46.500000	G4	67	80	
549	56.438802	D4	62	63	552	46.500000	D4	62	80	
550	56.563802	D3	50	71	553	46.625000	D3	50	80	
551	56.725260	F3	53	66	556	46.750000	F3	53	80	
552	56.736979	F4	65	74	555	46.750000	F4	65	80	
553	56.747396	D5	74	79	554	46.750000	D5	74	80	
554	56.868490	A3	57	70	557	46.875000	A3	57	80	
555	57.023438	F5	77	91	558	47.000000	F5	77	80	
556	57.041667	D4	62	67	559	47.000000	D4	62	80	
557	57.174479	A4	69	73	560	47.125000	A4	69	80	
558	57.207031	C4	60	56	561	47.125000	C4	60	80	
559	57.315104	Bb4	70	71	562	47.250000	Bb4	70	80	
560	57.343750	D4	62	54	563	47.250000	D4	62	80	
561	57.460938	C5	72	77	564	47.375000	C5	72	80	
562	57.473958	C4	60	54	565	47.375000	C4	60	80	
563	57.609375	Bb3	58	67	567	47.500000	Bb3	58	80	
564	57.618490	D5	74	78	566	47.500000	D5	74	80	
565	57.750000	C5	72	80	568	47.625000	C5	72	80	
566	57.752604	D4	62	66	569	47.625000	D4	62	80	
567	57.920573	G3	55	67	572	47.750000	G3	55	80	
568	57.924479	D5	74	93	570	47.750000	D5	74	80	
569	58.052083	Bb3	58	67	573	47.875000	Bb3	58	80	
570	58.216146	G5	79	96	574	48.000000	G5	79	80	
571	58.223958	D5	74	84	575	48.000000	D5	74	80	
572	58.227865	Eb3	51	71	576	48.000000	Eb3	51	80	
573	58.372396	G3	55	65	577	48.125000	G3	55	80	
574	58.531250	G4	67	84	578	48.250000	G4	67	80	
575	58.540365	A3	57	72	579	48.250000	A3	57	80	
576	58.673177	Bb3	58	63	580	48.375000	Bb3	58	80	
577	58.834635	Eb5	75	96	581	48.500000	Eb5	75	80	
578	58.839844	C4	60	72	582	48.500000	C4	60	80	
579	58.989583	Bb3	58	62	584	48.625000	Bb3	58	80	
580	58.992188	G4	67	62	583	48.625000	G4	67	80	
581	59.130208	C4	60	65	586	48.750000	C4	60	80	
582	59.139323	A4	69	79	585	48.750000	A4	69	80	
583	59.277344	Bb3	58	60	588	48.875000	Bb3	58	80	
584	59.294271	Bb4	70	76	587	48.875000	Bb4	70	80	
585	59.393229	A3	57	69	590	49.000000	A3	57	80	
586	59.419271	C5	72	84	589	49.000000	C5	72	80	
587	59.537760	C4	60	66	592	49.125000	C4	60	80	
588	59.592448	Bb4	70	48	591	49.125000	Bb4	70	80	
589	59.699219	F3	53	69	595	49.250000	F3	53	80	
590	59.703125	C5	72	97	593	49.250000	C5	72	80	
591	59.846354	A3	57	70	596	49.375000	A3	57	80	
592	60.003906	F5	77	100	597	49.500000	F5	77	80	
593	60.014323	C5	72	85	598	49.500000	C5	72	80	
594	60.015625	D3	50	55	599	49.500000	D3	50	80	
595	60.162760	F3	53	63	600	49.625000	F3	53	80	
596	60.308594	G3	55	64	602	49.750000	G3	55	80	
597	60.326823	F4	65	81	601	49.750000	F4	65	80	
598	60.457031	A3	57	68	603	49.875000	A3	57	80	
599	60.609375	D5	74	90	604	50.000000	D5	74	80	
600	60.615885	Bb3	58	71	605	50.000000	Bb3	58	80	
601	60.770833	F4	65	70	606	50.125000	F4	65	80	
602	60.914062	G4	67	77	608	50.250000	G4	67	80	
603	60.973958	A3	57	70	611	50.375000	A3	57	80	
604	61.059896	A4	69	80	610	50.375000	A4	69	80	
605	61.180990	G3	55	62	613	50.500000	G3	55	80	
606	61.188802	Bb4	70	80	612	50.500000	Bb4	70	80	
607	61.339844	Bb3	58	69	615	50.625000	Bb3	58	80	
608	61.339844	A4	69	77	614	50.625000	A4	69	80	
609	61.468750	Bb4	70	90	616	50.750000	Bb4	70	80	
610	61.480469	Eb3	51	77	618	50.750000	Eb3	51	80	
611	61.634115	G3	55	53	619	50.875000	G3	55	80	
612	61.770833	C3	48	67	621	51.000000	C3	48	80	
613	61.773438	Eb5	75	81	620	51.000000	Eb5	75	80	
614	61.910156	G3	55	66	622	51.125000	G3	55	80	
615	62.063802	Eb5	75	72	623	51.250000	Eb5	75	80	
616	62.084635	A3	57	57	624	51.250000	A3	57	80	
617	62.226562	Bb3	58	52	626	51.375000	Bb3	58	80	
618	62.226562	Bb4	70	68	625	51.375000	Bb4	70	80	
619	62.367188	Eb5	75	77	627	51.500000	Eb5	75	80	
620	62.380208	C4	60	64	629	51.500000	C4	60	80	
621	62.391927	A4	69	62	628	51.500000	A4	69	80	
622	62.524740	Bb3	58	55	631	51.625000	D4	62	80	
623	62.526042	G4	67	67	630	51.625000	G4	67	80	
624	62.662760	A4	69	79	633	51.750000	A4	69	80	
625	62.666667	Eb5	75	79	632	51.750000	Eb5	75	80	
626	62.669271	C4	60	62	634	51.750000	C4	60	80	
627	62.816406	Bb3	58	62	636	51.875000	Bb3	58	80	
628	62.829427	G4	67	72	635	51.875000	G4	67	80	
629	62.964844	A3	57	72	639	52.000000	A3	57	80	
630	62.973958	F4	65	78	638	52.000000	F4	65	80	
631	62.973958	Eb5	75	86	637	52.000000	Eb5	75	80	
632	63.100260	F3	53	77	640	52.125000	F3	53	80	
633	63.260417	G3	55	69	642	52.250000	G3	55	80	
634	63.277344	Eb5	75	89	641	52.250000	Eb5	75	80	
635	63.421875	A3	57	70	643	52.375000	A3	57	80	
636	63.565104	Bb3	58	70	645	52.500000	Bb3	58	80	
637	63.709635	A3	57	64	646	52.625000	A3	57	80	
638	63.839844	D5	74	72	647	52.750000	D5	74	80	
639	63.855469	Bb3	58	71	648	52.750000	Bb3	58	80	
640	63.967448	Eb5	75	81	649	52.875000	Eb5	75	80	
641	63.997396	C4	60	76	650	52.875000	C4	60	80	
642	64.138021	Bb3	58	92	653	53.000000	Bb3	58	80	
643	64.143229	F5	77	78	651	53.000000	F5	77	80	
644	64.148438	D4	62	87	652	53.000000	D4	62	80	
645	64.205729	E5	76	20	*	-1	*	-1	-1	
646	64.291667	C4	60	69	655	53.125000	C4	60	80	
647	64.300781	Bb4	70	81	654	53.125000	Bb4	70	80	
648	64.425781	D4	62	70	657	53.250000	D4	62	80	
649	64.450521	F5	77	76	656	53.250000	F5	77	80	
650	64.481771	Bb3	58	3	*	-1	*	-1	-1	
651	64.584635	E4	64	69	659	53.375000	E4	64	80	
652	64.608073	G5	79	81	658	53.375000	G5	79	80	
653	64.739583	F4	65	78	661	53.500000	F4	65	80	
654	64.751302	A5	81	84	660	53.500000	A5	81	80	
655	64.881510	E4	64	75	663	53.625000	E4	64	80	
656	64.899740	G5	79	83	662	53.625000	G5	79	80	
657	65.031250	F4	65	92	665	53.750000	F4	65	80	
658	65.036458	A3	57	86	666	53.750000	A3	57	80	
659	65.052083	A5	81	84	664	53.750000	A5	81	80	
660	65.204427	C5	72	79	667	53.875000	C5	72	80	
661	65.342448	D4	62	91	670	54.000000	D4	62	80	
662	65.345052	A5	81	84	668	54.000000	A5	81	80	
663	65.355469	Bb4	70	82	669	54.000000	Bb4	70	80	
664	65.496094	C5	72	73	671	54.125000	C5	72	80	
665	65.635417	Bb4	70	73	673	54.250000	Bb4	70	80	
666	65.635417	D5	74	71	672	54.250000	D5	74	80	
667	65.798177	A4	69	70	674	54.375000	A4	69	80	
668	65.933594	G4	67	72	675	54.500000	G4	67	80	
669	65.946615	D4	62	78	676	54.500000	D4	62	80	
670	65.947917	Bb3	58	86	677	54.500000	Bb3	58	80	
671	66.098958	D5	74	72	678	54.625000	D5	74	80	
672	66.240885	E5	76	75	679	54.750000	E5	76	80	
673	66.390625	F5	77	80	680	54.875000	F5	77	80	
674	66.519531	E4	64	84	682	55.000000	E4	64	80	
675	66.527344	G5	79	82	681	55.000000	G5	79	80	
676	66.682292	F5	77	84	683	55.125000	F5	77	80	
677	66.829427	G3	55	85	685	55.250000	G3	55	80	
678	66.834635	G5	79	85	684	55.250000	G5	79	80	
679	66.981771	Bb4	70	78	686	55.375000	Bb4	70	80	
680	67.134115	C4	60	87	689	55.500000	C4	60	80	
681	67.135417	A4	69	78	688	55.500000	A4	69	80	
682	67.135417	G5	79	82	687	55.500000	G5	79	80	
683	67.286458	Bb4	70	70	690	55.625000	Bb4	70	80	
684	67.425781	C5	72	72	691	55.750000	C5	72	80	
685	67.427083	A4	69	71	692	55.750000	A4	69	80	
686	67.569010	G4	67	73	693	55.875000	G4	67	80	
687	67.721354	F4	65	79	694	56.000000	F4	65	80	
688	67.723958	A3	57	81	696	56.000000	A3	57	80	
689	67.726562	C4	60	80	695	56.000000	C4	60	80	
690	67.875000	C5	72	76	697	56.125000	C5	72	80	
691	68.024740	D5	74	75	698	56.250000	D5	74	80	
692	68.167969	E5	76	74	699	56.375000	E5	76	80	
693	68.302083	D4	62	79	701	56.500000	D4	62	80	
694	68.315104	F5	77	84	700	56.500000	F5	77	80	
695	68.457031	E5	76	79	702	56.625000	E5	76	80	
696	68.605469	F5	77	87	703	56.750000	F5	77	80	
697	68.611979	F3	53	78	704	56.750000	F3	53	80	
698	68.760417	A4	69	81	705	56.875000	A4	69	80	
699	68.917969	G4	67	72	706	57.000000	G4	67	80	
700	68.920573	Bb3	58	71	707	57.000000	Bb3	58	80	
701	69.070312	D5	74	68	708	57.125000	D5	74	80	
702	69.218750	Bb3	58	64	710	57.250000	Bb3	58	80	
703	69.230469	E5	76	70	709	57.250000	E5	76	80	
704	69.368490	F5	77	76	711	57.375000	F5	77	80	
705	69.515625	Bb3	58	73	713	57.500000	Bb3	58	80	
706	69.516927	G5	79	79	712	57.500000	G5	79	80	
707	69.671875	A5	81	79	714	57.625000	A5	81	80	
708	69.822917	Bb5	82	87	715	57.750000	Bb5	82	80	
709	69.824219	Bb3	58	78	716	57.750000	Bb3	58	80	
710	69.963542	G5	79	84	717	57.875000	G5	79	80	
711	70.102865	Bb3	58	79	720	58.000000	Bb3	58	80	
712	70.106771	C4	60	77	719	58.000000	C4	60	80	
713	70.111979	F5	77	90	718	58.000000	F5	77	80	
714	70.244792	E5	76	81	721	58.125000	E5	76	80	
715	70.393229	Bb3	58	73	723	58.250000	Bb3	58	80	
716	70.401042	D5	74	77	722	58.250000	D5	74	80	
717	70.519531	C5	72	81	724	58.375000	C5	72	80	
718	70.699219	Bb3	58	61	727	58.500000	Bb3	58	80	
719	70.699219	F5	77	83	725	58.500000	F5	77	80	
720	70.709635	F4	65	66	726	58.500000	F4	65	80	
721	70.877604	F4	65	5	*	-1	*	-1	-1	
722	71.020833	A3	57	52	729	58.750000	A3	57	80	
723	71.024740	C5	72	70	728	58.750000	C5	72	80	
724	71.160156	G3	55	52	730	58.875000	G3	55	80	
725	71.292969	A3	57	59	732	59.000000	A3	57	80	
726	71.313802	F5	77	74	731	59.000000	F5	77	80	
727	71.463542	F3	53	35	733	59.125000	F3	53	80	
728	71.610677	Eb5	75	73	734	59.250000	Eb5	75	80	
729	71.627604	A3	57	51	735	59.250000	A3	57	80	
730	71.746094	D5	74	72	736	59.375000	D5	74	80	
731	71.778646	B3	59	54	737	59.375000	B3	59	80	
732	71.908854	Eb5	75	80	738	59.500000	Eb5	75	80	
733	71.933594	C4	60	59	739	59.500000	C4	60	80	
734	72.041667	B3	59	70	741	59.625000	B3	59	80	
735	72.049479	G4	67	88	740	59.625000	G4	67	80	
736	72.190104	G#4	68	76	743	59.750000	G#4	68	80	
737	72.190104	C5	72	75	742	59.750000	C5	72	80	
738	72.196615	C4	60	57	744	59.750000	C4	60	80	
739	72.332031	G4	67	77	745	59.875000	G4	67	80	
740	72.479167	D5	74	71	746	60.000000	D5	74	80	
741	72.485677	F4	65	57	747	60.000000	F4	65	80	
742	72.636719	C4	60	67	748	60.125000	C4	60	80	
743	72.766927	G4	67	83	749	60.250000	G4	67	80	
744	72.769531	D4	62	72	750	60.250000	D4	62	80	
745	72.778646	B3	59	65	751	60.250000	B3	59	80	
746	72.934896	A3	57	64	752	60.375000	A3	57	80	
747	73.072917	G5	79	86	753	60.500000	G5	79	80	
748	73.075521	B3	59	71	754	60.500000	B3	59	80	
749	73.231771	G3	55	62	755	60.625000	G3	55	80	
750	73.364583	F5	77	84	756	60.750000	F5	77	80	
751	73.369792	B3	59	67	757	60.750000	B3	59	80	
752	73.509115	C4	60	61	759	60.875000	C4	60	80	
753	73.514323	Eb5	75	86	758	60.875000	Eb5	75	80	
754	73.652344	D4	62	65	761	61.000000	D4	62	80	
755	73.653646	F5	77	88	760	61.000000	F5	77	80	
756	73.776042	A4	69	90	762	61.125000	A4	69	80	
757	73.804688	C4	60	70	763	61.125000	C4	60	80	
758	73.947917	D4	62	69	766	61.250000	D4	62	80	
759	73.947917	B4	71	79	765	61.250000	B4	71	80	
760	73.954427	D5	74	75	764	61.250000	D5	74	80	
761	74.079427	A4	69	80	767	61.375000	A4	69	80	
762	74.220052	G4	67	74	769	61.500000	G4	67	80	
763	74.226562	Eb5	75	79	768	61.500000	Eb5	75	80	
764	74.360677	G3	55	65	770	61.625000	G3	55	80	
765	74.497396	C4	60	74	773	61.750000	C4	60	80	
766	74.505208	Eb4	63	71	772	61.750000	Eb4	63	80	
767	74.505208	C5	72	90	771	61.750000	C5	72	80	
768	74.653646	B3	59	66	774	61.875000	B3	59	80	
769	74.807292	G#5	80	98	775	62.000000	G#5	80	80	
770	74.815104	C4	60	70	776	62.000000	C4	60	80	
771	74.983073	G3	55	45	777	62.125000	G3	55	80	
772	75.083333	G5	79	79	778	62.250000	G5	79	80	
773	75.089844	C4	60	76	779	62.250000	C4	60	80	
774	75.229167	D4	62	70	781	62.375000	D4	62	80	
775	75.231771	F5	77	92	780	62.375000	F5	77	80	
776	75.375000	Eb4	63	81	783	62.500000	Eb4	63	80	
777	75.386719	G5	79	77	782	62.500000	G5	79	80	
778	75.516927	D4	62	83	785	62.625000	D4	62	80	
779	75.546875	B4	71	90	784	62.625000	B4	71	80	
780	75.658854	Eb4	63	85	788	62.750000	Eb4	63	80	
781	75.683594	C5	72	79	787	62.750000	C5	72	80	
782	75.683594	Eb5	75	83	786	62.750000	Eb5	75	80	
783	75.825521	Bb4	70	85	789	62.875000	Bb4	70	80	
784	75.875000	A4	69	53	*	-1	*	-1	-1	
785	75.898438	B4	71	38	*	-1	*	-1	-1	
786	75.973958	F5	77	93	790	63.000000	F5	77	80	
787	75.977865	G#4	68	81	791	63.000000	G#4	68	80	
788	76.027344	A4	69	25	*	-1	*	-1	-1	
789	76.128906	G4	67	80	792	63.125000	G4	67	80	
790	76.268229	G#4	68	81	793	63.250000	G#4	68	80	
791	76.398438	Eb4	63	86	794	63.375000	Eb4	63	80	
792	76.546875	D4	62	86	795	63.500000	D4	62	80	
793	76.601562	E4	64	29	*	-1	*	-1	-1	
794	76.705729	G4	67	82	796	63.625000	G4	67	80	
795	76.852865	G#4	68	85	797	63.750000	G#4	68	80	
796	76.986979	C4	60	85	798	63.875000	C4	60	80	
797	77.115885	B3	59	90	799	64.000000	B3	59	80	
798	77.286458	Eb5	75	82	800	64.125000	Eb5	75	80	
799	77.420573	D5	74	82	801	64.250000	D5	74	80	
800	77.552083	D4	62	78	803	64.375000	D4	62	80	
801	77.562500	C5	72	84	802	64.375000	C5	72	80	
802	77.695312	B4	71	87	804	64.500000	B4	71	80	
803	77.704427	G3	55	93	805	64.500000	G3	55	80	
804	77.868490	G#4	68	83	806	64.625000	G#4	68	80	
805	78.011719	B3	59	86	809	64.750000	B3	59	80	
806	78.014323	D5	74	77	807	64.750000	D5	74	80	
807	78.024740	G4	67	73	808	64.750000	G4	67	80	
808	78.057292	C5	72	49	*	-1	*	-1	-1	
809	78.169271	F4	65	75	810	64.875000	F4	65	80	
810	78.311198	C4	60	90	812	65.000000	C4	60	80	
811	78.313802	Eb4	63	83	811	65.000000	Eb4	63	80	
812	78.475260	G4	67	69	813	65.125000	G4	67	80	
813	78.608073	C5	72	85	814	65.250000	C5	72	80	
814	78.609375	G#3	56	90	815	65.250000	G#3	56	80	
815	78.766927	Eb4	63	75	816	65.375000	Eb4	63	80	
816	78.912760	F3	53	91	818	65.500000	F3	53	80	
817	78.916667	D4	62	79	817	65.500000	D4	62	80	
818	79.058594	C5	72	79	819	65.625000	C5	72	80	
819	79.201823	G3	55	89	821	65.750000	G3	55	80	
820	79.203125	B4	71	81	820	65.750000	B4	71	80	
821	79.363281	F4	65	68	822	65.875000	F4	65	80	
822	79.473958	C3	48	80	824	66.000000	C3	48	80	
823	79.486979	C5	72	90	823	66.000000	C5	72	80	
824	79.641927	F4	65	74	825	66.125000	F4	65	80	
825	79.802083	Eb4	63	65	826	66.250000	Eb4	63	80	
826	79.938802	D4	62	64	827	66.375000	D4	62	80	
827	80.091146	Eb4	63	69	828	66.500000	Eb4	63	80	
828	80.108073	C4	60	62	829	66.500000	C4	60	80	
829	80.251302	Bb4	70	64	830	66.625000	Bb4	70	80	
830	80.257812	C3	48	50	831	66.625000	C3	48	80	
831	80.411458	A4	69	51	832	66.750000	A4	69	80	
832	80.427083	D3	50	37	833	66.750000	D3	50	80	
833	80.557292	G4	67	56	834	66.875000	G4	67	80	
834	80.558594	Eb3	51	47	835	66.875000	Eb3	51	80	
835	80.699219	F3	53	58	837	67.000000	F3	53	80	
836	80.704427	A4	69	61	836	67.000000	A4	69	80	
837	80.843750	Eb3	51	55	838	67.125000	Eb3	51	80	
838	81.010417	C4	60	75	839	67.250000	C4	60	80	
839	81.016927	A3	57	70	840	67.250000	A3	57	80	
840	81.044271	F3	53	49	841	67.250000	F3	53	80	
841	81.316406	F3	53	49	844	67.500000	F3	53	80	
842	81.317708	F4	65	72	842	67.500000	F4	65	80	
843	81.321615	D4	62	68	843	67.500000	D4	62	80	
844	81.475260	G4	67	64	845	67.625000	G4	67	80	
845	81.598958	Bb2	46	65	847	67.750000	Bb2	46	80	
846	81.610677	A4	69	57	846	67.750000	A4	69	80	
847	81.748698	Bb4	70	61	848	67.875000	Bb4	70	80	
848	81.901042	Bb3	58	74	851	68.000000	Bb3	58	80	
849	81.904948	D4	62	71	850	68.000000	D4	62	80	
850	81.908854	G4	67	66	849	68.000000	G4	67	80	
851	82.063802	Bb2	46	56	852	68.125000	Bb2	46	80	
852	82.207031	C3	48	51	853	68.250000	C3	48	80	
853	82.356771	D3	50	63	854	68.375000	D3	50	80	
854	82.494792	Eb3	51	70	855	68.500000	Eb3	51	80	
855	82.653646	D3	50	56	856	68.625000	D3	50	80	
856	82.816406	Eb3	51	67	859	68.750000	Eb3	51	80	
857	82.830729	Bb3	58	75	857	68.750000	Bb3	58	80	
858	82.833333	G3	55	62	858	68.750000	G3	55	80	
859	83.131510	Eb3	51	59	862	69.000000	Eb3	51	80	
860	83.131510	Eb4	63	70	860	69.000000	Eb4	63	80	
861	83.149740	C4	60	60	861	69.000000	C4	60	80	
862	83.298177	F4	65	60	863	69.125000	F4	65	80	
863	83.417969	A2	45	49	865	69.250000	A2	45	80	
864	83.473958	G4	67	56	864	69.250000	G4	67	80	
865	83.563802	A4	69	63	866	69.375000	A4	69	80	
866	83.703125	C4	60	71	868	69.500000	C4	60	80	
867	83.709635	A3	57	63	869	69.500000	A3	57	80	
868	83.722656	F4	65	62	867	69.500000	F4	65	80	
869	83.843750	A2	45	59	870	69.625000	A2	45	80	
870	84.002604	Bb2	46	58	871	69.750000	Bb2	46	80	
871	84.160156	C3	48	62	872	69.875000	C3	48	80	
872	84.338542	D3	50	64	873	70.000000	D3	50	80	
873	84.468750	C3	48	67	874	70.125000	C3	48	80	
874	84.602865	A3	57	75	875	70.250000	A3	57	80	
875	84.619792	F3	53	71	876	70.250000	F3	53	80	
876	84.630208	D3	50	64	877	70.250000	D3	50	80	
877	84.895833	Bb3	58	77	879	70.500000	Bb3	58	80	
878	84.903646	D4	62	71	878	70.500000	D4	62	80	
879	85.057292	C3	48	55	880	70.625000	C3	48	80	
880	85.200521	Bb3	58	69	882	70.750000	Bb3	58	80	
881	85.220052	D4	62	59	881	70.750000	D4	62	80	
882	85.221354	D3	50	58	883	70.750000	D3	50	80	
883	85.346354	A4	69	63	884	70.875000	A4	69	80	
884	85.376302	C3	48	56	885	70.875000	C3	48	80	
885	85.493490	Bb3	58	62	888	71.000000	Bb3	58	80	
886	85.497396	D4	62	57	887	71.000000	D4	62	80	
887	85.500000	G4	67	65	886	71.000000	G4	67	80	
888	85.513021	Bb2	46	59	889	71.000000	Bb2	46	80	
889	85.662760	A2	45	58	890	71.125000	A2	45	80	
890	85.813802	Bb3	58	71	892	71.250000	Bb3	58	80	
891	85.813802	D4	62	69	891	71.250000	D4	62	80	
892	85.822917	Bb2	46	62	893	71.250000	Bb2	46	80	
893	85.951823	F4	65	78	894	71.375000	F4	65	80	
894	85.954427	A2	45	69	895	71.375000	A2	45	80	
895	86.088542	Bb4	70	87	896	71.500000	Bb4	70	80	
896	86.093750	G2	43	70	899	71.500000	G2	43	80	
897	86.102865	Bb3	58	75	898	71.500000	Bb3	58	80	
898	86.108073	D4	62	73	897	71.500000	D4	62	80	
899	86.235677	F2	41	69	900	71.625000	F2	41	80	
900	86.364583	G2	43	72	903	71.750000	G2	43	80	
901	86.372396	Bb3	58	71	902	71.750000	Bb3	58	80	
902	86.378906	D4	62	74	901	71.750000	D4	62	80	
903	86.496094	F2	41	68	905	71.875000	F2	41	80	
904	86.513021	A4	69	74	904	71.875000	A4	69	80	
905	86.657552	G4	67	73	906	72.000000	G4	67	80	
906	86.670573	E2	40	64	909	72.000000	E2	40	80	
907	86.678385	Bb3	58	66	908	72.000000	Bb3	58	80	
908	86.686198	D4	62	58	907	72.000000	D4	62	80	
909	86.842448	C2	36	57	910	72.125000	C2	36	80	
910	86.973958	C4	60	68	911	72.250000	C4	60	80	
911	86.984375	A3	57	64	912	72.250000	A3	57	80	
912	86.986979	D2	38	58	913	72.250000	D2	38	80	
913	87.111979	E2	40	62	915	72.375000	E2	40	80	
914	87.132812	G3	55	77	914	72.375000	G3	55	80	
915	87.263021	F2	41	66	918	72.500000	F2	41	80	
916	87.272135	F4	65	79	916	72.500000	F4	65	80	
917	87.286458	A3	57	66	917	72.500000	A3	57	80	
918	87.407552	G3	55	72	919	72.625000	G3	55	80	
919	87.414062	C2	36	65	920	72.625000	C2	36	80	
920	87.552083	F2	41	76	922	72.750000	F2	41	80	
921	87.558594	A3	57	74	921	72.750000	A3	57	80	
922	87.694010	B3	59	78	923	72.875000	B3	59	80	
923	87.708333	G2	43	75	924	72.875000	G2	43	80	
924	87.850260	G#2	44	82	926	73.000000	G#2	44	80	
925	87.850260	C4	60	83	925	73.000000	C4	60	80	
926	88.001302	B3	59	81	927	73.125000	B3	59	80	
927	88.134115	D2	38	65	929	73.250000	D2	38	80	
928	88.145833	C4	60	80	928	73.250000	C4	60	80	
929	88.290365	F4	65	77	930	73.375000	F4	65	80	
930	88.440104	Eb4	63	76	931	73.500000	Eb4	63	80	
931	88.453125	G2	43	71	932	73.500000	G2	43	80	
932	88.593750	F#2	42	65	933	73.625000	F#2	42	80	
933	88.734375	G2	43	69	936	73.750000	G2	43	80	
934	88.763021	D4	62	65	934	73.750000	D4	62	80	
935	88.766927	B3	59	64	935	73.750000	B3	59	80	
936	88.890625	A2	45	66	938	73.875000	A2	45	80	
937	88.907552	A3	57	67	937	73.875000	A3	57	80	
938	89.033854	B2	47	69	940	74.000000	B2	47	80	
939	89.048177	G3	55	69	939	74.000000	G3	55	80	
940	89.180990	A2	45	72	942	74.125000	G2	43	80	
941	89.196615	D3	50	75	941	74.125000	D3	50	80	
942	89.326823	B2	47	71	944	74.250000	B2	47	80	
943	89.334635	G3	55	79	943	74.250000	G3	55	80	
944	89.464844	A3	57	81	945	74.375000	A3	57	80	
945	89.472656	D3	50	79	946	74.375000	D3	50	80	
946	89.611979	B3	59	86	947	74.500000	B3	59	80	
947	89.623698	G3	55	64	948	74.500000	G3	55	80	
948	89.747396	C4	60	87	949	74.625000	C4	60	80	
949	89.904948	D4	62	83	950	74.750000	D4	62	80	
950	89.911458	B2	47	72	951	74.750000	B2	47	80	
951	90.050781	G4	67	80	952	74.875000	G4	67	80	
952	90.165365	C3	48	76	954	75.000000	C3	48	80	
953	90.180990	F4	65	80	953	75.000000	F4	65	80	
954	90.325521	C4	60	76	955	75.125000	C4	60	80	
955	90.460938	G3	55	16	958	75.250000	G3	55	80	
956	90.484375	C4	60	75	957	75.250000	C4	60	80	
957	90.486979	Eb4	63	80	956	75.250000	Eb4	63	80	
958	90.622396	F4	65	80	959	75.375000	F4	65	80	
959	90.626302	Eb3	51	75	960	75.375000	Eb3	51	80	
960	90.773438	Eb5	75	99	961	75.500000	Eb5	75	80	
961	90.774740	G4	67	85	962	75.500000	G4	67	80	
962	90.785156	C3	48	71	963	75.500000	C3	48	80	
963	90.959635	G3	55	71	964	75.625000	G3	55	80	
964	91.130208	A3	57	73	965	75.750000	A3	57	80	
965	91.278646	B3	59	74	966	75.875000	B3	59	80	
966	91.399740	C4	60	85	967	76.000000	C4	60	80	
967	91.545573	B3	59	70	968	76.125000	B3	59	80	
968	91.673177	C5	72	93	969	76.250000	C5	72	80	
969	91.678385	Eb4	63	80	970	76.250000	Eb4	63	80	
970	91.692708	C4	60	72	971	76.250000	C4	60	80	
971	91.841146	G#3	56	62	972	76.375000	G#3	56	80	
972	92.002604	F5	77	100	973	76.500000	F5	77	80	
973	92.015625	C4	60	80	975	76.500000	C4	60	80	
974	92.015625	G#4	68	85	974	76.500000	G#4	68	80	
975	92.175781	D3	50	51	976	76.625000	D3	50	80	
976	92.304688	F3	53	74	977	76.750000	F3	53	80	
977	92.470052	G#3	56	63	978	76.875000	G#3	56	80	
978	92.609375	D5	74	88	979	77.000000	D5	74	80	
979	92.618490	Bb3	58	75	981	77.000000	Bb3	58	80	
980	92.621094	F4	65	78	980	77.000000	F4	65	80	
981	92.763021	F3	53	72	982	77.125000	F3	53	80	
982	92.923177	G3	55	72	983	77.250000	G3	55	80	
983	93.079427	G#3	56	73	984	77.375000	G#3	56	80	
984	93.214844	Bb3	58	75	985	77.500000	Bb3	58	80	
985	93.364583	G#3	56	69	986	77.625000	G#3	56	80	
986	93.497396	Bb4	70	89	987	77.750000	Bb4	70	80	
987	93.501302	D4	62	78	988	77.750000	D4	62	80	
988	93.502604	Bb3	58	75	989	77.750000	Bb3	58	80	
989	93.625000	G3	55	66	990	77.875000	G3	55	80	
990	93.785156	Eb5	75	94	991	78.000000	Eb5	75	80	
991	93.789062	Bb3	58	79	993	78.000000	Bb3	58	80	
992	93.815104	G4	67	74	992	78.000000	G4	67	80	
993	93.946615	C3	48	64	994	78.125000	C3	48	80	
994	94.080729	Eb3	51	75	995	78.250000	Eb3	51	80	
995	94.238281	G3	55	72	996	78.375000	G3	55	80	
996	94.391927	C5	72	85	997	78.500000	C5	72	80	
997	94.399740	G#3	56	75	999	78.500000	G#3	56	80	
998	94.402344	Eb4	63	75	998	78.500000	Eb4	63	80	
999	94.540365	Eb3	51	69	1000	78.625000	Eb3	51	80	
1000	94.684896	F3	53	66	1001	78.750000	F3	53	80	
1001	94.850260	G3	55	69	1002	78.875000	G3	55	80	
1002	94.994792	G#3	56	75	1003	79.000000	G#3	56	80	
1003	95.136719	G3	55	74	1004	79.125000	G3	55	80	
1004	95.274740	G#4	68	92	1005	79.250000	G#4	68	80	
1005	95.279948	G#3	56	76	1007	79.250000	G#3	56	80	
1006	95.281250	C4	60	80	1006	79.250000	C4	60	80	
1007	95.414062	F3	53	69	1008	79.375000	F3	53	80	
1008	95.565104	D5	74	88	1009	79.500000	D5	74	80	
1009	95.569010	B2	47	65	1011	79.500000	B2	47	80	
1010	95.576823	F4	65	79	1010	79.500000	F4	65	80	
1011	95.738281	G3	55	58	1012	79.625000	G3	55	80	
1012	95.885417	G#3	56	62	1015	79.750000	G#3	56	80	
1013	95.886719	D5	74	71	1013	79.750000	D5	74	80	
1014	95.898438	F4	65	61	1014	79.750000	F4	65	80	
1015	96.052083	G3	55	57	1016	79.875000	G3	55	80	
1016	96.183594	D5	74	80	1017	80.000000	D5	74	80	
1017	96.190104	F4	65	77	1018	80.000000	F4	65	80	
1018	96.200521	F3	53	65	1019	80.000000	F3	53	80	
1019	96.334635	Eb3	51	71	1020	80.125000	Eb3	51	80	
1020	96.485677	D3	50	69	1024	80.250000	D3	50	80	
1021	96.493490	D5	74	88	1021	80.250000	D5	74	80	
1022	96.497396	F3	53	71	1023	80.250000	F3	53	80	
1023	96.502604	F4	65	75	1022	80.250000	F4	65	80	
1024	96.628906	Eb3	51	75	1025	80.375000	Eb3	51	80	
1025	96.785156	D5	74	91	1026	80.500000	D5	74	80	
1026	96.807292	F4	65	80	1027	80.500000	F4	65	80	
1027	96.808594	D3	50	79	1028	80.500000	D3	50	80	
1028	96.809896	F2	41	65	1029	80.500000	F2	41	80	
1029	96.942708	C3	48	75	1030	80.625000	C3	48	80	
1030	97.080729	D5	74	94	1031	80.750000	D5	74	80	
1031	97.087240	D3	50	84	1033	80.750000	D3	50	80	
1032	97.089844	F4	65	81	1032	80.750000	F4	65	80	
1033	97.095052	G#2	44	72	1034	80.750000	G#2	44	80	
1034	97.218750	C3	48	78	1035	80.875000	C3	48	80	
1035	97.388021	B2	47	75	1038	81.000000	B2	47	80	
1036	97.393229	D5	74	87	1036	81.000000	D5	74	80	
1037	97.395833	G2	43	66	1039	81.000000	G2	43	80	
1038	97.398438	F4	65	81	1037	81.000000	F4	65	80	
1039	97.548177	C5	72	75	1040	81.125000	C5	72	80	
1040	97.688802	G3	55	70	1044	81.250000	G3	55	80	
1041	97.690104	B3	59	71	1043	81.250000	B3	59	80	
1042	97.691406	D5	74	77	1041	81.250000	D5	74	80	
1043	97.710938	F4	65	67	1042	81.250000	F4	65	80	
1044	97.843750	C5	72	77	1045	81.375000	C5	72	80	
1045	97.989583	B3	59	81	1048	81.500000	B3	59	80	
1046	97.992188	B4	71	80	1046	81.500000	B4	71	80	
1047	97.994792	G3	55	76	1049	81.500000	G3	55	80	
1048	98.007812	F4	65	63	1047	81.500000	F4	65	80	
1049	98.143229	A4	69	77	1050	81.625000	A4	69	80	
1050	98.285156	G3	55	82	1054	81.750000	G3	55	80	
1051	98.292969	B3	59	75	1053	81.750000	B3	59	80	
1052	98.302083	B4	71	83	1051	81.750000	B4	71	80	
1053	98.311198	F4	65	72	1052	81.750000	F4	65	80	
1054	98.454427	A4	69	82	1055	81.875000	A4	69	80	
1055	98.587240	A3	57	88	1058	82.000000	A3	57	80	
1056	98.587240	C4	60	88	1057	82.000000	C4	60	80	
1057	98.593750	G4	67	82	1056	82.000000	G4	67	80	
1058	98.750000	F4	65	80	1059	82.125000	F4	65	80	
1059	98.916667	D4	62	79	1061	82.250000	D4	62	80	
1060	98.917969	B3	59	80	1062	82.250000	B3	59	80	
1061	98.927083	G4	67	81	1060	82.250000	G4	67	80	
1062	99.075521	F4	65	77	1063	82.375000	F4	65	80	
1063	99.209635	Eb3	51	75	1064	82.500000	Eb3	51	80	
1064	99.253906	F3	53	29	*	-1	*	-1	-1	
1065	99.253906	G4	67	6	*	-1	*	-1	-1	
1066	99.360677	Eb4	63	71	1065	82.625000	Eb4	63	80	
1067	99.506510	G3	55	64	1067	82.750000	G3	55	80	
1068	99.515625	F4	65	75	1066	82.750000	F4	65	80	
1069	99.679688	D4	62	73	1068	82.875000	D4	62	80	
1070	99.828125	Eb4	63	82	1069	83.000000	Eb4	63	80	
1071	99.855469	C4	60	63	1070	83.000000	C4	60	80	
1072	99.968750	G#4	68	74	*	-1	*	-1	-1	
1073	99.985677	Eb3	51	62	1072	83.125000	Eb3	51	80	
1074	99.997396	G4	67	80	1071	83.125000	G4	67	80	
1075	100.106771	F3	53	65	1074	83.250000	F3	53	80	
1076	100.118490	A4	69	81	1073	83.250000	A4	69	80	
1077	100.240885	G3	55	74	1076	83.375000	G3	55	80	
1078	100.252604	B4	71	86	1075	83.375000	B4	71	80	
1079	100.393229	G#3	56	84	1078	83.500000	G#3	56	80	
1080	100.397135	C5	72	88	1077	83.500000	C5	72	80	
1081	100.542969	G3	55	76	1079	83.625000	G3	55	80	
1082	100.691406	G#3	56	83	1082	83.750000	G#3	56	80	
1083	100.692708	F4	65	71	1081	83.750000	F4	65	80	
1084	100.692708	G#4	68	85	1080	83.750000	G#4	68	80	
1085	100.742188	E4	64	37	*	-1	*	-1	-1	
1086	100.998698	D4	62	73	1084	84.000000	D4	62	80	
1087	101.002604	G#3	56	72	1085	84.000000	G#3	56	80	
1088	101.006510	F4	65	68	1083	84.000000	F4	65	80	
1089	101.303385	B4	71	65	1086	84.250000	B4	71	80	
1090	101.304688	D3	50	70	1087	84.250000	D3	50	80	
1091	101.440104	A4	69	73	1088	84.375000	A4	69	80	
1092	101.595052	B4	71	64	1089	84.500000	B4	71	80	
1093	101.735677	G#4	68	69	1090	84.625000	G#4	68	80	
1094	101.739583	D3	50	67	1091	84.625000	D3	50	80	
1095	101.894531	G4	67	64	1092	84.750000	G4	67	80	
1096	101.901042	Eb3	51	72	1093	84.750000	Eb3	51	80	
1097	102.061198	F3	53	66	1095	84.875000	F3	53	80	
1098	102.075521	F4	65	60	1094	84.875000	F4	65	80	
1099	102.188802	C#4	61	63	1098	85.000000	C#4	61	80	
1100	102.194010	Bb4	70	71	1096	85.000000	Bb4	70	80	
1101	102.207031	G3	55	71	1099	85.000000	G3	55	80	
1102	102.231771	E4	64	53	1097	85.000000	E4	64	80	
1103	102.346354	F4	65	60	1100	85.125000	F4	65	80	
1104	102.372396	F3	53	64	1101	85.125000	F3	53	80	
1105	102.494792	G3	55	66	1103	85.250000	G3	55	80	
1106	102.506510	E4	64	54	1102	85.250000	E4	64	80	
1107	102.671875	F4	65	48	1104	85.375000	F4	65	80	
1108	102.817708	G3	55	61	1107	85.500000	G3	55	80	
1109	102.820312	C4	60	67	1106	85.500000	C4	60	80	
1110	102.837240	E4	64	53	1105	85.500000	E4	64	80	
1111	103.118490	A4	69	67	1108	85.750000	A4	69	80	
1112	103.126302	C3	48	57	1109	85.750000	C3	48	80	
1113	103.269531	G4	67	61	1110	85.875000	G4	67	80	
1114	103.419271	A4	69	65	1111	86.000000	A4	69	80	
1115	103.557292	C3	48	66	1113	86.125000	C3	48	80	
1116	103.561198	G4	67	66	1112	86.125000	G4	67	80	
1117	103.713542	D3	50	64	1115	86.250000	D3	50	80	
1118	103.713542	F4	65	63	1114	86.250000	F4	65	80	
1119	103.864583	Eb3	51	74	1117	86.375000	Eb3	51	80	
1120	103.888021	Eb4	63	57	1116	86.375000	Eb4	63	80	
1121	104.007812	G#4	68	70	1118	86.500000	G#4	68	80	
1122	104.013021	F3	53	67	1121	86.500000	F3	53	80	
1123	104.018229	B3	59	62	1120	86.500000	B3	59	80	
1124	104.028646	D4	62	62	1119	86.500000	D4	62	80	
1125	104.162760	Eb4	63	65	1122	86.625000	Eb4	63	80	
1126	104.164062	Eb3	51	62	1123	86.625000	Eb3	51	80	
1127	104.296875	D4	62	59	1124	86.750000	D4	62	80	
1128	104.384115	F3	53	64	1125	86.750000	F3	53	80	
1129	104.445312	Eb4	63	52	1126	86.875000	Eb4	63	80	
1130	104.589844	D4	62	65	1127	87.000000	D4	62	80	
1131	104.595052	Bb3	58	75	1128	87.000000	Bb3	58	80	
1132	104.613281	F3	53	68	1129	87.000000	F3	53	80	
1133	104.903646	G4	67	64	1130	87.250000	G4	67	80	
1134	104.906250	Bb2	46	58	1131	87.250000	Bb2	46	80	
1135	105.031250	F4	65	75	1132	87.375000	F4	65	80	
1136	105.201823	Bb3	58	85	1135	87.500000	Bb3	58	80	
1137	105.203125	D4	62	91	1134	87.500000	D4	62	80	
1138	105.216146	G4	67	77	1133	87.500000	G4	67	80	
1139	105.381510	F5	77	68	1136	87.625000	F5	77	80	
1140	105.384115	E5	76	67	1137	87.625000	D5	74	80	
1141	105.507812	G5	79	76	1138	87.750000	G5	79	80	
1142	105.526042	Eb5	75	53	1139	87.750000	Eb5	75	80	
1143	105.649740	G#5	80	80	1140	87.875000	G#5	80	80	
1144	105.696615	F5	77	51	1141	87.875000	F5	77	80	
1145	105.703125	G5	79	39	*	-1	*	-1	-1	
1146	105.782552	Bb5	82	86	1142	88.000000	Bb5	82	80	
1147	105.828125	F#5	78	44	1143	88.000000	G5	79	80	
1148	105.938802	G#5	80	83	1144	88.125000	G#5	80	80	
1149	105.945312	F5	77	69	1145	88.125000	F5	77	80	
1150	106.080729	G5	79	79	1147	88.250000	G5	79	80	
1151	106.084635	G3	55	75	1149	88.250000	G3	55	80	
1152	106.087240	Bb3	58	94	1148	88.250000	Bb3	58	80	
1153	106.093750	Bb5	82	90	1146	88.250000	Bb5	82	80	
1154	106.412760	Eb4	63	84	1152	88.500000	Eb4	63	80	
1155	106.416667	C4	60	81	1153	88.500000	C4	60	80	
1156	106.425781	Bb5	82	87	1150	88.500000	Bb5	82	80	
1157	106.434896	G5	79	73	1151	88.500000	G5	79	80	
1158	106.734375	Eb5	75	78	1154	88.750000	Eb5	75	80	
1159	106.735677	C5	72	73	1155	88.750000	C5	72	80	
1160	107.057292	G#3	56	86	1157	89.000000	G#3	56	80	
1161	107.057292	C4	60	93	1156	89.000000	C4	60	80	
1162	107.201823	C5	72	66	1159	89.125000	C5	72	80	
1163	107.201823	Eb5	75	76	1158	89.125000	Eb5	75	80	
1164	107.346354	D5	74	73	1161	89.250000	D5	74	80	
1165	107.358073	F5	77	74	1160	89.250000	F5	77	80	
1166	107.502604	Eb5	75	74	1163	89.375000	Eb5	75	80	
1167	107.505208	G5	79	78	1162	89.375000	G5	79	80	
1168	107.645833	F5	77	81	1165	89.500000	F5	77	80	
1169	107.652344	G#5	80	80	1164	89.500000	G#5	80	80	
1170	107.785156	Eb5	75	78	1167	89.625000	Eb5	75	80	
1171	107.821615	G5	79	56	1166	89.625000	G5	79	80	
1172	107.936198	G#3	56	93	1170	89.750000	G#3	56	80	
1173	107.940104	F3	53	85	1171	89.750000	F3	53	80	
1174	107.946615	G#5	80	87	1168	89.750000	G#5	80	80	
1175	107.955729	F5	77	84	1169	89.750000	F5	77	80	
1176	108.251302	D4	62	94	1174	90.000000	D4	62	80	
1177	108.253906	Bb3	58	88	1175	90.000000	Bb3	58	80	
1178	108.261719	G#5	80	79	1172	90.000000	G#5	80	80	
1179	108.269531	F5	77	75	1173	90.000000	F5	77	80	
1180	108.589844	D5	74	78	1176	90.250000	D5	74	80	
1181	108.600260	Bb4	70	74	1177	90.250000	Bb4	70	80	
1182	108.895833	G3	55	87	1179	90.500000	G3	55	80	
1183	108.895833	Bb3	58	89	1178	90.500000	Bb3	58	80	
1184	109.022135	Bb4	70	76	1181	90.625000	Bb4	70	80	
1185	109.039062	D5	74	72	1180	90.625000	D5	74	80	
1186	109.183594	C5	72	77	1183	90.750000	C5	72	80	
1187	109.187500	Eb5	75	78	1182	90.750000	Eb5	75	80	
1188	109.332031	D5	74	78	1185	90.875000	D5	74	80	
1189	109.337240	F5	77	81	1184	90.875000	F5	77	80	
1190	109.473958	G5	79	79	1186	91.000000	G5	79	80	
1191	109.475260	Eb5	75	83	1187	91.000000	Eb5	75	80	
1192	109.611979	D5	74	82	1189	91.125000	D5	74	80	
1193	109.617188	F5	77	76	1188	91.125000	F5	77	80	
1194	109.756510	Eb5	75	72	1191	91.250000	Eb5	75	80	
1195	109.766927	G3	55	84	1192	91.250000	G3	55	80	
1196	109.768229	Eb3	51	80	1193	91.250000	Eb3	51	80	
1197	109.768229	G5	79	81	1190	91.250000	G5	79	80	
1198	110.062500	C4	60	77	1194	91.500000	C4	60	80	
1199	110.067708	G#3	56	70	1195	91.500000	G#3	56	80	
1200	110.204427	C#5	73	69	1196	91.625000	C#5	73	80	
1201	110.358073	C4	60	59	1199	91.750000	C4	60	80	
1202	110.367188	Bb5	82	69	1197	91.750000	Bb5	82	80	
1203	110.382812	G#3	56	54	1200	91.750000	G#3	56	80	
1204	110.389323	Eb5	75	51	1198	91.750000	Eb5	75	80	
1205	110.516927	C#5	73	64	1201	91.875000	C#5	73	80	
1206	110.662760	G#5	80	78	1202	92.000000	G#5	80	80	
1207	110.666667	C4	60	67	1204	92.000000	C4	60	80	
1208	110.669271	G#3	56	57	1205	92.000000	G#3	56	80	
1209	110.678385	C5	72	68	1203	92.000000	C5	72	80	
1210	110.808594	Bb4	70	64	1206	92.125000	Bb4	70	80	
1211	110.972656	G5	79	84	1207	92.250000	G5	79	80	
1212	110.981771	C4	60	76	1209	92.250000	C4	60	80	
1213	110.986979	G#3	56	72	1210	92.250000	G#3	56	80	
1214	110.990885	C5	72	75	1208	92.250000	C5	72	80	
1215	111.136719	Bb4	70	69	1211	92.375000	Bb4	70	80	
1216	111.274740	C4	60	78	1214	92.500000	C4	60	80	
1217	111.276042	F5	77	90	1212	92.500000	F5	77	80	
1218	111.277344	G#3	56	77	1215	92.500000	G#3	56	80	
1219	111.295573	G#4	68	81	1213	92.500000	G#4	68	80	
1220	111.434896	G4	67	64	1216	92.625000	G4	67	80	
1221	111.549479	Eb5	75	82	1217	92.750000	Eb5	75	80	
1222	111.558594	G#3	56	76	1220	92.750000	G#3	56	80	
1223	111.559896	G#4	68	63	1218	92.750000	G#4	68	80	
1224	111.563802	C4	60	69	1219	92.750000	C4	60	80	
1225	111.705729	G4	67	73	1221	92.875000	G4	67	80	
1226	111.861979	D5	74	75	1222	93.000000	D5	74	80	
1227	111.872396	D4	62	61	1224	93.000000	D4	62	80	
1228	111.875000	Bb3	58	55	1225	93.000000	Bb3	58	80	
1229	111.895833	F4	65	59	1223	93.000000	F4	65	80	
1230	112.016927	C4	60	72	1226	93.125000	C4	60	80	
1231	112.164062	D5	74	83	1227	93.250000	D5	74	80	
1232	112.174479	G#3	56	68	1230	93.250000	G#3	56	80	
1233	112.177083	D4	62	64	1229	93.250000	D4	62	80	
1234	112.180990	F4	65	66	1228	93.250000	F4	65	80	
1235	112.311198	C4	60	78	1231	93.375000	C4	60	80	
1236	112.451823	Eb5	75	84	1232	93.500000	Eb5	75	80	
1237	112.455729	G3	55	68	1235	93.500000	G3	55	80	
1238	112.459635	G4	67	73	1233	93.500000	G4	67	80	
1239	112.462240	Bb3	58	77	1234	93.500000	Bb3	58	80	
1240	112.601562	G#3	56	75	1236	93.625000	G#3	56	80	
1241	112.729167	F3	53	63	1240	93.750000	F3	53	80	
1242	112.748698	F5	77	93	1237	93.750000	F5	77	80	
1243	112.756510	G#4	68	87	1238	93.750000	G#4	68	80	
1244	112.764323	Bb3	58	77	1239	93.750000	Bb3	58	80	
1245	112.901042	G#3	56	81	1241	93.875000	G#3	56	80	
1246	113.044271	G5	79	88	1242	94.000000	G5	79	80	
1247	113.062500	Bb4	70	78	1243	94.000000	Bb4	70	80	
1248	113.063802	Eb3	51	74	1245	94.000000	Eb3	51	80	
1249	113.080729	G3	55	78	1244	94.000000	G3	55	80	
1250	113.080729	A4	69	52	*	-1	*	-1	-1	
1251	113.226562	F3	53	86	1246	94.125000	F3	53	80	
1252	113.356771	B4	71	80	1247	94.250000	B4	71	80	
1253	113.369792	D3	50	78	1249	94.250000	D3	50	80	
1254	113.369792	G3	55	90	1248	94.250000	G3	55	80	
1255	113.497396	F3	53	86	1250	94.375000	F3	53	80	
1256	113.644531	C3	48	64	1253	94.500000	C3	48	80	
1257	113.653646	Eb3	51	82	1252	94.500000	Eb3	51	80	
1258	113.673177	C5	72	78	1251	94.500000	C5	72	80	
1259	113.829427	D5	74	80	1255	94.625000	D5	74	80	
1260	113.833333	F5	77	88	1254	94.625000	F5	77	80	
1261	113.975260	G5	79	85	1256	94.750000	G5	79	80	
1262	113.986979	C4	60	73	1259	94.750000	C4	60	80	
1263	113.990885	Eb5	75	73	1257	94.750000	Eb5	75	80	
1264	113.993490	Eb4	63	76	1258	94.750000	Eb4	63	80	
1265	114.122396	D5	74	73	1261	94.875000	D5	74	80	
1266	114.125000	F5	77	91	1260	94.875000	F5	77	80	
1267	114.261719	Eb4	63	81	1264	95.000000	Eb4	63	80	
1268	114.272135	C4	60	82	1265	95.000000	C4	60	80	
1269	114.273438	Eb5	75	85	1262	95.000000	Eb5	75	80	
1270	114.286458	C5	72	83	1263	95.000000	C5	72	80	
1271	114.428385	D5	74	83	1266	95.125000	D5	74	80	
1272	114.429688	Bb4	70	78	1267	95.125000	Bb4	70	80	
1273	114.555990	Eb4	63	82	1270	95.250000	Eb4	63	80	
1274	114.559896	C4	60	80	1271	95.250000	C4	60	80	
1275	114.569010	Eb5	75	88	1268	95.250000	Eb5	75	80	
1276	114.570312	C5	72	78	1269	95.250000	C5	72	80	
1277	114.708333	Bb4	70	77	1273	95.375000	Bb4	70	80	
1278	114.714844	D5	74	84	1272	95.375000	D5	74	80	
1279	114.867188	Eb4	63	84	1276	95.500000	Eb4	63	80	
1280	114.867188	C5	72	80	1274	95.500000	C5	72	80	
1281	114.877604	C4	60	84	1277	95.500000	C4	60	80	
1282	114.886719	G#4	68	71	1275	95.500000	G#4	68	80	
1283	115.019531	G4	67	74	1279	95.625000	G4	67	80	
1284	115.019531	Bb4	70	80	1278	95.625000	Bb4	70	80	
1285	115.149740	Eb4	63	91	1282	95.750000	Eb4	63	80	
1286	115.153646	C5	72	86	1280	95.750000	C5	72	80	
1287	115.160156	C4	60	81	1283	95.750000	C4	60	80	
1288	115.187500	G#4	68	75	1281	95.750000	G#4	68	80	
1289	115.300781	G4	67	78	1285	95.875000	G4	67	80	
1290	115.300781	Bb4	70	85	1284	95.875000	Bb4	70	80	
1291	115.424479	C4	60	78	1289	96.000000	C4	60	80	
1292	115.425781	Eb4	63	78	1288	96.000000	Eb4	63	80	
1293	115.436198	A4	69	84	1286	96.000000	A4	69	80	
1294	115.438802	F#4	66	82	1287	96.000000	F#4	66	80	
1295	115.602865	D4	62	62	1290	96.125000	D4	62	80	
1296	115.746094	Bb3	58	57	1292	96.250000	Bb3	58	80	
1297	115.765625	Eb4	63	81	1291	96.250000	Eb4	63	80	
1298	115.911458	D4	62	77	1293	96.375000	D4	62	80	
1299	116.059896	C4	60	83	1294	96.500000	C4	60	80	
1300	116.062500	A3	57	73	1295	96.500000	A3	57	80	
1301	116.188802	Bb3	58	81	1296	96.625000	Bb3	58	80	
1302	116.325521	Bb4	70	85	1297	96.750000	Bb4	70	80	
1303	116.334635	C4	60	84	1299	96.750000	C4	60	80	
1304	116.335938	G4	67	81	1298	96.750000	G4	67	80	
1305	116.359375	G3	55	60	1300	96.750000	G3	55	80	
1306	116.480469	Bb3	58	85	1301	96.875000	Bb3	58	80	
1307	116.631510	F#3	54	80	1305	97.000000	F#3	54	80	
1308	116.639323	C5	72	94	1302	97.000000	C5	72	80	
1309	116.644531	A3	57	82	1304	97.000000	A3	57	80	
1310	116.644531	A4	69	86	1303	97.000000	A4	69	80	
1311	116.773438	G3	55	80	1306	97.125000	G3	55	80	
1312	116.944010	A3	57	82	1307	97.250000	A3	57	80	
1313	116.947917	E3	52	72	1308	97.250000	E3	52	80	
1314	117.071615	G3	55	85	1309	97.375000	G3	55	80	
1315	117.217448	D3	50	80	1311	97.500000	D3	50	80	
1316	117.221354	F#3	54	87	1310	97.500000	F#3	54	80	
1317	117.360677	D4	62	89	1312	97.625000	D4	62	80	
1318	117.494792	Eb4	63	84	1313	97.750000	Eb4	63	80	
1319	117.501302	A3	57	76	1314	97.750000	A3	57	80	
1320	117.503906	F#3	54	63	1315	97.750000	F#3	54	80	
1321	117.634115	D4	62	87	1316	97.875000	D4	62	80	
1322	117.794271	Bb3	58	85	1318	98.000000	Bb3	58	80	
1323	117.796875	Bb4	70	89	1317	98.000000	Bb4	70	80	
1324	117.804688	G3	55	74	1319	98.000000	G3	55	80	
1325	117.950521	D4	62	90	1320	98.125000	D4	62	80	
1326	118.096354	F#3	54	80	1322	98.250000	F#3	54	80	
1327	118.105469	Eb4	63	92	1321	98.250000	Eb4	63	80	
1328	118.108073	D3	50	69	1323	98.250000	D3	50	80	
1329	118.235677	D4	62	89	1324	98.375000	D4	62	80	
1330	118.378906	C4	60	91	1325	98.500000	C4	60	80	
1331	118.386719	G3	55	88	1326	98.500000	G3	55	80	
1332	118.390625	Eb3	51	78	1327	98.500000	Eb3	51	80	
1333	118.537760	Bb4	70	91	1328	98.625000	Bb4	70	80	
1334	118.722656	C#4	61	78	1330	98.750000	C#4	61	80	
1335	118.722656	A4	69	78	1329	98.750000	A4	69	80	
1336	118.735677	B4	71	68	*	-1	*	-1	-1	
1337	118.888021	G4	67	87	1331	98.875000	G4	67	80	
1338	119.049479	D4	62	91	1333	99.000000	D4	62	80	
1339	119.050781	F#4	66	89	1332	99.000000	F#4	66	80	
1340	119.059896	D3	50	79	1335	99.000000	D3	50	80	
1341	119.059896	A3	57	92	1334	99.000000	A3	57	80	
1342	119.477865	D2	38	87	1336	99.250000	D2	38	80	
1343	120.044271	D4	62	96	1337	99.500000	D4	62	80	
1344	120.220052	A4	69	71	1338	99.625000	A4	69	80	
1345	120.377604	Bb4	70	72	1339	99.750000	Bb4	70	80	
1346	120.516927	C5	72	78	1340	99.875000	C5	72	80	
1347	120.671875	D5	74	83	1341	100.000000	D5	74	80	
1348	120.830729	C5	72	79	1342	100.125000	C5	72	80	
1349	120.979167	D5	74	87	1343	100.250000	D5	74	80	
1350	120.983073	Bb3	58	96	1344	100.250000	Bb3	58	80	
1351	121.321615	D5	74	92	1345	100.500000	D5	74	80	
1352	121.326823	Eb4	63	95	1346	100.500000	Eb4	63	80	
1353	121.634115	G4	67	76	1347	100.750000	G4	67	80	
1354	121.981771	C4	60	90	1348	101.000000	C4	60	80	
1355	122.132812	G4	67	63	1349	101.125000	G4	67	80	
1356	122.279948	A4	69	71	1350	101.250000	A4	69	80	
1357	122.419271	Bb4	70	71	1351	101.375000	Bb4	70	80	
1358	122.570312	C5	72	80	1352	101.500000	C5	72	80	
1359	122.720052	Bb4	70	70	1353	101.625000	Bb4	70	80	
1360	122.869792	A3	57	89	1355	101.750000	A3	57	80	
1361	122.869792	C5	72	87	1354	101.750000	C5	72	80	
1362	123.194010	D4	62	89	1357	102.000000	D4	62	80	
1363	123.199219	C5	72	89	1356	102.000000	C5	72	80	
1364	123.506510	F#4	66	74	1358	102.250000	F#4	66	80	
1365	123.812500	D5	74	95	1359	102.500000	D5	74	80	
1366	123.824219	Bb3	58	83	1360	102.500000	Bb3	58	80	
1367	123.977865	F#4	66	67	1361	102.625000	F#4	66	80	
1368	123.985677	D3	50	54	1362	102.625000	D3	50	80	
1369	124.123698	E3	52	57	1364	102.750000	E3	52	80	
1370	124.132812	G4	67	74	1363	102.750000	G4	67	80	
1371	124.255208	F#3	54	66	1366	102.875000	F#3	54	80	
1372	124.281250	A4	69	74	1365	102.875000	A4	69	80	
1373	124.402344	G3	55	69	1368	103.000000	G3	55	80	
1374	124.432292	Bb4	70	79	1367	103.000000	Bb4	70	80	
1375	124.550781	F#3	54	67	1370	103.125000	F#3	54	80	
1376	124.575521	A4	69	76	1369	103.125000	A4	69	80	
1377	124.696615	G3	55	85	1373	103.250000	G3	55	80	
1378	124.703125	Bb4	70	96	1371	103.250000	Bb4	70	80	
1379	125.029948	Eb5	75	98	1375	103.500000	Eb5	75	80	
1380	125.037760	C4	60	84	1377	103.500000	C4	60	80	
1381	125.039062	Bb4	70	83	1376	103.500000	Bb4	70	80	
1382	125.040365	G3	55	74	1378	103.500000	G3	55	80	
1383	125.335938	Eb4	63	76	1379	103.750000	Eb4	63	80	
1384	125.342448	C3	48	64	1380	103.750000	C3	48	80	
1385	125.647135	C5	72	91	1381	104.000000	C5	72	80	
1386	125.651042	A3	57	79	1382	104.000000	A3	57	80	
1387	125.815104	C3	48	68	1384	104.125000	C3	48	80	
1388	125.828125	E4	64	67	1383	104.125000	E4	64	80	
1389	125.958333	D3	50	62	1386	104.250000	D3	50	80	
1390	125.966146	F4	65	68	1385	104.250000	F4	65	80	
1391	126.104167	E3	52	65	1388	104.375000	Eb3	51	80	
1392	126.109375	G4	67	72	1387	104.375000	G4	67	80	
1393	126.240885	F3	53	70	1390	104.500000	F3	53	80	
1394	126.255208	A4	69	72	1389	104.500000	A4	69	80	
1395	126.385417	G4	67	74	1391	104.625000	G4	67	80	
1396	126.395833	E3	52	61	1392	104.625000	Eb3	51	80	
1397	126.532552	A4	69	91	1393	104.750000	A4	69	80	
1398	126.544271	F3	53	85	1395	104.750000	F3	53	80	
1399	126.856771	D5	74	91	1397	105.000000	D5	74	80	
1400	126.863281	A4	69	89	1398	105.000000	A4	69	80	
1401	126.865885	Bb3	58	79	1399	105.000000	Bb3	58	80	
1402	126.878906	F3	53	73	1400	105.000000	F3	53	80	
1403	126.944010	G3	55	14	*	-1	*	-1	-1	
1404	127.162760	Bb2	46	72	1402	105.250000	Bb2	46	80	
1405	127.178385	D4	62	74	1401	105.250000	D4	62	80	
1406	127.463542	G3	55	79	1404	105.500000	G3	55	80	
1407	127.463542	Bb4	70	89	1403	105.500000	Bb4	70	80	
1408	127.601562	D4	62	62	1405	105.625000	D4	62	80	
1409	127.602865	Bb2	46	62	1406	105.625000	Bb2	46	80	
1410	127.747396	E4	64	68	1407	105.750000	E4	64	80	
1411	127.752604	C3	48	56	1408	105.750000	C3	48	80	
1412	127.908854	D3	50	66	1410	105.875000	D3	50	80	
1413	127.908854	F#4	66	68	1409	105.875000	F#4	66	80	
1414	128.037760	Eb3	51	73	1412	106.000000	Eb3	51	80	
1415	128.062500	G4	67	74	1411	106.000000	G4	67	80	
1416	128.199219	D3	50	61	1414	106.125000	D3	50	80	
1417	128.226562	F#4	66	68	1413	106.125000	F#4	66	80	
1418	128.365885	Eb3	51	62	1418	106.250000	Eb3	51	80	
1419	128.367188	G4	67	77	1415	106.250000	G4	67	80	
1420	128.369792	Bb3	58	75	1417	106.250000	Bb3	58	80	
1421	128.657552	C5	72	80	1419	106.500000	C5	72	80	
1422	128.683594	A3	57	67	1420	106.500000	A3	57	80	
1423	128.838542	D3	50	54	1421	106.625000	D3	50	80	
1424	128.954427	G3	55	67	1424	106.750000	G3	55	80	
1425	128.971354	C5	72	77	1422	106.750000	C5	72	80	
1426	128.975260	Bb4	70	78	1423	106.750000	Bb4	70	80	
1427	128.976562	Eb3	51	55	1425	106.750000	Eb3	51	80	
1428	129.139323	D3	50	66	1426	106.875000	D3	50	80	
1429	129.257812	C5	72	85	1427	107.000000	C5	72	80	
1430	129.261719	C3	48	67	1430	107.000000	C3	48	80	
1431	129.261719	Eb4	63	75	1428	107.000000	Eb4	63	80	
1432	129.269531	A4	69	73	1429	107.000000	A4	69	80	
1433	129.377604	Bb2	46	66	1431	107.125000	Bb2	46	80	
1434	129.553385	C3	48	74	1435	107.250000	C3	48	80	
1435	129.562500	C5	72	96	1432	107.250000	C5	72	80	
1436	129.567708	G4	67	80	1434	107.250000	G4	67	80	
1437	129.570312	Eb4	63	82	1433	107.250000	Eb4	63	80	
1438	129.713542	Bb2	46	77	1436	107.375000	Bb2	46	80	
1439	129.886719	A2	45	85	1440	107.500000	A2	45	80	
1440	129.889323	C5	72	101	1437	107.500000	C5	72	80	
1441	129.891927	F#4	66	92	1439	107.500000	F#4	66	80	
1442	129.899740	Eb4	63	89	1438	107.500000	Eb4	63	80	
1443	130.050781	G2	43	79	1441	107.625000	G2	43	80	
1444	130.247396	A2	45	87	1445	107.750000	A2	45	80	
1445	130.247396	C5	72	99	1442	107.750000	C5	72	80	
1446	130.251302	Eb4	63	93	1443	107.750000	Eb4	63	80	
1447	130.252604	G4	67	83	1444	107.750000	G4	67	80	
1448	130.321615	D4	62	23	*	-1	*	-1	-1	
1449	130.428385	G2	43	71	1446	107.875000	G2	43	80	
1450	130.710938	C5	72	98	1447	108.000000	C5	72	80	
1451	130.714844	F#2	42	85	1450	108.000000	F#2	42	80	
1452	130.714844	A4	69	85	1449	108.000000	A4	69	80	
1453	130.717448	D4	62	91	1448	108.000000	D4	62	80	
1454	131.839844	D5	74	97	1451	108.750000	D5	74	80	
1455	131.842448	F#4	66	86	1453	108.750000	F#4	66	80	
1456	131.850260	D2	38	93	1454	108.750000	D2	38	80	
1457	131.850260	D4	62	78	1452	108.750000	D4	62	80	
1458	131.858073	E5	76	63	*	-1	*	-1	-1	
1459	131.895833	E4	64	30	*	-1	*	-1	-1	
1460	132.223958	Bb4	70	97	1455	109.000000	Bb4	70	80	
1461	132.231771	D4	62	82	1456	109.000000	D4	62	80	
1462	132.235677	G2	43	83	1458	109.000000	G2	43	80	
1463	132.238281	G4	67	78	1457	109.000000	G4	67	80	
1464	133.192708	C5	72	96	1459	109.750000	C5	72	80	
1465	133.200521	C3	48	77	1462	109.750000	C3	48	80	
1466	133.201823	Eb4	63	80	1460	109.750000	Eb4	63	80	
1467	133.203125	A4	69	74	1461	109.750000	A4	69	80	
1468	133.625000	Bb4	70	88	1463	110.000000	Bb4	70	80	
1469	133.632812	D3	50	57	1466	110.000000	D3	50	80	
1470	133.638021	D4	62	73	1464	110.000000	D4	62	80	
1471	133.647135	G4	67	68	1465	110.000000	G4	67	80	
1472	134.014323	A4	69	82	1467	110.250000	A4	69	80	
1473	134.071615	B4	71	19	*	-1	*	-1	-1	
1474	134.347656	A4	69	78	1468	110.500000	A4	69	80	
1475	134.350260	D2	38	48	1471	110.500000	D2	38	80	
1476	134.360677	F#4	66	65	1470	110.500000	F#4	66	80	
1477	134.376302	C4	60	54	1469	110.500000	C4	60	80	
1478	134.699219	G4	67	64	1472	110.750000	G4	67	80	
1479	135.063802	G2	43	41	1476	111.000000	G2	43	80	
1480	135.074219	Bb3	58	51	1474	111.000000	Bb3	58	80	
1481	135.082031	G4	67	47	1473	111.000000	G4	67	80	
1482	135.122396	D4	62	19	1475	111.000000	D4	62	80	
1483	135.231771	D3	50	57	1477	111.125000	D3	50	80	
1484	135.381510	E3	52	58	1478	111.250000	E3	52	80	
1485	135.535156	F#3	54	61	1479	111.375000	F#3	54	80	
1486	135.687500	G3	55	58	1480	111.500000	G3	55	80	
1487	135.819010	A4	69	58	1481	111.625000	A4	69	80	
1488	135.843750	F#3	54	47	1482	111.625000	F#3	54	80	
1489	135.976562	G3	55	61	1484	111.750000	G3	55	80	
1490	135.979167	Bb4	70	65	1483	111.750000	Bb4	70	80	
1491	136.144531	C5	72	65	1485	111.875000	C5	72	80	
1492	136.295573	G3	55	45	1487	112.000000	G3	55	80	
1493	136.317708	D5	74	54	1486	112.000000	D5	74	80	
1494	136.389323	G3	55	3	*	-1	*	-1	-1	
1495	136.451823	A3	57	60	1489	112.125000	A3	57	80	
1496	136.467448	C5	72	62	1488	112.125000	C5	72	80	
1497	136.595052	Bb3	58	66	1491	112.250000	Bb3	58	80	
1498	136.611979	D5	74	65	1490	112.250000	D5	74	80	
1499	136.751302	C4	60	64	1493	112.375000	C4	60	80	
1500	136.765625	Eb5	75	67	1492	112.375000	Eb5	75	80	
1501	136.911458	A4	69	72	1494	112.500000	A4	69	80	
1502	136.919271	D4	62	66	1495	112.500000	D4	62	80	
1503	137.050781	C#4	61	60	1497	112.625000	C#4	61	80	
1504	137.071615	E4	64	68	1496	112.625000	E4	64	80	
1505	137.085938	A4	69	37	*	-1	*	-1	-1	
1506	137.199219	D4	62	73	1499	112.750000	D4	62	80	
1507	137.208333	F4	65	68	1498	112.750000	F4	65	80	
1508	137.212240	F3	53	61	1500	112.750000	F3	53	80	
1509	137.354167	G4	67	74	1501	112.875000	G4	67	80	
1510	137.506510	F3	53	66	1503	113.000000	F3	53	80	
1511	137.506510	A4	69	71	1502	113.000000	A4	69	80	
1512	137.645833	Bb4	70	71	1504	113.125000	Bb4	70	80	
1513	137.658854	G4	67	67	1505	113.125000	G4	67	80	
1514	137.807292	C5	72	76	1506	113.250000	C5	72	80	
1515	137.811198	A4	69	69	1507	113.250000	A4	69	80	
1516	137.813802	A3	57	65	1508	113.250000	A3	57	80	
1517	137.954427	B3	59	69	1510	113.375000	B3	59	80	
1518	137.955729	A4	69	58	*	-1	*	-1	-1	
1519	137.958333	D5	74	81	1509	113.375000	D5	74	80	
1520	137.972656	F3	53	13	*	-1	*	-1	-1	
1521	138.096354	C4	60	81	1512	113.500000	C4	60	80	
1522	138.102865	Eb5	75	83	1511	113.500000	Eb5	75	80	
1523	138.239583	B3	59	80	1514	113.625000	B3	59	80	
1524	138.247396	D5	74	82	1513	113.625000	D5	74	80	
1525	138.381510	G#4	68	81	1516	113.750000	G#4	68	80	
1526	138.381510	Eb5	75	73	1515	113.750000	Eb5	75	80	
1527	138.404948	C4	60	82	1517	113.750000	C4	60	80	
1528	138.528646	F5	77	82	1518	113.875000	F5	77	80	
1529	138.680990	B4	71	84	1519	114.000000	B4	71	80	
1530	138.686198	D4	62	78	1521	114.000000	D4	62	80	
1531	138.688802	G4	67	76	1520	114.000000	G4	67	80	
1532	138.832031	B2	47	80	1523	114.125000	B2	47	80	
1533	138.837240	G4	67	79	1522	114.125000	G4	67	80	
1534	138.983073	C3	48	70	1525	114.250000	C3	48	80	
1535	138.997396	A4	69	76	1524	114.250000	A4	69	80	
1536	139.123698	D3	50	76	1527	114.375000	D3	50	80	
1537	139.139323	B4	71	83	1526	114.375000	B4	71	80	
1538	139.274740	Eb3	51	84	1529	114.500000	Eb3	51	80	
1539	139.286458	C5	72	86	1528	114.500000	C5	72	80	
1540	139.424479	D3	50	76	1531	114.625000	D3	50	80	
1541	139.424479	B4	71	91	1530	114.625000	B4	71	80	
1542	139.565104	Eb3	51	87	1533	114.750000	Eb3	51	80	
1543	139.579427	C5	72	94	1532	114.750000	C5	72	80	
1544	139.717448	Bb4	70	91	1534	114.875000	Bb4	70	80	
1545	139.722656	D4	62	80	1535	114.875000	D4	62	80	
1546	139.884115	C5	72	94	1536	115.000000	C5	72	80	
1547	139.889323	A4	69	85	1537	115.000000	A4	69	80	
1548	139.891927	C4	60	80	1538	115.000000	C4	60	80	
1549	139.893229	Eb3	51	79	1539	115.000000	Eb3	51	80	
1550	139.930990	C#4	61	33	*	-1	*	-1	-1	
1551	140.046875	G4	67	87	1540	115.125000	G4	67	80	
1552	140.079427	Bb3	58	75	1541	115.125000	Bb3	58	80	
1553	140.214844	C5	72	102	1542	115.250000	C5	72	80	
1554	140.221354	C4	60	86	1544	115.250000	C4	60	80	
1555	140.222656	A4	69	86	1543	115.250000	A4	69	80	
1556	140.385417	Bb3	58	77	1546	115.375000	Bb3	58	80	
1557	140.386719	G4	67	83	1545	115.375000	G4	67	80	
1558	140.626302	A3	57	86	1549	115.500000	A3	57	80	
1559	140.628906	C5	72	97	1547	115.500000	C5	72	80	
1560	140.631510	F#4	66	82	1548	115.500000	F#4	66	80	
1561	140.703125	B4	71	29	*	-1	*	-1	-1	
1562	141.709635	F#5	78	107	1550	116.250000	F#5	78	80	
1563	141.712240	Eb3	51	86	1553	116.250000	Eb3	51	80	
1564	141.713542	C4	60	94	1552	116.250000	C4	60	80	
1565	141.713542	A4	69	94	1551	116.250000	A4	69	80	
1566	142.160156	Bb4	70	83	1555	116.500000	Bb4	70	80	
1567	142.160156	G5	79	94	1554	116.500000	G5	79	80	
1568	142.171875	D3	50	79	1557	116.500000	D3	50	80	
1569	142.174479	D4	62	93	1556	116.500000	D4	62	80	
1570	142.966146	Bb5	82	100	1558	117.125000	Bb5	82	80	
1571	143.182292	A5	81	90	1559	117.250000	A5	81	80	
1572	143.187500	C#3	49	96	1560	117.250000	C#3	49	80	
1573	143.369792	G5	79	80	1561	117.375000	G5	79	80	
1574	143.548177	D3	50	96	1563	117.500000	D3	50	80	
1575	143.550781	F#5	78	84	1562	117.500000	F#5	78	80	
1576	143.657552	G#5	80	23	*	-1	*	-1	-1	
1577	143.713542	E5	76	79	1564	117.625000	E5	76	80	
1578	143.725260	A3	57	69	1565	117.625000	A3	57	80	
1579	143.877604	Bb3	58	72	1567	117.750000	Bb3	58	80	
1580	143.878906	D5	74	79	1566	117.750000	D5	74	80	
1581	144.014323	C5	72	84	1568	117.875000	C5	72	80	
1582	144.027344	C4	60	73	1569	117.875000	C4	60	80	
1583	144.160156	Bb4	70	80	1570	118.000000	Bb4	70	80	
1584	144.170573	D4	62	82	1571	118.000000	D4	62	80	
1585	144.312500	A4	69	73	1572	118.125000	A4	69	80	
1586	144.453125	G4	67	78	1573	118.250000	G4	67	80	
1587	144.462240	D3	50	84	1574	118.250000	D3	50	80	
1588	144.611979	F#4	66	70	1575	118.375000	F#4	66	80	
1589	144.765625	G4	67	78	1576	118.500000	G4	67	80	
1590	144.779948	Eb3	51	98	1577	118.500000	Eb3	51	80	
1591	144.938802	G3	55	80	1579	118.625000	G3	55	80	
1592	144.946615	B3	59	74	1578	118.625000	B3	59	80	
1593	145.083333	C4	60	73	1580	118.750000	C4	60	80	
1594	145.096354	A3	57	75	1581	118.750000	A3	57	80	
1595	145.229167	B3	59	71	1583	118.875000	B3	59	80	
1596	145.238281	D4	62	76	1582	118.875000	D4	62	80	
1597	145.384115	C4	60	82	1585	119.000000	C4	60	80	
1598	145.385417	C3	48	95	1586	119.000000	C3	48	80	
1599	145.391927	Eb4	63	77	1584	119.000000	Eb4	63	80	
1600	145.540365	D4	62	77	1587	119.125000	D4	62	80	
1601	145.541667	B3	59	74	1588	119.125000	B3	59	80	
1602	145.697917	C4	60	81	1590	119.250000	C4	60	80	
1603	145.697917	Eb4	63	75	1589	119.250000	Eb4	63	80	
1604	146.019531	Eb4	63	79	1591	119.500000	Eb4	63	80	
1605	146.027344	C4	60	76	1592	119.500000	C4	60	80	
1606	146.149740	A2	45	88	1593	119.625000	A2	45	80	
1607	146.312500	B2	47	85	1594	119.750000	B2	47	80	
1608	146.468750	C3	48	91	1595	119.875000	C3	48	80	
1609	146.609375	D3	50	94	1596	120.000000	D3	50	80	
1610	146.761719	A3	57	83	1598	120.125000	A3	57	80	
1611	146.781250	C4	60	85	1597	120.125000	C4	60	80	
1612	146.917969	D4	62	80	1599	120.250000	D4	62	80	
1613	146.937500	B3	59	69	1600	120.250000	B3	59	80	
1614	147.062500	C4	60	81	1602	120.375000	C4	60	80	
1615	147.062500	Eb4	63	81	1601	120.375000	Eb4	63	80	
1616	147.200521	B2	47	91	1605	120.500000	B2	47	80	
1617	147.213542	D4	62	79	1604	120.500000	D4	62	80	
1618	147.213542	F4	65	79	1603	120.500000	F4	65	80	
1619	147.358073	Eb4	63	79	1606	120.625000	Eb4	63	80	
1620	147.361979	C4	60	80	1607	120.625000	C4	60	80	
1621	147.507812	D4	62	74	1609	120.750000	D4	62	80	
1622	147.507812	F4	65	77	1608	120.750000	F4	65	80	
1623	147.841146	D4	62	82	1611	121.000000	D4	62	80	
1624	147.845052	F4	65	81	1610	121.000000	F4	65	80	
1625	147.986979	G2	43	92	1612	121.125000	G2	43	80	
1626	148.139323	A2	45	84	1613	121.250000	A2	45	80	
1627	148.285156	B2	47	85	1614	121.375000	B2	47	80	
1628	148.445312	C3	48	91	1615	121.500000	C3	48	80	
1629	148.776042	C3	48	70	1618	121.750000	C3	48	80	
1630	148.778646	F4	65	55	1617	121.750000	F4	65	80	
1631	148.778646	G#4	68	63	1616	121.750000	G#4	68	80	
1632	148.953125	D5	74	74	1619	121.875000	D5	74	80	
1633	149.118490	G4	67	71	1620	122.000000	G4	67	80	
1634	149.125000	C3	48	74	1622	122.000000	C3	48	80	
1635	149.130208	Eb4	63	60	1621	122.000000	Eb4	63	80	
1636	149.260417	C5	72	86	1623	122.125000	C5	72	80	
1637	149.424479	C3	48	82	1626	122.250000	C3	48	80	
1638	149.428385	F4	65	83	1624	122.250000	F4	65	80	
1639	149.430990	D4	62	79	1625	122.250000	D4	62	80	
1640	149.444010	C4	60	73	*	-1	*	-1	-1	
1641	149.563802	Bb4	70	91	1627	122.375000	Bb4	70	80	
1642	149.710938	Eb4	63	88	1628	122.500000	Eb4	63	80	
1643	149.714844	C4	60	90	1629	122.500000	C4	60	80	
1644	149.722656	C3	48	84	1630	122.500000	C3	48	80	
1645	149.880208	A4	69	86	1631	122.625000	A4	69	80	
1646	150.033854	Bb3	58	94	1632	122.750000	Bb3	58	80	
1647	150.037760	C3	48	77	1633	122.750000	C3	48	80	
1648	150.180990	G4	67	90	1634	122.875000	G4	67	80	
1649	150.385417	F#4	66	94	1635	123.000000	F#4	66	80	
1650	150.388021	A3	57	86	1637	123.000000	A3	57	80	
1651	150.388021	D4	62	90	1636	123.000000	D4	62	80	
1652	150.391927	C3	48	72	1638	123.000000	C3	48	80	
1653	150.761719	C5	72	107	1639	123.250000	C5	72	80	
1654	150.765625	Bb2	46	84	1640	123.250000	Bb2	46	80	
1655	150.993490	A2	45	82	1642	123.375000	A2	45	80	
1656	151.002604	D5	74	86	1641	123.375000	D5	74	80	
1657	151.098958	Eb5	75	86	1643	123.437500	Eb5	75	80	
1658	151.173177	Bb2	46	87	1645	123.500000	Bb2	46	80	
1659	151.179688	D5	74	89	1644	123.500000	D5	74	80	
1660	151.598958	G4	67	91	1646	123.750000	G4	67	80	
1661	151.601562	C3	48	78	1649	123.750000	C3	48	80	
1662	151.615885	Bb3	58	81	1648	123.750000	Bb3	58	80	
1663	151.619792	Eb4	63	73	1647	123.750000	Eb4	63	80	
1664	152.062500	A3	57	97	1651	124.000000	A3	57	80	
1665	152.070312	D3	50	81	1652	124.000000	D3	50	80	
1666	152.080729	D4	62	75	1650	124.000000	D4	62	80	
1667	152.328125	Bb3	58	91	1653	124.125000	Bb3	58	80	
1668	152.610677	F#4	66	88	1654	124.250000	F#4	66	80	
1669	152.613281	C4	60	100	1655	124.250000	C4	60	80	
1670	152.614583	D2	38	77	1656	124.250000	D2	38	80	
1671	152.618490	D4	62	38	*	-1	*	-1	-1	
1672	153.273438	G2	43	84	1658	124.500000	G2	43	80	
1673	153.273438	G4	67	93	1657	124.500000	G4	67	80	
1674	153.355469	D4	62	4	*	-1	*	-1	-1	
1675	153.962240	B3	59	72	1659	124.750000	B3	59	80	
*	-1	*	-1	-1	88	13.750000	C4	60	80	
*	-1	*	-1	-1	107	15.250000	Bb3	58	80	
*	-1	*	-1	-1	152	18.500000	G3	55	80	
*	-1	*	-1	-1	172	19.750000	G4	67	80	
*	-1	*	-1	-1	193	21.250000	F4	65	80	
*	-1	*	-1	-1	232	23.875000	D4	62	80	
*	-1	*	-1	-1	397	36.000000	C4	60	80	
*	-1	*	-1	-1	461	40.500000	D4	62	80	
*	-1	*	-1	-1	571	47.750000	D5	74	80	
*	-1	*	-1	-1	594	49.250000	C5	72	80	
*	-1	*	-1	-1	607	50.125000	A3	57	80	
*	-1	*	-1	-1	609	50.250000	Bb3	58	80	
*	-1	*	-1	-1	617	50.750000	Bb4	70	80	
*	-1	*	-1	-1	644	52.500000	Eb5	75	80	
*	-1	*	-1	-1	1372	103.250000	Bb4	70	80	
*	-1	*	-1	-1	1374	103.250000	G3	55	80	
*	-1	*	-1	-1	1394	104.750000	A4	69	80	
*	-1	*	-1	-1	1396	104.750000	F3	53	80	
*	-1	*	-1	-1	1416	106.250000	G4	67	80	
