// alignID alignOntime alignSitch alignPitch alignOnvel refID refOntime refSitch refPitch refOnvel
0	0.500000	D4	62	76	0	0.500000	D4	62	80	
1	1.344792	Bb3	58	76	1	1.250000	Bb3	58	80	
2	1.657292	Eb4	63	81	2	1.500000	Eb4	63	80	
3	2.290625	C4	60	79	3	2.000000	C4	60	80	
4	3.162500	A3	57	83	4	2.750000	A3	57	80	
5	3.479167	D4	62	89	5	3.000000	D4	62	80	
6	4.137500	Bb3	58	81	6	3.500000	Bb3	58	80	
7	5.043750	G3	55	65	7	4.250000	G3	55	80	
8	5.347917	C4	60	61	8	4.500000	C4	60	80	
9	5.638542	C4	60	72	9	4.750000	C4	60	80	
10	5.925000	C4	60	81	10	5.000000	C4	60	80	
11	6.216667	C4	60	79	11	5.250000	C4	60	80	
12	6.507292	C4	60	64	12	5.500000	C4	60	80	
13	6.806250	C4	60	64	13	5.750000	C4	60	80	
14	7.112500	C4	60	64	14	6.000000	C4	60	80	
15	7.430208	Bb3	58	55	15	6.250000	Bb3	58	80	
16	7.575000	A3	57	65	16	6.375000	A3	57	80	
17	7.710417	G4	67	80	17	6.500000	G4	67	80	
18	7.722917	Bb3	58	70	18	6.500000	Bb3	58	80	
19	7.858333	G3	55	66	19	6.625000	G3	55	80	
20	8.004167	Bb3	58	77	20	6.750000	Bb3	58	80	
21	8.155208	C4	60	76	21	6.875000	C4	60	80	
22	8.279167	D4	62	85	22	7.000000	D4	62	80	
23	8.432292	C#4	61	73	23	7.125000	C#4	61	80	
24	8.561458	F4	65	84	24	7.250000	F4	65	80	
25	8.563542	D4	62	86	25	7.250000	D4	62	80	
26	8.871875	Bb4	70	90	26	7.500000	Bb4	70	80	
27	8.890625	D4	62	75	27	7.500000	D4	62	80	
28	9.203125	G3	55	69	28	7.750000	G3	55	80	
29	9.504167	G4	67	93	29	8.000000	G4	67	80	
30	9.639583	G3	55	69	30	8.125000	G3	55	80	
31	9.784375	A3	57	84	31	8.250000	A3	57	80	
32	9.920833	Bb3	58	81	32	8.375000	Bb3	58	80	
33	10.062500	C4	60	83	33	8.500000	C4	60	80	
34	10.193750	Bb3	58	69	34	8.625000	Bb3	58	80	
35	10.336458	E4	64	87	35	8.750000	E4	64	80	
36	10.339583	C4	60	77	36	8.750000	C4	60	80	
37	10.644792	A4	69	90	37	9.000000	A4	69	80	
38	10.657292	C4	60	74	38	9.000000	C4	60	80	
39	10.964583	F3	53	73	39	9.250000	F3	53	80	
40	11.266667	F4	65	87	40	9.500000	F4	65	80	
41	11.420833	F3	53	72	41	9.625000	F3	53	80	
42	11.566667	G3	55	78	42	9.750000	G3	55	80	
43	11.698958	A3	57	83	43	9.875000	A3	57	80	
44	11.835417	Bb3	58	83	44	10.000000	Bb3	58	80	
45	11.982292	A3	57	77	45	10.125000	A3	57	80	
46	12.133333	Bb3	58	76	47	10.250000	Bb3	58	80	
47	12.141667	D4	62	75	46	10.250000	D4	62	80	
48	12.459375	G4	67	81	48	10.500000	G4	67	80	
49	12.602083	A3	57	73	49	10.625000	A3	57	80	
50	12.755208	G4	67	90	50	10.750000	G4	67	80	
51	12.763542	Bb3	58	79	51	10.750000	Bb3	58	80	
52	12.895833	A3	57	77	52	10.875000	A3	57	80	
53	13.048958	G4	67	91	53	11.000000	G4	67	80	
54	13.054167	G3	55	81	54	11.000000	G3	55	80	
55	13.189583	F3	53	80	55	11.125000	F3	53	80	
56	13.337500	G3	55	81	57	11.250000	G3	55	80	
57	13.341667	G4	67	95	56	11.250000	G4	67	80	
58	13.478125	F3	53	74	58	11.375000	F3	53	80	
59	13.621875	G4	67	92	59	11.500000	G4	67	80	
60	13.631250	E3	52	83	60	11.500000	E3	52	80	
61	13.771875	D3	50	79	61	11.625000	D3	50	80	
62	13.912500	E3	52	78	63	11.750000	E3	52	80	
63	13.916667	G4	67	90	62	11.750000	G4	67	80	
64	14.054167	D3	50	74	64	11.875000	D3	50	80	
65	14.207292	C#3	49	81	66	12.000000	C#3	49	80	
66	14.211458	G4	67	94	65	12.000000	G4	67	80	
67	14.517708	F4	65	78	67	12.250000	F4	65	80	
68	14.525000	A3	57	69	68	12.250000	A3	57	80	
69	14.645833	E4	64	77	69	12.375000	E4	64	80	
70	14.794792	D5	74	93	70	12.500000	D5	74	80	
71	14.796875	D3	50	66	72	12.500000	D3	50	80	
72	14.808333	F4	65	81	71	12.500000	F4	65	80	
73	14.955208	D4	62	64	73	12.625000	D4	62	80	
74	15.096875	C4	60	76	75	12.750000	C4	60	80	
75	15.103125	E4	64	71	74	12.750000	E4	64	80	
76	15.241667	F#4	66	64	76	12.875000	F#4	66	80	
77	15.366667	Bb3	58	68	78	13.000000	Bb3	58	80	
78	15.367708	G4	67	69	77	13.000000	G4	67	80	
79	15.510417	F#4	66	72	79	13.125000	F#4	66	80	
80	15.638542	G3	55	73	82	13.250000	G3	55	80	
81	15.642708	Bb4	70	88	80	13.250000	Bb4	70	80	
82	15.644792	G4	67	78	81	13.250000	G4	67	80	
83	15.932292	Eb5	75	93	83	13.500000	Eb5	75	80	
84	15.941667	C4	60	84	85	13.500000	C4	60	80	
85	15.941667	G4	67	80	84	13.500000	G4	67	80	
86	16.082292	Bb3	58	84	86	13.625000	Bb3	58	80	
87	16.221875	C4	60	89	87	13.750000	C4	60	80	
88	16.352083	Bb3	58	81	89	13.875000	Bb3	58	80	
89	16.487500	A3	57	88	91	14.000000	A3	57	80	
90	16.494792	C5	72	97	90	14.000000	C5	72	80	
91	16.638542	C4	60	72	92	14.125000	C4	60	80	
92	16.773958	D4	62	84	93	14.250000	D4	62	80	
93	16.900000	G3	55	68	95	14.375000	G3	55	80	
94	16.914583	Eb4	63	78	94	14.375000	Eb4	63	80	
95	17.042708	A3	57	80	97	14.500000	A3	57	80	
96	17.047917	F4	65	75	96	14.500000	F4	65	80	
97	17.184375	Eb4	63	59	98	14.625000	Eb4	63	80	
98	17.315625	A4	69	83	99	14.750000	A4	69	80	
99	17.327083	F3	53	75	101	14.750000	F3	53	80	
100	17.327083	F4	65	80	100	14.750000	F4	65	80	
101	17.618750	D5	74	98	102	15.000000	D5	74	80	
102	17.623958	F4	65	87	103	15.000000	F4	65	80	
103	17.639583	Bb3	58	76	104	15.000000	Bb3	58	80	
104	17.769792	A3	57	79	105	15.125000	A3	57	80	
105	17.902083	Bb3	58	86	106	15.250000	Bb3	58	80	
106	18.041667	A3	57	82	108	15.375000	A3	57	80	
107	18.171875	G3	55	88	110	15.500000	G3	55	80	
108	18.177083	Bb4	70	87	109	15.500000	Bb4	70	80	
109	18.332292	Bb3	58	73	111	15.625000	Bb3	58	80	
110	18.459375	C4	60	75	112	15.750000	C4	60	80	
111	18.462500	A3	57	84	113	15.750000	A3	57	80	
112	18.594792	Bb3	58	86	115	15.875000	Bb3	58	80	
113	18.598958	D4	62	78	114	15.875000	D4	62	80	
114	18.738542	Eb4	63	85	116	16.000000	Eb4	63	80	
115	18.742708	C4	60	96	117	16.000000	C4	60	80	
116	18.889583	D4	62	73	118	16.125000	D4	62	80	
117	19.031250	G4	67	87	119	16.250000	G4	67	80	
118	19.036458	Eb4	63	89	120	16.250000	Eb4	63	80	
119	19.182292	Bb3	58	68	121	16.375000	Bb3	58	80	
120	19.347917	A3	57	72	123	16.500000	A3	57	80	
121	19.347917	C5	72	78	122	16.500000	C5	72	80	
122	19.486458	D4	62	61	124	16.625000	D4	62	80	
123	19.630208	C5	72	77	125	16.750000	C5	72	80	
124	19.643750	Eb4	63	59	126	16.750000	Eb4	63	80	
125	19.775000	D4	62	51	127	16.875000	D4	62	80	
126	19.923958	C4	60	64	129	17.000000	C4	60	80	
127	19.923958	C5	72	82	128	17.000000	C5	72	80	
128	20.085417	Bb3	58	48	130	17.125000	Bb3	58	80	
129	20.206250	C4	60	78	132	17.250000	C4	60	80	
130	20.211458	C5	72	85	131	17.250000	C5	72	80	
131	20.215625	G3	55	70	133	17.250000	G3	55	80	
132	20.353125	Bb3	58	78	134	17.375000	Bb3	58	80	
133	20.493750	F#3	54	83	137	17.500000	F#3	54	80	
134	20.498958	A3	57	85	136	17.500000	A3	57	80	
135	20.498958	C5	72	91	135	17.500000	C5	72	80	
136	20.643750	G3	55	83	138	17.625000	G3	55	80	
137	20.773958	A3	57	99	140	17.750000	A3	57	80	
138	20.778125	C5	72	96	139	17.750000	C5	72	80	
139	20.787500	E3	52	80	141	17.750000	E3	52	80	
140	20.920833	G3	55	91	142	17.875000	G3	55	80	
141	21.069792	D3	50	86	145	18.000000	D3	50	80	
142	21.069792	F#3	54	92	144	18.000000	F#3	54	80	
143	21.075000	C5	72	98	143	18.000000	C5	72	80	
144	21.381250	F#3	54	85	148	18.250000	F#3	54	80	
145	21.385417	Bb4	70	85	146	18.250000	Bb4	70	80	
146	21.390625	D4	62	83	147	18.250000	D4	62	80	
147	21.520833	A4	69	75	149	18.375000	A4	69	80	
148	21.677083	G3	55	95	151	18.500000	G3	55	80	
149	21.683333	Bb4	70	82	150	18.500000	Bb4	70	80	
150	21.829167	G4	67	76	153	18.625000	G4	67	80	
151	21.964583	Bb4	70	83	154	18.750000	Bb4	70	80	
152	21.970833	G4	67	77	155	18.750000	G4	67	80	
153	21.982292	D4	62	77	156	18.750000	D4	62	80	
154	22.110417	C5	72	91	157	18.875000	C5	72	80	
155	22.137500	E4	64	61	158	18.875000	E4	64	80	
156	22.146875	F4	65	65	*	-1	*	-1	-1	
157	22.244792	F4	65	82	160	19.000000	F4	65	80	
158	22.244792	D5	74	89	159	19.000000	D5	74	80	
159	22.383333	C#5	73	81	161	19.125000	C#5	73	80	
160	22.388542	E4	64	71	162	19.125000	E4	64	80	
161	22.525000	F4	65	90	164	19.250000	F4	65	80	
162	22.525000	D5	74	91	163	19.250000	D5	74	80	
163	22.529167	F3	53	85	165	19.250000	F3	53	80	
164	22.662500	A4	69	73	166	19.375000	A4	69	80	
165	22.810417	D5	74	89	167	19.500000	D5	74	80	
166	22.815625	Bb3	58	94	169	19.500000	Bb3	58	80	
167	22.827083	D4	62	97	168	19.500000	D4	62	80	
168	22.959375	A4	69	72	170	19.625000	A4	69	80	
169	23.105208	G4	67	82	171	19.750000	G4	67	80	
170	23.242708	F4	65	74	173	19.875000	F4	65	80	
171	23.385417	E4	64	86	174	20.000000	E4	64	80	
172	23.391667	G3	55	91	175	20.000000	G3	55	80	
173	23.531250	G4	67	81	176	20.125000	G4	67	80	
174	23.660417	C4	60	72	178	20.250000	C4	60	80	
175	23.669792	A4	69	84	177	20.250000	A4	69	80	
176	23.797917	Bb4	70	90	179	20.375000	Bb4	70	80	
177	23.803125	Bb3	58	70	180	20.375000	Bb3	58	80	
178	23.939583	C5	72	93	181	20.500000	C5	72	80	
179	23.952083	A3	57	76	182	20.500000	A3	57	80	
180	24.077083	Bb4	70	82	183	20.625000	Bb4	70	80	
181	24.218750	C5	72	93	184	20.750000	C5	72	80	
182	24.220833	E3	52	83	186	20.750000	E3	52	80	
183	24.227083	G3	55	74	185	20.750000	G3	55	80	
184	24.358333	G4	67	78	187	20.875000	G4	67	80	
185	24.506250	C5	72	87	188	21.000000	C5	72	80	
186	24.513542	A3	57	92	190	21.000000	A3	57	80	
187	24.513542	C4	60	91	189	21.000000	C4	60	80	
188	24.659375	G4	67	80	191	21.125000	G4	67	80	
189	24.803125	F4	65	84	192	21.250000	F4	65	80	
190	24.942708	E4	64	84	194	21.375000	E4	64	80	
191	25.088542	F3	53	89	196	21.500000	F3	53	80	
192	25.088542	D4	62	85	195	21.500000	D4	62	80	
193	25.232292	F4	65	78	197	21.625000	F4	65	80	
194	25.369792	G4	67	86	198	21.750000	G4	67	80	
195	25.375000	Bb3	58	74	199	21.750000	Bb3	58	80	
196	25.497917	A4	69	82	200	21.875000	A4	69	80	
197	25.507292	A3	57	83	201	21.875000	A3	57	80	
198	25.641667	Bb4	70	88	202	22.000000	Bb4	70	80	
199	25.648958	G3	55	83	203	22.000000	G3	55	80	
200	25.783333	A4	69	83	204	22.125000	A4	69	80	
201	25.927083	D3	50	78	207	22.250000	D3	50	80	
202	25.927083	Bb4	70	89	205	22.250000	Bb4	70	80	
203	25.936458	F3	53	69	206	22.250000	F3	53	80	
204	26.077083	F4	65	74	208	22.375000	F4	65	80	
205	26.206250	Bb3	58	80	210	22.500000	Bb3	58	80	
206	26.210417	G3	55	75	211	22.500000	G3	55	80	
207	26.221875	E4	64	82	209	22.500000	E4	64	80	
208	26.362500	A4	69	70	212	22.625000	A4	69	80	
209	26.495833	G3	55	73	214	22.750000	G3	55	80	
210	26.495833	Bb4	70	78	213	22.750000	Bb4	70	80	
211	26.640625	F4	65	74	216	22.875000	F4	65	80	
212	26.644792	A4	69	76	215	22.875000	A4	69	80	
213	26.772917	E4	64	97	218	23.000000	E4	64	80	
214	26.772917	G4	67	84	217	23.000000	G4	67	80	
215	26.777083	G3	55	80	219	23.000000	G3	55	80	
216	26.930208	F4	65	80	220	23.125000	F4	65	80	
217	27.056250	G3	55	92	222	23.250000	G3	55	80	
218	27.061458	G4	67	83	221	23.250000	G4	67	80	
219	27.204167	F4	65	70	223	23.375000	F4	65	80	
220	27.209375	D4	62	75	224	23.375000	D4	62	80	
221	27.323958	G3	55	89	227	23.500000	G3	55	80	
222	27.328125	E4	64	87	225	23.500000	E4	64	80	
223	27.332292	C#4	61	87	226	23.500000	C#4	61	80	
224	27.494792	D4	62	86	228	23.625000	D4	62	80	
225	27.610417	G3	55	92	230	23.750000	G3	55	80	
226	27.614583	E4	64	87	229	23.750000	E4	64	80	
227	27.755208	D4	62	82	231	23.875000	D4	62	80	
228	27.893750	A3	57	84	234	24.000000	A3	57	80	
229	27.893750	C#4	61	85	233	24.000000	C#4	61	80	
230	27.901042	G3	55	98	235	24.000000	G3	55	80	
231	28.200000	A4	69	85	236	24.250000	A4	69	80	
232	28.209375	F3	53	70	237	24.250000	F3	53	80	
233	28.342708	E3	52	67	238	24.375000	E3	52	80	
234	28.479167	F3	53	67	240	24.500000	F3	53	80	
235	28.483333	D4	62	74	239	24.500000	D4	62	80	
236	28.625000	D3	50	62	241	24.625000	D3	50	80	
237	28.761458	Eb3	51	64	243	24.750000	Eb3	51	80	
238	28.765625	C5	72	65	242	24.750000	C5	72	80	
239	28.913542	F3	53	55	244	24.875000	F3	53	80	
240	29.041667	B4	71	63	245	25.000000	B4	71	80	
241	29.050000	G3	55	51	246	25.000000	G3	55	80	
242	29.179167	F3	53	52	248	25.125000	F3	53	80	
243	29.179167	D5	74	66	247	25.125000	D5	74	80	
244	29.302083	G3	55	57	250	25.250000	G3	55	80	
245	29.302083	F5	77	78	249	25.250000	F5	77	80	
246	29.451042	D5	74	72	251	25.375000	D5	74	80	
247	29.583333	Eb5	75	68	252	25.500000	Eb5	75	80	
248	29.592708	C3	48	59	253	25.500000	C3	48	80	
249	29.733333	B2	47	55	254	25.625000	B2	47	80	
250	29.875000	C3	48	57	256	25.750000	C3	48	80	
251	29.884375	G4	67	75	255	25.750000	G4	67	80	
252	30.014583	D3	50	63	257	25.875000	D3	50	80	
253	30.148958	Eb3	51	65	259	26.000000	Eb3	51	80	
254	30.164583	C4	60	70	258	26.000000	C4	60	80	
255	30.294792	C3	48	59	260	26.125000	C3	48	80	
256	30.441667	D3	50	61	262	26.250000	D3	50	80	
257	30.445833	Bb4	70	74	261	26.250000	Bb4	70	80	
258	30.585417	Eb3	51	66	263	26.375000	Eb3	51	80	
259	30.733333	F3	53	63	265	26.500000	F3	53	80	
260	30.740625	A4	69	75	264	26.500000	A4	69	80	
261	30.871875	Eb3	51	65	267	26.625000	Eb3	51	80	
262	30.887500	C5	72	80	266	26.625000	C5	72	80	
263	31.018750	Eb5	75	85	268	26.750000	Eb5	75	80	
264	31.028125	F3	53	62	269	26.750000	F3	53	80	
265	31.152083	A5	81	74	270	26.875000	A5	81	80	
266	31.307292	Bb2	46	63	272	27.000000	Bb2	46	80	
267	31.312500	Bb5	82	74	271	27.000000	Bb5	82	80	
268	31.492708	F3	53	36	273	27.125000	F3	53	80	
269	31.507292	E3	52	45	*	-1	*	-1	-1	
270	31.594792	D5	74	83	274	27.250000	D5	74	80	
271	31.598958	G3	55	63	275	27.250000	G3	55	80	
272	31.728125	A5	81	80	276	27.375000	A5	81	80	
273	31.732292	A3	57	68	277	27.375000	A3	57	80	
274	31.867708	Bb3	58	67	279	27.500000	Bb3	58	80	
275	31.867708	G5	79	80	278	27.500000	G5	79	80	
276	32.013542	F#5	78	90	280	27.625000	F#5	78	80	
277	32.019792	A3	57	69	281	27.625000	A3	57	80	
278	32.159375	G5	79	91	282	27.750000	G5	79	80	
279	32.170833	Bb3	58	78	283	27.750000	Bb3	58	80	
280	32.313542	F#5	78	93	284	27.875000	F#5	78	80	
281	32.452083	G5	79	97	285	28.000000	G5	79	80	
282	32.580208	E3	52	82	286	28.125000	E3	52	80	
283	32.725000	F#3	54	85	287	28.250000	F#3	54	80	
284	32.857292	G3	55	82	289	28.375000	G3	55	80	
285	32.866667	D5	74	86	288	28.375000	D5	74	80	
286	32.997917	A3	57	87	291	28.500000	A3	57	80	
287	33.009375	C5	72	87	290	28.500000	C5	72	80	
288	33.136458	G3	55	80	293	28.625000	G3	55	80	
289	33.143750	Bb4	70	81	292	28.625000	Bb4	70	80	
290	33.285417	A3	57	88	295	28.750000	A3	57	80	
291	33.285417	C5	72	88	294	28.750000	C5	72	80	
292	33.427083	Bb4	70	78	296	28.875000	Bb4	70	80	
293	33.571875	F#5	78	94	297	29.000000	F#5	78	80	
294	33.576042	D4	62	101	299	29.000000	D4	62	80	
295	33.576042	C5	72	90	298	29.000000	C5	72	80	
296	33.717708	D3	50	81	300	29.125000	D3	50	80	
297	33.870833	E3	52	74	301	29.250000	E3	52	80	
298	33.996875	C5	72	84	303	29.375000	C5	72	80	
299	34.005208	F#3	54	82	304	29.375000	F#3	54	80	
300	34.009375	A5	81	68	302	29.375000	A5	81	80	
301	34.152083	G3	55	81	307	29.500000	G3	55	80	
302	34.154167	D5	74	83	305	29.500000	D5	74	80	
303	34.158333	Bb4	70	83	306	29.500000	Bb4	70	80	
304	34.290625	F#3	54	78	309	29.625000	F#3	54	80	
305	34.290625	A4	69	76	308	29.625000	A4	69	80	
306	34.432292	Bb3	58	98	311	29.750000	Bb3	58	80	
307	34.441667	G3	55	85	312	29.750000	G3	55	80	
308	34.441667	Bb4	70	81	310	29.750000	Bb4	70	80	
309	34.576042	A4	69	81	314	29.875000	A4	69	80	
310	34.732292	Bb4	70	81	315	30.000000	Bb4	70	80	
311	34.737500	Eb4	63	98	317	30.000000	Eb4	63	80	
312	34.744792	G3	55	83	318	30.000000	G3	55	80	
313	34.748958	G4	67	78	316	30.000000	G4	67	80	
314	34.906250	F4	65	67	319	30.125000	F4	65	80	
315	35.006250	G4	67	76	320	30.250000	G4	67	80	
316	35.022917	C3	48	67	321	30.250000	C3	48	80	
317	35.125000	F4	65	77	322	30.375000	F4	65	80	
318	35.157292	Eb4	63	74	323	30.500000	Eb4	63	80	
319	35.235417	F4	65	64	325	30.561458	F4	65	80	
320	35.283333	Eb4	63	85	326	30.623958	Eb4	63	80	
321	35.294792	C4	60	95	324	30.500000	C4	60	80	
322	35.429167	C3	48	78	327	30.625000	C3	48	80	
323	35.576042	D3	50	75	328	30.750000	D3	50	80	
324	35.712500	D4	62	82	329	30.875000	D4	62	80	
325	35.716667	Eb3	51	78	330	30.875000	Eb3	51	80	
326	35.845833	C4	60	81	332	31.000000	C4	60	80	
327	35.851042	A4	69	79	331	31.000000	A4	69	80	
328	35.858333	F3	53	82	333	31.000000	F3	53	80	
329	35.989583	Eb3	51	87	334	31.125000	Eb3	51	80	
330	36.127083	F3	53	84	336	31.250000	F3	53	80	
331	36.127083	A3	57	97	335	31.250000	A3	57	80	
332	36.445833	D4	62	92	338	31.500000	D4	62	80	
333	36.454167	F3	53	82	339	31.500000	F3	53	80	
334	36.458333	F4	65	81	337	31.500000	F4	65	80	
335	36.620833	A4	69	72	340	31.625000	A4	69	80	
336	36.748958	Bb2	46	77	342	31.750000	Bb2	46	80	
337	36.756250	Bb4	70	83	341	31.750000	Bb4	70	80	
338	36.891667	A4	69	77	343	31.875000	A4	69	80	
339	37.052083	D4	62	86	345	32.000000	D4	62	80	
340	37.052083	G4	67	86	344	32.000000	G4	67	80	
341	37.056250	Bb3	58	96	346	32.000000	Bb3	58	80	
342	37.208333	Bb2	46	73	347	32.125000	Bb2	46	80	
343	37.363542	C3	48	74	348	32.250000	C3	48	80	
344	37.513542	F#4	66	76	349	32.375000	F#4	66	80	
345	37.518750	D3	50	74	350	32.375000	D3	50	80	
346	37.658333	Eb3	51	80	352	32.500000	Eb3	51	80	
347	37.664583	G4	67	81	351	32.500000	G4	67	80	
348	37.801042	D3	50	81	353	32.625000	D3	50	80	
349	37.952083	G3	55	91	354	32.750000	G3	55	80	
350	37.961458	Eb3	51	86	355	32.750000	Eb3	51	80	
351	38.287500	C4	60	76	356	33.000000	C4	60	80	
352	38.440625	D3	50	64	357	33.125000	D3	50	80	
353	38.590625	C4	60	74	358	33.250000	C4	60	80	
354	38.594792	Eb3	51	76	359	33.250000	Eb3	51	80	
355	38.735417	Bb4	70	69	360	33.375000	Bb4	70	80	
356	38.754167	D3	50	71	361	33.375000	D3	50	80	
357	38.882292	C3	48	85	364	33.500000	C3	48	80	
358	38.887500	A4	69	85	362	33.500000	A4	69	80	
359	38.891667	C4	60	84	363	33.500000	C4	60	80	
360	39.046875	B2	47	80	365	33.625000	Bb2	46	80	
361	39.181250	C3	48	86	367	33.750000	C3	48	80	
362	39.190625	C4	60	87	366	33.750000	C4	60	80	
363	39.338542	Bb2	46	74	369	33.875000	Bb2	46	80	
364	39.338542	C5	72	74	368	33.875000	C5	72	80	
365	39.478125	A2	45	91	372	34.000000	A2	45	80	
366	39.478125	C4	60	88	371	34.000000	C4	60	80	
367	39.482292	F#4	66	87	370	34.000000	F#4	66	80	
368	39.639583	G2	43	81	373	34.125000	G2	43	80	
369	39.782292	A2	45	84	375	34.250000	A2	45	80	
370	39.793750	C4	60	82	374	34.250000	C4	60	80	
371	39.933333	A4	69	73	376	34.375000	A4	69	80	
372	39.937500	G2	43	72	377	34.375000	G2	43	80	
373	40.075000	C4	60	91	*	-1	*	-1	-1	
374	40.083333	F#2	42	85	379	34.500000	F#2	42	80	
375	40.086458	D4	62	85	378	34.500000	D4	62	80	
376	40.407292	Bb3	58	72	380	34.750000	Bb3	58	80	
377	40.412500	D3	50	62	381	34.750000	D3	50	80	
378	40.551042	F#4	66	68	382	34.875000	F#4	66	80	
379	40.555208	A3	57	64	383	34.875000	A3	57	80	
380	40.688542	G2	43	58	386	35.000000	G2	43	80	
381	40.688542	Bb3	58	69	385	35.000000	Bb3	58	80	
382	40.688542	G4	67	69	384	35.000000	G4	67	80	
383	40.843750	G3	55	63	387	35.125000	G3	55	80	
384	40.989583	A3	57	72	388	35.250000	A3	57	80	
385	40.994792	F3	53	62	389	35.250000	F3	53	80	
386	41.133333	Bb3	58	58	390	35.375000	Bb3	58	80	
387	41.287500	E3	52	58	392	35.500000	E3	52	80	
388	41.287500	C4	60	65	391	35.500000	C4	60	80	
389	41.428125	Bb3	58	56	393	35.625000	Bb3	58	80	
390	41.579167	C4	60	58	394	35.750000	C4	60	80	
391	41.588542	C3	48	40	395	35.750000	C3	48	80	
392	41.733333	Bb4	70	69	396	35.875000	Bb4	70	80	
393	41.896875	F3	53	55	398	36.000000	F3	53	80	
394	42.026042	Bb4	70	72	399	36.125000	Bb4	70	80	
395	42.172917	A4	69	65	400	36.250000	A4	69	80	
396	42.178125	F4	65	64	401	36.250000	F4	65	80	
397	42.191667	A3	57	74	402	36.250000	A3	57	80	
398	42.322917	G4	67	70	403	36.375000	G4	67	80	
399	42.334375	E4	64	67	404	36.375000	E4	64	80	
400	42.464583	D3	50	71	407	36.500000	D3	50	80	
401	42.468750	A4	69	69	405	36.500000	A4	69	80	
402	42.472917	F4	65	67	406	36.500000	F4	65	80	
403	42.617708	A4	69	73	408	36.625000	A4	69	80	
404	42.761458	B4	71	78	409	36.750000	B4	71	80	
405	42.764583	C4	60	87	410	36.750000	C4	60	80	
406	42.933333	C5	72	80	411	36.875000	C5	72	80	
407	43.068750	D5	74	81	412	37.000000	D5	74	80	
408	43.073958	B3	59	81	413	37.000000	B3	59	80	
409	43.211458	C5	72	78	414	37.125000	C5	72	80	
410	43.372917	G3	55	64	416	37.250000	G3	55	80	
411	43.372917	D5	74	86	415	37.250000	D5	74	80	
412	43.520833	F4	65	82	417	37.375000	F4	65	80	
413	43.667708	C4	60	80	419	37.500000	C4	60	80	
414	43.828125	F4	65	75	420	37.625000	F4	65	80	
415	43.968750	G3	55	79	423	37.750000	G3	55	80	
416	43.968750	Eb4	63	82	422	37.750000	Eb4	63	80	
417	43.971875	C5	72	75	421	37.750000	C5	72	80	
418	44.109375	B4	71	78	424	37.875000	B4	71	80	
419	44.113542	D4	62	76	425	37.875000	D4	62	80	
420	44.268750	C3	48	72	428	38.000000	C3	48	80	
421	44.268750	Eb4	63	75	427	38.000000	Eb4	63	80	
422	44.268750	C5	72	83	426	38.000000	C5	72	80	
423	44.425000	C4	60	76	429	38.125000	C4	60	80	
424	44.565625	A3	57	87	431	38.250000	A3	57	80	
425	44.575000	F#4	66	83	430	38.250000	F#4	66	80	
426	44.717708	G4	67	80	432	38.375000	G4	67	80	
427	44.854167	A4	69	80	433	38.500000	A4	69	80	
428	44.865625	F#3	54	85	434	38.500000	F#3	54	80	
429	45.000000	G4	67	83	435	38.625000	G4	67	80	
430	45.150000	D3	50	69	437	38.750000	D3	50	80	
431	45.159375	A4	69	82	436	38.750000	A4	69	80	
432	45.307292	C5	72	87	438	38.875000	C5	72	80	
433	45.447917	G3	55	87	440	39.000000	G3	55	80	
434	45.615625	C5	72	86	441	39.125000	C5	72	80	
435	45.748958	Bb3	58	92	444	39.250000	Bb3	58	80	
436	45.754167	G4	67	77	443	39.250000	G4	67	80	
437	45.754167	Bb4	70	83	442	39.250000	Bb4	70	80	
438	45.886458	F#4	66	79	446	39.375000	F#4	66	80	
439	45.886458	A4	69	80	445	39.375000	A4	69	80	
440	46.042708	E3	52	82	449	39.500000	E3	52	80	
441	46.046875	G4	67	75	448	39.500000	G4	67	80	
442	46.046875	Bb4	70	91	447	39.500000	Bb4	70	80	
443	46.195833	D5	74	90	450	39.625000	D5	74	80	
444	46.344792	E5	76	93	451	39.750000	E5	76	80	
445	46.352083	D4	62	85	452	39.750000	D4	62	80	
446	46.494792	F5	77	91	453	39.875000	F5	77	80	
447	46.642708	G5	79	90	454	40.000000	G5	79	80	
448	46.794792	F5	77	88	456	40.125000	F5	77	80	
449	46.950000	A3	57	88	458	40.250000	A3	57	80	
450	46.950000	G5	79	91	457	40.250000	G5	79	80	
451	47.092708	C#4	61	83	459	40.375000	C#4	61	80	
452	47.231250	D4	62	90	460	40.500000	D4	62	80	
453	47.368750	C#4	61	78	462	40.625000	C#4	61	80	
454	47.516667	D4	62	74	464	40.750000	D4	62	80	
455	47.526042	F5	77	81	463	40.750000	F5	77	80	
456	47.653125	A3	57	56	466	40.875000	A3	57	80	
457	47.658333	E5	76	80	465	40.875000	E5	76	80	
458	47.796875	A4	69	90	468	41.000000	A4	69	80	
459	47.808333	D3	50	34	469	41.000000	D3	50	80	
460	47.812500	F5	77	80	467	41.000000	F5	77	80	
461	47.964583	D5	74	66	470	41.125000	D5	74	80	
462	48.100000	D4	62	70	472	41.250000	D4	62	80	
463	48.111458	F5	77	72	471	41.250000	F5	77	80	
464	48.244792	E4	64	72	474	41.375000	E4	64	80	
465	48.248958	G5	79	75	473	41.375000	G5	79	80	
466	48.376042	F4	65	62	476	41.500000	F4	65	80	
467	48.389583	A5	81	75	475	41.500000	A5	81	80	
468	48.533333	G5	79	78	477	41.625000	G5	79	80	
469	48.661458	A5	81	81	478	41.750000	A5	81	80	
470	48.665625	F4	65	83	479	41.750000	F4	65	80	
471	48.666667	D4	62	79	480	41.750000	D4	62	80	
472	48.969792	A5	81	78	481	42.000000	A5	81	80	
473	48.975000	Bb4	70	84	482	42.000000	Bb4	70	80	
474	48.979167	G4	67	76	483	42.000000	G4	67	80	
475	49.122917	G3	55	62	484	42.125000	G3	55	80	
476	49.272917	D5	74	67	485	42.250000	D5	74	80	
477	49.285417	A3	57	66	486	42.250000	A3	57	80	
478	49.426042	Bb3	58	64	487	42.375000	Bb3	58	80	
479	49.553125	G4	67	89	488	42.500000	G4	67	80	
480	49.566667	C4	60	70	489	42.500000	C4	60	80	
481	49.697917	G3	55	63	491	42.625000	G3	55	80	
482	49.716667	D5	74	64	490	42.625000	D5	74	80	
483	49.858333	C4	60	61	493	42.750000	C4	60	80	
484	49.869792	E5	76	64	492	42.750000	E5	76	80	
485	49.996875	F5	77	69	494	42.875000	F5	77	80	
486	50.006250	D4	62	60	495	42.875000	D4	62	80	
487	50.138542	E4	64	70	497	43.000000	E4	64	80	
488	50.147917	G5	79	68	496	43.000000	G5	79	80	
489	50.294792	F5	77	70	498	43.125000	F5	77	80	
490	50.429167	G5	79	82	499	43.250000	G5	79	80	
491	50.433333	E4	64	89	500	43.250000	E4	64	80	
492	50.441667	C4	60	74	501	43.250000	C4	60	80	
493	50.741667	A4	69	85	503	43.500000	A4	69	80	
494	50.743750	G5	79	86	502	43.500000	G5	79	80	
495	50.751042	F4	65	71	504	43.500000	F4	65	80	
496	50.888542	F3	53	68	505	43.625000	F3	53	80	
497	51.058333	C5	72	73	506	43.750000	C5	72	80	
498	51.062500	G3	55	70	507	43.750000	G3	55	80	
499	51.207292	A3	57	78	508	43.875000	A3	57	80	
500	51.350000	F4	65	85	509	44.000000	F4	65	80	
501	51.354167	Bb3	58	82	510	44.000000	Bb3	58	80	
502	51.495833	F3	53	74	512	44.125000	F3	53	80	
503	51.495833	C5	72	74	511	44.125000	C5	72	80	
504	51.641667	Bb3	58	74	514	44.250000	Bb3	58	80	
505	51.641667	D5	74	67	513	44.250000	D5	74	80	
506	51.790625	E5	76	78	515	44.375000	E5	76	80	
507	51.800000	C4	60	68	516	44.375000	C4	60	80	
508	51.934375	D4	62	75	518	44.500000	D4	62	80	
509	51.938542	F5	77	79	517	44.500000	F5	77	80	
510	52.070833	C4	60	67	520	44.625000	C4	60	80	
511	52.080208	E5	76	77	519	44.625000	E5	76	80	
512	52.211458	D4	62	76	522	44.750000	D4	62	80	
513	52.211458	F5	77	82	521	44.750000	F5	77	80	
514	52.215625	Bb3	58	73	523	44.750000	Bb3	58	80	
515	52.381250	A3	57	65	524	44.875000	A3	57	80	
516	52.512500	G4	67	73	525	45.000000	G4	67	80	
517	52.521875	Bb3	58	70	526	45.000000	Bb3	58	80	
518	52.671875	D4	62	70	527	45.125000	D4	62	80	
519	52.796875	C#4	61	75	529	45.250000	C#4	61	80	
520	52.809375	G4	67	78	528	45.250000	G4	67	80	
521	52.942708	D4	62	76	531	45.375000	D4	62	80	
522	52.947917	F5	77	82	530	45.375000	F5	77	80	
523	53.090625	G3	55	81	534	45.500000	G3	55	80	
524	53.100000	G4	67	83	533	45.500000	G4	67	80	
525	53.100000	E5	76	92	532	45.500000	E5	76	80	
526	53.232292	D5	74	88	535	45.625000	D5	74	80	
527	53.255208	Bb3	58	80	536	45.625000	Bb3	58	80	
528	53.382292	G4	67	96	538	45.750000	G4	67	80	
529	53.382292	E5	76	97	537	45.750000	E5	76	80	
530	53.391667	A3	57	85	539	45.750000	A3	57	80	
531	53.513542	D5	74	87	540	45.875000	D5	74	80	
532	53.526042	Bb3	58	76	541	45.875000	Bb3	58	80	
533	53.661458	C#5	73	99	542	46.000000	C#5	73	80	
534	53.666667	G4	67	88	543	46.000000	G4	67	80	
535	53.670833	E3	52	81	544	46.000000	E3	52	80	
536	53.809375	D5	74	84	545	46.125000	D5	74	80	
537	53.816667	E4	64	78	546	46.125000	E4	64	80	
538	53.957292	C#4	61	78	549	46.250000	C#4	61	80	
539	53.957292	E5	76	89	547	46.250000	E5	76	80	
540	53.964583	G4	67	87	548	46.250000	G4	67	80	
541	54.120833	A3	57	71	550	46.375000	A3	57	80	
542	54.262500	G4	67	79	551	46.500000	G4	67	80	
543	54.282292	D4	62	60	552	46.500000	D4	62	80	
544	54.398958	D3	50	66	553	46.625000	D3	50	80	
545	54.552083	D5	74	72	554	46.750000	D5	74	80	
546	54.555208	F4	65	63	555	46.750000	F4	65	80	
547	54.562500	F3	53	58	556	46.750000	F3	53	80	
548	54.715625	A3	57	61	557	46.875000	A3	57	80	
549	54.844792	F5	77	88	558	47.000000	F5	77	80	
550	54.866667	D4	62	62	559	47.000000	D4	62	80	
551	54.982292	A4	69	61	560	47.125000	A4	69	80	
552	55.008333	C4	60	55	561	47.125000	C4	60	80	
553	55.142708	Bb4	70	57	562	47.250000	Bb4	70	80	
554	55.152083	D4	62	55	563	47.250000	D4	62	80	
555	55.286458	C5	72	61	564	47.375000	C5	72	80	
556	55.290625	C4	60	50	565	47.375000	C4	60	80	
557	55.422917	D5	74	61	566	47.500000	D5	74	80	
558	55.439583	Bb3	58	53	567	47.500000	Bb3	58	80	
559	55.565625	C5	72	59	568	47.625000	C5	72	80	
560	55.582292	D4	62	57	569	47.625000	D4	62	80	
561	55.707292	G3	55	63	572	47.750000	G3	55	80	
562	55.714583	D5	74	71	570	47.750000	D5	74	80	
563	55.847917	Bb3	58	63	573	47.875000	Bb3	58	80	
564	55.992708	Eb3	51	72	576	48.000000	Eb3	51	80	
565	55.992708	G5	79	97	574	48.000000	G5	79	80	
566	56.003125	D5	74	87	575	48.000000	D5	74	80	
567	56.150000	G3	55	71	577	48.125000	G3	55	80	
568	56.294792	G4	67	73	578	48.250000	G4	67	80	
569	56.302083	A3	57	75	579	48.250000	A3	57	80	
570	56.440625	Bb3	58	77	580	48.375000	Bb3	58	80	
571	56.579167	Eb5	75	92	581	48.500000	Eb5	75	80	
572	56.589583	C4	60	82	582	48.500000	C4	60	80	
573	56.719792	G4	67	64	583	48.625000	G4	67	80	
574	56.729167	Bb3	58	80	584	48.625000	Bb3	58	80	
575	56.865625	A4	69	74	585	48.750000	A4	69	80	
576	56.869792	C4	60	77	586	48.750000	C4	60	80	
577	57.003125	Bb3	58	78	588	48.875000	Bb3	58	80	
578	57.003125	Bb4	70	82	587	48.875000	Bb4	70	80	
579	57.139583	A3	57	79	590	49.000000	A3	57	80	
580	57.146875	C5	72	84	589	49.000000	C5	72	80	
581	57.284375	C4	60	76	592	49.125000	C4	60	80	
582	57.295833	Bb4	70	84	591	49.125000	Bb4	70	80	
583	57.420833	F3	53	80	595	49.250000	F3	53	80	
584	57.443750	C5	72	91	593	49.250000	C5	72	80	
585	57.571875	A3	57	80	596	49.375000	A3	57	80	
586	57.725000	D3	50	86	599	49.500000	D3	50	80	
587	57.727083	C5	72	90	598	49.500000	C5	72	80	
588	57.727083	F5	77	84	597	49.500000	F5	77	80	
589	57.731250	E5	76	85	*	-1	*	-1	-1	
590	57.895833	F3	53	74	600	49.625000	F3	53	80	
591	58.036458	G3	55	73	602	49.750000	G3	55	80	
592	58.052083	F4	65	72	601	49.750000	F4	65	80	
593	58.185417	A3	57	82	603	49.875000	A3	57	80	
594	58.316667	D5	74	92	604	50.000000	D5	74	80	
595	58.331250	Bb3	58	84	605	50.000000	Bb3	58	80	
596	58.467708	F4	65	72	606	50.125000	F4	65	80	
597	58.477083	A3	57	82	607	50.125000	A3	57	80	
598	58.612500	G4	67	76	608	50.250000	G4	67	80	
599	58.617708	Bb3	58	80	609	50.250000	Bb3	58	80	
600	58.754167	A3	57	73	611	50.375000	A3	57	80	
601	58.760417	A4	69	73	610	50.375000	A4	69	80	
602	58.903125	G3	55	70	613	50.500000	G3	55	80	
603	58.903125	Bb4	70	85	612	50.500000	Bb4	70	80	
604	59.039583	A4	69	70	614	50.625000	A4	69	80	
605	59.048958	Bb3	58	79	615	50.625000	Bb3	58	80	
606	59.186458	Bb4	70	83	616	50.750000	Bb4	70	80	
607	59.200000	Eb3	51	75	618	50.750000	Eb3	51	80	
608	59.350000	G3	55	67	619	50.875000	G3	55	80	
609	59.486458	C3	48	67	621	51.000000	C3	48	80	
610	59.497917	Eb5	75	76	620	51.000000	Eb5	75	80	
611	59.658333	G3	55	61	622	51.125000	G3	55	80	
612	59.808333	A3	57	70	624	51.250000	A3	57	80	
613	59.808333	Eb5	75	80	623	51.250000	Eb5	75	80	
614	59.937500	Bb3	58	79	626	51.375000	Bb3	58	80	
615	59.952083	Bb4	70	83	625	51.375000	Bb4	70	80	
616	60.086458	C4	60	79	629	51.500000	C4	60	80	
617	60.100000	A4	69	87	628	51.500000	A4	69	80	
618	60.100000	Eb5	75	93	627	51.500000	Eb5	75	80	
619	60.237500	D4	62	82	631	51.625000	D4	62	80	
620	60.241667	G4	67	81	630	51.625000	G4	67	80	
621	60.387500	C4	60	85	634	51.750000	C4	60	80	
622	60.389583	A4	69	88	633	51.750000	A4	69	80	
623	60.389583	Eb5	75	82	632	51.750000	Eb5	75	80	
624	60.534375	Bb3	58	82	636	51.875000	Bb3	58	80	
625	60.534375	G4	67	83	635	51.875000	G4	67	80	
626	60.683333	A3	57	90	639	52.000000	A3	57	80	
627	60.683333	F4	65	89	638	52.000000	F4	65	80	
628	60.687500	Eb5	75	90	637	52.000000	Eb5	75	80	
629	60.840625	F3	53	87	640	52.125000	F3	53	80	
630	60.987500	G3	55	88	642	52.250000	G3	55	80	
631	60.991667	Eb5	75	86	641	52.250000	Eb5	75	80	
632	61.135417	A3	57	92	643	52.375000	A3	57	80	
633	61.277083	Bb3	58	94	645	52.500000	Bb3	58	80	
634	61.287500	Eb5	75	90	644	52.500000	Eb5	75	80	
635	61.434375	A3	57	85	646	52.625000	A3	57	80	
636	61.583333	Bb3	58	83	648	52.750000	Bb3	58	80	
637	61.592708	D5	74	80	647	52.750000	D5	74	80	
638	61.727083	C4	60	75	650	52.875000	C4	60	80	
639	61.734375	Eb5	75	75	649	52.875000	Eb5	75	80	
640	61.881250	Bb3	58	90	653	53.000000	Bb3	58	80	
641	61.885417	F5	77	102	651	53.000000	F5	77	80	
642	61.892708	D4	62	77	652	53.000000	D4	62	80	
643	62.023958	Bb4	70	82	654	53.125000	Bb4	70	80	
644	62.033333	C4	60	76	655	53.125000	C4	60	80	
645	62.169792	F5	77	83	656	53.250000	F5	77	80	
646	62.182292	D4	62	67	657	53.250000	D4	62	80	
647	62.306250	E4	64	79	659	53.375000	E4	64	80	
648	62.306250	G5	79	91	658	53.375000	G5	79	80	
649	62.439583	F4	65	84	661	53.500000	F4	65	80	
650	62.439583	A5	81	89	660	53.500000	A5	81	80	
651	62.580208	E4	64	84	663	53.625000	E4	64	80	
652	62.587500	G5	79	90	662	53.625000	G5	79	80	
653	62.730208	F4	65	95	665	53.750000	F4	65	80	
654	62.734375	A3	57	91	666	53.750000	A3	57	80	
655	62.734375	A5	81	88	664	53.750000	A5	81	80	
656	62.873958	C5	72	90	667	53.875000	C5	72	80	
657	63.029167	D4	62	93	670	54.000000	D4	62	80	
658	63.032292	A5	81	88	668	54.000000	A5	81	80	
659	63.038542	F4	65	89	*	-1	*	-1	-1	
660	63.038542	Bb4	70	90	669	54.000000	Bb4	70	80	
661	63.186458	C5	72	90	671	54.125000	C5	72	80	
662	63.345833	D5	74	87	672	54.250000	D5	74	80	
663	63.355208	Bb4	70	85	673	54.250000	Bb4	70	80	
664	63.498958	A4	69	83	674	54.375000	A4	69	80	
665	63.651042	D4	62	86	676	54.500000	D4	62	80	
666	63.659375	Bb3	58	90	677	54.500000	Bb3	58	80	
667	63.660417	G4	67	94	675	54.500000	G4	67	80	
668	63.802083	D5	74	86	678	54.625000	D5	74	80	
669	63.938542	E5	76	93	679	54.750000	E5	76	80	
670	64.077083	F5	77	95	680	54.875000	F5	77	80	
671	64.229167	E4	64	93	682	55.000000	E4	64	80	
672	64.229167	G5	79	95	681	55.000000	G5	79	80	
673	64.369792	F5	77	88	683	55.125000	F5	77	80	
674	64.518750	G3	55	92	685	55.250000	G3	55	80	
675	64.520833	G5	79	92	684	55.250000	G5	79	80	
676	64.657292	Bb4	70	81	686	55.375000	Bb4	70	80	
677	64.809375	C4	60	96	689	55.500000	C4	60	80	
678	64.817708	E4	64	93	*	-1	*	-1	-1	
679	64.817708	A4	69	83	688	55.500000	A4	69	80	
680	64.817708	G5	79	82	687	55.500000	G5	79	80	
681	64.968750	Bb4	70	90	690	55.625000	Bb4	70	80	
682	65.122917	C5	72	90	691	55.750000	C5	72	80	
683	65.130208	A4	69	79	692	55.750000	A4	69	80	
684	65.271875	G4	67	81	693	55.875000	G4	67	80	
685	65.426042	C4	60	88	695	56.000000	C4	60	80	
686	65.428125	F4	65	96	694	56.000000	F4	65	80	
687	65.432292	A3	57	89	696	56.000000	A3	57	80	
688	65.571875	C5	72	93	697	56.125000	C5	72	80	
689	65.712500	D5	74	93	698	56.250000	D5	74	80	
690	65.854167	E5	76	95	699	56.375000	E5	76	80	
691	65.995833	D4	62	87	701	56.500000	D4	62	80	
692	65.995833	F5	77	98	700	56.500000	F5	77	80	
693	66.136458	E5	76	89	702	56.625000	E5	76	80	
694	66.292708	F5	77	83	703	56.750000	F5	77	80	
695	66.300000	F3	53	65	704	56.750000	F3	53	80	
696	66.421875	A4	69	68	705	56.875000	A4	69	80	
697	66.578125	G4	67	68	706	57.000000	G4	67	80	
698	66.583333	Bb3	58	61	707	57.000000	Bb3	58	80	
699	66.740625	D5	74	62	708	57.125000	D5	74	80	
700	66.880208	Bb3	58	65	710	57.250000	Bb3	58	80	
701	66.894792	E5	76	66	709	57.250000	E5	76	80	
702	67.031250	F5	77	74	711	57.375000	F5	77	80	
703	67.175000	Bb3	58	72	713	57.500000	Bb3	58	80	
704	67.175000	G5	79	80	712	57.500000	G5	79	80	
705	67.325000	A5	81	75	714	57.625000	A5	81	80	
706	67.458333	Bb3	58	79	716	57.750000	Bb3	58	80	
707	67.466667	Bb5	82	81	715	57.750000	Bb5	82	80	
708	67.611458	G5	79	78	717	57.875000	G5	79	80	
709	67.753125	Bb3	58	77	720	58.000000	Bb3	58	80	
710	67.758333	C4	60	79	719	58.000000	C4	60	80	
711	67.762500	F5	77	81	718	58.000000	F5	77	80	
712	67.906250	E5	76	78	721	58.125000	E5	76	80	
713	68.058333	Bb3	58	68	723	58.250000	Bb3	58	80	
714	68.058333	D5	74	80	722	58.250000	D5	74	80	
715	68.193750	C5	72	78	724	58.375000	C5	72	80	
716	68.346875	F5	77	89	725	58.500000	F5	77	80	
717	68.353125	F4	65	81	726	58.500000	F4	65	80	
718	68.360417	Bb3	58	81	727	58.500000	Bb3	58	80	
719	68.657292	C5	72	82	728	58.750000	C5	72	80	
720	68.668750	A3	57	71	729	58.750000	A3	57	80	
721	68.814583	G3	55	58	730	58.875000	G3	55	80	
722	68.940625	A3	57	71	732	59.000000	A3	57	80	
723	68.954167	F5	77	79	731	59.000000	F5	77	80	
724	69.087500	F3	53	68	733	59.125000	F3	53	80	
725	69.222917	Eb5	75	81	734	59.250000	Eb5	75	80	
726	69.231250	A3	57	73	735	59.250000	A3	57	80	
727	69.359375	D5	74	87	736	59.375000	D5	74	80	
728	69.372917	B3	59	81	737	59.375000	B3	59	80	
729	69.513542	C4	60	78	739	59.500000	C4	60	80	
730	69.513542	Eb5	75	90	738	59.500000	Eb5	75	80	
731	69.645833	B3	59	81	741	59.625000	B3	59	80	
732	69.650000	G4	67	81	740	59.625000	G4	67	80	
733	69.806250	C4	60	83	744	59.750000	C4	60	80	
734	69.806250	G#4	68	82	743	59.750000	G#4	68	80	
735	69.806250	C5	72	81	742	59.750000	C5	72	80	
736	69.946875	G4	67	83	745	59.875000	G4	67	80	
737	70.093750	D5	74	88	746	60.000000	D5	74	80	
738	70.103125	F4	65	80	747	60.000000	F4	65	80	
739	70.248958	C4	60	73	748	60.125000	C4	60	80	
740	70.395833	B3	59	63	751	60.250000	B3	59	80	
741	70.395833	G4	67	71	749	60.250000	G4	67	80	
742	70.400000	D4	62	69	750	60.250000	D4	62	80	
743	70.542708	A3	57	67	752	60.375000	A3	57	80	
744	70.684375	B3	59	72	754	60.500000	B3	59	80	
745	70.690625	G5	79	90	753	60.500000	G5	79	80	
746	70.817708	G3	55	71	755	60.625000	G3	55	80	
747	70.970833	B3	59	79	757	60.750000	B3	59	80	
748	70.975000	F5	77	90	756	60.750000	F5	77	80	
749	71.108333	Eb5	75	91	758	60.875000	Eb5	75	80	
750	71.113542	C4	60	79	759	60.875000	C4	60	80	
751	71.261458	D4	62	91	761	61.000000	D4	62	80	
752	71.273958	F5	77	88	760	61.000000	F5	77	80	
753	71.396875	A4	69	82	762	61.125000	A4	69	80	
754	71.402083	C4	60	88	763	61.125000	C4	60	80	
755	71.548958	D5	74	86	764	61.250000	D5	74	80	
756	71.553125	B4	71	82	765	61.250000	B4	71	80	
757	71.564583	D4	62	91	766	61.250000	D4	62	80	
758	71.691667	A4	69	84	767	61.375000	A4	69	80	
759	71.842708	Eb5	75	89	768	61.500000	Eb5	75	80	
760	71.850000	G4	67	82	769	61.500000	G4	67	80	
761	71.854167	A4	69	44	*	-1	*	-1	-1	
762	71.990625	G3	55	73	770	61.625000	G3	55	80	
763	72.136458	C#5	73	86	771	61.750000	C5	72	80	
764	72.150000	C4	60	75	773	61.750000	C4	60	80	
765	72.154167	Eb4	63	64	772	61.750000	Eb4	63	80	
766	72.292708	B3	59	74	774	61.875000	B3	59	80	
767	72.430208	C4	60	76	776	62.000000	C4	60	80	
768	72.435417	G#5	80	92	775	62.000000	G#5	80	80	
769	72.562500	G3	55	72	777	62.125000	G3	55	80	
770	72.715625	G5	79	84	778	62.250000	G5	79	80	
771	72.720833	C4	60	78	779	62.250000	C4	60	80	
772	72.855208	D4	62	84	781	62.375000	D4	62	80	
773	72.859375	F5	77	91	780	62.375000	F5	77	80	
774	73.001042	Eb4	63	88	783	62.500000	Eb4	63	80	
775	73.007292	G5	79	90	782	62.500000	G5	79	80	
776	73.142708	D4	62	89	785	62.625000	D4	62	80	
777	73.142708	B4	71	89	784	62.625000	B4	71	80	
778	73.284375	Eb5	75	87	786	62.750000	Eb5	75	80	
779	73.293750	Eb4	63	93	788	62.750000	Eb4	63	80	
780	73.293750	C5	72	82	787	62.750000	C5	72	80	
781	73.434375	Bb4	70	80	789	62.875000	Bb4	70	80	
782	73.583333	F5	77	95	790	63.000000	F5	77	80	
783	73.588542	G#4	68	94	791	63.000000	G#4	68	80	
784	73.729167	G4	67	81	792	63.125000	G4	67	80	
785	73.879167	G#4	68	94	793	63.250000	G#4	68	80	
786	74.027083	Eb4	63	91	794	63.375000	Eb4	63	80	
787	74.183333	D4	62	98	795	63.500000	D4	62	80	
788	74.326042	G4	67	80	796	63.625000	G4	67	80	
789	74.487500	G#4	68	90	797	63.750000	G#4	68	80	
790	74.651042	C4	60	82	798	63.875000	C4	60	80	
791	74.791667	B3	59	94	799	64.000000	B3	59	80	
792	74.942708	Eb5	75	83	800	64.125000	Eb5	75	80	
793	75.084375	D5	74	83	801	64.250000	D5	74	80	
794	75.230208	C5	72	87	802	64.375000	C5	72	80	
795	75.248958	D4	62	67	803	64.375000	D4	62	80	
796	75.378125	B4	71	87	804	64.500000	B4	71	80	
797	75.382292	G3	55	74	805	64.500000	G3	55	80	
798	75.520833	G#4	68	87	806	64.625000	G#4	68	80	
799	75.673958	G4	67	87	808	64.750000	G4	67	80	
800	75.679167	B3	59	79	809	64.750000	B3	59	80	
801	75.679167	D5	74	82	807	64.750000	D5	74	80	
802	75.825000	F4	65	75	810	64.875000	F4	65	80	
803	75.980208	C4	60	78	812	65.000000	C4	60	80	
804	75.985417	Eb4	63	89	811	65.000000	Eb4	63	80	
805	76.140625	G4	67	73	813	65.125000	G4	67	80	
806	76.283333	C5	72	88	814	65.250000	C5	72	80	
807	76.294792	G#3	56	66	815	65.250000	G#3	56	80	
808	76.432292	Eb4	63	74	816	65.375000	Eb4	63	80	
809	76.584375	F3	53	63	818	65.500000	F3	53	80	
810	76.597917	D4	62	78	817	65.500000	D4	62	80	
811	76.758333	C5	72	75	819	65.625000	C5	72	80	
812	76.905208	B4	71	71	820	65.750000	B4	71	80	
813	76.916667	G3	55	60	821	65.750000	G3	55	80	
814	77.059375	F4	65	46	822	65.875000	F4	65	80	
815	77.229167	C3	48	42	824	66.000000	C3	48	80	
816	77.236458	C5	72	67	823	66.000000	C5	72	80	
817	77.387500	F4	65	50	825	66.125000	F4	65	80	
818	77.533333	Eb4	63	58	826	66.250000	Eb4	63	80	
819	77.684375	D4	62	71	827	66.375000	D4	62	80	
820	77.823958	Eb4	63	77	828	66.500000	Eb4	63	80	
821	77.833333	C4	60	73	829	66.500000	C4	60	80	
822	77.968750	C3	48	58	831	66.625000	C3	48	80	
823	77.981250	Bb4	70	64	830	66.625000	Bb4	70	80	
824	78.116667	D3	50	58	833	66.750000	D3	50	80	
825	78.116667	A4	69	56	832	66.750000	A4	69	80	
826	78.260417	Eb3	51	62	835	66.875000	Eb3	51	80	
827	78.271875	G4	67	56	834	66.875000	G4	67	80	
828	78.422917	A4	69	60	836	67.000000	A4	69	80	
829	78.428125	F3	53	56	837	67.000000	F3	53	80	
830	78.566667	Eb3	51	55	838	67.125000	Eb3	51	80	
831	78.709375	F3	53	60	841	67.250000	F3	53	80	
832	78.714583	A3	57	60	840	67.250000	A3	57	80	
833	78.714583	C4	60	68	839	67.250000	C4	60	80	
834	79.050000	F4	65	63	842	67.500000	F4	65	80	
835	79.055208	D4	62	57	843	67.500000	D4	62	80	
836	79.059375	F3	53	60	844	67.500000	F3	53	80	
837	79.200000	G4	67	57	845	67.625000	G4	67	80	
838	79.380208	Bb2	46	49	847	67.750000	Bb2	46	80	
839	79.380208	A4	69	49	846	67.750000	A4	69	80	
840	79.522917	Bb4	70	70	848	67.875000	Bb4	70	80	
841	79.678125	D4	62	75	850	68.000000	D4	62	80	
842	79.678125	G4	67	82	849	68.000000	G4	67	80	
843	79.683333	Bb3	58	82	851	68.000000	Bb3	58	80	
844	79.826042	Bb2	46	70	852	68.125000	Bb2	46	80	
845	79.968750	C3	48	67	853	68.250000	C3	48	80	
846	80.121875	D3	50	71	854	68.375000	D3	50	80	
847	80.273958	Eb3	51	82	855	68.500000	Eb3	51	80	
848	80.428125	D3	50	71	856	68.625000	D3	50	80	
849	80.563542	Bb3	58	68	857	68.750000	Bb3	58	80	
850	80.568750	G3	55	61	858	68.750000	G3	55	80	
851	80.580208	Eb3	51	69	859	68.750000	Eb3	51	80	
852	80.860417	Eb3	51	46	862	69.000000	Eb3	51	80	
853	80.886458	Eb4	63	70	860	69.000000	Eb4	63	80	
854	80.895833	C4	60	56	861	69.000000	C4	60	80	
855	81.039583	F4	65	59	863	69.125000	F4	65	80	
856	81.171875	G4	67	67	864	69.250000	G4	67	80	
857	81.185417	A2	45	45	865	69.250000	A2	45	80	
858	81.330208	A4	69	66	866	69.375000	A4	69	80	
859	81.485417	C4	60	61	868	69.500000	C4	60	80	
860	81.485417	F4	65	67	867	69.500000	F4	65	80	
861	81.496875	A3	57	72	869	69.500000	A3	57	80	
862	81.638542	A2	45	60	870	69.625000	A2	45	80	
863	81.798958	Bb2	46	66	871	69.750000	Bb2	46	80	
864	81.934375	C3	48	70	872	69.875000	C3	48	80	
865	82.091667	D3	50	77	873	70.000000	D3	50	80	
866	82.252083	C3	48	60	874	70.125000	C3	48	80	
867	82.395833	D3	50	50	877	70.250000	D3	50	80	
868	82.401042	F3	53	54	876	70.250000	F3	53	80	
869	82.405208	A3	57	61	875	70.250000	A3	57	80	
870	82.730208	D4	62	73	878	70.500000	D4	62	80	
871	82.734375	Bb3	58	70	879	70.500000	Bb3	58	80	
872	82.872917	C3	48	76	880	70.625000	C3	48	80	
873	83.035417	Bb3	58	76	882	70.750000	Bb3	58	80	
874	83.039583	D3	50	81	883	70.750000	D3	50	80	
875	83.039583	D4	62	73	881	70.750000	D4	62	80	
876	83.171875	A4	69	72	884	70.875000	A4	69	80	
877	83.180208	C3	48	72	885	70.875000	C3	48	80	
878	83.316667	G4	67	76	886	71.000000	G4	67	80	
879	83.317708	Bb2	46	90	889	71.000000	Bb2	46	80	
880	83.321875	D4	62	76	887	71.000000	D4	62	80	
881	83.323958	Bb3	58	77	888	71.000000	Bb3	58	80	
882	83.465625	A2	45	75	890	71.125000	A2	45	80	
883	83.615625	Bb2	46	82	893	71.250000	Bb2	46	80	
884	83.627083	Bb3	58	79	892	71.250000	Bb3	58	80	
885	83.627083	D4	62	81	891	71.250000	D4	62	80	
886	83.759375	G#2	44	95	895	71.375000	A2	45	80	
887	83.780208	F4	65	73	894	71.375000	F4	65	80	
888	83.916667	Bb4	70	89	896	71.500000	Bb4	70	80	
889	83.921875	G2	43	94	899	71.500000	G2	43	80	
890	83.921875	D4	62	80	897	71.500000	D4	62	80	
891	83.926042	Bb3	58	78	898	71.500000	Bb3	58	80	
892	84.064583	F2	41	88	900	71.625000	F2	41	80	
893	84.210417	G2	43	90	903	71.750000	G2	43	80	
894	84.226042	D4	62	78	901	71.750000	D4	62	80	
895	84.235417	Bb3	58	79	902	71.750000	Bb3	58	80	
896	84.350000	F2	41	85	905	71.875000	F2	41	80	
897	84.370833	A4	69	75	904	71.875000	A4	69	80	
898	84.511458	E2	40	88	909	72.000000	E2	40	80	
899	84.518750	Bb3	58	79	908	72.000000	Bb3	58	80	
900	84.518750	D4	62	85	907	72.000000	D4	62	80	
901	84.520833	G4	67	76	906	72.000000	G4	67	80	
902	84.677083	C2	36	73	910	72.125000	C2	36	80	
903	84.838542	D2	38	74	913	72.250000	D2	38	80	
904	84.838542	A3	57	77	912	72.250000	A3	57	80	
905	84.856250	C4	60	74	911	72.250000	C4	60	80	
906	84.988542	G3	55	65	914	72.375000	G3	55	80	
907	84.993750	E2	40	71	915	72.375000	E2	40	80	
908	85.130208	C4	60	63	916	72.500000	F4	65	80	
909	85.147917	A3	57	62	917	72.500000	A3	57	80	
910	85.152083	F2	41	73	918	72.500000	F2	41	80	
911	85.283333	G3	55	62	919	72.625000	G3	55	80	
912	85.302083	C2	36	61	920	72.625000	C2	36	80	
913	85.412500	F4	65	71	*	-1	*	-1	-1	
914	85.426042	A3	57	69	921	72.750000	A3	57	80	
915	85.444792	F2	41	61	922	72.750000	F2	41	80	
916	85.580208	B3	59	66	923	72.875000	B3	59	80	
917	85.585417	G2	43	58	924	72.875000	G2	43	80	
918	85.728125	G#2	44	67	926	73.000000	G#2	44	80	
919	85.728125	C4	60	66	925	73.000000	C4	60	80	
920	85.865625	B3	59	64	927	73.125000	B3	59	80	
921	86.020833	C4	60	64	928	73.250000	C4	60	80	
922	86.029167	D2	38	57	929	73.250000	D2	38	80	
923	86.167708	F4	65	56	930	73.375000	F4	65	80	
924	86.305208	Eb4	63	69	931	73.500000	Eb4	63	80	
925	86.343750	G2	43	47	932	73.500000	G2	43	80	
926	86.483333	F#2	42	54	933	73.625000	F#2	42	80	
927	86.633333	B3	59	65	935	73.750000	B3	59	80	
928	86.633333	D4	62	65	934	73.750000	D4	62	80	
929	86.636458	G2	43	56	936	73.750000	G2	43	80	
930	86.769792	A2	45	58	938	73.875000	A2	45	80	
931	86.781250	A3	57	64	937	73.875000	A3	57	80	
932	86.916667	B2	47	56	940	74.000000	B2	47	80	
933	86.921875	G3	55	63	939	74.000000	G3	55	80	
934	87.064583	A2	45	47	942	74.125000	G2	43	80	
935	87.069792	D3	50	61	941	74.125000	D3	50	80	
936	87.217708	B2	47	59	944	74.250000	B2	47	80	
937	87.225000	G3	55	57	943	74.250000	G3	55	80	
938	87.367708	A3	57	64	945	74.375000	A3	57	80	
939	87.384375	D3	50	56	946	74.375000	D3	50	80	
940	87.511458	G3	55	61	948	74.500000	G3	55	80	
941	87.516667	B3	59	65	947	74.500000	B3	59	80	
942	87.659375	C4	60	66	949	74.625000	C4	60	80	
943	87.810417	D4	62	71	950	74.750000	D4	62	80	
944	87.811458	B2	47	61	951	74.750000	B2	47	80	
945	87.950000	G4	67	67	952	74.875000	G4	67	80	
946	88.095833	F4	65	71	953	75.000000	F4	65	80	
947	88.122917	C3	48	57	954	75.000000	C3	48	80	
948	88.269792	C4	60	61	955	75.125000	C4	60	80	
949	88.393750	G3	55	61	958	75.250000	G3	55	80	
950	88.417708	C4	60	61	957	75.250000	C4	60	80	
951	88.417708	Eb4	63	78	956	75.250000	Eb4	63	80	
952	88.558333	F4	65	74	959	75.375000	F4	65	80	
953	88.562500	Eb3	51	62	960	75.375000	Eb3	51	80	
954	88.765625	C3	48	45	963	75.500000	C3	48	80	
955	88.770833	Eb5	75	83	961	75.500000	Eb5	75	80	
956	88.777083	G4	67	64	962	75.500000	G4	67	80	
957	88.838542	C#5	73	16	*	-1	*	-1	-1	
958	88.969792	G3	55	49	964	75.625000	G3	55	80	
959	89.100000	A3	57	63	965	75.750000	A3	57	80	
960	89.231250	B3	59	71	966	75.875000	B3	59	80	
961	89.366667	C4	60	78	967	76.000000	C4	60	80	
962	89.501042	B3	59	76	968	76.125000	B3	59	80	
963	89.644792	Eb4	63	75	970	76.250000	Eb4	63	80	
964	89.644792	C5	72	83	969	76.250000	C5	72	80	
965	89.659375	C4	60	72	971	76.250000	C4	60	80	
966	89.809375	G#3	56	74	972	76.375000	G#3	56	80	
967	89.946875	F5	77	92	973	76.500000	F5	77	80	
968	89.952083	G#4	68	85	974	76.500000	G#4	68	80	
969	89.980208	C4	60	56	975	76.500000	C4	60	80	
970	90.091667	D3	50	55	976	76.625000	D3	50	80	
971	90.235417	F3	53	70	977	76.750000	F3	53	80	
972	90.384375	G#3	56	71	978	76.875000	G#3	56	80	
973	90.537500	D5	74	93	979	77.000000	D5	74	80	
974	90.546875	Bb3	58	64	981	77.000000	Bb3	58	80	
975	90.546875	F4	65	82	980	77.000000	F4	65	80	
976	90.693750	F3	53	65	982	77.125000	F3	53	80	
977	90.829167	G3	55	71	983	77.250000	G3	55	80	
978	90.970833	G#3	56	79	984	77.375000	G#3	56	80	
979	91.104167	Bb3	58	78	985	77.500000	Bb3	58	80	
980	91.242708	G#3	56	78	986	77.625000	G#3	56	80	
981	91.380208	D4	62	81	988	77.750000	D4	62	80	
982	91.380208	Bb4	70	89	987	77.750000	Bb4	70	80	
983	91.393750	Bb3	58	77	989	77.750000	Bb3	58	80	
984	91.515625	G3	55	73	990	77.875000	G3	55	80	
985	91.682292	G4	67	88	992	78.000000	G4	67	80	
986	91.682292	Eb5	75	92	991	78.000000	Eb5	75	80	
987	91.695833	Bb3	58	74	993	78.000000	Bb3	58	80	
988	91.846875	C3	48	64	994	78.125000	C3	48	80	
989	91.991667	Eb3	51	81	995	78.250000	Eb3	51	80	
990	92.140625	G3	55	73	996	78.375000	G3	55	80	
991	92.289583	C5	72	93	997	78.500000	C5	72	80	
992	92.296875	Eb4	63	86	998	78.500000	Eb4	63	80	
993	92.301042	G#3	56	76	999	78.500000	G#3	56	80	
994	92.438542	Eb3	51	77	1000	78.625000	Eb3	51	80	
995	92.582292	F3	53	78	1001	78.750000	F3	53	80	
996	92.729167	G3	55	79	1002	78.875000	G3	55	80	
997	92.869792	G#3	56	82	1003	79.000000	G#3	56	80	
998	93.004167	G3	55	78	1004	79.125000	G3	55	80	
999	93.163542	G#3	56	81	1007	79.250000	G#3	56	80	
1000	93.163542	C4	60	83	1006	79.250000	C4	60	80	
1001	93.163542	G#4	68	92	1005	79.250000	G#4	68	80	
1002	93.307292	F3	53	65	1008	79.375000	F3	53	80	
1003	93.463542	B2	47	68	1011	79.500000	B2	47	80	
1004	93.478125	D5	74	87	1009	79.500000	D5	74	80	
1005	93.483333	F4	65	73	1010	79.500000	F4	65	80	
1006	93.615625	G3	55	80	1012	79.625000	G3	55	80	
1007	93.772917	G#3	56	84	1015	79.750000	G#3	56	80	
1008	93.784375	F4	65	89	1014	79.750000	F4	65	80	
1009	93.784375	D5	74	97	1013	79.750000	D5	74	80	
1010	93.932292	G3	55	80	1016	79.875000	G3	55	80	
1011	94.081250	F3	53	89	1019	80.000000	F3	53	80	
1012	94.086458	F4	65	95	1018	80.000000	F4	65	80	
1013	94.090625	D5	74	94	1017	80.000000	D5	74	80	
1014	94.225000	Eb3	51	87	1020	80.125000	Eb3	51	80	
1015	94.377083	D3	50	90	1024	80.250000	D3	50	80	
1016	94.377083	F3	53	90	1023	80.250000	F3	53	80	
1017	94.386458	F4	65	97	1022	80.250000	F4	65	80	
1018	94.386458	D5	74	98	1021	80.250000	D5	74	80	
1019	94.528125	Eb3	51	93	1025	80.375000	Eb3	51	80	
1020	94.679167	D3	50	94	1028	80.500000	D3	50	80	
1021	94.683333	F2	41	87	1029	80.500000	F2	41	80	
1022	94.683333	F4	65	91	1027	80.500000	F4	65	80	
1023	94.683333	D5	74	98	1026	80.500000	D5	74	80	
1024	94.825000	C3	48	93	1030	80.625000	C3	48	80	
1025	94.975000	D3	50	94	1033	80.750000	D3	50	80	
1026	94.975000	D5	74	99	1031	80.750000	D5	74	80	
1027	94.979167	G#2	44	87	1034	80.750000	G#2	44	80	
1028	94.979167	F4	65	93	1032	80.750000	F4	65	80	
1029	95.029167	G2	43	48	*	-1	*	-1	-1	
1030	95.121875	C3	48	88	1035	80.875000	C3	48	80	
1031	95.275000	G2	43	80	1039	81.000000	G2	43	80	
1032	95.286458	B2	47	80	1038	81.000000	B2	47	80	
1033	95.286458	D5	74	94	1036	81.000000	D5	74	80	
1034	95.288542	F4	65	88	1037	81.000000	F4	65	80	
1035	95.434375	C5	72	92	1040	81.125000	C5	72	80	
1036	95.581250	D5	74	89	1041	81.250000	D5	74	80	
1037	95.584375	G3	55	81	1044	81.250000	G3	55	80	
1038	95.588542	B3	59	85	1043	81.250000	B3	59	80	
1039	95.588542	F4	65	82	1042	81.250000	F4	65	80	
1040	95.731250	C5	72	90	1045	81.375000	C5	72	80	
1041	95.877083	G3	55	85	1049	81.500000	G3	55	80	
1042	95.877083	B4	71	99	1046	81.500000	B4	71	80	
1043	95.882292	B3	59	86	1048	81.500000	B3	59	80	
1044	95.882292	F4	65	89	1047	81.500000	F4	65	80	
1045	96.022917	A4	69	90	1050	81.625000	A4	69	80	
1046	96.170833	G3	55	84	1054	81.750000	G3	55	80	
1047	96.170833	B3	59	94	1053	81.750000	B3	59	80	
1048	96.170833	B4	71	97	1051	81.750000	B4	71	80	
1049	96.175000	F4	65	93	1052	81.750000	F4	65	80	
1050	96.307292	A4	69	90	1055	81.875000	A4	69	80	
1051	96.460417	C4	60	92	1057	82.000000	C4	60	80	
1052	96.464583	G4	67	101	1056	82.000000	G4	67	80	
1053	96.469792	A3	57	83	1058	82.000000	A3	57	80	
1054	96.609375	F4	65	92	1059	82.125000	F4	65	80	
1055	96.760417	B3	59	93	1062	82.250000	B3	59	80	
1056	96.760417	G4	67	98	1060	82.250000	G4	67	80	
1057	96.764583	D4	62	94	1061	82.250000	D4	62	80	
1058	96.904167	F4	65	77	1063	82.375000	F4	65	80	
1059	97.062500	Eb3	51	93	1064	82.500000	Eb3	51	80	
1060	97.210417	Eb4	63	77	1065	82.625000	Eb4	63	80	
1061	97.354167	G3	55	76	1067	82.750000	G3	55	80	
1062	97.359375	F4	65	70	1066	82.750000	F4	65	80	
1063	97.511458	D4	62	69	1068	82.875000	D4	62	80	
1064	97.647917	Eb4	63	89	1069	83.000000	Eb4	63	80	
1065	97.662500	C4	60	83	1070	83.000000	C4	60	80	
1066	97.782292	G4	67	72	1071	83.125000	G4	67	80	
1067	97.805208	Eb3	51	85	1072	83.125000	Eb3	51	80	
1068	97.932292	A4	69	72	1073	83.250000	A4	69	80	
1069	97.937500	F3	53	76	1074	83.250000	F3	53	80	
1070	98.073958	B4	71	80	1075	83.375000	B4	71	80	
1071	98.078125	G3	55	78	1076	83.375000	G3	55	80	
1072	98.220833	G#3	56	82	1078	83.500000	G#3	56	80	
1073	98.230208	C5	72	89	1077	83.500000	C5	72	80	
1074	98.359375	G3	55	81	1079	83.625000	G3	55	80	
1075	98.513542	G#3	56	92	1082	83.750000	G#3	56	80	
1076	98.525000	G#4	68	88	1080	83.750000	G#4	68	80	
1077	98.533333	F4	65	75	1081	83.750000	F4	65	80	
1078	98.854167	F4	65	80	1083	84.000000	F4	65	80	
1079	98.858333	G#3	56	89	1085	84.000000	G#3	56	80	
1080	98.858333	D4	62	90	1084	84.000000	D4	62	80	
1081	99.198958	D3	50	91	1087	84.250000	D3	50	80	
1082	99.198958	B4	71	83	1086	84.250000	B4	71	80	
1083	99.346875	A4	69	76	1088	84.375000	A4	69	80	
1084	99.495833	B4	71	94	1089	84.500000	B4	71	80	
1085	99.646875	G#4	68	81	1090	84.625000	G#4	68	80	
1086	99.655208	D3	50	77	1091	84.625000	D3	50	80	
1087	99.781250	Eb3	51	84	1093	84.750000	Eb3	51	80	
1088	99.792708	G4	67	74	1092	84.750000	G4	67	80	
1089	99.917708	F3	53	76	1095	84.875000	F3	53	80	
1090	99.931250	F4	65	78	1094	84.875000	F4	65	80	
1091	100.066667	C#4	61	84	1098	85.000000	C#4	61	80	
1092	100.070833	Bb4	70	86	1096	85.000000	Bb4	70	80	
1093	100.076042	G3	55	74	1099	85.000000	G3	55	80	
1094	100.080208	E4	64	80	1097	85.000000	E4	64	80	
1095	100.229167	F3	53	75	1101	85.125000	F3	53	80	
1096	100.236458	F4	65	73	1100	85.125000	F4	65	80	
1097	100.372917	E4	64	85	1102	85.250000	E4	64	80	
1098	100.387500	G3	55	80	1103	85.250000	G3	55	80	
1099	100.518750	F4	65	75	1104	85.375000	F4	65	80	
1100	100.676042	G3	55	82	1107	85.500000	G3	55	80	
1101	100.683333	C4	60	86	1106	85.500000	C4	60	80	
1102	100.683333	E4	64	87	1105	85.500000	E4	64	80	
1103	101.009375	A4	69	76	1108	85.750000	A4	69	80	
1104	101.015625	C3	48	66	1109	85.750000	C3	48	80	
1105	101.160417	G4	67	81	1110	85.875000	G4	67	80	
1106	101.312500	A4	69	86	1111	86.000000	A4	69	80	
1107	101.461458	C3	48	70	1113	86.125000	C3	48	80	
1108	101.461458	G4	67	67	1112	86.125000	G4	67	80	
1109	101.603125	D3	50	71	1115	86.250000	D3	50	80	
1110	101.616667	F4	65	67	1114	86.250000	F4	65	80	
1111	101.751042	Eb4	63	70	1116	86.375000	Eb4	63	80	
1112	101.760417	Eb3	51	73	1117	86.375000	Eb3	51	80	
1113	101.893750	B3	59	50	1120	86.500000	B3	59	80	
1114	101.904167	G#4	68	72	1118	86.500000	G#4	68	80	
1115	101.911458	D4	62	64	1119	86.500000	D4	62	80	
1116	101.917708	F3	53	55	1121	86.500000	F3	53	80	
1117	102.046875	Eb4	63	63	1122	86.625000	Eb4	63	80	
1118	102.067708	Eb3	51	53	1123	86.625000	Eb3	51	80	
1119	102.205208	D4	62	58	1124	86.750000	D4	62	80	
1120	102.209375	F3	53	53	1125	86.750000	F3	53	80	
1121	102.347917	Eb4	63	60	1126	86.875000	Eb4	63	80	
1122	102.502083	D4	62	66	1127	87.000000	D4	62	80	
1123	102.517708	Bb3	58	59	1128	87.000000	Bb3	58	80	
1124	102.522917	F3	53	53	1129	87.000000	F3	53	80	
1125	102.803125	Bb2	46	63	1131	87.250000	Bb2	46	80	
1126	102.822917	G4	67	66	1130	87.250000	G4	67	80	
1127	102.969792	F4	65	70	1132	87.375000	F4	65	80	
1128	103.117708	G4	67	84	1133	87.500000	G4	67	80	
1129	103.131250	Bb3	58	74	1135	87.500000	Bb3	58	80	
1130	103.131250	D4	62	79	1134	87.500000	D4	62	80	
1131	103.280208	D5	74	65	1137	87.625000	D5	74	80	
1132	103.282292	F5	77	70	1136	87.625000	F5	77	80	
1133	103.412500	G5	79	84	1138	87.750000	G5	79	80	
1134	103.417708	Eb5	75	74	1139	87.750000	Eb5	75	80	
1135	103.552083	G#5	80	81	1140	87.875000	G#5	80	80	
1136	103.559375	F5	77	83	1141	87.875000	F5	77	80	
1137	103.705208	Bb5	82	78	1142	88.000000	Bb5	82	80	
1138	103.709375	G5	79	82	1143	88.000000	G5	79	80	
1139	103.848958	G#5	80	78	1144	88.125000	G#5	80	80	
1140	103.858333	F5	77	70	1145	88.125000	F5	77	80	
1141	103.994792	Bb3	58	73	1148	88.250000	Bb3	58	80	
1142	104.004167	G3	55	67	1149	88.250000	G3	55	80	
1143	104.004167	G5	79	86	1147	88.250000	G5	79	80	
1144	104.004167	Bb5	82	84	1146	88.250000	Bb5	82	80	
1145	104.322917	G5	79	80	1151	88.500000	G5	79	80	
1146	104.322917	Bb5	82	77	1150	88.500000	Bb5	82	80	
1147	104.331250	C4	60	77	1153	88.500000	C4	60	80	
1148	104.331250	Eb4	63	82	1152	88.500000	Eb4	63	80	
1149	104.648958	Eb5	75	77	1154	88.750000	Eb5	75	80	
1150	104.653125	C5	72	75	1155	88.750000	C5	72	80	
1151	104.961458	C4	60	90	1156	89.000000	C4	60	80	
1152	104.965625	G#3	56	89	1157	89.000000	G#3	56	80	
1153	105.103125	C5	72	74	1159	89.125000	C5	72	80	
1154	105.107292	Eb5	75	75	1158	89.125000	Eb5	75	80	
1155	105.242708	D5	74	81	1161	89.250000	D5	74	80	
1156	105.246875	F5	77	83	1160	89.250000	F5	77	80	
1157	105.384375	G5	79	90	1162	89.375000	G5	79	80	
1158	105.388542	Eb5	75	85	1163	89.375000	Eb5	75	80	
1159	105.525000	F5	77	92	1165	89.500000	F5	77	80	
1160	105.525000	G#5	80	87	1164	89.500000	G#5	80	80	
1161	105.669792	G5	79	91	1166	89.625000	G5	79	80	
1162	105.676042	Eb5	75	81	1167	89.625000	Eb5	75	80	
1163	105.822917	F3	53	89	1171	89.750000	F3	53	80	
1164	105.822917	G#3	56	93	1170	89.750000	G#3	56	80	
1165	105.827083	F5	77	97	1169	89.750000	F5	77	80	
1166	105.827083	G#5	80	94	1168	89.750000	G#5	80	80	
1167	106.145833	F5	77	94	1173	90.000000	F5	77	80	
1168	106.150000	D4	62	93	1174	90.000000	D4	62	80	
1169	106.150000	G#5	80	87	1172	90.000000	G#5	80	80	
1170	106.152083	Bb3	58	91	1175	90.000000	Bb3	58	80	
1171	106.467708	D5	74	88	1176	90.250000	D5	74	80	
1172	106.472917	Bb4	70	86	1177	90.250000	Bb4	70	80	
1173	106.784375	G3	55	89	1179	90.500000	G3	55	80	
1174	106.784375	Bb3	58	90	1178	90.500000	Bb3	58	80	
1175	106.928125	Bb4	70	82	1181	90.625000	Bb4	70	80	
1176	106.928125	D5	74	81	1180	90.625000	D5	74	80	
1177	107.072917	Eb5	75	91	1182	90.750000	Eb5	75	80	
1178	107.077083	C5	72	86	1183	90.750000	C5	72	80	
1179	107.218750	F5	77	95	1184	90.875000	F5	77	80	
1180	107.219792	D5	74	93	1185	90.875000	D5	74	80	
1181	107.364583	Eb5	75	93	1187	91.000000	Eb5	75	80	
1182	107.364583	G5	79	98	1186	91.000000	G5	79	80	
1183	107.509375	D5	74	93	1189	91.125000	D5	74	80	
1184	107.513542	F5	77	93	1188	91.125000	F5	77	80	
1185	107.659375	G3	55	90	1192	91.250000	G3	55	80	
1186	107.665625	Eb3	51	88	1193	91.250000	Eb3	51	80	
1187	107.665625	Eb5	75	95	1191	91.250000	Eb5	75	80	
1188	107.665625	G5	79	98	1190	91.250000	G5	79	80	
1189	107.970833	G#3	56	85	1195	91.500000	G#3	56	80	
1190	107.970833	C4	60	89	1194	91.500000	C4	60	80	
1191	108.141667	C#5	73	76	1196	91.625000	C#5	73	80	
1192	108.267708	C4	60	69	1199	91.750000	C4	60	80	
1193	108.272917	G#3	56	69	1200	91.750000	G#3	56	80	
1194	108.272917	Bb5	82	77	1197	91.750000	Bb5	82	80	
1195	108.277083	Eb5	75	70	1198	91.750000	Eb5	75	80	
1196	108.428125	C#5	73	71	1201	91.875000	C#5	73	80	
1197	108.556250	C4	60	78	1204	92.000000	C4	60	80	
1198	108.558333	G#5	80	82	1202	92.000000	G#5	80	80	
1199	108.562500	G#3	56	74	1205	92.000000	G#3	56	80	
1200	108.569792	C5	72	80	1203	92.000000	C5	72	80	
1201	108.704167	Bb4	70	77	1206	92.125000	Bb4	70	80	
1202	108.842708	C5	72	89	1208	92.250000	C5	72	80	
1203	108.854167	G#3	56	88	1210	92.250000	G#3	56	80	
1204	108.854167	C4	60	93	1209	92.250000	C4	60	80	
1205	108.854167	G5	79	90	1207	92.250000	G5	79	80	
1206	108.985417	Bb4	70	79	1211	92.375000	Bb4	70	80	
1207	109.143750	G#4	68	96	1213	92.500000	G#4	68	80	
1208	109.143750	F5	77	97	1212	92.500000	F5	77	80	
1209	109.148958	C4	60	90	1214	92.500000	C4	60	80	
1210	109.153125	G#3	56	85	1215	92.500000	G#3	56	80	
1211	109.298958	G4	67	73	1216	92.625000	G4	67	80	
1212	109.439583	Eb5	75	92	1217	92.750000	Eb5	75	80	
1213	109.444792	G#4	68	86	1218	92.750000	G#4	68	80	
1214	109.448958	G#3	56	81	1220	92.750000	G#3	56	80	
1215	109.454167	C4	60	85	1219	92.750000	C4	60	80	
1216	109.584375	G4	67	66	1221	92.875000	G4	67	80	
1217	109.736458	D5	74	87	1222	93.000000	D5	74	80	
1218	109.742708	Bb3	58	85	1225	93.000000	Bb3	58	80	
1219	109.742708	D4	62	89	1224	93.000000	D4	62	80	
1220	109.742708	F4	65	80	1223	93.000000	F4	65	80	
1221	109.892708	C4	60	73	1226	93.125000	C4	60	80	
1222	110.022917	F4	65	86	1228	93.250000	F4	65	80	
1223	110.022917	D5	74	92	1227	93.250000	D5	74	80	
1224	110.035417	G#3	56	82	1230	93.250000	G#3	56	80	
1225	110.039583	D4	62	84	1229	93.250000	D4	62	80	
1226	110.195833	C4	60	79	1231	93.375000	C4	60	80	
1227	110.325000	Eb5	75	94	1232	93.500000	Eb5	75	80	
1228	110.330208	G4	67	89	1233	93.500000	G4	67	80	
1229	110.334375	Bb3	58	88	1234	93.500000	Bb3	58	80	
1230	110.339583	G3	55	78	1235	93.500000	G3	55	80	
1231	110.489583	G#3	56	85	1236	93.625000	G#3	56	80	
1232	110.613542	Bb3	58	90	1239	93.750000	Bb3	58	80	
1233	110.634375	E3	52	68	*	-1	*	-1	-1	
1234	110.634375	F3	53	71	1240	93.750000	F3	53	80	
1235	110.759375	G#3	56	93	1241	93.875000	G#3	56	80	
1236	110.759375	G#4	68	81	1238	93.750000	G#4	68	80	
1237	110.763542	F5	77	88	1237	93.750000	F5	77	80	
1238	110.903125	Bb4	70	93	1243	94.000000	Bb4	70	80	
1239	110.903125	G5	79	97	1242	94.000000	G5	79	80	
1240	110.910417	G3	55	79	1244	94.000000	G3	55	80	
1241	110.914583	E3	52	76	1245	94.000000	Eb3	51	80	
1242	110.921875	A3	57	60	*	-1	*	-1	-1	
1243	111.061458	F3	53	91	1246	94.125000	F3	53	80	
1244	111.176042	B4	71	84	1247	94.250000	B4	71	80	
1245	111.183333	G3	55	91	1248	94.250000	G3	55	80	
1246	111.320833	F3	53	88	1250	94.375000	F3	53	80	
1247	111.462500	Eb3	51	88	1252	94.500000	Eb3	51	80	
1248	111.466667	C3	48	73	1253	94.500000	C3	48	80	
1249	111.470833	C5	72	90	1251	94.500000	C5	72	80	
1250	111.614583	F5	77	82	1254	94.625000	F5	77	80	
1251	111.619792	D5	74	77	1255	94.625000	D5	74	80	
1252	111.770833	Eb5	75	82	1257	94.750000	Eb5	75	80	
1253	111.776042	G5	79	84	1256	94.750000	G5	79	80	
1254	111.785417	Eb4	63	76	1258	94.750000	Eb4	63	80	
1255	111.789583	C4	60	72	1259	94.750000	C4	60	80	
1256	111.908333	D5	74	85	1261	94.875000	D5	74	80	
1257	111.912500	F5	77	77	1260	94.875000	F5	77	80	
1258	112.062500	Eb5	75	90	1262	95.000000	Eb5	75	80	
1259	112.066667	C5	72	99	1263	95.000000	C5	72	80	
1260	112.071875	C4	60	80	1265	95.000000	C4	60	80	
1261	112.071875	Eb4	63	80	1264	95.000000	Eb4	63	80	
1262	112.208333	Bb4	70	73	1267	95.125000	Bb4	70	80	
1263	112.212500	D5	74	79	1266	95.125000	D5	74	80	
1264	112.356250	C4	60	84	1271	95.250000	C4	60	80	
1265	112.356250	Eb5	75	87	1268	95.250000	Eb5	75	80	
1266	112.360417	Eb4	63	80	1270	95.250000	Eb4	63	80	
1267	112.360417	C5	72	90	1269	95.250000	C5	72	80	
1268	112.495833	D5	74	75	1272	95.375000	D5	74	80	
1269	112.503125	Bb4	70	78	1273	95.375000	Bb4	70	80	
1270	112.638542	Eb4	63	86	1276	95.500000	Eb4	63	80	
1271	112.643750	C4	60	83	1277	95.500000	C4	60	80	
1272	112.643750	G#4	68	92	1275	95.500000	G#4	68	80	
1273	112.648958	C5	72	77	1274	95.500000	C5	72	80	
1274	112.655208	D5	74	68	*	-1	*	-1	-1	
1275	112.785417	G4	67	83	1279	95.625000	G4	67	80	
1276	112.805208	Bb4	70	79	1278	95.625000	Bb4	70	80	
1277	112.920833	C4	60	84	1283	95.750000	C4	60	80	
1278	112.920833	Eb4	63	89	1282	95.750000	Eb4	63	80	
1279	112.932292	G#4	68	93	1281	95.750000	G#4	68	80	
1280	112.932292	C5	72	88	1280	95.750000	C5	72	80	
1281	113.068750	Bb4	70	80	1284	95.875000	Bb4	70	80	
1282	113.071875	G4	67	80	1285	95.875000	G4	67	80	
1283	113.219792	Eb4	63	82	1288	96.000000	Eb4	63	80	
1284	113.219792	F#4	66	92	1287	96.000000	F#4	66	80	
1285	113.219792	A4	69	82	1286	96.000000	A4	69	80	
1286	113.223958	C4	60	83	1289	96.000000	C4	60	80	
1287	113.372917	D4	62	79	1290	96.125000	D4	62	80	
1288	113.513542	Bb3	58	85	1292	96.250000	Bb3	58	80	
1289	113.517708	Eb4	63	89	1291	96.250000	Eb4	63	80	
1290	113.659375	D4	62	82	1293	96.375000	D4	62	80	
1291	113.809375	C4	60	95	1294	96.500000	C4	60	80	
1292	113.814583	A3	57	91	1295	96.500000	A3	57	80	
1293	113.946875	Bb3	58	86	1296	96.625000	Bb3	58	80	
1294	114.088542	C4	60	87	1299	96.750000	C4	60	80	
1295	114.092708	G3	55	89	1300	96.750000	G3	55	80	
1296	114.092708	Bb4	70	92	1297	96.750000	Bb4	70	80	
1297	114.097917	G4	67	88	1298	96.750000	G4	67	80	
1298	114.234375	Bb3	58	92	1301	96.875000	Bb3	58	80	
1299	114.381250	C5	72	93	1302	97.000000	C5	72	80	
1300	114.386458	F#3	54	95	1305	97.000000	F#3	54	80	
1301	114.390625	A3	57	92	1304	97.000000	A3	57	80	
1302	114.390625	A4	69	90	1303	97.000000	A4	69	80	
1303	114.534375	G3	55	73	1306	97.125000	G3	55	80	
1304	114.676042	A3	57	96	1307	97.250000	A3	57	80	
1305	114.696875	E3	52	75	1308	97.250000	E3	52	80	
1306	114.829167	G3	55	91	1309	97.375000	G3	55	80	
1307	114.965625	D3	50	81	1311	97.500000	D3	50	80	
1308	114.965625	F#3	54	90	1310	97.500000	F#3	54	80	
1309	115.110417	D4	62	82	1312	97.625000	D4	62	80	
1310	115.259375	A3	57	94	1314	97.750000	A3	57	80	
1311	115.264583	F#3	54	94	1315	97.750000	F#3	54	80	
1312	115.271875	Eb4	63	89	1313	97.750000	Eb4	63	80	
1313	115.430208	D4	62	89	1316	97.875000	D4	62	80	
1314	115.571875	Bb4	70	92	1317	98.000000	Bb4	70	80	
1315	115.577083	G3	55	87	1319	98.000000	G3	55	80	
1316	115.579167	Bb3	58	97	1318	98.000000	Bb3	58	80	
1317	115.720833	D4	62	88	1320	98.125000	D4	62	80	
1318	115.877083	D3	50	87	1323	98.250000	D3	50	80	
1319	115.877083	F#3	54	94	1322	98.250000	F#3	54	80	
1320	115.880208	Eb4	63	91	1321	98.250000	Eb4	63	80	
1321	116.030208	D4	62	90	1324	98.375000	D4	62	80	
1322	116.200000	G3	55	90	1326	98.500000	G3	55	80	
1323	116.202083	Eb3	51	89	1327	98.500000	Eb3	51	80	
1324	116.204167	C4	60	93	1325	98.500000	C4	60	80	
1325	116.355208	Bb4	70	83	1328	98.625000	Bb4	70	80	
1326	116.526042	C#4	61	98	1330	98.750000	C#4	61	80	
1327	116.531250	A4	69	87	1329	98.750000	A4	69	80	
1328	116.705208	G4	67	78	1331	98.875000	G4	67	80	
1329	116.898958	D3	50	91	1335	99.000000	D3	50	80	
1330	116.898958	A3	57	109	1334	99.000000	A3	57	80	
1331	116.898958	D4	62	99	1333	99.000000	D4	62	80	
1332	116.898958	F#4	66	96	1332	99.000000	F#4	66	80	
1333	116.937500	G#4	68	52	*	-1	*	-1	-1	
1334	117.351042	D2	38	96	1336	99.250000	D2	38	80	
1335	117.909375	D4	62	103	1337	99.500000	D4	62	80	
1336	118.041667	A4	69	76	1338	99.625000	A4	69	80	
1337	118.204167	Bb4	70	80	1339	99.750000	Bb4	70	80	
1338	118.353125	C5	72	92	1340	99.875000	C5	72	80	
1339	118.506250	D5	74	89	1341	100.000000	D5	74	80	
1340	118.647917	C5	72	90	1342	100.125000	C5	72	80	
1341	118.797917	Bb3	58	89	1344	100.250000	Bb3	58	80	
1342	118.802083	D5	74	93	1343	100.250000	D5	74	80	
1343	119.131250	D5	74	92	1345	100.500000	D5	74	80	
1344	119.133333	Eb4	63	91	1346	100.500000	Eb4	63	80	
1345	119.475000	G4	67	80	1347	100.750000	G4	67	80	
1346	119.797917	C4	60	98	1348	101.000000	C4	60	80	
1347	119.952083	G4	67	80	1349	101.125000	G4	67	80	
1348	120.098958	A4	69	84	1350	101.250000	A4	69	80	
1349	120.241667	Bb4	70	89	1351	101.375000	Bb4	70	80	
1350	120.384375	C5	72	96	1352	101.500000	C5	72	80	
1351	120.528125	Bb4	70	90	1353	101.625000	Bb4	70	80	
1352	120.681250	A3	57	93	1355	101.750000	A3	57	80	
1353	120.688542	C5	72	96	1354	101.750000	C5	72	80	
1354	121.004167	C5	72	94	1356	102.000000	C5	72	80	
1355	121.009375	D4	62	102	1357	102.000000	D4	62	80	
1356	121.342708	F#4	66	91	1358	102.250000	F#4	66	80	
1357	121.635417	Bb3	58	96	1360	102.500000	Bb3	58	80	
1358	121.635417	D5	74	93	1359	102.500000	D5	74	80	
1359	121.773958	F#4	66	72	1361	102.625000	F#4	66	80	
1360	121.780208	D3	50	65	1362	102.625000	D3	50	80	
1361	121.917708	E3	52	70	1364	102.750000	E3	52	80	
1362	121.917708	G4	67	79	1363	102.750000	G4	67	80	
1363	122.050000	A4	69	86	1365	102.875000	A4	69	80	
1364	122.057292	F#3	54	80	1366	102.875000	F#3	54	80	
1365	122.189583	Bb4	70	95	1367	103.000000	Bb4	70	80	
1366	122.198958	G3	55	85	1368	103.000000	G3	55	80	
1367	122.329167	A4	69	93	1369	103.125000	A4	69	80	
1368	122.337500	F#3	54	88	1370	103.125000	F#3	54	80	
1369	122.486458	G3	55	98	1373	103.250000	G3	55	80	
1370	122.491667	Bb4	70	99	1371	103.250000	Bb4	70	80	
1371	122.795833	Eb5	75	102	1375	103.500000	Eb5	75	80	
1372	122.805208	C4	60	98	1377	103.500000	C4	60	80	
1373	122.809375	G3	55	77	1378	103.500000	G3	55	80	
1374	122.814583	Bb4	70	86	1376	103.500000	Bb4	70	80	
1375	123.131250	Eb4	63	87	1379	103.750000	Eb4	63	80	
1376	123.135417	C3	48	80	1380	103.750000	C3	48	80	
1377	123.421875	C5	72	97	1381	104.000000	C5	72	80	
1378	123.429167	A3	57	94	1382	104.000000	A3	57	80	
1379	123.561458	C3	48	78	1384	104.125000	C3	48	80	
1380	123.566667	E4	64	81	1383	104.125000	E4	64	80	
1381	123.701042	D3	50	74	1386	104.250000	D3	50	80	
1382	123.709375	F4	65	80	1385	104.250000	F4	65	80	
1383	123.854167	E3	52	74	1388	104.375000	Eb3	51	80	
1384	123.854167	G4	67	81	1387	104.375000	G4	67	80	
1385	123.990625	F3	53	84	1390	104.500000	F3	53	80	
1386	123.990625	A4	69	87	1389	104.500000	A4	69	80	
1387	124.138542	E3	52	82	1392	104.625000	Eb3	51	80	
1388	124.138542	G4	67	84	1391	104.625000	G4	67	80	
1389	124.291667	F3	53	91	1395	104.750000	F3	53	80	
1390	124.291667	A4	69	97	1393	104.750000	A4	69	80	
1391	124.598958	D5	74	98	1397	105.000000	D5	74	80	
1392	124.603125	F3	53	76	1400	105.000000	F3	53	80	
1393	124.608333	Bb3	58	91	1399	105.000000	Bb3	58	80	
1394	124.608333	A4	69	91	1398	105.000000	A4	69	80	
1395	124.945833	D4	62	85	1401	105.250000	D4	62	80	
1396	124.947917	Bb2	46	77	1402	105.250000	Bb2	46	80	
1397	125.246875	G3	55	90	1404	105.500000	G3	55	80	
1398	125.246875	Bb4	70	92	1403	105.500000	Bb4	70	80	
1399	125.382292	Bb2	46	77	1406	105.625000	Bb2	46	80	
1400	125.395833	D4	62	72	1405	105.625000	D4	62	80	
1401	125.539583	C3	48	74	1408	105.750000	C3	48	80	
1402	125.543750	E4	64	79	1407	105.750000	E4	64	80	
1403	125.680208	F#4	66	78	1409	105.875000	F#4	66	80	
1404	125.697917	D3	50	73	1410	105.875000	D3	50	80	
1405	125.825000	G4	67	86	1411	106.000000	G4	67	80	
1406	125.825000	A4	69	64	*	-1	*	-1	-1	
1407	125.830208	Eb3	51	84	1412	106.000000	Eb3	51	80	
1408	125.958333	F#4	66	75	1413	106.125000	F#4	66	80	
1409	125.975000	D3	50	74	1414	106.125000	D3	50	80	
1410	126.109375	Bb3	58	93	1417	106.250000	Bb3	58	80	
1411	126.118750	Eb3	51	82	1418	106.250000	Eb3	51	80	
1412	126.118750	G4	67	88	1415	106.250000	G4	67	80	
1413	126.434375	A3	57	80	1420	106.500000	A3	57	80	
1414	126.434375	C5	72	87	1419	106.500000	C5	72	80	
1415	126.573958	D3	50	80	1421	106.625000	D3	50	80	
1416	126.719792	Bb4	70	89	1423	106.750000	Bb4	70	80	
1417	126.729167	Eb3	51	86	1425	106.750000	Eb3	51	80	
1418	126.733333	G3	55	82	1424	106.750000	G3	55	80	
1419	126.745833	C5	72	89	1422	106.750000	C5	72	80	
1420	126.880208	D3	50	86	1426	106.875000	D3	50	80	
1421	127.031250	C3	48	101	1430	107.000000	C3	48	80	
1422	127.037500	A4	69	85	1429	107.000000	A4	69	80	
1423	127.042708	Eb4	63	96	1428	107.000000	Eb4	63	80	
1424	127.042708	C5	72	85	1427	107.000000	C5	72	80	
1425	127.175000	Bb2	46	96	1431	107.125000	Bb2	46	80	
1426	127.339583	C3	48	96	1435	107.250000	C3	48	80	
1427	127.339583	G4	67	92	1434	107.250000	G4	67	80	
1428	127.344792	Eb4	63	94	1433	107.250000	Eb4	63	80	
1429	127.344792	C5	72	90	1432	107.250000	C5	72	80	
1430	127.492708	Bb2	46	93	1436	107.375000	Bb2	46	80	
1431	127.650000	C5	72	93	1437	107.500000	C5	72	80	
1432	127.654167	A2	45	102	1440	107.500000	A2	45	80	
1433	127.654167	Eb4	63	97	1438	107.500000	Eb4	63	80	
1434	127.659375	F#4	66	97	1439	107.500000	F#4	66	80	
1435	127.814583	G2	43	94	1441	107.625000	G2	43	80	
1436	127.980208	Eb4	63	99	1443	107.750000	Eb4	63	80	
1437	127.985417	G4	67	97	1444	107.750000	G4	67	80	
1438	127.985417	C5	72	97	1442	107.750000	C5	72	80	
1439	127.989583	A2	45	99	1445	107.750000	A2	45	80	
1440	128.182292	G#2	44	29	*	-1	*	-1	-1	
1441	128.191667	G2	43	47	1446	107.875000	G2	43	80	
1442	128.341667	A4	69	92	1449	108.000000	A4	69	80	
1443	128.344792	F#2	42	89	1450	108.000000	F#2	42	80	
1444	128.344792	D4	62	101	1448	108.000000	D4	62	80	
1445	128.348958	C5	72	101	1447	108.000000	C5	72	80	
1446	129.364583	D2	38	81	1454	108.750000	D2	38	80	
1447	129.364583	F#4	66	93	1453	108.750000	F#4	66	80	
1448	129.364583	D5	74	100	1451	108.750000	D5	74	80	
1449	129.366667	D4	62	99	1452	108.750000	D4	62	80	
1450	129.733333	Bb4	70	95	1455	109.000000	Bb4	70	80	
1451	129.737500	D4	62	87	1456	109.000000	D4	62	80	
1452	129.737500	G4	67	90	1457	109.000000	G4	67	80	
1453	129.746875	G2	43	82	1458	109.000000	G2	43	80	
1454	130.661458	C5	72	88	1459	109.750000	C5	72	80	
1455	130.668750	C3	48	73	1462	109.750000	C3	48	80	
1456	130.668750	Eb4	63	88	1460	109.750000	Eb4	63	80	
1457	130.668750	A4	69	77	1461	109.750000	A4	69	80	
1458	130.717708	F#4	66	46	*	-1	*	-1	-1	
1459	131.008333	Bb4	70	82	1463	110.000000	Bb4	70	80	
1460	131.012500	G4	67	76	1465	110.000000	G4	67	80	
1461	131.019792	D3	50	60	1466	110.000000	D3	50	80	
1462	131.019792	D4	62	69	1464	110.000000	D4	62	80	
1463	131.340625	A4	69	78	1467	110.250000	A4	69	80	
1464	131.681250	D2	38	40	1471	110.500000	D2	38	80	
1465	131.681250	F#4	66	67	1470	110.500000	F#4	66	80	
1466	131.681250	A4	69	71	1468	110.500000	A4	69	80	
1467	131.686458	C4	60	64	1469	110.500000	C4	60	80	
1468	132.000000	G4	67	73	1472	110.750000	G4	67	80	
1469	132.321875	G2	43	42	1476	111.000000	G2	43	80	
1470	132.321875	G4	67	51	1473	111.000000	G4	67	80	
1471	132.330208	D4	62	50	1475	111.000000	D4	62	80	
1472	132.335417	Bb3	58	46	1474	111.000000	Bb3	58	80	
1473	132.484375	D3	50	54	1477	111.125000	D3	50	80	
1474	132.626042	E3	52	62	1478	111.250000	E3	52	80	
1475	132.757292	F#3	54	65	1479	111.375000	F#3	54	80	
1476	132.919792	G3	55	69	1480	111.500000	G3	55	80	
1477	133.044792	A4	69	64	1481	111.625000	A4	69	80	
1478	133.063542	F#3	54	69	1482	111.625000	F#3	54	80	
1479	133.193750	Bb4	70	76	1483	111.750000	Bb4	70	80	
1480	133.209375	G3	55	71	1484	111.750000	G3	55	80	
1481	133.343750	C5	72	84	1485	111.875000	C5	72	80	
1482	133.504167	G3	55	80	1487	112.000000	G3	55	80	
1483	133.504167	D5	74	82	1486	112.000000	D5	74	80	
1484	133.653125	C5	72	86	1488	112.125000	C5	72	80	
1485	133.668750	A3	57	79	1489	112.125000	A3	57	80	
1486	133.814583	Bb3	58	81	1491	112.250000	Bb3	58	80	
1487	133.814583	D5	74	83	1490	112.250000	D5	74	80	
1488	133.955208	C4	60	77	1493	112.375000	C4	60	80	
1489	133.957292	Eb5	75	86	1492	112.375000	Eb5	75	80	
1490	134.098958	D4	62	84	1495	112.500000	D4	62	80	
1491	134.108333	A4	69	88	1494	112.500000	A4	69	80	
1492	134.243750	E4	64	81	1496	112.625000	E4	64	80	
1493	134.255208	C#4	61	76	1497	112.625000	C#4	61	80	
1494	134.411458	F3	53	85	1500	112.750000	F3	53	80	
1495	134.411458	D4	62	87	1499	112.750000	D4	62	80	
1496	134.411458	F4	65	78	1498	112.750000	F4	65	80	
1497	134.555208	G4	67	80	1501	112.875000	G4	67	80	
1498	134.706250	F3	53	89	1503	113.000000	F3	53	80	
1499	134.708333	A4	69	87	1502	113.000000	A4	69	80	
1500	134.847917	Bb4	70	83	1504	113.125000	Bb4	70	80	
1501	134.853125	G4	67	71	1505	113.125000	G4	67	80	
1502	134.985417	A3	57	88	1508	113.250000	A3	57	80	
1503	134.995833	A4	69	85	1507	113.250000	A4	69	80	
1504	134.995833	C5	72	87	1506	113.250000	C5	72	80	
1505	135.125000	B3	59	82	1510	113.375000	B3	59	80	
1506	135.141667	D5	74	83	1509	113.375000	D5	74	80	
1507	135.292708	C4	60	89	1512	113.500000	C4	60	80	
1508	135.294792	Eb5	75	87	1511	113.500000	Eb5	75	80	
1509	135.443750	B3	59	79	1514	113.625000	B3	59	80	
1510	135.458333	D5	74	88	1513	113.625000	D5	74	80	
1511	135.588542	G#4	68	97	1516	113.750000	G#4	68	80	
1512	135.593750	C4	60	88	1517	113.750000	C4	60	80	
1513	135.593750	Eb5	75	85	1515	113.750000	Eb5	75	80	
1514	135.745833	F5	77	85	1518	113.875000	F5	77	80	
1515	135.884375	D4	62	75	1521	114.000000	D4	62	80	
1516	135.896875	G4	67	90	1520	114.000000	G4	67	80	
1517	135.896875	B4	71	86	1519	114.000000	B4	71	80	
1518	135.931250	C5	72	41	*	-1	*	-1	-1	
1519	136.026042	B2	47	84	1523	114.125000	B2	47	80	
1520	136.041667	G4	67	88	1522	114.125000	G4	67	80	
1521	136.192708	A4	69	88	1524	114.250000	A4	69	80	
1522	136.194792	C3	48	80	1525	114.250000	C3	48	80	
1523	136.342708	B4	71	88	1526	114.375000	B4	71	80	
1524	136.354167	D3	50	84	1527	114.375000	D3	50	80	
1525	136.488542	Eb3	51	88	1529	114.500000	Eb3	51	80	
1526	136.493750	C5	72	94	1528	114.500000	C5	72	80	
1527	136.635417	D3	50	85	1531	114.625000	D3	50	80	
1528	136.644792	Bb4	70	93	1530	114.625000	B4	71	80	
1529	136.773958	Eb3	51	78	1533	114.750000	Eb3	51	80	
1530	136.780208	C5	72	89	1532	114.750000	C5	72	80	
1531	136.914583	D4	62	78	1535	114.875000	D4	62	80	
1532	136.919792	A4	69	78	1534	114.875000	Bb4	70	80	
1533	137.066667	C4	60	68	1538	115.000000	C4	60	80	
1534	137.083333	Eb3	51	85	1539	115.000000	Eb3	51	80	
1535	137.083333	B3	59	65	*	-1	*	-1	-1	
1536	137.083333	A4	69	89	1537	115.000000	A4	69	80	
1537	137.083333	C5	72	95	1536	115.000000	C5	72	80	
1538	137.214583	G4	67	81	1540	115.125000	G4	67	80	
1539	137.234375	Bb3	58	77	1541	115.125000	Bb3	58	80	
1540	137.372917	A4	69	91	1543	115.250000	A4	69	80	
1541	137.377083	C4	60	95	1544	115.250000	C4	60	80	
1542	137.382292	C5	72	93	1542	115.250000	C5	72	80	
1543	137.515625	Bb3	58	84	1546	115.375000	Bb3	58	80	
1544	137.536458	G4	67	76	1545	115.375000	G4	67	80	
1545	137.708333	F#4	66	97	1548	115.500000	F#4	66	80	
1546	137.712500	A3	57	98	1549	115.500000	A3	57	80	
1547	137.712500	C5	72	97	1547	115.500000	C5	72	80	
1548	138.676042	Eb3	51	100	1553	116.250000	Eb3	51	80	
1549	138.676042	C4	60	104	1552	116.250000	C4	60	80	
1550	138.676042	F#5	78	102	1550	116.250000	F#5	78	80	
1551	138.680208	A4	69	96	1551	116.250000	A4	69	80	
1552	139.067708	D4	62	101	1556	116.500000	D4	62	80	
1553	139.071875	D3	50	91	1557	116.500000	D3	50	80	
1554	139.076042	Bb4	70	103	1555	116.500000	Bb4	70	80	
1555	139.082292	G5	79	101	1554	116.500000	G5	79	80	
1556	139.866667	Bb5	82	89	1558	117.125000	Bb5	82	80	
1557	140.034375	A5	81	95	1559	117.250000	A5	81	80	
1558	140.045833	C#3	49	96	1560	117.250000	C#3	49	80	
1559	140.198958	G5	79	93	1561	117.375000	G5	79	80	
1560	140.342708	D3	50	93	1563	117.500000	D3	50	80	
1561	140.347917	F#5	78	98	1562	117.500000	F#5	78	80	
1562	140.477083	A3	57	90	1565	117.625000	A3	57	80	
1563	140.488542	E5	76	100	1564	117.625000	E5	76	80	
1564	140.634375	D5	74	89	1566	117.750000	D5	74	80	
1565	140.638542	Bb3	58	82	1567	117.750000	Bb3	58	80	
1566	140.760417	C5	72	89	1568	117.875000	C5	72	80	
1567	140.767708	C4	60	93	1569	117.875000	C4	60	80	
1568	140.913542	Bb4	70	88	1570	118.000000	Bb4	70	80	
1569	140.917708	D4	62	92	1571	118.000000	D4	62	80	
1570	140.990625	B4	71	17	*	-1	*	-1	-1	
1571	141.043750	Bb2	46	82	*	-1	*	-1	-1	
1572	141.069792	A4	69	76	1572	118.125000	A4	69	80	
1573	141.197917	G4	67	78	1573	118.250000	G4	67	80	
1574	141.202083	C#3	49	34	*	-1	*	-1	-1	
1575	141.213542	C3	48	72	1574	118.250000	D3	50	80	
1576	141.331250	F#4	66	85	1575	118.375000	F#4	66	80	
1577	141.468750	Eb3	51	91	1577	118.500000	Eb3	51	80	
1578	141.472917	G4	67	90	1576	118.500000	G4	67	80	
1579	141.616667	B3	59	78	1578	118.625000	B3	59	80	
1580	141.627083	G3	55	74	1579	118.625000	G3	55	80	
1581	141.755208	C4	60	77	1580	118.750000	C4	60	80	
1582	141.759375	A3	57	79	1581	118.750000	A3	57	80	
1583	141.885417	D4	62	71	1582	118.875000	D4	62	80	
1584	141.889583	B3	59	81	1583	118.875000	B3	59	80	
1585	142.032292	C3	48	97	1586	119.000000	C3	48	80	
1586	142.044792	C4	60	78	1585	119.000000	C4	60	80	
1587	142.044792	Eb4	63	75	1584	119.000000	Eb4	63	80	
1588	142.187500	B3	59	71	1588	119.125000	B3	59	80	
1589	142.187500	D4	62	78	1587	119.125000	D4	62	80	
1590	142.345833	C4	60	76	1590	119.250000	C4	60	80	
1591	142.350000	Eb4	63	71	1589	119.250000	Eb4	63	80	
1592	142.631250	C4	60	85	1592	119.500000	C4	60	80	
1593	142.635417	Eb4	63	86	1591	119.500000	Eb4	63	80	
1594	142.795833	A2	45	89	1593	119.625000	A2	45	80	
1595	142.942708	B2	47	89	1594	119.750000	B2	47	80	
1596	143.073958	C3	48	89	1595	119.875000	C3	48	80	
1597	143.208333	D3	50	96	1596	120.000000	D3	50	80	
1598	143.361458	A3	57	85	1598	120.125000	A3	57	80	
1599	143.361458	C4	60	85	1597	120.125000	C4	60	80	
1600	143.491667	B3	59	84	1600	120.250000	B3	59	80	
1601	143.501042	D4	62	84	1599	120.250000	D4	62	80	
1602	143.635417	C4	60	77	1602	120.375000	C4	60	80	
1603	143.635417	Eb4	63	83	1601	120.375000	Eb4	63	80	
1604	143.785417	D4	62	91	1604	120.500000	D4	62	80	
1605	143.785417	F4	65	78	1603	120.500000	F4	65	80	
1606	143.790625	B2	47	89	1605	120.500000	B2	47	80	
1607	143.947917	C4	60	70	1607	120.625000	C4	60	80	
1608	143.947917	Eb4	63	76	1606	120.625000	Eb4	63	80	
1609	144.087500	D4	62	84	1609	120.750000	D4	62	80	
1610	144.087500	F4	65	70	1608	120.750000	F4	65	80	
1611	144.394792	F4	65	78	1610	121.000000	F4	65	80	
1612	144.404167	D4	62	86	1611	121.000000	D4	62	80	
1613	144.547917	G2	43	93	1612	121.125000	G2	43	80	
1614	144.695833	A2	45	91	1613	121.250000	A2	45	80	
1615	144.837500	B2	47	91	1614	121.375000	B2	47	80	
1616	144.987500	C3	48	99	1615	121.500000	C3	48	80	
1617	145.326042	C3	48	52	1618	121.750000	C3	48	80	
1618	145.329167	G#4	68	76	1616	121.750000	G#4	68	80	
1619	145.350000	F4	65	62	1617	121.750000	F4	65	80	
1620	145.487500	D5	74	78	1619	121.875000	D5	74	80	
1621	145.631250	G4	67	82	1620	122.000000	G4	67	80	
1622	145.635417	Eb4	63	83	1621	122.000000	Eb4	63	80	
1623	145.643750	C3	48	72	1622	122.000000	C3	48	80	
1624	145.786458	C5	72	90	1623	122.125000	C5	72	80	
1625	145.930208	D4	62	86	1625	122.250000	D4	62	80	
1626	145.935417	C3	48	86	1626	122.250000	C3	48	80	
1627	145.935417	F4	65	85	1624	122.250000	F4	65	80	
1628	146.069792	Bb4	70	90	1627	122.375000	Bb4	70	80	
1629	146.231250	C4	60	95	1629	122.500000	C4	60	80	
1630	146.236458	C3	48	95	1630	122.500000	C3	48	80	
1631	146.236458	Eb4	63	93	1628	122.500000	Eb4	63	80	
1632	146.400000	A4	69	68	1631	122.625000	A4	69	80	
1633	146.538542	C3	48	92	1633	122.750000	C3	48	80	
1634	146.538542	Bb3	58	97	1632	122.750000	Bb3	58	80	
1635	146.712500	G4	67	65	1634	122.875000	G4	67	80	
1636	146.858333	A3	57	94	1637	123.000000	A3	57	80	
1637	146.858333	F#4	66	91	1635	123.000000	F#4	66	80	
1638	146.862500	D4	62	89	1636	123.000000	D4	62	80	
1639	146.871875	C3	48	75	1638	123.000000	C3	48	80	
1640	147.286458	Bb2	46	80	1640	123.250000	Bb2	46	80	
1641	147.286458	C5	72	97	1639	123.250000	C5	72	80	
1642	147.551042	D5	74	80	1641	123.375000	D5	74	80	
1643	147.557292	A2	45	68	1642	123.375000	A2	45	80	
1644	147.616667	Eb5	75	86	1643	123.437500	Eb5	75	80	
1645	147.671875	D5	74	87	1644	123.500000	D5	74	80	
1646	147.679167	Bb2	46	84	1645	123.500000	Bb2	46	80	
1647	148.076042	G4	67	91	1646	123.750000	G4	67	80	
1648	148.084375	C3	48	78	1649	123.750000	C3	48	80	
1649	148.084375	Bb3	58	82	1648	123.750000	Bb3	58	80	
1650	148.088542	Eb4	63	88	1647	123.750000	Eb4	63	80	
1651	148.530208	D3	50	76	1652	124.000000	D3	50	80	
1652	148.530208	A3	57	89	1651	124.000000	A3	57	80	
1653	148.530208	D4	62	85	1650	124.000000	D4	62	80	
1654	148.765625	Bb3	58	93	1653	124.125000	Bb3	58	80	
1655	149.088542	C4	60	89	1655	124.250000	C4	60	80	
1656	149.092708	F#4	66	92	1654	124.250000	F#4	66	80	
1657	149.103125	D2	38	76	1656	124.250000	D2	38	80	
1658	149.676042	D4	62	87	*	-1	*	-1	-1	
1659	149.680208	G4	67	91	1657	124.500000	G4	67	80	
1660	149.685417	G2	43	80	1658	124.500000	G2	43	80	
1661	150.465625	B3	59	88	1659	124.750000	B3	59	80	
*	-1	*	-1	-1	88	13.750000	C4	60	80	
*	-1	*	-1	-1	107	15.250000	Bb3	58	80	
*	-1	*	-1	-1	152	18.500000	G3	55	80	
*	-1	*	-1	-1	172	19.750000	G4	67	80	
*	-1	*	-1	-1	193	21.250000	F4	65	80	
*	-1	*	-1	-1	232	23.875000	D4	62	80	
*	-1	*	-1	-1	313	29.875000	C5	72	80	
*	-1	*	-1	-1	397	36.000000	C4	60	80	
*	-1	*	-1	-1	418	37.500000	D5	74	80	
*	-1	*	-1	-1	439	39.000000	A4	69	80	
*	-1	*	-1	-1	455	40.000000	C#4	61	80	
*	-1	*	-1	-1	461	40.500000	D4	62	80	
*	-1	*	-1	-1	571	47.750000	D5	74	80	
*	-1	*	-1	-1	594	49.250000	C5	72	80	
*	-1	*	-1	-1	617	50.750000	Bb4	70	80	
*	-1	*	-1	-1	1249	94.250000	D3	50	80	
*	-1	*	-1	-1	1372	103.250000	Bb4	70	80	
*	-1	*	-1	-1	1374	103.250000	G3	55	80	
*	-1	*	-1	-1	1394	104.750000	A4	69	80	
*	-1	*	-1	-1	1396	104.750000	F3	53	80	
*	-1	*	-1	-1	1416	106.250000	G4	67	80	
