// alignID alignOntime alignSitch alignPitch alignOnvel refID refOntime refSitch refPitch refOnvel
0	1.020833	F3	53	44	1	0.000000	F3	53	80	
1	1.034375	F5	77	57	0	0.000000	F5	77	80	
2	1.178125	C5	72	57	2	0.125000	C5	72	80	
3	1.273958	A3	57	58	4	0.250000	A3	57	80	
4	1.290625	A4	69	57	3	0.250000	A4	69	80	
5	1.410417	G4	67	56	5	0.375000	G4	67	80	
6	1.527083	C4	60	53	7	0.500000	C4	60	80	
7	1.531250	A4	69	64	6	0.500000	A4	69	80	
8	1.641667	C5	72	69	8	0.625000	C5	72	80	
9	1.759375	A3	57	57	10	0.750000	A3	57	80	
10	1.766667	F4	65	59	9	0.750000	F4	65	80	
11	1.865625	A4	69	61	11	0.875000	A4	69	80	
12	1.985417	C5	72	68	12	1.000000	C5	72	80	
13	2.008333	F3	53	54	13	1.000000	F3	53	80	
14	2.088542	Eb5	75	72	14	1.125000	Eb5	75	80	
15	2.232292	D5	74	68	15	1.250000	D5	74	80	
16	2.237500	A3	57	64	16	1.250000	A3	57	80	
17	2.339583	C5	72	72	17	1.375000	C5	72	80	
18	2.469792	D5	74	74	18	1.500000	D5	74	80	
19	2.479167	Bb3	58	59	19	1.500000	Bb3	58	80	
20	2.594792	Bb4	70	70	20	1.625000	Bb4	70	80	
21	2.708333	F4	65	68	21	1.750000	F4	65	80	
22	2.717708	D4	62	59	22	1.750000	D4	62	80	
23	2.829167	E4	64	70	23	1.875000	E4	64	80	
24	2.928125	Bb3	58	60	25	2.000000	Bb3	58	80	
25	2.954167	F4	65	69	24	2.000000	F4	65	80	
26	3.063542	Bb4	70	68	26	2.125000	Bb4	70	80	
27	3.201042	D4	62	60	27	2.250000	D4	62	80	
28	3.231250	F2	41	36	28	2.250000	F2	41	80	
29	3.312500	F4	65	61	29	2.375000	F4	65	80	
30	3.440625	A4	69	65	30	2.500000	A4	69	80	
31	3.546875	C5	72	72	31	2.625000	C5	72	80	
32	3.673958	Bb4	70	68	32	2.750000	Bb4	70	80	
33	3.782292	A4	69	61	33	2.875000	A4	69	80	
34	3.910417	F3	53	60	35	3.000000	F3	53	80	
35	3.922917	Bb4	70	62	34	3.000000	Bb4	70	80	
36	4.029167	G4	67	63	36	3.125000	G4	67	80	
37	4.160417	E4	64	57	37	3.250000	E4	64	80	
38	4.162500	G3	55	61	38	3.250000	G3	55	80	
39	4.262500	D4	62	58	39	3.375000	D4	62	80	
40	4.391667	Bb3	58	67	41	3.500000	Bb3	58	80	
41	4.411458	E4	64	63	40	3.500000	E4	64	80	
42	4.506250	G4	67	65	42	3.625000	G4	67	80	
43	4.639583	G3	55	60	44	3.750000	G3	55	80	
44	4.650000	C4	60	60	43	3.750000	C4	60	80	
45	4.748958	E4	64	65	45	3.875000	E4	64	80	
46	4.875000	E3	52	64	47	4.000000	E3	52	80	
47	4.880208	G4	67	63	46	4.000000	G4	67	80	
48	4.979167	Bb4	70	71	48	4.125000	Bb4	70	80	
49	5.106250	C3	48	62	50	4.250000	C3	48	80	
50	5.108333	A4	69	65	49	4.250000	A4	69	80	
51	5.232292	G4	67	66	51	4.375000	G4	67	80	
52	5.358333	F3	53	63	53	4.500000	F3	53	80	
53	5.367708	A4	69	63	52	4.500000	A4	69	80	
54	5.483333	G4	67	63	54	4.625000	G4	67	80	
55	5.595833	F4	65	68	55	4.750000	F4	65	80	
56	5.612500	A3	57	59	56	4.750000	A3	57	80	
57	5.715625	E4	64	62	57	4.875000	E4	64	80	
58	5.832292	F3	53	59	59	5.000000	F3	53	80	
59	5.842708	F4	65	67	58	5.000000	F4	65	80	
60	5.961458	A4	69	56	60	5.125000	A4	69	80	
61	6.098958	F2	41	51	62	5.250000	F2	41	80	
62	6.098958	C4	60	56	61	5.250000	C4	60	80	
63	6.213542	E4	64	62	63	5.375000	E4	64	80	
64	6.344792	F4	65	62	64	5.500000	F4	65	80	
65	6.442708	A4	69	68	65	5.625000	A4	69	80	
66	6.558333	G4	67	64	66	5.750000	G4	67	80	
67	6.673958	F4	65	60	67	5.875000	F4	65	80	
68	6.815625	F3	53	53	70	6.000000	F3	53	80	
69	6.822917	A4	69	61	68	6.000000	A4	69	80	
70	6.888542	B4	71	63	72	6.123958	B4	71	80	
71	6.941667	D3	50	52	74	6.125000	D3	50	80	
72	6.961458	C5	72	64	76	6.248958	C5	72	80	
73	7.048958	B4	71	58	80	6.375000	B4	71	80	
74	7.067708	B2	47	58	78	6.250000	B2	47	80	
75	7.119792	C5	72	61	84	6.498958	C5	72	80	
76	7.175000	A2	45	55	82	6.375000	A2	45	80	
77	7.194792	B4	71	61	87	6.562500	B4	71	80	
78	7.266667	C5	72	66	89	6.625000	C5	72	80	
79	7.303125	B2	47	62	86	6.500000	B2	47	80	
80	7.336458	B4	71	64	91	6.687500	B4	71	80	
81	7.402083	C5	72	70	92	6.750000	C5	72	80	
82	7.406250	D3	50	60	90	6.625000	D3	50	80	
83	7.478125	B4	71	65	95	6.812500	B4	71	80	
84	7.547917	C5	72	69	97	6.875000	C5	72	80	
85	7.567708	G2	43	62	94	6.750000	G2	43	80	
86	7.619792	B4	71	63	99	6.937500	B4	71	80	
87	7.683333	C5	72	65	100	6.998958	C5	72	80	
88	7.701042	B2	47	62	98	6.875000	B2	47	80	
89	7.754167	B4	71	61	103	7.062500	B4	71	80	
90	7.812500	D3	50	69	102	7.000000	D3	50	80	
91	7.821875	C5	72	66	105	7.125000	C5	72	80	
92	7.895833	B4	71	62	107	7.187500	B4	71	80	
93	7.921875	F3	53	69	106	7.125000	F3	53	80	
94	7.952083	C5	72	68	108	7.248958	C5	72	80	
95	8.027083	B4	71	60	111	7.312500	B4	71	80	
96	8.031250	E3	52	65	110	7.250000	E3	52	80	
97	8.118750	A4	69	62	113	7.375000	A4	69	80	
98	8.121875	D3	50	54	114	7.375000	D3	50	80	
99	8.180208	B4	71	67	115	7.437500	B4	71	80	
100	8.278125	D3	50	65	117	7.500000	D3	50	80	
101	8.294792	C5	72	79	116	7.500000	C5	72	80	
102	8.378125	E3	52	61	120	7.623958	E3	52	80	
103	8.431250	G4	67	69	121	7.625000	G4	67	80	
104	8.472917	F3	53	56	124	7.748958	F3	53	80	
105	8.546875	E4	64	78	125	7.750000	E4	64	80	
106	8.560417	E3	52	59	129	7.875000	E3	52	80	
107	8.658333	F3	53	54	132	7.998958	F3	53	80	
108	8.676042	D4	62	74	128	7.875000	D4	62	80	
109	8.741667	E3	52	57	136	8.123958	E3	52	80	
110	8.805208	E4	64	78	133	8.000000	E4	64	80	
111	8.844792	F3	53	55	141	8.250000	F3	53	80	
112	8.917708	E3	52	54	144	8.373958	E3	52	80	
113	8.929167	G4	67	70	137	8.125000	G4	67	80	
114	9.015625	F3	53	58	148	8.498958	F3	53	80	
115	9.058333	C4	60	68	140	8.250000	C4	60	80	
116	9.090625	E3	52	56	151	8.562500	E3	52	80	
117	9.171875	E4	64	72	145	8.375000	E4	64	80	
118	9.181250	F3	53	54	154	8.625000	F3	53	80	
119	9.271875	E3	52	58	155	8.687500	E3	52	80	
120	9.292708	G4	67	72	149	8.500000	G4	67	80	
121	9.348958	F3	53	36	156	8.748958	F3	53	80	
122	9.407292	Bb4	70	74	152	8.625000	Bb4	70	80	
123	9.501042	D3	50	50	162	8.875000	D3	50	80	
124	9.514583	A4	69	69	157	8.750000	A4	69	80	
125	9.608333	E3	52	59	163	8.937500	E3	52	80	
126	9.634375	G4	67	74	161	8.875000	G4	67	80	
127	9.761458	G3	55	64	166	9.000000	G3	55	80	
128	9.802083	D5	74	71	164	9.000000	D5	74	80	
129	9.854167	C#5	73	71	167	9.062500	C#5	73	80	
130	9.893750	E3	52	73	169	9.125000	E3	52	80	
131	9.927083	B4	71	77	168	9.125000	B4	71	80	
132	9.991667	C#5	73	64	170	9.187500	C#5	73	80	
133	10.018750	C#3	49	71	172	9.250000	C#3	49	80	
134	10.064583	D5	74	70	171	9.250000	D5	74	80	
135	10.146875	C#5	73	73	174	9.375000	C#5	73	80	
136	10.156250	B2	47	69	176	9.375000	B2	47	80	
137	10.221875	D5	74	53	178	9.498958	D5	74	80	
138	10.276042	C#3	49	71	180	9.500000	C#3	49	80	
139	10.289583	C#5	73	70	182	9.623958	C#5	73	80	
140	10.364583	D5	74	62	186	9.750000	D5	74	80	
141	10.403125	E3	52	71	184	9.625000	E3	52	80	
142	10.439583	C#5	73	77	189	9.812500	C#5	73	80	
143	10.517708	D5	74	66	191	9.875000	D5	74	80	
144	10.556250	A2	45	69	188	9.750000	A2	45	80	
145	10.581250	C#5	73	73	193	9.937500	C#5	73	80	
146	10.657292	D5	74	60	194	9.998958	D5	74	80	
147	10.680208	C#3	49	66	192	9.875000	C#3	49	80	
148	10.729167	C#5	73	76	197	10.062500	C#5	73	80	
149	10.788542	E3	52	73	196	10.000000	E3	52	80	
150	10.806250	D5	74	59	199	10.125000	D5	74	80	
151	10.876042	C#5	73	69	201	10.187500	C#5	73	80	
152	10.903125	G3	55	75	200	10.125000	G3	55	80	
153	10.998958	C#5	73	78	205	10.312500	C#5	73	80	
154	11.011458	F3	53	71	204	10.250000	F3	53	80	
155	11.084375	B4	71	74	207	10.375000	B4	71	80	
156	11.120833	E3	52	64	208	10.375000	E3	52	80	
157	11.163542	C#5	73	75	209	10.437500	C#5	73	80	
158	11.259375	E3	52	63	211	10.500000	E3	52	80	
159	11.264583	D5	74	78	210	10.500000	D5	74	80	
160	11.351042	F3	53	63	213	10.562500	F3	53	80	
161	11.401042	A4	69	68	215	10.625000	A4	69	80	
162	11.452083	G3	55	61	216	10.625000	G3	55	80	
163	11.515625	F4	65	74	219	10.750000	F4	65	80	
164	11.532292	F3	53	63	217	10.687500	F3	53	80	
165	11.646875	G3	55	60	218	10.748958	G3	55	80	
166	11.652083	E4	64	77	222	10.875000	E4	64	80	
167	11.720833	F3	53	59	221	10.812500	F3	53	80	
168	11.773958	F4	65	75	227	11.000000	F4	65	80	
169	11.830208	G3	55	58	224	10.875000	G3	55	80	
170	11.901042	F3	53	51	225	10.937500	F3	53	80	
171	11.901042	A4	69	70	231	11.125000	A4	69	80	
172	12.010417	G3	55	60	226	10.998958	G3	55	80	
173	12.042708	D4	62	75	234	11.250000	D4	62	80	
174	12.082292	F3	53	55	229	11.062500	F3	53	80	
175	12.157292	F4	65	70	239	11.375000	F4	65	80	
176	12.186458	G3	55	54	232	11.125000	G3	55	80	
177	12.254167	F3	53	55	233	11.187500	F3	53	80	
178	12.290625	A4	69	72	243	11.500000	A4	69	80	
179	12.351042	G3	55	55	235	11.250000	G3	55	80	
180	12.402083	C5	72	75	246	11.625000	C5	72	80	
181	12.429167	F3	53	59	237	11.312500	F3	53	80	
182	12.529167	G3	55	60	240	11.375000	G3	55	80	
183	12.533333	Bb4	70	73	251	11.750000	Bb4	70	80	
184	12.608333	E3	52	43	241	11.437500	F3	53	80	
185	12.656250	A4	69	63	255	11.875000	A4	69	80	
186	12.666667	F3	53	63	245	11.562500	F3	53	80	
187	12.787500	G3	55	66	248	11.625000	G3	55	80	
188	12.791667	Bb4	70	69	258	12.000000	Bb4	70	80	
189	12.926042	G4	67	64	260	12.125000	G4	67	80	
190	13.044792	E4	64	71	261	12.250000	E4	64	80	
191	13.063542	Bb3	58	68	262	12.250000	Bb3	58	80	
192	13.181250	D4	62	64	263	12.375000	D4	62	80	
193	13.317708	G3	55	62	265	12.500000	G3	55	80	
194	13.317708	E4	64	71	264	12.500000	E4	64	80	
195	13.451042	G4	67	61	266	12.625000	G4	67	80	
196	13.576042	E3	52	64	268	12.750000	E3	52	80	
197	13.590625	C4	60	62	267	12.750000	C4	60	80	
198	13.703125	E4	64	67	269	12.875000	E4	64	80	
199	13.819792	C3	48	68	271	13.000000	C3	48	80	
200	13.831250	G4	67	70	270	13.000000	G4	67	80	
201	13.952083	Bb4	70	68	272	13.125000	Bb4	70	80	
202	14.065625	E3	52	75	274	13.250000	E3	52	80	
203	14.072917	A4	69	68	273	13.250000	A4	69	80	
204	14.204167	G4	67	69	275	13.375000	G4	67	80	
205	14.339583	F3	53	72	277	13.500000	F3	53	80	
206	14.348958	A4	69	72	276	13.500000	A4	69	80	
207	14.475000	F4	65	62	278	13.625000	F4	65	80	
208	14.613542	A3	57	69	280	13.750000	A3	57	80	
209	14.613542	D4	62	66	279	13.750000	D4	62	80	
210	14.731250	C#4	61	67	281	13.875000	C#4	61	80	
211	14.858333	F3	53	67	283	14.000000	F3	53	80	
212	14.866667	D4	62	73	282	14.000000	D4	62	80	
213	14.975000	F4	65	72	284	14.125000	F4	65	80	
214	15.119792	D3	50	66	286	14.250000	D3	50	80	
215	15.131250	Bb3	58	67	285	14.250000	Bb3	58	80	
216	15.240625	D4	62	65	287	14.375000	D4	62	80	
217	15.379167	Bb2	46	63	289	14.500000	Bb2	46	80	
218	15.379167	F4	65	69	288	14.500000	F4	65	80	
219	15.489583	A4	69	66	290	14.625000	A4	69	80	
220	15.626042	G4	67	70	291	14.750000	G4	67	80	
221	15.630208	D3	50	64	292	14.750000	D3	50	80	
222	15.748958	F4	65	66	293	14.875000	F4	65	80	
223	15.893750	E3	52	64	295	15.000000	E3	52	80	
224	15.893750	G4	67	68	294	15.000000	G4	67	80	
225	16.014583	E4	64	68	296	15.125000	E4	64	80	
226	16.140625	C#4	61	65	297	15.250000	C#4	61	80	
227	16.154167	G3	55	63	298	15.250000	G3	55	80	
228	16.278125	B3	59	63	299	15.375000	B3	59	80	
229	16.391667	E3	52	69	301	15.500000	E3	52	80	
230	16.405208	C#4	61	66	300	15.500000	C#4	61	80	
231	16.528125	E4	64	69	302	15.625000	E4	64	80	
232	16.655208	C#3	49	63	304	15.750000	C#3	49	80	
233	16.675000	A3	57	65	303	15.750000	A3	57	80	
234	16.784375	C#4	61	59	305	15.875000	C#4	61	80	
235	16.913542	A2	45	57	307	16.000000	A2	45	80	
236	16.913542	E4	64	72	306	16.000000	E4	64	80	
237	17.021875	G4	67	68	308	16.125000	G4	67	80	
238	17.173958	C#3	49	60	310	16.250000	C#3	49	80	
239	17.173958	F4	65	61	309	16.250000	F4	65	80	
240	17.289583	E4	64	65	311	16.375000	E4	64	80	
241	17.440625	D3	50	52	313	16.500000	D3	50	80	
242	17.450000	F4	65	60	312	16.500000	F4	65	80	
243	17.596875	A2	45	43	314	16.625000	A2	45	80	
244	17.710417	A4	69	65	315	16.750000	A4	69	80	
245	17.715625	F2	41	61	316	16.750000	F2	41	80	
246	17.847917	E2	40	46	317	16.875000	E2	40	80	
247	17.961458	F2	41	57	319	17.000000	F2	41	80	
248	17.969792	D5	74	71	318	17.000000	D5	74	80	
249	18.071875	A2	45	55	320	17.125000	A2	45	80	
250	18.216667	A4	69	69	321	17.250000	A4	69	80	
251	18.220833	D2	38	51	322	17.250000	D2	38	80	
252	18.330208	F2	41	55	323	17.375000	F2	41	80	
253	18.441667	A2	45	55	325	17.500000	A2	45	80	
254	18.471875	F4	65	70	324	17.500000	F4	65	80	
255	18.565625	C3	48	57	326	17.625000	C3	48	80	
256	18.707292	Bb2	46	60	328	17.750000	Bb2	46	80	
257	18.717708	D4	62	68	327	17.750000	D4	62	80	
258	18.827083	A2	45	56	329	17.875000	A2	45	80	
259	18.969792	D3	50	55	331	18.000000	D3	50	80	
260	18.980208	G4	67	71	330	18.000000	G4	67	80	
261	19.094792	Bb2	46	60	332	18.125000	Bb2	46	80	
262	19.221875	G2	43	66	334	18.250000	G2	43	80	
263	19.236458	Bb4	70	78	333	18.250000	Bb4	70	80	
264	19.340625	F#2	42	61	335	18.375000	F#2	42	80	
265	19.479167	G2	43	61	337	18.500000	G2	43	80	
266	19.498958	D5	74	78	336	18.500000	D5	74	80	
267	19.606250	Bb2	46	64	338	18.625000	Bb2	46	80	
268	19.745833	D2	38	63	340	18.750000	D2	38	80	
269	19.755208	Bb4	70	81	339	18.750000	Bb4	70	80	
270	19.876042	G2	43	60	341	18.875000	G2	43	80	
271	20.015625	G4	67	81	342	19.000000	G4	67	80	
272	20.019792	Bb2	46	67	343	19.000000	Bb2	46	80	
273	20.127083	D3	50	64	344	19.125000	D3	50	80	
274	20.256250	C#3	49	63	346	19.250000	C#3	49	80	
275	20.275000	D4	62	75	345	19.250000	D4	62	80	
276	20.364583	B2	47	65	347	19.375000	B2	47	80	
277	20.523958	C#3	49	64	349	19.500000	C#3	49	80	
278	20.537500	G4	67	78	348	19.500000	G4	67	80	
279	20.661458	Bb2	46	68	350	19.625000	Bb2	46	80	
280	20.780208	G#2	44	74	352	19.750000	G2	43	80	
281	20.800000	C#5	73	85	351	19.750000	C#5	73	80	
282	20.905208	F#2	42	65	353	19.875000	F#2	42	80	
283	21.029167	G2	43	55	355	20.000000	G2	43	80	
284	21.046875	E5	76	82	354	20.000000	E5	76	80	
285	21.157292	Bb2	46	65	356	20.125000	Bb2	46	80	
286	21.297917	C#5	73	83	357	20.250000	C#5	73	80	
287	21.305208	D2	38	62	358	20.250000	D2	38	80	
288	21.421875	G2	43	65	359	20.375000	G2	43	80	
289	21.571875	G4	67	83	360	20.500000	G4	67	80	
290	21.576042	C#3	49	66	361	20.500000	C#3	49	80	
291	21.670833	E3	52	64	362	20.625000	E3	52	80	
292	21.817708	D3	50	65	364	20.750000	D3	50	80	
293	21.839583	E4	64	79	363	20.750000	E4	64	80	
294	21.872917	E3	52	17	*	-1	*	-1	-1	
295	21.935417	C#3	49	65	365	20.875000	C#3	49	80	
296	22.102083	D3	50	67	367	21.000000	D3	50	80	
297	22.109375	D5	74	68	366	21.000000	D5	74	80	
298	22.236458	A4	69	61	368	21.125000	A4	69	80	
299	22.359375	F4	65	67	369	21.250000	F4	65	80	
300	22.375000	F3	53	66	370	21.250000	F3	53	80	
301	22.489583	E4	64	71	371	21.375000	E4	64	80	
302	22.616667	F4	65	76	372	21.500000	F4	65	80	
303	22.623958	A3	57	75	373	21.500000	A3	57	80	
304	22.728125	A4	69	72	374	21.625000	A4	69	80	
305	22.880208	F3	53	77	376	21.750000	F3	53	80	
306	22.880208	D4	62	72	375	21.750000	D4	62	80	
307	22.984375	F4	65	73	377	21.875000	F4	65	80	
308	23.120833	A4	69	77	378	22.000000	A4	69	80	
309	23.138542	D3	50	73	379	22.000000	D3	50	80	
310	23.234375	C5	72	78	380	22.125000	C5	72	80	
311	23.376042	F3	53	76	382	22.250000	F3	53	80	
312	23.380208	Bb4	70	76	381	22.250000	Bb4	70	80	
313	23.489583	A4	69	73	383	22.375000	A4	69	80	
314	23.644792	F5	77	74	384	22.500000	F5	77	80	
315	23.648958	D2	38	69	385	22.500000	D2	38	80	
316	23.775000	D5	74	77	386	22.625000	D5	74	80	
317	23.890625	F2	41	81	388	22.750000	F2	41	80	
318	23.914583	Bb4	70	82	387	22.750000	Bb4	70	80	
319	24.032292	A4	69	74	389	22.875000	A4	69	80	
320	24.147917	Bb2	46	81	391	23.000000	Bb2	46	80	
321	24.171875	Bb4	70	83	390	23.000000	Bb4	70	80	
322	24.294792	D5	74	74	392	23.125000	D5	74	80	
323	24.426042	D3	50	75	394	23.250000	D3	50	80	
324	24.446875	F4	65	71	393	23.250000	F4	65	80	
325	24.568750	Bb4	70	79	395	23.375000	Bb4	70	80	
326	24.695833	D5	74	84	396	23.500000	D5	74	80	
327	24.813542	F5	77	86	397	23.625000	F5	77	80	
328	24.945833	E5	76	80	398	23.750000	E5	76	80	
329	25.045833	D5	74	81	399	23.875000	D5	74	80	
330	25.207292	D4	62	67	402	24.000000	D4	62	80	
331	25.223958	A5	81	71	400	24.000000	A5	81	80	
332	25.256250	G#5	80	74	403	24.062500	G#5	80	80	
333	25.344792	B3	59	62	405	24.125000	B3	59	80	
334	25.344792	F#5	78	78	404	24.125000	F#5	78	80	
335	25.401042	G#5	80	75	406	24.187500	G#5	80	80	
336	25.458333	G#3	56	68	408	24.250000	G#3	56	80	
337	25.484375	A5	81	71	407	24.250000	A5	81	80	
338	25.559375	F#3	54	66	412	24.375000	F#3	54	80	
339	25.559375	G#5	80	79	410	24.375000	G#5	80	80	
340	25.638542	A5	81	60	414	24.498958	A5	81	80	
341	25.675000	G#3	56	67	416	24.500000	G#3	56	80	
342	25.691667	G#5	80	79	418	24.623958	G#5	80	80	
343	25.775000	A5	81	67	422	24.750000	A5	81	80	
344	25.782292	B3	59	68	420	24.625000	B3	59	80	
345	25.835417	G#5	80	83	425	24.812500	G#5	80	80	
346	25.919792	A5	81	65	427	24.875000	A5	81	80	
347	25.934375	E3	52	73	424	24.750000	E3	52	80	
348	25.976042	G#5	80	79	429	24.937500	G#5	80	80	
349	26.052083	A5	81	64	430	24.998958	A5	81	80	
350	26.063542	G#3	56	61	428	24.875000	G#3	56	80	
351	26.111458	G#5	80	85	433	25.062500	G#5	80	80	
352	26.159375	B3	59	64	432	25.000000	B3	59	80	
353	26.192708	A5	81	62	435	25.125000	A5	81	80	
354	26.246875	G#5	80	77	437	25.187500	G#5	80	80	
355	26.268750	D4	62	70	436	25.125000	D4	62	80	
356	26.369792	C#4	61	65	440	25.250000	C#4	61	80	
357	26.385417	G#5	80	77	441	25.312500	G#5	80	80	
358	26.467708	B3	59	62	444	25.375000	B3	59	80	
359	26.472917	F#5	78	74	443	25.375000	F#5	78	80	
360	26.545833	G#5	80	74	445	25.437500	G#5	80	80	
361	26.611458	B3	59	62	447	25.500000	B3	59	80	
362	26.638542	A5	81	75	446	25.500000	A5	81	80	
363	26.694792	C#4	61	57	450	25.623958	C#4	61	80	
364	26.780208	E5	76	72	451	25.625000	E5	76	80	
365	26.801042	D4	62	64	454	25.748958	D4	62	80	
366	26.883333	C#5	73	80	455	25.750000	C#5	73	80	
367	26.900000	C#4	61	61	459	25.875000	C#4	61	80	
368	27.000000	D4	62	63	462	25.998958	D4	62	80	
369	27.019792	B4	71	75	458	25.875000	B4	71	80	
370	27.083333	C#4	61	61	466	26.123958	C#4	61	80	
371	27.138542	C#5	73	83	463	26.000000	C#5	73	80	
372	27.175000	D4	62	62	471	26.250000	D4	62	80	
373	27.254167	C#4	61	60	473	26.312500	C#4	61	80	
374	27.265625	E5	76	82	467	26.125000	E5	76	80	
375	27.356250	D4	62	59	476	26.375000	D4	62	80	
376	27.407292	A4	69	76	470	26.250000	A4	69	80	
377	27.420833	C#4	61	58	477	26.437500	C#4	61	80	
378	27.513542	C#5	73	78	475	26.375000	C#5	73	80	
379	27.518750	D4	62	54	478	26.498958	D4	62	80	
380	27.576042	C#4	61	55	481	26.562500	C#4	61	80	
381	27.633333	E5	76	81	479	26.500000	E5	76	80	
382	27.686458	D4	62	54	484	26.625000	D4	62	80	
383	27.745833	C#4	61	48	485	26.687500	C#4	61	80	
384	27.747917	G5	79	83	482	26.625000	G5	79	80	
385	27.826042	D4	62	61	486	26.748958	D4	62	80	
386	27.878125	F#5	78	79	487	26.750000	F#5	78	80	
387	27.957292	C#4	61	51	489	26.812500	C#4	61	80	
388	27.963542	B3	59	51	492	26.875000	B3	59	80	
389	27.998958	E5	76	79	491	26.875000	E5	76	80	
390	28.115625	C4	60	63	496	27.000000	C4	60	80	
391	28.139583	E5	76	69	494	27.000000	E5	76	80	
392	28.179167	F#5	78	72	498	27.123958	F#5	78	80	
393	28.270833	A3	57	65	500	27.125000	A3	57	80	
394	28.270833	G5	79	74	502	27.248958	G5	79	80	
395	28.352083	F#5	78	74	506	27.375000	F#5	78	80	
396	28.404167	F#3	54	68	504	27.250000	F#3	54	80	
397	28.432292	G5	79	69	510	27.498958	G5	79	80	
398	28.506250	F#5	78	69	513	27.562500	F#5	78	80	
399	28.526042	E3	52	70	508	27.375000	E3	52	80	
400	28.583333	G5	79	62	515	27.625000	G5	79	80	
401	28.656250	F#3	54	75	512	27.500000	F#3	54	80	
402	28.656250	F#5	78	68	517	27.687500	F#5	78	80	
403	28.719792	G5	79	59	518	27.750000	G5	79	80	
404	28.769792	A3	57	72	516	27.625000	A3	57	80	
405	28.790625	F#5	78	69	521	27.812500	F#5	78	80	
406	28.865625	G5	79	62	523	27.875000	G5	79	80	
407	28.915625	D3	50	70	520	27.750000	D3	50	80	
408	28.931250	F#5	78	67	525	27.937500	F#5	78	80	
409	29.007292	G5	79	61	526	27.998958	G5	79	80	
410	29.040625	F#3	54	67	524	27.875000	F#3	54	80	
411	29.070833	F#5	78	68	529	28.062500	F#5	78	80	
412	29.151042	G5	79	59	531	28.125000	G5	79	80	
413	29.170833	A3	57	71	528	28.000000	A3	57	80	
414	29.197917	F#5	78	64	533	28.187500	F#5	78	80	
415	29.280208	G5	79	67	534	28.248958	G5	79	80	
416	29.284375	C4	60	64	532	28.125000	C4	60	80	
417	29.347917	F#5	78	65	537	28.312500	F#5	78	80	
418	29.410417	B3	59	61	536	28.250000	B3	59	80	
419	29.456250	E5	76	72	539	28.375000	E5	76	80	
420	29.514583	A3	57	52	540	28.375000	A3	57	80	
421	29.552083	F#5	78	65	541	28.437500	F#5	78	80	
422	29.645833	G5	79	73	542	28.500000	G5	79	80	
423	29.650000	A3	57	61	543	28.500000	A3	57	80	
424	29.742708	B3	59	59	545	28.562500	B3	59	80	
425	29.796875	D5	74	69	547	28.625000	D5	74	80	
426	29.832292	C4	60	58	548	28.625000	C4	60	80	
427	29.923958	B3	59	60	549	28.687500	B3	59	80	
428	29.923958	B4	71	73	551	28.750000	B4	71	80	
429	30.016667	C4	60	54	550	28.748958	C4	60	80	
430	30.043750	A4	69	68	554	28.875000	A4	69	80	
431	30.100000	B3	59	61	553	28.812500	B3	59	80	
432	30.169792	B4	71	77	559	29.000000	B4	71	80	
433	30.201042	C4	60	57	556	28.875000	C4	60	80	
434	30.283333	B3	59	58	557	28.937500	B3	59	80	
435	30.292708	D5	74	71	563	29.125000	D5	74	80	
436	30.368750	C4	60	55	558	28.998958	C4	60	80	
437	30.427083	G4	67	72	566	29.250000	G4	67	80	
438	30.444792	B3	59	57	561	29.062500	B3	59	80	
439	30.530208	C4	60	52	564	29.125000	C4	60	80	
440	30.548958	B4	71	72	571	29.375000	B4	71	80	
441	30.612500	B3	59	62	565	29.187500	B3	59	80	
442	30.681250	D5	74	74	575	29.500000	D5	74	80	
443	30.701042	C4	60	52	567	29.250000	C4	60	80	
444	30.777083	B3	59	56	569	29.312500	B3	59	80	
445	30.786458	F5	77	72	578	29.625000	F5	77	80	
446	30.888542	C4	60	56	572	29.375000	C4	60	80	
447	30.912500	Eb5	75	71	583	29.750000	Eb5	75	80	
448	30.970833	A3	57	58	573	29.437500	B3	59	80	
449	31.033333	D5	74	68	587	29.875000	D5	74	80	
450	31.083333	B3	59	60	577	29.562500	B3	59	80	
451	31.162500	C4	60	68	580	29.625000	C4	60	80	
452	31.173958	Eb5	75	70	590	30.000000	Eb5	75	80	
453	31.308333	C5	72	67	592	30.125000	C5	72	80	
454	31.441667	A4	69	64	593	30.250000	A4	69	80	
455	31.453125	Eb4	63	65	594	30.250000	Eb4	63	80	
456	31.577083	G4	67	55	595	30.375000	G4	67	80	
457	31.703125	C4	60	65	597	30.500000	C4	60	80	
458	31.705208	A4	69	60	596	30.500000	A4	69	80	
459	31.829167	C5	72	70	598	30.625000	C5	72	80	
460	31.966667	A3	57	69	600	30.750000	A3	57	80	
461	31.979167	F4	65	59	599	30.750000	F4	65	80	
462	32.088542	A4	69	61	601	30.875000	A4	69	80	
463	32.217708	C5	72	72	602	31.000000	C5	72	80	
464	32.225000	F3	53	64	603	31.000000	F3	53	80	
465	32.356250	Eb5	75	67	604	31.125000	Eb5	75	80	
466	32.470833	D5	74	70	605	31.250000	D5	74	80	
467	32.484375	A3	57	73	606	31.250000	A3	57	80	
468	32.603125	C5	72	71	607	31.375000	C5	72	80	
469	32.734375	Bb3	58	71	609	31.500000	Bb3	58	80	
470	32.748958	D5	74	71	608	31.500000	D5	74	80	
471	32.848958	Bb4	70	72	610	31.625000	Bb4	70	80	
472	32.986458	G4	67	69	611	31.750000	G4	67	80	
473	33.002083	D4	62	62	612	31.750000	D4	62	80	
474	33.112500	F#4	66	74	613	31.875000	F#4	66	80	
475	33.240625	G4	67	72	614	32.000000	G4	67	80	
476	33.246875	Bb3	58	70	615	32.000000	Bb3	58	80	
477	33.364583	Bb4	70	74	616	32.125000	Bb4	70	80	
478	33.500000	G3	55	67	618	32.250000	G3	55	80	
479	33.509375	Eb4	63	69	617	32.250000	Eb4	63	80	
480	33.627083	G4	67	65	619	32.375000	G4	67	80	
481	33.757292	Bb4	70	76	620	32.500000	Bb4	70	80	
482	33.766667	Eb3	51	64	621	32.500000	Eb3	51	80	
483	33.875000	D5	74	71	622	32.625000	D5	74	80	
484	34.014583	C5	72	67	623	32.750000	C5	72	80	
485	34.018750	G3	55	63	624	32.750000	G3	55	80	
486	34.123958	Bb4	70	62	625	32.875000	Bb4	70	80	
487	34.268750	A3	57	67	627	33.000000	A3	57	80	
488	34.268750	C5	72	73	626	33.000000	C5	72	80	
489	34.412500	A4	69	61	628	33.125000	A4	69	80	
490	34.526042	F#4	66	70	629	33.250000	F#4	66	80	
491	34.560417	C4	60	49	630	33.250000	C4	60	80	
492	34.656250	E4	64	63	631	33.375000	E4	64	80	
493	34.783333	A3	57	59	633	33.500000	A3	57	80	
494	34.785417	F#4	66	70	632	33.500000	F#4	66	80	
495	34.911458	A4	69	61	634	33.625000	A4	69	80	
496	35.018750	F#3	54	65	636	33.750000	F#3	54	80	
497	35.039583	D4	62	61	635	33.750000	D4	62	80	
498	35.151042	F#4	66	67	637	33.875000	F#4	66	80	
499	35.287500	A4	69	64	638	34.000000	A4	69	80	
500	35.292708	D3	50	60	639	34.000000	D3	50	80	
501	35.400000	C5	72	72	640	34.125000	C5	72	80	
502	35.542708	F#3	54	66	642	34.250000	F#3	54	80	
503	35.547917	Bb4	70	58	659	34.937500	Bb4	70	80	
504	35.660417	A4	69	58	663	35.062500	Bb4	70	80	
505	35.792708	G3	55	59	646	34.500000	G3	55	80	
506	35.792708	A4	69	61	664	35.123958	Bb4	70	80	
507	35.850000	Bb4	70	62	667	35.187500	Bb4	70	80	
508	35.928125	D3	50	57	650	34.625000	D3	50	80	
509	35.932292	C5	72	63	668	35.250000	C5	72	80	
510	36.011458	Bb4	70	65	671	35.312500	Bb4	70	80	
511	36.043750	Bb2	46	63	654	34.750000	Bb2	46	80	
512	36.100000	C5	72	65	673	35.375000	C5	72	80	
513	36.165625	A2	45	57	658	34.875000	A2	45	80	
514	36.169792	Bb4	70	63	675	35.437500	Bb4	70	80	
515	36.258333	C5	72	62	676	35.498958	C5	72	80	
516	36.298958	Bb2	46	63	662	35.000000	Bb2	46	80	
517	36.314583	Bb4	70	60	679	35.562500	Bb4	70	80	
518	36.398958	C5	72	69	681	35.625000	C5	72	80	
519	36.408333	D3	50	61	666	35.125000	D3	50	80	
520	36.466667	Bb4	70	63	683	35.687500	Bb4	70	80	
521	36.547917	C5	72	63	684	35.748958	C5	72	80	
522	36.555208	G2	43	62	670	35.250000	G2	43	80	
523	36.610417	Bb4	70	60	687	35.812500	Bb4	70	80	
524	36.688542	Bb2	46	65	674	35.375000	Bb2	46	80	
525	36.693750	C5	72	64	689	35.875000	C5	72	80	
526	36.765625	Bb4	70	66	691	35.937500	Bb4	70	80	
527	36.811458	D3	50	63	678	35.500000	D3	50	80	
528	36.860417	C5	72	63	692	36.000000	C5	72	80	
529	36.922917	Bb4	70	63	696	36.062500	Bb4	70	80	
530	36.945833	F3	53	68	682	35.625000	F3	53	80	
531	37.013542	C5	72	63	698	36.125000	C5	72	80	
532	37.060417	E3	52	76	686	35.750000	E3	52	80	
533	37.095833	Bb4	70	67	700	36.187500	Bb4	70	80	
534	37.180208	D3	50	75	690	35.875000	D3	50	80	
535	37.222917	C5	72	59	701	36.248958	C5	72	80	
536	37.266667	E4	64	71	704	36.312500	Bb4	70	80	
537	37.300000	C3	48	71	695	36.000000	C3	48	80	
538	37.300000	Bb4	70	63	705	36.375000	Bb4	70	80	
539	37.404167	C5	72	65	709	36.498958	C5	72	80	
540	37.445833	G2	43	67	699	36.125000	G2	43	80	
541	37.460417	Bb4	70	56	712	36.562500	Bb4	70	80	
542	37.556250	E2	40	64	703	36.250000	E2	40	80	
543	37.556250	C5	72	69	714	36.625000	C5	72	80	
544	37.616667	Bb4	70	64	716	36.687500	Bb4	70	80	
545	37.676042	D2	38	63	707	36.375000	D2	38	80	
546	37.716667	C5	72	62	717	36.750000	C5	72	80	
547	37.763542	Bb4	70	63	720	36.812500	Bb4	70	80	
548	37.787500	E2	40	62	711	36.500000	E2	40	80	
549	37.860417	C5	72	68	722	36.875000	C5	72	80	
550	37.895833	G2	43	68	715	36.625000	G2	43	80	
551	37.913542	Bb4	70	58	724	36.937500	Bb4	70	80	
552	38.008333	C5	72	64	725	36.998958	C5	72	80	
553	38.041667	C2	36	71	719	36.750000	C2	36	80	
554	38.066667	Bb4	70	65	728	37.062500	Bb4	70	80	
555	38.168750	C5	72	56	730	37.125000	C5	72	80	
556	38.172917	G2	43	71	723	36.875000	G2	43	80	
557	38.233333	Bb4	70	56	732	37.187500	Bb4	70	80	
558	38.267708	C3	48	62	727	37.000000	C3	48	80	
559	38.390625	E3	52	59	731	37.125000	E3	52	80	
560	38.390625	Bb4	70	53	736	37.312500	Bb4	70	80	
561	38.497917	D3	50	47	735	37.250000	D3	50	80	
562	38.497917	A4	69	54	737	37.373958	Bb4	70	80	
563	38.568750	Bb4	70	63	740	37.437500	Bb4	70	80	
564	38.620833	C3	48	63	739	37.375000	C3	48	80	
565	38.706250	A4	69	63	741	37.500000	A4	69	80	
566	38.731250	Eb4	63	67	746	37.562500	Eb4	63	80	
567	38.760417	F3	53	63	744	37.500000	F3	53	80	
568	38.801042	F4	65	60	748	37.625000	F4	65	80	
569	38.892708	C3	48	63	749	37.625000	C3	48	80	
570	38.910417	Eb4	63	65	750	37.687500	Eb4	63	80	
571	38.969792	F4	65	55	751	37.750000	F4	65	80	
572	39.000000	A2	45	60	752	37.750000	A2	45	80	
573	39.066667	Eb4	63	65	753	37.812500	Eb4	63	80	
574	39.120833	G2	43	56	755	37.875000	G2	43	80	
575	39.120833	F4	65	53	754	37.875000	F4	65	80	
576	39.205208	Eb4	63	65	756	37.937500	Eb4	63	80	
577	39.235417	A2	45	56	758	38.000000	A2	45	80	
578	39.266667	F4	65	56	760	38.125000	F4	65	80	
579	39.350000	Eb4	63	65	762	38.187500	Eb4	63	80	
580	39.355208	C3	48	59	761	38.125000	C3	48	80	
581	39.411458	F4	65	59	763	38.250000	F4	65	80	
582	39.495833	Eb4	63	69	765	38.312500	Eb4	63	80	
583	39.509375	F2	41	64	764	38.250000	F2	41	80	
584	39.556250	F4	65	61	766	38.375000	F4	65	80	
585	39.640625	C3	48	64	767	38.375000	C3	48	80	
586	39.644792	Eb4	63	63	768	38.437500	Eb4	63	80	
587	39.705208	F4	65	59	769	38.500000	F4	65	80	
588	39.765625	F3	53	60	770	38.500000	F3	53	80	
589	39.781250	Eb4	63	58	771	38.562500	Eb4	63	80	
590	39.842708	F4	65	60	772	38.625000	F4	65	80	
591	39.894792	A3	57	68	773	38.625000	A3	57	80	
592	39.930208	Eb4	63	61	774	38.687500	Eb4	63	80	
593	39.986458	F4	65	56	775	38.750000	F4	65	80	
594	40.006250	G3	55	63	776	38.750000	G3	55	80	
595	40.070833	Eb4	63	51	777	38.812500	Eb4	63	80	
596	40.110417	F3	53	61	779	38.875000	F3	53	80	
597	40.114583	D4	62	65	778	38.875000	F4	65	80	
598	40.192708	Eb4	63	63	780	38.937500	Eb4	63	80	
599	40.288542	A3	57	64	783	39.000000	C4	60	80	
600	40.288542	D4	62	57	781	39.000000	D4	62	80	
601	40.370833	Bb3	58	66	784	39.062500	Bb3	58	80	
602	40.448958	A4	69	63	785	39.125000	A4	69	80	
603	40.476042	C4	60	55	789	39.250000	C4	60	80	
604	40.551042	F4	65	65	788	39.250000	F4	65	80	
605	40.581250	Bb3	58	60	790	39.312500	Bb3	58	80	
606	40.672917	E4	64	69	791	39.375000	E4	64	80	
607	40.702083	C4	60	56	793	39.375000	C4	60	80	
608	40.801042	Bb3	58	61	794	39.437500	Bb3	58	80	
609	40.810417	F4	65	67	796	39.500000	F4	65	80	
610	40.910417	C4	60	60	795	39.497917	C4	60	80	
611	40.933333	A4	69	69	800	39.625000	A4	69	80	
612	41.022917	Bb3	58	57	798	39.562500	Bb3	58	80	
613	41.061458	D4	62	73	803	39.750000	D4	62	80	
614	41.130208	C4	60	51	801	39.625000	C4	60	80	
615	41.190625	F4	65	67	808	39.875000	F4	65	80	
616	41.231250	Bb3	58	54	802	39.687500	Bb3	58	80	
617	41.314583	A4	69	73	812	40.000000	A4	69	80	
618	41.346875	C4	60	60	804	39.750000	C4	60	80	
619	41.428125	C5	72	75	815	40.125000	C5	72	80	
620	41.439583	Bb3	58	58	806	39.812500	Bb3	58	80	
621	41.545833	C4	60	59	809	39.875000	C4	60	80	
622	41.561458	Bb4	70	76	820	40.250000	Bb4	70	80	
623	41.635417	Bb3	58	56	810	39.937500	Bb3	58	80	
624	41.678125	A4	69	76	824	40.375000	A4	69	80	
625	41.747917	C4	60	56	811	39.998958	C4	60	80	
626	41.826042	G4	67	75	827	40.500000	G4	67	80	
627	41.842708	Bb3	58	59	814	40.062500	Bb3	58	80	
628	41.938542	C4	60	55	817	40.125000	C4	60	80	
629	41.945833	D5	74	77	832	40.625000	D5	74	80	
630	42.039583	Bb3	58	55	818	40.187500	Bb3	58	80	
631	42.073958	Bb4	70	73	836	40.750000	Bb4	70	80	
632	42.130208	C4	60	52	819	40.247917	C4	60	80	
633	42.182292	A4	69	74	839	40.875000	A4	69	80	
634	42.219792	Bb3	58	57	822	40.312500	Bb3	58	80	
635	42.312500	C4	60	58	825	40.375000	C4	60	80	
636	42.323958	Bb4	70	81	844	41.000000	Bb4	70	80	
637	42.410417	Bb3	58	61	826	40.437500	Bb3	58	80	
638	42.440625	D5	74	75	848	41.125000	D5	74	80	
639	42.493750	C4	60	51	828	40.500000	C4	60	80	
640	42.567708	G4	67	76	851	41.250000	G4	67	80	
641	42.583333	Bb3	58	63	830	40.562500	Bb3	58	80	
642	42.681250	C4	60	53	833	40.625000	C4	60	80	
643	42.690625	Bb4	70	80	856	41.375000	Bb4	70	80	
644	42.764583	Bb3	58	54	834	40.687500	Bb3	58	80	
645	42.821875	D5	74	80	860	41.500000	D5	74	80	
646	42.864583	C4	60	54	835	40.748958	C4	60	80	
647	42.942708	F5	77	87	863	41.625000	F5	77	80	
648	42.954167	Bb3	58	60	838	40.812500	Bb3	58	80	
649	43.058333	C4	60	58	841	40.875000	C4	60	80	
650	43.079167	E5	76	87	868	41.750000	E5	76	80	
651	43.146875	Bb3	58	57	842	40.937500	Bb3	58	80	
652	43.204167	D5	74	90	872	41.875000	D5	74	80	
653	43.257292	C4	60	59	843	40.997917	C4	60	80	
654	43.336458	Bb3	58	61	846	41.062500	Bb3	58	80	
655	43.351042	E5	76	89	875	42.000000	E5	76	80	
656	43.443750	C4	60	59	849	41.125000	C4	60	80	
657	43.464583	G5	79	86	880	42.125000	G5	79	80	
658	43.526042	Bb3	58	55	850	41.187500	Bb3	58	80	
659	43.604167	E5	76	90	884	42.250000	E5	76	80	
660	43.629167	C4	60	57	852	41.250000	C4	60	80	
661	43.711458	Bb3	58	62	854	41.312500	Bb3	58	80	
662	43.711458	D5	74	86	887	42.375000	D5	74	80	
663	43.815625	C4	60	57	857	41.375000	C4	60	80	
664	43.853125	E5	76	87	892	42.500000	E5	76	80	
665	43.878125	Bb3	58	58	858	41.437500	Bb3	58	80	
666	43.961458	G5	79	87	896	42.625000	G5	79	80	
667	43.981250	C4	60	55	859	41.498958	C4	60	80	
668	44.067708	Bb3	58	57	862	41.562500	Bb3	58	80	
669	44.103125	C5	72	87	899	42.750000	C5	72	80	
670	44.159375	C4	60	55	865	41.625000	C4	60	80	
671	44.232292	E5	76	85	904	42.875000	E5	76	80	
672	44.246875	Bb3	58	58	866	41.687500	Bb3	58	80	
673	44.339583	C4	60	54	867	41.747917	C4	60	80	
674	44.357292	G5	79	81	908	43.000000	G5	79	80	
675	44.418750	Bb3	58	64	870	41.812500	Bb3	58	80	
676	44.477083	Bb5	82	82	911	43.125000	Bb5	82	80	
677	44.516667	C4	60	62	873	41.875000	C4	60	80	
678	44.597917	A5	81	78	916	43.250000	A5	81	80	
679	44.616667	Bb3	58	58	874	41.937500	Bb3	58	80	
680	44.712500	G5	79	81	920	43.375000	G5	79	80	
681	44.717708	A3	57	71	878	42.062500	Bb3	58	80	
682	44.804167	Bb3	58	63	879	42.122917	Bb3	58	80	
683	44.860417	C6	84	74	923	43.500000	C6	84	80	
684	44.865625	A3	57	67	882	42.187500	Bb3	58	80	
685	45.003125	A5	81	70	925	43.625000	A5	81	80	
686	45.128125	C4	60	71	927	43.750000	C4	60	80	
687	45.138542	F5	77	80	926	43.750000	F5	77	80	
688	45.267708	E5	76	78	928	43.875000	E5	76	80	
689	45.387500	A3	57	78	930	44.000000	A3	57	80	
690	45.394792	F5	77	84	929	44.000000	F5	77	80	
691	45.517708	A5	81	74	931	44.125000	A5	81	80	
692	45.645833	F3	53	71	933	44.250000	F3	53	80	
693	45.652083	D5	74	76	932	44.250000	D5	74	80	
694	45.759375	F5	77	81	934	44.375000	F5	77	80	
695	45.913542	A5	81	76	935	44.500000	A5	81	80	
696	45.916667	D3	50	71	936	44.500000	D3	50	80	
697	46.028125	C6	84	70	937	44.625000	C6	84	80	
698	46.163542	F3	53	76	939	44.750000	F3	53	80	
699	46.172917	Bb5	82	75	938	44.750000	Bb5	82	80	
700	46.306250	A5	81	72	940	44.875000	A5	81	80	
701	46.434375	G3	55	71	942	45.000000	G3	55	80	
702	46.445833	Bb5	82	75	941	45.000000	Bb5	82	80	
703	46.585417	G5	79	74	943	45.125000	G5	79	80	
704	46.702083	E5	76	75	944	45.250000	E5	76	80	
705	46.706250	Bb3	58	65	945	45.250000	Bb3	58	80	
706	46.841667	D5	74	70	946	45.375000	D5	74	80	
707	46.943750	G3	55	72	948	45.500000	G3	55	80	
708	46.962500	E5	76	78	947	45.500000	E5	76	80	
709	47.081250	G5	79	75	949	45.625000	G5	79	80	
710	47.200000	E3	52	74	951	45.750000	E3	52	80	
711	47.216667	C5	72	75	950	45.750000	C5	72	80	
712	47.338542	E5	76	73	952	45.875000	E5	76	80	
713	47.457292	C3	48	72	954	46.000000	C3	48	80	
714	47.462500	G5	79	74	953	46.000000	G5	79	80	
715	47.591667	Bb5	82	69	955	46.125000	Bb5	82	80	
716	47.708333	E3	52	74	957	46.250000	E3	52	80	
717	47.719792	A5	81	67	956	46.250000	A5	81	80	
718	47.844792	G5	79	71	958	46.375000	G5	79	80	
719	47.961458	F3	53	63	960	46.500000	F3	53	80	
720	47.987500	A5	81	71	959	46.500000	A5	81	80	
721	48.097917	C3	48	60	962	46.625000	C3	48	80	
722	48.119792	F5	77	77	961	46.625000	F5	77	80	
723	48.230208	A2	45	67	964	46.750000	A2	45	80	
724	48.235417	C5	72	77	963	46.750000	C5	72	80	
725	48.358333	G2	43	62	966	46.875000	G2	43	80	
726	48.368750	Bb4	70	83	965	46.875000	Bb4	70	80	
727	48.479167	A2	45	68	968	47.000000	A2	45	80	
728	48.493750	C5	72	79	967	47.000000	C5	72	80	
729	48.605208	C3	48	67	970	47.125000	C3	48	80	
730	48.618750	F5	77	77	969	47.125000	F5	77	80	
731	48.745833	F2	41	68	972	47.250000	F2	41	80	
732	48.750000	A4	69	77	971	47.250000	A4	69	80	
733	48.873958	C5	72	82	973	47.375000	C5	72	80	
734	48.884375	A2	45	64	974	47.375000	A2	45	80	
735	49.002083	C3	48	71	976	47.500000	C3	48	80	
736	49.006250	Eb5	75	81	975	47.500000	Eb5	75	80	
737	49.117708	Eb3	51	76	978	47.625000	Eb3	51	80	
738	49.134375	G5	79	82	977	47.625000	G5	79	80	
739	49.262500	D3	50	66	980	47.750000	D3	50	80	
740	49.266667	F5	77	85	979	47.750000	F5	77	80	
741	49.379167	C3	48	67	982	47.875000	C3	48	80	
742	49.379167	Eb5	75	81	981	47.875000	Eb5	75	80	
743	49.533333	F3	53	66	985	48.000000	F3	53	80	
744	49.538542	Eb5	75	79	984	48.000000	Eb5	75	80	
745	49.602083	D5	74	77	983	48.000000	D5	74	80	
746	49.643750	D3	50	65	990	48.125000	D3	50	80	
747	49.665625	Eb5	75	71	*	-1	*	-1	-1	
748	49.745833	D5	74	72	987	48.062500	D5	74	80	
749	49.765625	Bb2	46	66	993	48.250000	Bb2	46	80	
750	49.821875	Eb5	75	71	989	48.125000	Eb5	75	80	
751	49.882292	D5	74	70	991	48.187500	D5	74	80	
752	49.889583	A2	45	61	996	48.375000	A2	45	80	
753	49.940625	Eb5	75	73	992	48.250000	Eb5	75	80	
754	49.998958	Bb2	46	64	998	48.500000	Bb2	46	80	
755	50.008333	D5	74	68	994	48.312500	D5	74	80	
756	50.061458	Eb5	75	75	995	48.375000	Eb5	75	80	
757	50.120833	D3	50	60	999	48.625000	D3	50	80	
758	50.122917	D5	74	70	997	48.437500	D5	74	80	
759	50.293750	F2	41	63	1000	48.750000	F2	41	80	
760	50.438542	Bb2	46	56	1002	48.875000	Bb2	46	80	
761	50.464583	C5	72	74	1001	48.875000	C5	72	80	
762	50.572917	Bb4	70	78	1003	49.000000	Bb4	70	80	
763	50.587500	D3	50	59	1004	49.000000	D3	50	80	
764	50.696875	A4	69	80	1005	49.125000	A4	69	80	
765	50.718750	F3	53	63	1006	49.125000	F3	53	80	
766	50.836458	G4	67	86	1007	49.250000	G4	67	80	
767	50.854167	E3	52	69	1008	49.250000	E3	52	80	
768	50.966667	F4	65	78	1009	49.375000	F4	65	80	
769	50.978125	D3	50	70	1010	49.375000	D3	50	80	
770	51.110417	E3	52	70	1012	49.500000	E3	52	80	
771	51.117708	Bb4	70	88	1011	49.500000	Bb4	70	80	
772	51.230208	C3	48	68	1013	49.625000	C3	48	80	
773	51.365625	Bb2	46	69	1015	49.750000	Bb2	46	80	
774	51.386458	G5	79	92	1014	49.750000	G5	79	80	
775	51.495833	A2	45	62	1016	49.875000	A2	45	80	
776	51.641667	Bb2	46	69	1018	50.000000	Bb2	46	80	
777	51.651042	E5	76	91	1017	50.000000	E5	76	80	
778	51.756250	E3	52	61	1019	50.125000	E3	52	80	
779	51.907292	G2	43	63	1021	50.250000	G2	43	80	
780	51.913542	C5	72	91	1020	50.250000	C5	72	80	
781	52.042708	Bb2	46	65	1022	50.375000	Bb2	46	80	
782	52.187500	Bb4	70	86	1023	50.500000	Bb4	70	80	
783	52.189583	E3	52	68	1024	50.500000	E3	52	80	
784	52.314583	G3	55	66	1025	50.625000	G3	55	80	
785	52.459375	F3	53	73	1027	50.750000	F3	53	80	
786	52.463542	G5	79	82	1026	50.750000	G5	79	80	
787	52.587500	E3	52	72	1028	50.875000	E3	52	80	
788	52.746875	F3	53	72	1030	51.000000	F3	53	80	
789	52.758333	A4	69	70	1029	51.000000	A4	69	80	
790	52.895833	G4	67	72	1031	51.125000	G4	67	80	
791	53.034375	F4	65	79	1032	51.250000	F4	65	80	
792	53.039583	A2	45	76	1033	51.250000	A2	45	80	
793	53.175000	E4	64	78	1034	51.375000	E4	64	80	
794	53.319792	F4	65	77	1035	51.500000	F4	65	80	
795	53.323958	D3	50	75	1036	51.500000	D3	50	80	
796	53.448958	A4	69	70	1037	51.625000	A4	69	80	
797	53.596875	A2	45	67	1039	51.750000	Bb2	46	80	
798	53.625000	D4	62	77	1038	51.750000	D4	62	80	
799	53.641667	Bb2	46	72	1042	51.812500	Bb2	46	80	
800	53.728125	C3	48	67	1045	51.875000	C3	48	80	
801	53.738542	F4	65	71	1044	51.875000	F4	65	80	
802	53.812500	Bb2	46	66	1047	51.937500	Bb2	46	80	
803	53.889583	D4	62	72	1049	52.000000	D4	62	80	
804	53.893750	C3	48	58	1050	52.000000	C3	48	80	
805	53.960417	Bb2	46	56	1052	52.062500	Bb2	46	80	
806	54.037500	Bb3	58	77	1053	52.125000	Bb3	58	80	
807	54.044792	A2	45	67	1054	52.125000	A2	45	80	
808	54.127083	Bb2	46	51	1055	52.187500	Bb2	46	80	
809	54.179167	C3	48	62	1057	52.250000	C3	48	80	
810	54.196875	G3	55	74	1056	52.250000	G3	55	80	
811	54.367708	E4	64	81	1058	52.375000	E4	64	80	
812	54.566667	F2	41	67	1060	52.500000	F2	41	80	
813	54.573958	F4	65	73	1059	52.500000	F4	65	80	
814	54.758333	Bb3	58	73	1061	52.625000	Bb3	58	80	
815	54.953125	A3	57	80	1062	52.750000	A3	57	80	
816	55.140625	G3	55	73	1063	52.875000	G3	55	80	
817	55.342708	A3	57	70	1064	53.000000	A3	57	80	
818	55.563542	C4	60	64	1065	53.125000	C4	60	80	
819	55.818750	F3	53	58	1066	53.250000	F3	53	80	
820	56.043750	C3	48	51	1067	53.375000	C3	48	80	
821	56.292708	A2	45	51	1068	53.500000	A2	45	80	
822	56.592708	C3	48	47	1069	53.625000	C3	48	80	
823	57.009375	F2	41	50	1070	53.750000	F2	41	80	
*	-1	*	-1	-1	69	6.000000	A4	69	80	
*	-1	*	-1	-1	77	6.250000	C5	72	80	
*	-1	*	-1	-1	81	6.375000	C5	72	80	
*	-1	*	-1	-1	85	6.500000	C5	72	80	
*	-1	*	-1	-1	88	6.623958	B4	71	80	
*	-1	*	-1	-1	93	6.750000	C5	72	80	
*	-1	*	-1	-1	96	6.873958	B4	71	80	
*	-1	*	-1	-1	101	7.000000	C5	72	80	
*	-1	*	-1	-1	104	7.125000	B4	71	80	
*	-1	*	-1	-1	109	7.250000	C5	72	80	
*	-1	*	-1	-1	112	7.373958	B4	71	80	
*	-1	*	-1	-1	118	7.500000	D3	50	80	
*	-1	*	-1	-1	122	7.625000	F3	53	80	
*	-1	*	-1	-1	126	7.750000	F3	53	80	
*	-1	*	-1	-1	134	8.000000	F3	53	80	
*	-1	*	-1	-1	138	8.125000	F3	53	80	
*	-1	*	-1	-1	142	8.250000	F3	53	80	
*	-1	*	-1	-1	150	8.500000	F3	53	80	
*	-1	*	-1	-1	153	8.625000	E3	52	80	
*	-1	*	-1	-1	158	8.750000	F3	53	80	
*	-1	*	-1	-1	160	8.873958	E3	52	80	
*	-1	*	-1	-1	165	9.000000	D5	74	80	
*	-1	*	-1	-1	175	9.375000	D5	74	80	
*	-1	*	-1	-1	179	9.500000	D5	74	80	
*	-1	*	-1	-1	187	9.750000	D5	74	80	
*	-1	*	-1	-1	190	9.873958	C#5	73	80	
*	-1	*	-1	-1	195	10.000000	D5	74	80	
*	-1	*	-1	-1	198	10.125000	C#5	73	80	
*	-1	*	-1	-1	202	10.248958	D5	74	80	
*	-1	*	-1	-1	203	10.250000	D5	74	80	
*	-1	*	-1	-1	206	10.373958	C#5	73	80	
*	-1	*	-1	-1	212	10.500000	E3	52	80	
*	-1	*	-1	-1	214	10.623958	F3	53	80	
*	-1	*	-1	-1	220	10.750000	G3	55	80	
*	-1	*	-1	-1	223	10.875000	F3	53	80	
*	-1	*	-1	-1	228	11.000000	G3	55	80	
*	-1	*	-1	-1	236	11.250000	G3	55	80	
*	-1	*	-1	-1	238	11.373958	F3	53	80	
*	-1	*	-1	-1	242	11.498958	G3	55	80	
*	-1	*	-1	-1	244	11.500000	G3	55	80	
*	-1	*	-1	-1	247	11.625000	F3	53	80	
*	-1	*	-1	-1	252	11.750000	G3	55	80	
*	-1	*	-1	-1	254	11.873958	F3	53	80	
*	-1	*	-1	-1	256	11.875000	E3	52	80	
*	-1	*	-1	-1	401	24.000000	A5	81	80	
*	-1	*	-1	-1	409	24.312500	G#5	80	80	
*	-1	*	-1	-1	411	24.375000	A5	81	80	
*	-1	*	-1	-1	415	24.500000	A5	81	80	
*	-1	*	-1	-1	423	24.750000	A5	81	80	
*	-1	*	-1	-1	426	24.873958	G#5	80	80	
*	-1	*	-1	-1	431	25.000000	A5	81	80	
*	-1	*	-1	-1	434	25.125000	G#5	80	80	
*	-1	*	-1	-1	438	25.248958	A5	81	80	
*	-1	*	-1	-1	439	25.250000	A5	81	80	
*	-1	*	-1	-1	442	25.373958	G#5	80	80	
*	-1	*	-1	-1	448	25.500000	B3	59	80	
*	-1	*	-1	-1	453	25.687500	C#4	61	80	
*	-1	*	-1	-1	456	25.750000	D4	62	80	
*	-1	*	-1	-1	464	26.000000	D4	62	80	
*	-1	*	-1	-1	468	26.125000	D4	62	80	
*	-1	*	-1	-1	472	26.250000	D4	62	80	
*	-1	*	-1	-1	474	26.373958	C#4	61	80	
*	-1	*	-1	-1	480	26.500000	D4	62	80	
*	-1	*	-1	-1	483	26.625000	C#4	61	80	
*	-1	*	-1	-1	488	26.750000	D4	62	80	
*	-1	*	-1	-1	490	26.873958	C#4	61	80	
*	-1	*	-1	-1	493	26.937500	C#4	61	80	
*	-1	*	-1	-1	495	27.000000	E5	76	80	
*	-1	*	-1	-1	503	27.250000	G5	79	80	
*	-1	*	-1	-1	507	27.375000	G5	79	80	
*	-1	*	-1	-1	511	27.500000	G5	79	80	
*	-1	*	-1	-1	514	27.623958	F#5	78	80	
*	-1	*	-1	-1	519	27.750000	G5	79	80	
*	-1	*	-1	-1	522	27.873958	F#5	78	80	
*	-1	*	-1	-1	527	28.000000	G5	79	80	
*	-1	*	-1	-1	530	28.125000	F#5	78	80	
*	-1	*	-1	-1	535	28.250000	G5	79	80	
*	-1	*	-1	-1	538	28.373958	F#5	78	80	
*	-1	*	-1	-1	544	28.500000	A3	57	80	
*	-1	*	-1	-1	546	28.623958	B3	59	80	
*	-1	*	-1	-1	552	28.750000	C4	60	80	
*	-1	*	-1	-1	555	28.875000	B3	59	80	
*	-1	*	-1	-1	560	29.000000	C4	60	80	
*	-1	*	-1	-1	562	29.123958	B3	59	80	
*	-1	*	-1	-1	568	29.250000	C4	60	80	
*	-1	*	-1	-1	570	29.373958	B3	59	80	
*	-1	*	-1	-1	576	29.500000	C4	60	80	
*	-1	*	-1	-1	579	29.625000	B3	59	80	
*	-1	*	-1	-1	581	29.687500	B3	59	80	
*	-1	*	-1	-1	584	29.750000	C4	60	80	
*	-1	*	-1	-1	586	29.873958	B3	59	80	
*	-1	*	-1	-1	588	29.875000	A3	57	80	
*	-1	*	-1	-1	645	34.500000	A4	69	80	
*	-1	*	-1	-1	648	34.623958	Bb4	70	80	
*	-1	*	-1	-1	652	34.748958	C5	72	80	
*	-1	*	-1	-1	653	34.750000	C5	72	80	
*	-1	*	-1	-1	656	34.875000	Bb4	70	80	
*	-1	*	-1	-1	657	34.875000	C5	72	80	
*	-1	*	-1	-1	661	35.000000	C5	72	80	
*	-1	*	-1	-1	669	35.250000	C5	72	80	
*	-1	*	-1	-1	672	35.373958	Bb4	70	80	
*	-1	*	-1	-1	677	35.500000	C5	72	80	
*	-1	*	-1	-1	680	35.625000	Bb4	70	80	
*	-1	*	-1	-1	685	35.750000	C5	72	80	
*	-1	*	-1	-1	688	35.873958	Bb4	70	80	
*	-1	*	-1	-1	693	36.000000	C5	72	80	
*	-1	*	-1	-1	697	36.123958	Bb4	70	80	
*	-1	*	-1	-1	702	36.250000	C5	72	80	
*	-1	*	-1	-1	710	36.500000	C5	72	80	
*	-1	*	-1	-1	713	36.623958	Bb4	70	80	
*	-1	*	-1	-1	718	36.750000	C5	72	80	
*	-1	*	-1	-1	721	36.873958	Bb4	70	80	
*	-1	*	-1	-1	726	37.000000	C5	72	80	
*	-1	*	-1	-1	729	37.125000	Bb4	70	80	
*	-1	*	-1	-1	733	37.248958	C5	72	80	
*	-1	*	-1	-1	738	37.375000	C5	72	80	
*	-1	*	-1	-1	742	37.500000	F4	65	80	
*	-1	*	-1	-1	747	37.623958	Eb4	63	80	
*	-1	*	-1	-1	782	39.000000	C4	60	80	
*	-1	*	-1	-1	786	39.125000	A3	57	80	
*	-1	*	-1	-1	792	39.375000	Bb3	58	80	
*	-1	*	-1	-1	797	39.500000	C4	60	80	
*	-1	*	-1	-1	799	39.623958	Bb3	58	80	
*	-1	*	-1	-1	805	39.750000	C4	60	80	
*	-1	*	-1	-1	807	39.872917	Bb3	58	80	
*	-1	*	-1	-1	813	40.000000	C4	60	80	
*	-1	*	-1	-1	816	40.125000	Bb3	58	80	
*	-1	*	-1	-1	821	40.250000	C4	60	80	
*	-1	*	-1	-1	823	40.373958	Bb3	58	80	
*	-1	*	-1	-1	829	40.500000	C4	60	80	
*	-1	*	-1	-1	831	40.622917	Bb3	58	80	
*	-1	*	-1	-1	837	40.750000	C4	60	80	
*	-1	*	-1	-1	840	40.875000	Bb3	58	80	
*	-1	*	-1	-1	845	41.000000	C4	60	80	
*	-1	*	-1	-1	847	41.123958	Bb3	58	80	
*	-1	*	-1	-1	853	41.250000	C4	60	80	
*	-1	*	-1	-1	855	41.372917	Bb3	58	80	
*	-1	*	-1	-1	861	41.500000	C4	60	80	
*	-1	*	-1	-1	864	41.625000	Bb3	58	80	
*	-1	*	-1	-1	869	41.750000	C4	60	80	
*	-1	*	-1	-1	871	41.873958	Bb3	58	80	
*	-1	*	-1	-1	876	42.000000	C4	60	80	
*	-1	*	-1	-1	877	42.000000	C4	60	80	
*	-1	*	-1	-1	885	42.250000	C4	60	80	
*	-1	*	-1	-1	888	42.375000	Bb3	58	80	
*	-1	*	-1	-1	889	42.375000	C4	60	80	
*	-1	*	-1	-1	891	42.497917	C4	60	80	
*	-1	*	-1	-1	893	42.500000	C4	60	80	
*	-1	*	-1	-1	895	42.623958	Bb3	58	80	
*	-1	*	-1	-1	900	42.750000	C4	60	80	
*	-1	*	-1	-1	901	42.750000	C4	60	80	
*	-1	*	-1	-1	903	42.872917	Bb3	58	80	
*	-1	*	-1	-1	905	42.875000	C4	60	80	
*	-1	*	-1	-1	909	43.000000	C4	60	80	
*	-1	*	-1	-1	912	43.125000	Bb3	58	80	
*	-1	*	-1	-1	913	43.125000	C4	60	80	
*	-1	*	-1	-1	915	43.247917	C4	60	80	
*	-1	*	-1	-1	917	43.250000	C4	60	80	
*	-1	*	-1	-1	921	43.375000	C4	60	80	
*	-1	*	-1	-1	986	48.061458	Eb5	75	80	
*	-1	*	-1	-1	988	48.123958	D5	74	80	
*	-1	*	-1	-1	1040	51.750000	C3	48	80	
*	-1	*	-1	-1	1041	51.811458	C3	48	80	
*	-1	*	-1	-1	1043	51.873958	Bb2	46	80	
*	-1	*	-1	-1	1046	51.937500	C3	48	80	
*	-1	*	-1	-1	1048	51.998958	Bb2	46	80	
*	-1	*	-1	-1	1051	52.061458	C3	48	80	
*	-1	*	-1	-1	71	6.062500	B4	71	80	
*	-1	*	-1	-1	73	6.125000	C5	72	80	
*	-1	*	-1	-1	75	6.187500	B4	71	80	
*	-1	*	-1	-1	79	6.312500	B4	71	80	
*	-1	*	-1	-1	83	6.437500	B4	71	80	
*	-1	*	-1	-1	119	7.562500	E3	52	80	
*	-1	*	-1	-1	123	7.687500	E3	52	80	
*	-1	*	-1	-1	127	7.812500	E3	52	80	
*	-1	*	-1	-1	130	7.875000	F3	53	80	
*	-1	*	-1	-1	131	7.937500	E3	52	80	
*	-1	*	-1	-1	135	8.062500	E3	52	80	
*	-1	*	-1	-1	139	8.187500	E3	52	80	
*	-1	*	-1	-1	143	8.312500	E3	52	80	
*	-1	*	-1	-1	146	8.375000	F3	53	80	
*	-1	*	-1	-1	147	8.437500	E3	52	80	
*	-1	*	-1	-1	159	8.812500	E3	52	80	
*	-1	*	-1	-1	173	9.312500	C#5	73	80	
*	-1	*	-1	-1	177	9.437500	C#5	73	80	
*	-1	*	-1	-1	181	9.562500	C#5	73	80	
*	-1	*	-1	-1	183	9.625000	D5	74	80	
*	-1	*	-1	-1	185	9.687500	C#5	73	80	
*	-1	*	-1	-1	230	11.123958	F3	53	80	
*	-1	*	-1	-1	249	11.687500	F3	53	80	
*	-1	*	-1	-1	250	11.748958	G3	55	80	
*	-1	*	-1	-1	253	11.812500	F3	53	80	
*	-1	*	-1	-1	257	11.937500	F3	53	80	
*	-1	*	-1	-1	259	12.000000	G3	55	80	
*	-1	*	-1	-1	413	24.437500	G#5	80	80	
*	-1	*	-1	-1	417	24.562500	G#5	80	80	
*	-1	*	-1	-1	419	24.625000	A5	81	80	
*	-1	*	-1	-1	421	24.687500	G#5	80	80	
*	-1	*	-1	-1	449	25.562500	C#4	61	80	
*	-1	*	-1	-1	452	25.625000	D4	62	80	
*	-1	*	-1	-1	457	25.812500	C#4	61	80	
*	-1	*	-1	-1	460	25.875000	D4	62	80	
*	-1	*	-1	-1	461	25.937500	C#4	61	80	
*	-1	*	-1	-1	465	26.062500	C#4	61	80	
*	-1	*	-1	-1	469	26.187500	C#4	61	80	
*	-1	*	-1	-1	497	27.062500	F#5	78	80	
*	-1	*	-1	-1	499	27.125000	G5	79	80	
*	-1	*	-1	-1	501	27.187500	F#5	78	80	
*	-1	*	-1	-1	505	27.312500	F#5	78	80	
*	-1	*	-1	-1	509	27.437500	F#5	78	80	
*	-1	*	-1	-1	574	29.498958	C4	60	80	
*	-1	*	-1	-1	582	29.748958	C4	60	80	
*	-1	*	-1	-1	585	29.812500	B3	59	80	
*	-1	*	-1	-1	589	29.937500	B3	59	80	
*	-1	*	-1	-1	591	30.000000	C4	60	80	
*	-1	*	-1	-1	641	34.250000	Bb4	70	80	
*	-1	*	-1	-1	643	34.375000	A4	69	80	
*	-1	*	-1	-1	644	34.500000	A4	69	80	
*	-1	*	-1	-1	647	34.562500	Bb4	70	80	
*	-1	*	-1	-1	649	34.625000	C5	72	80	
*	-1	*	-1	-1	651	34.687500	Bb4	70	80	
*	-1	*	-1	-1	655	34.812500	Bb4	70	80	
*	-1	*	-1	-1	660	34.998958	C5	72	80	
*	-1	*	-1	-1	665	35.125000	C5	72	80	
*	-1	*	-1	-1	694	36.000000	E4	64	80	
*	-1	*	-1	-1	706	36.375000	C5	72	80	
*	-1	*	-1	-1	708	36.437500	Bb4	70	80	
*	-1	*	-1	-1	734	37.250000	C5	72	80	
*	-1	*	-1	-1	743	37.500000	Eb4	63	80	
*	-1	*	-1	-1	745	37.561458	F4	65	80	
*	-1	*	-1	-1	757	38.000000	F4	65	80	
*	-1	*	-1	-1	759	38.062500	Eb4	63	80	
*	-1	*	-1	-1	787	39.187500	Bb3	58	80	
*	-1	*	-1	-1	881	42.125000	C4	60	80	
*	-1	*	-1	-1	883	42.248958	C4	60	80	
*	-1	*	-1	-1	886	42.312500	Bb3	58	80	
*	-1	*	-1	-1	890	42.437500	Bb3	58	80	
*	-1	*	-1	-1	894	42.562500	Bb3	58	80	
*	-1	*	-1	-1	897	42.625000	C4	60	80	
*	-1	*	-1	-1	898	42.687500	Bb3	58	80	
*	-1	*	-1	-1	902	42.812500	Bb3	58	80	
*	-1	*	-1	-1	906	42.937500	Bb3	58	80	
*	-1	*	-1	-1	907	42.998958	C4	60	80	
*	-1	*	-1	-1	910	43.062500	Bb3	58	80	
*	-1	*	-1	-1	914	43.187500	Bb3	58	80	
*	-1	*	-1	-1	918	43.312500	Bb3	58	80	
*	-1	*	-1	-1	919	43.373958	Bb3	58	80	
*	-1	*	-1	-1	922	43.437500	Bb3	58	80	
*	-1	*	-1	-1	924	43.500000	A3	57	80	
