// alignID alignOntime alignSitch alignPitch alignOnvel refID refOntime refSitch refPitch refOnvel
0	0.500000	Bb4	70	69	0	0.000000	Bb4	70	80	
1	1.569792	F4	65	61	1	1.000000	F4	65	80	
2	3.130208	F#5	78	73	2	2.500000	F#5	78	80	
3	3.616667	F5	77	70	3	3.000000	F5	77	80	
4	4.095833	Eb5	75	64	4	3.500000	Eb5	75	80	
5	4.588542	F4	65	65	6	4.000000	F4	65	80	
6	4.592708	C#5	73	63	5	4.000000	C#5	73	80	
7	5.095833	C5	72	69	7	4.500000	C5	72	80	
8	5.565625	Bb3	58	62	9	5.000000	Bb3	58	80	
9	5.584375	C#5	73	62	8	5.000000	C#5	73	80	
10	6.053125	Eb5	75	62	10	5.500000	Eb5	75	80	
11	6.508333	F5	77	71	11	6.000000	F5	77	80	
12	6.981250	C#5	73	52	13	6.500000	C#5	73	80	
13	6.993750	E5	76	61	12	6.500000	E5	76	80	
14	7.172917	F5	77	69	14	6.750000	F5	77	80	
15	7.427083	C5	72	58	16	7.000000	C5	72	80	
16	7.436458	G5	79	80	15	7.000000	G5	79	80	
17	7.876042	Bb4	70	68	17	7.500000	Bb4	70	80	
18	8.321875	G#4	68	69	18	8.000000	G#4	68	80	
19	8.758333	G#5	80	71	19	8.500000	G#5	80	80	
20	8.768750	G4	67	56	20	8.500000	G4	67	80	
21	8.966667	G5	79	76	21	8.750000	G5	79	80	
22	9.213542	G#4	68	61	23	9.000000	G#4	68	80	
23	9.222917	F5	77	68	22	9.000000	F5	77	80	
24	9.662500	Bb4	70	58	24	9.500000	Bb4	70	80	
25	10.114583	C5	72	62	25	10.000000	C5	72	80	
26	10.575000	Eb5	75	50	26	10.500000	Eb5	75	80	
27	10.783333	C#5	73	51	27	10.750000	C#5	73	80	
28	11.031250	Eb5	75	56	28	11.000000	Eb5	75	80	
29	11.433333	F5	77	66	29	11.500000	F5	77	80	
30	11.435417	Bb4	70	44	30	11.500000	Bb4	70	80	
31	11.618750	A4	69	54	31	11.750000	A4	69	80	
32	11.915625	F#5	78	75	32	12.000000	F#5	78	80	
33	11.925000	Bb4	70	55	33	12.000000	Bb4	70	80	
34	12.361458	C5	72	66	34	12.500000	C5	72	80	
35	12.793750	C#5	73	67	35	13.000000	C#5	73	80	
36	13.263542	F5	77	63	36	13.500000	F5	77	80	
37	13.476042	Eb5	75	64	37	13.750000	Eb5	75	80	
38	13.690625	F5	77	72	38	14.000000	F5	77	80	
39	14.121875	G5	79	76	39	14.500000	G5	79	80	
40	14.131250	C5	72	56	40	14.500000	C5	72	80	
41	14.329167	Bb4	70	65	41	14.750000	Bb4	70	80	
42	14.584375	G#5	80	80	42	15.000000	G#5	80	80	
43	14.602083	C5	72	70	43	15.000000	C5	72	80	
44	15.008333	D5	74	72	44	15.500000	D5	74	80	
45	15.488542	Eb5	75	73	45	16.000000	Eb5	75	80	
46	15.925000	G5	79	73	46	16.500000	G5	79	80	
47	16.132292	F5	77	82	47	16.750000	F5	77	80	
48	16.381250	G5	79	80	48	17.000000	G5	79	80	
49	16.777083	A5	81	79	49	17.500000	A5	81	80	
50	16.792708	C#5	73	71	50	17.500000	C#5	73	80	
51	16.997917	C5	72	73	51	17.750000	C5	72	80	
52	17.316667	Bb3	58	77	54	18.000000	Bb3	58	80	
53	17.322917	Bb5	82	64	52	18.000000	Bb5	82	80	
54	17.359375	C#5	73	56	53	18.000000	C#5	73	80	
55	17.830208	Eb5	75	60	55	18.500000	Eb5	75	80	
56	18.247917	F3	53	74	57	19.000000	F3	53	80	
57	18.283333	F5	77	60	56	19.000000	F5	77	80	
58	18.743750	A5	81	63	58	19.500000	A5	81	80	
59	18.931250	G5	79	77	59	19.750000	G5	79	80	
60	19.162500	A5	81	76	60	20.000000	A5	81	80	
61	19.582292	F#4	66	71	63	20.500000	F#4	66	80	
62	19.604167	Bb5	82	73	61	20.500000	Bb5	82	80	
63	19.620833	Eb5	75	62	62	20.500000	Eb5	75	80	
64	19.814583	C#5	73	72	64	20.750000	C#5	73	80	
65	20.046875	F4	65	54	67	21.000000	F4	65	80	
66	20.071875	C6	84	79	65	21.000000	C6	84	80	
67	20.085417	Eb5	75	66	66	21.000000	Eb5	75	80	
68	20.491667	Eb4	63	68	68	21.500000	Eb4	63	80	
69	20.942708	F3	53	78	70	22.000000	F3	53	80	
70	20.951042	C#4	61	66	69	22.000000	C#4	61	80	
71	21.397917	C4	60	77	73	22.500000	C4	60	80	
72	21.397917	Bb5	82	76	71	22.500000	Bb5	82	80	
73	21.423958	F5	77	69	72	22.500000	F5	77	80	
74	21.581250	Eb5	75	77	75	22.750000	Eb5	75	80	
75	21.593750	A5	81	79	74	22.750000	A5	81	80	
76	21.844792	Bb2	46	79	79	23.000000	Bb2	46	80	
77	21.853125	Bb5	82	81	76	23.000000	Bb5	82	80	
78	21.855208	C#5	73	73	77	23.000000	C#5	73	80	
79	21.860417	Bb3	58	62	78	23.000000	Bb3	58	80	
80	22.288542	C4	60	66	82	23.500000	C4	60	80	
81	22.309375	G#5	80	73	80	23.500000	G#5	80	80	
82	22.313542	C5	72	65	81	23.500000	C5	72	80	
83	22.487500	C#4	61	63	83	23.750000	C#4	61	80	
84	22.733333	Eb4	63	66	86	24.000000	Eb4	63	80	
85	22.737500	F#5	78	68	84	24.000000	F#5	78	80	
86	22.748958	Bb4	70	46	85	24.000000	Bb4	70	80	
87	23.143750	C#4	61	65	89	24.500000	C#4	61	80	
88	23.148958	F4	65	55	88	24.500000	F4	65	80	
89	23.148958	F5	77	74	87	24.500000	F5	77	80	
90	23.579167	Eb5	75	69	90	25.000000	Eb5	75	80	
91	23.581250	C4	60	66	92	25.000000	C4	60	80	
92	24.009375	Bb3	58	59	94	25.500000	Bb3	58	80	
93	24.013542	A4	69	59	93	25.500000	A4	69	80	
94	24.207292	Bb4	70	63	95	25.750000	Bb4	70	80	
95	24.425000	C5	72	66	96	26.000000	C5	72	80	
96	24.427083	A3	57	56	98	26.000000	A3	57	80	
97	24.436458	F4	65	48	97	26.000000	F4	65	80	
98	24.869792	F3	53	44	102	26.500000	F3	53	80	
99	24.869792	F5	77	69	99	26.500000	F5	77	80	
100	24.873958	A4	69	57	100	26.500000	A4	69	80	
101	24.898958	Eb4	63	31	101	26.500000	Eb4	63	80	
102	25.071875	F#5	78	75	103	26.750000	F#5	78	80	
103	25.295833	F5	77	78	104	27.000000	F5	77	80	
104	25.310417	G3	55	43	107	27.000000	G3	55	80	
105	25.329167	C#4	61	38	106	27.000000	C#4	61	80	
106	25.329167	Bb4	70	50	105	27.000000	Bb4	70	80	
107	25.690625	Eb5	75	75	108	27.500000	Eb5	75	80	
108	25.698958	C4	60	51	110	27.500000	C4	60	80	
109	25.708333	A3	57	59	111	27.500000	A3	57	80	
110	25.717708	C5	72	68	109	27.500000	C5	72	80	
111	26.185417	Bb2	46	80	115	28.000000	Bb2	46	80	
112	26.202083	C#5	73	82	112	28.000000	C#5	73	80	
113	26.211458	Bb3	58	64	114	28.000000	Bb3	58	80	
114	26.218750	C#4	61	55	113	28.000000	C#4	61	80	
115	26.696875	C3	48	53	118	28.500000	C3	48	80	
116	26.710417	Bb4	70	64	116	28.500000	Bb4	70	80	
117	26.735417	Eb4	63	48	117	28.500000	Eb4	63	80	
118	26.903125	A4	69	60	119	28.750000	A4	69	80	
119	27.117708	F2	41	80	123	29.000000	F2	41	80	
120	27.139583	C#3	49	62	122	29.000000	C#3	49	80	
121	27.148958	Bb4	70	77	120	29.000000	Bb4	70	80	
122	27.187500	F4	65	35	121	29.000000	F4	65	80	
123	27.278125	F4	65	12	*	-1	*	-1	-1	
124	27.569792	F#4	66	64	124	29.500000	F#4	66	80	
125	27.588542	Eb3	51	57	125	29.500000	Eb3	51	80	
126	27.653125	G2	43	23	*	-1	*	-1	-1	
127	28.007292	C5	72	71	126	30.000000	C5	72	80	
128	28.016667	F3	53	53	128	30.000000	F3	53	80	
129	28.032292	C4	60	45	127	30.000000	C4	60	80	
130	28.441667	F#3	54	67	129	30.500000	F#3	54	80	
131	28.908333	G#3	56	54	133	31.000000	G#3	56	80	
132	28.923958	G#4	68	64	131	31.000000	G#4	68	80	
133	28.929167	F3	53	52	134	31.000000	F3	53	80	
134	28.952083	F4	65	43	132	31.000000	F4	65	80	
135	29.356250	Eb3	51	62	135	31.500000	Eb3	51	80	
136	29.812500	D3	50	43	138	32.000000	D3	50	80	
137	29.812500	Bb4	70	60	136	32.000000	Bb4	70	80	
138	29.821875	Bb3	58	35	137	32.000000	Bb3	58	80	
139	30.247917	D4	62	58	139	32.500000	D4	62	80	
140	30.252083	Bb2	46	44	140	32.500000	Bb2	46	80	
141	30.673958	C3	48	56	142	33.000000	C3	48	80	
142	30.673958	Eb4	63	60	141	33.000000	Eb4	63	80	
143	31.097917	D3	50	59	144	33.500000	D3	50	80	
144	31.120833	F4	65	54	143	33.500000	F4	65	80	
145	31.547917	F#4	66	57	145	34.000000	F#4	66	80	
146	31.555208	Eb3	51	53	146	34.000000	Eb3	51	80	
147	31.988542	Eb4	63	49	147	34.500000	Eb4	63	80	
148	32.006250	F3	53	43	148	34.500000	F3	53	80	
149	32.155208	D4	62	63	149	34.750000	D4	62	80	
150	32.381250	Eb4	63	67	150	35.000000	Eb4	63	80	
151	32.400000	Eb3	51	52	151	35.000000	Eb3	51	80	
152	32.822917	Eb5	75	66	152	35.500000	Eb5	75	80	
153	32.834375	C#3	49	43	153	35.500000	C#3	49	80	
154	33.255208	G#4	68	68	154	36.000000	G#4	68	80	
155	33.295833	C3	48	32	156	36.000000	C3	48	80	
156	33.295833	C4	60	42	155	36.000000	C4	60	80	
157	33.733333	C3	48	60	157	36.500000	C3	48	80	
158	33.740625	G#2	44	60	158	36.500000	G#2	44	80	
159	34.163542	C#3	49	58	159	37.000000	C#3	49	80	
160	34.182292	Bb2	46	62	160	37.000000	Bb2	46	80	
161	34.619792	C3	48	44	162	37.500000	C3	48	80	
162	34.619792	Eb3	51	44	161	37.500000	Eb3	51	80	
163	35.041667	C#4	61	43	163	38.000000	C#4	61	80	
164	35.050000	F4	65	50	164	38.000000	F4	65	80	
165	35.059375	F3	53	47	165	38.000000	F3	53	80	
166	35.064583	C#3	49	37	166	38.000000	C#3	49	80	
167	35.527083	Eb3	51	60	167	38.500000	Eb3	51	80	
168	35.963542	C#5	73	75	169	39.000000	C#5	73	80	
169	35.968750	Bb4	70	70	168	39.000000	Bb4	70	80	
170	35.984375	Bb2	46	36	172	39.000000	Bb2	46	80	
171	35.984375	F3	53	40	171	39.000000	F3	53	80	
172	36.418750	F#3	54	65	173	39.500000	F#3	54	80	
173	36.800000	F3	53	51	177	40.000000	F3	53	80	
174	36.825000	G#3	56	50	176	40.000000	G#3	56	80	
175	36.843750	C5	72	80	175	40.000000	C5	72	80	
176	36.855208	G#4	68	68	174	40.000000	G#4	68	80	
177	37.266667	Bb3	58	70	178	40.500000	Bb3	58	80	
178	37.426042	C4	60	74	179	40.750000	C4	60	80	
179	37.746875	C#3	49	37	183	41.000000	C#3	49	80	
180	37.769792	Bb3	58	40	182	41.000000	Bb3	58	80	
181	37.779167	F5	77	86	180	41.000000	F5	77	80	
182	37.794792	C#5	73	75	181	41.000000	C#5	73	80	
183	38.210417	G#3	56	59	184	41.500000	G#3	56	80	
184	38.613542	Eb3	51	46	187	42.000000	Eb3	51	80	
185	38.630208	Bb4	70	60	185	42.000000	Bb4	70	80	
186	38.645833	F#3	54	42	186	42.000000	F#3	54	80	
187	39.041667	C5	72	73	189	42.500000	C5	72	80	
188	39.059375	G#4	68	56	188	42.500000	G#4	68	80	
189	39.064583	F3	53	49	191	42.500000	F3	53	80	
190	39.064583	G#3	56	46	190	42.500000	G#3	56	80	
191	39.505208	Eb5	75	66	192	43.000000	Eb5	75	80	
192	39.543750	F#4	66	38	193	43.000000	F#4	66	80	
193	39.547917	F#3	54	33	196	43.000000	F#3	54	80	
194	39.547917	Bb4	70	41	194	43.000000	Bb4	70	80	
195	39.562500	Bb3	58	28	195	43.000000	Bb3	58	80	
196	39.928125	C#5	73	75	197	43.500000	C#5	73	80	
197	39.961458	C4	60	47	199	43.500000	C4	60	80	
198	39.969792	F4	65	37	198	43.500000	F4	65	80	
199	40.136458	C#4	61	57	200	43.750000	C#4	61	80	
200	40.404167	C5	72	78	201	44.000000	C5	72	80	
201	40.413542	G#3	56	51	204	44.000000	G#3	56	80	
202	40.431250	G#4	68	62	203	44.000000	G#4	68	80	
203	40.453125	Eb4	63	43	202	44.000000	Eb4	63	80	
204	40.844792	F3	53	48	205	44.500000	F3	53	80	
205	41.277083	C#5	73	78	206	45.000000	C#5	73	80	
206	41.297917	Eb3	51	43	208	45.000000	Eb3	51	80	
207	41.322917	F4	65	34	207	45.000000	F4	65	80	
208	41.738542	C#3	49	51	209	45.500000	C#3	49	80	
209	42.181250	Eb4	63	51	210	46.000000	Eb4	63	80	
210	42.183333	G#3	56	47	211	46.000000	G#3	56	80	
211	42.619792	Bb4	70	71	212	46.500000	Bb4	70	80	
212	43.086458	C5	72	76	213	47.000000	C5	72	80	
213	43.093750	G#2	44	45	215	47.000000	G#2	44	80	
214	43.128125	G#4	68	58	214	47.000000	G#4	68	80	
215	43.557292	F#4	66	54	216	47.500000	F#4	66	80	
216	44.154167	C#5	73	81	217	48.000000	C#5	73	80	
217	44.175000	C#3	49	42	220	48.000000	C#3	49	80	
218	44.189583	C#4	61	43	218	48.000000	C#4	61	80	
219	44.189583	F4	65	54	219	48.000000	F4	65	80	
220	44.675000	Eb4	63	47	222	48.500000	Eb4	63	80	
221	44.680208	C4	60	40	221	48.500000	C4	60	80	
222	44.770833	Eb4	63	27	*	-1	*	-1	-1	
223	45.111458	G#4	68	76	223	49.000000	G#4	68	80	
224	45.135417	C#4	61	41	224	49.000000	C#4	61	80	
225	45.135417	F4	65	50	225	49.000000	F4	65	80	
226	45.590625	F#4	66	50	227	49.500000	F#4	66	80	
227	45.594792	Eb4	63	45	226	49.500000	Eb4	63	80	
228	46.058333	F4	65	32	228	50.000000	F4	65	80	
229	46.066667	G#4	68	41	229	50.000000	G#4	68	80	
230	46.517708	B5	83	61	230	50.500000	B5	83	80	
231	46.965625	F4	65	35	233	51.000000	F4	65	80	
232	46.969792	Bb5	82	63	231	51.000000	Bb5	82	80	
233	47.001042	D4	62	35	232	51.000000	D4	62	80	
234	47.436458	G#5	80	68	234	51.500000	G#5	80	80	
235	47.896875	Bb4	70	64	237	52.000000	Bb4	70	80	
236	47.929167	F#5	78	62	235	52.000000	F#5	78	80	
237	47.935417	Eb4	63	50	236	52.000000	Eb4	63	80	
238	48.395833	F5	77	68	238	52.500000	F5	77	80	
239	48.844792	Eb4	63	65	240	53.000000	Eb4	63	80	
240	48.848958	F#5	78	68	239	53.000000	F#5	78	80	
241	49.301042	G#5	80	73	241	53.500000	G#5	80	80	
242	49.317708	F4	65	52	242	53.500000	F4	65	80	
243	49.765625	Bb5	82	73	243	54.000000	Bb5	82	80	
244	49.770833	F#4	66	56	244	54.000000	F#4	66	80	
245	50.204167	Eb4	63	54	246	54.500000	Eb4	63	80	
246	50.223958	A5	81	65	245	54.500000	A5	81	80	
247	50.245833	F#5	78	61	247	54.500000	F#5	78	80	
248	50.416667	Bb5	82	75	248	54.750000	Bb5	82	80	
249	50.634375	A4	69	58	250	55.000000	A4	69	80	
250	50.651042	C6	84	77	249	55.000000	C6	84	80	
251	50.668750	F5	77	66	251	55.000000	F5	77	80	
252	51.061458	Eb5	75	64	253	55.500000	Eb5	75	80	
253	51.066667	G4	67	46	252	55.500000	G4	67	80	
254	51.235417	F4	65	56	254	55.750000	F4	65	80	
255	51.543750	Bb3	58	80	257	56.000000	Bb3	58	80	
256	51.572917	Bb4	70	58	255	56.000000	Bb4	70	80	
257	51.572917	C#5	73	70	256	56.000000	C#5	73	80	
258	52.026042	F5	77	69	259	56.500000	F5	77	80	
259	52.026042	Bb5	82	78	258	56.500000	Bb5	82	80	
260	52.469792	F3	53	71	262	57.000000	F3	53	80	
261	52.495833	Eb5	75	61	260	57.000000	Eb5	75	80	
262	52.516667	C5	72	57	261	57.000000	C5	72	80	
263	52.934375	A5	81	75	263	57.500000	A5	81	80	
264	53.353125	Bb5	82	77	264	58.000000	Bb5	82	80	
265	53.369792	D5	74	65	266	58.000000	D5	74	80	
266	53.388542	Bb4	70	54	265	58.000000	Bb4	70	80	
267	53.782292	F#4	66	72	267	58.500000	F#4	66	80	
268	54.267708	Eb5	75	66	268	59.000000	Eb5	75	80	
269	54.289583	F4	65	53	269	59.000000	F4	65	80	
270	54.707292	Eb4	63	60	270	59.500000	Eb4	63	80	
271	55.155208	F5	77	68	271	60.000000	F5	77	80	
272	55.171875	D4	62	53	272	60.000000	D4	62	80	
273	55.589583	Bb3	58	62	273	60.500000	Bb3	58	80	
274	56.048958	C4	60	55	275	61.000000	C4	60	80	
275	56.053125	G#5	80	73	274	61.000000	G#5	80	80	
276	56.483333	D4	62	72	276	61.500000	D4	62	80	
277	56.936458	Eb3	51	80	279	62.000000	Eb3	51	80	
278	56.959375	Eb4	63	65	278	62.000000	Eb4	63	80	
279	56.965625	F#5	78	74	277	62.000000	F#5	78	80	
280	56.982292	Bb4	70	57	*	-1	*	-1	-1	
281	57.434375	Eb5	75	68	280	62.500000	Eb5	75	80	
282	57.439583	F3	53	61	281	62.500000	F3	53	80	
283	57.626042	D5	74	77	282	62.750000	D5	74	80	
284	57.837500	Bb2	46	78	285	63.000000	Bb2	46	80	
285	57.864583	F#3	54	59	284	63.000000	F#3	54	80	
286	57.868750	Eb5	75	79	283	63.000000	Eb5	75	80	
287	57.885417	Bb4	70	59	*	-1	*	-1	-1	
288	58.284375	G#3	56	67	286	63.500000	G#3	56	80	
289	58.730208	F5	77	78	287	64.000000	F5	77	80	
290	58.737500	Bb3	58	65	288	64.000000	Bb3	58	80	
291	59.151042	B3	59	75	289	64.500000	B3	59	80	
292	59.590625	C#4	61	56	293	65.000000	C#4	61	80	
293	59.594792	Bb3	58	58	294	65.000000	Bb3	58	80	
294	59.607292	E5	76	74	291	65.000000	E5	76	80	
295	59.625000	C#5	73	60	292	65.000000	C#5	73	80	
296	60.013542	G#3	56	65	295	65.500000	G#3	56	80	
297	60.436458	Eb4	63	33	297	66.000000	Eb4	63	80	
298	60.457292	G3	55	43	298	66.000000	G3	55	80	
299	60.461458	Eb5	75	61	296	66.000000	Eb5	75	80	
300	60.893750	G3	55	43	300	66.500000	G3	55	80	
301	60.897917	Eb5	75	61	299	66.500000	Eb5	75	80	
302	60.935417	Eb3	51	34	301	66.500000	Eb3	51	80	
303	61.113542	E5	76	72	302	66.750000	E5	76	80	
304	61.332292	Eb5	75	77	303	67.000000	Eb5	75	80	
305	61.339583	F3	53	55	305	67.000000	F3	53	80	
306	61.339583	G#3	56	56	304	67.000000	G#3	56	80	
307	61.736458	C#5	73	83	306	67.500000	C#5	73	80	
308	61.753125	G3	55	59	308	67.500000	G3	55	80	
309	61.753125	Bb3	58	50	307	67.500000	Bb3	58	80	
310	62.160417	B4	71	82	310	68.000000	B4	71	80	
311	62.164583	B3	59	66	311	68.000000	B3	59	80	
312	62.169792	G#4	68	69	309	68.000000	G#4	68	80	
313	62.181250	G#3	56	59	312	68.000000	G#3	56	80	
314	62.593750	F#3	54	63	315	68.500000	F#3	54	80	
315	62.593750	Bb3	58	68	314	68.500000	Bb3	58	80	
316	62.593750	Bb4	70	86	313	68.500000	Bb4	70	80	
317	63.067708	E3	52	59	320	69.000000	E3	52	80	
318	63.067708	G#3	56	57	319	69.000000	G#3	56	80	
319	63.083333	G#5	80	77	316	69.000000	G#5	80	80	
320	63.100000	E5	76	70	318	69.000000	E5	76	80	
321	63.113542	B4	71	58	317	69.000000	B4	71	80	
322	63.487500	Eb3	51	70	322	69.500000	Eb3	51	80	
323	63.491667	F#3	54	66	321	69.500000	F#3	54	80	
324	63.936458	E3	52	71	324	70.000000	E3	52	80	
325	63.947917	C#3	49	56	325	70.000000	C#3	49	80	
326	63.979167	Bb4	70	65	323	70.000000	Bb4	70	80	
327	64.165625	Eb5	75	73	326	70.250000	Eb5	75	80	
328	64.381250	C#5	73	78	327	70.500000	C#5	73	80	
329	64.392708	Bb2	46	65	328	70.500000	Bb2	46	80	
330	64.788542	Eb3	51	62	330	71.000000	Eb3	51	80	
331	64.845833	G5	79	88	329	71.000000	G5	79	80	
332	65.102083	E5	76	58	332	71.250000	E5	76	80	
333	65.287500	Eb2	39	48	334	71.500000	Eb2	39	80	
334	65.291667	Eb5	75	67	333	71.500000	Eb5	75	80	
335	65.471875	C#5	73	74	335	71.750000	C#5	73	80	
336	65.947917	G#2	44	54	339	72.000000	G#2	44	80	
337	65.947917	G#5	80	84	336	72.000000	G#5	80	80	
338	65.970833	C5	72	58	338	72.000000	C5	72	80	
339	65.990625	G#4	68	72	337	72.000000	G#4	68	80	
340	66.530208	G#3	56	56	340	72.500000	G#3	56	80	
341	66.975000	C#4	61	74	341	73.000000	C#4	61	80	
342	66.994792	Bb2	46	47	343	73.000000	Bb2	46	80	
343	66.994792	F#3	54	53	342	73.000000	F#3	54	80	
344	67.396875	G#2	44	52	345	73.500000	G#2	44	80	
345	67.411458	F3	53	53	344	73.500000	F3	53	80	
346	67.836458	Eb3	51	48	346	74.000000	Eb3	51	80	
347	67.847917	F#2	42	46	347	74.000000	F#2	42	80	
348	68.344792	C#3	49	36	349	74.500000	C#3	49	80	
349	68.350000	F5	77	58	348	74.500000	F5	77	80	
350	68.777083	Bb3	58	36	351	75.000000	Bb3	58	80	
351	68.788542	Eb5	75	52	350	75.000000	Eb5	75	80	
352	68.813542	F#3	54	35	352	75.000000	F#3	54	80	
353	69.228125	C#5	73	60	353	75.500000	C#5	73	80	
354	69.679167	G#3	56	34	355	76.000000	G#3	56	80	
355	69.688542	C5	72	56	354	76.000000	C5	72	80	
356	70.117708	G#4	68	60	356	76.500000	G#4	68	80	
357	70.163542	F3	53	26	358	76.500000	F3	53	80	
358	70.163542	F#4	66	37	357	76.500000	F#4	66	80	
359	70.560417	Bb4	70	69	359	77.000000	Bb4	70	80	
360	70.573958	F#3	54	42	361	77.000000	F#3	54	80	
361	70.631250	F4	65	23	360	77.000000	F4	65	80	
362	70.986458	C5	72	75	362	77.500000	C5	72	80	
363	70.991667	Eb4	63	55	363	77.500000	Eb4	63	80	
364	71.021875	G#3	56	39	364	77.500000	G#3	56	80	
365	71.448958	C#5	73	72	365	78.000000	C#5	73	80	
366	71.472917	Bb3	58	45	367	78.000000	Bb3	58	80	
367	71.482292	C#4	61	48	366	78.000000	C#4	61	80	
368	71.901042	F#4	66	69	368	78.500000	F#4	66	80	
369	72.345833	F#3	54	41	369	79.000000	F#3	54	80	
370	72.786458	F4	65	48	370	79.500000	F4	65	80	
371	73.251042	Eb4	63	46	371	80.000000	Eb4	63	80	
372	73.256250	G#3	56	33	372	80.000000	G#3	56	80	
373	73.665625	Bb3	58	45	373	80.500000	Bb3	58	80	
374	74.098958	G#3	56	40	375	81.000000	G#3	56	80	
375	74.117708	C5	72	55	374	81.000000	C5	72	80	
376	74.528125	F#3	54	41	376	81.500000	F#3	54	80	
377	75.006250	C#5	73	62	377	82.000000	C#5	73	80	
378	75.030208	F3	53	40	379	82.000000	F3	53	80	
379	75.056250	G#3	56	21	378	82.000000	G#3	56	80	
380	75.455208	B4	71	50	380	82.500000	B4	71	80	
381	75.622917	Bb4	70	63	381	82.750000	Bb4	70	80	
382	75.842708	B4	71	62	382	83.000000	B4	71	80	
383	75.857292	G#4	68	56	383	83.000000	G#4	68	80	
384	76.237500	Eb3	51	38	385	83.500000	Eb3	51	80	
385	76.253125	F#4	66	49	384	83.500000	F#4	66	80	
386	76.441667	C#3	49	34	387	83.750000	C#3	49	80	
387	76.458333	F4	65	43	386	83.750000	F4	65	80	
388	76.647917	Eb3	51	42	389	84.000000	Eb3	51	80	
389	76.671875	F#4	66	52	388	84.000000	F#4	66	80	
390	77.052083	C#4	61	47	391	84.500000	C#4	61	80	
391	77.059375	Bb4	70	60	390	84.500000	Bb4	70	80	
392	77.066667	F3	53	43	392	84.500000	F3	53	80	
393	77.238542	G#4	68	71	393	84.750000	G#4	68	80	
394	77.477083	Bb4	70	70	394	85.000000	Bb4	70	80	
395	77.500000	F#3	54	40	395	85.000000	F#3	54	80	
396	77.855208	C5	72	73	396	85.500000	C5	72	80	
397	77.885417	Eb4	63	45	397	85.500000	Eb4	63	80	
398	78.329167	C#5	73	76	398	86.000000	C#5	73	80	
399	78.344792	G#3	56	46	399	86.000000	G#3	56	80	
400	78.733333	F3	53	41	401	86.500000	F3	53	80	
401	78.746875	G#4	68	61	400	86.500000	G#4	68	80	
402	78.909375	Eb3	51	47	403	86.750000	Eb3	51	80	
403	78.927083	F#4	66	65	402	86.750000	F#4	66	80	
404	79.153125	G#4	68	67	404	87.000000	G#4	68	80	
405	79.165625	F3	53	47	405	87.000000	F3	53	80	
406	79.552083	Eb4	63	65	407	87.500000	Eb4	63	80	
407	79.561458	C5	72	70	406	87.500000	C5	72	80	
408	79.583333	G3	55	45	408	87.500000	G3	55	80	
409	79.752083	Bb4	70	75	409	87.750000	Bb4	70	80	
410	79.972917	C5	72	73	410	88.000000	C5	72	80	
411	79.997917	G#3	56	55	411	88.000000	G#3	56	80	
412	80.369792	D5	74	75	412	88.500000	D5	74	80	
413	80.385417	F4	65	66	413	88.500000	F4	65	80	
414	80.855208	Bb3	58	63	415	89.000000	Bb3	58	80	
415	80.855208	Eb5	75	79	414	89.000000	Eb5	75	80	
416	81.261458	G3	55	56	416	89.500000	G3	55	80	
417	81.421875	F3	53	62	417	89.750000	F3	53	80	
418	81.682292	G3	55	59	418	90.000000	G3	55	80	
419	82.066667	A3	57	61	421	90.500000	A3	57	80	
420	82.068750	F4	65	80	420	90.500000	F4	65	80	
421	82.077083	C#5	73	75	419	90.500000	C#5	73	80	
422	82.298958	C5	72	62	422	90.750000	C5	72	80	
423	82.505208	C#5	73	57	423	91.000000	C#5	73	80	
424	82.509375	Bb3	58	51	424	91.000000	Bb3	58	80	
425	82.689583	C4	60	62	426	91.250000	C4	60	80	
426	82.706250	Eb5	75	63	425	91.250000	Eb5	75	80	
427	82.917708	Bb3	58	80	428	91.500000	Bb3	58	80	
428	82.945833	C#5	73	70	427	91.500000	C#5	73	80	
429	83.147917	Eb5	75	56	430	91.750000	Eb5	75	80	
430	83.159375	C4	60	53	431	91.750000	C4	60	80	
431	83.369792	C#4	61	61	433	92.000000	C#4	61	80	
432	83.369792	F5	77	75	432	92.000000	F5	77	80	
433	83.546875	C4	60	64	434	92.250000	C4	60	80	
434	83.758333	C#5	73	78	435	92.500000	C#5	73	80	
435	83.762500	Bb3	58	61	436	92.500000	Bb3	58	80	
436	83.948958	G#3	56	73	437	92.750000	G#3	56	80	
437	84.164583	Eb5	75	75	438	93.000000	Eb5	75	80	
438	84.178125	F#3	54	57	440	93.000000	F#3	54	80	
439	84.183333	C5	72	56	439	93.000000	C5	72	80	
440	84.355208	F3	53	68	441	93.250000	F3	53	80	
441	84.556250	Bb4	70	67	442	93.500000	Bb4	70	80	
442	84.563542	F#3	54	62	443	93.500000	F#3	54	80	
443	84.738542	Eb3	51	70	444	93.750000	Eb3	51	80	
444	84.983333	F3	53	82	446	94.000000	F3	53	80	
445	85.002083	A4	69	60	445	94.000000	A4	69	80	
446	85.176042	Bb4	70	69	447	94.250000	Bb4	70	80	
447	85.400000	C5	72	67	449	94.500000	C5	72	80	
448	85.400000	Eb5	75	75	448	94.500000	Eb5	75	80	
449	85.604167	A4	69	61	450	94.750000	A4	69	80	
450	85.804167	Bb2	46	79	453	95.000000	Bb2	46	80	
451	85.830208	C#5	73	70	451	95.000000	C#5	73	80	
452	85.855208	F4	65	54	452	95.000000	F4	65	80	
453	86.239583	C5	72	73	454	95.500000	C5	72	80	
454	86.255208	G#4	68	68	455	95.500000	G#4	68	80	
455	86.646875	F#4	66	65	457	96.000000	F#4	66	80	
456	86.646875	Bb4	70	72	456	96.000000	Bb4	70	80	
457	86.855208	C5	72	69	458	96.250000	C5	72	80	
458	87.050000	F4	65	66	460	96.500000	F4	65	80	
459	87.053125	C#4	61	65	461	96.500000	C#4	61	80	
460	87.081250	C#5	73	77	459	96.500000	C#5	73	80	
461	87.270833	Bb4	70	58	462	96.750000	Bb4	70	80	
462	87.468750	Eb4	63	66	464	97.000000	Eb4	63	80	
463	87.473958	G#4	68	69	467	97.061458	G#4	68	80	
464	87.487500	C4	60	63	466	97.000000	C4	60	80	
465	87.568750	F#4	66	61	472	97.187500	F#4	66	80	
466	87.657292	G#4	68	68	475	97.311458	G#4	68	80	
467	87.733333	F#4	66	55	477	97.375000	F#4	66	80	
468	87.813542	G#4	68	66	479	97.436458	G#4	68	80	
469	87.841667	Bb3	58	48	483	97.500000	Bb3	58	80	
470	87.875000	C#4	61	43	482	97.500000	G#4	68	80	
471	87.884375	F#4	66	64	485	97.562500	F#4	66	80	
472	87.928125	G#4	68	73	487	97.625000	G#4	68	80	
473	88.008333	F#4	66	64	489	97.687500	F#4	66	80	
474	88.073958	F4	65	63	491	97.750000	F4	65	80	
475	88.113542	F#4	66	77	492	97.811458	G#4	68	80	
476	88.383333	A3	57	57	498	98.000000	A3	57	80	
477	88.465625	F5	77	93	496	98.000000	F5	77	80	
478	88.476042	F4	65	71	497	98.000000	F4	65	80	
479	88.892708	D4	62	52	499	98.500000	D4	62	80	
480	89.075000	C4	60	59	501	98.750000	C4	60	80	
481	89.304167	Bb4	70	80	502	99.000000	Bb4	70	80	
482	89.325000	D4	62	68	503	99.000000	D4	62	80	
483	89.727083	F#3	54	58	505	99.500000	F#3	54	80	
484	89.882292	F3	53	60	506	99.750000	F3	53	80	
485	90.145833	F#3	54	63	509	100.000000	F#3	54	80	
486	90.150000	Eb4	63	66	507	100.000000	Eb4	63	80	
487	90.591667	G#3	56	50	511	100.500000	G#3	56	80	
488	90.595833	B5	83	79	510	100.500000	B5	83	80	
489	91.039583	Bb3	58	55	514	101.000000	Bb3	58	80	
490	91.043750	Bb5	82	79	512	101.000000	Bb5	82	80	
491	91.060417	D4	62	53	513	101.000000	D4	62	80	
492	91.453125	G#5	80	83	515	101.500000	G#5	80	80	
493	91.467708	F5	77	72	516	101.500000	F5	77	80	
494	91.917708	F#5	78	88	517	102.000000	F#5	78	80	
495	91.923958	Eb3	51	79	520	102.000000	Eb3	51	80	
496	91.923958	Eb4	63	80	518	102.000000	Eb4	63	80	
497	91.936458	Eb5	75	72	519	102.000000	Eb5	75	80	
498	92.368750	C#5	73	79	522	102.500000	C#5	73	80	
499	92.393750	Bb4	70	68	521	102.500000	Bb4	70	80	
500	92.803125	G#2	44	81	526	103.000000	G#2	44	80	
501	92.823958	E5	76	82	523	103.000000	E5	76	80	
502	92.837500	G#4	68	72	524	103.000000	G#4	68	80	
503	92.842708	B4	71	70	525	103.000000	B4	71	80	
504	93.242708	Eb5	75	79	527	103.500000	Eb5	75	80	
505	93.255208	F#4	66	76	528	103.500000	F#4	66	80	
506	93.706250	F3	53	81	532	104.000000	F3	53	80	
507	93.726042	Bb4	70	59	531	104.000000	Bb4	70	80	
508	93.726042	D5	74	72	529	104.000000	D5	74	80	
509	93.731250	F4	65	64	530	104.000000	F4	65	80	
510	94.135417	F#2	42	76	533	104.500000	F#2	42	80	
511	94.547917	F2	41	59	536	105.000000	F2	41	80	
512	94.571875	Bb2	46	70	537	105.000000	Bb2	46	80	
513	94.581250	Eb5	75	84	534	105.000000	Eb5	75	80	
514	94.598958	F#4	66	65	535	105.000000	F#4	66	80	
515	94.603125	Bb4	70	68	*	-1	*	-1	-1	
516	94.990625	Eb2	39	72	538	105.500000	Eb2	39	80	
517	95.442708	Bb2	46	63	540	106.000000	Bb2	46	80	
518	95.468750	F4	65	63	539	106.000000	F4	65	80	
519	95.893750	B3	59	77	541	106.500000	B3	59	80	
520	96.348958	Bb3	58	73	543	107.000000	Bb3	58	80	
521	96.355208	D5	74	77	542	107.000000	D5	74	80	
522	96.748958	G#3	56	74	544	107.500000	G#3	56	80	
523	97.232292	Eb3	51	58	549	108.000000	Eb3	51	80	
524	97.246875	F#3	54	60	548	108.000000	F#3	54	80	
525	97.302083	Eb5	75	90	545	108.000000	Eb5	75	80	
526	97.320833	Bb4	70	71	547	108.000000	Bb4	70	80	
527	97.326042	Eb4	63	77	546	108.000000	Eb4	63	80	
528	97.741667	F3	53	78	550	108.500000	F3	53	80	
529	98.187500	F#3	54	64	553	109.000000	F#3	54	80	
530	98.191667	Eb4	63	80	552	109.000000	Eb4	63	80	
531	98.201042	Bb3	58	74	551	109.000000	Bb3	58	80	
532	98.618750	G#3	56	70	554	109.500000	G#3	56	80	
533	98.627083	F3	53	67	555	109.500000	F3	53	80	
534	99.032292	F#3	54	71	557	110.000000	F#3	54	80	
535	99.036458	Bb3	58	72	556	110.000000	Bb3	58	80	
536	99.460417	C4	60	61	560	110.500000	C4	60	80	
537	99.460417	F5	77	83	558	110.500000	F5	77	80	
538	99.471875	C#5	73	73	559	110.500000	C#5	73	80	
539	99.644792	C#4	61	70	561	110.750000	C#4	61	80	
540	99.891667	Eb4	63	66	564	111.000000	Eb4	63	80	
541	99.895833	C5	72	70	563	111.000000	C5	72	80	
542	99.901042	Eb5	75	75	562	111.000000	Eb5	75	80	
543	100.339583	C#5	73	77	565	111.500000	C#5	73	80	
544	100.344792	Bb4	70	64	566	111.500000	Bb4	70	80	
545	100.771875	C5	72	67	567	112.000000	C5	72	80	
546	100.781250	A4	69	51	568	112.000000	A4	69	80	
547	101.206250	C#4	61	42	571	112.500000	C#4	61	80	
548	101.206250	Bb4	70	60	569	112.500000	Bb4	70	80	
549	101.217708	G4	67	53	570	112.500000	G4	67	80	
550	101.223958	F3	53	43	572	112.500000	F3	53	80	
551	101.660417	A4	69	51	574	113.000000	A4	69	80	
552	101.660417	C5	72	61	573	113.000000	C5	72	80	
553	101.666667	Eb3	51	50	576	113.000000	Eb3	51	80	
554	101.671875	C4	60	46	575	113.000000	C4	60	80	
555	102.044792	C#5	73	74	577	113.500000	C#5	73	80	
556	102.060417	Bb3	58	61	579	113.500000	Bb3	58	80	
557	102.060417	Bb4	70	68	578	113.500000	Bb4	70	80	
558	102.080208	C#3	49	52	580	113.500000	C#3	49	80	
559	102.477083	Eb5	75	77	581	114.000000	Eb5	75	80	
560	102.486458	C5	72	73	582	114.000000	C5	72	80	
561	102.490625	A3	57	63	583	114.000000	A3	57	80	
562	102.508333	C3	48	50	584	114.000000	C3	48	80	
563	102.952083	F#5	78	86	585	114.500000	F#5	78	80	
564	102.984375	Eb5	75	63	586	114.500000	Eb5	75	80	
565	103.383333	F5	77	73	587	115.000000	F5	77	80	
566	103.398958	C#5	73	74	588	115.000000	C#5	73	80	
567	103.417708	G#3	56	47	589	115.000000	G#3	56	80	
568	103.421875	F3	53	50	590	115.000000	F3	53	80	
569	103.822917	Eb5	75	64	591	115.500000	Eb5	75	80	
570	103.830208	B4	71	50	592	115.500000	B4	71	80	
571	104.221875	Bb2	46	46	595	116.000000	Bb2	46	80	
572	104.235417	D5	74	63	593	116.000000	D5	74	80	
573	104.253125	Bb4	70	48	594	116.000000	Bb4	70	80	
574	104.693750	F5	77	81	596	116.500000	F5	77	80	
575	104.705208	D5	74	71	597	116.500000	C#5	73	80	
576	105.144792	Eb3	51	46	601	117.000000	Eb3	51	80	
577	105.146875	C5	72	63	599	117.000000	C5	72	80	
578	105.152083	F#3	54	44	600	117.000000	F#3	54	80	
579	105.154167	Eb5	75	64	598	117.000000	Eb5	75	80	
580	105.576042	C#5	73	70	602	117.500000	C#5	73	80	
581	105.580208	Bb4	70	62	603	117.500000	Bb4	70	80	
582	106.010417	C5	72	78	604	118.000000	C5	72	80	
583	106.021875	A4	69	67	605	118.000000	A4	69	80	
584	106.405208	F3	53	62	606	118.500000	F3	53	80	
585	106.420833	C#3	49	57	607	118.500000	C#3	49	80	
586	106.877083	C#5	73	71	608	119.000000	C#5	73	80	
587	106.882292	Eb3	51	51	610	119.000000	Eb3	51	80	
588	106.904167	C3	48	47	611	119.000000	C3	48	80	
589	106.910417	Bb4	70	51	609	119.000000	Bb4	70	80	
590	107.298958	C#3	49	48	612	119.500000	C#3	49	80	
591	107.328125	Bb2	46	45	613	119.500000	Bb2	46	80	
592	107.746875	Bb3	58	37	615	120.000000	Bb3	58	80	
593	107.760417	F#3	54	38	616	120.000000	F#3	54	80	
594	107.765625	Eb4	63	51	614	120.000000	Eb4	63	80	
595	108.188542	C5	72	70	617	120.500000	C5	72	80	
596	108.600000	G3	55	45	619	121.000000	G3	55	80	
597	108.600000	E4	64	48	618	121.000000	E4	64	80	
598	109.052083	Bb4	70	61	620	121.500000	Bb4	70	80	
599	109.061458	C4	60	37	621	121.500000	C4	60	80	
600	109.501042	F3	53	46	624	122.000000	C#3	49	80	
601	109.501042	C#4	61	38	625	122.000000	C#4	61	80	
602	109.510417	A4	69	49	622	122.000000	A4	69	80	
603	109.527083	F4	65	27	623	122.000000	F4	65	80	
604	109.942708	F#5	78	70	626	122.500000	F#5	78	80	
605	109.964583	A4	69	45	627	122.500000	A4	69	80	
606	109.982292	C4	60	47	628	122.500000	C4	60	80	
607	110.388542	F5	77	82	629	123.000000	F5	77	80	
608	110.406250	C#4	61	56	631	123.000000	C#4	61	80	
609	110.408333	Bb4	70	66	630	123.000000	Bb4	70	80	
610	110.820833	Eb5	75	80	632	123.500000	Eb5	75	80	
611	110.832292	Eb4	63	63	634	123.500000	Eb4	63	80	
612	110.836458	C5	72	78	633	123.500000	C5	72	80	
613	111.285417	C#5	73	89	635	124.000000	C#5	73	80	
614	111.289583	F4	65	71	636	124.000000	F4	65	80	
615	111.746875	Bb4	70	84	637	124.500000	Bb4	70	80	
616	112.218750	C5	72	86	638	125.000000	C5	72	80	
617	112.222917	F2	41	75	639	125.000000	F2	41	80	
618	112.669792	A4	69	76	640	125.500000	A4	69	80	
619	113.256250	Bb4	70	78	641	126.000000	Bb4	70	80	
620	113.261458	F#2	42	75	643	126.000000	F#2	42	80	
621	113.868750	F4	65	56	*	-1	*	-1	-1	
622	113.872917	G#4	68	70	644	126.500000	G#4	68	80	
623	114.343750	F#4	66	69	645	127.000000	F#4	66	80	
624	114.361458	Eb4	63	51	646	127.000000	Eb4	63	80	
625	114.777083	F4	65	62	647	127.500000	F4	65	80	
626	114.828125	C#4	61	42	648	127.500000	C#4	61	80	
627	115.194792	G#4	68	67	649	128.000000	G#4	68	80	
628	115.212500	Eb4	63	59	651	128.000000	Eb4	63	80	
629	115.233333	B3	59	55	650	128.000000	B3	59	80	
630	115.661458	F2	41	58	653	128.500000	F2	41	80	
631	115.704167	D4	62	61	652	128.500000	D4	62	80	
632	115.893750	Eb4	63	56	654	128.750000	Eb4	63	80	
633	116.129167	Eb2	39	49	656	129.000000	Eb2	39	80	
634	116.141667	F4	65	54	655	129.000000	F4	65	80	
635	116.575000	D2	38	53	657	129.500000	D2	38	80	
636	117.025000	F#4	66	62	658	130.000000	F#4	66	80	
637	117.034375	Eb2	39	51	660	130.000000	Eb2	39	80	
638	117.050000	Bb3	58	48	659	130.000000	Bb3	58	80	
639	117.495833	C#4	61	49	661	130.500000	C#4	61	80	
640	117.501042	F4	65	60	662	130.500000	F4	65	80	
641	117.912500	Eb3	51	55	665	131.000000	Eb3	51	80	
642	117.935417	Eb4	63	64	664	131.000000	Eb4	63	80	
643	117.939583	C4	60	48	663	131.000000	C4	60	80	
644	118.347917	C#4	61	56	667	131.500000	C#4	61	80	
645	118.364583	Eb3	51	3	*	-1	*	-1	-1	
646	118.364583	Bb3	58	50	666	131.500000	Bb3	58	80	
647	118.793750	A3	57	48	670	132.000000	A3	57	80	
648	118.845833	F4	65	50	669	132.000000	F4	65	80	
649	118.864583	C4	60	36	668	132.000000	C4	60	80	
650	119.256250	C#3	49	36	672	132.500000	C#3	49	80	
651	119.284375	Eb4	63	49	671	132.500000	Eb4	63	80	
652	119.469792	C3	48	44	673	132.750000	C3	48	80	
653	119.806250	Bb4	70	72	674	133.000000	Bb4	70	80	
654	119.819792	C#3	49	35	675	133.000000	C#3	49	80	
655	119.819792	Bb3	58	34	676	133.000000	Bb3	58	80	
656	120.280208	C#4	61	45	677	133.500000	C#4	61	80	
657	120.285417	Eb3	51	47	678	133.500000	Eb3	51	80	
658	120.734375	F4	65	58	679	134.000000	F4	65	80	
659	120.757292	F3	53	37	683	134.000000	F3	53	80	
660	120.785417	A3	57	32	682	134.000000	A3	57	80	
661	120.790625	C4	60	31	680	134.000000	C4	60	80	
662	121.162500	Eb3	51	61	684	134.500000	Eb3	51	80	
663	121.595833	Bb3	58	77	685	135.000000	Bb3	58	80	
664	121.634375	C#3	49	53	687	135.000000	C#3	49	80	
665	122.030208	C3	48	58	689	135.500000	C3	48	80	
666	122.056250	F#5	78	81	688	135.500000	F#5	78	80	
667	122.475000	F3	53	83	691	136.000000	F3	53	80	
668	122.503125	C#3	49	63	693	136.000000	C#3	49	80	
669	122.517708	F5	77	73	690	136.000000	F5	77	80	
670	122.922917	A2	45	72	696	136.500000	A2	45	80	
671	122.922917	Eb5	75	69	694	136.500000	Eb5	75	80	
672	122.927083	C5	72	71	695	136.500000	C5	72	80	
673	123.382292	Bb2	46	89	699	137.000000	Bb2	46	80	
674	123.412500	C#5	73	83	697	137.000000	C#5	73	80	
675	123.417708	Bb4	70	70	698	137.000000	Bb4	70	80	
676	123.458333	F#4	66	53	*	-1	*	-1	-1	
677	123.815625	C5	72	84	702	137.500000	C5	72	80	
678	123.825000	A4	69	67	701	137.500000	A4	69	80	
679	123.831250	F#4	66	75	703	137.500000	F#4	66	80	
680	124.229167	F2	41	85	707	138.000000	F2	41	80	
681	124.257292	C#5	73	86	705	138.000000	C#5	73	80	
682	124.281250	F4	65	65	706	138.000000	F4	65	80	
683	124.285417	Bb4	70	62	704	138.000000	Bb4	70	80	
684	124.700000	Eb5	75	82	709	138.500000	Eb5	75	80	
685	124.709375	C4	60	82	711	138.500000	C4	60	80	
686	124.709375	A4	69	71	708	138.500000	A4	69	80	
687	125.154167	C#4	61	66	714	139.000000	C#4	61	80	
688	125.159375	Bb3	58	69	715	139.000000	Bb3	58	80	
689	125.159375	F5	77	88	713	139.000000	F5	77	80	
690	125.163542	Bb4	70	82	712	139.000000	Bb4	70	80	
691	125.596875	C4	60	76	718	139.500000	C4	60	80	
692	125.601042	F#3	54	70	720	139.500000	F#3	54	80	
693	125.601042	A3	57	71	719	139.500000	A3	57	80	
694	125.601042	C5	72	91	716	139.500000	C5	72	80	
695	125.601042	Eb5	75	87	717	139.500000	Eb5	75	80	
696	126.015625	C#5	73	94	722	140.000000	C#5	73	80	
697	126.019792	C#4	61	78	723	140.000000	C#4	61	80	
698	126.025000	F3	53	75	725	140.000000	F3	53	80	
699	126.025000	Bb4	70	81	721	140.000000	Bb4	70	80	
700	126.035417	Bb3	58	73	724	140.000000	Bb3	58	80	
701	126.247917	Eb4	63	79	726	140.250000	Eb4	63	80	
702	126.485417	Eb3	51	72	731	140.500000	Eb3	51	80	
703	126.487500	C4	60	67	730	140.500000	C4	60	80	
704	126.487500	C5	72	96	728	140.500000	C5	72	80	
705	126.498958	F4	65	83	729	140.500000	F4	65	80	
706	126.504167	A4	69	75	727	140.500000	A4	69	80	
707	126.958333	Bb4	70	88	732	141.000000	Bb4	70	80	
708	126.967708	C#4	61	83	734	141.000000	C#4	61	80	
709	126.976042	C#3	49	75	735	141.000000	C#3	49	80	
710	127.447917	F#4	66	76	736	141.500000	F#4	66	80	
711	127.453125	Eb4	63	76	737	141.500000	Eb4	63	80	
712	127.457292	C3	48	74	738	141.500000	C3	48	80	
713	127.917708	D3	50	74	742	142.000000	D3	50	80	
714	127.929167	Bb3	58	68	741	142.000000	Bb3	58	80	
715	127.933333	G#4	68	87	740	142.000000	G#4	68	80	
716	127.937500	F4	65	69	739	142.000000	F4	65	80	
717	128.423958	Eb3	51	77	746	142.500000	Eb3	51	80	
718	128.435417	C5	72	93	743	142.500000	C5	72	80	
719	128.446875	F#4	66	73	745	142.500000	F#4	66	80	
720	128.451042	Eb4	63	72	744	142.500000	Eb4	63	80	
721	129.011458	C#5	73	93	747	143.000000	C#5	73	80	
722	129.015625	F3	53	79	750	143.000000	F3	53	80	
723	129.022917	C#4	61	79	748	143.000000	C#4	61	80	
724	129.022917	F4	65	77	749	143.000000	F4	65	80	
725	129.318750	F#3	54	81	751	143.250000	F#3	54	80	
726	129.560417	E3	52	85	752	143.500000	E3	52	80	
727	129.838542	F3	53	87	753	143.750000	F3	53	80	
728	130.394792	E2	40	79	756	144.000000	E2	40	80	
729	130.409375	G4	67	83	754	144.000000	G4	67	80	
730	131.219792	C#5	73	87	757	144.500000	C#5	73	80	
731	131.739583	C5	72	87	758	145.000000	C5	72	80	
732	131.751042	C4	60	72	759	145.000000	C4	60	80	
733	132.301042	Bb4	70	76	760	145.500000	Bb4	70	80	
734	132.905208	F2	41	72	764	146.000000	F2	41	80	
735	132.919792	Bb4	70	76	761	146.000000	Bb4	70	80	
736	132.932292	F4	65	64	762	146.000000	F4	65	80	
737	132.944792	C4	60	59	763	146.000000	C4	60	80	
738	133.595833	F#4	66	72	765	146.500000	F#4	66	80	
739	134.268750	A4	69	73	766	147.000000	A4	69	80	
740	134.278125	F3	53	50	768	147.000000	F3	53	80	
741	134.291667	F4	65	61	767	147.000000	F4	65	80	
742	135.000000	Eb4	63	70	769	147.500000	Eb4	63	80	
743	136.022917	Bb4	70	81	772	148.000000	Bb4	70	80	
744	136.037500	Bb2	46	53	773	148.000000	Bb2	46	80	
745	136.037500	D4	62	70	771	148.000000	D4	62	80	
746	136.041667	Bb3	58	56	770	148.000000	Bb3	58	80	
*	-1	*	-1	-1	91	25.000000	F#4	66	80	
*	-1	*	-1	-1	130	30.500000	F#3	54	80	
*	-1	*	-1	-1	170	39.000000	F4	65	80	
*	-1	*	-1	-1	290	64.500000	B3	59	80	
*	-1	*	-1	-1	331	71.000000	Eb3	51	80	
*	-1	*	-1	-1	429	91.500000	Bb3	58	80	
*	-1	*	-1	-1	463	97.000000	F#4	66	80	
*	-1	*	-1	-1	468	97.062500	F#4	66	80	
*	-1	*	-1	-1	470	97.125000	G#4	68	80	
*	-1	*	-1	-1	471	97.186458	G#4	68	80	
*	-1	*	-1	-1	473	97.250000	F#4	66	80	
*	-1	*	-1	-1	478	97.375000	G#4	68	80	
*	-1	*	-1	-1	480	97.437500	F#4	66	80	
*	-1	*	-1	-1	481	97.500000	F#4	66	80	
*	-1	*	-1	-1	484	97.561458	G#4	68	80	
*	-1	*	-1	-1	486	97.625000	F#4	66	80	
*	-1	*	-1	-1	488	97.686458	G#4	68	80	
*	-1	*	-1	-1	490	97.750000	F#4	66	80	
*	-1	*	-1	-1	494	97.875000	F#4	66	80	
*	-1	*	-1	-1	500	98.500000	G#3	56	80	
*	-1	*	-1	-1	504	99.000000	Bb4	70	80	
*	-1	*	-1	-1	508	100.000000	Eb4	63	80	
*	-1	*	-1	-1	642	126.000000	Bb4	70	80	
*	-1	*	-1	-1	681	134.000000	F4	65	80	
*	-1	*	-1	-1	686	135.000000	Bb3	58	80	
*	-1	*	-1	-1	692	136.000000	F3	53	80	
*	-1	*	-1	-1	700	137.000000	Bb2	46	80	
*	-1	*	-1	-1	710	138.500000	Eb4	63	80	
*	-1	*	-1	-1	733	141.000000	Bb4	70	80	
*	-1	*	-1	-1	755	144.000000	G4	67	80	
*	-1	*	-1	-1	465	97.000000	G#4	68	80	
*	-1	*	-1	-1	469	97.125000	F#4	66	80	
*	-1	*	-1	-1	474	97.250000	G#4	68	80	
*	-1	*	-1	-1	476	97.312500	F#4	66	80	
*	-1	*	-1	-1	493	97.875000	F#4	66	80	
*	-1	*	-1	-1	495	97.936458	G#4	68	80	
