// alignID alignOntime alignSitch alignPitch alignOnvel refID refOntime refSitch refPitch refOnvel
0	0.500000	Bb4	70	48	0	0.000000	Bb4	70	80	
1	1.688802	F4	65	34	1	1.000000	F4	65	80	
2	3.591146	F#5	78	53	2	2.500000	F#5	78	80	
3	4.122396	F5	77	59	3	3.000000	F5	77	80	
4	4.677083	Eb5	75	61	4	3.500000	Eb5	75	80	
5	5.248698	C#5	73	51	5	4.000000	C#5	73	80	
6	5.259115	F4	65	59	6	4.000000	F4	65	80	
7	5.835938	C5	72	60	7	4.500000	C5	72	80	
8	6.385417	C#5	73	53	8	5.000000	C#5	73	80	
9	6.402344	Bb3	58	39	9	5.000000	Bb3	58	80	
10	6.945312	Eb5	75	52	10	5.500000	Eb5	75	80	
11	7.466146	F5	77	58	11	6.000000	F5	77	80	
12	8.049479	E5	76	53	12	6.500000	E5	76	80	
13	8.061198	C#5	73	42	13	6.500000	C#5	73	80	
14	8.295573	F5	77	65	14	6.750000	F5	77	80	
15	8.606771	G5	79	65	15	7.000000	G5	79	80	
16	8.610677	C5	72	47	16	7.000000	C5	72	80	
17	9.134115	Bb4	70	58	17	7.500000	Bb4	70	80	
18	9.680990	G#4	68	57	18	8.000000	G#4	68	80	
19	10.154948	G4	67	40	20	8.500000	G4	67	80	
20	10.166667	G#5	80	58	19	8.500000	G#5	80	80	
21	10.425781	G5	79	60	21	8.750000	G5	79	80	
22	10.710938	G#4	68	49	23	9.000000	G#4	68	80	
23	10.721354	F5	77	64	22	9.000000	F5	77	80	
24	11.242188	Bb4	70	56	24	9.500000	Bb4	70	80	
25	11.807292	C5	72	51	25	10.000000	C5	72	80	
26	12.329427	Eb5	75	48	26	10.500000	Eb5	75	80	
27	12.575521	C#5	73	52	27	10.750000	C#5	73	80	
28	12.860677	Eb5	75	55	28	11.000000	Eb5	75	80	
29	13.368490	F5	77	65	29	11.500000	F5	77	80	
30	13.376302	Bb4	70	45	30	11.500000	Bb4	70	80	
31	13.610677	A4	69	55	31	11.750000	A4	69	80	
32	13.908854	Bb4	70	51	33	12.000000	Bb4	70	80	
33	13.911458	F#5	78	66	32	12.000000	F#5	78	80	
34	14.423177	C5	72	58	34	12.500000	C5	72	80	
35	14.992188	C#5	73	50	35	13.000000	C#5	73	80	
36	15.506510	F5	77	46	36	13.500000	F5	77	80	
37	15.760417	Eb5	75	57	37	13.750000	Eb5	75	80	
38	16.039062	F5	77	67	38	14.000000	F5	77	80	
39	16.528646	C5	72	51	40	14.500000	C5	72	80	
40	16.535156	G5	79	68	39	14.500000	G5	79	80	
41	16.782552	Bb4	70	51	41	14.750000	Bb4	70	80	
42	17.049479	G#5	80	69	42	15.000000	G#5	80	80	
43	17.082031	C5	72	58	43	15.000000	C5	72	80	
44	17.542969	D5	74	67	44	15.500000	D5	74	80	
45	18.092448	Eb5	75	61	45	16.000000	Eb5	75	80	
46	18.631510	G5	79	54	46	16.500000	G5	79	80	
47	18.875000	F5	77	71	47	16.750000	F5	77	80	
48	19.140625	G5	79	69	48	17.000000	G5	79	80	
49	19.657552	A5	81	72	49	17.500000	A5	81	80	
50	19.667969	C#5	73	67	50	17.500000	C#5	73	80	
51	19.907552	C5	72	71	51	17.750000	C5	72	80	
52	20.207031	Bb5	82	70	52	18.000000	Bb5	82	80	
53	20.210938	Bb3	58	67	54	18.000000	Bb3	58	80	
54	20.218750	C#5	73	62	53	18.000000	C#5	73	80	
55	20.743490	Eb5	75	69	55	18.500000	Eb5	75	80	
56	21.290365	F3	53	45	57	19.000000	F3	53	80	
57	21.290365	F5	77	62	56	19.000000	F5	77	80	
58	21.819010	A5	81	46	58	19.500000	A5	81	80	
59	22.048177	G5	79	59	59	19.750000	G5	79	80	
60	22.330729	A5	81	60	60	20.000000	A5	81	80	
61	22.817708	Bb5	82	68	61	20.500000	Bb5	82	80	
62	22.820312	F#4	66	65	63	20.500000	F#4	66	80	
63	22.830729	Eb5	75	57	62	20.500000	Eb5	75	80	
64	23.053385	C#5	73	71	64	20.750000	C#5	73	80	
65	23.343750	F4	65	62	67	21.000000	F4	65	80	
66	23.343750	C6	84	80	65	21.000000	C6	84	80	
67	23.358073	Eb5	75	65	66	21.000000	Eb5	75	80	
68	23.861979	Eb4	63	71	68	21.500000	Eb4	63	80	
69	24.404948	F3	53	70	70	22.000000	F3	53	80	
70	24.404948	C#4	61	55	69	22.000000	C#4	61	80	
71	24.914062	C4	60	54	73	22.500000	C4	60	80	
72	24.924479	Bb5	82	65	71	22.500000	Bb5	82	80	
73	24.929688	C#5	73	62	72	22.500000	F5	77	80	
74	25.147135	Eb5	75	65	75	22.750000	Eb5	75	80	
75	25.151042	A5	81	62	74	22.750000	A5	81	80	
76	25.447917	Bb2	46	50	79	23.000000	Bb2	46	80	
77	25.450521	Bb5	82	62	76	23.000000	Bb5	82	80	
78	25.455729	C#5	73	60	77	23.000000	C#5	73	80	
79	25.458333	Bb3	58	45	78	23.000000	Bb3	58	80	
80	25.967448	G#5	80	68	80	23.500000	G#5	80	80	
81	25.971354	C4	60	64	82	23.500000	C4	60	80	
82	25.979167	C5	72	60	81	23.500000	C5	72	80	
83	26.196615	C#4	61	75	83	23.750000	C#4	61	80	
84	26.473958	F#5	78	74	84	24.000000	F#5	78	80	
85	26.477865	Bb4	70	62	85	24.000000	Bb4	70	80	
86	26.484375	Eb4	63	61	86	24.000000	Eb4	63	80	
87	26.971354	C#4	61	59	89	24.500000	C#4	61	80	
88	26.973958	F5	77	72	87	24.500000	F5	77	80	
89	26.977865	F4	65	64	88	24.500000	F4	65	80	
90	27.523438	F#4	66	60	91	25.000000	F#4	66	80	
91	27.527344	Eb5	75	64	90	25.000000	Eb5	75	80	
92	27.535156	C4	60	47	92	25.000000	C4	60	80	
93	28.028646	Bb3	58	42	94	25.500000	Bb3	58	80	
94	28.035156	A4	69	53	93	25.500000	A4	69	80	
95	28.260417	Bb4	70	56	95	25.750000	Bb4	70	80	
96	28.535156	F4	65	28	97	26.000000	F4	65	80	
97	28.557292	A3	57	37	98	26.000000	A3	57	80	
98	28.557292	C5	72	59	96	26.000000	C5	72	80	
99	29.059896	A4	69	47	100	26.500000	A4	69	80	
100	29.063802	F3	53	40	102	26.500000	F3	53	80	
101	29.063802	F5	77	66	99	26.500000	F5	77	80	
102	29.070312	Eb4	63	43	101	26.500000	Eb4	63	80	
103	29.290365	F#5	78	77	103	26.750000	F#5	78	80	
104	29.562500	G3	55	41	107	27.000000	G3	55	80	
105	29.578125	F5	77	79	104	27.000000	F5	77	80	
106	29.582031	Bb4	70	61	105	27.000000	Bb4	70	80	
107	29.585938	C#4	61	50	106	27.000000	C#4	61	80	
108	30.050781	C4	60	56	110	27.500000	C4	60	80	
109	30.061198	Eb5	75	82	108	27.500000	Eb5	75	80	
110	30.066406	A3	57	47	111	27.500000	A3	57	80	
111	30.079427	C5	72	70	109	27.500000	C5	72	80	
112	30.598958	Bb2	46	74	115	28.000000	Bb2	46	80	
113	30.609375	Bb3	58	63	114	28.000000	Bb3	58	80	
114	30.609375	C#5	73	86	112	28.000000	C#5	73	80	
115	30.631510	C#4	61	65	113	28.000000	C#4	61	80	
116	31.128906	C3	48	58	118	28.500000	C3	48	80	
117	31.128906	Bb4	70	66	116	28.500000	Bb4	70	80	
118	31.134115	Eb4	63	61	117	28.500000	Eb4	63	80	
119	31.359375	A4	69	70	119	28.750000	A4	69	80	
120	31.640625	C#3	49	48	122	29.000000	C#3	49	80	
121	31.640625	Bb4	70	63	120	29.000000	Bb4	70	80	
122	31.647135	F4	65	54	121	29.000000	F4	65	80	
123	31.657552	F2	41	51	123	29.000000	F2	41	80	
124	32.148438	Eb3	51	57	125	29.500000	Eb3	51	80	
125	32.162760	F#4	66	61	124	29.500000	F#4	66	80	
126	32.688802	C5	72	78	126	30.000000	C5	72	80	
127	32.699219	F3	53	42	128	30.000000	F3	53	80	
128	32.704427	C4	60	55	127	30.000000	C4	60	80	
129	33.205729	F#3	54	63	129	30.500000	F#3	54	80	
130	33.742188	G#4	68	59	131	31.000000	G#4	68	80	
131	33.744792	G#3	56	41	133	31.000000	G#3	56	80	
132	33.747396	F4	65	49	132	31.000000	F4	65	80	
133	33.748698	F3	53	44	134	31.000000	F3	53	80	
134	34.229167	Eb3	51	54	135	31.500000	Eb3	51	80	
135	34.765625	Bb4	70	62	136	32.000000	Bb4	70	80	
136	34.777344	Bb3	58	40	137	32.000000	Bb3	58	80	
137	34.781250	D3	50	30	138	32.000000	D3	50	80	
138	35.270833	D4	62	49	139	32.500000	D4	62	80	
139	35.305990	Bb2	46	34	140	32.500000	Bb2	46	80	
140	35.786458	Eb4	63	64	141	33.000000	Eb4	63	80	
141	35.787760	C3	48	38	142	33.000000	C3	48	80	
142	36.278646	D3	50	35	144	33.500000	D3	50	80	
143	36.286458	F4	65	65	143	33.500000	F4	65	80	
144	36.819010	F#4	66	60	145	34.000000	F#4	66	80	
145	36.821615	Eb3	51	39	146	34.000000	Eb3	51	80	
146	37.328125	F3	53	44	148	34.500000	F3	53	80	
147	37.328125	Eb4	63	65	147	34.500000	Eb4	63	80	
148	37.557292	D4	62	56	149	34.750000	D4	62	80	
149	37.833333	Eb4	63	50	150	35.000000	Eb4	63	80	
150	37.846354	Eb3	51	42	151	35.000000	Eb3	51	80	
151	38.333333	C#3	49	34	153	35.500000	C#3	49	80	
152	38.335938	Eb5	75	55	152	35.500000	Eb5	75	80	
153	38.847656	G#4	68	52	154	36.000000	G#4	68	80	
154	38.855469	C4	60	29	155	36.000000	C4	60	80	
155	38.856771	C3	48	28	156	36.000000	C3	48	80	
156	39.386719	C3	48	43	157	36.500000	C3	48	80	
157	39.406250	G#2	44	26	158	36.500000	G#2	44	80	
158	39.864583	C#3	49	40	159	37.000000	C#3	49	80	
159	39.871094	Bb2	46	34	160	37.000000	Bb2	46	80	
160	40.381510	C3	48	40	162	37.500000	C3	48	80	
161	40.386719	Eb3	51	43	161	37.500000	Eb3	51	80	
162	40.902344	C#3	49	50	166	38.000000	C#3	49	80	
163	40.916667	C#4	61	38	163	38.000000	C#4	61	80	
164	40.919271	F4	65	47	164	38.000000	F4	65	80	
165	40.946615	F3	53	32	165	38.000000	F3	53	80	
166	41.411458	Eb3	51	58	167	38.500000	Eb3	51	80	
167	41.911458	Bb4	70	61	168	39.000000	Bb4	70	80	
168	41.911458	C#5	73	72	169	39.000000	C#5	73	80	
169	41.920573	F4	65	45	170	39.000000	F4	65	80	
170	41.923177	F3	53	33	171	39.000000	F3	53	80	
171	41.938802	Bb2	46	34	172	39.000000	Bb2	46	80	
172	42.419271	F#3	54	61	173	39.500000	F#3	54	80	
173	42.910156	F3	53	60	177	40.000000	F3	53	80	
174	42.916667	C5	72	67	175	40.000000	C5	72	80	
175	42.925781	G#4	68	57	174	40.000000	G#4	68	80	
176	42.927083	G#3	56	45	176	40.000000	G#3	56	80	
177	43.415365	Bb3	58	76	178	40.500000	Bb3	58	80	
178	43.628906	C4	60	79	179	40.750000	C4	60	80	
179	43.893229	C#5	73	69	181	41.000000	C#5	73	80	
180	43.897135	Bb3	58	56	182	41.000000	Bb3	58	80	
181	43.897135	F5	77	82	180	41.000000	F5	77	80	
182	43.912760	C#3	49	40	183	41.000000	C#3	49	80	
183	44.417969	G#3	56	67	184	41.500000	G#3	56	80	
184	44.904948	Bb4	70	69	185	42.000000	Bb4	70	80	
185	44.915365	F#3	54	57	186	42.000000	F#3	54	80	
186	44.944010	Eb3	51	56	187	42.000000	Eb3	51	80	
187	45.395833	G#3	56	63	190	42.500000	G#3	56	80	
188	45.402344	G#4	68	66	188	42.500000	G#4	68	80	
189	45.406250	C5	72	76	189	42.500000	C5	72	80	
190	45.408854	F3	53	48	191	42.500000	F3	53	80	
191	45.902344	F#3	54	56	196	43.000000	F#3	54	80	
192	45.910156	Bb4	70	67	194	43.000000	Bb4	70	80	
193	45.915365	Eb5	75	78	192	43.000000	Eb5	75	80	
194	45.920573	Bb3	58	52	195	43.000000	Bb3	58	80	
195	45.923177	F#4	66	67	193	43.000000	F#4	66	80	
196	46.411458	C4	60	67	199	43.500000	C4	60	80	
197	46.424479	C#5	73	82	197	43.500000	C#5	73	80	
198	46.430990	F4	65	64	198	43.500000	F4	65	80	
199	46.635417	C#4	61	69	200	43.750000	C#4	61	80	
200	46.934896	Eb4	63	65	202	44.000000	Eb4	63	80	
201	46.936198	G#4	68	75	203	44.000000	G#4	68	80	
202	46.940104	G#3	56	50	204	44.000000	G#3	56	80	
203	46.941406	C5	72	78	201	44.000000	C5	72	80	
204	47.437500	F3	53	67	205	44.500000	F3	53	80	
205	47.914062	C#5	73	76	206	45.000000	C#5	73	80	
206	47.915365	F4	65	72	207	45.000000	F4	65	80	
207	47.925781	Eb3	51	63	208	45.000000	Eb3	51	80	
208	48.434896	C#3	49	61	209	45.500000	C#3	49	80	
209	48.951823	G#3	56	67	211	46.000000	G#3	56	80	
210	48.963542	Eb4	63	59	210	46.000000	Eb4	63	80	
211	49.454427	Bb4	70	77	212	46.500000	Bb4	70	80	
212	49.946615	C5	72	81	213	47.000000	C5	72	80	
213	49.947917	G#2	44	51	215	47.000000	G#2	44	80	
214	49.953125	G#4	68	74	214	47.000000	G#4	68	80	
215	50.466146	F#4	66	73	216	47.500000	F#4	66	80	
216	50.989583	C#3	49	31	220	48.000000	C#3	49	80	
217	51.007812	C#5	73	74	217	48.000000	C#5	73	80	
218	51.009115	C#4	61	44	218	48.000000	C#4	61	80	
219	51.014323	F4	65	57	219	48.000000	F4	65	80	
220	51.524740	C4	60	48	221	48.500000	C4	60	80	
221	51.552083	Eb4	63	57	222	48.500000	Eb4	63	80	
222	52.049479	C#4	61	41	224	49.000000	C#4	61	80	
223	52.057292	G#4	68	57	223	49.000000	G#4	68	80	
224	52.065104	F4	65	43	225	49.000000	F4	65	80	
225	52.572917	F#4	66	37	227	49.500000	F#4	66	80	
226	52.589844	Eb4	63	43	226	49.500000	Eb4	63	80	
227	53.119792	F4	65	42	228	50.000000	F4	65	80	
228	53.140625	G#4	68	46	229	50.000000	G#4	68	80	
229	53.660156	B5	83	64	230	50.500000	B5	83	80	
230	54.157552	Bb5	82	66	231	51.000000	Bb5	82	80	
231	54.164062	F4	65	30	233	51.000000	F4	65	80	
232	54.179688	D4	62	31	232	51.000000	D4	62	80	
233	54.688802	G#5	80	64	234	51.500000	G#5	80	80	
234	55.225260	Bb4	70	69	237	52.000000	Bb4	70	80	
235	55.231771	F#5	78	59	235	52.000000	F#5	78	80	
236	55.234375	Eb4	63	34	236	52.000000	Eb4	63	80	
237	55.746094	F5	77	58	238	52.500000	F5	77	80	
238	56.270833	Eb4	63	58	240	53.000000	Eb4	63	80	
239	56.291667	F#5	78	56	239	53.000000	F#5	78	80	
240	56.778646	G#5	80	57	241	53.500000	G#5	80	80	
241	56.785156	F4	65	36	242	53.500000	F4	65	80	
242	57.296875	F#4	66	43	244	54.000000	F#4	66	80	
243	57.300781	Bb5	82	62	243	54.000000	Bb5	82	80	
244	57.803385	F#5	78	67	247	54.500000	F#5	78	80	
245	57.816406	A5	81	61	245	54.500000	A5	81	80	
246	57.833333	Eb4	63	39	246	54.500000	Eb4	63	80	
247	58.042969	Bb5	82	62	248	54.750000	Bb5	82	80	
248	58.332031	F5	77	81	251	55.000000	F5	77	80	
249	58.342448	A4	69	43	250	55.000000	A4	69	80	
250	58.342448	C6	84	70	249	55.000000	C6	84	80	
251	58.834635	G4	67	56	252	55.500000	G4	67	80	
252	58.842448	Eb5	75	83	253	55.500000	Eb5	75	80	
253	59.049479	F4	65	62	254	55.750000	F4	65	80	
254	59.354167	Bb3	58	75	257	56.000000	Bb3	58	80	
255	59.356771	C#5	73	68	256	56.000000	C#5	73	80	
256	59.358073	Bb4	70	68	255	56.000000	Bb4	70	80	
257	59.861979	Bb5	82	78	258	56.500000	Bb5	82	80	
258	59.868490	F5	77	63	259	56.500000	F5	77	80	
259	60.371094	F3	53	58	262	57.000000	F3	53	80	
260	60.373698	Eb5	75	67	260	57.000000	Eb5	75	80	
261	60.378906	C5	72	52	261	57.000000	C5	72	80	
262	60.884115	A5	81	64	263	57.500000	A5	81	80	
263	61.393229	Bb5	82	64	264	58.000000	Bb5	82	80	
264	61.397135	Bb4	70	54	265	58.000000	Bb4	70	80	
265	61.408854	D5	74	47	266	58.000000	D5	74	80	
266	61.890625	F#4	66	62	267	58.500000	F#4	66	80	
267	62.406250	Eb5	75	60	268	59.000000	Eb5	75	80	
268	62.408854	F4	65	50	269	59.000000	F4	65	80	
269	62.910156	Eb4	63	44	270	59.500000	Eb4	63	80	
270	63.421875	F5	77	47	271	60.000000	F5	77	80	
271	63.425781	D4	62	36	272	60.000000	D4	62	80	
272	63.927083	Bb3	58	43	273	60.500000	Bb3	58	80	
273	64.440104	C4	60	47	275	61.000000	C4	60	80	
274	64.445312	G#5	80	62	274	61.000000	G#5	80	80	
275	64.923177	D4	62	59	276	61.500000	D4	62	80	
276	65.446615	F#5	78	66	277	62.000000	F#5	78	80	
277	65.449219	Eb3	51	68	279	62.000000	Eb3	51	80	
278	65.455729	Eb4	63	48	278	62.000000	Eb4	63	80	
279	65.960938	Eb5	75	64	280	62.500000	Eb5	75	80	
280	65.971354	F3	53	48	281	62.500000	F3	53	80	
281	66.188802	D5	74	55	282	62.750000	D5	74	80	
282	66.458333	Eb5	75	61	283	63.000000	Eb5	75	80	
283	66.468750	F#3	54	49	284	63.000000	F#3	54	80	
284	66.493490	Bb2	46	42	285	63.000000	Bb2	46	80	
285	66.972656	G#3	56	55	286	63.500000	G#3	56	80	
286	67.481771	F5	77	66	287	64.000000	F5	77	80	
287	67.496094	Bb3	58	48	288	64.000000	Bb3	58	80	
288	67.993490	B3	59	67	289	64.500000	B3	59	80	
289	68.527344	C#4	61	51	293	65.000000	C#4	61	80	
290	68.529948	C#5	73	60	292	65.000000	C#5	73	80	
291	68.531250	E5	76	64	291	65.000000	E5	76	80	
292	68.535156	Bb3	58	49	294	65.000000	Bb3	58	80	
293	69.024740	G#3	56	53	295	65.500000	G#3	56	80	
294	69.566406	G3	55	30	298	66.000000	G3	55	80	
295	69.566406	Eb4	63	33	297	66.000000	Eb4	63	80	
296	69.567708	Eb5	75	55	296	66.000000	Eb5	75	80	
297	70.053385	G3	55	44	300	66.500000	G3	55	80	
298	70.059896	Eb3	51	49	301	66.500000	Eb3	51	80	
299	70.070312	Eb5	75	56	299	66.500000	Eb5	75	80	
300	70.285156	E5	76	68	302	66.750000	E5	76	80	
301	70.529948	F3	53	38	305	67.000000	F3	53	80	
302	70.548177	G#3	56	60	304	67.000000	G#3	56	80	
303	70.557292	Eb5	75	73	303	67.000000	Eb5	75	80	
304	71.031250	C#5	73	77	306	67.500000	C#5	73	80	
305	71.039062	Bb3	58	50	307	67.500000	Bb3	58	80	
306	71.040365	G3	55	60	308	67.500000	G3	55	80	
307	71.559896	G#3	56	56	312	68.000000	G#3	56	80	
308	71.559896	B3	59	52	311	68.000000	B3	59	80	
309	71.569010	B4	71	75	310	68.000000	B4	71	80	
310	71.583333	G#4	68	62	309	68.000000	G#4	68	80	
311	72.063802	F#3	54	63	315	68.500000	F#3	54	80	
312	72.067708	Bb3	58	69	314	68.500000	Bb3	58	80	
313	72.070312	Bb4	70	84	313	68.500000	Bb4	70	80	
314	72.567708	G#3	56	66	319	69.000000	G#3	56	80	
315	72.567708	B4	71	76	317	69.000000	B4	71	80	
316	72.569010	G#5	80	86	316	69.000000	G#5	80	80	
317	72.575521	E5	76	69	318	69.000000	E5	76	80	
318	72.579427	E3	52	51	320	69.000000	E3	52	80	
319	73.065104	F#3	54	80	321	69.500000	F#3	54	80	
320	73.075521	Eb3	51	60	322	69.500000	Eb3	51	80	
321	73.552083	C#3	49	55	325	70.000000	C#3	49	80	
322	73.552083	E3	52	76	324	70.000000	E3	52	80	
323	73.563802	Bb4	70	71	323	70.000000	Bb4	70	80	
324	73.776042	Eb5	75	79	326	70.250000	Eb5	75	80	
325	74.027344	C#5	73	91	327	70.500000	C#5	73	80	
326	74.028646	Bb2	46	64	328	70.500000	Bb2	46	80	
327	74.492188	Eb3	51	61	330	71.000000	Eb3	51	80	
328	74.527344	G5	79	87	329	71.000000	G5	79	80	
329	74.748698	E5	76	81	332	71.250000	E5	76	80	
330	74.975260	Eb2	39	67	334	71.500000	Eb2	39	80	
331	74.984375	Eb5	75	91	333	71.500000	Eb5	75	80	
332	75.203125	C#5	73	93	335	71.750000	C#5	73	80	
333	75.484375	C5	72	62	338	72.000000	C5	72	80	
334	75.494792	G#2	44	54	339	72.000000	G#2	44	80	
335	75.500000	G#4	68	90	337	72.000000	G#4	68	80	
336	75.500000	G#5	80	87	336	72.000000	G#5	80	80	
337	75.964844	G#3	56	76	340	72.500000	G#3	56	80	
338	76.453125	Bb2	46	38	343	73.000000	Bb2	46	80	
339	76.463542	F#3	54	49	342	73.000000	F#3	54	80	
340	76.475260	C#4	61	81	341	73.000000	C#4	61	80	
341	76.947917	F3	53	71	344	73.500000	F3	53	80	
342	76.954427	G#2	44	61	345	73.500000	G#2	44	80	
343	77.458333	F#2	42	63	347	74.000000	F#2	42	80	
344	77.459635	Eb3	51	71	346	74.000000	Eb3	51	80	
345	77.989583	C#3	49	50	349	74.500000	C#3	49	80	
346	77.990885	F5	77	83	348	74.500000	F5	77	80	
347	78.460938	Eb5	75	82	350	75.000000	Eb5	75	80	
348	78.468750	F#3	54	47	352	75.000000	F#3	54	80	
349	78.475260	Bb3	58	56	351	75.000000	Bb3	58	80	
350	78.959635	C#5	73	77	353	75.500000	C#5	73	80	
351	79.475260	G#3	56	43	355	76.000000	G#3	56	80	
352	79.475260	C5	72	71	354	76.000000	C5	72	80	
353	79.973958	G#4	68	64	356	76.500000	G#4	68	80	
354	79.979167	F#4	66	62	357	76.500000	F#4	66	80	
355	79.990885	F3	53	42	358	76.500000	F3	53	80	
356	80.466146	F#3	54	60	361	77.000000	F#3	54	80	
357	80.473958	Bb4	70	76	359	77.000000	Bb4	70	80	
358	80.475260	F4	65	73	360	77.000000	F4	65	80	
359	80.958333	C5	72	80	362	77.500000	C5	72	80	
360	80.966146	G#3	56	60	364	77.500000	G#3	56	80	
361	80.968750	Eb4	63	73	363	77.500000	Eb4	63	80	
362	81.466146	C#4	61	69	366	78.000000	C#4	61	80	
363	81.466146	C#5	73	81	365	78.000000	C#5	73	80	
364	81.471354	Bb3	58	59	367	78.000000	Bb3	58	80	
365	81.954427	F#4	66	73	368	78.500000	F#4	66	80	
366	82.485677	F#3	54	61	369	79.000000	F#3	54	80	
367	82.951823	F4	65	64	370	79.500000	F4	65	80	
368	83.455729	G#3	56	44	372	80.000000	G#3	56	80	
369	83.462240	Eb4	63	59	371	80.000000	Eb4	63	80	
370	83.973958	Bb3	58	46	373	80.500000	Bb3	58	80	
371	84.449219	C5	72	53	374	81.000000	C5	72	80	
372	84.470052	G#3	56	36	375	81.000000	G#3	56	80	
373	84.936198	F#3	54	39	376	81.500000	F#3	54	80	
374	85.451823	C#5	73	50	377	82.000000	C#5	73	80	
375	85.454427	F3	53	27	379	82.000000	F3	53	80	
376	85.458333	G#3	56	35	378	82.000000	G#3	56	80	
377	85.945312	B4	71	48	380	82.500000	B4	71	80	
378	86.173177	Bb4	70	49	381	82.750000	Bb4	70	80	
379	86.454427	G#4	68	46	383	83.000000	G#4	68	80	
380	86.457031	B4	71	56	382	83.000000	B4	71	80	
381	86.928385	F#4	66	48	384	83.500000	F#4	66	80	
382	86.950521	Eb3	51	50	385	83.500000	Eb3	51	80	
383	87.174479	C#3	49	41	387	83.750000	C#3	49	80	
384	87.174479	F4	65	50	386	83.750000	F4	65	80	
385	87.438802	F#4	66	58	388	84.000000	F#4	66	80	
386	87.444010	Eb3	51	49	389	84.000000	Eb3	51	80	
387	87.907552	C#4	61	70	391	84.500000	C#4	61	80	
388	87.924479	Bb4	70	54	390	84.500000	Bb4	70	80	
389	87.927083	F3	53	39	392	84.500000	F3	53	80	
390	88.127604	G#4	68	59	393	84.750000	G#4	68	80	
391	88.403646	Bb4	70	58	394	85.000000	Bb4	70	80	
392	88.427083	F#3	54	39	395	85.000000	F#3	54	80	
393	88.881510	Eb4	63	56	397	85.500000	Eb4	63	80	
394	88.893229	C5	72	56	396	85.500000	C5	72	80	
395	89.391927	C#5	73	59	398	86.000000	C#5	73	80	
396	89.402344	G#3	56	44	399	86.000000	G#3	56	80	
397	89.889323	F3	53	43	401	86.500000	F3	53	80	
398	89.889323	G#4	68	56	400	86.500000	G#4	68	80	
399	90.093750	F#4	66	57	402	86.750000	F#4	66	80	
400	90.101562	Eb3	51	47	403	86.750000	Eb3	51	80	
401	90.381510	G#4	68	66	404	87.000000	G#4	68	80	
402	90.398438	F3	53	40	405	87.000000	F3	53	80	
403	90.830729	Eb4	63	80	407	87.500000	Eb4	63	80	
404	90.843750	G3	55	49	408	87.500000	G3	55	80	
405	90.856771	C5	72	60	406	87.500000	C5	72	80	
406	91.057292	Bb4	70	70	409	87.750000	Bb4	70	80	
407	91.309896	C5	72	72	410	88.000000	C5	72	80	
408	91.311198	G#3	56	58	411	88.000000	G#3	56	80	
409	91.794271	F4	65	64	413	88.500000	F4	65	80	
410	91.807292	D5	74	74	412	88.500000	D5	74	80	
411	92.285156	Bb3	58	60	415	89.000000	Bb3	58	80	
412	92.285156	Eb5	75	72	414	89.000000	Eb5	75	80	
413	92.752604	G3	55	61	416	89.500000	G3	55	80	
414	92.971354	F3	53	64	417	89.750000	F3	53	80	
415	93.233073	G3	55	71	418	90.000000	G3	55	80	
416	93.684896	C#5	73	73	419	90.500000	C#5	73	80	
417	93.686198	F4	65	78	420	90.500000	F4	65	80	
418	93.695312	A3	57	58	421	90.500000	A3	57	80	
419	93.914062	C5	72	73	422	90.750000	C5	72	80	
420	94.131510	Bb3	58	51	424	91.000000	Bb3	58	80	
421	94.143229	C#5	73	71	423	91.000000	C#5	73	80	
422	94.371094	Eb5	75	77	425	91.250000	Eb5	75	80	
423	94.385417	C4	60	63	426	91.250000	C4	60	80	
424	94.595052	Bb3	58	81	428	91.500000	Bb3	58	80	
425	94.601562	C#5	73	69	427	91.500000	C#5	73	80	
426	94.803385	Eb5	75	68	430	91.750000	Eb5	75	80	
427	94.811198	C4	60	64	431	91.750000	C4	60	80	
428	95.035156	C#4	61	54	433	92.000000	C#4	61	80	
429	95.041667	F5	77	76	432	92.000000	F5	77	80	
430	95.263021	C4	60	72	434	92.250000	C4	60	80	
431	95.486979	Bb3	58	79	436	92.500000	Bb3	58	80	
432	95.497396	C#5	73	84	435	92.500000	C#5	73	80	
433	95.700521	G#3	56	84	437	92.750000	G#3	56	80	
434	95.932292	F#3	54	85	440	93.000000	F#3	54	80	
435	95.940104	Eb5	75	81	438	93.000000	Eb5	75	80	
436	95.942708	C5	72	85	439	93.000000	C5	72	80	
437	96.152344	F3	53	90	441	93.250000	F3	53	80	
438	96.386719	F#3	54	95	443	93.500000	F#3	54	80	
439	96.394531	Bb4	70	87	442	93.500000	Bb4	70	80	
440	96.593750	Eb3	51	90	444	93.750000	Eb3	51	80	
441	96.850260	F3	53	91	446	94.000000	F3	53	80	
442	96.859375	A4	69	64	445	94.000000	A4	69	80	
443	97.085938	Bb4	70	75	447	94.250000	Bb4	70	80	
444	97.299479	Eb5	75	82	448	94.500000	Eb5	75	80	
445	97.324219	C5	72	68	449	94.500000	C5	72	80	
446	97.523438	A4	69	67	450	94.750000	A4	69	80	
447	97.782552	Bb2	46	60	453	95.000000	Bb2	46	80	
448	97.786458	F4	65	52	452	95.000000	F4	65	80	
449	97.791667	C#5	73	69	451	95.000000	C#5	73	80	
450	98.235677	C5	72	71	454	95.500000	C5	72	80	
451	98.242188	G#4	68	60	455	95.500000	G#4	68	80	
452	98.721354	F#4	66	59	457	96.000000	F#4	66	80	
453	98.726562	Bb4	70	74	456	96.000000	Bb4	70	80	
454	98.932292	C5	72	79	458	96.250000	C5	72	80	
455	99.153646	C#4	61	76	461	96.500000	C#4	61	80	
456	99.165365	F4	65	65	460	96.500000	F4	65	80	
457	99.167969	C#5	73	70	459	96.500000	C#5	73	80	
458	99.369792	Bb4	70	73	462	96.750000	Bb4	70	80	
459	99.618490	C4	60	46	466	97.000000	C4	60	80	
460	99.618490	Eb4	63	54	464	97.000000	Eb4	63	80	
461	99.658854	G#4	68	61	467	97.061458	G#4	68	80	
462	99.781250	F#4	66	65	472	97.187500	F#4	66	80	
463	99.886719	G#4	68	70	475	97.311458	G#4	68	80	
464	99.964844	F#4	66	73	477	97.375000	F#4	66	80	
465	100.057292	G#4	68	80	479	97.436458	G#4	68	80	
466	100.083333	Bb3	58	65	483	97.500000	Bb3	58	80	
467	100.149740	F#4	66	72	486	97.625000	F#4	66	80	
468	100.248698	F4	65	72	491	97.750000	F4	65	80	
469	100.348958	F#4	66	81	493	97.875000	F#4	66	80	
470	100.488281	A3	57	59	498	98.000000	A3	57	80	
471	100.488281	F5	77	96	496	98.000000	F5	77	80	
472	100.501302	F4	65	73	497	98.000000	F4	65	80	
473	100.937500	G#3	56	53	500	98.500000	G#3	56	80	
474	100.962240	D4	62	75	499	98.500000	D4	62	80	
475	101.152344	C4	60	73	501	98.750000	C4	60	80	
476	101.441406	Bb4	70	84	502	99.000000	Bb4	70	80	
477	101.463542	D4	62	52	503	99.000000	D4	62	80	
478	101.902344	F#3	54	69	505	99.500000	F#3	54	80	
479	102.109375	F3	53	68	506	99.750000	F3	53	80	
480	102.406250	Eb4	63	76	507	100.000000	Eb4	63	80	
481	102.408854	F#3	54	52	509	100.000000	F#3	54	80	
482	102.854167	G#3	56	62	511	100.500000	G#3	56	80	
483	102.863281	B5	83	91	510	100.500000	B5	83	80	
484	103.350260	D4	62	59	513	101.000000	D4	62	80	
485	103.352865	Bb3	58	64	514	101.000000	Bb3	58	80	
486	103.355469	Bb5	82	96	512	101.000000	Bb5	82	80	
487	103.830729	F5	77	101	516	101.500000	F5	77	80	
488	103.834635	G#5	80	81	515	101.500000	G#5	80	80	
489	104.321615	Eb3	51	77	520	102.000000	Eb3	51	80	
490	104.325521	F#5	78	94	517	102.000000	F#5	78	80	
491	104.330729	Eb5	75	99	519	102.000000	Eb5	75	80	
492	104.808594	C#5	73	87	522	102.500000	C#5	73	80	
493	104.820312	Bb4	70	75	521	102.500000	Bb4	70	80	
494	105.264323	B4	71	84	525	103.000000	B4	71	80	
495	105.274740	E5	76	88	523	103.000000	E5	76	80	
496	105.278646	G#2	44	61	526	103.000000	G#2	44	80	
497	105.285156	G#4	68	74	524	103.000000	G#4	68	80	
498	105.752604	Eb5	75	84	527	103.500000	Eb5	75	80	
499	105.765625	F#4	66	64	528	103.500000	F#4	66	80	
500	106.239583	F3	53	80	532	104.000000	F3	53	80	
501	106.250000	Bb4	70	71	531	104.000000	Bb4	70	80	
502	106.250000	D5	74	80	529	104.000000	D5	74	80	
503	106.255208	F4	65	70	530	104.000000	F4	65	80	
504	106.744792	F#2	42	77	533	104.500000	F#2	42	80	
505	107.221354	Eb5	75	86	534	105.000000	Eb5	75	80	
506	107.225260	Bb2	46	74	537	105.000000	Bb2	46	80	
507	107.227865	F#4	66	75	535	105.000000	F#4	66	80	
508	107.238281	F2	41	67	536	105.000000	F2	41	80	
509	107.718750	Eb2	39	68	538	105.500000	Eb2	39	80	
510	108.204427	Bb2	46	66	540	106.000000	Bb2	46	80	
511	108.217448	F4	65	67	539	106.000000	F4	65	80	
512	108.708333	B3	59	80	541	106.500000	B3	59	80	
513	109.178385	D5	74	80	542	107.000000	D5	74	80	
514	109.190104	Bb3	58	72	543	107.000000	Bb3	58	80	
515	109.661458	G#3	56	75	544	107.500000	G#3	56	80	
516	110.173177	Eb4	63	63	546	108.000000	Eb4	63	80	
517	110.173177	Eb5	75	75	545	108.000000	Eb5	75	80	
518	110.177083	Bb4	70	68	547	108.000000	Bb4	70	80	
519	110.183594	Eb3	51	53	549	108.000000	Eb3	51	80	
520	110.201823	F#3	54	51	548	108.000000	F#3	54	80	
521	110.703125	F3	53	63	550	108.500000	F3	53	80	
522	111.182292	Eb4	63	53	552	109.000000	Eb4	63	80	
523	111.188802	Bb3	58	44	551	109.000000	Bb3	58	80	
524	111.191406	F#3	54	44	553	109.000000	F#3	54	80	
525	111.670573	G#3	56	45	554	109.500000	G#3	56	80	
526	111.683594	F3	53	41	555	109.500000	F3	53	80	
527	112.195312	Bb3	58	36	556	110.000000	Bb3	58	80	
528	112.200521	F#3	54	39	557	110.000000	F#3	54	80	
529	112.683594	F5	77	57	558	110.500000	F5	77	80	
530	112.686198	C4	60	41	560	110.500000	C4	60	80	
531	112.687500	C#5	73	47	559	110.500000	C#5	73	80	
532	112.898438	C#4	61	48	561	110.750000	C#4	61	80	
533	113.207031	Eb5	75	54	562	111.000000	Eb5	75	80	
534	113.208333	Eb4	63	40	564	111.000000	Eb4	63	80	
535	113.208333	C5	72	41	563	111.000000	C5	72	80	
536	113.701823	Bb4	70	46	566	111.500000	Bb4	70	80	
537	113.708333	C#5	73	53	565	111.500000	C#5	73	80	
538	114.194010	C5	72	47	567	112.000000	C5	72	80	
539	114.205729	A4	69	37	568	112.000000	A4	69	80	
540	114.692708	Bb4	70	49	569	112.500000	Bb4	70	80	
541	114.696615	F3	53	28	572	112.500000	F3	53	80	
542	114.703125	G4	67	41	570	112.500000	G4	67	80	
543	114.720052	C#4	61	30	571	112.500000	C#4	61	80	
544	115.166667	C5	72	63	573	113.000000	C5	72	80	
545	115.169271	A4	69	55	574	113.000000	A4	69	80	
546	115.190104	Eb3	51	43	576	113.000000	Eb3	51	80	
547	115.201823	C4	60	41	575	113.000000	C4	60	80	
548	115.639323	C#5	73	64	577	113.500000	C#5	73	80	
549	115.653646	Bb4	70	61	578	113.500000	Bb4	70	80	
550	115.661458	Bb3	58	45	579	113.500000	Bb3	58	80	
551	115.670573	C#3	49	38	580	113.500000	C#3	49	80	
552	116.161458	A3	57	38	583	114.000000	A3	57	80	
553	116.161458	Eb5	75	67	581	114.000000	Eb5	75	80	
554	116.177083	C5	72	57	582	114.000000	C5	72	80	
555	116.183594	C3	48	33	584	114.000000	C3	48	80	
556	116.657552	F#5	78	67	585	114.500000	F#5	78	80	
557	116.666667	Eb5	75	63	586	114.500000	Eb5	75	80	
558	117.164062	C#5	73	47	588	115.000000	C#5	73	80	
559	117.167969	F5	77	56	587	115.000000	F5	77	80	
560	117.177083	G#3	56	34	589	115.000000	G#3	56	80	
561	117.200521	F3	53	18	590	115.000000	F3	53	80	
562	117.670573	Eb5	75	55	591	115.500000	Eb5	75	80	
563	117.675781	B4	71	39	592	115.500000	B4	71	80	
564	118.136719	D5	74	42	593	116.000000	D5	74	80	
565	118.139323	Bb4	70	45	594	116.000000	Bb4	70	80	
566	118.173177	Bb2	46	29	595	116.000000	Bb2	46	80	
567	118.638021	F5	77	59	596	116.500000	F5	77	80	
568	118.653646	D5	74	51	597	116.500000	C#5	73	80	
569	119.130208	Eb5	75	55	598	117.000000	Eb5	75	80	
570	119.132812	C5	72	52	599	117.000000	C5	72	80	
571	119.134115	Eb3	51	39	601	117.000000	Eb3	51	80	
572	119.140625	F#3	54	39	600	117.000000	F#3	54	80	
573	119.609375	C#5	73	56	602	117.500000	C#5	73	80	
574	119.617188	Bb4	70	56	603	117.500000	Bb4	70	80	
575	120.132812	A4	69	44	605	118.000000	A4	69	80	
576	120.134115	C5	72	62	604	118.000000	C5	72	80	
577	120.657552	C#3	49	38	607	118.500000	C#3	49	80	
578	120.657552	F3	53	51	606	118.500000	F3	53	80	
579	121.117188	Eb3	51	51	610	119.000000	Eb3	51	80	
580	121.126302	C#5	73	65	608	119.000000	C#5	73	80	
581	121.134115	Bb4	70	59	609	119.000000	Bb4	70	80	
582	121.144531	C3	48	42	611	119.000000	C3	48	80	
583	121.634115	Bb2	46	45	613	119.500000	Bb2	46	80	
584	121.643229	C#3	49	49	612	119.500000	C#3	49	80	
585	122.104167	Bb3	58	39	615	120.000000	Bb3	58	80	
586	122.121094	F#3	54	52	616	120.000000	F#3	54	80	
587	122.127604	Eb4	63	69	614	120.000000	Eb4	63	80	
588	122.610677	C5	72	67	617	120.500000	C5	72	80	
589	123.102865	G3	55	60	619	121.000000	G3	55	80	
590	123.106771	E4	64	54	618	121.000000	E4	64	80	
591	123.606771	C4	60	49	621	121.500000	C4	60	80	
592	123.613281	Bb4	70	62	620	121.500000	Bb4	70	80	
593	124.100260	F3	53	18	624	122.000000	C#3	49	80	
594	124.104167	A4	69	52	622	122.000000	A4	69	80	
595	124.108073	C#4	61	36	625	122.000000	C#4	61	80	
596	124.109375	F4	65	38	623	122.000000	F4	65	80	
597	124.592448	F#5	78	70	626	122.500000	F#5	78	80	
598	124.611979	C4	60	44	628	122.500000	C4	60	80	
599	124.617188	A4	69	44	627	122.500000	A4	69	80	
600	125.071615	Bb4	70	70	630	123.000000	Bb4	70	80	
601	125.075521	F5	77	85	629	123.000000	F5	77	80	
602	125.083333	C#4	61	65	631	123.000000	C#4	61	80	
603	125.559896	Eb5	75	83	632	123.500000	Eb5	75	80	
604	125.570312	C5	72	75	633	123.500000	C5	72	80	
605	125.578125	Eb4	63	71	634	123.500000	Eb4	63	80	
606	126.061198	C#5	73	78	635	124.000000	C#5	73	80	
607	126.085938	F4	65	56	636	124.000000	F4	65	80	
608	126.542969	Bb4	70	87	637	124.500000	Bb4	70	80	
609	127.029948	F2	41	76	639	125.000000	F2	41	80	
610	127.040365	C5	72	94	638	125.000000	C5	72	80	
611	127.591146	A4	69	83	640	125.500000	A4	69	80	
612	128.244792	F#2	42	72	643	126.000000	F#2	42	80	
613	128.248698	Bb4	70	80	641	126.000000	Bb4	70	80	
614	128.858073	G#4	68	74	644	126.500000	G#4	68	80	
615	129.329427	F#4	66	67	645	127.000000	F#4	66	80	
616	129.337240	Eb4	63	63	646	127.000000	Eb4	63	80	
617	129.789062	F4	65	69	647	127.500000	F4	65	80	
618	129.791667	C#4	61	60	648	127.500000	C#4	61	80	
619	130.298177	G#4	68	78	649	128.000000	G#4	68	80	
620	130.312500	Eb4	63	50	651	128.000000	Eb4	63	80	
621	130.333333	B3	59	55	650	128.000000	B3	59	80	
622	130.802083	F2	41	53	653	128.500000	F2	41	80	
623	130.812500	D4	62	70	652	128.500000	D4	62	80	
624	131.041667	Eb4	63	74	654	128.750000	Eb4	63	80	
625	131.332031	F4	65	72	655	129.000000	F4	65	80	
626	131.342448	Eb2	39	53	656	129.000000	Eb2	39	80	
627	131.799479	D2	38	55	657	129.500000	D2	38	80	
628	132.312500	F#4	66	64	658	130.000000	F#4	66	80	
629	132.332031	Eb2	39	44	660	130.000000	Eb2	39	80	
630	132.332031	Bb3	58	50	659	130.000000	Bb3	58	80	
631	132.813802	F4	65	61	662	130.500000	F4	65	80	
632	132.822917	C#4	61	49	661	130.500000	C#4	61	80	
633	133.330729	C4	60	50	663	131.000000	C4	60	80	
634	133.334635	Eb3	51	64	665	131.000000	Eb3	51	80	
635	133.335938	Eb4	63	54	664	131.000000	Eb4	63	80	
636	133.839844	C#4	61	52	667	131.500000	C#4	61	80	
637	133.845052	Bb3	58	45	666	131.500000	Bb3	58	80	
638	134.335938	F4	65	58	669	132.000000	F4	65	80	
639	134.339844	C4	60	44	668	132.000000	C4	60	80	
640	134.341146	A3	57	35	670	132.000000	A3	57	80	
641	134.830729	C#3	49	35	672	132.500000	C#3	49	80	
642	134.830729	Eb4	63	46	671	132.500000	Eb4	63	80	
643	135.041667	C3	48	42	673	132.750000	C3	48	80	
644	135.316406	Bb4	70	64	674	133.000000	Bb4	70	80	
645	135.334635	Bb3	58	43	676	133.000000	Bb3	58	80	
646	135.341146	C#3	49	29	675	133.000000	C#3	49	80	
647	135.808594	Eb3	51	40	678	133.500000	Eb3	51	80	
648	135.809896	C#4	61	50	677	133.500000	C#4	61	80	
649	136.302083	F4	65	71	679	134.000000	F4	65	80	
650	136.304688	A3	57	41	682	134.000000	A3	57	80	
651	136.309896	F3	53	37	683	134.000000	F3	53	80	
652	136.330729	C4	60	39	680	134.000000	C4	60	80	
653	136.794271	Eb3	51	57	684	134.500000	Eb3	51	80	
654	137.263021	Bb3	58	76	685	135.000000	Bb3	58	80	
655	137.283854	C#3	49	44	687	135.000000	C#3	49	80	
656	137.760417	F#5	78	83	688	135.500000	F#5	78	80	
657	137.764323	C3	48	56	689	135.500000	C3	48	80	
658	138.230469	F3	53	79	691	136.000000	F3	53	80	
659	138.248698	F5	77	78	690	136.000000	F5	77	80	
660	138.259115	C#5	73	62	692	136.000000	F3	53	80	
661	138.260417	C#3	49	61	693	136.000000	C#3	49	80	
662	138.725260	A2	45	64	696	136.500000	A2	45	80	
663	138.735677	C5	72	72	695	136.500000	C5	72	80	
664	138.735677	Eb5	75	80	694	136.500000	Eb5	75	80	
665	139.214844	Bb2	46	74	699	137.000000	Bb2	46	80	
666	139.217448	C#5	73	79	697	137.000000	C#5	73	80	
667	139.220052	Bb4	70	71	698	137.000000	Bb4	70	80	
668	139.704427	C5	72	84	702	137.500000	C5	72	80	
669	139.705729	A4	69	59	701	137.500000	A4	69	80	
670	139.707031	F#4	66	69	703	137.500000	F#4	66	80	
671	140.177083	F2	41	74	707	138.000000	F2	41	80	
672	140.191406	Bb4	70	72	704	138.000000	Bb4	70	80	
673	140.195312	C#5	73	81	705	138.000000	C#5	73	80	
674	140.204427	F4	65	70	706	138.000000	F4	65	80	
675	140.675781	Eb5	75	92	709	138.500000	Eb5	75	80	
676	140.679688	C4	60	75	711	138.500000	C4	60	80	
677	140.687500	A4	69	72	708	138.500000	A4	69	80	
678	140.694010	Eb4	63	75	710	138.500000	Eb4	63	80	
679	141.152344	C#4	61	69	714	139.000000	C#4	61	80	
680	141.153646	Bb3	58	67	715	139.000000	Bb3	58	80	
681	141.153646	F5	77	88	713	139.000000	F5	77	80	
682	141.157552	Bb4	70	76	712	139.000000	Bb4	70	80	
683	141.623698	C4	60	84	718	139.500000	C4	60	80	
684	141.635417	F#3	54	71	720	139.500000	F#3	54	80	
685	141.639323	A3	57	64	719	139.500000	A3	57	80	
686	141.639323	Eb5	75	82	717	139.500000	Eb5	75	80	
687	141.643229	C5	72	84	716	139.500000	C5	72	80	
688	142.104167	C#5	73	85	722	140.000000	C#5	73	80	
689	142.105469	Bb4	70	77	721	140.000000	Bb4	70	80	
690	142.106771	Bb3	58	74	724	140.000000	Bb3	58	80	
691	142.111979	C#4	61	75	723	140.000000	C#4	61	80	
692	142.118490	F3	53	68	725	140.000000	F3	53	80	
693	142.345052	Eb4	63	89	726	140.250000	Eb4	63	80	
694	142.604167	F4	65	84	729	140.500000	F4	65	80	
695	142.608073	Eb3	51	71	731	140.500000	Eb3	51	80	
696	142.613281	C5	72	88	728	140.500000	C5	72	80	
697	142.618490	A4	69	73	727	140.500000	A4	69	80	
698	142.619792	C4	60	67	730	140.500000	C4	60	80	
699	143.114583	C#3	49	66	735	141.000000	C#3	49	80	
700	143.115885	C#4	61	70	734	141.000000	C#4	61	80	
701	143.115885	Bb4	70	88	732	141.000000	Bb4	70	80	
702	143.639323	C3	48	62	738	141.500000	C3	48	80	
703	143.643229	F#4	66	80	736	141.500000	F#4	66	80	
704	143.652344	Eb4	63	75	737	141.500000	Eb4	63	80	
705	144.227865	D3	50	60	742	142.000000	D3	50	80	
706	144.238281	Bb3	58	56	741	142.000000	Bb3	58	80	
707	144.247396	F4	65	68	739	142.000000	F4	65	80	
708	144.247396	G#4	68	78	740	142.000000	G#4	68	80	
709	144.759115	C5	72	86	743	142.500000	C5	72	80	
710	144.763021	F#4	66	72	745	142.500000	F#4	66	80	
711	144.768229	Eb4	63	77	744	142.500000	Eb4	63	80	
712	144.776042	Eb3	51	73	746	142.500000	Eb3	51	80	
713	145.285156	F3	53	77	750	143.000000	F3	53	80	
714	145.299479	C#5	73	91	747	143.000000	C#5	73	80	
715	145.305990	F4	65	76	749	143.000000	F4	65	80	
716	145.320312	C#4	61	76	748	143.000000	C#4	61	80	
717	145.562500	F#3	54	85	751	143.250000	F#3	54	80	
718	145.822917	E3	52	91	752	143.500000	E3	52	80	
719	146.070312	F3	53	93	753	143.750000	F3	53	80	
720	146.424479	E2	40	76	756	144.000000	E2	40	80	
721	146.436198	G4	67	88	754	144.000000	G4	67	80	
722	146.988281	C#5	73	89	757	144.500000	C#5	73	80	
723	147.527344	C4	60	88	759	145.000000	C4	60	80	
724	147.527344	C5	72	87	758	145.000000	C5	72	80	
725	148.028646	Bb4	70	87	760	145.500000	Bb4	70	80	
726	148.632812	Bb4	70	90	761	146.000000	Bb4	70	80	
727	148.635417	C4	60	81	763	146.000000	C4	60	80	
728	148.635417	F4	65	78	762	146.000000	F4	65	80	
729	148.640625	F2	41	69	764	146.000000	F2	41	80	
730	149.226562	F#4	66	85	765	146.500000	F#4	66	80	
731	149.881510	A4	69	82	766	147.000000	A4	69	80	
732	149.882812	F4	65	79	767	147.000000	F4	65	80	
733	149.889323	F3	53	73	768	147.000000	F3	53	80	
734	150.619792	Eb4	63	67	769	147.500000	Eb4	63	80	
735	151.824219	Bb3	58	51	770	148.000000	Bb3	58	80	
736	151.826823	D4	62	50	771	148.000000	D4	62	80	
737	151.835938	Bb4	70	61	772	148.000000	Bb4	70	80	
738	151.848958	Bb2	46	31	773	148.000000	Bb2	46	80	
*	-1	*	-1	-1	130	30.500000	F#3	54	80	
*	-1	*	-1	-1	290	64.500000	B3	59	80	
*	-1	*	-1	-1	331	71.000000	Eb3	51	80	
*	-1	*	-1	-1	429	91.500000	Bb3	58	80	
*	-1	*	-1	-1	463	97.000000	F#4	66	80	
*	-1	*	-1	-1	465	97.000000	G#4	68	80	
*	-1	*	-1	-1	468	97.062500	F#4	66	80	
*	-1	*	-1	-1	469	97.125000	F#4	66	80	
*	-1	*	-1	-1	470	97.125000	G#4	68	80	
*	-1	*	-1	-1	471	97.186458	G#4	68	80	
*	-1	*	-1	-1	473	97.250000	F#4	66	80	
*	-1	*	-1	-1	474	97.250000	G#4	68	80	
*	-1	*	-1	-1	476	97.312500	F#4	66	80	
*	-1	*	-1	-1	478	97.375000	G#4	68	80	
*	-1	*	-1	-1	480	97.437500	F#4	66	80	
*	-1	*	-1	-1	481	97.500000	F#4	66	80	
*	-1	*	-1	-1	482	97.500000	G#4	68	80	
*	-1	*	-1	-1	484	97.561458	G#4	68	80	
*	-1	*	-1	-1	485	97.562500	F#4	66	80	
*	-1	*	-1	-1	487	97.625000	G#4	68	80	
*	-1	*	-1	-1	488	97.686458	G#4	68	80	
*	-1	*	-1	-1	489	97.687500	F#4	66	80	
*	-1	*	-1	-1	490	97.750000	F#4	66	80	
*	-1	*	-1	-1	492	97.811458	G#4	68	80	
*	-1	*	-1	-1	494	97.875000	F#4	66	80	
*	-1	*	-1	-1	495	97.936458	G#4	68	80	
*	-1	*	-1	-1	504	99.000000	Bb4	70	80	
*	-1	*	-1	-1	508	100.000000	Eb4	63	80	
*	-1	*	-1	-1	518	102.000000	Eb4	63	80	
*	-1	*	-1	-1	642	126.000000	Bb4	70	80	
*	-1	*	-1	-1	681	134.000000	F4	65	80	
*	-1	*	-1	-1	686	135.000000	Bb3	58	80	
*	-1	*	-1	-1	700	137.000000	Bb2	46	80	
*	-1	*	-1	-1	733	141.000000	Bb4	70	80	
*	-1	*	-1	-1	755	144.000000	G4	67	80	
