// alignID alignOntime alignSitch alignPitch alignOnvel refID refOntime refSitch refPitch refOnvel
0	0.959375	F2	41	46	0	0.000000	F2	41	80	
1	1.234375	E5	76	63	1	0.250000	E5	76	80	
2	1.451042	F5	77	70	2	0.500000	F5	77	80	
3	1.667708	G5	79	74	3	0.750000	G5	79	80	
4	1.879167	F5	77	70	4	1.000000	F5	77	80	
5	1.893750	F3	53	52	5	1.000000	F3	53	80	
6	2.097917	E5	76	76	6	1.250000	E5	76	80	
7	2.318750	D5	74	72	7	1.500000	D5	74	80	
8	2.538542	C5	72	74	8	1.750000	C5	72	80	
9	2.765625	D5	74	67	9	2.000000	D5	74	80	
10	2.766667	A3	57	40	10	2.000000	A3	57	80	
11	2.985417	C5	72	74	11	2.250000	C5	72	80	
12	3.206250	Bb4	70	76	12	2.500000	Bb4	70	80	
13	3.422917	A4	69	76	13	2.750000	A4	69	80	
14	3.659375	Bb4	70	71	14	3.000000	Bb4	70	80	
15	3.678125	D4	62	39	15	3.000000	D4	62	80	
16	3.892708	A4	69	60	16	3.250000	A4	69	80	
17	4.121875	G4	67	54	17	3.500000	G4	67	80	
18	4.325000	F4	65	50	18	3.750000	F4	65	80	
19	4.550000	Bb3	58	39	20	4.000000	Bb3	58	80	
20	4.552083	G4	67	49	19	4.000000	G4	67	80	
21	4.773958	F4	65	49	21	4.250000	F4	65	80	
22	5.004167	E4	64	50	22	4.500000	E4	64	80	
23	5.221875	D4	62	45	23	4.750000	D4	62	80	
24	5.450000	G3	55	41	25	5.000000	G3	55	80	
25	5.467708	E4	64	49	24	5.000000	E4	64	80	
26	5.688542	Bb3	58	54	26	5.250000	Bb3	58	80	
27	5.909375	C4	60	65	27	5.500000	C4	60	80	
28	6.140625	D4	62	66	28	5.750000	D4	62	80	
29	6.373958	C4	60	62	29	6.000000	C4	60	80	
30	6.595833	Bb3	58	57	30	6.250000	Bb3	58	80	
31	6.828125	A3	57	57	31	6.500000	A3	57	80	
32	7.040625	G3	55	54	32	6.750000	G3	55	80	
33	7.262500	A4	69	62	35	7.000000	A4	69	80	
34	7.272917	F4	65	35	34	7.000000	F4	65	80	
35	7.275000	A3	57	38	36	7.000000	A3	57	80	
36	7.276042	C4	60	39	33	7.000000	C4	60	80	
37	7.503125	G3	55	44	37	7.250000	G3	55	80	
38	7.737500	F3	53	53	38	7.500000	F3	53	80	
39	7.948958	E3	52	57	39	7.750000	E3	52	80	
40	8.166667	G#4	68	69	42	8.000000	G#4	68	80	
41	8.179167	F3	53	46	43	8.000000	F3	53	80	
42	8.196875	D4	62	47	40	8.000000	D4	62	80	
43	8.201042	F4	65	44	41	8.000000	F4	65	80	
44	8.397917	D3	50	51	45	8.250000	D3	50	80	
45	8.622917	C3	48	47	46	8.500000	C3	48	80	
46	8.862500	B2	47	48	47	8.750000	B2	47	80	
47	9.092708	C3	48	29	49	9.000000	C3	48	80	
48	9.117708	C4	60	56	48	9.000000	C4	60	80	
49	9.344792	G#4	68	68	50	9.250000	G#4	68	80	
50	9.362500	F3	53	38	51	9.250000	F3	53	80	
51	9.568750	G4	67	67	52	9.500000	G4	67	80	
52	9.590625	E3	52	43	53	9.500000	E3	52	80	
53	9.792708	F4	65	68	54	9.750000	F4	65	80	
54	9.818750	D3	50	44	55	9.750000	D3	50	80	
55	10.032292	E3	52	44	57	10.000000	E3	52	80	
56	10.037500	G4	67	66	56	10.000000	G4	67	80	
57	10.272917	F4	65	57	58	10.250000	F4	65	80	
58	10.513542	E4	64	62	59	10.500000	E4	64	80	
59	10.514583	G3	55	61	60	10.500000	G3	55	80	
60	10.737500	D4	62	64	61	10.750000	D4	62	80	
61	10.990625	C4	60	54	63	11.000000	C4	60	80	
62	10.993750	E4	64	55	62	11.000000	E4	64	80	
63	11.231250	D3	50	51	64	11.250000	D3	50	80	
64	11.473958	G3	55	43	65	11.500000	G3	55	80	
65	11.478125	C3	48	34	66	11.500000	C3	48	80	
66	11.705208	Bb2	46	46	67	11.750000	Bb2	46	80	
67	11.991667	A2	45	39	68	12.000000	A2	45	80	
68	12.239583	C4	60	40	69	12.250000	C4	60	80	
69	12.473958	D4	62	49	70	12.500000	D4	62	80	
70	12.480208	G3	55	34	71	12.500000	G3	55	80	
71	12.701042	Eb4	63	55	72	12.750000	Eb4	63	80	
72	12.926042	D4	62	56	73	13.000000	D4	62	80	
73	12.936458	F#3	54	42	74	13.000000	F#3	54	80	
74	12.943750	D3	50	34	75	13.000000	D3	50	80	
75	13.162500	E4	64	58	76	13.250000	E4	64	80	
76	13.379167	F#4	66	63	77	13.500000	F#4	66	80	
77	13.396875	Bb3	58	46	78	13.500000	Bb3	58	80	
78	13.615625	G4	67	66	79	13.750000	G4	67	80	
79	13.862500	F#4	66	63	80	14.000000	F#4	66	80	
80	13.864583	A3	57	39	81	14.000000	A3	57	80	
81	14.088542	A4	69	69	82	14.250000	A4	69	80	
82	14.326042	Bb4	70	76	83	14.500000	Bb4	70	80	
83	14.567708	C5	72	72	84	14.750000	C5	72	80	
84	14.857292	G2	43	52	85	15.000000	G2	43	80	
85	15.129167	A4	69	56	86	15.250000	A4	69	80	
86	15.363542	G4	67	59	87	15.500000	G4	67	80	
87	15.369792	D3	50	39	88	15.500000	D3	50	80	
88	15.587500	F#4	66	64	89	15.750000	F#4	66	80	
89	15.832292	G4	67	66	90	16.000000	G4	67	80	
90	15.834375	Bb2	46	48	91	16.000000	Bb2	46	80	
91	16.057292	A4	69	70	92	16.250000	A4	69	80	
92	16.284375	Bb4	70	72	93	16.500000	Bb4	70	80	
93	16.301042	G3	55	40	94	16.500000	G3	55	80	
94	16.511458	G4	67	55	95	16.750000	G4	67	80	
95	16.736458	D4	62	56	96	17.000000	D4	62	80	
96	16.754167	G2	43	42	97	17.000000	G2	43	80	
97	16.968750	F4	65	63	98	17.250000	F4	65	80	
98	17.202083	E4	64	67	99	17.500000	E4	64	80	
99	17.226042	G3	55	39	100	17.500000	G3	55	80	
100	17.432292	D4	62	64	101	17.750000	D4	62	80	
101	17.683333	C3	48	42	103	18.000000	C3	48	80	
102	17.707292	E4	64	66	102	18.000000	E4	64	80	
103	17.957292	Bb3	58	65	104	18.250000	Bb3	58	80	
104	18.185417	C4	60	67	105	18.500000	C4	60	80	
105	18.400000	C#4	61	73	106	18.750000	C#4	61	80	
106	18.630208	C4	60	61	107	19.000000	C4	60	80	
107	18.658333	E3	52	45	108	19.000000	E3	52	80	
108	18.864583	D4	62	62	109	19.250000	D4	62	80	
109	19.098958	E4	64	65	110	19.500000	E4	64	80	
110	19.333333	F4	65	63	111	19.750000	F4	65	80	
111	19.560417	E4	64	56	112	20.000000	E4	64	80	
112	19.563542	C3	48	39	113	20.000000	C3	48	80	
113	19.791667	G4	67	57	114	20.250000	G4	67	80	
114	20.026042	A4	69	59	115	20.500000	A4	69	80	
115	20.257292	Bb4	70	58	116	20.750000	Bb4	70	80	
116	20.493750	F3	53	42	117	21.000000	F3	53	80	
117	20.737500	G4	67	49	118	21.250000	G4	67	80	
118	20.968750	F4	65	50	119	21.500000	F4	65	80	
119	21.184375	E4	64	54	120	21.750000	E4	64	80	
120	21.423958	F4	65	48	121	22.000000	F4	65	80	
121	21.441667	A3	57	31	122	22.000000	A3	57	80	
122	21.657292	G4	67	48	123	22.250000	G4	67	80	
123	21.880208	A4	69	58	124	22.500000	A4	69	80	
124	22.114583	F4	65	40	125	22.750000	F4	65	80	
125	22.357292	F3	53	45	126	23.000000	F3	53	80	
126	22.608333	Eb4	63	45	127	23.250000	Eb4	63	80	
127	22.820833	D4	62	47	128	23.500000	D4	62	80	
128	23.053125	C4	60	56	129	23.750000	C4	60	80	
129	23.271875	D4	62	49	130	24.000000	D4	62	80	
130	23.290625	Bb3	58	43	131	24.000000	Bb3	58	80	
131	23.509375	C5	72	67	132	24.250000	C5	72	80	
132	23.714583	A3	57	41	134	24.500000	A3	57	80	
133	23.745833	D5	74	67	133	24.500000	D5	74	80	
134	23.964583	Eb5	75	72	135	24.750000	Eb5	75	80	
135	24.188542	D5	74	70	136	25.000000	D5	74	80	
136	24.200000	Bb3	58	39	137	25.000000	Bb3	58	80	
137	24.427083	C5	72	63	138	25.250000	C5	72	80	
138	24.653125	Bb4	70	61	140	25.500000	Bb4	70	80	
139	24.677083	G4	67	39	139	25.500000	G4	67	80	
140	24.684375	D4	62	34	141	25.500000	D4	62	80	
141	24.878125	A4	69	66	142	25.750000	A4	69	80	
142	25.132292	Bb4	70	72	143	26.000000	Bb4	70	80	
143	25.362500	A4	69	62	144	26.250000	A4	69	80	
144	25.565625	G4	67	65	145	26.500000	G4	67	80	
145	25.756250	F4	65	64	146	26.750000	F4	65	80	
146	25.885417	G4	67	63	149	27.000000	G4	67	80	
147	25.978125	C5	72	67	147	27.000000	C5	72	80	
148	26.055208	E5	76	80	148	27.000000	E5	76	80	
149	26.306250	Bb3	58	57	151	27.250000	Bb3	58	80	
150	26.538542	C4	60	65	152	27.500000	C4	60	80	
151	26.775000	D4	62	67	153	27.750000	D4	62	80	
152	26.991667	C4	60	66	154	28.000000	C4	60	80	
153	27.214583	Bb3	58	65	155	28.250000	Bb3	58	80	
154	27.443750	A3	57	63	156	28.500000	A3	57	80	
155	27.667708	G3	55	68	157	28.750000	G3	55	80	
156	27.898958	F5	77	81	158	29.000000	F5	77	80	
157	27.916667	A3	57	53	160	29.000000	A3	57	80	
158	27.927083	F4	65	48	159	29.000000	F4	65	80	
159	27.929167	C5	72	59	*	-1	*	-1	-1	
160	28.139583	G3	55	59	161	29.250000	G3	55	80	
161	28.381250	F3	53	60	162	29.500000	F3	53	80	
162	28.614583	E3	52	62	163	29.750000	E3	52	80	
163	28.858333	D3	50	63	164	30.000000	D3	50	80	
164	29.098958	E5	76	74	165	30.250000	E5	76	80	
165	29.320833	F5	77	76	166	30.500000	F5	77	80	
166	29.336458	A3	57	48	167	30.500000	A3	57	80	
167	29.557292	G5	79	83	169	30.750000	G5	79	80	
168	29.788542	F5	77	78	170	31.000000	F5	77	80	
169	29.791667	D4	62	51	171	31.000000	D4	62	80	
170	30.007292	E5	76	77	172	31.250000	E5	76	80	
171	30.220833	E3	52	48	174	31.500000	E3	52	80	
172	30.229167	D5	74	71	173	31.500000	D5	74	80	
173	30.467708	C5	72	76	175	31.750000	C5	72	80	
174	30.686458	A3	57	39	*	-1	*	-1	-1	
175	30.706250	D5	74	70	176	32.000000	D5	74	80	
176	30.712500	F3	53	39	177	32.000000	F3	53	80	
177	30.929167	C5	72	70	178	32.250000	C5	72	80	
178	31.146875	B4	71	71	179	32.500000	B4	71	80	
179	31.370833	A4	69	69	180	32.750000	A4	69	80	
180	31.625000	G3	55	33	182	33.000000	G3	55	80	
181	31.626042	B4	71	64	181	33.000000	B4	71	80	
182	31.851042	A4	69	54	183	33.250000	A4	69	80	
183	32.090625	G4	67	44	184	33.500000	G4	67	80	
184	32.308333	F4	65	46	185	33.750000	F4	65	80	
185	32.537500	G4	67	51	186	34.000000	G4	67	80	
186	32.770833	F4	65	48	187	34.250000	F4	65	80	
187	33.011458	E4	64	51	188	34.500000	E4	64	80	
188	33.223958	D4	62	48	189	34.750000	D4	62	80	
189	33.464583	E3	52	41	192	35.000000	E3	52	80	
190	33.466667	C5	72	57	190	35.000000	C5	72	80	
191	33.491667	G4	67	34	*	-1	*	-1	-1	
192	33.492708	E4	64	4	191	35.000000	E4	64	80	
193	33.711458	B3	59	62	193	35.250000	B3	59	80	
194	33.938542	C4	60	62	194	35.500000	C4	60	80	
195	34.171875	D4	62	62	195	35.750000	D4	62	80	
196	34.406250	C4	60	62	196	36.000000	C4	60	80	
197	34.628125	B3	59	59	197	36.250000	B3	59	80	
198	34.857292	A3	57	57	198	36.500000	A3	57	80	
199	35.077083	G3	55	50	199	36.750000	G3	55	80	
200	35.306250	F4	65	59	200	37.000000	F4	65	80	
201	35.311458	A3	57	42	201	37.000000	A3	57	80	
202	35.528125	G3	55	45	202	37.250000	G3	55	80	
203	35.763542	C5	72	73	203	37.500000	C5	72	80	
204	35.785417	F3	53	43	204	37.500000	F3	53	80	
205	36.002083	E3	52	53	205	37.750000	E3	52	80	
206	36.220833	F3	53	47	207	38.000000	F3	53	80	
207	36.223958	D5	74	75	206	38.000000	D5	74	80	
208	36.452083	E3	52	56	208	38.250000	E3	52	80	
209	36.697917	F5	77	81	209	38.500000	E5	76	80	
210	36.711458	D3	50	54	210	38.500000	D3	50	80	
211	36.931250	C3	48	61	211	38.750000	C3	48	80	
212	37.148958	B4	71	76	212	39.000000	B4	71	80	
213	37.160417	D3	50	52	213	39.000000	D3	50	80	
214	37.389583	C3	48	50	214	39.250000	C3	48	80	
215	37.607292	B2	47	50	216	39.500000	B2	47	80	
216	37.608333	C5	72	81	215	39.500000	C5	72	80	
217	37.834375	A2	45	55	217	39.750000	A2	45	80	
218	38.082292	B2	47	35	220	40.000000	B2	47	80	
219	38.108333	G3	55	44	219	40.000000	G3	55	80	
220	38.114583	D5	74	68	218	40.000000	D5	74	80	
221	38.346875	F4	65	51	221	40.250000	F4	65	80	
222	38.555208	G2	43	47	223	40.500000	G2	43	80	
223	38.581250	E4	64	63	222	40.500000	E4	64	80	
224	38.790625	D4	62	54	224	40.750000	D4	62	80	
225	39.032292	E4	64	59	225	41.000000	E4	64	80	
226	39.036458	C3	48	44	226	41.000000	C3	48	80	
227	39.261458	G4	67	62	227	41.250000	G4	67	80	
228	39.480208	B2	47	50	229	41.500000	B2	47	80	
229	39.488542	A4	69	75	228	41.500000	A4	69	80	
230	39.718750	B4	71	78	230	41.750000	B4	71	80	
231	39.946875	A3	57	47	232	42.000000	A3	57	80	
232	39.960417	A2	45	40	233	42.000000	A2	45	80	
233	39.965625	C5	72	75	231	42.000000	C5	72	80	
234	40.200000	E4	64	62	234	42.250000	E4	64	80	
235	40.429167	G2	43	52	236	42.500000	G2	43	80	
236	40.432292	F4	65	61	235	42.500000	F4	65	80	
237	40.647917	G4	67	63	237	42.750000	G4	67	80	
238	40.866667	F2	41	47	239	43.000000	F2	41	80	
239	40.880208	A4	69	68	238	43.000000	A4	69	80	
240	41.102083	G4	67	65	240	43.250000	G4	67	80	
241	41.335417	F4	65	60	241	43.500000	F4	65	80	
242	41.339583	D2	38	47	242	43.500000	D2	38	80	
243	41.568750	E4	64	55	243	43.750000	E4	64	80	
244	41.801042	D4	62	52	244	44.000000	D4	62	80	
245	41.814583	G2	43	35	245	44.000000	G2	43	80	
246	42.036458	F4	65	55	246	44.250000	F4	65	80	
247	42.276042	C5	72	60	247	44.500000	C5	72	80	
248	42.301042	G3	55	42	248	44.500000	G3	55	80	
249	42.519792	B4	71	64	249	44.750000	B4	71	80	
250	42.805208	C5	72	63	250	45.000000	C5	72	80	
251	42.823958	C3	48	32	252	45.000000	C3	48	80	
252	42.861458	C4	60	38	251	45.000000	C4	60	80	
253	43.085417	F4	65	42	253	45.250000	F4	65	80	
254	43.307292	G4	67	52	254	45.500000	G4	67	80	
255	43.528125	A4	69	58	255	45.750000	A4	69	80	
256	43.760417	G4	67	55	256	46.000000	G4	67	80	
257	43.993750	F4	65	50	257	46.250000	F4	65	80	
258	44.221875	E4	64	54	258	46.500000	E4	64	80	
259	44.452083	D4	62	53	259	46.750000	D4	62	80	
260	44.688542	E4	64	48	260	47.000000	E4	64	80	
261	44.932292	D4	62	53	261	47.250000	D4	62	80	
262	45.177083	C4	60	58	262	47.500000	C4	60	80	
263	45.393750	B3	59	64	263	47.750000	B3	59	80	
264	45.656250	C4	60	56	264	48.000000	C4	60	80	
265	45.909375	B4	71	58	265	48.250000	B4	71	80	
266	46.135417	C5	72	58	266	48.500000	C5	72	80	
267	46.147917	G3	55	59	267	48.500000	G3	55	80	
268	46.370833	D5	74	52	268	48.750000	D5	74	80	
269	46.601042	C5	72	50	269	49.000000	C5	72	80	
270	46.611458	A3	57	66	270	49.000000	A3	57	80	
271	46.652083	C3	48	34	271	49.000000	C3	48	80	
272	46.857292	B4	71	56	272	49.250000	B4	71	80	
273	47.086458	E3	52	62	274	49.500000	E3	52	80	
274	47.102083	A4	69	51	273	49.500000	A4	69	80	
275	47.331250	G4	67	52	275	49.750000	G4	67	80	
276	47.559375	F3	53	64	277	50.000000	F3	53	80	
277	47.561458	A4	69	65	276	50.000000	A4	69	80	
278	47.789583	G4	67	56	278	50.250000	G4	67	80	
279	48.015625	A3	57	66	280	50.500000	G3	55	80	
280	48.022917	F4	65	56	279	50.500000	F4	65	80	
281	48.246875	E4	64	56	281	50.750000	E4	64	80	
282	48.486458	F4	65	58	282	51.000000	F4	65	80	
283	48.491667	D3	50	58	283	51.000000	D3	50	80	
284	48.706250	E4	64	59	284	51.250000	E4	64	80	
285	48.937500	D4	62	47	285	51.500000	D4	62	80	
286	48.957292	E3	52	52	286	51.500000	E3	52	80	
287	49.177083	C4	60	49	287	51.750000	C4	60	80	
288	49.396875	F3	53	48	289	52.000000	F3	53	80	
289	49.397917	D4	62	44	288	52.000000	D4	62	80	
290	49.656250	C4	60	41	290	52.250000	C4	60	80	
291	49.870833	B3	59	47	291	52.500000	B3	59	80	
292	50.091667	A3	57	48	292	52.750000	A3	57	80	
293	50.332292	B3	59	50	293	53.000000	B3	59	80	
294	50.569792	F3	53	52	294	53.250000	F3	53	80	
295	50.802083	G3	55	57	295	53.500000	G3	55	80	
296	51.021875	A3	57	56	296	53.750000	A3	57	80	
297	51.259375	G3	55	54	297	54.000000	G3	55	80	
298	51.488542	F3	53	55	298	54.250000	F3	53	80	
299	51.727083	E3	52	54	299	54.500000	E3	52	80	
300	51.929167	D3	50	52	300	54.750000	D3	50	80	
301	52.190625	E4	64	56	303	55.000000	E4	64	80	
302	52.197917	G3	55	37	301	55.000000	G3	55	80	
303	52.207292	E3	52	33	304	55.000000	E3	52	80	
304	52.226042	C4	60	40	302	55.000000	C4	60	80	
305	52.419792	D3	50	52	305	55.250000	D3	50	80	
306	52.657292	C3	48	50	306	55.500000	C3	48	80	
307	52.886458	B2	47	50	307	55.750000	B2	47	80	
308	53.114583	C3	48	39	311	56.000000	C3	48	80	
309	53.114583	Eb4	63	60	310	56.000000	Eb4	63	80	
310	53.115625	C4	60	51	309	56.000000	C4	60	80	
311	53.118750	A3	57	48	308	56.000000	A3	57	80	
312	53.367708	A2	45	50	313	56.250000	A2	45	80	
313	53.603125	G2	43	44	314	56.500000	G2	43	80	
314	53.827083	F#2	42	50	315	56.750000	F#2	42	80	
315	54.063542	G2	43	32	318	57.000000	G2	43	80	
316	54.072917	G3	55	46	316	57.000000	G3	55	80	
317	54.313542	Eb4	63	59	319	57.250000	Eb4	63	80	
318	54.323958	C3	48	39	320	57.250000	C3	48	80	
319	54.541667	D4	62	60	321	57.500000	D4	62	80	
320	54.550000	B2	47	40	322	57.500000	B2	47	80	
321	54.762500	C4	60	63	323	57.750000	C4	60	80	
322	54.775000	A2	45	46	324	57.750000	A2	45	80	
323	54.989583	B2	47	45	326	58.000000	B2	47	80	
324	55.010417	D4	62	54	325	58.000000	D4	62	80	
325	55.242708	C4	60	55	327	58.250000	C4	60	80	
326	55.465625	D3	50	61	329	58.500000	D3	50	80	
327	55.483333	B3	59	44	328	58.500000	B3	59	80	
328	55.705208	A3	57	55	330	58.750000	A3	57	80	
329	55.925000	G3	55	46	332	59.000000	G3	55	80	
330	55.946875	B3	59	54	331	59.000000	B3	59	80	
331	56.184375	A2	45	51	333	59.250000	A2	45	80	
332	56.420833	D3	50	52	334	59.500000	D3	50	80	
333	56.433333	G2	43	47	335	59.500000	G2	43	80	
334	56.673958	F2	41	54	336	59.750000	F2	41	80	
335	57.006250	E2	40	51	337	60.000000	E2	40	80	
336	57.259375	G3	55	48	338	60.250000	G3	55	80	
337	57.491667	A3	57	54	339	60.500000	A3	57	80	
338	57.731250	Bb3	58	54	340	60.750000	Bb3	58	80	
339	57.975000	A3	57	50	341	61.000000	A3	57	80	
340	57.993750	A2	45	31	343	61.000000	A2	45	80	
341	57.998958	C#3	49	44	342	61.000000	C#3	49	80	
342	58.219792	B3	59	58	344	61.250000	B3	59	80	
343	58.442708	C#4	61	61	345	61.500000	C#4	61	80	
344	58.446875	F3	53	52	346	61.500000	F3	53	80	
345	58.672917	D4	62	64	347	61.750000	D4	62	80	
346	58.920833	E3	52	43	349	62.000000	E3	52	80	
347	58.929167	C#4	61	62	348	62.000000	C#4	61	80	
348	59.158333	E4	64	64	350	62.250000	E4	64	80	
349	59.396875	F4	65	64	351	62.500000	F4	65	80	
350	59.646875	G4	67	62	352	62.750000	G4	67	80	
351	59.940625	D2	38	49	353	63.000000	D2	38	80	
352	60.214583	E4	64	49	354	63.250000	E4	64	80	
353	60.441667	D4	62	55	355	63.500000	D4	62	80	
354	60.448958	A2	45	33	356	63.500000	A2	45	80	
355	60.667708	C#4	61	58	357	63.750000	C#4	61	80	
356	60.893750	D4	62	52	358	64.000000	D4	62	80	
357	60.895833	F2	41	45	359	64.000000	F2	41	80	
358	61.136458	E4	64	60	360	64.250000	E4	64	80	
359	61.364583	F4	65	59	361	64.500000	F4	65	80	
360	61.367708	D3	50	40	362	64.500000	D3	50	80	
361	61.593750	D4	62	59	363	64.750000	D4	62	80	
362	61.815625	A3	57	55	364	65.000000	A3	57	80	
363	61.828125	D2	38	46	365	65.000000	D2	38	80	
364	62.055208	C4	60	60	366	65.250000	C4	60	80	
365	62.286458	D3	50	43	368	65.500000	D3	50	80	
366	62.289583	B3	59	67	367	65.500000	B3	59	80	
367	62.521875	A3	57	60	369	65.750000	A3	57	80	
368	62.773958	G2	43	44	371	66.000000	G2	43	80	
369	62.796875	B3	59	67	370	66.000000	B3	59	80	
370	63.045833	F3	53	66	372	66.250000	F3	53	80	
371	63.279167	G3	55	67	373	66.500000	G3	55	80	
372	63.510417	G#3	56	74	374	66.750000	G#3	56	80	
373	63.742708	G3	55	61	375	67.000000	G3	55	80	
374	63.746875	B2	47	45	376	67.000000	B2	47	80	
375	63.977083	A3	57	59	377	67.250000	A3	57	80	
376	64.211458	B3	59	64	378	67.500000	B3	59	80	
377	64.432292	C4	60	63	379	67.750000	C4	60	80	
378	64.665625	G2	43	35	381	68.000000	G2	43	80	
379	64.667708	B3	59	59	380	68.000000	B3	59	80	
380	64.901042	D4	62	57	382	68.250000	D4	62	80	
381	65.143750	E4	64	60	383	68.500000	E4	64	80	
382	65.383333	F4	65	52	384	68.750000	F4	65	80	
383	65.617708	C3	48	41	385	69.000000	C3	48	80	
384	65.857292	D4	62	49	386	69.250000	D4	62	80	
385	66.098958	C4	60	49	387	69.500000	C4	60	80	
386	66.321875	B3	59	52	388	69.750000	B3	59	80	
387	66.555208	E3	52	36	390	70.000000	E3	52	80	
388	66.560417	C4	60	51	389	70.000000	C4	60	80	
389	66.791667	D4	62	49	391	70.250000	D4	62	80	
390	67.032292	E4	64	53	392	70.500000	E4	64	80	
391	67.255208	C4	60	43	393	70.750000	C4	60	80	
392	67.494792	C3	48	39	394	71.000000	C3	48	80	
393	67.711458	Bb3	58	51	395	71.250000	Bb3	58	80	
394	67.936458	A3	57	47	396	71.500000	A3	57	80	
395	68.168750	G3	55	52	397	71.750000	G3	55	80	
396	68.405208	A3	57	49	398	72.000000	A3	57	80	
397	68.418750	F3	53	43	399	72.000000	F3	53	80	
398	68.637500	G4	67	55	400	72.250000	G4	67	80	
399	68.844792	E3	52	44	402	72.500000	E3	52	80	
400	68.863542	A4	69	68	401	72.500000	A4	69	80	
401	69.083333	Bb4	70	72	403	72.750000	Bb4	70	80	
402	69.316667	A4	69	70	404	73.000000	A4	69	80	
403	69.325000	F3	53	30	405	73.000000	F3	53	80	
404	69.552083	G4	67	54	406	73.250000	G4	67	80	
405	69.787500	F4	65	52	408	73.500000	F4	65	80	
406	69.791667	A3	57	35	409	73.500000	A3	57	80	
407	69.801042	D4	62	39	407	73.500000	D4	62	80	
408	70.018750	E4	64	51	410	73.750000	E4	64	80	
409	70.253125	F4	65	55	411	74.000000	F4	65	80	
410	70.484375	E4	64	50	412	74.250000	E4	64	80	
411	70.716667	D4	62	51	413	74.500000	D4	62	80	
412	70.908333	C4	60	61	414	74.750000	C4	60	80	
413	71.045833	D4	62	55	415	75.000000	D4	62	80	
414	71.119792	G4	67	61	416	75.000000	G4	67	80	
415	71.209375	B4	71	72	417	75.000000	B4	71	80	
416	71.460417	F3	53	45	419	75.250000	F3	53	80	
417	71.683333	G3	55	54	420	75.500000	G3	55	80	
418	71.912500	A3	57	59	421	75.750000	A3	57	80	
419	72.148958	G3	55	62	422	76.000000	G3	55	80	
420	72.368750	F3	53	63	423	76.250000	F3	53	80	
421	72.604167	E3	52	66	424	76.500000	E3	52	80	
422	72.830208	D3	50	67	425	76.750000	D3	50	80	
423	73.060417	C5	72	76	427	77.000000	C5	72	80	
424	73.076042	E3	52	46	429	77.000000	E3	52	80	
425	73.089583	G4	67	46	426	77.000000	G4	67	80	
426	73.100000	C4	60	41	428	77.000000	C4	60	80	
427	73.300000	D3	50	58	430	77.250000	D3	50	80	
428	73.544792	C3	48	59	431	77.500000	C3	48	80	
429	73.771875	Bb2	46	66	432	77.750000	Bb2	46	80	
430	73.998958	F4	65	68	433	78.000000	F4	65	80	
431	74.002083	A2	45	51	434	78.000000	A2	45	80	
432	74.228125	E3	52	56	436	78.250000	E3	52	80	
433	74.240625	C5	72	73	435	78.250000	C5	72	80	
434	74.463542	D5	74	73	437	78.500000	D5	74	80	
435	74.469792	F3	53	56	438	78.500000	F3	53	80	
436	74.683333	G3	55	59	440	78.750000	G3	55	80	
437	74.684375	Eb5	75	84	439	78.750000	Eb5	75	80	
438	74.920833	F3	53	55	442	79.000000	F3	53	80	
439	74.922917	D5	74	75	441	79.000000	D5	74	80	
440	75.157292	E3	52	54	444	79.250000	Eb3	51	80	
441	75.158333	C5	72	70	443	79.250000	C5	72	80	
442	75.372917	Bb4	70	75	445	79.500000	Bb4	70	80	
443	75.390625	D3	50	57	446	79.500000	D3	50	80	
444	75.604167	A4	69	74	447	79.750000	A4	69	80	
445	75.625000	C3	48	55	448	79.750000	C3	48	80	
446	75.846875	D3	50	53	450	80.000000	D3	50	80	
447	75.851042	Bb4	70	79	449	80.000000	Bb4	70	80	
448	76.071875	A4	69	71	451	80.250000	A4	69	80	
449	76.077083	C3	48	53	452	80.250000	C3	48	80	
450	76.300000	G4	67	69	453	80.500000	G4	67	80	
451	76.302083	Bb2	46	56	454	80.500000	Bb2	46	80	
452	76.487500	F4	65	72	455	80.750000	F4	65	80	
453	76.505208	A2	45	57	456	80.750000	A2	45	80	
454	76.626042	G4	67	72	457	81.000000	G4	67	80	
455	76.719792	Bb4	70	72	458	81.000000	Bb4	70	80	
456	76.730208	G2	43	53	460	81.000000	G2	43	80	
457	76.802083	E5	76	83	459	81.000000	E5	76	80	
458	77.075000	Bb3	58	70	461	81.250000	Bb3	58	80	
459	77.304167	C4	60	76	462	81.500000	C4	60	80	
460	77.516667	D4	62	76	463	81.750000	D4	62	80	
461	77.740625	C4	60	73	464	82.000000	C4	60	80	
462	77.966667	Bb3	58	68	465	82.250000	Bb3	58	80	
463	78.197917	A3	57	72	466	82.500000	A3	57	80	
464	78.419792	G3	55	75	467	82.750000	G3	55	80	
465	78.671875	A3	57	53	471	83.000000	A3	57	80	
466	78.671875	F5	77	81	468	83.000000	F5	77	80	
467	78.692708	F4	65	54	469	83.000000	F4	65	80	
468	78.707292	C5	72	56	470	83.000000	C5	72	80	
469	78.906250	G3	55	62	472	83.250000	G3	55	80	
470	79.136458	F3	53	65	473	83.500000	F3	53	80	
471	79.375000	E3	52	63	474	83.750000	E3	52	80	
472	79.616667	D3	50	66	475	84.000000	D3	50	80	
473	79.861458	A3	57	56	477	84.250000	A3	57	80	
474	79.865625	F5	77	82	476	84.250000	F5	77	80	
475	80.094792	G5	79	86	478	84.500000	G5	79	80	
476	80.107292	Bb3	58	59	479	84.500000	Bb3	58	80	
477	80.321875	C4	60	56	481	84.750000	C4	60	80	
478	80.331250	A5	81	85	480	84.750000	A5	81	80	
479	80.552083	G5	79	83	482	85.000000	G5	79	80	
480	80.559375	Bb3	58	57	483	85.000000	Bb3	58	80	
481	80.773958	F5	77	80	484	85.250000	F5	77	80	
482	80.778125	A3	57	57	485	85.250000	A3	57	80	
483	80.997917	G3	55	57	487	85.500000	G3	55	80	
484	81.000000	E5	76	83	486	85.500000	E5	76	80	
485	81.230208	F3	53	61	489	85.750000	F3	53	80	
486	81.236458	D5	74	79	488	85.750000	D5	74	80	
487	81.473958	G3	55	57	491	86.000000	G3	55	80	
488	81.490625	E5	76	79	490	86.000000	E5	76	80	
489	81.737500	D5	74	79	492	86.250000	D5	74	80	
490	81.743750	F4	65	68	493	86.250000	F4	65	80	
491	81.945833	E4	64	70	495	86.500000	E4	64	80	
492	81.952083	C#5	73	82	494	86.500000	C#5	73	80	
493	82.165625	B4	71	83	496	86.750000	B4	71	80	
494	82.180208	D4	62	54	497	86.750000	D4	62	80	
495	82.434375	C#5	73	77	498	87.000000	C#5	73	80	
496	82.439583	E4	64	47	499	87.000000	E4	64	80	
497	82.675000	Bb4	70	68	500	87.250000	Bb4	70	80	
498	82.904167	A4	69	66	501	87.500000	A4	69	80	
499	83.132292	G4	67	58	502	87.750000	G4	67	80	
500	83.372917	A4	69	59	503	88.000000	A4	69	80	
501	83.607292	G4	67	51	504	88.250000	G4	67	80	
502	83.839583	F4	65	54	505	88.500000	F4	65	80	
503	84.055208	E4	64	62	506	88.750000	E4	64	80	
504	84.309375	F3	53	44	509	89.000000	F3	53	80	
505	84.319792	D5	74	66	507	89.000000	D5	74	80	
506	84.345833	A4	69	53	*	-1	*	-1	-1	
507	84.348958	F4	65	35	508	89.000000	F4	65	80	
508	84.566667	C#4	61	60	510	89.250000	C#4	61	80	
509	84.803125	D4	62	68	511	89.500000	D4	62	80	
510	85.030208	E4	64	69	512	89.750000	E4	64	80	
511	85.251042	D4	62	67	513	90.000000	D4	62	80	
512	85.486458	C4	60	70	514	90.250000	C4	60	80	
513	85.714583	Bb3	58	45	517	90.500000	Bb3	58	80	
514	85.720833	F5	77	84	515	90.500000	F5	77	80	
515	85.734375	A4	69	73	516	90.500000	A4	69	80	
516	85.948958	A3	57	65	518	90.750000	A3	57	80	
517	86.178125	E5	76	90	519	91.000000	E5	76	80	
518	86.198958	G4	67	71	520	91.000000	G4	67	80	
519	86.210417	Bb3	58	58	521	91.000000	Bb3	58	80	
520	86.404167	A3	57	66	522	91.250000	A3	57	80	
521	86.611458	G3	55	57	525	91.500000	G3	55	80	
522	86.617708	G5	79	89	523	91.500000	G5	79	80	
523	86.623958	Bb4	70	74	524	91.500000	Bb4	70	80	
524	86.843750	F3	53	67	526	91.750000	F3	53	80	
525	87.088542	C#5	73	85	527	92.000000	C#5	73	80	
526	87.111458	E4	64	66	528	92.000000	E4	64	80	
527	87.112500	G3	55	56	530	92.000000	G3	55	80	
528	87.118750	A3	57	46	529	92.000000	A3	57	80	
529	87.330208	F3	53	63	531	92.250000	F3	53	80	
530	87.568750	E3	52	54	534	92.500000	E3	52	80	
531	87.571875	D5	74	72	532	92.500000	D5	74	80	
532	87.607292	F4	65	50	533	92.500000	F4	65	80	
533	87.830208	D3	50	60	535	92.750000	D3	50	80	
534	88.110417	A3	57	62	536	93.000000	A3	57	80	
535	88.383333	D5	74	70	537	93.250000	D5	74	80	
536	88.393750	F4	65	51	538	93.250000	F4	65	80	
537	88.615625	C#5	73	74	539	93.500000	C#5	73	80	
538	88.620833	A2	45	41	541	93.500000	A2	45	80	
539	88.643750	E4	64	55	540	93.500000	E4	64	80	
540	88.833333	B4	71	70	542	93.750000	B4	71	80	
541	88.875000	D4	62	42	543	93.750000	D4	62	80	
542	89.079167	C#5	73	63	546	94.000000	C#5	73	80	
543	89.098958	E4	64	50	544	94.000000	E4	64	80	
544	89.098958	A4	69	51	545	94.000000	A4	69	80	
545	89.331250	G3	55	60	547	94.250000	G3	55	80	
546	89.573958	A3	57	64	548	94.500000	A3	57	80	
547	89.793750	Bb3	58	61	549	94.750000	Bb3	58	80	
548	90.034375	A3	57	56	550	95.000000	A3	57	80	
549	90.270833	G3	55	56	551	95.250000	G3	55	80	
550	90.501042	F3	53	52	552	95.500000	F3	53	80	
551	90.742708	E3	52	52	553	95.750000	E3	52	80	
552	91.000000	F3	53	47	554	96.000000	F3	53	80	
553	91.229167	C#5	73	54	555	96.250000	C#5	73	80	
554	91.462500	D5	74	59	556	96.500000	D5	74	80	
555	91.684375	E5	76	59	557	96.750000	E5	76	80	
556	91.919792	A3	57	52	559	97.000000	A3	57	80	
557	91.927083	D5	74	56	558	97.000000	D5	74	80	
558	92.156250	C5	72	59	560	97.250000	C5	72	80	
559	92.375000	Bb4	70	62	561	97.500000	Bb4	70	80	
560	92.601042	A4	69	59	562	97.750000	A4	69	80	
561	92.834375	Bb4	70	62	563	98.000000	Bb4	70	80	
562	92.836458	D4	62	57	564	98.000000	D4	62	80	
563	93.062500	A4	69	59	565	98.250000	A4	69	80	
564	93.296875	G4	67	51	566	98.500000	G4	67	80	
565	93.519792	F4	65	53	567	98.750000	F4	65	80	
566	93.737500	E3	52	37	569	99.000000	E3	52	80	
567	93.767708	G4	67	54	568	99.000000	G4	67	80	
568	93.987500	F4	65	44	570	99.250000	F4	65	80	
569	94.235417	E4	64	47	571	99.500000	E4	64	80	
570	94.445833	D4	62	40	572	99.750000	D4	62	80	
571	94.691667	E4	64	53	573	100.000000	E4	64	80	
572	94.907292	D4	62	49	574	100.250000	D4	62	80	
573	95.150000	C#4	61	50	575	100.500000	C#4	61	80	
574	95.369792	B3	59	53	576	100.750000	B3	59	80	
575	95.594792	C#4	61	45	577	101.000000	C#4	61	80	
576	95.821875	G3	55	48	578	101.250000	G3	55	80	
577	96.052083	A3	57	55	579	101.500000	A3	57	80	
578	96.285417	Bb3	58	56	580	101.750000	Bb3	58	80	
579	96.527083	A3	57	54	581	102.000000	A3	57	80	
580	96.755208	G3	55	50	582	102.250000	G3	55	80	
581	96.992708	F3	53	50	583	102.500000	F3	53	80	
582	97.216667	E3	52	52	584	102.750000	E3	52	80	
583	97.456250	F4	65	55	586	103.000000	F4	65	80	
584	97.463542	A3	57	40	587	103.000000	A3	57	80	
585	97.470833	F3	53	45	588	103.000000	F3	53	80	
586	97.484375	D4	62	39	585	103.000000	D4	62	80	
587	97.688542	E3	52	51	589	103.250000	E3	52	80	
588	97.928125	D3	50	54	590	103.500000	D3	50	80	
589	98.146875	C#3	49	58	591	103.750000	C#3	49	80	
590	98.385417	D3	50	56	592	104.000000	D3	50	80	
591	98.615625	C3	48	52	593	104.250000	C3	48	80	
592	98.842708	B2	47	58	594	104.500000	B2	47	80	
593	99.062500	A2	45	57	595	104.750000	A2	45	80	
594	99.329167	B2	47	51	596	105.000000	B2	47	80	
595	99.585417	C4	60	47	597	105.250000	C4	60	80	
596	99.806250	B3	59	59	598	105.500000	B3	59	80	
597	100.018750	A3	57	57	599	105.750000	A3	57	80	
598	100.256250	G#3	56	60	600	106.000000	G#3	56	80	
599	100.460417	C3	48	57	601	106.250000	C3	48	80	
600	100.682292	A3	57	57	602	106.500000	A3	57	80	
601	100.707292	D3	50	58	603	106.500000	D3	50	80	
602	100.902083	E3	52	65	604	106.750000	E3	52	80	
603	101.139583	D3	50	58	606	107.000000	D3	50	80	
604	101.156250	B3	59	60	605	107.000000	B3	59	80	
605	101.363542	C3	48	60	607	107.250000	C3	48	80	
606	101.592708	B2	47	65	608	107.500000	B2	47	80	
607	101.821875	A2	45	58	609	107.750000	A2	45	80	
608	102.069792	G#2	44	59	610	108.000000	G#2	44	80	
609	102.304167	D3	50	59	611	108.250000	D3	50	80	
610	102.526042	E3	52	63	612	108.500000	E3	52	80	
611	102.768750	F3	53	62	613	108.750000	F3	53	80	
612	102.994792	E3	52	61	614	109.000000	E3	52	80	
613	103.225000	A3	57	57	615	109.250000	A3	57	80	
614	103.455208	B3	59	67	616	109.500000	B3	59	80	
615	103.678125	C4	60	64	617	109.750000	C4	60	80	
616	103.916667	B3	59	65	618	110.000000	B3	59	80	
617	104.143750	C#4	61	62	619	110.250000	C#4	61	80	
618	104.361458	D4	62	62	620	110.500000	D4	62	80	
619	104.587500	E4	64	59	621	110.750000	E4	64	80	
620	104.842708	C#4	61	60	622	111.000000	C#4	61	80	
621	104.847917	E3	52	32	*	-1	*	-1	-1	
622	104.852083	G2	43	31	624	111.000000	G2	43	80	
623	104.860417	A3	57	45	623	111.000000	A3	57	80	
624	105.080208	E4	64	59	625	111.250000	E4	64	80	
625	105.317708	F4	65	60	626	111.500000	F4	65	80	
626	105.540625	G4	67	63	627	111.750000	G4	67	80	
627	105.783333	A4	69	67	628	112.000000	A4	69	80	
628	106.006250	B3	59	63	629	112.250000	B3	59	80	
629	106.012500	F3	53	45	630	112.250000	F3	53	80	
630	106.246875	C#4	61	59	631	112.500000	C#4	61	80	
631	106.251042	E3	52	44	632	112.500000	E3	52	80	
632	106.470833	D3	50	51	634	112.750000	D3	50	80	
633	106.472917	D4	62	57	633	112.750000	D4	62	80	
634	106.706250	E4	64	58	635	113.000000	E4	64	80	
635	106.707292	C#3	49	51	636	113.000000	C#3	49	80	
636	106.944792	Bb2	46	53	637	113.250000	Bb2	46	80	
637	107.181250	A2	45	54	638	113.500000	A2	45	80	
638	107.408333	G2	43	50	639	113.750000	G2	43	80	
639	107.648958	F2	41	59	640	114.000000	F2	41	80	
640	107.895833	G4	67	55	641	114.250000	G4	67	80	
641	108.127083	D3	50	43	644	114.500000	D3	50	80	
642	108.146875	Bb4	70	68	642	114.500000	Bb4	70	80	
643	108.157292	D4	62	43	643	114.500000	D4	62	80	
644	108.362500	A4	69	71	645	114.750000	A4	69	80	
645	108.592708	G4	67	64	646	115.000000	G4	67	80	
646	108.595833	E3	52	54	647	115.000000	E3	52	80	
647	108.609375	G2	43	44	648	115.000000	G2	43	80	
648	108.815625	F4	65	71	649	115.250000	F4	65	80	
649	109.034375	F3	53	55	651	115.500000	F3	53	80	
650	109.035417	E4	64	71	650	115.500000	E4	64	80	
651	109.256250	D4	62	64	652	115.750000	D4	62	80	
652	109.493750	G3	55	55	654	116.000000	G3	55	80	
653	109.509375	C#4	61	70	653	116.000000	C#4	61	80	
654	109.525000	A2	45	27	655	116.000000	A2	45	80	
655	109.734375	E4	64	70	656	116.250000	E4	64	80	
656	109.962500	A3	57	67	658	116.500000	A3	57	80	
657	109.962500	F4	65	70	657	116.500000	F4	65	80	
658	110.205208	G4	67	69	659	116.750000	G4	67	80	
659	110.490625	Bb3	58	59	661	117.000000	Bb3	58	80	
660	110.495833	D4	62	69	660	117.000000	D4	62	80	
661	110.500000	D3	50	34	662	117.000000	D3	50	80	
662	110.790625	G4	67	73	663	117.250000	G4	67	80	
663	111.015625	F4	65	69	664	117.500000	F4	65	80	
664	111.023958	A3	57	52	665	117.500000	A3	57	80	
665	111.236458	E4	64	72	666	117.750000	E4	64	80	
666	111.250000	G3	55	46	667	117.750000	G3	55	80	
667	111.496875	F4	65	66	668	118.000000	F4	65	80	
668	111.501042	A3	57	37	669	118.000000	A3	57	80	
669	111.746875	E4	64	63	670	118.250000	E4	64	80	
670	111.966667	D4	62	60	671	118.500000	D4	62	80	
671	112.188542	C#4	61	60	672	118.750000	C#4	61	80	
672	112.408333	D4	62	52	673	119.000000	D4	62	80	
673	112.644792	C4	60	55	674	119.250000	C4	60	80	
674	112.878125	Bb3	58	59	675	119.500000	Bb3	58	80	
675	113.098958	A3	57	56	676	119.750000	A3	57	80	
676	113.363542	Bb3	58	51	677	120.000000	Bb3	58	80	
677	113.584375	F4	65	55	678	120.250000	F4	65	80	
678	113.598958	D3	50	42	679	120.250000	D3	50	80	
679	113.803125	G4	67	65	680	120.500000	G4	67	80	
680	113.811458	E3	52	42	681	120.500000	E3	52	80	
681	114.031250	A4	69	71	682	120.750000	A4	69	80	
682	114.033333	F3	53	45	683	120.750000	F3	53	80	
683	114.271875	Bb4	70	72	684	121.000000	Bb4	70	80	
684	114.285417	G3	55	42	685	121.000000	G3	55	80	
685	114.489583	D4	62	54	686	121.250000	D4	62	80	
686	114.714583	E4	64	62	687	121.500000	E4	64	80	
687	114.716667	F3	53	45	689	121.500000	F3	53	80	
688	114.730208	A3	57	47	688	121.500000	A3	57	80	
689	114.948958	F4	65	62	690	121.750000	F4	65	80	
690	115.193750	G4	67	58	691	122.000000	G4	67	80	
691	115.202083	G3	55	44	692	122.000000	G3	55	80	
692	115.426042	E3	52	49	693	122.250000	E3	52	80	
693	115.662500	E4	64	60	694	122.500000	E4	64	80	
694	115.679167	D3	50	38	695	122.500000	D3	50	80	
695	115.895833	C3	48	42	696	122.750000	C3	48	80	
696	116.140625	C4	60	53	697	123.000000	C4	60	80	
697	116.147917	F3	53	38	698	123.000000	F3	53	80	
698	116.376042	Bb4	70	69	699	123.250000	Bb4	70	80	
699	116.613542	A4	69	67	700	123.500000	A4	69	80	
700	116.626042	F3	53	43	701	123.500000	F3	53	80	
701	116.627083	F2	41	44	702	123.500000	F2	41	80	
702	116.837500	E3	52	47	704	123.750000	E3	52	80	
703	116.837500	G4	67	62	703	123.750000	G4	67	80	
704	117.067708	A4	69	63	705	124.000000	A4	69	80	
705	117.125000	F3	53	33	706	124.000000	F3	53	80	
706	117.317708	G4	67	52	708	124.250000	G4	67	80	
707	117.553125	F4	65	53	709	124.500000	F4	65	80	
708	117.558333	A3	57	44	710	124.500000	A3	57	80	
709	117.778125	E4	64	55	711	124.750000	E4	64	80	
710	118.013542	F4	65	45	712	125.000000	F4	65	80	
711	118.261458	E4	64	53	713	125.250000	E4	64	80	
712	118.490625	D4	62	55	714	125.500000	D4	62	80	
713	118.717708	C#4	61	54	715	125.750000	C#4	61	80	
714	118.934375	D4	62	51	716	126.000000	D4	62	80	
715	119.162500	A4	69	71	717	126.250000	A4	69	80	
716	119.176042	F3	53	39	718	126.250000	F3	53	80	
717	119.390625	Bb4	70	79	719	126.500000	Bb4	70	80	
718	119.413542	G3	55	37	720	126.500000	G3	55	80	
719	119.608333	C5	72	81	721	126.750000	C5	72	80	
720	119.626042	A3	57	47	722	126.750000	A3	57	80	
721	119.856250	D5	74	75	723	127.000000	D5	74	80	
722	119.870833	Bb3	58	50	724	127.000000	Bb3	58	80	
723	120.092708	F4	65	69	725	127.250000	F4	65	80	
724	120.303125	A3	57	49	728	127.500000	A3	57	80	
725	120.316667	C4	60	49	727	127.500000	C4	60	80	
726	120.331250	G4	67	70	726	127.500000	G4	67	80	
727	120.537500	A4	69	77	729	127.750000	A4	69	80	
728	120.779167	Bb4	70	77	730	128.000000	Bb4	70	80	
729	120.791667	Bb3	58	48	731	128.000000	Bb3	58	80	
730	121.031250	G3	55	65	732	128.250000	G3	55	80	
731	121.251042	F3	53	56	734	128.500000	F3	53	80	
732	121.253125	G4	67	74	733	128.500000	G4	67	80	
733	121.462500	E3	52	61	735	128.750000	E3	52	80	
734	121.713542	A3	57	54	737	129.000000	A3	57	80	
735	121.728125	E4	64	72	736	129.000000	E4	64	80	
736	121.957292	D5	74	75	738	129.250000	D5	74	80	
737	122.183333	C5	72	78	739	129.500000	C5	72	80	
738	122.204167	A3	57	51	740	129.500000	A3	57	80	
739	122.208333	A2	45	35	741	129.500000	A2	45	80	
740	122.403125	G3	55	57	743	129.750000	G3	55	80	
741	122.406250	Bb4	70	80	742	129.750000	Bb4	70	80	
742	122.644792	C5	72	74	744	130.000000	C5	72	80	
743	122.657292	A3	57	43	745	130.000000	A3	57	80	
744	122.868750	Bb4	70	67	747	130.250000	Bb4	70	80	
745	123.100000	A4	69	64	748	130.500000	A4	69	80	
746	123.112500	C4	60	53	749	130.500000	C4	60	80	
747	123.327083	G4	67	57	750	130.750000	G4	67	80	
748	123.559375	A4	69	65	751	131.000000	A4	69	80	
749	123.801042	G4	67	59	752	131.250000	G4	67	80	
750	124.029167	F4	65	65	753	131.500000	F4	65	80	
751	124.255208	E4	64	63	754	131.750000	E4	64	80	
752	124.488542	F4	65	62	755	132.000000	F4	65	80	
753	124.709375	C5	72	78	756	132.250000	C5	72	80	
754	124.719792	A3	57	50	757	132.250000	A3	57	80	
755	124.942708	B3	59	58	759	132.500000	B3	59	80	
756	124.942708	D5	74	79	758	132.500000	D5	74	80	
757	125.172917	C4	60	58	761	132.750000	C4	60	80	
758	125.176042	E5	76	84	760	132.750000	E5	76	80	
759	125.422917	F5	77	83	762	133.000000	F5	77	80	
760	125.443750	D4	62	51	763	133.000000	D4	62	80	
761	125.662500	A4	69	80	764	133.250000	A4	69	80	
762	125.888542	C4	60	56	767	133.500000	C4	60	80	
763	125.892708	E4	64	62	766	133.500000	E4	64	80	
764	125.892708	B4	71	78	765	133.500000	B4	71	80	
765	126.110417	C5	72	86	768	133.750000	C5	72	80	
766	126.345833	D5	74	78	769	134.000000	D5	74	80	
767	126.347917	D4	62	54	770	134.000000	D4	62	80	
768	126.584375	B3	59	68	771	134.250000	B3	59	80	
769	126.802083	B4	71	82	772	134.500000	B4	71	80	
770	126.813542	A3	57	57	773	134.500000	A3	57	80	
771	127.037500	G3	55	66	774	134.750000	G3	55	80	
772	127.268750	C4	60	53	776	135.000000	C4	60	80	
773	127.287500	G4	67	75	775	135.000000	G4	67	80	
774	127.525000	F5	77	79	777	135.250000	F5	77	80	
775	127.760417	E5	76	79	778	135.500000	E5	76	80	
776	127.775000	C3	48	60	780	135.500000	C3	48	80	
777	127.776042	C4	60	59	779	135.500000	C4	60	80	
778	127.986458	D5	74	80	781	135.750000	D5	74	80	
779	127.995833	B3	59	58	782	135.750000	B3	59	80	
780	128.282292	E5	76	80	783	136.000000	E5	76	80	
781	128.285417	C4	60	43	784	136.000000	C4	60	80	
782	128.561458	D5	74	69	786	136.250000	D5	74	80	
783	128.780208	C5	72	71	787	136.500000	C5	72	80	
784	128.990625	B4	71	66	788	136.750000	B4	71	80	
785	129.213542	C5	72	67	789	137.000000	C5	72	80	
786	129.444792	B4	71	62	790	137.250000	B4	71	80	
787	129.673958	A4	69	64	791	137.500000	A4	69	80	
788	129.887500	G#4	68	66	792	137.750000	G#4	68	80	
789	130.118750	A4	69	60	793	138.000000	A4	69	80	
790	130.358333	E4	64	59	794	138.250000	E4	64	80	
791	130.589583	F4	65	70	795	138.500000	F4	65	80	
792	130.821875	G4	67	73	796	138.750000	G4	67	80	
793	131.053125	F4	65	56	800	139.000000	F4	65	80	
794	131.061458	D5	74	80	798	139.000000	D5	74	80	
795	131.076042	A4	69	59	799	139.000000	A4	69	80	
796	131.076042	B4	71	63	797	139.000000	B4	71	80	
797	131.292708	E4	64	62	801	139.250000	E4	64	80	
798	131.530208	D4	62	59	802	139.500000	D4	62	80	
799	131.766667	C4	60	65	803	139.750000	C4	60	80	
800	131.990625	D4	62	61	804	140.000000	D4	62	80	
801	132.201042	C4	60	67	805	140.250000	C4	60	80	
802	132.431250	B3	59	68	806	140.500000	B3	59	80	
803	132.660417	A3	57	66	807	140.750000	A3	57	80	
804	132.887500	G#4	68	77	808	141.000000	G#4	68	80	
805	132.912500	B3	59	60	809	141.000000	B3	59	80	
806	133.131250	A3	57	67	810	141.250000	A3	57	80	
807	133.370833	G#3	56	67	811	141.500000	G#3	56	80	
808	133.587500	F#3	54	67	812	141.750000	F#3	54	80	
809	133.815625	G#3	56	63	814	142.000000	G#3	56	80	
810	133.818750	E4	64	70	813	142.000000	E4	64	80	
811	134.048958	D3	50	66	815	142.250000	D3	50	80	
812	134.265625	E3	52	70	816	142.500000	E3	52	80	
813	134.483333	F3	53	74	817	142.750000	F3	53	80	
814	134.725000	E3	52	71	818	143.000000	E3	52	80	
815	134.961458	D3	50	74	819	143.250000	D3	50	80	
816	135.193750	C3	48	70	820	143.500000	C3	48	80	
817	135.426042	B2	47	71	821	143.750000	B2	47	80	
818	135.692708	C3	48	69	822	144.000000	C3	48	80	
819	135.955208	D5	74	69	823	144.250000	D5	74	80	
820	136.196875	E3	52	66	825	144.500000	E3	52	80	
821	136.196875	E5	76	72	824	144.500000	E5	76	80	
822	136.423958	F5	77	75	826	144.750000	F5	77	80	
823	136.650000	E5	76	73	827	145.000000	E5	76	80	
824	136.660417	F#3	54	66	828	145.000000	F#3	54	80	
825	136.882292	D5	74	70	829	145.250000	D5	74	80	
826	137.101042	C5	72	77	830	145.500000	C5	72	80	
827	137.105208	G#3	56	65	831	145.500000	G#3	56	80	
828	137.326042	B4	71	73	832	145.750000	B4	71	80	
829	137.570833	C5	72	74	833	146.000000	C5	72	80	
830	137.571875	A3	57	48	834	146.000000	A3	57	80	
831	137.794792	B4	71	72	835	146.250000	B4	71	80	
832	138.018750	B3	59	58	837	146.500000	B3	59	80	
833	138.022917	A4	69	75	836	146.500000	A4	69	80	
834	138.243750	G#4	68	71	838	146.750000	G#4	68	80	
835	138.488542	C4	60	52	840	147.000000	C4	60	80	
836	138.493750	A4	69	69	839	147.000000	A4	69	80	
837	138.716667	G4	67	56	841	147.250000	G4	67	80	
838	138.952083	C#3	49	56	844	147.500000	C#3	49	80	
839	138.962500	A3	57	48	843	147.500000	A3	57	80	
840	138.963542	F4	65	51	842	147.500000	F4	65	80	
841	139.184375	E4	64	58	845	147.750000	E4	64	80	
842	139.407292	F4	65	53	846	148.000000	F4	65	80	
843	139.419792	D3	50	66	847	148.000000	D3	50	80	
844	139.645833	E4	64	57	848	148.250000	E4	64	80	
845	139.861458	E3	52	66	851	148.500000	E3	52	80	
846	139.871875	F4	65	54	849	148.500000	F4	65	80	
847	139.873958	C#4	61	68	850	148.500000	C#4	61	80	
848	140.097917	G4	67	63	852	148.750000	G4	67	80	
849	140.328125	F3	53	64	855	149.000000	F3	53	80	
850	140.331250	D4	62	61	854	149.000000	D4	62	80	
851	140.335417	F4	65	66	853	149.000000	F4	65	80	
852	140.556250	E4	64	74	856	149.250000	E4	64	80	
853	140.787500	G3	55	54	859	149.500000	G3	55	80	
854	140.789583	D4	62	70	857	149.500000	D4	62	80	
855	140.804167	A3	57	51	858	149.500000	A3	57	80	
856	141.016667	C#4	61	72	860	149.750000	C#4	61	80	
857	141.237500	F3	53	47	862	150.000000	F3	53	80	
858	141.276042	D4	62	66	861	150.000000	D4	62	80	
859	141.542708	G5	79	76	863	150.250000	G5	79	80	
860	141.760417	A3	57	57	865	150.500000	A3	57	80	
861	141.762500	A5	81	82	864	150.500000	A5	81	80	
862	141.981250	Bb5	82	84	866	150.750000	Bb5	82	80	
863	142.211458	A5	81	80	867	151.000000	A5	81	80	
864	142.219792	B3	59	56	868	151.000000	B3	59	80	
865	142.431250	G5	79	81	869	151.250000	G5	79	80	
866	142.664583	F5	77	77	870	151.500000	F5	77	80	
867	142.666667	C#4	61	54	871	151.500000	C#4	61	80	
868	142.897917	E5	76	77	872	151.750000	E5	76	80	
869	143.112500	F5	77	73	873	152.000000	F5	77	80	
870	143.125000	D4	62	73	874	152.000000	D4	62	80	
871	143.350000	E5	76	76	875	152.250000	E5	76	80	
872	143.582292	E4	64	74	877	152.500000	E4	64	80	
873	143.587500	D5	74	70	876	152.500000	D5	74	80	
874	143.807292	C#5	73	74	878	152.750000	C#5	73	80	
875	144.051042	F4	65	60	880	153.000000	F4	65	80	
876	144.055208	D5	74	73	879	153.000000	D5	74	80	
877	144.294792	G3	55	57	882	153.250000	G3	55	80	
878	144.296875	E5	76	80	881	153.250000	E5	76	80	
879	144.507292	A3	57	55	884	153.500000	A3	57	80	
880	144.518750	F5	77	81	883	153.500000	F5	77	80	
881	144.738542	Bb3	58	59	886	153.750000	Bb3	58	80	
882	144.739583	G5	79	84	885	153.750000	G5	79	80	
883	144.965625	F5	77	75	887	154.000000	F5	77	80	
884	144.981250	A3	57	56	888	154.000000	A3	57	80	
885	145.194792	E5	76	74	889	154.250000	E5	76	80	
886	145.205208	G3	55	51	890	154.250000	G3	55	80	
887	145.422917	D5	74	73	891	154.500000	D5	74	80	
888	145.432292	F3	53	54	892	154.500000	F3	53	80	
889	145.635417	C#5	73	72	893	154.750000	C#5	73	80	
890	145.647917	E3	52	44	894	154.750000	E3	52	80	
891	145.863542	D5	74	66	895	155.000000	D5	74	80	
892	145.888542	F3	53	47	896	155.000000	F3	53	80	
893	146.100000	C5	72	70	897	155.250000	C5	72	80	
894	146.104167	E3	52	44	898	155.250000	E3	52	80	
895	146.333333	Bb4	70	66	899	155.500000	Bb4	70	80	
896	146.346875	D3	50	39	900	155.500000	D3	50	80	
897	146.559375	C#3	49	41	902	155.750000	C#3	49	80	
898	146.564583	A4	69	57	901	155.750000	A4	69	80	
899	146.802083	D3	50	36	904	156.000000	D3	50	80	
900	146.826042	Bb4	70	54	903	156.000000	Bb4	70	80	
901	147.069792	C5	72	54	905	156.250000	C5	72	80	
902	147.306250	D5	74	50	906	156.500000	D5	74	80	
903	147.307292	F3	53	58	907	156.500000	F3	53	80	
904	147.529167	Eb5	75	60	908	156.750000	Eb5	75	80	
905	147.756250	D5	74	52	909	157.000000	D5	74	80	
906	147.758333	Bb3	58	72	910	157.000000	Bb3	58	80	
907	147.989583	C5	72	61	911	157.250000	C5	72	80	
908	148.223958	C4	60	73	913	157.500000	C4	60	80	
909	148.234375	Bb4	70	60	912	157.500000	Bb4	70	80	
910	148.455208	A4	69	61	914	157.750000	A4	69	80	
911	148.685417	D4	62	63	916	158.000000	D4	62	80	
912	148.710417	Bb4	70	58	915	158.000000	Bb4	70	80	
913	148.913542	A4	69	58	917	158.250000	A4	69	80	
914	149.154167	G#4	68	62	918	158.500000	G#4	68	80	
915	149.160417	C4	60	47	919	158.500000	C4	60	80	
916	149.384375	F#4	66	56	920	158.750000	F#4	66	80	
917	149.616667	G#4	68	55	921	159.000000	G#4	68	80	
918	149.643750	B3	59	36	922	159.000000	B3	59	80	
919	149.865625	D3	50	50	923	159.250000	D3	50	80	
920	150.094792	E4	64	67	924	159.500000	E4	64	80	
921	150.096875	E3	52	47	926	159.500000	E3	52	80	
922	150.310417	F3	53	64	927	159.750000	F3	53	80	
923	150.541667	G#4	68	77	928	160.000000	G#4	68	80	
924	150.542708	E3	52	58	929	160.000000	E3	52	80	
925	150.767708	D3	50	68	930	160.250000	D3	50	80	
926	150.995833	B4	71	78	931	160.500000	B4	71	80	
927	151.006250	C3	48	61	932	160.500000	C3	48	80	
928	151.242708	B2	47	71	933	160.750000	B2	47	80	
929	151.478125	D5	74	75	934	161.000000	D5	74	80	
930	151.489583	C3	48	65	935	161.000000	C3	48	80	
931	151.718750	B2	47	71	936	161.250000	B2	47	80	
932	151.955208	A2	45	65	937	161.500000	A2	45	80	
933	152.181250	G#2	44	72	938	161.750000	G#2	44	80	
934	152.420833	A2	45	73	939	162.000000	A2	45	80	
935	152.650000	F2	41	78	940	162.250000	F2	41	80	
936	152.887500	C5	72	85	942	162.500000	C5	72	80	
937	152.890625	F#4	66	69	943	162.500000	F#4	66	80	
938	152.891667	A4	69	76	941	162.500000	A4	69	80	
939	152.896875	E2	40	69	944	162.500000	E2	40	80	
940	153.137500	Eb2	39	80	945	162.750000	Eb2	39	80	
941	153.188542	E2	40	60	*	-1	*	-1	-1	
942	153.430208	E4	64	86	946	163.000000	E4	64	80	
943	153.442708	E2	40	60	947	163.000000	E2	40	80	
944	153.710417	C5	72	83	948	163.250000	C5	72	80	
945	153.761458	A2	45	63	949	163.250000	A2	45	80	
946	153.933333	B2	47	71	951	163.500000	B2	47	80	
947	153.945833	B4	71	82	950	163.500000	B4	71	80	
948	154.144792	C3	48	59	953	163.750000	C3	48	80	
949	154.154167	A4	69	84	952	163.750000	A4	69	80	
950	154.376042	D3	50	67	956	164.000000	D3	50	80	
951	154.381250	B4	71	81	954	164.000000	B4	71	80	
952	154.616667	F#4	66	79	957	164.250000	F#4	66	80	
953	154.852083	G#4	68	89	958	164.500000	G#4	68	80	
954	154.862500	E3	52	74	959	164.500000	E3	52	80	
955	155.110417	D4	62	81	960	164.750000	D4	62	80	
956	155.395833	F3	53	63	962	165.000000	F3	53	80	
957	155.401042	A2	45	48	963	165.000000	A2	45	80	
958	155.425000	A4	69	89	961	165.000000	A4	69	80	
959	155.720833	D4	62	80	964	165.250000	D4	62	80	
960	155.964583	E4	64	81	965	165.500000	E4	64	80	
961	155.966667	D3	50	70	966	165.500000	D3	50	80	
962	156.208333	F4	65	81	967	165.750000	F4	65	80	
963	156.483333	E4	64	85	968	166.000000	E4	64	80	
964	156.497917	F3	53	73	969	166.000000	F3	53	80	
965	156.771875	D4	62	80	970	166.250000	D4	62	80	
966	157.084375	C#4	61	88	971	166.500000	C#4	61	80	
967	157.095833	G#3	56	82	972	166.500000	G#3	56	80	
968	157.426042	B3	59	91	973	166.750000	B3	59	80	
969	157.928125	E3	52	48	975	167.000000	E3	52	80	
970	157.935417	C#4	61	80	974	167.000000	C#4	61	80	
971	157.948958	A3	57	66	976	167.000000	A3	57	80	
972	158.348958	Bb2	46	62	977	167.250000	Bb2	46	80	
973	158.602083	A2	45	61	978	167.500000	A2	45	80	
974	158.851042	G2	43	55	979	167.750000	G2	43	80	
975	159.164583	F2	41	49	980	168.000000	F2	41	80	
976	159.446875	E5	76	57	981	168.250000	E5	76	80	
977	159.681250	F5	77	62	982	168.500000	F5	77	80	
978	159.907292	G5	79	67	983	168.750000	G5	79	80	
979	160.148958	F5	77	59	984	169.000000	F5	77	80	
980	160.165625	F3	53	46	985	169.000000	F3	53	80	
981	160.381250	E5	76	63	986	169.250000	E5	76	80	
982	160.611458	D5	74	62	987	169.500000	D5	74	80	
983	160.846875	C5	72	61	988	169.750000	C5	72	80	
984	161.104167	A3	57	41	990	170.000000	A3	57	80	
985	161.106250	D5	74	60	989	170.000000	D5	74	80	
986	161.327083	C5	72	64	991	170.250000	C5	72	80	
987	161.553125	Bb4	70	70	992	170.500000	Bb4	70	80	
988	161.769792	A4	69	67	993	170.750000	A4	69	80	
989	162.020833	Bb4	70	67	994	171.000000	Bb4	70	80	
990	162.026042	D4	62	29	995	171.000000	D4	62	80	
991	162.250000	A4	69	58	996	171.250000	A4	69	80	
992	162.484375	G4	67	53	997	171.500000	G4	67	80	
993	162.706250	F4	65	49	998	171.750000	F4	65	80	
994	162.934375	G4	67	49	999	172.000000	G4	67	80	
995	162.948958	Bb3	58	26	1000	172.000000	Bb3	58	80	
996	163.152083	F4	65	45	1001	172.250000	F4	65	80	
997	163.389583	E4	64	52	1002	172.500000	E4	64	80	
998	163.616667	D4	62	45	1003	172.750000	D4	62	80	
999	163.858333	E4	64	47	1004	173.000000	E4	64	80	
1000	163.877083	G3	55	37	1005	173.000000	G3	55	80	
1001	164.098958	Bb3	58	44	1006	173.250000	Bb3	58	80	
1002	164.334375	C4	60	53	1007	173.500000	C4	60	80	
1003	164.560417	D4	62	56	1008	173.750000	D4	62	80	
1004	164.780208	C4	60	52	1009	174.000000	C4	60	80	
1005	165.016667	Bb3	58	49	1010	174.250000	Bb3	58	80	
1006	165.257292	A3	57	50	1011	174.500000	A3	57	80	
1007	165.467708	G3	55	46	1012	174.750000	G3	55	80	
1008	165.687500	A4	69	62	1015	175.000000	A4	69	80	
1009	165.702083	C4	60	38	1013	175.000000	C4	60	80	
1010	165.703125	A3	57	32	1016	175.000000	A3	57	80	
1011	165.705208	F4	65	34	1014	175.000000	F4	65	80	
1012	165.918750	G3	55	48	1017	175.250000	G3	55	80	
1013	166.165625	F3	53	48	1018	175.500000	F3	53	80	
1014	166.406250	E3	52	49	1019	175.750000	E3	52	80	
1015	166.629167	F3	53	41	1023	176.000000	F3	53	80	
1016	166.632292	G#4	68	61	1022	176.000000	G#4	68	80	
1017	166.654167	F4	65	43	1021	176.000000	F4	65	80	
1018	166.664583	D4	62	38	1020	176.000000	D4	62	80	
1019	166.869792	D3	50	49	1025	176.250000	D3	50	80	
1020	167.108333	C3	48	40	1026	176.500000	C3	48	80	
1021	167.341667	B2	47	43	1027	176.750000	B2	47	80	
1022	167.555208	C3	48	27	1029	177.000000	C3	48	80	
1023	167.596875	C4	60	50	1028	177.000000	C4	60	80	
1024	167.827083	G#4	68	62	1030	177.250000	G#4	68	80	
1025	167.846875	F3	53	36	1031	177.250000	F3	53	80	
1026	168.058333	G4	67	59	1032	177.500000	G4	67	80	
1027	168.064583	E3	52	38	1033	177.500000	E3	52	80	
1028	168.293750	F4	65	53	1034	177.750000	F4	65	80	
1029	168.306250	D3	50	40	1035	177.750000	D3	50	80	
1030	168.521875	E3	52	37	1037	178.000000	E3	52	80	
1031	168.533333	G4	67	55	1036	178.000000	G4	67	80	
1032	168.764583	F4	65	42	1038	178.250000	F4	65	80	
1033	169.009375	E4	64	50	1039	178.500000	E4	64	80	
1034	169.015625	G3	55	56	1040	178.500000	G3	55	80	
1035	169.238542	D4	62	55	1041	178.750000	D4	62	80	
1036	169.487500	C4	60	58	1043	179.000000	C4	60	80	
1037	169.519792	E4	64	52	1042	179.000000	E4	64	80	
1038	169.714583	D3	50	54	1044	179.250000	D3	50	80	
1039	169.967708	C3	48	52	1046	179.500000	C3	48	80	
1040	169.969792	G3	55	42	1045	179.500000	G3	55	80	
1041	170.205208	Bb2	46	49	1047	179.750000	Bb2	46	80	
1042	170.501042	A2	45	41	1048	180.000000	A2	45	80	
1043	170.756250	C4	60	43	1049	180.250000	C4	60	80	
1044	170.994792	D4	62	49	1050	180.500000	D4	62	80	
1045	171.002083	G3	55	36	1051	180.500000	G3	55	80	
1046	171.240625	Eb4	63	52	1052	180.750000	Eb4	63	80	
1047	171.469792	D3	50	37	1055	181.000000	D3	50	80	
1048	171.469792	D4	62	53	1053	181.000000	D4	62	80	
1049	171.481250	F#3	54	43	1054	181.000000	F#3	54	80	
1050	171.703125	E4	64	58	1056	181.250000	E4	64	80	
1051	171.928125	F#4	66	62	1057	181.500000	F#4	66	80	
1052	171.943750	Bb3	58	45	1058	181.500000	Bb3	58	80	
1053	172.155208	G4	67	59	1059	181.750000	G4	67	80	
1054	172.401042	A3	57	39	1061	182.000000	A3	57	80	
1055	172.407292	F#4	66	62	1060	182.000000	F#4	66	80	
1056	172.628125	A4	69	66	1062	182.250000	A4	69	80	
1057	172.869792	Bb4	70	73	1063	182.500000	Bb4	70	80	
1058	173.108333	C5	72	67	1064	182.750000	C5	72	80	
1059	173.381250	G2	43	51	1065	183.000000	G2	43	80	
1060	173.656250	A4	69	54	1066	183.250000	A4	69	80	
1061	173.887500	G4	67	55	1067	183.500000	G4	67	80	
1062	173.895833	D3	50	43	1068	183.500000	D3	50	80	
1063	174.105208	F#4	66	64	1069	183.750000	F#4	66	80	
1064	174.337500	Bb2	46	47	1071	184.000000	Bb2	46	80	
1065	174.339583	G4	67	59	1070	184.000000	G4	67	80	
1066	174.576042	A4	69	65	1072	184.250000	A4	69	80	
1067	174.804167	G3	55	44	1074	184.500000	G3	55	80	
1068	174.811458	Bb4	70	67	1073	184.500000	Bb4	70	80	
1069	175.043750	G4	67	56	1075	184.750000	G4	67	80	
1070	175.280208	D3	50	47	1077	185.000000	D3	50	80	
1071	175.282292	D4	62	43	1076	185.000000	D4	62	80	
1072	175.510417	F#3	54	60	1078	185.250000	F#3	54	80	
1073	175.740625	G3	55	66	1079	185.500000	G3	55	80	
1074	175.971875	A3	57	67	1080	185.750000	A3	57	80	
1075	176.211458	Bb3	58	63	1081	186.000000	Bb3	58	80	
1076	176.218750	G3	55	51	1082	186.000000	G3	55	80	
1077	176.442708	G4	67	68	1083	186.250000	G4	67	80	
1078	176.686458	A4	69	75	1084	186.500000	A4	69	80	
1079	176.918750	Bb4	70	77	1085	186.750000	Bb4	70	80	
1080	177.139583	C5	72	82	1086	187.000000	C5	72	80	
1081	177.148958	A3	57	45	1087	187.000000	A3	57	80	
1082	177.366667	D5	74	73	1088	187.250000	D5	74	80	
1083	177.601042	Eb5	75	80	1089	187.500000	Eb5	75	80	
1084	177.821875	Bb4	70	77	1090	187.750000	Bb4	70	80	
1085	178.065625	F3	53	49	1093	188.000000	F3	53	80	
1086	178.092708	A4	69	73	1092	188.000000	A4	69	80	
1087	178.367708	G4	67	66	1094	188.250000	G4	67	80	
1088	178.610417	F4	65	66	1095	188.500000	F4	65	80	
1089	178.828125	Eb4	63	65	1096	188.750000	Eb4	63	80	
1090	179.062500	D4	62	68	1097	189.000000	D4	62	80	
1091	179.279167	C4	60	64	1098	189.250000	C4	60	80	
1092	179.510417	Bb3	58	65	1099	189.500000	Bb3	58	80	
1093	179.736458	A3	57	61	1100	189.750000	A3	57	80	
1094	179.951042	Bb3	58	48	1104	190.000000	Bb3	58	80	
1095	179.963542	D5	74	71	1102	190.000000	D5	74	80	
1096	179.973958	Bb4	70	63	1101	190.000000	Bb4	70	80	
1097	179.981250	F4	65	51	1103	190.000000	F4	65	80	
1098	180.194792	D3	50	53	1105	190.250000	D3	50	80	
1099	180.417708	C5	72	77	1107	190.500000	C5	72	80	
1100	180.421875	Eb3	51	52	1108	190.500000	Eb3	51	80	
1101	180.436458	A4	69	58	1106	190.500000	A4	69	80	
1102	180.642708	F3	53	63	1109	190.750000	F3	53	80	
1103	180.885417	D5	74	71	1110	191.000000	D5	74	80	
1104	180.890625	Bb4	70	62	1111	191.000000	Bb4	70	80	
1105	180.894792	Eb3	51	52	1112	191.000000	Eb3	51	80	
1106	181.118750	D3	50	59	1113	191.250000	D3	50	80	
1107	181.331250	G#4	68	63	1114	191.500000	G#4	68	80	
1108	181.351042	C3	48	55	1115	191.500000	C3	48	80	
1109	181.557292	Bb2	46	58	1116	191.750000	Bb2	46	80	
1110	181.810417	Eb3	51	60	1117	192.000000	Eb3	51	80	
1111	182.072917	F4	65	60	1118	192.250000	F4	65	80	
1112	182.301042	D3	50	59	1120	192.500000	D3	50	80	
1113	182.313542	G4	67	64	1119	192.500000	G4	67	80	
1114	182.527083	G#4	68	76	1121	192.750000	G#4	68	80	
1115	182.764583	Eb3	51	48	1124	193.000000	Eb3	51	80	
1116	182.764583	C5	72	75	1122	193.000000	C5	72	80	
1117	182.769792	G4	67	60	1123	193.000000	G4	67	80	
1118	182.984375	F4	65	65	1125	193.250000	F4	65	80	
1119	183.209375	Eb4	63	68	1126	193.500000	Eb4	63	80	
1120	183.434375	D4	62	68	1127	193.750000	D4	62	80	
1121	183.648958	Eb4	63	74	1128	194.000000	Eb4	63	80	
1122	183.889583	D4	62	66	1129	194.250000	D4	62	80	
1123	184.103125	C4	60	58	1131	194.500000	C4	60	80	
1124	184.103125	D5	74	71	1130	194.500000	D5	74	80	
1125	184.338542	Eb5	75	76	1132	194.750000	Eb5	75	80	
1126	184.363542	Bb3	58	55	1133	194.750000	Bb3	58	80	
1127	184.643750	Bb4	70	76	1134	195.000000	Bb4	70	80	
1128	184.656250	C4	60	42	1135	195.000000	C4	60	80	
1129	184.673958	F4	65	50	1136	195.000000	F4	65	80	
1130	184.917708	Eb3	51	56	1139	195.250000	Eb3	51	80	
1131	185.155208	A4	69	72	1138	195.250000	A4	69	80	
1132	185.160417	F3	53	57	1140	195.500000	F3	53	80	
1133	185.392708	G3	55	64	1141	195.750000	G3	55	80	
1134	185.610417	F3	53	65	1143	196.000000	F3	53	80	
1135	185.830208	Eb3	51	61	1144	196.250000	Eb3	51	80	
1136	186.063542	D3	50	64	1145	196.500000	D3	50	80	
1137	186.280208	C3	48	57	1146	196.750000	C3	48	80	
1138	186.511458	Bb4	70	66	1147	197.000000	Bb4	70	80	
1139	186.533333	F4	65	46	*	-1	*	-1	-1	
1140	186.535417	Bb3	58	38	1148	197.000000	Bb3	58	80	
1141	186.538542	D3	50	43	1149	197.000000	D3	50	80	
1142	186.746875	C3	48	48	1150	197.250000	C3	48	80	
1143	186.991667	Bb2	46	48	1151	197.500000	Bb2	46	80	
1144	187.215625	A2	45	50	1152	197.750000	A2	45	80	
1145	187.479167	G2	43	48	1153	198.000000	G2	43	80	
1146	187.723958	A4	69	65	1154	198.250000	A4	69	80	
1147	187.956250	Bb4	70	68	1155	198.500000	Bb4	70	80	
1148	187.969792	D3	50	46	1156	198.500000	D3	50	80	
1149	188.183333	C5	72	69	1157	198.750000	C5	72	80	
1150	188.415625	Bb4	70	66	1158	199.000000	Bb4	70	80	
1151	188.431250	G3	55	42	1159	199.000000	G3	55	80	
1152	188.651042	A4	69	62	1160	199.250000	A4	69	80	
1153	188.884375	G4	67	57	1161	199.500000	G4	67	80	
1154	188.890625	A2	45	48	1162	199.500000	A2	45	80	
1155	189.114583	F4	65	57	1163	199.750000	F4	65	80	
1156	189.360417	Bb2	46	45	1165	200.000000	Bb2	46	80	
1157	189.366667	G4	67	57	1164	200.000000	G4	67	80	
1158	189.592708	F4	65	57	1166	200.250000	F4	65	80	
1159	189.823958	E4	64	60	1167	200.500000	E4	64	80	
1160	190.055208	D4	62	58	1168	200.750000	D4	62	80	
1161	190.305208	E4	64	57	1169	201.000000	E4	64	80	
1162	190.522917	D4	62	54	1170	201.250000	D4	62	80	
1163	190.755208	C4	60	52	1171	201.500000	C4	60	80	
1164	190.987500	Bb3	58	53	1172	201.750000	Bb3	58	80	
1165	191.207292	C4	60	55	1173	202.000000	C4	60	80	
1166	191.451042	Bb3	58	52	1174	202.250000	Bb3	58	80	
1167	191.656250	A3	57	58	1175	202.500000	A3	57	80	
1168	191.884375	G3	55	59	1176	202.750000	G3	55	80	
1169	192.130208	A2	45	38	1179	203.000000	A2	45	80	
1170	192.142708	F4	65	50	1177	203.000000	F4	65	80	
1171	192.156250	A3	57	35	1178	203.000000	A3	57	80	
1172	192.163542	C4	60	33	*	-1	*	-1	-1	
1173	192.368750	E3	52	51	1180	203.250000	E3	52	80	
1174	192.602083	F3	53	58	1181	203.500000	F3	53	80	
1175	192.836458	G3	55	63	1182	203.750000	G3	55	80	
1176	193.082292	F3	53	60	1183	204.000000	F3	53	80	
1177	193.305208	E3	52	59	1184	204.250000	E3	52	80	
1178	193.552083	D3	50	53	1185	204.500000	D3	50	80	
1179	193.764583	C3	48	49	1186	204.750000	C3	48	80	
1180	194.007292	D3	50	44	1188	205.000000	D3	50	80	
1181	194.016667	Bb3	58	56	1187	205.000000	Bb3	58	80	
1182	194.244792	C3	48	50	1189	205.250000	C3	48	80	
1183	194.480208	F4	65	65	1190	205.500000	F4	65	80	
1184	194.491667	Bb2	46	44	1191	205.500000	Bb2	46	80	
1185	194.723958	A2	45	54	1192	205.750000	A2	45	80	
1186	194.946875	G4	67	68	1193	206.000000	G4	67	80	
1187	194.948958	Bb2	46	43	1194	206.000000	Bb2	46	80	
1188	195.190625	A2	45	50	1195	206.250000	A2	45	80	
1189	195.417708	A4	69	69	1196	206.500000	A4	69	80	
1190	195.427083	G2	43	48	1197	206.500000	G2	43	80	
1191	195.635417	F2	41	52	1199	206.750000	F2	41	80	
1192	195.640625	Bb4	70	71	1198	206.750000	Bb4	70	80	
1193	195.881250	G2	43	44	1201	207.000000	G2	43	80	
1194	195.884375	E4	64	70	1200	207.000000	E4	64	80	
1195	196.108333	F2	41	53	1202	207.250000	F2	41	80	
1196	196.340625	F4	65	67	1203	207.500000	F4	65	80	
1197	196.352083	E2	40	46	1204	207.500000	E2	40	80	
1198	196.589583	D2	38	52	1205	207.750000	D2	38	80	
1199	196.836458	E2	40	22	1208	208.000000	E2	40	80	
1200	196.839583	C3	48	36	1207	208.000000	C3	48	80	
1201	196.840625	G4	67	64	1206	208.000000	G4	67	80	
1202	197.091667	Bb3	58	56	1209	208.250000	Bb3	58	80	
1203	197.302083	C2	36	45	1211	208.500000	C2	36	80	
1204	197.303125	A3	57	62	1210	208.500000	A3	57	80	
1205	197.538542	G3	55	61	1212	208.750000	G3	55	80	
1206	197.761458	F2	41	50	1214	209.000000	F2	41	80	
1207	197.770833	A3	57	57	1213	209.000000	A3	57	80	
1208	198.006250	C4	60	58	1215	209.250000	C4	60	80	
1209	198.240625	D4	62	64	1216	209.500000	D4	62	80	
1210	198.241667	E2	40	42	1217	209.500000	E2	40	80	
1211	198.463542	E4	64	70	1218	209.750000	E4	64	80	
1212	198.702083	F4	65	63	1219	210.000000	F4	65	80	
1213	198.713542	D2	38	47	1220	210.000000	D2	38	80	
1214	198.921875	A3	57	55	1221	210.250000	A3	57	80	
1215	199.158333	Bb3	58	54	1222	210.500000	Bb3	58	80	
1216	199.165625	C3	48	52	1223	210.500000	C3	48	80	
1217	199.395833	C4	60	49	1224	210.750000	C4	60	80	
1218	199.627083	Bb2	46	60	1226	211.000000	Bb2	46	80	
1219	199.641667	D4	62	41	1225	211.000000	D4	62	80	
1220	199.871875	C4	60	37	1227	211.250000	C4	60	80	
1221	200.094792	G2	43	39	1229	211.500000	G2	43	80	
1222	200.107292	Bb3	58	47	1228	211.500000	Bb3	58	80	
1223	200.329167	A3	57	50	1230	211.750000	A3	57	80	
1224	200.562500	C3	48	53	1232	212.000000	C3	48	80	
1225	200.575000	G3	55	44	1231	212.000000	G3	55	80	
1226	200.814583	Bb3	58	49	1234	212.250000	Bb3	58	80	
1227	201.055208	F4	65	57	1235	212.500000	F4	65	80	
1228	201.061458	C2	36	35	1236	212.500000	C2	36	80	
1229	201.307292	E4	64	61	1237	212.750000	E4	64	80	
1230	201.558333	F2	41	38	1240	213.000000	F2	41	80	
1231	201.582292	F4	65	53	1238	213.000000	F4	65	80	
1232	201.845833	Bb3	58	41	1241	213.250000	Bb3	58	80	
1233	202.098958	A3	57	50	1242	213.500000	A3	57	80	
1234	202.365625	G3	55	47	1243	213.750000	G3	55	80	
1235	202.662500	A3	57	54	1244	214.000000	A3	57	80	
1236	202.957292	G3	55	38	1245	214.250000	G3	55	80	
1237	203.293750	F3	53	44	1246	214.500000	F3	53	80	
1238	203.705208	E3	52	36	1247	214.750000	E3	52	80	
1239	204.214583	F3	53	37	1248	215.000000	F3	53	80	
*	-1	*	-1	-1	44	8.000000	F3	53	80	
*	-1	*	-1	-1	150	27.000000	C4	60	80	
*	-1	*	-1	-1	168	30.500000	A3	57	80	
*	-1	*	-1	-1	312	56.000000	C3	48	80	
*	-1	*	-1	-1	317	57.000000	C4	60	80	
*	-1	*	-1	-1	418	75.000000	G3	55	80	
*	-1	*	-1	-1	707	124.000000	F3	53	80	
*	-1	*	-1	-1	746	130.000000	A3	57	80	
*	-1	*	-1	-1	785	136.000000	C4	60	80	
*	-1	*	-1	-1	925	159.500000	E4	64	80	
*	-1	*	-1	-1	955	164.000000	E4	64	80	
*	-1	*	-1	-1	1024	176.000000	F3	53	80	
*	-1	*	-1	-1	1091	188.000000	C5	72	80	
*	-1	*	-1	-1	1137	195.000000	Bb4	70	80	
*	-1	*	-1	-1	1142	196.000000	A4	69	80	
*	-1	*	-1	-1	1233	212.000000	C3	48	80	
*	-1	*	-1	-1	1239	213.000000	F3	53	80	
