// alignID alignOntime alignSitch alignPitch alignOnvel refID refOntime refSitch refPitch refOnvel
0	1.087240	F2	41	48	0	0.000000	F2	41	80	
1	1.282552	E5	76	54	1	0.250000	E5	76	80	
2	1.463542	F5	77	67	2	0.500000	F5	77	80	
3	1.640625	G5	79	70	3	0.750000	G5	79	80	
4	1.852865	F5	77	68	4	1.000000	F5	77	80	
5	1.867188	F3	53	57	5	1.000000	F3	53	80	
6	2.028646	E5	76	70	6	1.250000	E5	76	80	
7	2.210938	D5	74	69	7	1.500000	D5	74	80	
8	2.380208	C5	72	68	8	1.750000	C5	72	80	
9	2.569010	A3	57	54	10	2.000000	A3	57	80	
10	2.569010	D5	74	65	9	2.000000	D5	74	80	
11	2.753906	C5	72	64	11	2.250000	C5	72	80	
12	2.944010	Bb4	70	67	12	2.500000	Bb4	70	80	
13	3.115885	A4	69	67	13	2.750000	A4	69	80	
14	3.290365	Bb4	70	67	14	3.000000	Bb4	70	80	
15	3.317708	D4	62	47	15	3.000000	D4	62	80	
16	3.476562	A4	69	59	16	3.250000	A4	69	80	
17	3.680990	G4	67	56	17	3.500000	G4	67	80	
18	3.875000	F4	65	56	18	3.750000	F4	65	80	
19	4.067708	Bb3	58	47	20	4.000000	Bb3	58	80	
20	4.072917	G4	67	52	19	4.000000	G4	67	80	
21	4.274740	F4	65	50	21	4.250000	F4	65	80	
22	4.437500	E4	64	54	22	4.500000	E4	64	80	
23	4.635417	D4	62	51	23	4.750000	D4	62	80	
24	4.825521	E4	64	40	24	5.000000	E4	64	80	
25	4.847656	G3	55	36	25	5.000000	G3	55	80	
26	5.011719	Bb3	58	51	26	5.250000	Bb3	58	80	
27	5.212240	C4	60	61	27	5.500000	C4	60	80	
28	5.380208	D4	62	66	28	5.750000	D4	62	80	
29	5.567708	C4	60	69	29	6.000000	C4	60	80	
30	5.739583	Bb3	58	69	30	6.250000	Bb3	58	80	
31	5.940104	A3	57	74	31	6.500000	A3	57	80	
32	6.121094	G3	55	69	32	6.750000	G3	55	80	
33	6.315104	A3	57	64	36	7.000000	A3	57	80	
34	6.319010	A4	69	79	35	7.000000	A4	69	80	
35	6.339844	C4	60	55	33	7.000000	C4	60	80	
36	6.339844	F4	65	55	34	7.000000	F4	65	80	
37	6.486979	G3	55	64	37	7.250000	G3	55	80	
38	6.675781	F3	53	65	38	7.500000	F3	53	80	
39	6.868490	E3	52	69	39	7.750000	E3	52	80	
40	7.063802	F3	53	67	43	8.000000	F3	53	80	
41	7.070312	G#4	68	72	42	8.000000	G#4	68	80	
42	7.087240	D4	62	54	40	8.000000	D4	62	80	
43	7.251302	D3	50	61	45	8.250000	D3	50	80	
44	7.462240	C3	48	62	46	8.500000	C3	48	80	
45	7.643229	B2	47	60	47	8.750000	B2	47	80	
46	7.855469	C3	48	59	49	9.000000	C3	48	80	
47	7.863281	F4	65	59	*	-1	*	-1	-1	
48	7.886719	C4	60	37	48	9.000000	C4	60	80	
49	8.045573	G#4	68	69	50	9.250000	G#4	68	80	
50	8.048177	F3	53	62	51	9.250000	F3	53	80	
51	8.238281	G4	67	60	52	9.500000	G4	67	80	
52	8.239583	E3	52	62	53	9.500000	E3	52	80	
53	8.421875	F4	65	62	54	9.750000	F4	65	80	
54	8.428385	D3	50	53	55	9.750000	D3	50	80	
55	8.605469	G4	67	62	56	10.000000	G4	67	80	
56	8.625000	E3	52	50	57	10.000000	E3	52	80	
57	8.826823	F4	65	44	58	10.250000	F4	65	80	
58	9.005208	G3	55	43	60	10.500000	G3	55	80	
59	9.023438	E4	64	52	59	10.500000	E4	64	80	
60	9.207031	D4	62	49	61	10.750000	D4	62	80	
61	9.398438	E4	64	50	62	11.000000	E4	64	80	
62	9.425781	C4	60	46	63	11.000000	C4	60	80	
63	9.592448	D3	50	49	64	11.250000	D3	50	80	
64	9.770833	C3	48	56	66	11.500000	C3	48	80	
65	9.778646	G3	55	48	65	11.500000	G3	55	80	
66	9.966146	Bb2	46	62	67	11.750000	Bb2	46	80	
67	10.157552	A2	45	59	68	12.000000	A2	45	80	
68	10.359375	C4	60	49	69	12.250000	C4	60	80	
69	10.546875	G3	55	45	71	12.500000	G3	55	80	
70	10.558594	D4	62	56	70	12.500000	D4	62	80	
71	10.729167	Eb4	63	67	72	12.750000	Eb4	63	80	
72	10.929688	D3	50	51	75	13.000000	D3	50	80	
73	10.932292	F#3	54	54	74	13.000000	F#3	54	80	
74	10.933594	D4	62	70	73	13.000000	D4	62	80	
75	11.114583	E4	64	64	76	13.250000	E4	64	80	
76	11.290365	F#4	66	71	77	13.500000	F#4	66	80	
77	11.307292	Bb3	58	62	78	13.500000	Bb3	58	80	
78	11.473958	G4	67	73	79	13.750000	G4	67	80	
79	11.677083	A3	57	62	81	14.000000	A3	57	80	
80	11.677083	F#4	66	73	80	14.000000	F#4	66	80	
81	11.868490	A4	69	70	82	14.250000	A4	69	80	
82	12.062500	Bb4	70	75	83	14.500000	Bb4	70	80	
83	12.253906	C5	72	75	84	14.750000	C5	72	80	
84	12.440104	G2	43	57	85	15.000000	G2	43	80	
85	12.647135	A4	69	60	86	15.250000	A4	69	80	
86	12.838542	D3	50	49	88	15.500000	D3	50	80	
87	12.852865	G4	67	57	87	15.500000	G4	67	80	
88	13.031250	F#4	66	63	89	15.750000	F#4	66	80	
89	13.225260	Bb2	46	55	91	16.000000	Bb2	46	80	
90	13.225260	G4	67	65	90	16.000000	G4	67	80	
91	13.410156	A4	69	63	92	16.250000	A4	69	80	
92	13.582031	Bb4	70	61	93	16.500000	Bb4	70	80	
93	13.595052	G3	55	50	94	16.500000	G3	55	80	
94	13.769531	G4	67	52	95	16.750000	G4	67	80	
95	13.973958	D4	62	50	96	17.000000	D4	62	80	
96	13.975260	G2	43	42	97	17.000000	G2	43	80	
97	14.162760	F4	65	45	98	17.250000	F4	65	80	
98	14.347656	G3	55	47	100	17.500000	G3	55	80	
99	14.391927	E4	64	43	99	17.500000	E4	64	80	
100	14.536458	D4	62	48	101	17.750000	D4	62	80	
101	14.723958	C3	48	46	103	18.000000	C3	48	80	
102	14.748698	E4	64	53	102	18.000000	E4	64	80	
103	14.933594	Bb3	58	57	104	18.250000	Bb3	58	80	
104	15.119792	C4	60	56	105	18.500000	C4	60	80	
105	15.282552	C#4	61	68	106	18.750000	C#4	61	80	
106	15.501302	C4	60	56	107	19.000000	C4	60	80	
107	15.511719	E3	52	56	108	19.000000	E3	52	80	
108	15.694010	D4	62	60	109	19.250000	D4	62	80	
109	15.895833	E4	64	64	110	19.500000	E4	64	80	
110	16.061198	F4	65	74	111	19.750000	F4	65	80	
111	16.257812	C3	48	59	113	20.000000	C3	48	80	
112	16.264323	E4	64	74	112	20.000000	E4	64	80	
113	16.449219	G4	67	70	114	20.250000	G4	67	80	
114	16.627604	A4	69	70	115	20.500000	A4	69	80	
115	16.812500	Bb4	70	71	116	20.750000	Bb4	70	80	
116	17.022135	F3	53	53	117	21.000000	F3	53	80	
117	17.225260	G4	67	48	118	21.250000	G4	67	80	
118	17.430990	F4	65	48	119	21.500000	F4	65	80	
119	17.619792	E4	64	48	120	21.750000	E4	64	80	
120	17.821615	F4	65	52	121	22.000000	F4	65	80	
121	17.824219	A3	57	43	122	22.000000	A3	57	80	
122	18.005208	G4	67	52	123	22.250000	G4	67	80	
123	18.205729	A4	69	54	124	22.500000	A4	69	80	
124	18.406250	F4	65	49	125	22.750000	F4	65	80	
125	18.591146	C4	60	54	126	23.000000	F3	53	80	
126	18.770833	Eb4	63	55	127	23.250000	Eb4	63	80	
127	18.975260	D4	62	56	128	23.500000	D4	62	80	
128	19.145833	C4	60	57	129	23.750000	C4	60	80	
129	19.346354	D4	62	55	130	24.000000	D4	62	80	
130	19.350260	Bb3	58	57	131	24.000000	Bb3	58	80	
131	19.522135	C5	72	59	132	24.250000	C5	72	80	
132	19.705729	A3	57	59	134	24.500000	A3	57	80	
133	19.725260	D5	74	65	133	24.500000	D5	74	80	
134	19.920573	Eb5	75	70	135	24.750000	Eb5	75	80	
135	20.109375	Bb3	58	65	137	25.000000	Bb3	58	80	
136	20.115885	D5	74	75	136	25.000000	D5	74	80	
137	20.283854	C5	72	74	138	25.250000	C5	72	80	
138	20.480469	D4	62	56	141	25.500000	D4	62	80	
139	20.481771	Bb4	70	65	140	25.500000	Bb4	70	80	
140	20.486979	G4	67	59	139	25.500000	G4	67	80	
141	20.638021	A4	69	66	142	25.750000	A4	69	80	
142	20.848958	Bb4	70	70	143	26.000000	Bb4	70	80	
143	21.052083	A4	69	65	144	26.250000	A4	69	80	
144	21.248698	G4	67	69	145	26.500000	G4	67	80	
145	21.432292	F4	65	69	146	26.750000	F4	65	80	
146	21.630208	E5	76	80	148	27.000000	E5	76	80	
147	21.641927	G4	67	68	149	27.000000	G4	67	80	
148	21.644531	C5	72	59	147	27.000000	C5	72	80	
149	21.835938	Bb3	58	67	151	27.250000	Bb3	58	80	
150	22.026042	C4	60	73	152	27.500000	C4	60	80	
151	22.186198	D4	62	72	153	27.750000	D4	62	80	
152	22.367188	C4	60	69	154	28.000000	C4	60	80	
153	22.529948	Bb3	58	65	155	28.250000	Bb3	58	80	
154	22.726562	A3	57	65	156	28.500000	A3	57	80	
155	22.911458	G3	55	62	157	28.750000	G3	55	80	
156	23.109375	F5	77	68	158	29.000000	F5	77	80	
157	23.125000	A3	57	58	160	29.000000	A3	57	80	
158	23.126302	F4	65	55	159	29.000000	F4	65	80	
159	23.295573	G3	55	53	161	29.250000	G3	55	80	
160	23.475260	F3	53	59	162	29.500000	F3	53	80	
161	23.664062	E3	52	61	163	29.750000	E3	52	80	
162	23.869792	D3	50	55	164	30.000000	D3	50	80	
163	24.085938	E5	76	60	165	30.250000	E5	76	80	
164	24.270833	A3	57	59	167	30.500000	A3	57	80	
165	24.277344	F5	77	70	166	30.500000	F5	77	80	
166	24.454427	G5	79	71	169	30.750000	G5	79	80	
167	24.645833	D4	62	63	171	31.000000	D4	62	80	
168	24.647135	F5	77	78	170	31.000000	F5	77	80	
169	24.837240	E5	76	76	172	31.250000	E5	76	80	
170	25.016927	D5	74	76	173	31.500000	D5	74	80	
171	25.045573	E3	52	60	174	31.500000	E3	52	80	
172	25.203125	C5	72	75	175	31.750000	C5	72	80	
173	25.395833	D5	74	71	176	32.000000	D5	74	80	
174	25.406250	F3	53	56	177	32.000000	F3	53	80	
175	25.569010	C5	72	71	178	32.250000	C5	72	80	
176	25.753906	B4	71	72	179	32.500000	B4	71	80	
177	25.941406	A4	69	73	180	32.750000	A4	69	80	
178	26.149740	B4	71	69	181	33.000000	B4	71	80	
179	26.173177	G3	55	43	182	33.000000	G3	55	80	
180	26.339844	A4	69	60	183	33.250000	A4	69	80	
181	26.539062	G4	67	57	184	33.500000	G4	67	80	
182	26.733073	F4	65	54	185	33.750000	F4	65	80	
183	26.915365	G4	67	60	186	34.000000	G4	67	80	
184	27.101562	F4	65	58	187	34.250000	F4	65	80	
185	27.291667	E4	64	57	188	34.500000	E4	64	80	
186	27.466146	D4	62	69	189	34.750000	D4	62	80	
187	27.664062	G4	67	52	*	-1	*	-1	-1	
188	27.667969	C5	72	58	190	35.000000	C5	72	80	
189	27.675781	E3	52	50	192	35.000000	E3	52	80	
190	27.675781	E4	64	45	191	35.000000	E4	64	80	
191	27.878906	B3	59	55	193	35.250000	B3	59	80	
192	28.052083	C4	60	69	194	35.500000	C4	60	80	
193	28.208333	D4	62	70	195	35.750000	D4	62	80	
194	28.388021	C4	60	72	196	36.000000	C4	60	80	
195	28.559896	B3	59	69	197	36.250000	B3	59	80	
196	28.747396	A3	57	74	198	36.500000	A3	57	80	
197	28.936198	G3	55	72	199	36.750000	G3	55	80	
198	29.134115	F4	65	74	200	37.000000	F4	65	80	
199	29.136719	A3	57	62	201	37.000000	A3	57	80	
200	29.311198	G3	55	64	202	37.250000	G3	55	80	
201	29.516927	F3	53	67	204	37.500000	F3	53	80	
202	29.520833	C5	72	76	203	37.500000	C5	72	80	
203	29.696615	E3	52	68	205	37.750000	E3	52	80	
204	29.903646	D5	74	79	206	38.000000	D5	74	80	
205	29.914062	F3	53	70	207	38.000000	F3	53	80	
206	30.096354	E3	52	66	208	38.250000	E3	52	80	
207	30.291667	D3	50	67	210	38.500000	D3	50	80	
208	30.296875	F5	77	85	209	38.500000	E5	76	80	
209	30.459635	C3	48	68	211	38.750000	C3	48	80	
210	30.687500	D3	50	68	213	39.000000	D3	50	80	
211	30.691406	B4	71	80	212	39.000000	B4	71	80	
212	30.867188	C3	48	67	214	39.250000	C3	48	80	
213	31.065104	B2	47	66	216	39.500000	B2	47	80	
214	31.079427	C5	72	75	215	39.500000	C5	72	80	
215	31.250000	A2	45	62	217	39.750000	A2	45	80	
216	31.459635	B2	47	58	220	40.000000	B2	47	80	
217	31.468750	G3	55	53	219	40.000000	G3	55	80	
218	31.480469	D5	74	68	218	40.000000	D5	74	80	
219	31.686198	F4	65	56	221	40.250000	F4	65	80	
220	31.848958	G2	43	51	223	40.500000	G2	43	80	
221	31.886719	E4	64	65	222	40.500000	E4	64	80	
222	32.046875	D4	62	65	224	40.750000	D4	62	80	
223	32.248698	E4	64	70	225	41.000000	E4	64	80	
224	32.263021	C3	48	57	226	41.000000	C3	48	80	
225	32.429688	G4	67	72	227	41.250000	G4	67	80	
226	32.606771	A4	69	76	228	41.500000	A4	69	80	
227	32.626302	B2	47	64	229	41.500000	B2	47	80	
228	32.783854	B4	71	75	230	41.750000	B4	71	80	
229	33.005208	C5	72	78	231	42.000000	C5	72	80	
230	33.009115	A3	57	60	232	42.000000	A3	57	80	
231	33.026042	A2	45	55	233	42.000000	A2	45	80	
232	33.212240	E4	64	62	234	42.250000	E4	64	80	
233	33.388021	G2	43	60	236	42.500000	G2	43	80	
234	33.390625	F4	65	72	235	42.500000	F4	65	80	
235	33.566406	G4	67	72	237	42.750000	G4	67	80	
236	33.761719	F2	41	63	239	43.000000	F2	41	80	
237	33.761719	A4	69	67	238	43.000000	A4	69	80	
238	33.945312	G4	67	68	240	43.250000	G4	67	80	
239	34.140625	D2	38	52	242	43.500000	D2	38	80	
240	34.143229	F4	65	63	241	43.500000	F4	65	80	
241	34.335938	E4	64	58	243	43.750000	E4	64	80	
242	34.523438	G2	43	52	245	44.000000	G2	43	80	
243	34.531250	D4	62	61	244	44.000000	D4	62	80	
244	34.722656	F4	65	61	246	44.250000	F4	65	80	
245	34.930990	C5	72	77	247	44.500000	C5	72	80	
246	34.945312	G3	55	55	248	44.500000	G3	55	80	
247	35.127604	B4	71	72	249	44.750000	B4	71	80	
248	35.343750	C5	72	73	250	45.000000	C5	72	80	
249	35.355469	C3	48	53	252	45.000000	C3	48	80	
250	35.371094	C4	60	60	251	45.000000	C4	60	80	
251	35.574219	F4	65	60	253	45.250000	F4	65	80	
252	35.757812	G4	67	64	254	45.500000	G4	67	80	
253	35.951823	A4	69	60	255	45.750000	A4	69	80	
254	36.139323	G4	67	57	256	46.000000	G4	67	80	
255	36.330729	F4	65	56	257	46.250000	F4	65	80	
256	36.513021	E4	64	52	258	46.500000	E4	64	80	
257	36.713542	D4	62	55	259	46.750000	D4	62	80	
258	36.910156	E4	64	53	260	47.000000	E4	64	80	
259	37.093750	D4	62	45	261	47.250000	D4	62	80	
260	37.276042	C4	60	50	262	47.500000	C4	60	80	
261	37.460938	B3	59	56	263	47.750000	B3	59	80	
262	37.666667	C4	60	48	264	48.000000	C4	60	80	
263	37.875000	B4	71	47	265	48.250000	B4	71	80	
264	38.042969	G3	55	47	267	48.500000	G3	55	80	
265	38.074219	C5	72	60	266	48.500000	C5	72	80	
266	38.253906	D5	74	57	268	48.750000	D5	74	80	
267	38.424479	C3	48	48	271	49.000000	C3	48	80	
268	38.430990	A3	57	56	270	49.000000	A3	57	80	
269	38.441406	C5	72	66	269	49.000000	C5	72	80	
270	38.618490	B4	71	67	272	49.250000	B4	71	80	
271	38.804688	E3	52	62	274	49.500000	E3	52	80	
272	38.813802	A4	69	68	273	49.500000	A4	69	80	
273	38.990885	G4	67	71	275	49.750000	G4	67	80	
274	39.175781	F3	53	65	277	50.000000	F3	53	80	
275	39.187500	A4	69	71	276	50.000000	A4	69	80	
276	39.372396	G4	67	67	278	50.250000	G4	67	80	
277	39.554688	A3	57	63	280	50.500000	G3	55	80	
278	39.572917	F4	65	67	279	50.500000	F4	65	80	
279	39.752604	E4	64	59	281	50.750000	E4	64	80	
280	39.963542	F4	65	62	282	51.000000	F4	65	80	
281	39.968750	D3	50	58	283	51.000000	D3	50	80	
282	40.148438	E4	64	50	284	51.250000	E4	64	80	
283	40.339844	E3	52	58	286	51.500000	E3	52	80	
284	40.359375	D4	62	53	285	51.500000	D4	62	80	
285	40.536458	C4	60	51	287	51.750000	C4	60	80	
286	40.720052	F3	53	54	289	52.000000	F3	53	80	
287	40.730469	D4	62	54	288	52.000000	D4	62	80	
288	40.916667	C4	60	49	290	52.250000	C4	60	80	
289	41.115885	B3	59	52	291	52.500000	B3	59	80	
290	41.298177	A3	57	54	292	52.750000	A3	57	80	
291	41.505208	B3	59	50	293	53.000000	B3	59	80	
292	41.716146	F3	53	48	294	53.250000	F3	53	80	
293	41.908854	G3	55	60	295	53.500000	G3	55	80	
294	42.102865	A3	57	66	296	53.750000	A3	57	80	
295	42.285156	G3	55	65	297	54.000000	G3	55	80	
296	42.470052	F3	53	66	298	54.250000	F3	53	80	
297	42.667969	E3	52	71	299	54.500000	E3	52	80	
298	42.841146	D3	50	69	300	54.750000	D3	50	80	
299	43.029948	E4	64	75	303	55.000000	E4	64	80	
300	43.039062	E3	52	64	304	55.000000	E3	52	80	
301	43.049479	C4	60	56	302	55.000000	C4	60	80	
302	43.063802	G3	55	51	301	55.000000	G3	55	80	
303	43.223958	D3	50	62	305	55.250000	D3	50	80	
304	43.420573	C3	48	71	306	55.500000	C3	48	80	
305	43.611979	B2	47	70	307	55.750000	B2	47	80	
306	43.815104	Eb4	63	79	310	56.000000	Eb4	63	80	
307	43.821615	C3	48	69	311	56.000000	C3	48	80	
308	43.839844	A3	57	55	308	56.000000	A3	57	80	
309	43.843750	C4	60	57	309	56.000000	C4	60	80	
310	44.010417	A2	45	62	313	56.250000	A2	45	80	
311	44.197917	G2	43	64	314	56.500000	G2	43	80	
312	44.386719	F#2	42	69	315	56.750000	F#2	42	80	
313	44.579427	G2	43	61	318	57.000000	G2	43	80	
314	44.602865	G3	55	56	316	57.000000	G3	55	80	
315	44.605469	C4	60	66	317	57.000000	C4	60	80	
316	44.773438	Eb4	63	71	319	57.250000	Eb4	63	80	
317	44.795573	C3	48	65	320	57.250000	C3	48	80	
318	44.972656	D4	62	68	321	57.500000	D4	62	80	
319	44.980469	B2	47	69	322	57.500000	B2	47	80	
320	45.157552	C4	60	67	323	57.750000	C4	60	80	
321	45.165365	A2	45	59	324	57.750000	A2	45	80	
322	45.360677	D4	62	67	325	58.000000	D4	62	80	
323	45.369792	B2	47	62	326	58.000000	B2	47	80	
324	45.552083	C4	60	49	327	58.250000	C4	60	80	
325	45.738281	D3	50	52	329	58.500000	D3	50	80	
326	45.760417	B3	59	55	328	58.500000	B3	59	80	
327	45.950521	A3	57	47	330	58.750000	A3	57	80	
328	46.147135	B3	59	54	331	59.000000	B3	59	80	
329	46.162760	G3	55	50	332	59.000000	G3	55	80	
330	46.359375	A2	45	52	333	59.250000	A2	45	80	
331	46.539062	G2	43	58	335	59.500000	G2	43	80	
332	46.539062	D3	50	53	334	59.500000	D3	50	80	
333	46.707031	F2	41	61	336	59.750000	F2	41	80	
334	46.924479	E2	40	53	337	60.000000	E2	40	80	
335	47.131510	G3	55	47	338	60.250000	G3	55	80	
336	47.322917	A3	57	58	339	60.500000	A3	57	80	
337	47.330729	D3	50	52	*	-1	*	-1	-1	
338	47.493490	Bb3	58	65	340	60.750000	Bb3	58	80	
339	47.688802	A3	57	67	341	61.000000	A3	57	80	
340	47.692708	C#3	49	62	342	61.000000	C#3	49	80	
341	47.699219	A2	45	56	343	61.000000	A2	45	80	
342	47.875000	B3	59	68	344	61.250000	B3	59	80	
343	48.059896	C#4	61	72	345	61.500000	C#4	61	80	
344	48.070312	F3	53	67	346	61.500000	F3	53	80	
345	48.246094	D4	62	74	347	61.750000	D4	62	80	
346	48.446615	E3	52	72	349	62.000000	E3	52	80	
347	48.453125	C#4	61	74	348	62.000000	C#4	61	80	
348	48.636719	E4	64	74	350	62.250000	E4	64	80	
349	48.848958	F4	65	78	351	62.500000	F4	65	80	
350	49.039062	G4	67	81	352	62.750000	G4	67	80	
351	49.214844	D2	38	60	353	63.000000	D2	38	80	
352	49.425781	E4	64	64	354	63.250000	E4	64	80	
353	49.614583	A2	45	55	356	63.500000	A2	45	80	
354	49.619792	D4	62	59	355	63.500000	D4	62	80	
355	49.804688	C#4	61	57	357	63.750000	C#4	61	80	
356	49.993490	D4	62	61	358	64.000000	D4	62	80	
357	50.007812	F2	41	57	359	64.000000	F2	41	80	
358	50.183594	E4	64	61	360	64.250000	E4	64	80	
359	50.371094	F4	65	64	361	64.500000	F4	65	80	
360	50.399740	D3	50	53	362	64.500000	D3	50	80	
361	50.575521	D4	62	53	363	64.750000	D4	62	80	
362	50.753906	D2	38	47	365	65.000000	D2	38	80	
363	50.757812	A3	57	46	364	65.000000	A3	57	80	
364	50.955729	C4	60	54	366	65.250000	C4	60	80	
365	51.148438	B3	59	50	367	65.500000	B3	59	80	
366	51.157552	D3	50	48	368	65.500000	D3	50	80	
367	51.319010	A3	57	53	369	65.750000	A3	57	80	
368	51.532552	G2	43	45	371	66.000000	G2	43	80	
369	51.548177	B3	59	49	370	66.000000	B3	59	80	
370	51.714844	F3	53	54	372	66.250000	F3	53	80	
371	51.924479	G3	55	64	373	66.500000	G3	55	80	
372	52.115885	G#3	56	68	374	66.750000	G#3	56	80	
373	52.304688	G3	55	59	375	67.000000	G3	55	80	
374	52.322917	B2	47	56	376	67.000000	B2	47	80	
375	52.498698	A3	57	60	377	67.250000	A3	57	80	
376	52.684896	B3	59	67	378	67.500000	B3	59	80	
377	52.868490	C4	60	71	379	67.750000	C4	60	80	
378	53.058594	G2	43	59	381	68.000000	G2	43	80	
379	53.062500	B3	59	72	380	68.000000	B3	59	80	
380	53.236979	D4	62	64	382	68.250000	D4	62	80	
381	53.428385	E4	64	69	383	68.500000	E4	64	80	
382	53.608073	F4	65	69	384	68.750000	F4	65	80	
383	53.826823	C3	48	57	385	69.000000	C3	48	80	
384	54.011719	D4	62	54	386	69.250000	D4	62	80	
385	54.216146	C4	60	56	387	69.500000	C4	60	80	
386	54.385417	B3	59	53	388	69.750000	B3	59	80	
387	54.593750	E3	52	46	390	70.000000	E3	52	80	
388	54.597656	C4	60	46	389	70.000000	C4	60	80	
389	54.768229	D4	62	58	391	70.250000	D4	62	80	
390	54.962240	E4	64	53	392	70.500000	E4	64	80	
391	55.156250	C4	60	52	393	70.750000	C4	60	80	
392	55.339844	G3	55	47	394	71.000000	C3	48	80	
393	55.515625	Bb3	58	57	395	71.250000	Bb3	58	80	
394	55.705729	A3	57	53	396	71.500000	A3	57	80	
395	55.885417	G3	55	62	397	71.750000	G3	55	80	
396	56.105469	F3	53	60	399	72.000000	F3	53	80	
397	56.106771	A3	57	55	398	72.000000	A3	57	80	
398	56.299479	G4	67	61	400	72.250000	G4	67	80	
399	56.480469	E3	52	67	402	72.500000	E3	52	80	
400	56.493490	A4	69	72	401	72.500000	A4	69	80	
401	56.666667	Bb4	70	73	403	72.750000	Bb4	70	80	
402	56.863281	A4	69	73	404	73.000000	A4	69	80	
403	56.871094	F3	53	69	405	73.000000	F3	53	80	
404	57.059896	G4	67	70	406	73.250000	G4	67	80	
405	57.251302	A3	57	58	409	73.500000	A3	57	80	
406	57.253906	F4	65	70	408	73.500000	F4	65	80	
407	57.269531	D4	62	53	407	73.500000	D4	62	80	
408	57.445312	E4	64	71	410	73.750000	E4	64	80	
409	57.619792	F4	65	74	411	74.000000	F4	65	80	
410	57.819010	E4	64	63	412	74.250000	E4	64	80	
411	58.002604	D4	62	65	413	74.500000	D4	62	80	
412	58.173177	C4	60	66	414	74.750000	C4	60	80	
413	58.363281	B4	71	69	417	75.000000	B4	71	80	
414	58.369792	G4	67	59	416	75.000000	G4	67	80	
415	58.372396	D4	62	70	415	75.000000	D4	62	80	
416	58.579427	F3	53	66	419	75.250000	F3	53	80	
417	58.764323	G3	55	70	420	75.500000	G3	55	80	
418	58.944010	A3	57	71	421	75.750000	A3	57	80	
419	59.130208	G3	55	65	422	76.000000	G3	55	80	
420	59.302083	F3	53	70	423	76.250000	F3	53	80	
421	59.500000	E3	52	74	424	76.500000	E3	52	80	
422	59.670573	D3	50	67	425	76.750000	D3	50	80	
423	59.895833	C5	72	77	427	77.000000	C5	72	80	
424	59.898438	E3	52	65	429	77.000000	E3	52	80	
425	59.912760	C4	60	62	428	77.000000	C4	60	80	
426	60.079427	D3	50	62	430	77.250000	D3	50	80	
427	60.263021	C3	48	68	431	77.500000	C3	48	80	
428	60.428385	Bb2	46	65	432	77.750000	Bb2	46	80	
429	60.636719	A2	45	64	434	78.000000	A2	45	80	
430	60.653646	F4	65	70	433	78.000000	F4	65	80	
431	60.850260	E3	52	67	436	78.250000	E3	52	80	
432	60.852865	C5	72	72	435	78.250000	C5	72	80	
433	61.029948	F3	53	72	438	78.500000	F3	53	80	
434	61.032552	D5	74	71	437	78.500000	D5	74	80	
435	61.204427	Eb5	75	78	439	78.750000	Eb5	75	80	
436	61.214844	G3	55	73	440	78.750000	G3	55	80	
437	61.393229	F3	53	73	442	79.000000	F3	53	80	
438	61.406250	D5	74	74	441	79.000000	D5	74	80	
439	61.563802	E3	52	69	444	79.250000	Eb3	51	80	
440	61.565104	C5	72	71	443	79.250000	C5	72	80	
441	61.766927	Bb4	70	69	445	79.500000	Bb4	70	80	
442	61.768229	D3	50	69	446	79.500000	D3	50	80	
443	61.777344	G4	67	59	*	-1	*	-1	-1	
444	61.938802	C3	48	71	448	79.750000	C3	48	80	
445	61.967448	A4	69	75	447	79.750000	A4	69	80	
446	62.128906	D3	50	68	450	80.000000	D3	50	80	
447	62.148438	Bb4	70	78	449	80.000000	Bb4	70	80	
448	62.304688	C3	48	68	452	80.250000	C3	48	80	
449	62.319010	A4	69	75	451	80.250000	A4	69	80	
450	62.501302	Bb2	46	70	454	80.500000	Bb2	46	80	
451	62.518229	G4	67	74	453	80.500000	G4	67	80	
452	62.692708	A2	45	64	456	80.750000	A2	45	80	
453	62.699219	F4	65	70	455	80.750000	F4	65	80	
454	62.901042	G2	43	65	460	81.000000	G2	43	80	
455	62.904948	E5	76	85	459	81.000000	E5	76	80	
456	62.912760	G4	67	78	457	81.000000	G4	67	80	
457	62.915365	C5	72	67	458	81.000000	Bb4	70	80	
458	63.109375	Bb3	58	66	461	81.250000	Bb3	58	80	
459	63.295573	C4	60	74	462	81.500000	C4	60	80	
460	63.475260	D4	62	70	463	81.750000	D4	62	80	
461	63.679688	C4	60	68	464	82.000000	C4	60	80	
462	63.860677	Bb3	58	68	465	82.250000	Bb3	58	80	
463	64.058594	A3	57	67	466	82.500000	A3	57	80	
464	64.222656	G3	55	64	467	82.750000	G3	55	80	
465	64.417969	F5	77	84	468	83.000000	F5	77	80	
466	64.425781	A3	57	62	471	83.000000	A3	57	80	
467	64.445312	F4	65	57	469	83.000000	F4	65	80	
468	64.593750	G3	55	61	472	83.250000	G3	55	80	
469	64.804688	F3	53	72	473	83.500000	F3	53	80	
470	64.988281	E3	52	74	474	83.750000	E3	52	80	
471	65.165365	D3	50	71	475	84.000000	D3	50	80	
472	65.377604	F5	77	77	476	84.250000	F5	77	80	
473	65.384115	A3	57	69	477	84.250000	A3	57	80	
474	65.569010	Bb3	58	73	479	84.500000	Bb3	58	80	
475	65.582031	G5	79	79	478	84.500000	G5	79	80	
476	65.760417	A5	81	89	480	84.750000	A5	81	80	
477	65.768229	C4	60	74	481	84.750000	C4	60	80	
478	65.953125	Bb3	58	75	483	85.000000	Bb3	58	80	
479	65.957031	G5	79	82	482	85.000000	G5	79	80	
480	66.140625	F5	77	78	484	85.250000	F5	77	80	
481	66.141927	A3	57	67	485	85.250000	A3	57	80	
482	66.321615	G3	55	66	487	85.500000	G3	55	80	
483	66.337240	E5	76	76	486	85.500000	E5	76	80	
484	66.496094	F3	53	67	489	85.750000	F3	53	80	
485	66.505208	D5	74	71	488	85.750000	D5	74	80	
486	66.686198	G3	55	63	491	86.000000	G3	55	80	
487	66.696615	E5	76	68	490	86.000000	E5	76	80	
488	66.895833	F4	65	60	493	86.250000	F4	65	80	
489	66.903646	D5	74	68	492	86.250000	D5	74	80	
490	67.088542	C#5	73	74	494	86.500000	C#5	73	80	
491	67.091146	E4	64	68	495	86.500000	E4	64	80	
492	67.270833	D4	62	66	497	86.750000	D4	62	80	
493	67.270833	B4	71	67	496	86.750000	B4	71	80	
494	67.464844	E4	64	64	499	87.000000	E4	64	80	
495	67.464844	C#5	73	72	498	87.000000	C#5	73	80	
496	67.644531	Bb4	70	61	500	87.250000	Bb4	70	80	
497	67.839844	A4	69	62	501	87.500000	A4	69	80	
498	68.037760	G4	67	62	502	87.750000	G4	67	80	
499	68.226562	A4	69	62	503	88.000000	A4	69	80	
500	68.428385	G4	67	57	504	88.250000	G4	67	80	
501	68.622396	F4	65	62	505	88.500000	F4	65	80	
502	68.782552	E4	64	64	506	88.750000	E4	64	80	
503	68.993490	D5	74	67	507	89.000000	D5	74	80	
504	69.001302	F3	53	58	509	89.000000	F3	53	80	
505	69.002604	F4	65	66	508	89.000000	F4	65	80	
506	69.003906	A4	69	63	*	-1	*	-1	-1	
507	69.201823	C#4	61	56	510	89.250000	C#4	61	80	
508	69.399740	D4	62	65	511	89.500000	D4	62	80	
509	69.585938	E4	64	64	512	89.750000	E4	64	80	
510	69.766927	D4	62	68	513	90.000000	D4	62	80	
511	69.942708	C4	60	64	514	90.250000	C4	60	80	
512	70.127604	Bb3	58	60	517	90.500000	Bb3	58	80	
513	70.160156	F5	77	74	515	90.500000	F5	77	80	
514	70.167969	A4	69	61	516	90.500000	A4	69	80	
515	70.317708	A3	57	59	518	90.750000	A3	57	80	
516	70.520833	E5	76	75	519	91.000000	E5	76	80	
517	70.526042	G4	67	64	520	91.000000	G4	67	80	
518	70.537760	Bb3	58	68	521	91.000000	Bb3	58	80	
519	70.717448	A3	57	62	522	91.250000	A3	57	80	
520	70.894531	G5	79	88	523	91.500000	G5	79	80	
521	70.899740	Bb4	70	69	524	91.500000	Bb4	70	80	
522	70.908854	G3	55	67	525	91.500000	G3	55	80	
523	71.092448	F3	53	70	526	91.750000	F3	53	80	
524	71.302083	C#5	73	79	527	92.000000	C#5	73	80	
525	71.308594	A3	57	67	529	92.000000	A3	57	80	
526	71.317708	E4	64	66	528	92.000000	E4	64	80	
527	71.322917	G3	55	63	530	92.000000	G3	55	80	
528	71.505208	F3	53	69	531	92.250000	F3	53	80	
529	71.679688	D5	74	75	532	92.500000	D5	74	80	
530	71.692708	E3	52	69	534	92.500000	E3	52	80	
531	71.692708	F4	65	74	533	92.500000	F4	65	80	
532	71.878906	D3	50	69	535	92.750000	D3	50	80	
533	72.069010	A3	57	75	536	93.000000	A3	57	80	
534	72.236979	D5	74	68	537	93.250000	D5	74	80	
535	72.246094	F4	65	64	538	93.250000	F4	65	80	
536	72.441406	A2	45	65	541	93.500000	A2	45	80	
537	72.451823	C#5	73	80	539	93.500000	C#5	73	80	
538	72.473958	E4	64	61	540	93.500000	E4	64	80	
539	72.644531	B4	71	80	542	93.750000	B4	71	80	
540	72.651042	D4	62	72	543	93.750000	D4	62	80	
541	72.865885	C#5	73	79	546	94.000000	C#5	73	80	
542	72.888021	E4	64	67	544	94.000000	E4	64	80	
543	72.888021	A4	69	67	545	94.000000	A4	69	80	
544	73.050781	G3	55	51	547	94.250000	G3	55	80	
545	73.253906	A3	57	63	548	94.500000	A3	57	80	
546	73.444010	Bb3	58	68	549	94.750000	Bb3	58	80	
547	73.634115	A3	57	60	550	95.000000	A3	57	80	
548	73.805990	G3	55	62	551	95.250000	G3	55	80	
549	74.009115	F3	53	62	552	95.500000	F3	53	80	
550	74.200521	E3	52	60	553	95.750000	E3	52	80	
551	74.407552	F3	53	52	554	96.000000	F3	53	80	
552	74.554688	C#5	73	53	555	96.250000	C#5	73	80	
553	74.756510	D5	74	58	556	96.500000	D5	74	80	
554	74.945312	E5	76	65	557	96.750000	E5	76	80	
555	75.136719	D5	74	65	558	97.000000	D5	74	80	
556	75.139323	A3	57	55	559	97.000000	A3	57	80	
557	75.325521	C5	72	73	560	97.250000	C5	72	80	
558	75.513021	Bb4	70	71	561	97.500000	Bb4	70	80	
559	75.688802	A4	69	67	562	97.750000	A4	69	80	
560	75.872396	Bb4	70	71	563	98.000000	Bb4	70	80	
561	75.899740	D4	62	58	564	98.000000	D4	62	80	
562	76.050781	A4	69	72	565	98.250000	A4	69	80	
563	76.231771	G4	67	75	566	98.500000	G4	67	80	
564	76.415365	F4	65	69	567	98.750000	F4	65	80	
565	76.618490	G4	67	74	568	99.000000	G4	67	80	
566	76.625000	E3	52	52	569	99.000000	E3	52	80	
567	76.816406	F4	65	60	570	99.250000	F4	65	80	
568	77.016927	E4	64	58	571	99.500000	E4	64	80	
569	77.207031	D4	62	52	572	99.750000	D4	62	80	
570	77.384115	E4	64	55	573	100.000000	E4	64	80	
571	77.559896	D4	62	54	574	100.250000	D4	62	80	
572	77.752604	C#4	61	53	575	100.500000	C#4	61	80	
573	77.949219	B3	59	55	576	100.750000	B3	59	80	
574	78.145833	C#4	61	52	577	101.000000	C#4	61	80	
575	78.350260	G3	55	48	578	101.250000	G3	55	80	
576	78.535156	A3	57	65	579	101.500000	A3	57	80	
577	78.710938	Bb3	58	76	580	101.750000	Bb3	58	80	
578	78.891927	A3	57	68	581	102.000000	A3	57	80	
579	79.065104	G3	55	69	582	102.250000	G3	55	80	
580	79.272135	F3	53	72	583	102.500000	F3	53	80	
581	79.459635	E3	52	70	584	102.750000	E3	52	80	
582	79.647135	F4	65	70	586	103.000000	F4	65	80	
583	79.649740	F3	53	69	588	103.000000	F3	53	80	
584	79.662760	A3	57	57	587	103.000000	A3	57	80	
585	79.662760	D4	62	65	585	103.000000	D4	62	80	
586	79.841146	E3	52	62	589	103.250000	E3	52	80	
587	80.035156	D3	50	69	590	103.500000	D3	50	80	
588	80.230469	C#3	49	66	591	103.750000	C#3	49	80	
589	80.430990	D3	50	68	592	104.000000	D3	50	80	
590	80.600260	C3	48	66	593	104.250000	C3	48	80	
591	80.819010	B2	47	67	594	104.500000	B2	47	80	
592	80.988281	A2	45	61	595	104.750000	A2	45	80	
593	81.200521	B2	47	62	596	105.000000	B2	47	80	
594	81.372396	C4	60	54	597	105.250000	C4	60	80	
595	81.565104	B3	59	58	598	105.500000	B3	59	80	
596	81.756510	A3	57	61	599	105.750000	A3	57	80	
597	81.951823	G#3	56	65	600	106.000000	G#3	56	80	
598	82.109375	C3	48	59	601	106.250000	C3	48	80	
599	82.291667	D3	50	64	603	106.500000	D3	50	80	
600	82.320312	A3	57	67	602	106.500000	A3	57	80	
601	82.492188	E3	52	63	604	106.750000	E3	52	80	
602	82.673177	D3	50	63	606	107.000000	D3	50	80	
603	82.699219	B3	59	62	605	107.000000	B3	59	80	
604	82.872396	C3	48	60	607	107.250000	C3	48	80	
605	83.070312	B2	47	58	608	107.500000	B2	47	80	
606	83.242188	A2	45	59	609	107.750000	A2	45	80	
607	83.442708	G#2	44	61	610	108.000000	G#2	44	80	
608	83.619792	D3	50	56	611	108.250000	D3	50	80	
609	83.826823	E3	52	63	612	108.500000	E3	52	80	
610	84.022135	F3	53	59	613	108.750000	F3	53	80	
611	84.196615	E3	52	63	614	109.000000	E3	52	80	
612	84.360677	A3	57	56	615	109.250000	A3	57	80	
613	84.552083	B3	59	60	616	109.500000	B3	59	80	
614	84.740885	C4	60	65	617	109.750000	C4	60	80	
615	84.954427	B3	59	66	618	110.000000	B3	59	80	
616	85.123698	C#4	61	67	619	110.250000	C#4	61	80	
617	85.304688	D4	62	70	620	110.500000	D4	62	80	
618	85.503906	E4	64	66	621	110.750000	E4	64	80	
619	85.707031	C#4	61	71	622	111.000000	C#4	61	80	
620	85.710938	A3	57	62	623	111.000000	A3	57	80	
621	85.718750	G2	43	54	624	111.000000	G2	43	80	
622	85.893229	E4	64	69	625	111.250000	E4	64	80	
623	86.095052	F4	65	73	626	111.500000	F4	65	80	
624	86.256510	G4	67	78	627	111.750000	G4	67	80	
625	86.454427	A4	69	82	628	112.000000	A4	69	80	
626	86.651042	B3	59	60	629	112.250000	B3	59	80	
627	86.657552	F3	53	55	630	112.250000	F3	53	80	
628	86.834635	C#4	61	65	631	112.500000	C#4	61	80	
629	86.842448	E3	52	60	632	112.500000	E3	52	80	
630	87.010417	D3	50	54	634	112.750000	D3	50	80	
631	87.014323	D4	62	62	633	112.750000	D4	62	80	
632	87.210938	E4	64	59	635	113.000000	E4	64	80	
633	87.213542	C#3	49	58	636	113.000000	C#3	49	80	
634	87.424479	Bb2	46	59	637	113.250000	Bb2	46	80	
635	87.604167	A2	45	61	638	113.500000	A2	45	80	
636	87.796875	G2	43	60	639	113.750000	G2	43	80	
637	88.010417	F2	41	58	640	114.000000	F2	41	80	
638	88.197917	G4	67	53	641	114.250000	G4	67	80	
639	88.377604	Bb4	70	68	642	114.500000	Bb4	70	80	
640	88.382812	D3	50	52	644	114.500000	D3	50	80	
641	88.572917	A4	69	74	645	114.750000	A4	69	80	
642	88.756510	G4	67	75	646	115.000000	G4	67	80	
643	88.757812	D4	62	64	*	-1	*	-1	-1	
644	88.760417	G2	43	56	648	115.000000	G2	43	80	
645	88.763021	E3	52	59	647	115.000000	E3	52	80	
646	88.947917	F4	65	73	649	115.250000	F4	65	80	
647	89.123698	F3	53	63	651	115.500000	F3	53	80	
648	89.131510	E4	64	68	650	115.500000	E4	64	80	
649	89.320312	D4	62	70	652	115.750000	D4	62	80	
650	89.511719	G3	55	54	654	116.000000	G3	55	80	
651	89.514323	C#4	61	69	653	116.000000	C#4	61	80	
652	89.516927	A2	45	46	655	116.000000	A2	45	80	
653	89.691406	E4	64	62	656	116.250000	E4	64	80	
654	89.890625	A3	57	59	658	116.500000	A3	57	80	
655	89.898438	F4	65	66	657	116.500000	F4	65	80	
656	90.069010	G4	67	67	659	116.750000	G4	67	80	
657	90.257812	D4	62	60	660	117.000000	D4	62	80	
658	90.272135	D3	50	47	662	117.000000	D3	50	80	
659	90.273438	Bb3	58	57	661	117.000000	Bb3	58	80	
660	90.457031	G4	67	59	663	117.250000	G4	67	80	
661	90.645833	A3	57	54	665	117.500000	A3	57	80	
662	90.674479	F4	65	56	664	117.500000	F4	65	80	
663	90.837240	G3	55	51	667	117.750000	G3	55	80	
664	90.855469	E4	64	52	666	117.750000	E4	64	80	
665	91.040365	A3	57	49	669	118.000000	A3	57	80	
666	91.046875	F4	65	59	668	118.000000	F4	65	80	
667	91.238281	E4	64	55	670	118.250000	E4	64	80	
668	91.433594	D4	62	56	671	118.500000	D4	62	80	
669	91.611979	C#4	61	53	672	118.750000	C#4	61	80	
670	91.833333	D4	62	52	673	119.000000	D4	62	80	
671	92.039062	C4	60	45	674	119.250000	C4	60	80	
672	92.212240	Bb3	58	56	675	119.500000	Bb3	58	80	
673	92.417969	A3	57	59	676	119.750000	A3	57	80	
674	92.600260	Bb3	58	64	677	120.000000	Bb3	58	80	
675	92.782552	D3	50	57	679	120.250000	D3	50	80	
676	92.796875	F4	65	60	678	120.250000	F4	65	80	
677	92.981771	E3	52	59	681	120.500000	E3	52	80	
678	92.983073	G4	67	69	680	120.500000	G4	67	80	
679	93.174479	F3	53	64	683	120.750000	F3	53	80	
680	93.179688	A4	69	73	682	120.750000	A4	69	80	
681	93.352865	Bb4	70	76	684	121.000000	Bb4	70	80	
682	93.368490	G3	55	63	685	121.000000	G3	55	80	
683	93.546875	D4	62	57	686	121.250000	D4	62	80	
684	93.738281	E4	64	61	687	121.500000	E4	64	80	
685	93.740885	A3	57	47	688	121.500000	A3	57	80	
686	93.744792	F3	53	49	689	121.500000	F3	53	80	
687	93.932292	F4	65	56	690	121.750000	F4	65	80	
688	94.121094	G4	67	62	691	122.000000	G4	67	80	
689	94.141927	G3	55	53	692	122.000000	G3	55	80	
690	94.328125	E3	52	38	693	122.250000	E3	52	80	
691	94.375000	F3	53	29	*	-1	*	-1	-1	
692	94.503906	D3	50	56	695	122.500000	D3	50	80	
693	94.506510	E4	64	56	694	122.500000	E4	64	80	
694	94.678385	C3	48	59	696	122.750000	C3	48	80	
695	94.899740	C4	60	57	697	123.000000	C4	60	80	
696	94.908854	G3	55	49	*	-1	*	-1	-1	
697	94.929688	F3	53	37	698	123.000000	F3	53	80	
698	95.075521	Bb4	70	63	699	123.250000	Bb4	70	80	
699	95.285156	F2	41	58	702	123.500000	F2	41	80	
700	95.287760	F3	53	57	701	123.500000	F3	53	80	
701	95.299479	A4	69	62	700	123.500000	A4	69	80	
702	95.477865	G4	67	65	703	123.750000	G4	67	80	
703	95.481771	E3	52	62	704	123.750000	E3	52	80	
704	95.649740	A4	69	71	705	124.000000	A4	69	80	
705	95.654948	F3	53	67	706	124.000000	F3	53	80	
706	95.860677	G4	67	55	708	124.250000	G4	67	80	
707	96.036458	A3	57	49	710	124.500000	A3	57	80	
708	96.054688	F4	65	56	709	124.500000	F4	65	80	
709	96.235677	E4	64	55	711	124.750000	E4	64	80	
710	96.438802	F4	65	59	712	125.000000	F4	65	80	
711	96.608073	E4	64	56	713	125.250000	E4	64	80	
712	96.805990	D4	62	64	714	125.500000	D4	62	80	
713	96.981771	C#4	61	62	715	125.750000	C#4	61	80	
714	97.183594	D4	62	69	716	126.000000	D4	62	80	
715	97.369792	F3	53	59	718	126.250000	F3	53	80	
716	97.375000	A4	69	73	717	126.250000	A4	69	80	
717	97.552083	Bb4	70	77	719	126.500000	Bb4	70	80	
718	97.559896	G3	55	62	720	126.500000	G3	55	80	
719	97.742188	A3	57	66	722	126.750000	A3	57	80	
720	97.747396	C5	72	81	721	126.750000	C5	72	80	
721	97.940104	Bb3	58	69	724	127.000000	Bb3	58	80	
722	97.947917	D5	74	81	723	127.000000	D5	74	80	
723	98.127604	F4	65	68	725	127.250000	F4	65	80	
724	98.315104	A3	57	49	728	127.500000	A3	57	80	
725	98.316406	G4	67	64	726	127.500000	G4	67	80	
726	98.333333	C4	60	49	727	127.500000	C4	60	80	
727	98.493490	A4	69	62	729	127.750000	A4	69	80	
728	98.671875	Bb3	58	56	731	128.000000	Bb3	58	80	
729	98.695312	Bb4	70	60	730	128.000000	Bb4	70	80	
730	98.877604	G3	55	54	732	128.250000	G3	55	80	
731	99.070312	F3	53	61	734	128.500000	F3	53	80	
732	99.082031	G4	67	60	733	128.500000	G4	67	80	
733	99.240885	E3	52	61	735	128.750000	E3	52	80	
734	99.451823	A3	57	60	737	129.000000	A3	57	80	
735	99.451823	E4	64	64	736	129.000000	E4	64	80	
736	99.462240	Bb3	58	58	*	-1	*	-1	-1	
737	99.627604	D5	74	72	738	129.250000	D5	74	80	
738	99.826823	C5	72	74	739	129.500000	C5	72	80	
739	99.828125	A2	45	64	741	129.500000	A2	45	80	
740	99.829427	A3	57	62	740	129.500000	A3	57	80	
741	100.007812	Bb4	70	71	742	129.750000	Bb4	70	80	
742	100.016927	G3	55	62	743	129.750000	G3	55	80	
743	100.213542	C5	72	57	744	130.000000	C5	72	80	
744	100.214844	A3	57	62	745	130.000000	A3	57	80	
745	100.389323	Bb4	70	62	747	130.250000	Bb4	70	80	
746	100.569010	A4	69	60	748	130.500000	A4	69	80	
747	100.571615	C4	60	57	749	130.500000	C4	60	80	
748	100.774740	G4	67	59	750	130.750000	G4	67	80	
749	100.980469	A4	69	59	751	131.000000	A4	69	80	
750	101.144531	G4	67	58	752	131.250000	G4	67	80	
751	101.339844	F4	65	68	753	131.500000	F4	65	80	
752	101.526042	E4	64	68	754	131.750000	E4	64	80	
753	101.705729	F4	65	73	755	132.000000	F4	65	80	
754	101.904948	C5	72	82	756	132.250000	C5	72	80	
755	101.907552	A3	57	67	757	132.250000	A3	57	80	
756	102.089844	B3	59	69	759	132.500000	B3	59	80	
757	102.091146	D5	74	84	758	132.500000	D5	74	80	
758	102.281250	C4	60	73	761	132.750000	C4	60	80	
759	102.291667	E5	76	85	760	132.750000	E5	76	80	
760	102.466146	D4	62	74	763	133.000000	D4	62	80	
761	102.480469	F5	77	90	762	133.000000	F5	77	80	
762	102.677083	A4	69	67	764	133.250000	A4	69	80	
763	102.880208	C4	60	58	767	133.500000	C4	60	80	
764	102.880208	E4	64	62	766	133.500000	E4	64	80	
765	102.880208	B4	71	69	765	133.500000	B4	71	80	
766	103.075521	C5	72	69	768	133.750000	C5	72	80	
767	103.263021	D5	74	63	769	134.000000	D5	74	80	
768	103.274740	D4	62	68	770	134.000000	D4	62	80	
769	103.444010	B3	59	62	771	134.250000	B3	59	80	
770	103.631510	A3	57	63	773	134.500000	A3	57	80	
771	103.645833	B4	71	62	772	134.500000	B4	71	80	
772	103.803385	G3	55	66	774	134.750000	G3	55	80	
773	104.010417	C4	60	65	776	135.000000	C4	60	80	
774	104.010417	D4	62	64	*	-1	*	-1	-1	
775	104.013021	G4	67	69	775	135.000000	G4	67	80	
776	104.186198	F5	77	84	777	135.250000	F5	77	80	
777	104.380208	C3	48	67	780	135.500000	C3	48	80	
778	104.380208	E5	76	86	778	135.500000	E5	76	80	
779	104.384115	C4	60	63	779	135.500000	C4	60	80	
780	104.566406	D5	74	77	781	135.750000	D5	74	80	
781	104.571615	B3	59	66	782	135.750000	B3	59	80	
782	104.750000	C4	60	67	784	136.000000	C4	60	80	
783	104.751302	E5	76	85	783	136.000000	E5	76	80	
784	104.951823	D5	74	62	786	136.250000	D5	74	80	
785	105.144531	C5	72	68	787	136.500000	C5	72	80	
786	105.319010	B4	71	62	788	136.750000	B4	71	80	
787	105.519531	C5	72	69	789	137.000000	C5	72	80	
788	105.697917	B4	71	56	790	137.250000	B4	71	80	
789	105.894531	A4	69	57	791	137.500000	A4	69	80	
790	106.067708	G#4	68	50	792	137.750000	G#4	68	80	
791	106.289062	A4	69	62	793	138.000000	A4	69	80	
792	106.475260	E4	64	65	794	138.250000	E4	64	80	
793	106.658854	F4	65	75	795	138.500000	F4	65	80	
794	106.843750	G4	67	78	796	138.750000	G4	67	80	
795	107.058594	F4	65	77	800	139.000000	F4	65	80	
796	107.071615	A4	69	67	799	139.000000	A4	69	80	
797	107.071615	D5	74	65	798	139.000000	D5	74	80	
798	107.076823	B4	71	68	797	139.000000	B4	71	80	
799	107.235677	E4	64	70	801	139.250000	E4	64	80	
800	107.421875	D4	62	76	802	139.500000	D4	62	80	
801	107.614583	C4	60	73	803	139.750000	C4	60	80	
802	107.816406	D4	62	67	804	140.000000	D4	62	80	
803	107.993490	C4	60	64	805	140.250000	C4	60	80	
804	108.180990	B3	59	69	806	140.500000	B3	59	80	
805	108.360677	A3	57	61	807	140.750000	A3	57	80	
806	108.548177	B3	59	56	809	141.000000	B3	59	80	
807	108.549479	G#4	68	64	808	141.000000	G#4	68	80	
808	108.725260	A3	57	60	810	141.250000	A3	57	80	
809	108.912760	G#3	56	62	811	141.500000	G#3	56	80	
810	109.098958	F#3	54	59	812	141.750000	F#3	54	80	
811	109.312500	G#3	56	57	814	142.000000	G#3	56	80	
812	109.313802	E4	64	51	813	142.000000	E4	64	80	
813	109.481771	D3	50	59	815	142.250000	D3	50	80	
814	109.687500	E3	52	71	816	142.500000	E3	52	80	
815	109.888021	F3	53	71	817	142.750000	F3	53	80	
816	110.072917	E3	52	68	818	143.000000	E3	52	80	
817	110.256510	D3	50	61	819	143.250000	D3	50	80	
818	110.437500	C3	48	65	820	143.500000	C3	48	80	
819	110.626302	B2	47	65	821	143.750000	B2	47	80	
820	110.829427	C3	48	61	822	144.000000	C3	48	80	
821	111.029948	D5	74	55	823	144.250000	D5	74	80	
822	111.227865	E3	52	55	825	144.500000	E3	52	80	
823	111.235677	E5	76	70	824	144.500000	E5	76	80	
824	111.414062	F5	77	73	826	144.750000	F5	77	80	
825	111.606771	E5	76	74	827	145.000000	E5	76	80	
826	111.614583	F#3	54	63	828	145.000000	F#3	54	80	
827	111.802083	D5	74	70	829	145.250000	D5	74	80	
828	111.994792	G#3	56	61	831	145.500000	G#3	56	80	
829	111.996094	C5	72	77	830	145.500000	C5	72	80	
830	112.169271	B4	71	74	832	145.750000	B4	71	80	
831	112.354167	C5	72	76	833	146.000000	C5	72	80	
832	112.364583	A3	57	69	834	146.000000	A3	57	80	
833	112.549479	B4	71	72	835	146.250000	B4	71	80	
834	112.742188	A4	69	69	836	146.500000	A4	69	80	
835	112.746094	B3	59	64	837	146.500000	B3	59	80	
836	112.914062	G#4	68	69	838	146.750000	G#4	68	80	
837	113.111979	A4	69	75	839	147.000000	A4	69	80	
838	113.119792	C4	60	65	840	147.000000	C4	60	80	
839	113.289062	G4	67	62	841	147.250000	G4	67	80	
840	113.493490	C#3	49	59	844	147.500000	C#3	49	80	
841	113.493490	F4	65	62	842	147.500000	F4	65	80	
842	113.501302	A3	57	45	843	147.500000	A3	57	80	
843	113.697917	E4	64	62	845	147.750000	E4	64	80	
844	113.878906	D3	50	73	847	148.000000	D3	50	80	
845	113.897135	F4	65	73	846	148.000000	F4	65	80	
846	114.082031	E4	64	66	848	148.250000	E4	64	80	
847	114.243490	E3	52	67	851	148.500000	E3	52	80	
848	114.253906	C#4	61	65	850	148.500000	C#4	61	80	
849	114.266927	F4	65	71	849	148.500000	F4	65	80	
850	114.447917	G4	67	74	852	148.750000	G4	67	80	
851	114.635417	F3	53	61	855	149.000000	F3	53	80	
852	114.641927	D4	62	64	854	149.000000	D4	62	80	
853	114.658854	F4	65	72	853	149.000000	F4	65	80	
854	114.850260	E4	64	67	856	149.250000	E4	64	80	
855	115.029948	G3	55	60	859	149.500000	G3	55	80	
856	115.029948	A3	57	55	858	149.500000	A3	57	80	
857	115.035156	D4	62	72	857	149.500000	D4	62	80	
858	115.205729	C#4	61	64	860	149.750000	C#4	61	80	
859	115.384115	D4	62	72	861	150.000000	D4	62	80	
860	115.412760	F3	53	68	862	150.000000	F3	53	80	
861	115.580729	G5	79	76	863	150.250000	G5	79	80	
862	115.759115	A3	57	70	865	150.500000	A3	57	80	
863	115.765625	A5	81	82	864	150.500000	A5	81	80	
864	115.953125	Bb5	82	85	866	150.750000	Bb5	82	80	
865	116.145833	A5	81	83	867	151.000000	A5	81	80	
866	116.153646	B3	59	71	868	151.000000	B3	59	80	
867	116.316406	G5	79	80	869	151.250000	G5	79	80	
868	116.505208	F5	77	83	870	151.500000	F5	77	80	
869	116.520833	C#4	61	70	871	151.500000	C#4	61	80	
870	116.678385	E5	76	77	872	151.750000	E5	76	80	
871	116.873698	F5	77	73	873	152.000000	F5	77	80	
872	116.890625	D4	62	66	874	152.000000	D4	62	80	
873	117.053385	E5	76	67	875	152.250000	E5	76	80	
874	117.243490	D5	74	55	876	152.500000	D5	74	80	
875	117.252604	E4	64	56	877	152.500000	E4	64	80	
876	117.438802	C#5	73	68	878	152.750000	C#5	73	80	
877	117.625000	D5	74	65	879	153.000000	D5	74	80	
878	117.628906	F4	65	68	880	153.000000	F4	65	80	
879	117.816406	E5	76	74	881	153.250000	E5	76	80	
880	117.822917	G3	55	60	882	153.250000	G3	55	80	
881	118.003906	F5	77	78	883	153.500000	F5	77	80	
882	118.010417	A3	57	67	884	153.500000	A3	57	80	
883	118.182292	G5	79	81	885	153.750000	G5	79	80	
884	118.190104	Bb3	58	74	886	153.750000	Bb3	58	80	
885	118.371094	F5	77	78	887	154.000000	F5	77	80	
886	118.384115	A3	57	67	888	154.000000	A3	57	80	
887	118.555990	E5	76	78	889	154.250000	E5	76	80	
888	118.558594	G3	55	66	890	154.250000	G3	55	80	
889	118.736979	F3	53	72	892	154.500000	F3	53	80	
890	118.740885	D5	74	69	891	154.500000	D5	74	80	
891	118.930990	C#5	73	65	893	154.750000	C#5	73	80	
892	118.940104	E3	52	62	894	154.750000	E3	52	80	
893	119.118490	F3	53	59	896	155.000000	F3	53	80	
894	119.126302	D5	74	63	895	155.000000	D5	74	80	
895	119.292969	E3	52	58	898	155.250000	E3	52	80	
896	119.302083	C5	72	67	897	155.250000	C5	72	80	
897	119.473958	D3	50	62	900	155.500000	D3	50	80	
898	119.488281	Bb4	70	68	899	155.500000	Bb4	70	80	
899	119.658854	C#3	49	59	902	155.750000	C#3	49	80	
900	119.662760	A4	69	67	901	155.750000	A4	69	80	
901	119.873698	D3	50	52	904	156.000000	D3	50	80	
902	119.873698	Bb4	70	66	903	156.000000	Bb4	70	80	
903	120.065104	C5	72	64	905	156.250000	C5	72	80	
904	120.231771	F3	53	62	907	156.500000	F3	53	80	
905	120.247396	D5	74	63	906	156.500000	D5	74	80	
906	120.424479	Eb5	75	69	908	156.750000	Eb5	75	80	
907	120.614583	D5	74	71	909	157.000000	D5	74	80	
908	120.627604	Bb3	58	63	910	157.000000	Bb3	58	80	
909	120.811198	C5	72	71	911	157.250000	C5	72	80	
910	120.996094	Bb4	70	66	912	157.500000	Bb4	70	80	
911	121.000000	C4	60	53	913	157.500000	C4	60	80	
912	121.173177	A4	69	64	914	157.750000	A4	69	80	
913	121.350260	Bb4	70	62	915	158.000000	Bb4	70	80	
914	121.369792	D4	62	57	916	158.000000	D4	62	80	
915	121.518229	A4	69	55	917	158.250000	A4	69	80	
916	121.722656	G#4	68	61	918	158.500000	G#4	68	80	
917	121.738281	C4	60	43	919	158.500000	C4	60	80	
918	121.903646	F#4	66	53	920	158.750000	F#4	66	80	
919	122.118490	B3	59	48	922	159.000000	B3	59	80	
920	122.127604	G#4	68	56	921	159.000000	G#4	68	80	
921	122.300781	D3	50	45	923	159.250000	D3	50	80	
922	122.492188	E3	52	60	926	159.500000	E3	52	80	
923	122.514323	E4	64	61	924	159.500000	E4	64	80	
924	122.687500	F3	53	65	927	159.750000	F3	53	80	
925	122.897135	G#4	68	79	928	160.000000	G#4	68	80	
926	122.906250	E3	52	68	929	160.000000	E3	52	80	
927	123.092448	D3	50	69	930	160.250000	D3	50	80	
928	123.274740	C3	48	73	932	160.500000	C3	48	80	
929	123.277344	B4	71	81	931	160.500000	B4	71	80	
930	123.460938	B2	47	66	933	160.750000	B2	47	80	
931	123.657552	D5	74	79	934	161.000000	D5	74	80	
932	123.671875	C3	48	68	935	161.000000	C3	48	80	
933	123.875000	B2	47	56	936	161.250000	B2	47	80	
934	124.067708	A2	45	68	937	161.500000	A2	45	80	
935	124.256510	G#2	44	71	938	161.750000	G#2	44	80	
936	124.455729	A2	45	74	939	162.000000	A2	45	80	
937	124.643229	F2	41	71	940	162.250000	F2	41	80	
938	124.843750	C5	72	80	942	162.500000	C5	72	80	
939	124.852865	F#4	66	80	943	162.500000	F#4	66	80	
940	124.858073	A4	69	62	941	162.500000	A4	69	80	
941	124.871094	E2	40	70	944	162.500000	E2	40	80	
942	125.036458	Eb2	39	66	945	162.750000	Eb2	39	80	
943	125.233073	E2	40	69	947	163.000000	E2	40	80	
944	125.252604	A4	69	72	*	-1	*	-1	-1	
945	125.263021	E4	64	69	946	163.000000	E4	64	80	
946	125.447917	C5	72	78	948	163.250000	C5	72	80	
947	125.451823	A2	45	67	949	163.250000	A2	45	80	
948	125.634115	B2	47	73	951	163.500000	B2	47	80	
949	125.640625	B4	71	80	950	163.500000	B4	71	80	
950	125.821615	C3	48	71	953	163.750000	C3	48	80	
951	125.822917	A4	69	79	952	163.750000	A4	69	80	
952	126.010417	D3	50	71	956	164.000000	D3	50	80	
953	126.018229	B4	71	83	954	164.000000	B4	71	80	
954	126.203125	F#4	66	70	957	164.250000	F#4	66	80	
955	126.382812	E3	52	68	959	164.500000	E3	52	80	
956	126.394531	G#4	68	76	958	164.500000	G#4	68	80	
957	126.585938	D4	62	68	960	164.750000	D4	62	80	
958	126.796875	A4	69	82	961	165.000000	A4	69	80	
959	126.809896	A2	45	64	963	165.000000	A2	45	80	
960	126.983073	D4	62	67	964	165.250000	D4	62	80	
961	127.156250	D3	50	56	966	165.500000	D3	50	80	
962	127.175781	E4	64	67	965	165.500000	E4	64	80	
963	127.354167	F4	65	71	967	165.750000	F4	65	80	
964	127.537760	E4	64	78	968	166.000000	E4	64	80	
965	127.554688	F3	53	63	969	166.000000	F3	53	80	
966	127.733073	D4	62	74	970	166.250000	D4	62	80	
967	127.934896	G#3	56	60	972	166.500000	G#3	56	80	
968	127.934896	C#4	61	75	971	166.500000	C#4	61	80	
969	128.127604	B3	59	70	973	166.750000	B3	59	80	
970	128.365885	A3	57	63	976	167.000000	A3	57	80	
971	128.372396	C#4	61	69	974	167.000000	C#4	61	80	
972	128.381510	E3	52	62	975	167.000000	E3	52	80	
973	128.578125	Bb2	46	59	977	167.250000	Bb2	46	80	
974	128.790365	A2	45	59	978	167.500000	A2	45	80	
975	128.986979	G2	43	62	979	167.750000	G2	43	80	
976	129.200521	F2	41	60	980	168.000000	F2	41	80	
977	129.414062	E5	76	45	981	168.250000	E5	76	80	
978	129.592448	F5	77	58	982	168.500000	F5	77	80	
979	129.765625	G5	79	64	983	168.750000	G5	79	80	
980	129.975260	F3	53	56	985	169.000000	F3	53	80	
981	129.976562	F5	77	76	984	169.000000	F5	77	80	
982	130.148438	E5	76	70	986	169.250000	E5	76	80	
983	130.343750	D5	74	71	987	169.500000	D5	74	80	
984	130.526042	C5	72	71	988	169.750000	C5	72	80	
985	130.701823	A3	57	53	990	170.000000	A3	57	80	
986	130.718750	D5	74	58	989	170.000000	D5	74	80	
987	130.891927	C5	72	71	991	170.250000	C5	72	80	
988	131.084635	Bb4	70	70	992	170.500000	Bb4	70	80	
989	131.273438	A4	69	62	993	170.750000	A4	69	80	
990	131.466146	Bb4	70	65	994	171.000000	Bb4	70	80	
991	131.488281	D4	62	52	995	171.000000	D4	62	80	
992	131.632812	A4	69	60	996	171.250000	A4	69	80	
993	131.850260	G4	67	59	997	171.500000	G4	67	80	
994	132.050781	F4	65	56	998	171.750000	F4	65	80	
995	132.217448	Bb3	58	51	1000	172.000000	Bb3	58	80	
996	132.248698	G4	67	57	999	172.000000	G4	67	80	
997	132.440104	F4	65	58	1001	172.250000	F4	65	80	
998	132.595052	E4	64	57	1002	172.500000	E4	64	80	
999	132.807292	D4	62	55	1003	172.750000	D4	62	80	
1000	132.983073	G3	55	45	1005	173.000000	G3	55	80	
1001	132.984375	E4	64	48	1004	173.000000	E4	64	80	
1002	133.160156	Bb3	58	51	1006	173.250000	Bb3	58	80	
1003	133.358073	C4	60	61	1007	173.500000	C4	60	80	
1004	133.540365	D4	62	62	1008	173.750000	D4	62	80	
1005	133.742188	C4	60	68	1009	174.000000	C4	60	80	
1006	133.928385	Bb3	58	67	1010	174.250000	Bb3	58	80	
1007	134.123698	A3	57	64	1011	174.500000	A3	57	80	
1008	134.302083	G3	55	64	1012	174.750000	G3	55	80	
1009	134.481771	A4	69	76	1015	175.000000	A4	69	80	
1010	134.498698	A3	57	54	1016	175.000000	A3	57	80	
1011	134.502604	F4	65	60	1014	175.000000	F4	65	80	
1012	134.507812	C4	60	52	1013	175.000000	C4	60	80	
1013	134.684896	G3	55	67	1017	175.250000	G3	55	80	
1014	134.889323	F3	53	67	1018	175.500000	F3	53	80	
1015	135.079427	E3	52	72	1019	175.750000	E3	52	80	
1016	135.270833	G#4	68	78	1022	176.000000	G#4	68	80	
1017	135.272135	F3	53	70	1023	176.000000	F3	53	80	
1018	135.304688	D4	62	45	1020	176.000000	D4	62	80	
1019	135.462240	D3	50	63	1025	176.250000	D3	50	80	
1020	135.662760	C3	48	65	1026	176.500000	C3	48	80	
1021	135.867188	B2	47	70	1027	176.750000	B2	47	80	
1022	136.055990	F4	65	64	*	-1	*	-1	-1	
1023	136.058594	C3	48	62	1029	177.000000	C3	48	80	
1024	136.078125	C4	60	47	1028	177.000000	C4	60	80	
1025	136.244792	G#4	68	68	1030	177.250000	G#4	68	80	
1026	136.253906	F3	53	63	1031	177.250000	F3	53	80	
1027	136.436198	E3	52	65	1033	177.500000	E3	52	80	
1028	136.440104	G4	67	70	1032	177.500000	G4	67	80	
1029	136.627604	F4	65	66	1034	177.750000	F4	65	80	
1030	136.628906	D3	50	58	1035	177.750000	D3	50	80	
1031	136.822917	G4	67	67	1036	178.000000	G4	67	80	
1032	136.842448	E3	52	57	1037	178.000000	E3	52	80	
1033	137.024740	F4	65	52	1038	178.250000	F4	65	80	
1034	137.200521	G3	55	51	1040	178.500000	G3	55	80	
1035	137.220052	E4	64	53	1039	178.500000	E4	64	80	
1036	137.406250	D4	62	50	1041	178.750000	D4	62	80	
1037	137.597656	E4	64	57	1042	179.000000	E4	64	80	
1038	137.618490	C4	60	51	1043	179.000000	C4	60	80	
1039	137.796875	D3	50	50	1044	179.250000	D3	50	80	
1040	137.989583	G3	55	46	1045	179.500000	G3	55	80	
1041	137.996094	C3	48	53	1046	179.500000	C3	48	80	
1042	138.170573	Bb2	46	57	1047	179.750000	Bb2	46	80	
1043	138.376302	A2	45	52	1048	180.000000	A2	45	80	
1044	138.570312	C4	60	47	1049	180.250000	C4	60	80	
1045	138.746094	D4	62	56	1050	180.500000	D4	62	80	
1046	138.768229	G3	55	48	1051	180.500000	G3	55	80	
1047	138.921875	Eb4	63	63	1052	180.750000	Eb4	63	80	
1048	139.127604	F#3	54	54	1054	181.000000	F#3	54	80	
1049	139.127604	D4	62	66	1053	181.000000	D4	62	80	
1050	139.128906	D3	50	51	1055	181.000000	D3	50	80	
1051	139.302083	E4	64	66	1056	181.250000	E4	64	80	
1052	139.485677	F#4	66	75	1057	181.500000	F#4	66	80	
1053	139.493490	Bb3	58	64	1058	181.500000	Bb3	58	80	
1054	139.677083	G4	67	73	1059	181.750000	G4	67	80	
1055	139.871094	A3	57	59	1061	182.000000	A3	57	80	
1056	139.878906	F#4	66	78	1060	182.000000	F#4	66	80	
1057	140.055990	A4	69	72	1062	182.250000	A4	69	80	
1058	140.244792	Bb4	70	74	1063	182.500000	Bb4	70	80	
1059	140.433594	C5	72	81	1064	182.750000	C5	72	80	
1060	140.606771	G2	43	55	1065	183.000000	G2	43	80	
1061	140.824219	A4	69	59	1066	183.250000	A4	69	80	
1062	140.990885	D3	50	49	1068	183.500000	D3	50	80	
1063	141.002604	G4	67	56	1067	183.500000	G4	67	80	
1064	141.182292	F#4	66	59	1069	183.750000	F#4	66	80	
1065	141.388021	G4	67	63	1070	184.000000	G4	67	80	
1066	141.395833	Bb2	46	55	1071	184.000000	Bb2	46	80	
1067	141.574219	A4	69	64	1072	184.250000	A4	69	80	
1068	141.763021	Bb4	70	61	1073	184.500000	Bb4	70	80	
1069	141.790365	G3	55	50	1074	184.500000	G3	55	80	
1070	141.959635	G4	67	57	1075	184.750000	G4	67	80	
1071	142.140625	D3	50	55	1077	185.000000	D3	50	80	
1072	142.148438	D4	62	61	1076	185.000000	D4	62	80	
1073	142.322917	F#3	54	64	1078	185.250000	F#3	54	80	
1074	142.498698	G3	55	74	1079	185.500000	G3	55	80	
1075	142.692708	A3	57	72	1080	185.750000	A3	57	80	
1076	142.897135	G3	55	58	1082	186.000000	G3	55	80	
1077	142.901042	Bb3	58	70	1081	186.000000	Bb3	58	80	
1078	143.089844	G4	67	70	1083	186.250000	G4	67	80	
1079	143.264323	A4	69	73	1084	186.500000	A4	69	80	
1080	143.440104	Bb4	70	77	1085	186.750000	Bb4	70	80	
1081	143.634115	A3	57	67	1087	187.000000	A3	57	80	
1082	143.649740	C5	72	81	1086	187.000000	C5	72	80	
1083	143.821615	D5	74	69	1088	187.250000	D5	74	80	
1084	144.007812	Eb5	75	74	1089	187.500000	Eb5	75	80	
1085	144.197917	Bb4	70	68	1090	187.750000	Bb4	70	80	
1086	144.386719	F3	53	64	1093	188.000000	F3	53	80	
1087	144.386719	A4	69	73	1092	188.000000	A4	69	80	
1088	144.569010	G4	67	77	1094	188.250000	G4	67	80	
1089	144.756510	F4	65	78	1095	188.500000	F4	65	80	
1090	144.944010	Eb4	63	68	1096	188.750000	Eb4	63	80	
1091	145.123698	D4	62	70	1097	189.000000	D4	62	80	
1092	145.300781	C4	60	68	1098	189.250000	C4	60	80	
1093	145.484375	Bb3	58	68	1099	189.500000	Bb3	58	80	
1094	145.656250	A3	57	64	1100	189.750000	A3	57	80	
1095	145.861979	G3	55	58	*	-1	*	-1	-1	
1096	145.868490	D5	74	66	1102	190.000000	D5	74	80	
1097	145.886719	F4	65	57	1103	190.000000	F4	65	80	
1098	145.888021	Bb4	70	66	1101	190.000000	Bb4	70	80	
1099	146.044271	Bb3	58	60	1104	190.000000	Bb3	58	80	
1100	146.231771	D3	50	68	1105	190.250000	D3	50	80	
1101	146.231771	A4	69	73	1106	190.500000	A4	69	80	
1102	146.231771	C5	72	77	1107	190.500000	C5	72	80	
1103	146.372396	Eb3	51	67	1108	190.500000	Eb3	51	80	
1104	146.502604	F3	53	57	1109	190.750000	F3	53	80	
1105	146.628906	D5	74	73	1110	191.000000	D5	74	80	
1106	146.631510	Eb3	51	68	1112	191.000000	Eb3	51	80	
1107	146.651042	Bb4	70	66	1111	191.000000	Bb4	70	80	
1108	146.808594	D3	50	59	1113	191.250000	D3	50	80	
1109	146.983073	G#4	68	74	1114	191.500000	G#4	68	80	
1110	146.989583	C3	48	63	1115	191.500000	C3	48	80	
1111	147.138021	Bb2	46	61	1116	191.750000	Bb2	46	80	
1112	147.355469	Eb3	51	69	1117	192.000000	Eb3	51	80	
1113	147.520833	F4	65	70	1118	192.250000	F4	65	80	
1114	147.722656	D3	50	65	1120	192.500000	D3	50	80	
1115	147.722656	G4	67	79	1119	192.500000	G4	67	80	
1116	147.915365	G#4	68	74	1121	192.750000	G#4	68	80	
1117	148.108073	C5	72	70	1122	193.000000	C5	72	80	
1118	148.127604	G4	67	70	1123	193.000000	G4	67	80	
1119	148.131510	Eb3	51	59	1124	193.000000	Eb3	51	80	
1120	148.303385	F4	65	60	1125	193.250000	F4	65	80	
1121	148.498698	Eb4	63	56	1126	193.500000	Eb4	63	80	
1122	148.665365	D4	62	64	1127	193.750000	D4	62	80	
1123	148.856771	Eb4	63	68	1128	194.000000	Eb4	63	80	
1124	149.045573	D4	62	55	1129	194.250000	D4	62	80	
1125	149.220052	C4	60	61	1131	194.500000	C4	60	80	
1126	149.227865	D5	74	67	1130	194.500000	D5	74	80	
1127	149.408854	Eb5	75	76	1132	194.750000	Eb5	75	80	
1128	149.417969	Bb3	58	71	1133	194.750000	Bb3	58	80	
1129	149.619792	Bb4	70	80	1134	195.000000	Bb4	70	80	
1130	149.635417	C4	60	64	1135	195.000000	C4	60	80	
1131	149.648438	F4	65	60	1136	195.000000	F4	65	80	
1132	149.808594	Eb3	51	63	1139	195.250000	Eb3	51	80	
1133	150.013021	F3	53	72	1140	195.500000	F3	53	80	
1134	150.016927	A4	69	81	1138	195.250000	A4	69	80	
1135	150.187500	G3	55	60	1141	195.750000	G3	55	80	
1136	150.389323	F3	53	63	1143	196.000000	F3	53	80	
1137	150.580729	Eb3	51	62	1144	196.250000	Eb3	51	80	
1138	150.766927	D3	50	65	1145	196.500000	D3	50	80	
1139	150.958333	C3	48	60	1146	196.750000	C3	48	80	
1140	151.148438	Bb4	70	63	1147	197.000000	Bb4	70	80	
1141	151.160156	F4	65	52	*	-1	*	-1	-1	
1142	151.167969	D3	50	50	1149	197.000000	D3	50	80	
1143	151.175781	Bb3	58	49	1148	197.000000	Bb3	58	80	
1144	151.332031	C3	48	55	1150	197.250000	C3	48	80	
1145	151.513021	Bb2	46	59	1151	197.500000	Bb2	46	80	
1146	151.699219	A2	45	57	1152	197.750000	A2	45	80	
1147	151.923177	G2	43	60	1153	198.000000	G2	43	80	
1148	152.085938	A4	69	59	1154	198.250000	A4	69	80	
1149	152.287760	Bb4	70	68	1155	198.500000	Bb4	70	80	
1150	152.294271	D3	50	54	1156	198.500000	D3	50	80	
1151	152.462240	C5	72	72	1157	198.750000	C5	72	80	
1152	152.652344	G3	55	59	1159	199.000000	G3	55	80	
1153	152.658854	Bb4	70	74	1158	199.000000	Bb4	70	80	
1154	152.856771	A4	69	75	1160	199.250000	A4	69	80	
1155	153.055990	A2	45	62	1162	199.500000	A2	45	80	
1156	153.055990	G4	67	72	1161	199.500000	G4	67	80	
1157	153.231771	F4	65	70	1163	199.750000	F4	65	80	
1158	153.433594	G4	67	72	1164	200.000000	G4	67	80	
1159	153.442708	Bb2	46	57	1165	200.000000	Bb2	46	80	
1160	153.617188	F4	65	67	1166	200.250000	F4	65	80	
1161	153.817708	E4	64	65	1167	200.500000	E4	64	80	
1162	154.000000	D4	62	66	1168	200.750000	D4	62	80	
1163	154.201823	E4	64	68	1169	201.000000	E4	64	80	
1164	154.394531	D4	62	55	1170	201.250000	D4	62	80	
1165	154.569010	C4	60	55	1171	201.500000	C4	60	80	
1166	154.768229	Bb3	58	57	1172	201.750000	Bb3	58	80	
1167	154.964844	C4	60	54	1173	202.000000	C4	60	80	
1168	155.145833	Bb3	58	52	1174	202.250000	Bb3	58	80	
1169	155.337240	A3	57	56	1175	202.500000	A3	57	80	
1170	155.523438	G3	55	61	1176	202.750000	G3	55	80	
1171	155.738281	F4	65	64	1177	203.000000	F4	65	80	
1172	155.743490	A3	57	52	1178	203.000000	A3	57	80	
1173	155.748698	C4	60	48	*	-1	*	-1	-1	
1174	155.759115	A2	45	48	1179	203.000000	A2	45	80	
1175	155.945312	E3	52	55	1180	203.250000	E3	52	80	
1176	156.135417	F3	53	64	1181	203.500000	F3	53	80	
1177	156.307292	G3	55	70	1182	203.750000	G3	55	80	
1178	156.503906	F3	53	70	1183	204.000000	F3	53	80	
1179	156.694010	E3	52	74	1184	204.250000	E3	52	80	
1180	156.895833	D3	50	77	1185	204.500000	D3	50	80	
1181	157.067708	C3	48	75	1186	204.750000	C3	48	80	
1182	157.273438	D3	50	62	1188	205.000000	D3	50	80	
1183	157.285156	Bb3	58	70	1187	205.000000	Bb3	58	80	
1184	157.451823	C3	48	56	1189	205.250000	C3	48	80	
1185	157.641927	Bb2	46	68	1191	205.500000	Bb2	46	80	
1186	157.651042	F4	65	77	1190	205.500000	F4	65	80	
1187	157.829427	A2	45	62	1192	205.750000	A2	45	80	
1188	158.033854	G4	67	82	1193	206.000000	G4	67	80	
1189	158.039062	Bb2	46	71	1194	206.000000	Bb2	46	80	
1190	158.235677	A2	45	61	1195	206.250000	A2	45	80	
1191	158.404948	A4	69	77	1196	206.500000	A4	69	80	
1192	158.421875	G2	43	65	1197	206.500000	G2	43	80	
1193	158.601562	Bb4	70	79	1198	206.750000	Bb4	70	80	
1194	158.611979	F2	41	67	1199	206.750000	F2	41	80	
1195	158.817708	E4	64	64	1200	207.000000	E4	64	80	
1196	158.821615	G2	43	63	1201	207.000000	G2	43	80	
1197	159.011719	F2	41	63	1202	207.250000	F2	41	80	
1198	159.196615	F4	65	76	1203	207.500000	F4	65	80	
1199	159.220052	E2	40	65	1204	207.500000	E2	40	80	
1200	159.414062	D2	38	62	1205	207.750000	D2	38	80	
1201	159.626302	G4	67	78	1206	208.000000	G4	67	80	
1202	159.636719	C3	48	54	1207	208.000000	C3	48	80	
1203	159.638021	E2	40	55	1208	208.000000	E2	40	80	
1204	159.826823	Bb3	58	59	1209	208.250000	Bb3	58	80	
1205	160.045573	C2	36	55	1211	208.500000	C2	36	80	
1206	160.052083	A3	57	61	1210	208.500000	A3	57	80	
1207	160.240885	G3	55	66	1212	208.750000	G3	55	80	
1208	160.442708	A3	57	71	1213	209.000000	A3	57	80	
1209	160.453125	F2	41	59	1214	209.000000	F2	41	80	
1210	160.623698	C4	60	72	1215	209.250000	C4	60	80	
1211	160.833333	D4	62	77	1216	209.500000	D4	62	80	
1212	160.842448	E2	40	64	1217	209.500000	E2	40	80	
1213	161.032552	E4	64	74	1218	209.750000	E4	64	80	
1214	161.246094	F4	65	79	1219	210.000000	F4	65	80	
1215	161.257812	D2	38	57	1220	210.000000	D2	38	80	
1216	161.429688	A3	57	59	1221	210.250000	A3	57	80	
1217	161.632812	C3	48	53	1223	210.500000	C3	48	80	
1218	161.634115	Bb3	58	61	1222	210.500000	Bb3	58	80	
1219	161.834635	C4	60	59	1224	210.750000	C4	60	80	
1220	162.048177	Bb2	46	57	1226	211.000000	Bb2	46	80	
1221	162.050781	D4	62	61	1225	211.000000	D4	62	80	
1222	162.238281	C4	60	57	1227	211.250000	C4	60	80	
1223	162.438802	G2	43	53	1229	211.500000	G2	43	80	
1224	162.445312	Bb3	58	63	1228	211.500000	Bb3	58	80	
1225	162.658854	A3	57	57	1230	211.750000	A3	57	80	
1226	162.891927	C3	48	48	1232	212.000000	C3	48	80	
1227	162.894531	G3	55	58	1231	212.000000	G3	55	80	
1228	163.105469	Bb3	58	64	1234	212.250000	Bb3	58	80	
1229	163.337240	C2	36	49	1236	212.500000	C2	36	80	
1230	163.342448	F4	65	71	1235	212.500000	F4	65	80	
1231	163.589844	E4	64	66	1237	212.750000	E4	64	80	
1232	163.854167	F4	65	74	1238	213.000000	F4	65	80	
1233	163.867188	F2	41	56	1240	213.000000	F2	41	80	
1234	163.886719	F3	53	55	1239	213.000000	F3	53	80	
1235	164.106771	Bb3	58	51	1241	213.250000	Bb3	58	80	
1236	164.317708	A3	57	56	1242	213.500000	A3	57	80	
1237	164.540365	G3	55	51	1243	213.750000	G3	55	80	
1238	164.799479	A3	57	59	1244	214.000000	A3	57	80	
1239	165.042969	G3	55	47	1245	214.250000	G3	55	80	
1240	165.346354	F3	53	52	1246	214.500000	F3	53	80	
1241	165.710938	E3	52	44	1247	214.750000	E3	52	80	
1242	166.157552	F3	53	47	1248	215.000000	F3	53	80	
*	-1	*	-1	-1	41	8.000000	F4	65	80	
*	-1	*	-1	-1	44	8.000000	F3	53	80	
*	-1	*	-1	-1	150	27.000000	C4	60	80	
*	-1	*	-1	-1	168	30.500000	A3	57	80	
*	-1	*	-1	-1	312	56.000000	C3	48	80	
*	-1	*	-1	-1	418	75.000000	G3	55	80	
*	-1	*	-1	-1	426	77.000000	G4	67	80	
*	-1	*	-1	-1	470	83.000000	C5	72	80	
*	-1	*	-1	-1	643	114.500000	D4	62	80	
*	-1	*	-1	-1	707	124.000000	F3	53	80	
*	-1	*	-1	-1	746	130.000000	A3	57	80	
*	-1	*	-1	-1	785	136.000000	C4	60	80	
*	-1	*	-1	-1	925	159.500000	E4	64	80	
*	-1	*	-1	-1	955	164.000000	E4	64	80	
*	-1	*	-1	-1	962	165.000000	F3	53	80	
*	-1	*	-1	-1	1021	176.000000	F4	65	80	
*	-1	*	-1	-1	1024	176.000000	F3	53	80	
*	-1	*	-1	-1	1091	188.000000	C5	72	80	
*	-1	*	-1	-1	1137	195.000000	Bb4	70	80	
*	-1	*	-1	-1	1142	196.000000	A4	69	80	
*	-1	*	-1	-1	1233	212.000000	C3	48	80	
