// alignID alignOntime alignSitch alignPitch alignOnvel refID refOntime refSitch refPitch refOnvel
0	0.500000	E4	64	88	0	0.500000	E4	64	80	
1	1.251042	C4	60	90	1	1.000000	C4	60	80	
2	2.011458	F4	65	91	2	1.500000	F4	65	80	
3	2.826042	G#3	56	93	3	2.000000	G#3	56	80	
4	4.952083	D4	62	85	4	3.250000	D4	62	80	
5	5.309375	B3	59	86	5	3.500000	B3	59	80	
6	5.687500	E4	64	85	6	3.750000	E4	64	80	
7	6.053125	C4	60	82	7	4.000000	C4	60	80	
8	6.416667	A3	57	79	8	4.250000	A3	57	80	
9	6.762500	A4	69	84	9	4.500000	A4	69	80	
10	6.766667	F#3	54	63	10	4.500000	F#3	54	80	
11	7.144792	Eb4	63	89	11	4.750000	Eb4	63	80	
12	7.492708	E3	52	62	13	5.000000	E3	52	80	
13	7.506250	G4	67	88	12	5.000000	G4	67	80	
14	7.892708	E4	64	81	14	5.250000	E4	64	80	
15	7.978125	D4	62	68	15	5.312500	D4	62	80	
16	8.052083	C4	60	71	16	5.375000	C4	60	80	
17	8.122917	B3	59	72	17	5.437500	B3	59	80	
18	8.212500	A3	57	65	19	5.500000	A3	57	80	
19	8.212500	C5	72	96	18	5.500000	C5	72	80	
20	8.588542	C4	60	79	20	5.750000	C4	60	80	
21	8.681250	B3	59	75	21	5.812500	B3	59	80	
22	8.741667	A3	57	66	22	5.875000	A3	57	80	
23	8.830208	G3	55	64	23	5.937500	G3	55	80	
24	8.935417	Eb4	63	90	24	6.000000	Eb4	63	80	
25	8.943750	F#3	54	71	25	6.000000	F#3	54	80	
26	9.016667	G3	55	73	26	6.062500	G3	55	80	
27	9.098958	A3	57	86	27	6.125000	A3	57	80	
28	9.525000	G3	55	64	28	6.312500	G3	55	80	
29	9.594792	F#3	54	67	29	6.375000	F#3	54	80	
30	9.660417	E3	52	67	30	6.437500	E3	52	80	
31	9.757292	Eb3	51	70	31	6.500000	Eb3	51	80	
32	9.829167	E3	52	71	32	6.562500	E3	52	80	
33	9.928125	F#3	54	74	33	6.625000	F#3	54	80	
34	10.273958	E3	52	54	34	6.812500	E3	52	80	
35	10.336458	Eb3	51	67	35	6.875000	Eb3	51	80	
36	10.402083	C#3	49	66	36	6.937500	C#3	49	80	
37	10.479167	B2	47	72	37	7.000000	B2	47	80	
38	10.830208	A4	69	86	38	7.250000	A4	69	80	
39	11.042708	C#3	49	55	39	7.375000	C#3	49	80	
40	11.121875	Eb3	51	56	40	7.437500	Eb3	51	80	
41	11.195833	F#4	66	82	41	7.500000	F#4	66	80	
42	11.203125	E3	52	63	*	-1	*	-1	-1	
43	11.289583	Eb3	51	55	42	7.500000	Eb3	51	80	
44	11.347917	E3	52	61	43	7.561458	E3	52	80	
45	11.423958	Eb3	51	62	44	7.623958	Eb3	51	80	
46	11.494792	E3	52	60	45	7.687500	E3	52	80	
47	11.550000	B4	71	87	47	7.750000	B4	71	80	
48	11.559375	Eb3	51	56	46	7.748958	Eb3	51	80	
49	11.627083	E3	52	52	48	7.811458	E3	52	80	
50	11.675000	Eb3	51	67	*	-1	*	-1	-1	
51	11.750000	C#3	49	69	49	7.875000	C#3	49	80	
52	11.825000	Eb3	51	67	50	7.937500	Eb3	51	80	
53	11.916667	G4	67	77	51	8.000000	G4	67	80	
54	11.922917	E3	52	56	52	8.000000	E3	52	80	
55	12.284375	E4	64	68	53	8.250000	E4	64	80	
56	12.386458	E3	52	66	54	8.312500	E3	52	80	
57	12.454167	F3	53	74	55	8.375000	F3	53	80	
58	12.530208	G3	55	61	56	8.437500	G3	55	80	
59	12.614583	A3	57	73	58	8.500000	A3	57	80	
60	12.638542	C#4	61	81	57	8.500000	C#4	61	80	
61	12.991667	A4	69	90	59	8.750000	A4	69	80	
62	13.115625	G3	55	61	60	8.812500	G3	55	80	
63	13.201042	F3	53	52	61	8.875000	F3	53	80	
64	13.267708	E3	52	54	62	8.937500	E3	52	80	
65	13.360417	D3	50	52	64	9.000000	D3	50	80	
66	13.364583	F4	65	71	63	9.000000	F4	65	80	
67	13.756250	D4	62	62	65	9.250000	D4	62	80	
68	13.853125	D3	50	51	66	9.312500	D3	50	80	
69	13.916667	E3	52	60	67	9.375000	E3	52	80	
70	13.997917	F3	53	51	68	9.437500	F3	53	80	
71	14.092708	G3	55	48	70	9.500000	G3	55	80	
72	14.098958	B3	59	69	69	9.500000	B3	59	80	
73	14.475000	G4	67	66	71	9.750000	G4	67	80	
74	14.584375	F3	53	60	72	9.812500	F3	53	80	
75	14.668750	E3	52	48	73	9.875000	E3	52	80	
76	14.728125	D3	50	58	74	9.937500	D3	50	80	
77	14.854167	C3	48	50	76	10.000000	C3	48	80	
78	14.859375	E4	64	61	75	10.000000	E4	64	80	
79	15.252083	A4	69	64	77	10.250000	A4	69	80	
80	15.436458	D3	50	48	78	10.375000	D3	50	80	
81	15.608333	E3	52	54	80	10.500000	E3	52	80	
82	15.644792	E5	76	84	79	10.500000	E5	76	80	
83	15.800000	F3	53	56	81	10.625000	F3	53	80	
84	15.946875	E3	52	52	82	10.687500	E3	52	80	
85	16.022917	G#4	68	62	83	10.750000	G#4	68	80	
86	16.033333	D3	50	54	84	10.750000	D3	50	80	
87	16.205208	E3	52	52	85	10.875000	E3	52	80	
88	16.414583	F3	53	50	88	11.000000	F3	53	80	
89	16.436458	C5	72	90	86	11.000000	C5	72	80	
90	16.438542	A3	57	48	87	11.000000	A3	57	80	
91	16.823958	A4	69	69	89	11.250000	A4	69	80	
92	16.909375	G4	67	59	90	11.312500	G4	67	80	
93	17.001042	F4	65	59	91	11.375000	F4	65	80	
94	17.092708	E4	64	59	92	11.437500	E4	64	80	
95	17.183333	D4	62	55	94	11.500000	D4	62	80	
96	17.205208	F5	77	89	93	11.500000	F5	77	80	
97	17.579167	F4	65	66	95	11.750000	F4	65	80	
98	17.678125	E4	64	72	96	11.812500	E4	64	80	
99	17.752083	D4	62	62	97	11.875000	D4	62	80	
100	17.830208	C4	60	61	98	11.937500	C4	60	80	
101	17.938542	G#4	68	94	99	12.000000	G#4	68	80	
102	17.954167	B3	59	85	100	12.000000	B3	59	80	
103	18.068750	C4	60	69	101	12.062500	C4	60	80	
104	18.166667	D4	62	64	102	12.125000	D4	62	80	
105	18.297917	F3	53	98	103	12.250000	F3	53	80	
106	18.412500	C4	60	67	104	12.312500	C4	60	80	
107	18.505208	B3	59	62	105	12.375000	B3	59	80	
108	18.596875	A3	57	60	106	12.437500	A3	57	80	
109	18.662500	B2	47	91	108	12.500000	B2	47	80	
110	18.677083	G#3	56	72	107	12.500000	G#3	56	80	
111	18.768750	A3	57	70	109	12.562500	A3	57	80	
112	18.887500	B3	59	77	110	12.625000	B3	59	80	
113	19.010417	D3	50	94	111	12.750000	D3	50	80	
114	19.133333	A3	57	66	112	12.812500	A3	57	80	
115	19.206250	G#3	56	76	113	12.875000	G#3	56	80	
116	19.278125	F#3	54	78	114	12.937500	F#3	54	80	
117	19.379167	G#2	44	86	116	13.000000	G#2	44	80	
118	19.384375	E3	52	80	115	13.000000	E3	52	80	
119	19.754167	B2	47	69	118	13.250000	B2	47	80	
120	19.755208	D5	74	90	117	13.250000	D5	74	80	
121	19.931250	F#3	54	65	119	13.375000	F#3	54	80	
122	20.028125	G#3	56	63	120	13.437500	G#3	56	80	
123	20.119792	E3	52	66	123	13.500000	E3	52	80	
124	20.129167	A3	57	66	124	13.561458	A3	57	80	
125	20.131250	B4	71	90	121	13.500000	B4	71	80	
126	20.239583	G#3	56	62	125	13.623958	G#3	56	80	
127	20.311458	A3	57	50	126	13.687500	A3	57	80	
128	20.380208	G#3	56	57	127	13.748958	G#3	56	80	
129	20.455208	A3	57	43	*	-1	*	-1	-1	
130	20.493750	E5	76	93	128	13.750000	E5	76	80	
131	20.533333	A3	57	36	129	13.811458	A3	57	80	
132	20.583333	G#3	56	48	*	-1	*	-1	-1	
133	20.637500	F#3	54	70	130	13.875000	F#3	54	80	
134	20.725000	G#3	56	84	131	13.937500	G#3	56	80	
135	20.840625	C5	72	89	132	14.000000	C5	72	80	
136	20.852083	A3	57	80	133	14.000000	A3	57	80	
137	20.857292	A2	45	76	134	14.000000	A2	45	80	
138	21.223958	A4	69	84	135	14.250000	A4	69	80	
139	21.396875	A3	57	60	136	14.312500	A3	57	80	
140	21.447917	B3	59	77	137	14.375000	B3	59	80	
141	21.503125	C4	60	71	138	14.437500	C4	60	80	
142	21.575000	F#4	66	81	139	14.500000	F#4	66	80	
143	21.580208	D4	62	80	140	14.500000	D4	62	80	
144	21.927083	F#3	54	66	142	14.750000	F#3	54	80	
145	21.929167	D5	74	85	141	14.750000	D5	74	80	
146	22.040625	C4	60	55	143	14.812500	C4	60	80	
147	22.141667	B3	59	47	144	14.875000	B3	59	80	
148	22.219792	A3	57	50	145	14.937500	A3	57	80	
149	22.295833	B4	71	72	146	15.000000	B4	71	80	
150	22.318750	G3	55	47	147	15.000000	G3	55	80	
151	22.685417	G4	67	63	149	15.250000	G4	67	80	
152	22.814583	G3	55	41	150	15.312500	G3	55	80	
153	22.882292	A3	57	45	151	15.375000	A3	57	80	
154	22.961458	B3	59	45	152	15.437500	B3	59	80	
155	23.039583	E4	64	63	153	15.500000	E4	64	80	
156	23.058333	C4	60	52	154	15.500000	C4	60	80	
157	23.402083	C5	72	74	155	15.750000	C5	72	80	
158	23.422917	E3	52	50	156	15.750000	E3	52	80	
159	23.473958	Bb3	58	46	157	15.812500	Bb3	58	80	
160	23.569792	A3	57	62	158	15.875000	A3	57	80	
161	23.657292	G3	55	53	159	15.937500	G3	55	80	
162	23.766667	F3	53	45	161	16.000000	F3	53	80	
163	23.788542	A4	69	62	160	16.000000	A4	69	80	
164	24.015625	F4	65	41	163	16.125000	F4	65	80	
165	24.165625	G3	55	52	165	16.250000	G3	55	80	
166	24.179167	B4	71	65	164	16.250000	B4	71	80	
167	24.361458	F4	65	55	166	16.375000	F4	65	80	
168	24.544792	C5	72	66	167	16.500000	C5	72	80	
169	24.546875	A3	57	57	168	16.500000	A3	57	80	
170	24.671875	E4	64	55	169	16.562500	E4	64	80	
171	24.752083	F4	65	60	170	16.625000	F4	65	80	
172	24.835417	G4	67	61	171	16.687500	G4	67	80	
173	24.890625	G3	55	76	173	16.750000	G3	55	80	
174	24.905208	A4	69	63	172	16.750000	A4	69	80	
175	25.018750	G4	67	55	174	16.812500	G4	67	80	
176	25.082292	F4	65	61	175	16.875000	F4	65	80	
177	25.161458	E4	64	58	176	16.937500	E4	64	80	
178	25.246875	D4	62	68	177	17.000000	D4	62	80	
179	25.257292	F3	53	58	178	17.000000	F3	53	80	
180	25.375000	C5	72	64	179	17.062500	C5	72	80	
181	25.440625	D5	74	58	180	17.125000	D5	74	80	
182	25.498958	E5	76	63	181	17.187500	E5	76	80	
183	25.588542	F5	77	70	182	17.250000	F5	77	80	
184	25.601042	D3	50	65	183	17.250000	D3	50	80	
185	25.700000	E5	76	73	184	17.312500	E5	76	80	
186	25.775000	D5	74	67	185	17.375000	D5	74	80	
187	25.836458	C5	72	63	186	17.437500	C5	72	80	
188	25.948958	G3	55	72	188	17.500000	G3	55	80	
189	25.957292	B4	71	73	187	17.500000	B4	71	80	
190	26.101042	D4	62	26	189	17.562500	D4	62	80	
191	26.150000	E4	64	58	190	17.625000	E4	64	80	
192	26.220833	F4	65	59	191	17.687500	F4	65	80	
193	26.303125	G4	67	62	192	17.750000	G4	67	80	
194	26.310417	F3	53	90	193	17.750000	F3	53	80	
195	26.405208	F4	65	59	194	17.812500	F4	65	80	
196	26.486458	E4	64	64	195	17.875000	E4	64	80	
197	26.562500	D4	62	65	196	17.937500	D4	62	80	
198	26.678125	E3	52	92	198	18.000000	E3	52	80	
199	26.684375	C4	60	85	197	18.000000	C4	60	80	
200	27.062500	G3	55	62	200	18.250000	G3	55	80	
201	27.083333	C6	84	76	199	18.250000	C6	84	80	
202	27.183333	B5	83	77	201	18.312500	B5	83	80	
203	27.253125	A5	81	82	202	18.375000	A5	81	80	
204	27.338542	G5	79	76	203	18.437500	G5	79	80	
205	27.421875	F5	77	72	204	18.500000	F5	77	80	
206	27.438542	A3	57	83	206	18.500000	A3	57	80	
207	27.450000	C4	60	87	205	18.500000	C4	60	80	
208	27.828125	A5	81	86	207	18.750000	A5	81	80	
209	27.832292	F4	65	70	208	18.750000	F4	65	80	
210	27.937500	G5	79	77	209	18.812500	G5	79	80	
211	28.019792	F5	77	76	210	18.875000	F5	77	80	
212	28.104167	E5	76	77	211	18.937500	E5	76	80	
213	28.201042	B2	47	94	213	19.000000	B2	47	80	
214	28.202083	D5	74	68	212	19.000000	D5	74	80	
215	28.300000	E5	76	82	214	19.062500	E5	76	80	
216	28.394792	F5	77	77	215	19.125000	F5	77	80	
217	28.581250	A4	69	68	216	19.250000	A4	69	80	
218	28.689583	E5	76	63	217	19.312500	E5	76	80	
219	28.777083	D5	74	63	218	19.375000	D5	74	80	
220	28.850000	C5	72	59	219	19.437500	C5	72	80	
221	28.929167	B4	71	62	220	19.500000	B4	71	80	
222	28.950000	D4	62	53	221	19.500000	D4	62	80	
223	29.020833	C5	72	66	222	19.562500	C5	72	80	
224	29.117708	D5	74	55	223	19.625000	D5	74	80	
225	29.289583	F4	65	57	224	19.750000	F4	65	80	
226	29.404167	C5	72	60	225	19.812500	C5	72	80	
227	29.485417	B4	71	61	226	19.875000	B4	71	80	
228	29.551042	A4	69	65	227	19.937500	A4	69	80	
229	29.646875	B3	59	61	229	20.000000	B3	59	80	
230	29.660417	G4	67	47	228	20.000000	G4	67	80	
231	30.015625	F3	53	80	231	20.250000	F3	53	80	
232	30.016667	D4	62	70	230	20.250000	D4	62	80	
233	30.254167	A4	69	62	232	20.375000	A4	69	80	
234	30.356250	B4	71	56	233	20.437500	B4	71	80	
235	30.400000	F4	65	22	235	20.500000	F4	65	80	
236	30.408333	D3	50	90	236	20.500000	D3	50	80	
237	30.418750	C5	72	68	237	20.561458	C5	72	80	
238	30.516667	B4	71	64	238	20.623958	B4	71	80	
239	30.608333	C5	72	64	239	20.687500	C5	72	80	
240	30.683333	B4	71	63	240	20.748958	B4	71	80	
241	30.731250	C5	72	73	243	20.811458	C5	72	80	
242	30.754167	G3	55	82	242	20.750000	G3	55	80	
243	30.756250	D4	62	72	241	20.750000	D4	62	80	
244	30.825000	B4	71	63	*	-1	*	-1	-1	
245	30.917708	A4	69	71	244	20.875000	A4	69	80	
246	31.020833	B4	71	64	245	20.937500	B4	71	80	
247	31.114583	E3	52	65	248	21.000000	E3	52	80	
248	31.129167	C5	72	56	246	21.000000	C5	72	80	
249	31.132292	G4	67	51	247	21.000000	G4	67	80	
250	31.489583	C4	60	68	249	21.250000	C4	60	80	
251	31.687500	E3	52	49	250	21.375000	E3	52	80	
252	31.745833	F#3	54	65	251	21.437500	F#3	54	80	
253	31.830208	G3	55	71	*	-1	*	-1	-1	
254	31.845833	A3	57	79	252	21.500000	A3	57	80	
255	31.930208	F#3	54	58	253	21.500000	F#3	54	80	
256	32.010417	G3	55	54	254	21.561458	G3	55	80	
257	32.062500	F#3	54	71	255	21.623958	F#3	54	80	
258	32.141667	G3	55	65	256	21.687500	G3	55	80	
259	32.173958	D4	62	86	258	21.750000	D4	62	80	
260	32.230208	F#3	54	40	257	21.748958	F#3	54	80	
261	32.267708	G3	55	58	259	21.811458	G3	55	80	
262	32.313542	F#3	54	74	*	-1	*	-1	-1	
263	32.394792	E3	52	64	260	21.875000	E3	52	80	
264	32.459375	F#3	54	62	261	21.937500	F#3	54	80	
265	32.536458	G3	55	85	263	22.000000	G3	55	80	
266	32.548958	B3	59	73	262	22.000000	B3	59	80	
267	32.894792	E3	52	75	265	22.250000	E3	52	80	
268	32.921875	G4	67	73	264	22.250000	G4	67	80	
269	33.162500	B3	59	58	266	22.375000	B3	59	80	
270	33.218750	C#4	61	68	267	22.437500	C#4	61	80	
271	33.281250	E4	64	79	268	22.500000	E4	64	80	
272	33.311458	D4	62	68	*	-1	*	-1	-1	
273	33.322917	A3	57	64	270	22.500000	A3	57	80	
274	33.408333	C#4	61	66	269	22.500000	C#4	61	80	
275	33.477083	D4	62	66	271	22.561458	D4	62	80	
276	33.539583	C#4	61	65	272	22.623958	C#4	61	80	
277	33.619792	D4	62	70	273	22.687500	D4	62	80	
278	33.628125	A4	69	91	275	22.750000	A4	69	80	
279	33.696875	C#4	61	44	274	22.748958	C#4	61	80	
280	33.753125	D4	62	29	276	22.811458	D4	62	80	
281	33.789583	C#4	61	70	*	-1	*	-1	-1	
282	33.860417	B3	59	66	277	22.875000	B3	59	80	
283	33.930208	C#4	61	74	278	22.937500	C#4	61	80	
284	33.984375	F#4	66	75	279	23.000000	F#4	66	80	
285	33.998958	D4	62	58	280	23.000000	D4	62	80	
286	34.330208	D3	50	88	281	23.250000	D3	50	80	
287	34.550000	F#4	66	58	282	23.375000	F#4	66	80	
288	34.644792	G#4	68	51	283	23.437500	G#4	68	80	
289	34.707292	B2	47	85	285	23.500000	B2	47	80	
290	34.716667	A4	69	66	*	-1	*	-1	-1	
291	34.809375	G#4	68	69	284	23.500000	G#4	68	80	
292	34.897917	A4	69	61	286	23.561458	A4	69	80	
293	34.980208	G#4	68	67	287	23.623958	G#4	68	80	
294	35.036458	A4	69	68	288	23.687500	A4	69	80	
295	35.059375	E3	52	74	290	23.750000	E3	52	80	
296	35.111458	G#4	68	64	289	23.748958	G#4	68	80	
297	35.231250	F#4	66	56	292	23.875000	F#4	66	80	
298	35.337500	G#4	68	67	293	23.937500	G#4	68	80	
299	35.423958	C3	48	68	295	24.000000	C3	48	80	
300	35.425000	A4	69	76	294	24.000000	A4	69	80	
301	35.633333	B4	71	70	296	24.125000	B4	71	80	
302	35.707292	C5	72	73	297	24.187500	C5	72	80	
303	35.762500	A2	45	82	299	24.250000	A2	45	80	
304	35.789583	D5	74	77	298	24.250000	D5	74	80	
305	35.875000	E5	76	75	300	24.312500	E5	76	80	
306	35.940625	F#5	78	79	301	24.375000	F#5	78	80	
307	36.029167	G#5	80	74	302	24.437500	G#5	80	80	
308	36.127083	F#2	42	80	304	24.500000	F#2	42	80	
309	36.134375	A5	81	87	303	24.500000	A5	81	80	
310	36.383333	C5	72	48	305	24.625000	C5	72	80	
311	36.496875	Eb3	51	80	307	24.750000	Eb3	51	80	
312	36.537500	B4	71	41	306	24.750000	B4	71	80	
313	36.697917	F#5	78	76	308	24.875000	F#5	78	80	
314	36.872917	E2	40	67	310	25.000000	E2	40	80	
315	36.883333	G5	79	88	309	25.000000	G5	79	80	
316	37.103125	B4	71	60	311	25.125000	B4	71	80	
317	37.266667	E5	76	65	312	25.250000	E5	76	80	
318	37.346875	D5	74	66	313	25.312500	D5	74	80	
319	37.420833	C5	72	59	314	25.375000	C5	72	80	
320	37.495833	B4	71	62	315	25.437500	B4	71	80	
321	37.600000	A4	69	58	317	25.500000	A4	69	80	
322	37.620833	C6	84	88	316	25.500000	C6	84	80	
323	38.005208	C5	72	69	318	25.750000	C5	72	80	
324	38.094792	B4	71	68	319	25.812500	B4	71	80	
325	38.170833	A4	69	69	320	25.875000	A4	69	80	
326	38.245833	G4	67	59	321	25.937500	G4	67	80	
327	38.344792	Eb5	75	88	322	26.000000	Eb5	75	80	
328	38.354167	F#4	66	71	323	26.000000	F#4	66	80	
329	38.486458	G4	67	60	324	26.062500	G4	67	80	
330	38.563542	A4	69	66	325	26.125000	A4	69	80	
331	38.683333	C4	60	95	326	26.250000	C4	60	80	
332	38.737500	G4	67	54	327	26.312500	G4	67	80	
333	38.851042	F#4	66	67	328	26.375000	F#4	66	80	
334	38.939583	E4	64	66	329	26.437500	E4	64	80	
335	39.034375	Eb4	63	61	330	26.500000	Eb4	63	80	
336	39.060417	F#3	54	86	331	26.500000	F#3	54	80	
337	39.123958	E4	64	61	332	26.562500	E4	64	80	
338	39.227083	F#4	66	55	333	26.625000	F#4	66	80	
339	39.415625	A3	57	87	334	26.750000	A3	57	80	
340	39.523958	E4	64	62	335	26.812500	E4	64	80	
341	39.604167	Eb4	63	58	336	26.875000	Eb4	63	80	
342	39.657292	C#4	61	68	337	26.937500	C#4	61	80	
343	39.781250	B3	59	80	338	27.000000	B3	59	80	
344	39.785417	Eb3	51	55	339	27.000000	Eb3	51	80	
345	39.802083	D3	50	69	*	-1	*	-1	-1	
346	40.141667	F#3	54	67	341	27.250000	F#3	54	80	
347	40.150000	A5	81	90	340	27.250000	A5	81	80	
348	40.311458	C#4	61	60	342	27.375000	C#4	61	80	
349	40.410417	Eb4	63	66	343	27.437500	Eb4	63	80	
350	40.515625	E4	64	73	*	-1	*	-1	-1	
351	40.521875	F#5	78	81	344	27.500000	F#5	78	80	
352	40.526042	B3	59	68	346	27.500000	B3	59	80	
353	40.618750	Eb4	63	66	345	27.500000	Eb4	63	80	
354	40.687500	E4	64	68	347	27.561458	E4	64	80	
355	40.745833	Eb4	63	72	348	27.623958	Eb4	63	80	
356	40.846875	E4	64	56	349	27.687500	E4	64	80	
357	40.881250	B5	83	91	351	27.750000	B5	83	80	
358	40.907292	Eb4	63	46	350	27.748958	Eb4	63	80	
359	40.991667	C#4	61	58	353	27.875000	C#4	61	80	
360	41.110417	Eb4	63	84	354	27.937500	Eb4	63	80	
361	41.242708	G5	79	80	355	28.000000	G5	79	80	
362	41.252083	E4	64	80	356	28.000000	E4	64	80	
363	41.253125	E3	52	79	357	28.000000	E3	52	80	
364	41.640625	E5	76	80	358	28.250000	E5	76	80	
365	41.784375	E2	40	61	359	28.312500	E2	40	80	
366	41.850000	F2	41	76	360	28.375000	F2	41	80	
367	41.904167	G2	43	80	361	28.437500	G2	43	80	
368	41.973958	C#5	73	74	362	28.500000	C#5	73	80	
369	41.977083	A2	45	88	363	28.500000	A2	45	80	
370	42.340625	A5	81	92	364	28.750000	A5	81	80	
371	42.486458	G2	43	70	365	28.812500	G2	43	80	
372	42.564583	F2	41	72	366	28.875000	F2	41	80	
373	42.631250	E2	40	70	367	28.937500	E2	40	80	
374	42.702083	D2	38	89	369	29.000000	D2	38	80	
375	42.718750	F5	77	74	368	29.000000	F5	77	80	
376	43.082292	D4	62	65	370	29.250000	D4	62	80	
377	43.222917	D5	74	43	371	29.312500	D5	74	80	
378	43.301042	E5	76	43	372	29.375000	E5	76	80	
379	43.346875	F5	77	58	373	29.437500	F5	77	80	
380	43.441667	B3	59	56	375	29.500000	B3	59	80	
381	43.459375	G5	79	52	374	29.500000	G5	79	80	
382	43.804167	G4	67	44	376	29.750000	G4	67	80	
383	43.910417	F5	77	60	377	29.812500	F5	77	80	
384	43.983333	E5	76	61	378	29.875000	E5	76	80	
385	44.057292	D5	74	53	379	29.937500	D5	74	80	
386	44.161458	C5	72	48	380	30.000000	C5	72	80	
387	44.167708	E4	64	44	381	30.000000	E4	64	80	
388	44.515625	A3	57	76	382	30.250000	A3	57	80	
389	44.648958	E5	76	49	383	30.312500	E5	76	80	
390	44.768750	F5	77	55	384	30.375000	F5	77	80	
391	44.879167	G5	79	54	385	30.437500	G5	79	80	
392	44.883333	F3	53	74	387	30.500000	F3	53	80	
393	44.959375	A5	81	63	386	30.500000	A5	81	80	
394	45.077083	Bb5	82	60	388	30.562500	Bb5	82	80	
395	45.160417	A5	81	63	389	30.625000	A5	81	80	
396	45.228125	G5	79	64	390	30.687500	G5	79	80	
397	45.250000	D4	62	72	392	30.750000	D4	62	80	
398	45.302083	F5	77	65	391	30.750000	F5	77	80	
399	45.383333	E5	76	62	393	30.812500	E5	76	80	
400	45.453125	D5	74	72	394	30.875000	D5	74	80	
401	45.520833	C5	72	66	395	30.937500	C5	72	80	
402	45.589583	G#3	56	70	397	31.000000	G#3	56	80	
403	45.613542	B4	71	62	396	31.000000	B4	71	80	
404	45.685417	C5	72	76	398	31.062500	C5	72	80	
405	45.781250	B4	71	70	399	31.125000	B4	71	80	
406	45.864583	A4	69	72	400	31.187500	A4	69	80	
407	45.916667	E3	52	85	402	31.250000	E3	52	80	
408	45.951042	G#4	68	76	401	31.250000	G#4	68	80	
409	46.034375	F#4	66	76	403	31.312500	F#4	66	80	
410	46.123958	E4	64	64	404	31.375000	E4	64	80	
411	46.186458	D4	62	68	405	31.437500	D4	62	80	
412	46.270833	C4	60	76	406	31.500000	C4	60	80	
413	46.275000	A3	57	75	407	31.500000	A3	57	80	
414	46.412500	E4	64	61	408	31.562500	E4	64	80	
415	46.507292	F4	65	63	409	31.625000	F4	65	80	
416	46.595833	G4	67	67	410	31.687500	G4	67	80	
417	46.654167	A4	69	81	412	31.750000	A4	69	80	
418	46.663542	C5	72	79	411	31.750000	C5	72	80	
419	46.752083	G4	67	71	413	31.812500	G4	67	80	
420	46.820833	F4	65	65	414	31.875000	F4	65	80	
421	46.894792	E4	64	71	415	31.937500	E4	64	80	
422	47.009375	D4	62	73	417	32.000000	D4	62	80	
423	47.012500	B4	71	84	416	32.000000	B4	71	80	
424	47.138542	A3	57	63	418	32.062500	A3	57	80	
425	47.217708	B3	59	66	419	32.125000	B3	59	80	
426	47.290625	C4	60	61	420	32.187500	C4	60	80	
427	47.378125	D4	62	68	422	32.250000	D4	62	80	
428	47.388542	F4	65	71	421	32.250000	F4	65	80	
429	47.483333	C4	60	66	423	32.312500	C4	60	80	
430	47.551042	B3	59	65	424	32.375000	B3	59	80	
431	47.621875	A3	57	70	425	32.437500	A3	57	80	
432	47.732292	G#3	56	70	427	32.500000	G#3	56	80	
433	47.738542	B3	59	92	426	32.500000	B3	59	80	
434	47.859375	A3	57	72	428	32.562500	A3	57	80	
435	47.933333	G#3	56	75	429	32.625000	G#3	56	80	
436	48.020833	F#3	54	80	430	32.687500	F#3	54	80	
437	48.103125	D4	62	70	431	32.750000	D4	62	80	
438	48.113542	E3	52	79	432	32.750000	E3	52	80	
439	48.227083	D3	50	77	433	32.812500	D3	50	80	
440	48.311458	C3	48	75	434	32.875000	C3	48	80	
441	48.387500	B2	47	69	435	32.937500	B2	47	80	
442	48.487500	A2	45	66	437	33.000000	A2	45	80	
443	48.493750	C4	60	98	436	33.000000	C4	60	80	
444	48.764583	E4	64	69	438	33.125000	E4	64	80	
445	48.914583	A4	69	79	439	33.250000	A4	69	80	
446	48.948958	A3	57	70	440	33.250000	A3	57	80	
447	49.036458	G3	55	71	441	33.312500	G3	55	80	
448	49.113542	F3	53	75	442	33.375000	F3	53	80	
449	49.168750	E3	52	65	443	33.437500	E3	52	80	
450	49.273958	D3	50	70	445	33.500000	D3	50	80	
451	49.282292	F4	65	88	444	33.500000	F4	65	80	
452	49.487500	A3	57	60	446	33.625000	A3	57	80	
453	49.668750	F3	53	76	448	33.750000	F3	53	80	
454	49.681250	D4	62	61	447	33.750000	D4	62	80	
455	49.756250	E3	52	78	449	33.812500	E3	52	80	
456	49.840625	D3	50	67	450	33.875000	D3	50	80	
457	49.905208	C3	48	62	451	33.937500	C3	48	80	
458	49.998958	B2	47	74	453	34.000000	B2	47	80	
459	50.040625	G#3	56	98	452	34.000000	G#3	56	80	
460	50.126042	C3	48	75	454	34.062500	C3	48	80	
461	50.226042	D3	50	84	455	34.125000	D3	50	80	
462	50.438542	F5	77	91	456	34.250000	F5	77	80	
463	50.546875	C3	48	68	457	34.312500	C3	48	80	
464	50.626042	B2	47	72	458	34.375000	B2	47	80	
465	50.705208	A2	45	69	459	34.437500	A2	45	80	
466	50.807292	B4	71	80	460	34.500000	B4	71	80	
467	50.817708	G#2	44	73	461	34.500000	G#2	44	80	
468	50.908333	A2	45	59	462	34.562500	A2	45	80	
469	50.996875	B2	47	75	463	34.625000	B2	47	80	
470	51.169792	D5	74	80	464	34.750000	D5	74	80	
471	51.303125	A2	45	73	465	34.812500	A2	45	80	
472	51.372917	G#2	44	65	466	34.875000	G#2	44	80	
473	51.445833	F#2	42	67	467	34.937500	F#2	42	80	
474	51.555208	E2	40	70	469	35.000000	E2	40	80	
475	51.555208	G#4	68	69	468	35.000000	G#4	68	80	
476	51.941667	D4	62	79	470	35.250000	D4	62	80	
477	52.115625	F#2	42	53	471	35.375000	F#2	42	80	
478	52.215625	G#2	44	51	472	35.437500	G#2	44	80	
479	52.311458	A2	45	60	*	-1	*	-1	-1	
480	52.322917	B3	59	84	474	35.500000	B3	59	80	
481	52.322917	B4	71	75	473	35.500000	B4	71	80	
482	52.417708	G#2	44	57	475	35.500000	G#2	44	80	
483	52.488542	A2	45	58	476	35.561458	A2	45	80	
484	52.587500	G#2	44	38	477	35.623958	G#2	44	80	
485	52.640625	A2	45	50	478	35.687500	A2	45	80	
486	52.681250	E4	64	75	480	35.750000	E4	64	80	
487	52.696875	G#2	44	27	479	35.748958	G#2	44	80	
488	52.745833	A2	45	46	481	35.811458	A2	45	80	
489	52.817708	G#2	44	51	*	-1	*	-1	-1	
490	52.892708	F#2	42	60	482	35.875000	F#2	42	80	
491	52.995833	G#2	44	40	483	35.937500	G#2	44	80	
492	53.090625	A2	45	48	485	36.000000	A2	45	80	
493	53.109375	C4	60	45	484	36.000000	C4	60	80	
494	53.517708	E5	76	57	486	36.250000	E5	76	80	
495	53.593750	D5	74	55	487	36.312500	D5	74	80	
496	53.668750	C5	72	66	488	36.375000	C5	72	80	
497	53.713542	B2	47	36	489	36.375000	B2	47	80	
498	53.758333	B4	71	65	490	36.437500	B4	71	80	
499	53.804167	C3	48	26	491	36.437500	C3	48	80	
500	53.857292	C#3	49	49	493	36.500000	C#3	49	80	
501	53.860417	A4	69	57	492	36.500000	A4	69	80	
502	53.919792	D3	50	54	494	36.561458	D3	50	80	
503	54.003125	C#3	49	63	495	36.623958	C#3	49	80	
504	54.071875	C#5	73	63	496	36.625000	C#5	73	80	
505	54.091667	D3	50	60	*	-1	*	-1	-1	
506	54.150000	C#3	49	65	*	-1	*	-1	-1	
507	54.156250	E5	76	69	497	36.687500	E5	76	80	
508	54.233333	D3	50	61	498	36.687500	D3	50	80	
509	54.252083	G5	79	69	500	36.750000	G5	79	80	
510	54.300000	C#3	49	55	499	36.748958	C#3	49	80	
511	54.375000	D3	50	37	501	36.811458	D3	50	80	
512	54.405208	C#3	49	65	*	-1	*	-1	-1	
513	54.479167	B2	47	57	502	36.875000	B2	47	80	
514	54.551042	C#3	49	62	503	36.937500	C#3	49	80	
515	54.635417	F5	77	53	504	37.000000	F5	77	80	
516	54.641667	D3	50	50	505	37.000000	D3	50	80	
517	55.010417	A4	69	68	506	37.250000	A4	69	80	
518	55.098958	G4	67	68	507	37.312500	G4	67	80	
519	55.177083	F4	65	75	508	37.375000	F4	65	80	
520	55.197917	E3	52	51	509	37.375000	E3	52	80	
521	55.267708	E4	64	74	510	37.437500	E4	64	80	
522	55.270833	F3	53	61	511	37.437500	F3	53	80	
523	55.329167	F#3	54	71	513	37.500000	F#3	54	80	
524	55.368750	D4	62	70	512	37.500000	D4	62	80	
525	55.394792	G3	55	67	514	37.561458	G3	55	80	
526	55.504167	F#3	54	60	*	-1	*	-1	-1	
527	55.561458	F#4	66	65	516	37.625000	F#4	66	80	
528	55.569792	G3	55	66	*	-1	*	-1	-1	
529	55.636458	F#3	54	72	515	37.623958	F#3	54	80	
530	55.636458	A4	69	75	517	37.687500	G4	67	80	
531	55.705208	G3	55	73	518	37.687500	G3	55	80	
532	55.730208	C5	72	76	520	37.750000	C5	72	80	
533	55.785417	F#3	54	60	519	37.748958	F#3	54	80	
534	55.844792	G3	55	55	521	37.811458	G3	55	80	
535	55.897917	F#3	54	82	*	-1	*	-1	-1	
536	55.987500	E3	52	69	522	37.875000	E3	52	80	
537	56.069792	F#3	54	49	523	37.937500	F#3	54	80	
538	56.118750	B4	71	68	524	38.000000	B4	71	80	
539	56.130208	G3	55	69	525	38.000000	G3	55	80	
540	56.360417	D5	74	56	526	38.125000	D5	74	80	
541	56.440625	C5	72	70	527	38.187500	C5	72	80	
542	56.537500	B4	71	65	528	38.250000	B4	71	80	
543	56.739583	A3	57	51	530	38.375000	A3	57	80	
544	56.740625	C5	72	61	529	38.375000	C5	72	80	
545	56.816667	B3	59	58	532	38.437500	B3	59	80	
546	56.818750	D5	74	60	531	38.437500	D5	74	80	
547	56.896875	C4	60	62	*	-1	*	-1	-1	
548	56.915625	G4	67	57	533	38.500000	G4	67	80	
549	56.983333	B3	59	65	534	38.500000	B3	59	80	
550	57.056250	C4	60	65	535	38.561458	C4	60	80	
551	57.130208	B3	59	63	536	38.623958	B3	59	80	
552	57.194792	C4	60	62	537	38.687500	C4	60	80	
553	57.239583	F5	77	68	539	38.750000	F5	77	80	
554	57.254167	B3	59	74	538	38.748958	B3	59	80	
555	57.323958	C4	60	59	540	38.811458	C4	60	80	
556	57.371875	B3	59	73	*	-1	*	-1	-1	
557	57.442708	A3	57	65	541	38.875000	A3	57	80	
558	57.527083	B3	59	72	542	38.937500	B3	59	80	
559	57.610417	E5	76	65	543	39.000000	E5	76	80	
560	57.616667	C4	60	65	544	39.000000	C4	60	80	
561	57.836458	G4	67	56	545	39.125000	G4	67	80	
562	57.912500	F4	65	69	546	39.187500	F4	65	80	
563	58.009375	E4	64	78	547	39.250000	E4	64	80	
564	58.211458	D4	62	67	549	39.375000	D4	62	80	
565	58.228125	F4	65	70	548	39.375000	F4	65	80	
566	58.275000	E4	64	65	551	39.437500	E4	64	80	
567	58.290625	G4	67	70	550	39.437500	G4	67	80	
568	58.389583	C4	60	70	552	39.500000	C4	60	80	
569	58.390625	F4	65	67	*	-1	*	-1	-1	
570	58.458333	E4	64	66	553	39.500000	E4	64	80	
571	58.554167	F4	65	65	554	39.561458	F4	65	80	
572	58.619792	E4	64	59	555	39.623958	E4	64	80	
573	58.680208	F4	65	59	556	39.687500	F4	65	80	
574	58.729167	Bb4	70	86	558	39.750000	Bb4	70	80	
575	58.735417	E4	64	76	557	39.748958	E4	64	80	
576	58.805208	F4	65	74	559	39.811458	F4	65	80	
577	58.888542	E4	64	72	*	-1	*	-1	-1	
578	58.918750	D4	62	70	560	39.875000	D4	62	80	
579	59.014583	E4	64	69	561	39.937500	E4	64	80	
580	59.111458	F4	65	74	563	40.000000	F4	65	80	
581	59.116667	A4	69	74	562	40.000000	A4	69	80	
582	59.354167	B4	71	70	564	40.125000	B4	71	80	
583	59.432292	C#5	73	79	565	40.187500	C#5	73	80	
584	59.526042	D5	74	81	566	40.250000	D5	74	80	
585	59.707292	G4	67	60	567	40.375000	G4	67	80	
586	59.784375	A4	69	78	568	40.437500	A4	69	80	
587	59.902083	Bb4	70	76	*	-1	*	-1	-1	
588	59.908333	A5	81	99	569	40.500000	A5	81	80	
589	60.011458	A4	69	66	570	40.500000	A4	69	80	
590	60.092708	Bb4	70	71	571	40.561458	B4	71	80	
591	60.177083	A4	69	66	572	40.623958	A4	69	80	
592	60.260417	Bb4	70	59	573	40.687500	B4	71	80	
593	60.279167	C#5	73	70	575	40.750000	C#5	73	80	
594	60.369792	A4	69	59	574	40.748958	A4	69	80	
595	60.466667	G4	67	77	577	40.875000	G4	67	80	
596	60.551042	A4	69	83	578	40.937500	A4	69	80	
597	60.642708	Bb4	70	82	581	41.000000	Bb4	70	80	
598	60.651042	F5	77	92	579	41.000000	F5	77	80	
599	60.658333	D5	74	75	580	41.000000	D5	74	80	
600	60.878125	Bb3	58	71	582	41.125000	Bb3	58	80	
601	60.952083	C4	60	74	583	41.187500	C4	60	80	
602	61.044792	D4	62	77	584	41.250000	D4	62	80	
603	61.117708	C4	60	75	585	41.312500	C4	60	80	
604	61.194792	Bb3	58	80	586	41.375000	Bb3	58	80	
605	61.289583	A3	57	77	587	41.437500	A3	57	80	
606	61.384375	G3	55	75	589	41.500000	G3	55	80	
607	61.416667	Bb5	82	99	588	41.500000	Bb5	82	80	
608	61.473958	F3	53	68	590	41.562500	F3	53	80	
609	61.582292	G3	55	73	591	41.625000	G3	55	80	
610	61.682292	A3	57	73	592	41.687500	A3	57	80	
611	61.775000	Bb3	58	80	593	41.750000	Bb3	58	80	
612	61.878125	A3	57	77	594	41.812500	A3	57	80	
613	61.960417	G3	55	71	595	41.875000	G3	55	80	
614	62.036458	F3	53	73	596	41.937500	F3	53	80	
615	62.151042	E3	52	68	598	42.000000	E3	52	80	
616	62.163542	C#5	73	93	597	42.000000	C#5	73	80	
617	62.261458	F3	53	74	599	42.062500	F3	53	80	
618	62.368750	G3	55	78	600	42.125000	G3	55	80	
619	62.552083	Bb4	70	83	601	42.250000	Bb4	70	80	
620	62.656250	F3	53	72	602	42.312500	F3	53	80	
621	62.745833	E3	52	71	603	42.375000	E3	52	80	
622	62.825000	D3	50	73	604	42.437500	D3	50	80	
623	62.922917	E4	64	78	605	42.500000	E4	64	80	
624	62.930208	C#3	49	81	606	42.500000	C#3	49	80	
625	63.028125	D3	50	71	607	42.562500	D3	50	80	
626	63.108333	E3	52	79	608	42.625000	E3	52	80	
627	63.309375	G4	67	82	609	42.750000	G4	67	80	
628	63.434375	D3	50	71	610	42.812500	D3	50	80	
629	63.500000	C#3	49	70	611	42.875000	C#3	49	80	
630	63.570833	B2	47	70	612	42.937500	B2	47	80	
631	63.691667	A2	45	65	614	43.000000	A2	45	80	
632	63.696875	C#4	61	71	613	43.000000	C#4	61	80	
633	64.085417	G5	79	82	615	43.250000	G5	79	80	
634	64.102083	E5	76	61	616	43.250000	E5	76	80	
635	64.286458	B2	47	53	617	43.375000	B2	47	80	
636	64.380208	C#3	49	62	618	43.437500	C#3	49	80	
637	64.485417	A4	69	66	620	43.500000	A4	69	80	
638	64.486458	E5	76	72	619	43.500000	E5	76	80	
639	64.490625	D3	50	62	622	43.561458	D3	50	80	
640	64.595833	C#3	49	60	623	43.623958	C#3	49	80	
641	64.667708	D3	50	63	624	43.687500	D3	50	80	
642	64.745833	C#3	49	65	625	43.748958	C#3	49	80	
643	64.832292	D3	50	53	627	43.811458	D3	50	80	
644	64.854167	A5	81	85	626	43.750000	A5	81	80	
645	64.960417	C#3	49	74	*	-1	*	-1	-1	
646	65.058333	B2	47	54	628	43.875000	B2	47	80	
647	65.158333	C#3	49	60	629	43.937500	C#3	49	80	
648	65.210417	F5	77	75	630	44.000000	F5	77	80	
649	65.221875	D3	50	68	631	44.000000	D3	50	80	
650	65.307292	E3	52	77	632	44.062500	E3	52	80	
651	65.411458	F3	53	71	633	44.125000	F3	53	80	
652	65.569792	A4	69	71	635	44.250000	A4	69	80	
653	65.569792	D5	74	66	634	44.250000	D5	74	80	
654	65.685417	E3	52	69	636	44.312500	E3	52	80	
655	65.760417	D3	50	64	637	44.375000	D3	50	80	
656	65.830208	C3	48	63	638	44.437500	C3	48	80	
657	65.937500	B2	47	62	640	44.500000	B2	47	80	
658	65.944792	D4	62	71	639	44.500000	D4	62	80	
659	66.022917	C3	48	63	641	44.562500	C3	48	80	
660	66.145833	D3	50	56	642	44.625000	D3	50	80	
661	66.326042	F4	65	64	643	44.750000	F4	65	80	
662	66.450000	C3	48	64	644	44.812500	C3	48	80	
663	66.529167	B2	47	52	645	44.875000	B2	47	80	
664	66.593750	A2	45	53	646	44.937500	A2	45	80	
665	66.704167	G2	43	44	648	45.000000	G2	43	80	
666	66.708333	B3	59	61	647	45.000000	B3	59	80	
667	67.086458	F5	77	74	649	45.250000	F5	77	80	
668	67.089583	D5	74	69	650	45.250000	D5	74	80	
669	67.292708	A2	45	52	651	45.375000	A2	45	80	
670	67.366667	B2	47	68	652	45.437500	B2	47	80	
671	67.472917	C3	48	64	*	-1	*	-1	-1	
672	67.477083	G4	67	66	654	45.500000	G4	67	80	
673	67.481250	D5	74	68	653	45.500000	D5	74	80	
674	67.565625	B2	47	63	655	45.500000	B2	47	80	
675	67.625000	C3	48	65	656	45.561458	C3	48	80	
676	67.703125	B2	47	65	657	45.623958	B2	47	80	
677	67.772917	C3	48	67	658	45.687500	C3	48	80	
678	67.851042	G5	79	89	660	45.750000	G5	79	80	
679	67.863542	B2	47	41	659	45.748958	B2	47	80	
680	67.903125	C3	48	60	661	45.811458	C3	48	80	
681	67.961458	B2	47	62	*	-1	*	-1	-1	
682	68.022917	A2	45	56	662	45.875000	A2	45	80	
683	68.128125	B2	47	59	663	45.937500	B2	47	80	
684	68.247917	C3	48	46	665	46.000000	C3	48	80	
685	68.251042	E5	76	67	664	46.000000	E5	76	80	
686	68.632292	C5	72	61	666	46.250000	C5	72	80	
687	68.766667	C4	60	47	667	46.312500	C4	60	80	
688	68.840625	D4	62	50	668	46.375000	D4	62	80	
689	68.904167	E4	64	53	669	46.437500	E4	64	80	
690	69.005208	A4	69	55	670	46.500000	A4	69	80	
691	69.011458	F4	65	48	671	46.500000	F4	65	80	
692	69.395833	F5	77	64	672	46.750000	F5	77	80	
693	69.502083	E4	64	58	673	46.812500	E4	64	80	
694	69.584375	D4	62	51	674	46.875000	D4	62	80	
695	69.669792	C4	60	52	675	46.937500	C4	60	80	
696	69.766667	D5	74	58	676	47.000000	D5	74	80	
697	69.773958	B3	59	46	677	47.000000	B3	59	80	
698	70.154167	D4	62	70	679	47.250000	D4	62	80	
699	70.157292	B4	71	74	678	47.250000	B4	71	80	
700	70.246875	B2	47	75	680	47.312500	B2	47	80	
701	70.337500	C3	48	81	681	47.375000	C3	48	80	
702	70.401042	D3	50	82	682	47.437500	D3	50	80	
703	70.494792	E3	52	87	685	47.500000	E3	52	80	
704	70.510417	B3	59	78	684	47.500000	B3	59	80	
705	70.510417	G#4	68	75	683	47.500000	G#4	68	80	
706	70.904167	E5	76	83	686	47.750000	E5	76	80	
707	70.905208	G#4	68	86	687	47.750000	G#4	68	80	
708	71.023958	D3	50	67	688	47.812500	D3	50	80	
709	71.088542	C3	48	71	689	47.875000	C3	48	80	
710	71.163542	B2	47	76	690	47.937500	B2	47	80	
711	71.286458	A2	45	60	693	48.000000	A2	45	80	
712	71.313542	C5	72	88	691	48.000000	C5	72	80	
713	71.315625	A4	69	79	692	48.000000	A4	69	80	
714	71.553125	B2	47	66	694	48.125000	B2	47	80	
715	71.647917	C3	48	72	695	48.187500	C3	48	80	
716	71.711458	D3	50	79	696	48.250000	D3	50	80	
717	71.806250	E3	52	77	697	48.312500	E3	52	80	
718	71.904167	F#3	54	78	698	48.375000	F#3	54	80	
719	71.994792	G#3	56	79	699	48.437500	G#3	56	80	
720	72.088542	A3	57	80	700	48.500000	A3	57	80	
721	72.217708	B4	71	67	701	48.562500	B4	71	80	
722	72.304167	A4	69	70	702	48.625000	A4	69	80	
723	72.378125	G4	67	65	703	48.687500	G4	67	80	
724	72.461458	F4	65	58	704	48.750000	F4	65	80	
725	72.548958	E4	64	69	705	48.812500	E4	64	80	
726	72.645833	D4	62	60	706	48.875000	D4	62	80	
727	72.726042	C4	60	70	707	48.937500	C4	60	80	
728	72.820833	D4	62	65	708	49.000000	D4	62	80	
729	72.875000	B4	71	67	709	49.062500	B4	71	80	
730	72.959375	C5	72	75	710	49.125000	C5	72	80	
731	73.025000	D5	74	72	711	49.187500	D5	74	80	
732	73.118750	E5	76	82	712	49.250000	E5	76	80	
733	73.121875	G#3	56	82	714	49.250000	G#3	56	80	
734	73.125000	B3	59	80	713	49.250000	B3	59	80	
735	73.219792	F#5	78	80	715	49.312500	F#5	78	80	
736	73.301042	G#5	80	79	716	49.375000	G#5	80	80	
737	73.319792	A3	57	66	717	49.375000	A3	57	80	
738	73.328125	F#3	54	67	718	49.375000	F#3	54	80	
739	73.406250	A5	81	75	719	49.437500	A5	81	80	
740	73.502083	E3	52	77	722	49.500000	E3	52	80	
741	73.504167	B5	83	83	720	49.500000	B5	83	80	
742	73.509375	G#3	56	75	721	49.500000	G#3	56	80	
743	73.615625	A5	81	78	723	49.562500	A5	81	80	
744	73.708333	G#5	80	81	724	49.625000	G#5	80	80	
745	73.785417	F#5	78	83	725	49.687500	F#5	78	80	
746	73.882292	E5	76	78	726	49.750000	E5	76	80	
747	73.894792	D3	50	96	727	49.750000	D3	50	80	
748	73.984375	D5	74	72	728	49.812500	D5	74	80	
749	74.073958	C5	72	82	729	49.875000	C5	72	80	
750	74.179167	B4	71	73	730	49.937500	B4	71	80	
751	74.264583	C3	48	94	733	50.000000	C3	48	80	
752	74.270833	A3	57	82	732	50.000000	A3	57	80	
753	74.277083	E5	76	75	731	50.000000	E5	76	80	
754	74.389583	D5	74	66	734	50.062500	D5	74	80	
755	74.483333	C5	72	79	735	50.125000	C5	72	80	
756	74.576042	B4	71	77	736	50.187500	B4	71	80	
757	74.656250	A4	69	72	737	50.250000	A4	69	80	
758	74.753125	G#4	68	75	738	50.312500	G#4	68	80	
759	74.834375	F#4	66	77	739	50.375000	F#4	66	80	
760	74.950000	E4	64	65	740	50.437500	E4	64	80	
761	75.037500	F3	53	94	742	50.500000	F3	53	80	
762	75.050000	A4	69	75	741	50.500000	A4	69	80	
763	75.173958	G4	67	63	743	50.562500	G4	67	80	
764	75.264583	F4	65	69	744	50.625000	F4	65	80	
765	75.350000	E4	64	72	745	50.687500	E4	64	80	
766	75.437500	D4	62	67	746	50.750000	D4	62	80	
767	75.529167	C4	60	72	747	50.812500	C4	60	80	
768	75.619792	B3	59	84	748	50.875000	B3	59	80	
769	75.735417	A3	57	64	749	50.937500	A3	57	80	
770	75.830208	G#2	44	96	751	51.000000	G#2	44	80	
771	75.844792	F4	65	78	750	51.000000	F4	65	80	
772	75.954167	E4	64	62	752	51.062500	E4	64	80	
773	76.040625	D4	62	70	753	51.125000	D4	62	80	
774	76.120833	C4	60	75	754	51.187500	C4	60	80	
775	76.215625	B3	59	69	755	51.250000	B3	59	80	
776	76.296875	A3	57	65	756	51.312500	A3	57	80	
777	76.366667	G#3	56	81	757	51.375000	G#3	56	80	
778	76.464583	F#3	54	69	758	51.437500	F#3	54	80	
779	76.568750	D4	62	73	759	51.500000	D4	62	80	
780	76.666667	C4	60	64	760	51.562500	C4	60	80	
781	76.734375	B3	59	78	761	51.625000	B3	59	80	
782	76.806250	A3	57	68	762	51.687500	A3	57	80	
783	76.898958	G#3	56	80	763	51.750000	G#3	56	80	
784	76.982292	F#3	54	80	764	51.812500	F#3	54	80	
785	77.059375	E3	52	74	765	51.875000	E3	52	80	
786	77.144792	Eb3	51	79	766	51.937500	Eb3	51	80	
787	77.252083	E3	52	86	767	52.000000	E3	52	80	
788	77.681250	D3	50	59	768	52.250000	D3	50	80	
789	77.827083	E4	64	59	769	52.312500	E4	64	80	
790	77.917708	F#4	66	58	770	52.375000	F#4	66	80	
791	77.989583	G#4	68	46	771	52.437500	G#4	68	80	
792	78.054167	B2	47	64	773	52.500000	B2	47	80	
793	78.059375	A4	69	62	*	-1	*	-1	-1	
794	78.161458	G#4	68	67	772	52.500000	G#4	68	80	
795	78.252083	A4	69	60	774	52.561458	A4	69	80	
796	78.328125	G#4	68	64	775	52.623958	G#4	68	80	
797	78.384375	A4	69	64	776	52.687500	A4	69	80	
798	78.415625	E3	52	64	778	52.750000	E3	52	80	
799	78.446875	G#4	68	71	777	52.748958	G#4	68	80	
800	78.505208	A4	69	52	779	52.811458	A4	69	80	
801	78.622917	F#4	66	59	780	52.875000	F#4	66	80	
802	78.690625	G#4	68	67	781	52.937500	G#4	68	80	
803	78.781250	C3	48	65	783	53.000000	C3	48	80	
804	78.793750	A4	69	64	782	53.000000	A4	69	80	
805	79.216667	A2	45	87	784	53.250000	A2	45	80	
806	79.370833	B3	59	53	785	53.312500	B3	59	80	
807	79.454167	C4	60	60	786	53.375000	C4	60	80	
808	79.530208	D4	62	63	787	53.437500	D4	62	80	
809	79.610417	E2	40	91	789	53.500000	E2	40	80	
810	79.652083	C#4	61	55	788	53.500000	C#4	61	80	
811	79.729167	D4	62	56	790	53.561458	D4	62	80	
812	79.805208	C#4	61	68	791	53.623958	C#4	61	80	
813	79.880208	D4	62	63	792	53.687500	D4	62	80	
814	79.975000	C#4	61	68	793	53.748958	C#4	61	80	
815	80.020833	G2	43	94	794	53.750000	G2	43	80	
816	80.056250	D4	62	66	795	53.811458	D4	62	80	
817	80.127083	C#4	61	73	*	-1	*	-1	-1	
818	80.211458	B3	59	72	796	53.875000	B3	59	80	
819	80.333333	C#4	61	68	797	53.937500	C#4	61	80	
820	80.456250	D4	62	70	798	54.000000	D4	62	80	
821	80.458333	F2	41	88	799	54.000000	F2	41	80	
822	80.593750	E2	40	89	800	54.062500	E2	40	80	
823	80.726042	D2	38	90	801	54.125000	D2	38	80	
824	81.008333	B4	71	84	802	54.250000	B4	71	80	
825	81.010417	F4	65	77	803	54.250000	F4	65	80	
826	81.284375	E2	40	79	804	54.375000	E2	40	80	
827	81.423958	F2	41	75	805	54.437500	F2	41	80	
828	81.559375	E4	64	84	806	54.500000	E4	64	80	
829	81.562500	E2	40	69	808	54.500000	D2	38	80	
830	81.562500	G#3	56	84	807	54.500000	G#3	56	80	
831	81.677083	F2	41	67	*	-1	*	-1	-1	
832	81.780208	E2	40	68	809	54.561458	E2	40	80	
833	81.836458	F2	41	74	*	-1	*	-1	-1	
834	81.920833	E2	40	77	*	-1	*	-1	-1	
835	82.003125	F2	41	72	810	54.623958	F2	41	80	
836	82.065625	E2	40	78	*	-1	*	-1	-1	
837	82.137500	F2	41	75	*	-1	*	-1	-1	
838	82.211458	E2	40	79	811	54.687500	E2	40	80	
839	82.232292	G#4	68	94	813	54.750000	G#4	68	80	
840	82.243750	B3	59	81	814	54.750000	B3	59	80	
841	82.290625	F2	41	74	812	54.748958	F2	41	80	
842	82.369792	E2	40	75	815	54.811458	E2	40	80	
843	82.576042	D2	38	82	816	54.875000	D2	38	80	
844	82.814583	E2	40	77	817	54.937500	E2	40	80	
845	83.233333	A1	33	59	821	55.000000	A1	33	80	
846	83.247917	A4	69	74	818	55.000000	A4	69	80	
847	83.248958	C#4	61	70	819	55.000000	C4	60	80	
*	-1	*	-1	-1	148	15.000000	G3	55	80	
*	-1	*	-1	-1	162	16.000000	F3	53	80	
*	-1	*	-1	-1	234	20.500000	B4	71	80	
*	-1	*	-1	-1	352	27.811458	E4	64	80	
*	-1	*	-1	-1	621	43.500000	C#3	49	80	
*	-1	*	-1	-1	820	55.000000	E4	64	80	
*	-1	*	-1	-1	822	55.000000	A2	45	80	
*	-1	*	-1	-1	122	13.500000	G#3	56	80	
*	-1	*	-1	-1	291	23.811458	A4	69	80	
*	-1	*	-1	-1	576	40.811458	B4	71	80	
