// alignID alignOntime alignSitch alignPitch alignOnvel refID refOntime refSitch refPitch refOnvel
0	0.500000	E4	64	89	0	0.500000	E4	64	80	
1	1.487500	C4	60	74	1	1.000000	C4	60	80	
2	1.509375	D4	62	60	*	-1	*	-1	-1	
3	2.386458	F4	65	81	2	1.500000	F4	65	80	
4	3.372917	G#3	56	84	3	2.000000	G#3	56	80	
5	5.511458	D4	62	79	4	3.250000	D4	62	80	
6	5.954167	B3	59	81	5	3.500000	B3	59	80	
7	6.373958	E4	64	87	6	3.750000	E4	64	80	
8	6.801042	C4	60	88	7	4.000000	C4	60	80	
9	7.206250	A3	57	89	8	4.250000	A3	57	80	
10	7.609375	A4	69	88	9	4.500000	A4	69	80	
11	7.623958	F#3	54	75	10	4.500000	F#3	54	80	
12	8.057292	Eb4	63	81	11	4.750000	Eb4	63	80	
13	8.462500	G4	67	89	12	5.000000	G4	67	80	
14	8.472917	E3	52	82	13	5.000000	E3	52	80	
15	8.902083	E4	64	78	14	5.250000	E4	64	80	
16	8.997917	D4	62	78	15	5.312500	D4	62	80	
17	9.087500	C4	60	80	16	5.375000	C4	60	80	
18	9.193750	B3	59	80	17	5.437500	B3	59	80	
19	9.290625	C5	72	95	18	5.500000	C5	72	80	
20	9.300000	A3	57	83	19	5.500000	A3	57	80	
21	9.709375	C4	60	76	20	5.750000	C4	60	80	
22	9.803125	B3	59	83	21	5.812500	B3	59	80	
23	9.907292	A3	57	78	22	5.875000	A3	57	80	
24	10.016667	G3	55	72	23	5.937500	G3	55	80	
25	10.092708	Eb4	63	90	24	6.000000	Eb4	63	80	
26	10.128125	F#3	54	76	25	6.000000	F#3	54	80	
27	10.208333	G3	55	74	26	6.062500	G3	55	80	
28	10.303125	A3	57	83	27	6.125000	A3	57	80	
29	10.616667	G3	55	68	28	6.312500	G3	55	80	
30	10.720833	F#3	54	70	29	6.375000	F#3	54	80	
31	10.814583	E3	52	66	30	6.437500	E3	52	80	
32	10.914583	Eb3	51	74	31	6.500000	Eb3	51	80	
33	11.006250	E3	52	78	32	6.562500	E3	52	80	
34	11.108333	F#3	54	77	33	6.625000	F#3	54	80	
35	11.423958	E3	52	72	34	6.812500	E3	52	80	
36	11.527083	Eb3	51	76	35	6.875000	Eb3	51	80	
37	11.613542	C#3	49	75	36	6.937500	C#3	49	80	
38	11.727083	B2	47	85	37	7.000000	B2	47	80	
39	12.121875	A4	69	84	38	7.250000	A4	69	80	
40	12.334375	C#3	49	73	39	7.375000	C#3	49	80	
41	12.426042	Eb3	51	83	40	7.437500	Eb3	51	80	
42	12.528125	E3	52	82	43	7.561458	E3	52	80	
43	12.536458	F#4	66	82	41	7.500000	F#4	66	80	
44	12.628125	Eb3	51	78	44	7.623958	Eb3	51	80	
45	12.718750	E3	52	80	45	7.687500	E3	52	80	
46	12.812500	Eb3	51	75	46	7.748958	Eb3	51	80	
47	12.920833	E3	52	78	48	7.811458	E3	52	80	
48	12.932292	B4	71	75	47	7.750000	B4	71	80	
49	12.946875	A4	69	60	*	-1	*	-1	-1	
50	13.021875	Eb3	51	75	*	-1	*	-1	-1	
51	13.119792	C#3	49	73	49	7.875000	C#3	49	80	
52	13.215625	Eb3	51	76	50	7.937500	Eb3	51	80	
53	13.347917	G4	67	77	51	8.000000	G4	67	80	
54	13.357292	E3	52	79	52	8.000000	E3	52	80	
55	13.801042	E4	64	68	53	8.250000	E4	64	80	
56	13.881250	E3	52	55	54	8.312500	E3	52	80	
57	13.984375	F3	53	64	55	8.375000	F3	53	80	
58	14.065625	G3	55	69	56	8.437500	G3	55	80	
59	14.187500	A3	57	69	58	8.500000	A3	57	80	
60	14.203125	C#4	61	64	57	8.500000	C#4	61	80	
61	14.642708	A4	69	66	59	8.750000	A4	69	80	
62	14.726042	G3	55	61	60	8.812500	G3	55	80	
63	14.825000	F3	53	65	61	8.875000	F3	53	80	
64	14.925000	E3	52	68	62	8.937500	E3	52	80	
65	15.042708	D3	50	74	64	9.000000	D3	50	80	
66	15.042708	F4	65	74	63	9.000000	F4	65	80	
67	15.487500	D4	62	71	65	9.250000	D4	62	80	
68	15.575000	D3	50	63	66	9.312500	D3	50	80	
69	15.673958	E3	52	66	67	9.375000	E3	52	80	
70	15.757292	F3	53	74	68	9.437500	F3	53	80	
71	15.884375	B3	59	76	69	9.500000	B3	59	80	
72	15.889583	G3	55	73	70	9.500000	G3	55	80	
73	16.309375	G4	67	75	71	9.750000	G4	67	80	
74	16.385417	F3	53	64	72	9.812500	F3	53	80	
75	16.490625	E3	52	69	73	9.875000	E3	52	80	
76	16.583333	D3	50	73	74	9.937500	D3	50	80	
77	16.712500	E4	64	89	75	10.000000	E4	64	80	
78	16.717708	C3	48	81	76	10.000000	C3	48	80	
79	17.135417	A4	69	87	77	10.250000	A4	69	80	
80	17.344792	D3	50	83	78	10.375000	D3	50	80	
81	17.550000	E5	76	95	79	10.500000	E5	76	80	
82	17.570833	E3	52	83	80	10.500000	E3	52	80	
83	17.764583	F3	53	77	81	10.625000	F3	53	80	
84	17.857292	E3	52	79	82	10.687500	E3	52	80	
85	17.965625	D3	50	82	84	10.750000	D3	50	80	
86	17.976042	G#4	68	90	83	10.750000	G#4	68	80	
87	18.181250	E3	52	85	85	10.875000	E3	52	80	
88	18.377083	C5	72	96	86	11.000000	C5	72	80	
89	18.411458	A3	57	86	87	11.000000	A3	57	80	
90	18.414583	F3	53	68	88	11.000000	F3	53	80	
91	18.823958	A4	69	77	89	11.250000	A4	69	80	
92	18.918750	G4	67	79	90	11.312500	G4	67	80	
93	19.014583	F4	65	76	91	11.375000	F4	65	80	
94	19.114583	E4	64	83	92	11.437500	E4	64	80	
95	19.230208	D4	62	82	94	11.500000	D4	62	80	
96	19.230208	F5	77	97	93	11.500000	F5	77	80	
97	19.664583	F4	65	76	95	11.750000	F4	65	80	
98	19.761458	E4	64	78	96	11.812500	E4	64	80	
99	19.856250	D4	62	81	97	11.875000	D4	62	80	
100	19.958333	C4	60	63	98	11.937500	C4	60	80	
101	20.037500	B3	59	79	100	12.000000	B3	59	80	
102	20.047917	G#4	68	85	99	12.000000	G#4	68	80	
103	20.127083	C4	60	74	101	12.062500	C4	60	80	
104	20.246875	D4	62	79	102	12.125000	D4	62	80	
105	20.469792	F3	53	75	103	12.250000	F3	53	80	
106	20.562500	C4	60	68	104	12.312500	C4	60	80	
107	20.669792	B3	59	74	105	12.375000	B3	59	80	
108	20.775000	A3	57	68	106	12.437500	A3	57	80	
109	20.862500	G#3	56	72	107	12.500000	G#3	56	80	
110	20.883333	B2	47	70	108	12.500000	B2	47	80	
111	20.960417	A3	57	82	109	12.562500	A3	57	80	
112	21.076042	B3	59	83	110	12.625000	B3	59	80	
113	21.295833	D3	50	73	111	12.750000	D3	50	80	
114	21.398958	A3	57	72	112	12.812500	A3	57	80	
115	21.492708	G#3	56	72	113	12.875000	G#3	56	80	
116	21.594792	F#3	54	74	114	12.937500	F#3	54	80	
117	21.695833	E3	52	83	115	13.000000	E3	52	80	
118	21.702083	G#2	44	82	116	13.000000	G#2	44	80	
119	21.734375	D3	50	49	*	-1	*	-1	-1	
120	22.119792	D5	74	86	117	13.250000	D5	74	80	
121	22.142708	B2	47	59	118	13.250000	B2	47	80	
122	22.342708	F#3	54	74	119	13.375000	F#3	54	80	
123	22.455208	G#3	56	80	120	13.437500	G#3	56	80	
124	22.485417	E3	52	57	123	13.500000	E3	52	80	
125	22.539583	B4	71	83	121	13.500000	B4	71	80	
126	22.553125	A3	57	83	124	13.561458	A3	57	80	
127	22.651042	G#3	56	81	125	13.623958	G#3	56	80	
128	22.771875	A3	57	77	126	13.687500	A3	57	80	
129	22.862500	G#3	56	70	127	13.748958	G#3	56	80	
130	22.947917	E5	76	83	128	13.750000	E5	76	80	
131	22.964583	A3	57	75	129	13.811458	A3	57	80	
132	23.075000	G#3	56	70	*	-1	*	-1	-1	
133	23.175000	F#3	54	67	130	13.875000	F#3	54	80	
134	23.255208	G#3	56	68	131	13.937500	G#3	56	80	
135	23.362500	C5	72	84	132	14.000000	C5	72	80	
136	23.373958	A3	57	80	133	14.000000	A3	57	80	
137	23.395833	A2	45	70	134	14.000000	A2	45	80	
138	23.823958	A4	69	70	135	14.250000	A4	69	80	
139	23.943750	A3	57	63	136	14.312500	A3	57	80	
140	24.030208	B3	59	67	137	14.375000	B3	59	80	
141	24.133333	C4	60	63	138	14.437500	C4	60	80	
142	24.243750	F#4	66	78	139	14.500000	F#4	66	80	
143	24.260417	D4	62	69	140	14.500000	D4	62	80	
144	24.686458	D5	74	65	141	14.750000	D5	74	80	
145	24.702083	F#3	54	56	142	14.750000	F#3	54	80	
146	24.790625	C4	60	66	143	14.812500	C4	60	80	
147	24.885417	B3	59	67	144	14.875000	B3	59	80	
148	24.986458	A3	57	62	145	14.937500	A3	57	80	
149	25.089583	B4	71	76	146	15.000000	B4	71	80	
150	25.114583	G3	55	67	147	15.000000	G3	55	80	
151	25.543750	G4	67	69	149	15.250000	G4	67	80	
152	25.658333	G3	55	60	150	15.312500	G3	55	80	
153	25.764583	A3	57	59	151	15.375000	A3	57	80	
154	25.844792	B3	59	69	152	15.437500	B3	59	80	
155	25.966667	C4	60	69	154	15.500000	C4	60	80	
156	25.966667	E4	64	69	153	15.500000	E4	64	80	
157	26.382292	E3	52	55	156	15.750000	E3	52	80	
158	26.393750	C5	72	74	155	15.750000	C5	72	80	
159	26.497917	Bb3	58	60	157	15.812500	Bb3	58	80	
160	26.604167	A3	57	68	158	15.875000	A3	57	80	
161	26.703125	G3	55	62	159	15.937500	G3	55	80	
162	26.810417	A4	69	71	160	16.000000	A4	69	80	
163	26.814583	F3	53	66	161	16.000000	F3	53	80	
164	27.030208	F4	65	66	163	16.125000	F4	65	80	
165	27.241667	B4	71	80	164	16.250000	B4	71	80	
166	27.251042	G3	55	64	165	16.250000	G3	55	80	
167	27.472917	F4	65	71	166	16.375000	F4	65	80	
168	27.691667	C5	72	75	167	16.500000	C5	72	80	
169	27.695833	A3	57	58	168	16.500000	A3	57	80	
170	27.793750	E4	64	72	169	16.562500	E4	64	80	
171	27.898958	F4	65	66	170	16.625000	F4	65	80	
172	27.995833	G4	67	72	171	16.687500	G4	67	80	
173	28.091667	G3	55	64	173	16.750000	G3	55	80	
174	28.091667	A4	69	74	172	16.750000	A4	69	80	
175	28.181250	G4	67	77	174	16.812500	G4	67	80	
176	28.294792	F4	65	70	175	16.875000	F4	65	80	
177	28.391667	E4	64	76	176	16.937500	E4	64	80	
178	28.508333	F3	53	68	178	17.000000	F3	53	80	
179	28.519792	D4	62	74	177	17.000000	D4	62	80	
180	28.633333	C5	72	84	179	17.062500	C5	72	80	
181	28.733333	D5	74	81	180	17.125000	D5	74	80	
182	28.830208	E5	76	87	181	17.187500	E5	76	80	
183	28.931250	D3	50	83	183	17.250000	D3	50	80	
184	28.936458	F5	77	85	182	17.250000	F5	77	80	
185	29.036458	E5	76	82	184	17.312500	E5	76	80	
186	29.140625	D5	74	81	185	17.375000	D5	74	80	
187	29.240625	C5	72	83	186	17.437500	C5	72	80	
188	29.384375	G3	55	91	188	17.500000	G3	55	80	
189	29.394792	B4	71	84	187	17.500000	B4	71	80	
190	29.491667	D4	62	81	189	17.562500	D4	62	80	
191	29.622917	E4	64	63	190	17.625000	E4	64	80	
192	29.718750	F4	65	74	191	17.687500	F4	65	80	
193	29.823958	F3	53	76	193	17.750000	F3	53	80	
194	29.832292	G4	67	78	192	17.750000	G4	67	80	
195	29.935417	F4	65	80	194	17.812500	F4	65	80	
196	30.037500	E4	64	75	195	17.875000	E4	64	80	
197	30.120833	D4	62	84	196	17.937500	D4	62	80	
198	30.242708	C4	60	96	197	18.000000	C4	60	80	
199	30.247917	E3	52	89	198	18.000000	E3	52	80	
200	30.679167	G3	55	82	200	18.250000	G3	55	80	
201	30.683333	C6	84	86	199	18.250000	C6	84	80	
202	30.709375	F3	53	41	*	-1	*	-1	-1	
203	30.782292	B5	83	84	201	18.312500	B5	83	80	
204	30.879167	A5	81	82	202	18.375000	A5	81	80	
205	30.975000	G5	79	91	203	18.437500	G5	79	80	
206	31.092708	F5	77	100	204	18.500000	F5	77	80	
207	31.096875	A3	57	88	206	18.500000	A3	57	80	
208	31.101042	C4	60	84	205	18.500000	C4	60	80	
209	31.511458	A5	81	83	207	18.750000	A5	81	80	
210	31.522917	F4	65	72	208	18.750000	F4	65	80	
211	31.607292	G5	79	88	209	18.812500	G5	79	80	
212	31.713542	F5	77	83	210	18.875000	F5	77	80	
213	31.805208	E5	76	79	211	18.937500	E5	76	80	
214	31.912500	D5	74	83	212	19.000000	D5	74	80	
215	31.929167	B2	47	80	213	19.000000	B2	47	80	
216	32.005208	E5	76	94	214	19.062500	E5	76	80	
217	32.122917	F5	77	89	215	19.125000	F5	77	80	
218	32.350000	A4	69	65	216	19.250000	A4	69	80	
219	32.454167	E5	76	75	217	19.312500	E5	76	80	
220	32.542708	D5	74	78	218	19.375000	D5	74	80	
221	32.655208	C5	72	69	219	19.437500	C5	72	80	
222	32.746875	D4	62	63	221	19.500000	D4	62	80	
223	32.751042	B4	71	78	220	19.500000	B4	71	80	
224	32.851042	C5	72	82	222	19.562500	C5	72	80	
225	32.956250	D5	74	79	223	19.625000	D5	74	80	
226	33.177083	F4	65	68	224	19.750000	F4	65	80	
227	33.273958	C5	72	73	225	19.812500	C5	72	80	
228	33.371875	B4	71	77	226	19.875000	B4	71	80	
229	33.470833	A4	69	68	227	19.937500	A4	69	80	
230	33.577083	G4	67	75	228	20.000000	G4	67	80	
231	33.584375	B3	59	67	229	20.000000	B3	59	80	
232	34.008333	F3	53	86	231	20.250000	F3	53	80	
233	34.015625	D4	62	76	230	20.250000	D4	62	80	
234	34.236458	A4	69	74	232	20.375000	A4	69	80	
235	34.330208	B4	71	81	233	20.437500	B4	71	80	
236	34.429167	D3	50	79	236	20.500000	D3	50	80	
237	34.433333	F4	65	77	235	20.500000	F4	65	80	
238	34.433333	C5	72	90	237	20.561458	C5	72	80	
239	34.540625	B4	71	85	238	20.623958	B4	71	80	
240	34.631250	C5	72	82	239	20.687500	C5	72	80	
241	34.739583	B4	71	78	240	20.748958	B4	71	80	
242	34.843750	G3	55	78	242	20.750000	G3	55	80	
243	34.843750	D4	62	73	241	20.750000	D4	62	80	
244	34.853125	C5	72	78	243	20.811458	C5	72	80	
245	34.948958	B4	71	83	*	-1	*	-1	-1	
246	35.058333	A4	69	75	244	20.875000	A4	69	80	
247	35.153125	B4	71	75	245	20.937500	B4	71	80	
248	35.256250	C5	72	81	246	21.000000	C5	72	80	
249	35.264583	E3	52	78	248	21.000000	E3	52	80	
250	35.278125	G4	67	70	247	21.000000	G4	67	80	
251	35.687500	C4	60	83	249	21.250000	C4	60	80	
252	35.912500	E3	52	75	250	21.375000	E3	52	80	
253	36.017708	F#3	54	76	251	21.437500	F#3	54	80	
254	36.112500	G3	55	79	*	-1	*	-1	-1	
255	36.116667	A3	57	88	252	21.500000	A3	57	80	
256	36.210417	F#3	54	77	253	21.500000	F#3	54	80	
257	36.322917	G3	55	76	254	21.561458	G3	55	80	
258	36.428125	F#3	54	71	255	21.623958	F#3	54	80	
259	36.537500	G3	55	77	256	21.687500	G3	55	80	
260	36.537500	D4	62	86	258	21.750000	D4	62	80	
261	36.646875	F#3	54	74	259	21.811458	G3	55	80	
262	36.736458	E3	52	70	260	21.875000	E3	52	80	
263	36.838542	F#3	54	72	261	21.937500	F#3	54	80	
264	36.940625	B3	59	81	262	22.000000	B3	59	80	
265	36.947917	G3	55	73	263	22.000000	G3	55	80	
266	37.381250	G4	67	85	264	22.250000	G4	67	80	
267	37.385417	E3	52	73	265	22.250000	E3	52	80	
268	37.585417	B3	59	72	266	22.375000	B3	59	80	
269	37.687500	C#4	61	78	267	22.437500	C#4	61	80	
270	37.787500	E4	64	77	268	22.500000	E4	64	80	
271	37.791667	D4	62	79	271	22.561458	D4	62	80	
272	37.795833	A3	57	63	270	22.500000	A3	57	80	
273	37.887500	C#4	61	75	272	22.623958	C#4	61	80	
274	38.010417	D4	62	75	273	22.687500	D4	62	80	
275	38.107292	C#4	61	71	274	22.748958	C#4	61	80	
276	38.195833	A4	69	82	275	22.750000	A4	69	80	
277	38.223958	D4	62	72	*	-1	*	-1	-1	
278	38.322917	C#4	61	73	276	22.811458	D4	62	80	
279	38.420833	B3	59	78	277	22.875000	B3	59	80	
280	38.518750	C#4	61	72	278	22.937500	C#4	61	80	
281	38.621875	F#4	66	87	279	23.000000	F#4	66	80	
282	38.626042	D4	62	83	280	23.000000	D4	62	80	
283	39.051042	D3	50	87	281	23.250000	D3	50	80	
284	39.264583	F#4	66	78	282	23.375000	F#4	66	80	
285	39.359375	G#4	68	88	283	23.437500	G#4	68	80	
286	39.462500	A4	69	83	286	23.561458	A4	69	80	
287	39.470833	B2	47	86	285	23.500000	B2	47	80	
288	39.566667	G#4	68	82	287	23.623958	G#4	68	80	
289	39.677083	A4	69	80	288	23.687500	A4	69	80	
290	39.779167	G#4	68	83	289	23.748958	G#4	68	80	
291	39.871875	A4	69	72	291	23.811458	A4	69	80	
292	39.887500	E3	52	92	290	23.750000	E3	52	80	
293	39.979167	G#4	68	85	*	-1	*	-1	-1	
294	40.073958	F#4	66	84	292	23.875000	F#4	66	80	
295	40.184375	G#4	68	86	293	23.937500	G#4	68	80	
296	40.273958	C3	48	87	295	24.000000	C3	48	80	
297	40.286458	A4	69	91	294	24.000000	A4	69	80	
298	40.516667	B4	71	84	296	24.125000	B4	71	80	
299	40.612500	C5	72	91	297	24.187500	C5	72	80	
300	40.702083	A2	45	84	299	24.250000	A2	45	80	
301	40.707292	D5	74	89	298	24.250000	D5	74	80	
302	40.798958	E5	76	90	300	24.312500	E5	76	80	
303	40.905208	F#5	78	80	301	24.375000	F#5	78	80	
304	41.005208	G#5	80	83	302	24.437500	G#5	80	80	
305	41.097917	A5	81	96	303	24.500000	A5	81	80	
306	41.105208	F#2	42	87	304	24.500000	F#2	42	80	
307	41.311458	C5	72	93	305	24.625000	C5	72	80	
308	41.518750	B4	71	83	306	24.750000	B4	71	80	
309	41.545833	Eb3	51	90	307	24.750000	Eb3	51	80	
310	41.729167	F#5	78	89	308	24.875000	F#5	78	80	
311	41.966667	G5	79	97	309	25.000000	G5	79	80	
312	41.971875	E2	40	87	310	25.000000	E2	40	80	
313	42.201042	B4	71	91	311	25.125000	B4	71	80	
314	42.430208	E5	76	87	312	25.250000	E5	76	80	
315	42.516667	D5	74	86	313	25.312500	D5	74	80	
316	42.618750	C5	72	86	314	25.375000	C5	72	80	
317	42.716667	B4	71	83	315	25.437500	B4	71	80	
318	42.813542	A4	69	83	317	25.500000	A4	69	80	
319	42.822917	C6	84	93	316	25.500000	C6	84	80	
320	43.245833	C5	72	81	318	25.750000	C5	72	80	
321	43.344792	B4	71	78	319	25.812500	B4	71	80	
322	43.446875	A4	69	79	320	25.875000	A4	69	80	
323	43.541667	G4	67	79	321	25.937500	G4	67	80	
324	43.627083	Eb5	75	88	322	26.000000	Eb5	75	80	
325	43.640625	F#4	66	80	323	26.000000	F#4	66	80	
326	43.735417	G4	67	78	324	26.062500	G4	67	80	
327	43.852083	A4	69	71	325	26.125000	A4	69	80	
328	44.056250	C4	60	75	326	26.250000	C4	60	80	
329	44.143750	G4	67	64	327	26.312500	G4	67	80	
330	44.244792	F#4	66	75	328	26.375000	F#4	66	80	
331	44.348958	E4	64	74	329	26.437500	E4	64	80	
332	44.439583	F#3	54	66	331	26.500000	F#3	54	80	
333	44.454167	Eb4	63	72	330	26.500000	Eb4	63	80	
334	44.541667	E4	64	74	332	26.562500	E4	64	80	
335	44.652083	F#4	66	77	333	26.625000	F#4	66	80	
336	44.859375	A3	57	79	334	26.750000	A3	57	80	
337	44.960417	E4	64	75	335	26.812500	E4	64	80	
338	45.046875	Eb4	63	74	336	26.875000	Eb4	63	80	
339	45.139583	C#4	61	70	337	26.937500	C#4	61	80	
340	45.259375	B3	59	86	338	27.000000	B3	59	80	
341	45.264583	Eb3	51	74	339	27.000000	Eb3	51	80	
342	45.697917	F#3	54	66	341	27.250000	F#3	54	80	
343	45.697917	A5	81	82	340	27.250000	A5	81	80	
344	45.906250	C#4	61	68	342	27.375000	C#4	61	80	
345	46.019792	Eb4	63	79	343	27.437500	Eb4	63	80	
346	46.087500	B3	59	36	346	27.500000	B3	59	80	
347	46.101042	F#5	78	80	344	27.500000	F#5	78	80	
348	46.126042	E4	64	78	347	27.561458	E4	64	80	
349	46.230208	Eb4	63	76	348	27.623958	Eb4	63	80	
350	46.335417	E4	64	76	349	27.687500	E4	64	80	
351	46.428125	Eb4	63	68	350	27.748958	Eb4	63	80	
352	46.523958	B5	83	83	351	27.750000	B5	83	80	
353	46.545833	E4	64	73	352	27.811458	E4	64	80	
354	46.638542	Eb4	63	69	*	-1	*	-1	-1	
355	46.709375	C#4	61	68	353	27.875000	C#4	61	80	
356	46.806250	Eb4	63	62	354	27.937500	Eb4	63	80	
357	46.929167	G5	79	86	355	28.000000	G5	79	80	
358	46.950000	E4	64	68	356	28.000000	E4	64	80	
359	46.955208	E3	52	67	357	28.000000	E3	52	80	
360	47.395833	E5	76	72	358	28.250000	E5	76	80	
361	47.505208	E2	40	54	359	28.312500	E2	40	80	
362	47.607292	F2	41	56	360	28.375000	F2	41	80	
363	47.685417	G2	43	62	361	28.437500	G2	43	80	
364	47.804167	A2	45	66	363	28.500000	A2	45	80	
365	47.808333	C#5	73	81	362	28.500000	C#5	73	80	
366	48.271875	A5	81	68	364	28.750000	A5	81	80	
367	48.385417	G2	43	55	365	28.812500	G2	43	80	
368	48.483333	F2	41	59	366	28.875000	F2	41	80	
369	48.585417	E2	40	61	367	28.937500	E2	40	80	
370	48.687500	F5	77	72	368	29.000000	F5	77	80	
371	48.695833	D2	38	69	369	29.000000	D2	38	80	
372	49.147917	D4	62	69	370	29.250000	D4	62	80	
373	49.239583	D5	74	67	371	29.312500	D5	74	80	
374	49.336458	E5	76	70	372	29.375000	E5	76	80	
375	49.421875	F5	77	80	373	29.437500	F5	77	80	
376	49.537500	G5	79	76	374	29.500000	G5	79	80	
377	49.557292	B3	59	69	375	29.500000	B3	59	80	
378	50.003125	G4	67	64	376	29.750000	G4	67	80	
379	50.098958	F5	77	71	377	29.812500	F5	77	80	
380	50.200000	E5	76	75	378	29.875000	E5	76	80	
381	50.292708	D5	74	75	379	29.937500	D5	74	80	
382	50.406250	C5	72	70	380	30.000000	C5	72	80	
383	50.425000	E4	64	67	381	30.000000	E4	64	80	
384	50.865625	A3	57	85	382	30.250000	A3	57	80	
385	50.966667	E5	76	74	383	30.312500	E5	76	80	
386	51.065625	F5	77	81	384	30.375000	F5	77	80	
387	51.172917	G5	79	79	385	30.437500	G5	79	80	
388	51.273958	F3	53	84	387	30.500000	F3	53	80	
389	51.283333	A5	81	79	386	30.500000	A5	81	80	
390	51.387500	Bb5	82	75	388	30.562500	Bb5	82	80	
391	51.485417	A5	81	77	389	30.625000	A5	81	80	
392	51.585417	G5	79	75	390	30.687500	G5	79	80	
393	51.664583	F5	77	81	391	30.750000	F5	77	80	
394	51.700000	D4	62	89	392	30.750000	D4	62	80	
395	51.781250	E5	76	82	393	30.812500	E5	76	80	
396	51.884375	D5	74	73	394	30.875000	D5	74	80	
397	51.979167	C5	72	78	395	30.937500	C5	72	80	
398	52.086458	G#3	56	87	397	31.000000	G#3	56	80	
399	52.090625	B4	71	81	396	31.000000	B4	71	80	
400	52.192708	C5	72	80	398	31.062500	C5	72	80	
401	52.294792	B4	71	85	399	31.125000	B4	71	80	
402	52.401042	A4	69	72	400	31.187500	A4	69	80	
403	52.516667	G#4	68	76	401	31.250000	G#4	68	80	
404	52.520833	E3	52	86	402	31.250000	E3	52	80	
405	52.613542	F#4	66	75	403	31.312500	F#4	66	80	
406	52.716667	E4	64	79	404	31.375000	E4	64	80	
407	52.820833	D4	62	69	405	31.437500	D4	62	80	
408	52.943750	C4	60	84	406	31.500000	C4	60	80	
409	52.951042	A3	57	81	407	31.500000	A3	57	80	
410	53.042708	E4	64	78	408	31.562500	E4	64	80	
411	53.159375	F4	65	72	409	31.625000	F4	65	80	
412	53.247917	G4	67	82	410	31.687500	G4	67	80	
413	53.342708	C5	72	86	411	31.750000	C5	72	80	
414	53.350000	A4	69	73	412	31.750000	A4	69	80	
415	53.447917	G4	67	82	413	31.812500	G4	67	80	
416	53.552083	F4	65	80	414	31.875000	F4	65	80	
417	53.664583	E4	64	75	415	31.937500	E4	64	80	
418	53.767708	D4	62	92	417	32.000000	D4	62	80	
419	53.767708	B4	71	95	416	32.000000	B4	71	80	
420	53.869792	A3	57	80	418	32.062500	A3	57	80	
421	53.965625	B3	59	85	419	32.125000	B3	59	80	
422	54.072917	C4	60	80	420	32.187500	C4	60	80	
423	54.190625	D4	62	86	422	32.250000	D4	62	80	
424	54.194792	F4	65	77	421	32.250000	F4	65	80	
425	54.289583	C4	60	77	423	32.312500	C4	60	80	
426	54.391667	B3	59	77	424	32.375000	B3	59	80	
427	54.511458	A3	57	83	425	32.437500	A3	57	80	
428	54.603125	B3	59	95	426	32.500000	B3	59	80	
429	54.625000	G#3	56	78	427	32.500000	G#3	56	80	
430	54.720833	A3	57	84	428	32.562500	A3	57	80	
431	54.817708	G#3	56	83	429	32.625000	G#3	56	80	
432	54.915625	F#3	54	77	430	32.687500	F#3	54	80	
433	55.026042	E3	52	79	432	32.750000	E3	52	80	
434	55.026042	D4	62	83	431	32.750000	D4	62	80	
435	55.113542	D3	50	77	433	32.812500	D3	50	80	
436	55.228125	C3	48	72	434	32.875000	C3	48	80	
437	55.325000	B2	47	76	435	32.937500	B2	47	80	
438	55.459375	C4	60	93	436	33.000000	C4	60	80	
439	55.463542	A2	45	81	437	33.000000	A2	45	80	
440	55.685417	E4	64	75	438	33.125000	E4	64	80	
441	55.896875	A4	69	85	439	33.250000	A4	69	80	
442	55.913542	A3	57	81	440	33.250000	A3	57	80	
443	56.015625	G3	55	73	441	33.312500	G3	55	80	
444	56.112500	F3	53	72	442	33.375000	F3	53	80	
445	56.217708	E3	52	72	443	33.437500	E3	52	80	
446	56.319792	D3	50	85	445	33.500000	D3	50	80	
447	56.319792	F4	65	87	444	33.500000	F4	65	80	
448	56.531250	A3	57	81	446	33.625000	A3	57	80	
449	56.742708	F3	53	81	448	33.750000	F3	53	80	
450	56.752083	D4	62	86	447	33.750000	D4	62	80	
451	56.844792	E3	52	82	449	33.812500	E3	52	80	
452	56.944792	D3	50	77	450	33.875000	D3	50	80	
453	57.053125	C3	48	82	451	33.937500	C3	48	80	
454	57.150000	B2	47	78	453	34.000000	B2	47	80	
455	57.182292	G#3	56	90	452	34.000000	G#3	56	80	
456	57.251042	C3	48	80	454	34.062500	C3	48	80	
457	57.367708	D3	50	80	455	34.125000	D3	50	80	
458	57.610417	F5	77	85	456	34.250000	F5	77	80	
459	57.695833	C3	48	78	457	34.312500	C3	48	80	
460	57.794792	B2	47	79	458	34.375000	B2	47	80	
461	57.904167	A2	45	78	459	34.437500	A2	45	80	
462	57.992708	G#2	44	80	461	34.500000	G#2	44	80	
463	58.006250	B4	71	83	460	34.500000	B4	71	80	
464	58.106250	A2	45	82	462	34.562500	A2	45	80	
465	58.240625	B2	47	66	463	34.625000	B2	47	80	
466	58.434375	D5	74	75	464	34.750000	D5	74	80	
467	58.545833	A2	45	69	465	34.812500	A2	45	80	
468	58.648958	G#2	44	72	466	34.875000	G#2	44	80	
469	58.734375	F#2	42	73	467	34.937500	F#2	42	80	
470	58.848958	G#4	68	83	468	35.000000	G#4	68	80	
471	58.851042	E2	40	76	469	35.000000	E2	40	80	
472	59.277083	D4	62	80	470	35.250000	D4	62	80	
473	59.518750	F#2	42	71	471	35.375000	F#2	42	80	
474	59.621875	G#2	44	77	472	35.437500	G#2	44	80	
475	59.716667	A2	45	77	*	-1	*	-1	-1	
476	59.720833	B4	71	81	473	35.500000	B4	71	80	
477	59.730208	B3	59	76	474	35.500000	B3	59	80	
478	59.820833	G#2	44	82	475	35.500000	G#2	44	80	
479	59.926042	A2	45	69	476	35.561458	A2	45	80	
480	60.021875	G#2	44	77	477	35.623958	G#2	44	80	
481	60.135417	A2	45	73	478	35.687500	A2	45	80	
482	60.142708	E4	64	75	480	35.750000	E4	64	80	
483	60.229167	G#2	44	74	479	35.748958	G#2	44	80	
484	60.341667	F#2	42	60	482	35.875000	F#2	42	80	
485	60.477083	G#2	44	78	483	35.937500	G#2	44	80	
486	60.572917	C4	60	83	484	36.000000	C4	60	80	
487	60.586458	A2	45	81	485	36.000000	A2	45	80	
488	61.032292	E5	76	79	486	36.250000	E5	76	80	
489	61.129167	D5	74	75	487	36.312500	D5	74	80	
490	61.215625	C5	72	76	488	36.375000	C5	72	80	
491	61.242708	B2	47	72	489	36.375000	B2	47	80	
492	61.323958	B4	71	76	490	36.437500	B4	71	80	
493	61.346875	C3	48	68	491	36.437500	C3	48	80	
494	61.436458	D3	50	71	*	-1	*	-1	-1	
495	61.440625	A4	69	69	492	36.500000	A4	69	80	
496	61.542708	C#3	49	68	493	36.500000	C#3	49	80	
497	61.651042	C#5	73	72	496	36.625000	C#5	73	80	
498	61.655208	D3	50	72	494	36.561458	D3	50	80	
499	61.739583	E5	76	80	497	36.687500	E5	76	80	
500	61.759375	C#3	49	66	495	36.623958	C#3	49	80	
501	61.855208	G5	79	79	500	36.750000	G5	79	80	
502	61.860417	D3	50	73	498	36.687500	D3	50	80	
503	61.966667	C#3	49	70	499	36.748958	C#3	49	80	
504	62.064583	B2	47	63	502	36.875000	B2	47	80	
505	62.165625	C#3	49	63	503	36.937500	C#3	49	80	
506	62.273958	F5	77	76	504	37.000000	F5	77	80	
507	62.280208	D3	50	58	505	37.000000	D3	50	80	
508	62.684375	A4	69	68	506	37.250000	A4	69	80	
509	62.795833	G4	67	68	507	37.312500	G4	67	80	
510	62.876042	F4	65	68	508	37.375000	F4	65	80	
511	62.913542	E3	52	64	509	37.375000	E3	52	80	
512	62.968750	E4	64	79	510	37.437500	E4	64	80	
513	63.009375	F3	53	71	511	37.437500	F3	53	80	
514	63.089583	D4	62	81	512	37.500000	D4	62	80	
515	63.103125	G3	55	62	*	-1	*	-1	-1	
516	63.210417	F#3	54	60	513	37.500000	F#3	54	80	
517	63.296875	F#4	66	68	516	37.625000	F#4	66	80	
518	63.319792	G3	55	68	514	37.561458	G3	55	80	
519	63.387500	A4	69	72	517	37.687500	G4	67	80	
520	63.417708	F#3	54	66	515	37.623958	F#3	54	80	
521	63.502083	C5	72	80	520	37.750000	C5	72	80	
522	63.525000	G3	55	76	518	37.687500	G3	55	80	
523	63.630208	F#3	54	66	519	37.748958	F#3	54	80	
524	63.716667	E3	52	66	522	37.875000	E3	52	80	
525	63.817708	F#3	54	58	523	37.937500	F#3	54	80	
526	63.927083	B4	71	76	524	38.000000	B4	71	80	
527	63.936458	G3	55	62	525	38.000000	G3	55	80	
528	64.181250	D5	74	63	526	38.125000	D5	74	80	
529	64.264583	C5	72	73	527	38.187500	C5	72	80	
530	64.360417	B4	71	78	528	38.250000	B4	71	80	
531	64.562500	A3	57	74	530	38.375000	A3	57	80	
532	64.566667	C5	72	79	529	38.375000	C5	72	80	
533	64.653125	B3	59	83	532	38.437500	B3	59	80	
534	64.673958	D5	74	79	531	38.437500	D5	74	80	
535	64.764583	C4	60	79	*	-1	*	-1	-1	
536	64.776042	G4	67	79	533	38.500000	G4	67	80	
537	64.862500	B3	59	74	534	38.500000	B3	59	80	
538	64.990625	C4	60	78	535	38.561458	C4	60	80	
539	65.087500	B3	59	74	536	38.623958	B3	59	80	
540	65.185417	F5	77	82	539	38.750000	F5	77	80	
541	65.203125	C4	60	75	537	38.687500	C4	60	80	
542	65.296875	B3	59	77	538	38.748958	B3	59	80	
543	65.411458	A3	57	73	541	38.875000	A3	57	80	
544	65.508333	B3	59	71	542	38.937500	B3	59	80	
545	65.611458	E5	76	77	543	39.000000	E5	76	80	
546	65.620833	C4	60	75	544	39.000000	C4	60	80	
547	65.847917	G4	67	73	545	39.125000	G4	67	80	
548	65.950000	F4	65	77	546	39.187500	F4	65	80	
549	66.041667	E4	64	74	547	39.250000	E4	64	80	
550	66.257292	D4	62	78	549	39.375000	D4	62	80	
551	66.257292	F4	65	60	548	39.375000	F4	65	80	
552	66.345833	G4	67	77	550	39.437500	G4	67	80	
553	66.357292	E4	64	19	553	39.500000	E4	64	80	
554	66.448958	F4	65	77	554	39.561458	F4	65	80	
555	66.463542	C4	60	69	552	39.500000	C4	60	80	
556	66.559375	E4	64	86	555	39.623958	E4	64	80	
557	66.664583	F4	65	79	556	39.687500	F4	65	80	
558	66.769792	E4	64	70	557	39.748958	E4	64	80	
559	66.769792	G#4	68	49	*	-1	*	-1	-1	
560	66.870833	Bb4	70	86	558	39.750000	Bb4	70	80	
561	66.876042	F4	65	78	*	-1	*	-1	-1	
562	66.989583	E4	64	75	559	39.811458	F4	65	80	
563	67.087500	D4	62	72	560	39.875000	D4	62	80	
564	67.210417	E4	64	73	561	39.937500	E4	64	80	
565	67.316667	F4	65	82	563	40.000000	F4	65	80	
566	67.316667	A4	69	82	562	40.000000	A4	69	80	
567	67.540625	B4	71	88	564	40.125000	B4	71	80	
568	67.639583	C#5	73	90	565	40.187500	C#5	73	80	
569	67.746875	D5	74	87	566	40.250000	D5	74	80	
570	67.975000	G4	67	82	567	40.375000	G4	67	80	
571	68.071875	A4	69	77	568	40.437500	A4	69	80	
572	68.184375	Bb4	70	86	*	-1	*	-1	-1	
573	68.188542	A5	81	91	569	40.500000	A5	81	80	
574	68.293750	A4	69	80	570	40.500000	A4	69	80	
575	68.398958	Bb4	70	81	571	40.561458	B4	71	80	
576	68.500000	A4	69	67	572	40.623958	A4	69	80	
577	68.607292	C#5	73	92	575	40.750000	C#5	73	80	
578	68.614583	Bb4	70	80	573	40.687500	B4	71	80	
579	68.721875	A4	69	70	574	40.748958	A4	69	80	
580	68.828125	G4	67	75	577	40.875000	G4	67	80	
581	68.927083	A4	69	84	578	40.937500	A4	69	80	
582	69.032292	D5	74	87	580	41.000000	D5	74	80	
583	69.036458	F5	77	92	579	41.000000	F5	77	80	
584	69.041667	Bb4	70	87	581	41.000000	Bb4	70	80	
585	69.255208	Bb3	58	77	582	41.125000	Bb3	58	80	
586	69.358333	C4	60	78	583	41.187500	C4	60	80	
587	69.465625	D4	62	84	584	41.250000	D4	62	80	
588	69.569792	C4	60	82	585	41.312500	C4	60	80	
589	69.682292	Bb3	58	82	586	41.375000	Bb3	58	80	
590	69.779167	A3	57	89	587	41.437500	A3	57	80	
591	69.889583	G3	55	80	589	41.500000	G3	55	80	
592	69.896875	Bb5	82	92	588	41.500000	Bb5	82	80	
593	69.996875	F3	53	83	590	41.562500	F3	53	80	
594	70.104167	G3	55	74	591	41.625000	G3	55	80	
595	70.190625	A3	57	75	592	41.687500	A3	57	80	
596	70.302083	Bb3	58	83	593	41.750000	Bb3	58	80	
597	70.406250	A3	57	87	594	41.812500	A3	57	80	
598	70.501042	G3	55	86	595	41.875000	G3	55	80	
599	70.620833	F3	53	78	596	41.937500	F3	53	80	
600	70.713542	E3	52	80	598	42.000000	E3	52	80	
601	70.732292	C#5	73	89	597	42.000000	C#5	73	80	
602	70.817708	F3	53	82	599	42.062500	F3	53	80	
603	70.950000	G3	55	85	600	42.125000	G3	55	80	
604	71.163542	Bb4	70	81	601	42.250000	Bb4	70	80	
605	71.263542	F3	53	74	602	42.312500	F3	53	80	
606	71.355208	E3	52	78	603	42.375000	E3	52	80	
607	71.466667	D3	50	74	604	42.437500	D3	50	80	
608	71.563542	C#3	49	73	606	42.500000	C#3	49	80	
609	71.577083	E4	64	71	605	42.500000	E4	64	80	
610	71.676042	D3	50	73	607	42.562500	D3	50	80	
611	71.793750	E3	52	80	608	42.625000	E3	52	80	
612	72.005208	G4	67	75	609	42.750000	G4	67	80	
613	72.104167	D3	50	66	610	42.812500	D3	50	80	
614	72.204167	C#3	49	76	611	42.875000	C#3	49	80	
615	72.313542	B2	47	65	612	42.937500	B2	47	80	
616	72.407292	C#4	61	77	613	43.000000	C#4	61	80	
617	72.415625	A2	45	78	614	43.000000	A2	45	80	
618	72.853125	G5	79	89	615	43.250000	G5	79	80	
619	72.878125	E5	76	74	616	43.250000	E5	76	80	
620	73.089583	B2	47	66	617	43.375000	B2	47	80	
621	73.182292	C#3	49	75	618	43.437500	C#3	49	80	
622	73.289583	D3	50	78	622	43.561458	D3	50	80	
623	73.298958	E5	76	82	619	43.500000	E5	76	80	
624	73.308333	A4	69	72	620	43.500000	A4	69	80	
625	73.385417	C#3	49	70	623	43.623958	C#3	49	80	
626	73.492708	D3	50	74	624	43.687500	D3	50	80	
627	73.601042	C#3	49	67	625	43.748958	C#3	49	80	
628	73.711458	D3	50	80	627	43.811458	D3	50	80	
629	73.717708	A5	81	77	626	43.750000	A5	81	80	
630	73.821875	C#3	49	77	*	-1	*	-1	-1	
631	73.919792	B2	47	75	628	43.875000	B2	47	80	
632	74.026042	C#3	49	75	629	43.937500	C#3	49	80	
633	74.128125	D3	50	81	631	44.000000	D3	50	80	
634	74.132292	F5	77	78	630	44.000000	F5	77	80	
635	74.137500	A4	69	68	*	-1	*	-1	-1	
636	74.240625	E3	52	84	632	44.062500	E3	52	80	
637	74.355208	F3	53	73	633	44.125000	F3	53	80	
638	74.368750	E3	52	67	*	-1	*	-1	-1	
639	74.570833	D5	74	71	634	44.250000	D5	74	80	
640	74.589583	A4	69	73	635	44.250000	A4	69	80	
641	74.668750	E3	52	77	636	44.312500	E3	52	80	
642	74.773958	D3	50	70	637	44.375000	D3	50	80	
643	74.864583	C3	48	71	638	44.437500	C3	48	80	
644	74.957292	B2	47	75	640	44.500000	B2	47	80	
645	74.985417	D4	62	76	639	44.500000	D4	62	80	
646	75.067708	C3	48	78	641	44.562500	C3	48	80	
647	75.196875	D3	50	77	642	44.625000	D3	50	80	
648	75.395833	F4	65	71	643	44.750000	F4	65	80	
649	75.497917	C3	48	71	644	44.812500	C3	48	80	
650	75.595833	B2	47	72	645	44.875000	B2	47	80	
651	75.696875	A2	45	69	646	44.937500	A2	45	80	
652	75.819792	B3	59	77	647	45.000000	B3	59	80	
653	75.835417	G2	43	71	648	45.000000	G2	43	80	
654	76.259375	F5	77	79	649	45.250000	F5	77	80	
655	76.263542	D5	74	73	650	45.250000	D5	74	80	
656	76.498958	A2	45	65	651	45.375000	A2	45	80	
657	76.598958	B2	47	69	652	45.437500	B2	47	80	
658	76.692708	D5	74	78	653	45.500000	D5	74	80	
659	76.696875	C3	48	74	656	45.561458	C3	48	80	
660	76.702083	G4	67	68	654	45.500000	G4	67	80	
661	76.807292	B2	47	72	657	45.623958	B2	47	80	
662	76.921875	C3	48	67	658	45.687500	C3	48	80	
663	77.011458	B2	47	73	659	45.748958	B2	47	80	
664	77.095833	G5	79	81	660	45.750000	G5	79	80	
665	77.123958	C3	48	70	661	45.811458	C3	48	80	
666	77.211458	B2	47	71	*	-1	*	-1	-1	
667	77.321875	A2	45	62	662	45.875000	A2	45	80	
668	77.414583	B2	47	64	663	45.937500	B2	47	80	
669	77.539583	C3	48	66	665	46.000000	C3	48	80	
670	77.539583	E5	76	71	664	46.000000	E5	76	80	
671	77.546875	G4	67	63	*	-1	*	-1	-1	
672	77.978125	C5	72	74	666	46.250000	C5	72	80	
673	78.081250	C4	60	66	667	46.312500	C4	60	80	
674	78.184375	D4	62	67	668	46.375000	D4	62	80	
675	78.275000	E4	64	71	669	46.437500	E4	64	80	
676	78.390625	A4	69	70	670	46.500000	A4	69	80	
677	78.402083	F4	65	68	671	46.500000	F4	65	80	
678	78.864583	F5	77	73	672	46.750000	F5	77	80	
679	78.978125	E4	64	64	673	46.812500	E4	64	80	
680	79.073958	D4	62	63	674	46.875000	D4	62	80	
681	79.163542	C4	60	74	675	46.937500	C4	60	80	
682	79.269792	D5	74	72	676	47.000000	D5	74	80	
683	79.286458	B3	59	79	677	47.000000	B3	59	80	
684	79.725000	B4	71	77	678	47.250000	B4	71	80	
685	79.746875	D4	62	65	679	47.250000	D4	62	80	
686	79.847917	B2	47	69	680	47.312500	B2	47	80	
687	79.935417	C3	48	71	681	47.375000	C3	48	80	
688	80.037500	D3	50	79	682	47.437500	D3	50	80	
689	80.133333	B3	59	81	684	47.500000	B3	59	80	
690	80.133333	G#4	68	84	683	47.500000	G#4	68	80	
691	80.147917	E3	52	86	685	47.500000	E3	52	80	
692	80.570833	E5	76	77	686	47.750000	E5	76	80	
693	80.578125	G#4	68	81	687	47.750000	G#4	68	80	
694	80.678125	D3	50	74	688	47.812500	D3	50	80	
695	80.777083	C3	48	76	689	47.875000	C3	48	80	
696	80.894792	B2	47	78	690	47.937500	B2	47	80	
697	80.980208	A4	69	79	692	48.000000	A4	69	80	
698	80.980208	C5	72	87	691	48.000000	C5	72	80	
699	81.015625	A2	45	74	693	48.000000	A2	45	80	
700	81.222917	B2	47	76	694	48.125000	B2	47	80	
701	81.316667	C3	48	72	695	48.187500	C3	48	80	
702	81.414583	D3	50	77	696	48.250000	D3	50	80	
703	81.513542	E3	52	78	697	48.312500	E3	52	80	
704	81.609375	F#3	54	79	698	48.375000	F#3	54	80	
705	81.709375	G#3	56	81	699	48.437500	G#3	56	80	
706	81.816667	A3	57	91	700	48.500000	A3	57	80	
707	81.916667	B4	71	74	701	48.562500	B4	71	80	
708	82.017708	A4	69	74	702	48.625000	A4	69	80	
709	82.123958	G4	67	78	703	48.687500	G4	67	80	
710	82.238542	F4	65	74	704	48.750000	F4	65	80	
711	82.326042	E4	64	78	705	48.812500	E4	64	80	
712	82.423958	D4	62	78	706	48.875000	D4	62	80	
713	82.523958	C4	60	78	707	48.937500	C4	60	80	
714	82.640625	D4	62	93	708	49.000000	D4	62	80	
715	82.750000	B4	71	83	709	49.062500	B4	71	80	
716	82.857292	C5	72	80	710	49.125000	C5	72	80	
717	82.944792	D5	74	84	711	49.187500	D5	74	80	
718	83.050000	E5	76	87	712	49.250000	E5	76	80	
719	83.054167	G#3	56	79	714	49.250000	G#3	56	80	
720	83.054167	B3	59	86	713	49.250000	B3	59	80	
721	83.147917	F#5	78	89	715	49.312500	F#5	78	80	
722	83.241667	G#5	80	89	716	49.375000	G#5	80	80	
723	83.255208	F#3	54	81	718	49.375000	F#3	54	80	
724	83.260417	A3	57	87	717	49.375000	A3	57	80	
725	83.356250	A5	81	74	719	49.437500	A5	81	80	
726	83.460417	E3	52	88	722	49.500000	E3	52	80	
727	83.460417	G#3	56	94	721	49.500000	G#3	56	80	
728	83.473958	B5	83	81	720	49.500000	B5	83	80	
729	83.586458	A5	81	74	723	49.562500	A5	81	80	
730	83.679167	G#5	80	76	724	49.625000	G#5	80	80	
731	83.779167	F#5	78	80	725	49.687500	F#5	78	80	
732	83.881250	D3	50	79	727	49.750000	D3	50	80	
733	83.881250	E5	76	82	726	49.750000	E5	76	80	
734	83.991667	D5	74	74	728	49.812500	D5	74	80	
735	84.094792	C5	72	76	729	49.875000	C5	72	80	
736	84.205208	B4	71	69	730	49.937500	B4	71	80	
737	84.311458	A3	57	99	732	50.000000	A3	57	80	
738	84.315625	C3	48	87	733	50.000000	C3	48	80	
739	84.325000	E5	76	86	731	50.000000	E5	76	80	
740	84.434375	D5	74	72	734	50.062500	D5	74	80	
741	84.520833	C5	72	68	735	50.125000	C5	72	80	
742	84.629167	B4	71	72	736	50.187500	B4	71	80	
743	84.748958	A4	69	70	737	50.250000	A4	69	80	
744	84.857292	G#4	68	66	738	50.312500	G#4	68	80	
745	84.969792	F#4	66	70	739	50.375000	F#4	66	80	
746	85.059375	E4	64	66	740	50.437500	E4	64	80	
747	85.170833	F3	53	96	742	50.500000	F3	53	80	
748	85.184375	A4	69	76	741	50.500000	A4	69	80	
749	85.289583	G4	67	76	743	50.562500	G4	67	80	
750	85.394792	F4	65	66	744	50.625000	F4	65	80	
751	85.487500	E4	64	72	745	50.687500	E4	64	80	
752	85.603125	D4	62	72	746	50.750000	D4	62	80	
753	85.709375	C4	60	71	747	50.812500	C4	60	80	
754	85.810417	B3	59	73	748	50.875000	B3	59	80	
755	85.914583	A3	57	66	749	50.937500	A3	57	80	
756	86.030208	G#2	44	98	751	51.000000	G#2	44	80	
757	86.030208	F4	65	83	750	51.000000	F4	65	80	
758	86.148958	E4	64	71	752	51.062500	E4	64	80	
759	86.254167	D4	62	69	753	51.125000	D4	62	80	
760	86.353125	C4	60	67	754	51.187500	C4	60	80	
761	86.452083	B3	59	75	755	51.250000	B3	59	80	
762	86.560417	A3	57	80	756	51.312500	A3	57	80	
763	86.670833	G#3	56	67	757	51.375000	G#3	56	80	
764	86.769792	F#3	54	65	758	51.437500	F#3	54	80	
765	86.880208	D4	62	86	759	51.500000	D4	62	80	
766	86.968750	C4	60	78	760	51.562500	C4	60	80	
767	87.086458	B3	59	77	761	51.625000	B3	59	80	
768	87.187500	A3	57	84	762	51.687500	A3	57	80	
769	87.294792	G#3	56	66	763	51.750000	G#3	56	80	
770	87.377083	F#3	54	77	764	51.812500	F#3	54	80	
771	87.484375	E3	52	77	765	51.875000	E3	52	80	
772	87.583333	Eb3	51	83	766	51.937500	Eb3	51	80	
773	87.687500	E3	52	88	767	52.000000	E3	52	80	
774	88.122917	D3	50	88	768	52.250000	D3	50	80	
775	88.227083	E4	64	82	769	52.312500	E4	64	80	
776	88.327083	F#4	66	82	770	52.375000	F#4	66	80	
777	88.430208	G#4	68	86	771	52.437500	G#4	68	80	
778	88.533333	A4	69	85	*	-1	*	-1	-1	
779	88.539583	B2	47	84	773	52.500000	B2	47	80	
780	88.647917	G#4	68	85	772	52.500000	G#4	68	80	
781	88.751042	A4	69	80	774	52.561458	A4	69	80	
782	88.854167	G#4	68	78	775	52.623958	G#4	68	80	
783	88.939583	E3	52	81	778	52.750000	E3	52	80	
784	88.943750	A4	69	78	776	52.687500	A4	69	80	
785	89.045833	G#4	68	80	777	52.748958	G#4	68	80	
786	89.151042	F#4	66	77	780	52.875000	F#4	66	80	
787	89.254167	G#4	68	84	781	52.937500	G#4	68	80	
788	89.356250	C3	48	85	783	53.000000	C3	48	80	
789	89.360417	A4	69	86	782	53.000000	A4	69	80	
790	89.796875	A2	45	82	784	53.250000	A2	45	80	
791	89.884375	B3	59	81	785	53.312500	B3	59	80	
792	90.002083	C4	60	78	786	53.375000	C4	60	80	
793	90.090625	D4	62	78	*	-1	*	-1	-1	
794	90.195833	D4	62	84	787	53.437500	D4	62	80	
795	90.223958	E2	40	81	789	53.500000	E2	40	80	
796	90.306250	C#4	61	82	788	53.500000	C#4	61	80	
797	90.426042	D4	62	82	790	53.561458	D4	62	80	
798	90.548958	C#4	61	72	791	53.623958	C#4	61	80	
799	90.618750	G2	43	88	794	53.750000	G2	43	80	
800	90.618750	D4	62	73	792	53.687500	D4	62	80	
801	90.715625	C#4	61	81	793	53.748958	C#4	61	80	
802	90.831250	B3	59	82	796	53.875000	B3	59	80	
803	90.943750	C#4	61	86	797	53.937500	C#4	61	80	
804	91.042708	F2	41	84	799	54.000000	F2	41	80	
805	91.062500	D4	62	89	798	54.000000	D4	62	80	
806	91.159375	E2	40	79	800	54.062500	E2	40	80	
807	91.260417	D2	38	83	801	54.125000	D2	38	80	
808	91.495833	B4	71	83	802	54.250000	B4	71	80	
809	91.503125	F4	65	80	803	54.250000	F4	65	80	
810	91.716667	E2	40	72	804	54.375000	E2	40	80	
811	91.825000	F2	41	83	805	54.437500	F2	41	80	
812	91.933333	E4	64	80	806	54.500000	E4	64	80	
813	91.938542	D2	38	84	808	54.500000	D2	38	80	
814	91.938542	G#3	56	81	807	54.500000	G#3	56	80	
815	92.048958	E2	40	81	809	54.561458	E2	40	80	
816	92.164583	F2	41	83	810	54.623958	F2	41	80	
817	92.296875	E2	40	80	811	54.687500	E2	40	80	
818	92.416667	G#4	68	84	813	54.750000	G#4	68	80	
819	92.429167	B3	59	81	814	54.750000	B3	59	80	
820	92.438542	F2	41	82	812	54.748958	F2	41	80	
821	92.579167	E2	40	81	815	54.811458	E2	40	80	
822	92.751042	D2	38	83	816	54.875000	D2	38	80	
823	92.961458	E2	40	84	817	54.937500	E2	40	80	
824	93.358333	A4	69	81	818	55.000000	A4	69	80	
825	93.363542	C#4	61	79	819	55.000000	C4	60	80	
826	93.375000	A1	33	75	821	55.000000	A1	33	80	
*	-1	*	-1	-1	122	13.500000	G#3	56	80	
*	-1	*	-1	-1	148	15.000000	G3	55	80	
*	-1	*	-1	-1	162	16.000000	F3	53	80	
*	-1	*	-1	-1	234	20.500000	B4	71	80	
*	-1	*	-1	-1	257	21.748958	F#3	54	80	
*	-1	*	-1	-1	345	27.500000	Eb4	63	80	
*	-1	*	-1	-1	820	55.000000	E4	64	80	
*	-1	*	-1	-1	822	55.000000	A2	45	80	
*	-1	*	-1	-1	42	7.500000	Eb3	51	80	
*	-1	*	-1	-1	269	22.500000	C#4	61	80	
*	-1	*	-1	-1	284	23.500000	G#4	68	80	
*	-1	*	-1	-1	481	35.811458	A2	45	80	
*	-1	*	-1	-1	501	36.811458	D3	50	80	
*	-1	*	-1	-1	521	37.811458	G3	55	80	
*	-1	*	-1	-1	540	38.811458	C4	60	80	
*	-1	*	-1	-1	551	39.437500	E4	64	80	
*	-1	*	-1	-1	576	40.811458	B4	71	80	
*	-1	*	-1	-1	621	43.500000	C#3	49	80	
*	-1	*	-1	-1	655	45.500000	B2	47	80	
*	-1	*	-1	-1	779	52.811458	A4	69	80	
*	-1	*	-1	-1	795	53.811458	D4	62	80	
