// alignID alignOntime alignSitch alignPitch alignOnvel refID refOntime refSitch refPitch refOnvel
0	0.500000	E4	64	79	0	0.500000	E4	64	80	
1	1.383333	C4	60	87	1	1.000000	C4	60	80	
2	2.382292	F4	65	86	2	1.500000	F4	65	80	
3	3.415625	G#3	56	93	3	2.000000	G#3	56	80	
4	5.720833	D4	62	52	4	3.250000	D4	62	80	
5	6.177083	B3	59	65	5	3.500000	B3	59	80	
6	6.635417	E4	64	74	6	3.750000	E4	64	80	
7	7.122917	C4	60	65	7	4.000000	C4	60	80	
8	7.575000	A3	57	67	8	4.250000	A3	57	80	
9	8.047917	F#3	54	35	10	4.500000	F#3	54	80	
10	8.061458	A4	69	93	9	4.500000	A4	69	80	
11	8.538542	Eb4	63	73	11	4.750000	Eb4	63	80	
12	8.995833	E3	52	44	13	5.000000	E3	52	80	
13	9.012500	G4	67	92	12	5.000000	G4	67	80	
14	9.487500	E4	64	81	14	5.250000	E4	64	80	
15	9.582292	D4	62	74	15	5.312500	D4	62	80	
16	9.695833	C4	60	70	16	5.375000	C4	60	80	
17	9.791667	B3	59	68	17	5.437500	B3	59	80	
18	9.921875	C5	72	103	18	5.500000	C5	72	80	
19	9.928125	A3	57	62	19	5.500000	A3	57	80	
20	10.385417	C4	60	83	20	5.750000	C4	60	80	
21	10.478125	B3	59	75	21	5.812500	B3	59	80	
22	10.579167	A3	57	71	22	5.875000	A3	57	80	
23	10.676042	G3	55	63	23	5.937500	G3	55	80	
24	10.801042	F#3	54	59	25	6.000000	F#3	54	80	
25	10.809375	Eb4	63	88	24	6.000000	Eb4	63	80	
26	10.921875	G3	55	61	26	6.062500	G3	55	80	
27	11.045833	A3	57	60	27	6.125000	A3	57	80	
28	11.407292	G3	55	52	28	6.312500	G3	55	80	
29	11.486458	F#3	54	59	29	6.375000	F#3	54	80	
30	11.610417	E3	52	52	30	6.437500	E3	52	80	
31	11.721875	Eb3	51	56	31	6.500000	Eb3	51	80	
32	11.833333	E3	52	53	32	6.562500	E3	52	80	
33	11.954167	F#3	54	51	33	6.625000	F#3	54	80	
34	12.259375	E3	52	53	34	6.812500	E3	52	80	
35	12.354167	Eb3	51	58	35	6.875000	Eb3	51	80	
36	12.443750	C#3	49	58	36	6.937500	C#3	49	80	
37	12.587500	B2	47	51	37	7.000000	B2	47	80	
38	13.027083	A4	69	68	38	7.250000	A4	69	80	
39	13.283333	C#3	49	51	39	7.375000	C#3	49	80	
40	13.386458	Eb3	51	60	40	7.437500	Eb3	51	80	
41	13.503125	F#4	66	74	41	7.500000	F#4	66	80	
42	13.510417	E3	52	55	*	-1	*	-1	-1	
43	13.638542	Eb3	51	52	42	7.500000	Eb3	51	80	
44	13.718750	E3	52	62	43	7.561458	E3	52	80	
45	13.778125	Eb3	51	64	44	7.623958	Eb3	51	80	
46	13.858333	E3	52	65	45	7.687500	E3	52	80	
47	13.905208	Eb3	51	68	46	7.748958	Eb3	51	80	
48	13.979167	B4	71	87	47	7.750000	B4	71	80	
49	13.988542	E3	52	70	48	7.811458	E3	52	80	
50	14.069792	Eb3	51	65	*	-1	*	-1	-1	
51	14.206250	C#3	49	61	49	7.875000	C#3	49	80	
52	14.309375	Eb3	51	68	50	7.937500	Eb3	51	80	
53	14.456250	G4	67	71	51	8.000000	G4	67	80	
54	14.462500	E3	52	56	52	8.000000	E3	52	80	
55	14.934375	E4	64	75	53	8.250000	E4	64	80	
56	15.044792	E3	52	73	54	8.312500	E3	52	80	
57	15.151042	F3	53	76	55	8.375000	F3	53	80	
58	15.251042	G3	55	78	56	8.437500	G3	55	80	
59	15.372917	C#4	61	69	57	8.500000	C#4	61	80	
60	15.403125	A3	57	59	58	8.500000	A3	57	80	
61	15.862500	A4	69	62	59	8.750000	A4	69	80	
62	15.984375	G3	55	51	60	8.812500	G3	55	80	
63	16.076042	F3	53	56	61	8.875000	F3	53	80	
64	16.177083	E3	52	58	62	8.937500	E3	52	80	
65	16.297917	F4	65	48	63	9.000000	F4	65	80	
66	16.322917	D3	50	39	64	9.000000	D3	50	80	
67	16.770833	D4	62	56	65	9.250000	D4	62	80	
68	16.876042	D3	50	56	66	9.312500	D3	50	80	
69	16.985417	E3	52	58	67	9.375000	E3	52	80	
70	17.079167	F3	53	61	68	9.437500	F3	53	80	
71	17.211458	B3	59	54	69	9.500000	B3	59	80	
72	17.220833	G3	55	44	70	9.500000	G3	55	80	
73	17.690625	G4	67	58	71	9.750000	G4	67	80	
74	17.791667	F3	53	55	72	9.812500	F3	53	80	
75	17.905208	E3	52	55	73	9.875000	E3	52	80	
76	18.001042	D3	50	62	74	9.937500	D3	50	80	
77	18.140625	C3	48	55	76	10.000000	C3	48	80	
78	18.155208	E4	64	66	75	10.000000	E4	64	80	
79	18.582292	A4	69	83	77	10.250000	A4	69	80	
80	18.838542	D3	50	84	78	10.375000	D3	50	80	
81	19.079167	E3	52	60	80	10.500000	E3	52	80	
82	19.080208	E5	76	84	79	10.500000	E5	76	80	
83	19.313542	F3	53	69	81	10.625000	F3	53	80	
84	19.403125	E3	52	75	82	10.687500	E3	52	80	
85	19.501042	D3	50	75	84	10.750000	D3	50	80	
86	19.518750	G#4	68	89	83	10.750000	G#4	68	80	
87	19.762500	E3	52	78	85	10.875000	E3	52	80	
88	20.026042	C5	72	104	86	11.000000	C5	72	80	
89	20.032292	F3	53	67	88	11.000000	F3	53	80	
90	20.032292	A3	57	61	87	11.000000	A3	57	80	
91	20.456250	A4	69	83	89	11.250000	A4	69	80	
92	20.558333	G4	67	67	90	11.312500	G4	67	80	
93	20.653125	F4	65	73	91	11.375000	F4	65	80	
94	20.762500	E4	64	73	92	11.437500	E4	64	80	
95	20.894792	F5	77	97	93	11.500000	F5	77	80	
96	20.903125	D4	62	61	94	11.500000	D4	62	80	
97	21.152083	F4	65	66	95	11.750000	F4	65	80	
98	21.246875	E4	64	72	96	11.812500	E4	64	80	
99	21.342708	D4	62	76	97	11.875000	D4	62	80	
100	21.451042	C4	60	75	98	11.937500	C4	60	80	
101	21.555208	B3	59	79	*	-1	*	-1	-1	
102	21.645833	A3	57	71	*	-1	*	-1	-1	
103	21.782292	G#4	68	86	99	12.000000	G#4	68	80	
104	21.785417	B3	59	83	100	12.000000	B3	59	80	
105	21.907292	C4	60	68	101	12.062500	C4	60	80	
106	22.041667	D4	62	62	102	12.125000	D4	62	80	
107	22.259375	F3	53	63	103	12.250000	F3	53	80	
108	22.382292	C4	60	56	104	12.312500	C4	60	80	
109	22.472917	B3	59	64	105	12.375000	B3	59	80	
110	22.583333	A3	57	73	106	12.437500	A3	57	80	
111	22.688542	G#3	56	74	107	12.500000	G#3	56	80	
112	22.702083	B2	47	48	108	12.500000	B2	47	80	
113	22.806250	A3	57	73	109	12.562500	A3	57	80	
114	22.935417	B3	59	84	110	12.625000	B3	59	80	
115	23.166667	D3	50	67	111	12.750000	D3	50	80	
116	23.253125	A3	57	66	112	12.812500	A3	57	80	
117	23.371875	G#3	56	78	113	12.875000	G#3	56	80	
118	23.475000	F#3	54	75	114	12.937500	F#3	54	80	
119	23.609375	E3	52	79	115	13.000000	E3	52	80	
120	23.610417	G#2	44	60	116	13.000000	G#2	44	80	
121	24.085417	B2	47	56	118	13.250000	B2	47	80	
122	24.106250	D5	74	89	117	13.250000	D5	74	80	
123	24.336458	F#3	54	64	119	13.375000	F#3	54	80	
124	24.431250	G#3	56	74	120	13.437500	G#3	56	80	
125	24.563542	E3	52	51	123	13.500000	E3	52	80	
126	24.590625	B4	71	85	121	13.500000	B4	71	80	
127	24.598958	A3	57	50	124	13.561458	A3	57	80	
128	24.730208	G#3	56	70	125	13.623958	G#3	56	80	
129	24.817708	A3	57	68	126	13.687500	A3	57	80	
130	24.901042	G#3	56	73	*	-1	*	-1	-1	
131	24.963542	A3	57	70	*	-1	*	-1	-1	
132	25.034375	G#3	56	69	127	13.748958	G#3	56	80	
133	25.047917	E5	76	91	128	13.750000	E5	76	80	
134	25.108333	A3	57	64	129	13.811458	A3	57	80	
135	25.204167	G#3	56	54	*	-1	*	-1	-1	
136	25.242708	F#3	54	66	130	13.875000	F#3	54	80	
137	25.348958	G#3	56	80	131	13.937500	G#3	56	80	
138	25.515625	A3	57	50	133	14.000000	A3	57	80	
139	25.522917	C5	72	83	132	14.000000	C5	72	80	
140	25.530208	A2	45	47	134	14.000000	A2	45	80	
141	26.013542	A4	69	78	135	14.250000	A4	69	80	
142	26.123958	A3	57	72	136	14.312500	A3	57	80	
143	26.223958	B3	59	74	137	14.375000	B3	59	80	
144	26.320833	C4	60	78	138	14.437500	C4	60	80	
145	26.476042	D4	62	52	140	14.500000	D4	62	80	
146	26.481250	F#4	66	64	139	14.500000	F#4	66	80	
147	26.956250	D5	74	56	141	14.750000	D5	74	80	
148	26.976042	F#3	54	38	142	14.750000	F#3	54	80	
149	27.097917	C4	60	47	143	14.812500	C4	60	80	
150	27.186458	B3	59	56	144	14.875000	B3	59	80	
151	27.285417	A3	57	57	145	14.937500	A3	57	80	
152	27.417708	B4	71	51	146	15.000000	B4	71	80	
153	27.459375	G3	55	39	147	15.000000	G3	55	80	
154	27.901042	G4	67	52	149	15.250000	G4	67	80	
155	28.029167	G3	55	34	150	15.312500	G3	55	80	
156	28.106250	A3	57	57	151	15.375000	A3	57	80	
157	28.201042	B3	59	57	152	15.437500	B3	59	80	
158	28.338542	C4	60	37	154	15.500000	C4	60	80	
159	28.339583	E4	64	49	153	15.500000	E4	64	80	
160	28.788542	E3	52	38	156	15.750000	E3	52	80	
161	28.795833	C5	72	57	155	15.750000	C5	72	80	
162	28.909375	Bb3	58	47	157	15.812500	Bb3	58	80	
163	29.030208	A3	57	52	158	15.875000	A3	57	80	
164	29.127083	G3	55	50	159	15.937500	G3	55	80	
165	29.265625	A4	69	58	160	16.000000	A4	69	80	
166	29.266667	F3	53	46	161	16.000000	F3	53	80	
167	29.501042	F4	65	54	163	16.125000	F4	65	80	
168	29.723958	G3	55	55	165	16.250000	G3	55	80	
169	29.732292	B4	71	77	164	16.250000	B4	71	80	
170	29.952083	F4	65	64	166	16.375000	F4	65	80	
171	30.208333	A3	57	49	168	16.500000	A3	57	80	
172	30.216667	C5	72	71	167	16.500000	C5	72	80	
173	30.341667	E4	64	69	169	16.562500	E4	64	80	
174	30.438542	F4	65	72	170	16.625000	F4	65	80	
175	30.543750	G4	67	74	171	16.687500	G4	67	80	
176	30.640625	G3	55	61	173	16.750000	G3	55	80	
177	30.644792	A4	69	83	172	16.750000	A4	69	80	
178	30.751042	G4	67	76	174	16.812500	G4	67	80	
179	30.838542	F4	65	75	175	16.875000	F4	65	80	
180	30.946875	E4	64	80	176	16.937500	E4	64	80	
181	31.069792	D4	62	61	177	17.000000	D4	62	80	
182	31.071875	F3	53	63	178	17.000000	F3	53	80	
183	31.183333	C5	72	80	179	17.062500	C5	72	80	
184	31.290625	D5	74	72	180	17.125000	D5	74	80	
185	31.391667	E5	76	73	181	17.187500	E5	76	80	
186	31.491667	D3	50	65	183	17.250000	D3	50	80	
187	31.494792	F5	77	82	182	17.250000	F5	77	80	
188	31.601042	E5	76	75	184	17.312500	E5	76	80	
189	31.702083	D5	74	70	185	17.375000	D5	74	80	
190	31.797917	C5	72	74	186	17.437500	C5	72	80	
191	31.919792	B4	71	86	187	17.500000	B4	71	80	
192	31.921875	G3	55	69	188	17.500000	G3	55	80	
193	32.041667	D4	62	62	189	17.562500	D4	62	80	
194	32.153125	E4	64	70	190	17.625000	E4	64	80	
195	32.267708	F4	65	71	191	17.687500	F4	65	80	
196	32.368750	F3	53	55	193	17.750000	F3	53	80	
197	32.386458	G4	67	80	192	17.750000	G4	67	80	
198	32.491667	F4	65	78	194	17.812500	F4	65	80	
199	32.594792	E4	64	82	195	17.875000	E4	64	80	
200	32.697917	D4	62	85	196	17.937500	D4	62	80	
201	32.812500	C4	60	84	197	18.000000	C4	60	80	
202	32.813542	E3	52	76	198	18.000000	E3	52	80	
203	33.282292	G3	55	48	200	18.250000	G3	55	80	
204	33.314583	C6	84	82	199	18.250000	C6	84	80	
205	33.422917	B5	83	79	201	18.312500	B5	83	80	
206	33.520833	A5	81	89	202	18.375000	A5	81	80	
207	33.618750	G5	79	92	203	18.437500	G5	79	80	
208	33.747917	C4	60	50	205	18.500000	C4	60	80	
209	33.748958	A3	57	43	206	18.500000	A3	57	80	
210	33.748958	F5	77	87	204	18.500000	F5	77	80	
211	34.222917	F4	65	43	208	18.750000	F4	65	80	
212	34.236458	A5	81	75	207	18.750000	A5	81	80	
213	34.354167	G5	79	65	209	18.812500	G5	79	80	
214	34.453125	F5	77	61	210	18.875000	F5	77	80	
215	34.562500	E5	76	56	211	18.937500	E5	76	80	
216	34.639583	B2	47	48	213	19.000000	B2	47	80	
217	34.679167	D5	74	52	212	19.000000	D5	74	80	
218	34.802083	E5	76	54	214	19.062500	E5	76	80	
219	34.909375	F5	77	49	215	19.125000	F5	77	80	
220	35.141667	D4	62	49	216	19.250000	A4	69	80	
221	35.222917	E5	76	57	217	19.312500	E5	76	80	
222	35.338542	D5	74	55	218	19.375000	D5	74	80	
223	35.442708	C5	72	62	219	19.437500	C5	72	80	
224	35.564583	F4	65	41	221	19.500000	D4	62	80	
225	35.567708	B4	71	58	220	19.500000	B4	71	80	
226	35.683333	C5	72	64	222	19.562500	C5	72	80	
227	35.800000	D5	74	58	223	19.625000	D5	74	80	
228	36.019792	D4	62	49	224	19.750000	F4	65	80	
229	36.128125	C5	72	64	225	19.812500	C5	72	80	
230	36.228125	B4	71	66	226	19.875000	B4	71	80	
231	36.335417	A4	69	67	227	19.937500	A4	69	80	
232	36.487500	G4	67	58	228	20.000000	G4	67	80	
233	36.497917	B3	59	51	229	20.000000	B3	59	80	
234	36.966667	F3	53	72	231	20.250000	F3	53	80	
235	36.966667	D4	62	72	230	20.250000	D4	62	80	
236	37.214583	A4	69	71	232	20.375000	A4	69	80	
237	37.319792	B4	71	73	233	20.437500	B4	71	80	
238	37.438542	C5	72	79	*	-1	*	-1	-1	
239	37.454167	D3	50	69	236	20.500000	D3	50	80	
240	37.459375	F4	65	66	235	20.500000	F4	65	80	
241	37.564583	B4	71	77	234	20.500000	B4	71	80	
242	37.671875	C5	72	74	237	20.561458	C5	72	80	
243	37.762500	B4	71	81	238	20.623958	B4	71	80	
244	37.853125	C5	72	74	239	20.687500	C5	72	80	
245	37.887500	D4	62	84	241	20.750000	D4	62	80	
246	37.896875	G3	55	72	242	20.750000	G3	55	80	
247	37.950000	B4	71	79	240	20.748958	B4	71	80	
248	38.103125	A4	69	78	244	20.875000	A4	69	80	
249	38.209375	B4	71	84	245	20.937500	B4	71	80	
250	38.312500	E3	52	71	248	21.000000	E3	52	80	
251	38.325000	G4	67	75	247	21.000000	G4	67	80	
252	38.330208	C5	72	84	246	21.000000	C5	72	80	
253	38.807292	C4	60	84	249	21.250000	C4	60	80	
254	39.032292	E3	52	67	250	21.375000	E3	52	80	
255	39.121875	F#3	54	76	251	21.437500	F#3	54	80	
256	39.255208	G3	55	64	*	-1	*	-1	-1	
257	39.268750	A3	57	85	252	21.500000	A3	57	80	
258	39.389583	F#3	54	68	253	21.500000	F#3	54	80	
259	39.492708	G3	55	59	254	21.561458	G3	55	80	
260	39.559375	F#3	54	71	255	21.623958	F#3	54	80	
261	39.636458	G3	55	72	256	21.687500	G3	55	80	
262	39.689583	F#3	54	70	257	21.748958	F#3	54	80	
263	39.742708	D4	62	88	258	21.750000	D4	62	80	
264	39.777083	G3	55	75	259	21.811458	G3	55	80	
265	39.855208	F#3	54	66	*	-1	*	-1	-1	
266	39.965625	E3	52	62	260	21.875000	E3	52	80	
267	40.082292	F#3	54	78	261	21.937500	F#3	54	80	
268	40.216667	B3	59	88	262	22.000000	B3	59	80	
269	40.234375	G3	55	63	263	22.000000	G3	55	80	
270	40.692708	E3	52	55	265	22.250000	E3	52	80	
271	40.713542	G4	67	89	264	22.250000	G4	67	80	
272	40.950000	B3	59	73	266	22.375000	B3	59	80	
273	41.044792	C#4	61	68	267	22.437500	C#4	61	80	
274	41.156250	A3	57	49	270	22.500000	A3	57	80	
275	41.185417	D4	62	56	*	-1	*	-1	-1	
276	41.206250	E4	64	83	268	22.500000	E4	64	80	
277	41.331250	C#4	61	63	269	22.500000	C#4	61	80	
278	41.431250	D4	62	65	271	22.561458	D4	62	80	
279	41.510417	C#4	61	64	272	22.623958	C#4	61	80	
280	41.565625	D4	62	76	273	22.687500	D4	62	80	
281	41.635417	C#4	61	70	274	22.748958	C#4	61	80	
282	41.668750	A4	69	88	275	22.750000	A4	69	80	
283	41.709375	D4	62	64	276	22.811458	D4	62	80	
284	41.781250	C#4	61	52	*	-1	*	-1	-1	
285	41.889583	B3	59	76	277	22.875000	B3	59	80	
286	41.988542	C#4	61	77	278	22.937500	C#4	61	80	
287	42.129167	D4	62	64	280	23.000000	D4	62	80	
288	42.153125	F#4	66	79	279	23.000000	F#4	66	80	
289	42.625000	D3	50	61	281	23.250000	D3	50	80	
290	42.881250	F#4	66	63	282	23.375000	F#4	66	80	
291	42.985417	G#4	68	57	283	23.437500	G#4	68	80	
292	43.085417	A4	69	62	*	-1	*	-1	-1	
293	43.101042	B2	47	37	285	23.500000	B2	47	80	
294	43.206250	G#4	68	62	284	23.500000	G#4	68	80	
295	43.296875	A4	69	64	286	23.561458	A4	69	80	
296	43.392708	G#4	68	68	287	23.623958	G#4	68	80	
297	43.457292	A4	69	68	288	23.687500	A4	69	80	
298	43.537500	G#4	68	73	289	23.748958	G#4	68	80	
299	43.564583	E3	52	53	290	23.750000	E3	52	80	
300	43.615625	A4	69	60	291	23.811458	A4	69	80	
301	43.667708	G#4	68	62	*	-1	*	-1	-1	
302	43.764583	F#4	66	63	292	23.875000	F#4	66	80	
303	43.848958	G#4	68	71	293	23.937500	G#4	68	80	
304	43.984375	A4	69	65	294	24.000000	A4	69	80	
305	44.004167	C3	48	51	295	24.000000	C3	48	80	
306	44.211458	B4	71	66	296	24.125000	B4	71	80	
307	44.302083	C5	72	75	297	24.187500	C5	72	80	
308	44.410417	D5	74	76	298	24.250000	D5	74	80	
309	44.427083	A2	45	50	299	24.250000	A2	45	80	
310	44.520833	E5	76	77	300	24.312500	E5	76	80	
311	44.634375	F#5	78	73	301	24.375000	F#5	78	80	
312	44.746875	G#5	80	75	302	24.437500	G#5	80	80	
313	44.870833	F#2	42	45	304	24.500000	F#2	42	80	
314	44.901042	A5	81	80	303	24.500000	A5	81	80	
315	45.137500	C5	72	82	305	24.625000	C5	72	80	
316	45.368750	B4	71	88	306	24.750000	B4	71	80	
317	45.383333	Eb3	51	58	307	24.750000	Eb3	51	80	
318	45.594792	F#5	78	88	308	24.875000	F#5	78	80	
319	45.846875	G5	79	99	309	25.000000	G5	79	80	
320	45.857292	E2	40	61	310	25.000000	E2	40	80	
321	46.095833	B4	71	75	311	25.125000	B4	71	80	
322	46.332292	E5	76	85	312	25.250000	E5	76	80	
323	46.429167	D5	74	83	313	25.312500	D5	74	80	
324	46.533333	C5	72	84	314	25.375000	C5	72	80	
325	46.634375	B4	71	87	315	25.437500	B4	71	80	
326	46.782292	A4	69	60	317	25.500000	A4	69	80	
327	46.782292	C6	84	103	316	25.500000	C6	84	80	
328	47.219792	C5	72	73	318	25.750000	C5	72	80	
329	47.334375	B4	71	70	319	25.812500	B4	71	80	
330	47.422917	A4	69	76	320	25.875000	A4	69	80	
331	47.541667	G4	67	73	321	25.937500	G4	67	80	
332	47.651042	Eb5	75	79	322	26.000000	Eb5	75	80	
333	47.654167	F#4	66	77	323	26.000000	F#4	66	80	
334	47.766667	G4	67	71	324	26.062500	G4	67	80	
335	47.888542	A4	69	68	325	26.125000	A4	69	80	
336	48.121875	C4	60	56	326	26.250000	C4	60	80	
337	48.209375	G4	67	67	327	26.312500	G4	67	80	
338	48.318750	F#4	66	73	328	26.375000	F#4	66	80	
339	48.429167	E4	64	70	329	26.437500	E4	64	80	
340	48.541667	F#3	54	67	331	26.500000	F#3	54	80	
341	48.544792	Eb4	63	77	330	26.500000	Eb4	63	80	
342	48.650000	E4	64	76	332	26.562500	E4	64	80	
343	48.767708	F#4	66	76	333	26.625000	F#4	66	80	
344	49.023958	A3	57	84	334	26.750000	A3	57	80	
345	49.121875	E4	64	72	335	26.812500	E4	64	80	
346	49.234375	Eb4	63	77	336	26.875000	Eb4	63	80	
347	49.341667	C#4	61	80	337	26.937500	C#4	61	80	
348	49.469792	Eb3	51	74	339	27.000000	Eb3	51	80	
349	49.473958	B3	59	92	338	27.000000	B3	59	80	
350	49.951042	F#3	54	66	341	27.250000	F#3	54	80	
351	49.962500	A5	81	92	340	27.250000	A5	81	80	
352	50.183333	C#4	61	61	342	27.375000	C#4	61	80	
353	50.281250	Eb4	63	74	343	27.437500	Eb4	63	80	
354	50.420833	B3	59	53	346	27.500000	B3	59	80	
355	50.439583	E4	64	59	*	-1	*	-1	-1	
356	50.453125	F#5	78	91	344	27.500000	F#5	78	80	
357	50.600000	Eb4	63	67	345	27.500000	Eb4	63	80	
358	50.696875	E4	64	71	347	27.561458	E4	64	80	
359	50.778125	Eb4	63	67	348	27.623958	Eb4	63	80	
360	50.831250	E4	64	77	349	27.687500	E4	64	80	
361	50.882292	B3	59	8	*	-1	*	-1	-1	
362	50.900000	Eb4	63	67	350	27.748958	Eb4	63	80	
363	50.943750	B5	83	93	351	27.750000	B5	83	80	
364	50.967708	E4	64	62	352	27.811458	E4	64	80	
365	51.072917	Eb4	63	61	*	-1	*	-1	-1	
366	51.166667	C#4	61	69	353	27.875000	C#4	61	80	
367	51.266667	Eb4	63	74	354	27.937500	Eb4	63	80	
368	51.406250	E4	64	67	356	28.000000	E4	64	80	
369	51.422917	G5	79	85	355	28.000000	G5	79	80	
370	51.427083	E3	52	50	357	28.000000	E3	52	80	
371	51.922917	E5	76	76	358	28.250000	E5	76	80	
372	52.032292	E2	40	76	359	28.312500	E2	40	80	
373	52.141667	F2	41	69	360	28.375000	F2	41	80	
374	52.242708	G2	43	69	361	28.437500	G2	43	80	
375	52.384375	A2	45	55	363	28.500000	A2	45	80	
376	52.390625	C#5	73	65	362	28.500000	C#5	73	80	
377	52.865625	A5	81	61	364	28.750000	A5	81	80	
378	52.968750	G2	43	50	365	28.812500	G2	43	80	
379	53.083333	F2	41	56	366	28.875000	F2	41	80	
380	53.176042	E2	40	55	367	28.937500	E2	40	80	
381	53.332292	D2	38	51	369	29.000000	D2	38	80	
382	53.334375	F5	77	60	368	29.000000	F5	77	80	
383	53.782292	D4	62	47	370	29.250000	D4	62	80	
384	53.894792	D5	74	49	371	29.312500	D5	74	80	
385	54.009375	E5	76	56	372	29.375000	E5	76	80	
386	54.115625	F5	77	64	373	29.437500	F5	77	80	
387	54.248958	B3	59	43	375	29.500000	B3	59	80	
388	54.258333	G5	79	61	374	29.500000	G5	79	80	
389	54.751042	G4	67	39	376	29.750000	G4	67	80	
390	54.845833	F5	77	52	377	29.812500	F5	77	80	
391	54.976042	E5	76	59	378	29.875000	E5	76	80	
392	55.067708	D5	74	60	379	29.937500	D5	74	80	
393	55.187500	E4	64	43	381	30.000000	E4	64	80	
394	55.200000	C5	72	59	380	30.000000	C5	72	80	
395	55.679167	A3	57	45	382	30.250000	A3	57	80	
396	55.781250	E5	76	52	383	30.312500	E5	76	80	
397	55.886458	F5	77	58	384	30.375000	F5	77	80	
398	55.991667	G5	79	64	385	30.437500	G5	79	80	
399	56.120833	A5	81	61	386	30.500000	A5	81	80	
400	56.128125	F3	53	49	387	30.500000	F3	53	80	
401	56.232292	Bb5	82	65	388	30.562500	Bb5	82	80	
402	56.345833	A5	81	68	389	30.625000	A5	81	80	
403	56.438542	G5	79	75	390	30.687500	G5	79	80	
404	56.555208	D4	62	57	392	30.750000	D4	62	80	
405	56.559375	F5	77	67	391	30.750000	F5	77	80	
406	56.662500	E5	76	74	393	30.812500	E5	76	80	
407	56.770833	D5	74	72	394	30.875000	D5	74	80	
408	56.872917	C5	72	75	395	30.937500	C5	72	80	
409	56.981250	B4	71	76	396	31.000000	B4	71	80	
410	56.984375	G#3	56	62	397	31.000000	G#3	56	80	
411	57.094792	C5	72	80	398	31.062500	C5	72	80	
412	57.205208	B4	71	73	399	31.125000	B4	71	80	
413	57.305208	A4	69	73	400	31.187500	A4	69	80	
414	57.418750	G#4	68	79	401	31.250000	G#4	68	80	
415	57.429167	E3	52	71	402	31.250000	E3	52	80	
416	57.518750	F#4	66	74	403	31.312500	F#4	66	80	
417	57.639583	E4	64	75	404	31.375000	E4	64	80	
418	57.740625	D4	62	79	405	31.437500	D4	62	80	
419	57.857292	C4	60	79	406	31.500000	C4	60	80	
420	57.865625	A3	57	71	407	31.500000	A3	57	80	
421	57.971875	E4	64	84	408	31.562500	E4	64	80	
422	58.075000	F4	65	79	409	31.625000	F4	65	80	
423	58.180208	G4	67	76	410	31.687500	G4	67	80	
424	58.289583	C5	72	88	411	31.750000	C5	72	80	
425	58.302083	A4	69	83	412	31.750000	A4	69	80	
426	58.409375	G4	67	74	413	31.812500	G4	67	80	
427	58.513542	F4	65	81	414	31.875000	F4	65	80	
428	58.612500	E4	64	79	415	31.937500	E4	64	80	
429	58.731250	B4	71	85	416	32.000000	B4	71	80	
430	58.734375	D4	62	75	417	32.000000	D4	62	80	
431	58.832292	A3	57	67	418	32.062500	A3	57	80	
432	58.940625	B3	59	67	419	32.125000	B3	59	80	
433	59.038542	C4	60	68	420	32.187500	C4	60	80	
434	59.158333	D4	62	63	422	32.250000	D4	62	80	
435	59.186458	F4	65	76	421	32.250000	F4	65	80	
436	59.280208	C4	60	61	423	32.312500	C4	60	80	
437	59.371875	B3	59	74	424	32.375000	B3	59	80	
438	59.468750	A3	57	77	425	32.437500	A3	57	80	
439	59.595833	G#3	56	69	427	32.500000	G#3	56	80	
440	59.619792	B3	59	89	426	32.500000	B3	59	80	
441	59.740625	A3	57	76	428	32.562500	A3	57	80	
442	59.848958	G#3	56	83	429	32.625000	G#3	56	80	
443	59.945833	F#3	54	76	430	32.687500	F#3	54	80	
444	60.047917	D4	62	90	431	32.750000	D4	62	80	
445	60.076042	E3	52	80	432	32.750000	E3	52	80	
446	60.184375	D3	50	80	433	32.812500	D3	50	80	
447	60.275000	C3	48	78	434	32.875000	C3	48	80	
448	60.381250	B2	47	76	435	32.937500	B2	47	80	
449	60.534375	A2	45	73	437	33.000000	A2	45	80	
450	60.550000	C4	60	91	436	33.000000	C4	60	80	
451	60.784375	E4	64	89	438	33.125000	E4	64	80	
452	61.037500	A4	69	98	439	33.250000	A4	69	80	
453	61.043750	A3	57	69	440	33.250000	A3	57	80	
454	61.144792	G3	55	73	441	33.312500	G3	55	80	
455	61.241667	F3	53	78	442	33.375000	F3	53	80	
456	61.347917	E3	52	74	443	33.437500	E3	52	80	
457	61.489583	D3	50	77	445	33.500000	D3	50	80	
458	61.512500	F4	65	87	444	33.500000	F4	65	80	
459	61.741667	A3	57	82	446	33.625000	A3	57	80	
460	61.983333	D4	62	81	447	33.750000	D4	62	80	
461	61.991667	F3	53	73	448	33.750000	F3	53	80	
462	62.095833	E3	52	70	449	33.812500	E3	52	80	
463	62.190625	D3	50	74	450	33.875000	D3	50	80	
464	62.296875	C3	48	60	451	33.937500	C3	48	80	
465	62.426042	B2	47	52	453	34.000000	B2	47	80	
466	62.451042	G#3	56	80	452	34.000000	G#3	56	80	
467	62.556250	C3	48	61	454	34.062500	C3	48	80	
468	62.681250	D3	50	58	455	34.125000	D3	50	80	
469	62.963542	F5	77	64	456	34.250000	F5	77	80	
470	63.045833	C3	48	52	457	34.312500	C3	48	80	
471	63.159375	B2	47	63	458	34.375000	B2	47	80	
472	63.258333	A2	45	67	459	34.437500	A2	45	80	
473	63.396875	G#2	44	54	461	34.500000	G#2	44	80	
474	63.416667	B4	71	76	460	34.500000	B4	71	80	
475	63.534375	A2	45	57	462	34.562500	A2	45	80	
476	63.664583	B2	47	55	463	34.625000	B2	47	80	
477	63.923958	D5	74	63	464	34.750000	D5	74	80	
478	64.038542	A2	45	55	465	34.812500	A2	45	80	
479	64.131250	G#2	44	62	466	34.875000	G#2	44	80	
480	64.242708	F#2	42	60	467	34.937500	F#2	42	80	
481	64.393750	E2	40	44	469	35.000000	E2	40	80	
482	64.406250	G#4	68	70	468	35.000000	G#4	68	80	
483	64.888542	D4	62	83	470	35.250000	D4	62	80	
484	65.130208	F#2	42	69	471	35.375000	F#2	42	80	
485	65.233333	G#2	44	74	472	35.437500	G#2	44	80	
486	65.357292	B4	71	90	473	35.500000	B4	71	80	
487	65.364583	B3	59	87	474	35.500000	B3	59	80	
488	65.382292	A2	45	55	*	-1	*	-1	-1	
489	65.509375	G#2	44	68	475	35.500000	G#2	44	80	
490	65.591667	A2	45	72	476	35.561458	A2	45	80	
491	65.681250	G#2	44	78	477	35.623958	G#2	44	80	
492	65.754167	A2	45	65	478	35.687500	A2	45	80	
493	65.815625	G#2	44	64	479	35.748958	G#2	44	80	
494	65.848958	E4	64	88	480	35.750000	E4	64	80	
495	65.896875	A2	45	71	481	35.811458	A2	45	80	
496	65.992708	G#2	44	58	*	-1	*	-1	-1	
497	66.081250	F#2	42	71	482	35.875000	F#2	42	80	
498	66.181250	G#2	44	79	483	35.937500	G#2	44	80	
499	66.330208	C4	60	93	484	36.000000	C4	60	80	
500	66.334375	A2	45	67	485	36.000000	A2	45	80	
501	66.791667	E5	76	85	486	36.250000	E5	76	80	
502	66.900000	D5	74	82	487	36.312500	D5	74	80	
503	67.002083	C5	72	92	488	36.375000	C5	72	80	
504	67.010417	B2	47	60	489	36.375000	B2	47	80	
505	67.110417	B4	71	90	490	36.437500	B4	71	80	
506	67.120833	C3	48	70	491	36.437500	C3	48	80	
507	67.230208	A4	69	96	492	36.500000	A4	69	80	
508	67.233333	C#3	49	73	493	36.500000	C#3	49	80	
509	67.360417	D3	50	77	494	36.561458	D3	50	80	
510	67.454167	C#5	73	88	496	36.625000	C#5	73	80	
511	67.476042	C#3	49	71	495	36.623958	C#3	49	80	
512	67.571875	E5	76	87	497	36.687500	E5	76	80	
513	67.579167	D3	50	76	498	36.687500	D3	50	80	
514	67.687500	C#3	49	75	499	36.748958	C#3	49	80	
515	67.705208	G5	79	95	500	36.750000	G5	79	80	
516	67.752083	F5	77	41	*	-1	*	-1	-1	
517	67.803125	D3	50	76	501	36.811458	D3	50	80	
518	67.930208	B2	47	71	502	36.875000	B2	47	80	
519	68.043750	C#3	49	80	503	36.937500	C#3	49	80	
520	68.201042	F5	77	80	504	37.000000	F5	77	80	
521	68.223958	D3	50	60	505	37.000000	D3	50	80	
522	68.655208	A4	69	49	506	37.250000	A4	69	80	
523	68.767708	G4	67	58	507	37.312500	G4	67	80	
524	68.862500	E3	52	37	509	37.375000	E3	52	80	
525	68.873958	F4	65	53	508	37.375000	F4	65	80	
526	68.964583	F3	53	44	511	37.437500	F3	53	80	
527	68.966667	E4	64	60	510	37.437500	E4	64	80	
528	69.079167	F#3	54	55	513	37.500000	F#3	54	80	
529	69.090625	D4	62	54	512	37.500000	D4	62	80	
530	69.219792	G3	55	51	514	37.561458	G3	55	80	
531	69.308333	F#4	66	55	516	37.625000	F#4	66	80	
532	69.318750	F#3	54	49	515	37.623958	F#3	54	80	
533	69.401042	A4	69	62	517	37.687500	G4	67	80	
534	69.437500	G3	55	53	518	37.687500	G3	55	80	
535	69.496875	C5	72	69	520	37.750000	C5	72	80	
536	69.533333	F#3	54	49	519	37.748958	F#3	54	80	
537	69.622917	G3	55	61	521	37.811458	G3	55	80	
538	69.737500	E3	52	55	522	37.875000	E3	52	80	
539	69.842708	F#3	54	66	523	37.937500	F#3	54	80	
540	69.976042	B4	71	71	524	38.000000	B4	71	80	
541	69.988542	G3	55	46	525	38.000000	G3	55	80	
542	70.197917	D5	74	82	526	38.125000	D5	74	80	
543	70.292708	C5	72	91	527	38.187500	C5	72	80	
544	70.403125	B4	71	96	528	38.250000	B4	71	80	
545	70.640625	C5	72	93	529	38.375000	C5	72	80	
546	70.663542	A3	57	57	530	38.375000	A3	57	80	
547	70.739583	D5	74	87	531	38.437500	D5	74	80	
548	70.747917	B3	59	70	532	38.437500	B3	59	80	
549	70.861458	G4	67	92	533	38.500000	G4	67	80	
550	70.871875	C4	60	69	535	38.561458	C4	60	80	
551	70.995833	B3	59	72	536	38.623958	B3	59	80	
552	71.095833	C4	60	62	537	38.687500	C4	60	80	
553	71.172917	B3	59	72	538	38.748958	B3	59	80	
554	71.255208	C4	60	69	*	-1	*	-1	-1	
555	71.308333	B3	59	64	*	-1	*	-1	-1	
556	71.344792	F5	77	96	539	38.750000	F5	77	80	
557	71.385417	C4	60	68	540	38.811458	C4	60	80	
558	71.489583	B3	59	60	*	-1	*	-1	-1	
559	71.582292	A3	57	72	541	38.875000	A3	57	80	
560	71.690625	B3	59	81	542	38.937500	B3	59	80	
561	71.842708	E5	76	77	543	39.000000	E5	76	80	
562	71.853125	C4	60	55	544	39.000000	C4	60	80	
563	72.082292	G4	67	56	545	39.125000	G4	67	80	
564	72.185417	F4	65	60	546	39.187500	F4	65	80	
565	72.314583	E4	64	53	547	39.250000	E4	64	80	
566	72.525000	F4	65	56	548	39.375000	F4	65	80	
567	72.535417	D4	62	47	549	39.375000	D4	62	80	
568	72.631250	G4	67	58	550	39.437500	G4	67	80	
569	72.659375	E4	64	35	551	39.437500	E4	64	80	
570	72.772917	C4	60	53	552	39.500000	C4	60	80	
571	72.796875	F4	65	25	*	-1	*	-1	-1	
572	72.869792	E4	64	48	553	39.500000	E4	64	80	
573	72.996875	F4	65	47	554	39.561458	F4	65	80	
574	73.055208	E4	64	44	555	39.623958	E4	64	80	
575	73.143750	F4	65	56	556	39.687500	F4	65	80	
576	73.187500	Bb4	70	63	558	39.750000	Bb4	70	80	
577	73.230208	E4	64	53	557	39.748958	E4	64	80	
578	73.384375	D4	62	44	560	39.875000	D4	62	80	
579	73.495833	E4	64	57	561	39.937500	E4	64	80	
580	73.617708	A4	69	60	562	40.000000	A4	69	80	
581	73.646875	F4	65	41	563	40.000000	F4	65	80	
582	73.853125	B4	71	68	564	40.125000	B4	71	80	
583	73.960417	C#5	73	67	565	40.187500	C#5	73	80	
584	74.059375	D5	74	67	566	40.250000	D5	74	80	
585	74.300000	G4	67	43	567	40.375000	G4	67	80	
586	74.397917	A4	69	56	568	40.437500	A4	69	80	
587	74.529167	A5	81	67	569	40.500000	A5	81	80	
588	74.553125	Bb4	70	50	570	40.500000	A4	69	80	
589	74.657292	A4	69	60	571	40.561458	B4	71	80	
590	74.817708	Bb4	70	13	*	-1	*	-1	-1	
591	74.842708	A4	69	47	572	40.623958	A4	69	80	
592	74.886458	Bb4	70	38	573	40.687500	B4	71	80	
593	74.969792	C#5	73	68	575	40.750000	C#5	73	80	
594	74.997917	A4	69	58	574	40.748958	A4	69	80	
595	75.221875	G4	67	44	577	40.875000	G4	67	80	
596	75.313542	A4	69	64	578	40.937500	A4	69	80	
597	75.455208	F5	77	69	579	41.000000	F5	77	80	
598	75.459375	Bb4	70	51	581	41.000000	Bb4	70	80	
599	75.479167	D5	74	53	580	41.000000	D5	74	80	
600	75.692708	Bb3	58	52	582	41.125000	Bb3	58	80	
601	75.793750	C4	60	53	583	41.187500	C4	60	80	
602	75.905208	D4	62	66	584	41.250000	D4	62	80	
603	76.014583	C4	60	57	585	41.312500	C4	60	80	
604	76.132292	Bb3	58	55	586	41.375000	Bb3	58	80	
605	76.232292	A3	57	63	587	41.437500	A3	57	80	
606	76.344792	Bb5	82	80	588	41.500000	Bb5	82	80	
607	76.347917	G3	55	59	589	41.500000	G3	55	80	
608	76.471875	F3	53	55	590	41.562500	F3	53	80	
609	76.596875	G3	55	56	591	41.625000	G3	55	80	
610	76.693750	A3	57	59	592	41.687500	A3	57	80	
611	76.802083	Bb3	58	67	593	41.750000	Bb3	58	80	
612	76.914583	A3	57	74	594	41.812500	A3	57	80	
613	77.023958	G3	55	68	595	41.875000	G3	55	80	
614	77.138542	F3	53	67	596	41.937500	F3	53	80	
615	77.219792	C#5	73	75	597	42.000000	C#5	73	80	
616	77.265625	E3	52	58	598	42.000000	E3	52	80	
617	77.363542	F3	53	66	599	42.062500	F3	53	80	
618	77.459375	G3	55	74	600	42.125000	G3	55	80	
619	77.710417	Bb4	70	79	601	42.250000	Bb4	70	80	
620	77.840625	F3	53	66	602	42.312500	F3	53	80	
621	77.944792	E3	52	72	603	42.375000	E3	52	80	
622	78.055208	D3	50	68	604	42.437500	D3	50	80	
623	78.178125	E4	64	86	605	42.500000	E4	64	80	
624	78.187500	C#3	49	63	606	42.500000	C#3	49	80	
625	78.301042	D3	50	66	607	42.562500	D3	50	80	
626	78.407292	E3	52	73	608	42.625000	E3	52	80	
627	78.670833	G4	67	82	609	42.750000	G4	67	80	
628	78.775000	D3	50	71	610	42.812500	D3	50	80	
629	78.870833	C#3	49	76	611	42.875000	C#3	49	80	
630	78.977083	B2	47	70	612	42.937500	B2	47	80	
631	79.135417	A2	45	71	614	43.000000	A2	45	80	
632	79.151042	C#4	61	87	613	43.000000	C#4	61	80	
633	79.632292	G5	79	89	615	43.250000	G5	79	80	
634	79.654167	E5	76	71	616	43.250000	E5	76	80	
635	79.788542	F5	77	33	*	-1	*	-1	-1	
636	79.877083	B2	47	59	617	43.375000	B2	47	80	
637	79.963542	C#3	49	73	618	43.437500	C#3	49	80	
638	80.094792	D3	50	59	*	-1	*	-1	-1	
639	80.120833	E5	76	87	619	43.500000	E5	76	80	
640	80.127083	A4	69	82	620	43.500000	A4	69	80	
641	80.243750	C#3	49	73	621	43.500000	C#3	49	80	
642	80.345833	D3	50	69	622	43.561458	D3	50	80	
643	80.418750	C#3	49	73	623	43.623958	C#3	49	80	
644	80.513542	D3	50	68	624	43.687500	D3	50	80	
645	80.571875	C#3	49	62	625	43.748958	C#3	49	80	
646	80.603125	A5	81	91	626	43.750000	A5	81	80	
647	80.667708	D3	50	66	627	43.811458	D3	50	80	
648	80.755208	C#3	49	55	*	-1	*	-1	-1	
649	80.834375	B2	47	64	628	43.875000	B2	47	80	
650	80.931250	C#3	49	74	629	43.937500	C#3	49	80	
651	81.038542	D3	50	71	631	44.000000	D3	50	80	
652	81.067708	F5	77	84	630	44.000000	F5	77	80	
653	81.185417	E3	52	72	632	44.062500	E3	52	80	
654	81.297917	F3	53	76	633	44.125000	F3	53	80	
655	81.550000	D5	74	68	634	44.250000	D5	74	80	
656	81.570833	A4	69	52	635	44.250000	A4	69	80	
657	81.689583	E3	52	49	636	44.312500	E3	52	80	
658	81.782292	D3	50	55	637	44.375000	D3	50	80	
659	81.889583	C3	48	56	638	44.437500	C3	48	80	
660	82.014583	B2	47	55	640	44.500000	B2	47	80	
661	82.020833	D4	62	56	639	44.500000	D4	62	80	
662	82.141667	C3	48	57	641	44.562500	C3	48	80	
663	82.276042	D3	50	43	642	44.625000	D3	50	80	
664	82.516667	F4	65	55	643	44.750000	F4	65	80	
665	82.617708	C3	48	47	644	44.812500	C3	48	80	
666	82.730208	B2	47	52	645	44.875000	B2	47	80	
667	82.834375	A2	45	52	646	44.937500	A2	45	80	
668	82.991667	B3	59	46	647	45.000000	B3	59	80	
669	83.002083	G2	43	39	648	45.000000	G2	43	80	
670	83.469792	F5	77	60	649	45.250000	F5	77	80	
671	83.483333	D5	74	46	650	45.250000	D5	74	80	
672	83.739583	A2	45	38	651	45.375000	A2	45	80	
673	83.821875	B2	47	52	652	45.437500	B2	47	80	
674	83.950000	C3	48	45	*	-1	*	-1	-1	
675	83.950000	D5	74	53	653	45.500000	D5	74	80	
676	83.971875	G4	67	33	654	45.500000	G4	67	80	
677	84.060417	B2	47	47	655	45.500000	B2	47	80	
678	84.158333	C3	48	59	656	45.561458	C3	48	80	
679	84.250000	B2	47	60	657	45.623958	B2	47	80	
680	84.323958	C3	48	58	658	45.687500	C3	48	80	
681	84.398958	B2	47	54	659	45.748958	B2	47	80	
682	84.421875	G5	79	67	660	45.750000	G5	79	80	
683	84.473958	C3	48	55	661	45.811458	C3	48	80	
684	84.541667	B2	47	62	*	-1	*	-1	-1	
685	84.655208	A2	45	52	662	45.875000	A2	45	80	
686	84.764583	B2	47	54	663	45.937500	B2	47	80	
687	84.892708	C3	48	51	665	46.000000	C3	48	80	
688	84.917708	E5	76	56	664	46.000000	E5	76	80	
689	85.404167	C5	72	71	666	46.250000	C5	72	80	
690	85.506250	C4	60	62	667	46.312500	C4	60	80	
691	85.621875	D4	62	67	668	46.375000	D4	62	80	
692	85.719792	E4	64	72	669	46.437500	E4	64	80	
693	85.879167	A4	69	61	670	46.500000	A4	69	80	
694	85.884375	F4	65	48	671	46.500000	F4	65	80	
695	86.350000	F5	77	60	672	46.750000	F5	77	80	
696	86.459375	E4	64	56	673	46.812500	E4	64	80	
697	86.587500	D4	62	49	674	46.875000	D4	62	80	
698	86.693750	C4	60	54	675	46.937500	C4	60	80	
699	86.826042	D5	74	49	676	47.000000	D5	74	80	
700	86.858333	B3	59	43	677	47.000000	B3	59	80	
701	87.263542	B4	71	57	678	47.250000	B4	71	80	
702	87.277083	D4	62	51	679	47.250000	D4	62	80	
703	87.391667	B2	47	42	680	47.312500	B2	47	80	
704	87.503125	C3	48	49	681	47.375000	C3	48	80	
705	87.595833	D3	50	61	682	47.437500	D3	50	80	
706	87.734375	E3	52	44	685	47.500000	E3	52	80	
707	87.753125	G#4	68	58	683	47.500000	G#4	68	80	
708	87.775000	B3	59	53	684	47.500000	B3	59	80	
709	88.237500	E5	76	60	686	47.750000	E5	76	80	
710	88.241667	G#4	68	50	687	47.750000	G#4	68	80	
711	88.360417	D3	50	49	688	47.812500	D3	50	80	
712	88.491667	C3	48	40	689	47.875000	C3	48	80	
713	88.595833	B2	47	45	690	47.937500	B2	47	80	
714	88.743750	C5	72	57	691	48.000000	C5	72	80	
715	88.755208	A2	45	34	693	48.000000	A2	45	80	
716	88.770833	A4	69	42	692	48.000000	A4	69	80	
717	88.967708	B2	47	43	694	48.125000	B2	47	80	
718	89.091667	C3	48	53	695	48.187500	C3	48	80	
719	89.190625	D3	50	63	696	48.250000	D3	50	80	
720	89.295833	E3	52	58	697	48.312500	E3	52	80	
721	89.403125	F#3	54	64	698	48.375000	F#3	54	80	
722	89.501042	G#3	56	69	699	48.437500	G#3	56	80	
723	89.626042	A3	57	66	700	48.500000	A3	57	80	
724	89.711458	B4	71	67	701	48.562500	B4	71	80	
725	89.825000	A4	69	77	702	48.625000	A4	69	80	
726	89.940625	G4	67	78	703	48.687500	G4	67	80	
727	90.055208	F4	65	73	704	48.750000	F4	65	80	
728	90.157292	E4	64	77	705	48.812500	E4	64	80	
729	90.260417	D4	62	76	706	48.875000	D4	62	80	
730	90.364583	C4	60	75	707	48.937500	C4	60	80	
731	90.477083	D4	62	83	708	49.000000	D4	62	80	
732	90.605208	B4	71	73	709	49.062500	B4	71	80	
733	90.709375	C5	72	76	710	49.125000	C5	72	80	
734	90.812500	D5	74	73	711	49.187500	D5	74	80	
735	90.891667	G#3	56	67	714	49.250000	G#3	56	80	
736	90.896875	B3	59	61	713	49.250000	B3	59	80	
737	90.915625	E5	76	80	712	49.250000	E5	76	80	
738	91.023958	F#5	78	77	715	49.312500	F#5	78	80	
739	91.104167	A3	57	63	717	49.375000	A3	57	80	
740	91.110417	F#3	54	65	718	49.375000	F#3	54	80	
741	91.127083	G#5	80	76	716	49.375000	G#5	80	80	
742	91.229167	A5	81	76	719	49.437500	A5	81	80	
743	91.334375	G#3	56	67	721	49.500000	G#3	56	80	
744	91.345833	B5	83	83	720	49.500000	B5	83	80	
745	91.348958	E3	52	61	722	49.500000	E3	52	80	
746	91.469792	A5	81	76	723	49.562500	A5	81	80	
747	91.570833	G#5	80	76	724	49.625000	G#5	80	80	
748	91.691667	F#5	78	76	725	49.687500	F#5	78	80	
749	91.782292	D3	50	76	727	49.750000	D3	50	80	
750	91.797917	E5	76	76	726	49.750000	E5	76	80	
751	91.911458	D5	74	79	728	49.812500	D5	74	80	
752	92.010417	C5	72	83	729	49.875000	C5	72	80	
753	92.121875	B4	71	77	730	49.937500	B4	71	80	
754	92.230208	A3	57	73	732	50.000000	A3	57	80	
755	92.230208	E5	76	87	731	50.000000	E5	76	80	
756	92.236458	C3	48	67	733	50.000000	C3	48	80	
757	92.345833	D5	74	74	734	50.062500	D5	74	80	
758	92.463542	C5	72	78	735	50.125000	C5	72	80	
759	92.561458	B4	71	79	736	50.187500	B4	71	80	
760	92.682292	A4	69	86	737	50.250000	A4	69	80	
761	92.798958	G4	67	66	738	50.312500	G#4	68	80	
762	92.820833	F4	65	59	*	-1	*	-1	-1	
763	92.896875	F4	65	69	739	50.375000	F#4	66	80	
764	93.010417	E4	64	77	740	50.437500	E4	64	80	
765	93.097917	F3	53	79	742	50.500000	F3	53	80	
766	93.109375	A4	69	94	741	50.500000	A4	69	80	
767	93.232292	G4	67	73	743	50.562500	G4	67	80	
768	93.342708	F4	65	72	744	50.625000	F4	65	80	
769	93.434375	E4	64	83	745	50.687500	E4	64	80	
770	93.552083	D4	62	87	746	50.750000	D4	62	80	
771	93.664583	C4	60	82	747	50.812500	C4	60	80	
772	93.765625	B3	59	82	748	50.875000	B3	59	80	
773	93.868750	A3	57	79	749	50.937500	A3	57	80	
774	93.983333	G#2	44	80	751	51.000000	G#2	44	80	
775	93.992708	F4	65	90	750	51.000000	F4	65	80	
776	94.109375	E4	64	76	752	51.062500	E4	64	80	
777	94.218750	D4	62	72	753	51.125000	D4	62	80	
778	94.308333	C4	60	75	754	51.187500	C4	60	80	
779	94.418750	B3	59	84	755	51.250000	B3	59	80	
780	94.523958	A3	57	72	756	51.312500	A3	57	80	
781	94.640625	G#3	56	72	757	51.375000	G#3	56	80	
782	94.733333	F#3	54	75	758	51.437500	F#3	54	80	
783	94.859375	D4	62	76	759	51.500000	D4	62	80	
784	94.970833	C4	60	76	760	51.562500	C4	60	80	
785	95.078125	B3	59	78	761	51.625000	B3	59	80	
786	95.180208	A3	57	78	762	51.687500	A3	57	80	
787	95.292708	G#3	56	83	763	51.750000	G#3	56	80	
788	95.393750	F#3	54	83	764	51.812500	F#3	54	80	
789	95.508333	E3	52	79	765	51.875000	E3	52	80	
790	95.612500	Eb3	51	86	766	51.937500	Eb3	51	80	
791	95.766667	E3	52	94	767	52.000000	E3	52	80	
792	96.257292	D3	50	92	768	52.250000	D3	50	80	
793	96.421875	E4	64	85	769	52.312500	E4	64	80	
794	96.576042	F#4	66	83	770	52.375000	F#4	66	80	
795	96.730208	B2	47	82	773	52.500000	B2	47	80	
796	96.761458	G#4	68	81	772	52.500000	G#4	68	80	
797	96.906250	A4	69	74	774	52.561458	A4	69	80	
798	97.020833	G#4	68	72	775	52.623958	G#4	68	80	
799	97.118750	A4	69	72	776	52.687500	A4	69	80	
800	97.202083	G#4	68	75	777	52.748958	G#4	68	80	
801	97.213542	E3	52	91	778	52.750000	E3	52	80	
802	97.285417	A4	69	71	779	52.811458	A4	69	80	
803	97.356250	G#4	68	73	*	-1	*	-1	-1	
804	97.457292	F#4	66	79	780	52.875000	F#4	66	80	
805	97.558333	G#4	68	80	781	52.937500	G#4	68	80	
806	97.688542	C3	48	83	783	53.000000	C3	48	80	
807	97.696875	A4	69	84	782	53.000000	A4	69	80	
808	98.195833	A2	45	82	784	53.250000	A2	45	80	
809	98.316667	B3	59	81	785	53.312500	B3	59	80	
810	98.435417	C4	60	78	786	53.375000	C4	60	80	
811	98.537500	D4	62	79	787	53.437500	D4	62	80	
812	98.657292	E2	40	83	789	53.500000	E2	40	80	
813	98.678125	C#4	61	77	788	53.500000	C#4	61	80	
814	98.789583	D4	62	71	790	53.561458	D4	62	80	
815	98.900000	C#4	61	77	791	53.623958	C#4	61	80	
816	98.992708	D4	62	73	792	53.687500	D4	62	80	
817	99.093750	C#4	61	71	793	53.748958	C#4	61	80	
818	99.121875	G2	43	86	794	53.750000	G2	43	80	
819	99.180208	D4	62	74	795	53.811458	D4	62	80	
820	99.285417	C#4	61	71	*	-1	*	-1	-1	
821	99.380208	B3	59	83	796	53.875000	B3	59	80	
822	99.481250	C#4	61	84	797	53.937500	C#4	61	80	
823	99.606250	F2	41	74	799	54.000000	F2	41	80	
824	99.621875	D4	62	84	798	54.000000	D4	62	80	
825	99.779167	E2	40	78	800	54.062500	E2	40	80	
826	99.908333	D2	38	89	801	54.125000	D2	38	80	
827	100.182292	B4	71	89	802	54.250000	B4	71	80	
828	100.190625	F4	65	79	803	54.250000	F4	65	80	
829	100.451042	E2	40	79	804	54.375000	E2	40	80	
830	100.553125	F2	41	82	805	54.437500	F2	41	80	
831	100.681250	E2	40	63	808	54.500000	D2	38	80	
832	100.773958	E4	64	83	806	54.500000	E4	64	80	
833	100.780208	G#3	56	81	807	54.500000	G#3	56	80	
834	100.957292	F2	41	64	*	-1	*	-1	-1	
835	101.047917	E2	40	68	809	54.561458	E2	40	80	
836	101.129167	F2	41	78	810	54.623958	F2	41	80	
837	101.187500	E2	40	76	*	-1	*	-1	-1	
838	101.260417	F2	41	74	*	-1	*	-1	-1	
839	101.322917	E2	40	62	811	54.687500	E2	40	80	
840	101.348958	G#4	68	94	813	54.750000	G#4	68	80	
841	101.358333	B3	59	82	814	54.750000	B3	59	80	
842	101.416667	F2	41	42	812	54.748958	F2	41	80	
843	101.570833	E2	40	47	815	54.811458	E2	40	80	
844	101.617708	D2	38	78	816	54.875000	D2	38	80	
845	101.943750	E2	40	77	817	54.937500	E2	40	80	
846	102.543750	A1	33	48	821	55.000000	A1	33	80	
847	102.658333	A4	69	79	818	55.000000	A4	69	80	
848	102.672917	C#4	61	62	819	55.000000	C4	60	80	
*	-1	*	-1	-1	122	13.500000	G#3	56	80	
*	-1	*	-1	-1	148	15.000000	G3	55	80	
*	-1	*	-1	-1	162	16.000000	F3	53	80	
*	-1	*	-1	-1	534	38.500000	B3	59	80	
*	-1	*	-1	-1	771	52.437500	G#4	68	80	
*	-1	*	-1	-1	820	55.000000	E4	64	80	
*	-1	*	-1	-1	822	55.000000	A2	45	80	
*	-1	*	-1	-1	243	20.811458	C5	72	80	
*	-1	*	-1	-1	559	39.811458	F4	65	80	
*	-1	*	-1	-1	576	40.811458	B4	71	80	
