// alignID alignOntime alignSitch alignPitch alignOnvel refID refOntime refSitch refPitch refOnvel
0	0.991667	G4	67	80	0	0.000000	G4	67	80	
1	1.013542	G3	55	72	1	0.000000	G3	55	80	
2	1.088542	B4	71	82	2	0.083333	B4	71	80	
3	1.190625	D5	74	82	3	0.166667	D5	74	80	
4	1.293750	G2	43	72	5	0.250000	G2	43	80	
5	1.293750	G5	79	91	4	0.250000	G5	79	80	
6	1.383333	D5	74	81	6	0.333333	D5	74	80	
7	1.492708	B4	71	77	7	0.416667	B4	71	80	
8	1.584375	D5	74	81	8	0.500000	D5	74	80	
9	1.680208	B4	71	77	9	0.583333	B4	71	80	
10	1.777083	G4	67	72	10	0.666667	G4	67	80	
11	1.868750	G3	55	73	12	0.750000	G3	55	80	
12	1.872917	B4	71	84	11	0.750000	B4	71	80	
13	1.966667	G4	67	75	13	0.833333	G4	67	80	
14	2.076042	D4	62	67	14	0.916667	D4	62	80	
15	2.164583	G3	55	80	16	1.000000	G3	55	80	
16	2.168750	E4	64	67	15	1.000000	E4	64	80	
17	2.284375	G4	67	77	17	1.083333	G4	67	80	
18	2.375000	C5	72	82	18	1.166667	C5	72	80	
19	2.469792	G2	43	72	20	1.250000	G2	43	80	
20	2.490625	E5	76	84	19	1.250000	E5	76	80	
21	2.579167	C5	72	79	21	1.333333	C5	72	80	
22	2.691667	G4	67	76	22	1.416667	G4	67	80	
23	2.779167	C5	72	80	23	1.500000	C5	72	80	
24	2.873958	G4	67	75	24	1.583333	G4	67	80	
25	2.964583	E4	64	75	25	1.666667	E4	64	80	
26	3.055208	G3	55	73	27	1.750000	G3	55	80	
27	3.071875	G4	67	77	26	1.750000	G4	67	80	
28	3.162500	E4	64	72	28	1.833333	E4	64	80	
29	3.258333	C4	60	71	29	1.916667	C4	60	80	
30	3.345833	G3	55	76	31	2.000000	G3	55	80	
31	3.357292	A3	57	71	30	2.000000	A3	57	80	
32	3.465625	C4	60	66	32	2.083333	C4	60	80	
33	3.547917	F#4	66	67	33	2.166667	F#4	66	80	
34	3.648958	G2	43	59	35	2.250000	G2	43	80	
35	3.658333	A4	69	64	34	2.250000	A4	69	80	
36	3.741667	F#4	66	67	36	2.333333	F#4	66	80	
37	3.842708	C4	60	66	37	2.416667	C4	60	80	
38	3.933333	F#4	66	66	38	2.500000	F#4	66	80	
39	4.030208	C4	60	70	39	2.583333	C4	60	80	
40	4.136458	A3	57	56	40	2.666667	A3	57	80	
41	4.225000	G3	55	61	42	2.750000	G3	55	80	
42	4.230208	C4	60	68	41	2.750000	C4	60	80	
43	4.319792	A3	57	64	43	2.833333	A3	57	80	
44	4.427083	F#3	54	62	44	2.916667	F#3	54	80	
45	4.511458	G3	55	72	45	3.000000	G3	55	80	
46	4.612500	B3	59	69	47	3.083333	B3	59	80	
47	4.710417	D4	62	70	48	3.166667	D4	62	80	
48	4.813542	G2	43	51	50	3.250000	G2	43	80	
49	4.817708	G4	67	62	49	3.250000	G4	67	80	
50	4.919792	D4	62	61	51	3.333333	D4	62	80	
51	5.028125	B3	59	56	52	3.416667	B3	59	80	
52	5.108333	D4	62	64	53	3.500000	D4	62	80	
53	5.189583	B3	59	61	54	3.583333	B3	59	80	
54	5.293750	G3	55	56	55	3.666667	G3	55	80	
55	5.384375	B3	59	68	56	3.750000	B3	59	80	
56	5.567708	E3	52	53	59	3.916667	E3	52	80	
57	5.671875	A3	57	75	60	4.000000	A3	57	80	
58	5.679167	G3	55	62	61	4.000000	G3	55	80	
59	5.780208	C#4	61	70	62	4.083333	C#4	61	80	
60	5.883333	E4	64	73	63	4.166667	E4	64	80	
61	5.960417	G2	43	57	65	4.250000	G2	43	80	
62	5.969792	A4	69	73	64	4.250000	A4	69	80	
63	6.060417	E4	64	72	66	4.333333	E4	64	80	
64	6.169792	C#4	61	72	67	4.416667	C#4	61	80	
65	6.255208	E4	64	73	68	4.500000	E4	64	80	
66	6.347917	C#4	61	66	69	4.583333	C#4	61	80	
67	6.441667	A3	57	67	70	4.666667	A3	57	80	
68	6.515625	G3	55	61	72	4.750000	G3	55	80	
69	6.553125	C#4	61	63	71	4.750000	C#4	61	80	
70	6.652083	A3	57	56	73	4.833333	A3	57	80	
71	6.731250	E3	52	60	74	4.916667	E3	52	80	
72	6.831250	F#3	54	63	76	5.000000	F#3	54	80	
73	6.865625	D4	62	54	75	5.000000	D4	62	80	
74	6.905208	C4	60	29	*	-1	*	-1	-1	
75	6.943750	A3	57	67	77	5.083333	A3	57	80	
76	7.041667	C#4	61	78	78	5.166667	C#4	61	80	
77	7.157292	D4	62	46	79	5.250000	D4	62	80	
78	7.171875	C4	60	49	*	-1	*	-1	-1	
79	7.233333	A3	57	71	80	5.333333	A3	57	80	
80	7.311458	F#3	54	75	81	5.416667	F#3	54	80	
81	7.426042	A3	57	61	82	5.500000	A3	57	80	
82	7.521875	F#3	54	51	83	5.583333	F#3	54	80	
83	7.621875	D3	50	49	84	5.666667	D3	50	80	
84	7.711458	D4	62	68	85	5.750000	D4	62	80	
85	7.713542	F#3	54	57	86	5.750000	F#3	54	80	
86	7.800000	D3	50	46	87	5.833333	D3	50	80	
87	7.906250	B2	47	46	88	5.916667	B2	47	80	
88	7.995833	E3	52	64	90	6.000000	E3	52	80	
89	8.014583	D4	62	59	89	6.000000	D4	62	80	
90	8.102083	C#4	61	51	91	6.083333	C#4	61	80	
91	8.181250	D4	62	56	92	6.166667	D4	62	80	
92	8.298958	E2	40	41	94	6.250000	E2	40	80	
93	8.298958	E4	64	68	93	6.250000	E4	64	80	
94	8.401042	C#4	61	54	95	6.333333	C#4	61	80	
95	8.489583	D4	62	51	96	6.416667	D4	62	80	
96	8.589583	F#4	66	68	97	6.500000	F#4	66	80	
97	8.693750	C#4	61	59	98	6.583333	C#4	61	80	
98	8.795833	D4	62	52	99	6.666667	D4	62	80	
99	8.908333	E3	52	60	101	6.750000	E3	52	80	
100	8.908333	G4	67	73	100	6.750000	G4	67	80	
101	9.017708	C#4	61	55	102	6.833333	C#4	61	80	
102	9.108333	D4	62	62	103	6.916667	D4	62	80	
103	9.214583	A4	69	81	104	7.000000	A4	69	80	
104	9.229167	C#3	49	60	105	7.000000	C#3	49	80	
105	9.310417	C#4	61	72	106	7.083333	C#4	61	80	
106	9.398958	D4	62	63	107	7.166667	D4	62	80	
107	9.517708	B4	71	79	108	7.250000	B4	71	80	
108	9.544792	A2	45	55	109	7.250000	A2	45	80	
109	9.614583	C#4	61	65	110	7.333333	C#4	61	80	
110	9.719792	D4	62	59	111	7.416667	D4	62	80	
111	9.832292	B2	47	57	113	7.500000	B2	47	80	
112	9.836458	A4	69	68	112	7.500000	A4	69	80	
113	9.937500	C#4	61	58	114	7.583333	C#4	61	80	
114	10.052083	D4	62	55	115	7.666667	D4	62	80	
115	10.135417	C#3	49	52	117	7.750000	C#3	49	80	
116	10.154167	G4	67	63	116	7.750000	G4	67	80	
117	10.257292	C#4	61	58	118	7.833333	C#4	61	80	
118	10.353125	D4	62	61	119	7.916667	D4	62	80	
119	10.441667	D3	50	63	121	8.000000	D3	50	80	
120	10.464583	F#4	66	70	120	8.000000	F#4	66	80	
121	10.566667	C#4	61	62	122	8.083333	C#4	61	80	
122	10.655208	D4	62	64	123	8.166667	D4	62	80	
123	10.764583	E3	52	73	125	8.250000	E3	52	80	
124	10.764583	G4	67	69	124	8.250000	G4	67	80	
125	10.861458	C#4	61	67	126	8.333333	C#4	61	80	
126	10.964583	D4	62	71	127	8.416667	D4	62	80	
127	11.056250	A4	69	79	128	8.500000	A4	69	80	
128	11.058333	F#3	54	80	129	8.500000	F#3	54	80	
129	11.164583	C#4	61	73	130	8.583333	C#4	61	80	
130	11.267708	D4	62	69	131	8.666667	D4	62	80	
131	11.361458	B4	71	87	132	8.750000	B4	71	80	
132	11.365625	G3	55	74	133	8.750000	G3	55	80	
133	11.475000	C#4	61	68	134	8.833333	C#4	61	80	
134	11.579167	D4	62	66	135	8.916667	D4	62	80	
135	11.677083	F#3	54	67	137	9.000000	F#3	54	80	
136	11.681250	A4	69	66	136	9.000000	A4	69	80	
137	11.784375	C#4	61	55	138	9.083333	C#4	61	80	
138	11.887500	D4	62	61	139	9.166667	D4	62	80	
139	11.984375	E3	52	69	141	9.250000	E3	52	80	
140	11.984375	G4	67	66	140	9.250000	G4	67	80	
141	12.087500	C#4	61	59	142	9.333333	C#4	61	80	
142	12.178125	D4	62	58	143	9.416667	D4	62	80	
143	12.269792	D3	50	69	145	9.500000	D3	50	80	
144	12.288542	F#4	66	69	144	9.500000	F#4	66	80	
145	12.385417	C#4	61	62	146	9.583333	C#4	61	80	
146	12.479167	D4	62	69	147	9.666667	D4	62	80	
147	12.588542	A4	69	66	148	9.750000	A4	69	80	
148	12.593750	F#3	54	63	149	9.750000	F#3	54	80	
149	12.670833	C#4	61	73	150	9.833333	C#4	61	80	
150	12.887500	G#4	68	81	152	10.000000	G#4	68	80	
151	12.917708	B2	47	75	153	10.000000	B2	47	80	
152	12.987500	B4	71	80	154	10.083333	B4	71	80	
153	13.095833	D5	74	85	155	10.166667	D5	74	80	
154	13.196875	B3	59	91	157	10.250000	B3	59	80	
155	13.205208	F5	77	97	156	10.250000	F5	77	80	
156	13.307292	D5	74	82	158	10.333333	D5	74	80	
157	13.411458	B4	71	83	159	10.416667	B4	71	80	
158	13.522917	D5	74	83	160	10.500000	D5	74	80	
159	13.602083	B4	71	75	161	10.583333	B4	71	80	
160	13.702083	G#4	68	81	162	10.666667	G#4	68	80	
161	13.804167	B4	71	80	163	10.750000	B4	71	80	
162	13.822917	A3	57	78	164	10.750000	A3	57	80	
163	13.900000	G#4	68	85	165	10.833333	G#4	68	80	
164	13.992708	E4	64	80	166	10.916667	E4	64	80	
165	14.098958	G#3	56	76	168	11.000000	G#3	56	80	
166	14.108333	D4	62	76	167	11.000000	D4	62	80	
167	14.206250	F4	65	74	169	11.083333	F4	65	80	
168	14.303125	G#4	68	78	170	11.166667	G#4	68	80	
169	14.414583	G#2	44	70	172	11.250000	G#2	44	80	
170	14.419792	B4	71	77	171	11.250000	B4	71	80	
171	14.518750	G#4	68	75	173	11.333333	G#4	68	80	
172	14.618750	F4	65	72	174	11.416667	F4	65	80	
173	14.720833	G#4	68	80	175	11.500000	G#4	68	80	
174	14.818750	F4	65	68	176	11.583333	F4	65	80	
175	14.926042	D4	62	65	177	11.666667	D4	62	80	
176	15.012500	G#3	56	58	179	11.750000	G#3	56	80	
177	15.040625	F4	65	50	178	11.750000	F4	65	80	
178	15.055208	G4	67	45	*	-1	*	-1	-1	
179	15.159375	D4	62	44	180	11.833333	D4	62	80	
180	15.219792	B3	59	51	181	11.916667	B3	59	80	
181	15.297917	C4	60	64	182	12.000000	C4	60	80	
182	15.302083	A3	57	60	183	12.000000	A3	57	80	
183	15.422917	C4	60	63	184	12.083333	C4	60	80	
184	15.520833	E4	64	64	185	12.166667	E4	64	80	
185	15.601042	E5	76	83	186	12.250000	E5	76	80	
186	15.612500	A4	69	72	187	12.250000	A4	69	80	
187	15.698958	E4	64	68	188	12.333333	E4	64	80	
188	15.814583	C4	60	60	189	12.416667	C4	60	80	
189	15.877083	C5	72	73	190	12.500000	C5	72	80	
190	15.918750	E4	64	66	191	12.500000	E4	64	80	
191	15.984375	C4	60	50	192	12.583333	C4	60	80	
192	16.087500	A3	57	57	193	12.666667	A3	57	80	
193	16.177083	A4	69	58	194	12.750000	A4	69	80	
194	16.182292	C4	60	65	195	12.750000	C4	60	80	
195	16.258333	A3	57	55	196	12.833333	A3	57	80	
196	16.365625	E3	52	55	197	12.916667	E3	52	80	
197	16.469792	C3	48	64	199	13.000000	C3	48	80	
198	16.469792	E4	64	59	198	13.000000	E4	64	80	
199	16.555208	E3	52	60	200	13.083333	E3	52	80	
200	16.671875	A3	57	64	201	13.166667	A3	57	80	
201	16.752083	E5	76	72	202	13.250000	E5	76	80	
202	16.777083	C4	60	59	203	13.250000	C4	60	80	
203	16.862500	A3	57	59	204	13.333333	A3	57	80	
204	16.951042	E3	52	63	205	13.416667	E3	52	80	
205	17.045833	C5	72	68	206	13.500000	C5	72	80	
206	17.101042	G3	55	31	207	13.500000	A3	57	80	
207	17.219792	E3	52	4	208	13.583333	E3	52	80	
208	17.325000	A4	69	65	210	13.750000	A4	69	80	
209	17.345833	E3	52	56	211	13.750000	E3	52	80	
210	17.435417	C3	48	61	212	13.833333	C3	48	80	
211	17.520833	A2	45	64	213	13.916667	A2	45	80	
212	17.625000	Eb5	75	83	214	14.000000	Eb5	75	80	
213	17.647917	F#2	42	81	215	14.000000	F#2	42	80	
214	17.730208	F#5	78	89	216	14.083333	F#5	78	80	
215	17.833333	A5	81	82	217	14.166667	A5	81	80	
216	17.943750	F#3	54	88	219	14.250000	F#3	54	80	
217	17.943750	C6	84	89	218	14.250000	C6	84	80	
218	18.047917	A5	81	75	220	14.333333	A5	81	80	
219	18.162500	F#5	78	85	221	14.416667	F#5	78	80	
220	18.262500	A5	81	84	222	14.500000	A5	81	80	
221	18.353125	F#5	78	83	223	14.583333	F#5	78	80	
222	18.445833	Eb5	75	82	224	14.666667	Eb5	75	80	
223	18.552083	F#5	78	88	225	14.750000	F#5	78	80	
224	18.570833	E3	52	78	226	14.750000	E3	52	80	
225	18.651042	Eb5	75	78	227	14.833333	Eb5	75	80	
226	18.767708	B4	71	75	228	14.916667	B4	71	80	
227	18.859375	Eb3	51	80	230	15.000000	Eb3	51	80	
228	18.868750	A4	69	70	229	15.000000	A4	69	80	
229	18.958333	C5	72	81	231	15.083333	C5	72	80	
230	19.068750	Eb5	75	80	232	15.166667	Eb5	75	80	
231	19.175000	F#5	78	87	233	15.250000	F#5	78	80	
232	19.180208	Eb2	39	67	234	15.250000	Eb2	39	80	
233	19.286458	Eb5	75	74	235	15.333333	Eb5	75	80	
234	19.373958	C5	72	78	236	15.416667	C5	72	80	
235	19.480208	Eb5	75	83	237	15.500000	Eb5	75	80	
236	19.583333	C5	72	76	238	15.583333	C5	72	80	
237	19.686458	A4	69	60	239	15.666667	A4	69	80	
238	19.796875	Eb3	51	60	241	15.750000	Eb3	51	80	
239	19.798958	C5	72	72	240	15.750000	C5	72	80	
240	19.885417	A4	69	63	242	15.833333	A4	69	80	
241	19.990625	F#4	66	61	243	15.916667	F#4	66	80	
242	20.053125	E3	52	64	245	16.000000	E3	52	80	
243	20.084375	G4	67	63	244	16.000000	G4	67	80	
244	20.172917	Eb4	63	64	246	16.083333	Eb4	63	80	
245	20.275000	E4	64	59	247	16.166667	E4	64	80	
246	20.365625	F#3	54	64	249	16.250000	F#3	54	80	
247	20.370833	A4	69	62	248	16.250000	A4	69	80	
248	20.467708	Eb4	63	63	250	16.333333	Eb4	63	80	
249	20.565625	E4	64	68	251	16.416667	E4	64	80	
250	20.660417	G3	55	75	253	16.500000	G3	55	80	
251	20.664583	B4	71	80	252	16.500000	B4	71	80	
252	20.762500	Eb4	63	71	254	16.583333	Eb4	63	80	
253	20.861458	E4	64	73	255	16.666667	E4	64	80	
254	20.964583	A3	57	74	257	16.750000	A3	57	80	
255	20.967708	C5	72	86	256	16.750000	C5	72	80	
256	21.075000	Eb4	63	63	258	16.833333	Eb4	63	80	
257	21.181250	E4	64	65	259	16.916667	E4	64	80	
258	21.275000	B4	71	69	260	17.000000	B4	71	80	
259	21.284375	G3	55	57	261	17.000000	G3	55	80	
260	21.393750	Eb4	63	57	262	17.083333	Eb4	63	80	
261	21.496875	E4	64	52	263	17.166667	E4	64	80	
262	21.581250	F#3	54	65	265	17.250000	F#3	54	80	
263	21.590625	A4	69	56	264	17.250000	A4	69	80	
264	21.681250	Eb4	63	62	266	17.333333	Eb4	63	80	
265	21.787500	E4	64	60	267	17.416667	E4	64	80	
266	21.877083	E3	52	66	269	17.500000	E3	52	80	
267	21.882292	G4	67	63	268	17.500000	G4	67	80	
268	21.991667	Eb4	63	63	270	17.583333	Eb4	63	80	
269	22.097917	E4	64	66	271	17.666667	E4	64	80	
270	22.185417	G3	55	61	273	17.750000	G3	55	80	
271	22.196875	B4	71	70	272	17.750000	B4	71	80	
272	22.279167	Eb4	63	64	274	17.833333	Eb4	63	80	
273	22.383333	E4	64	55	275	17.916667	E4	64	80	
274	22.506250	C#3	49	62	277	18.000000	C#3	49	80	
275	22.522917	A4	69	65	276	18.000000	A4	69	80	
276	22.628125	G#4	68	63	278	18.083333	G#4	68	80	
277	22.712500	A4	69	49	279	18.166667	A4	69	80	
278	22.805208	D3	50	62	281	18.250000	D3	50	80	
279	22.825000	B4	71	78	280	18.250000	B4	71	80	
280	22.931250	G#4	68	64	282	18.333333	G#4	68	80	
281	23.025000	A4	69	50	283	18.416667	A4	69	80	
282	23.119792	C#5	73	80	284	18.500000	C#5	73	80	
283	23.123958	E3	52	63	285	18.500000	E3	52	80	
284	23.223958	G#4	68	69	286	18.583333	G#4	68	80	
285	23.314583	A4	69	58	287	18.666667	A4	69	80	
286	23.432292	D5	74	85	288	18.750000	D5	74	80	
287	23.447917	F#3	54	57	289	18.750000	F#3	54	80	
288	23.536458	G#4	68	77	290	18.833333	G#4	68	80	
289	23.617708	A4	69	68	291	18.916667	A4	69	80	
290	23.737500	E5	76	91	292	19.000000	E5	76	80	
291	23.748958	C#3	49	60	293	19.000000	C#3	49	80	
292	23.837500	G#4	68	86	294	19.083333	G#4	68	80	
293	23.928125	A4	69	75	295	19.166667	A4	69	80	
294	24.042708	F#5	78	89	296	19.250000	F#5	78	80	
295	24.059375	B2	47	64	297	19.250000	B2	47	80	
296	24.152083	G#4	68	80	298	19.333333	G#4	68	80	
297	24.254167	A4	69	69	299	19.416667	A4	69	80	
298	24.375000	A2	45	54	301	19.500000	A2	45	80	
299	24.379167	G5	79	85	300	19.500000	G5	79	80	
300	24.488542	E5	76	80	302	19.583333	E5	76	80	
301	24.590625	C#5	73	79	303	19.666667	C#5	73	80	
302	24.678125	C#3	49	60	305	19.750000	C#3	49	80	
303	24.685417	A4	69	76	304	19.750000	A4	69	80	
304	24.789583	C#5	73	82	306	19.833333	C#5	73	80	
305	24.881250	E5	76	80	307	19.916667	E5	76	80	
306	24.991667	D3	50	65	309	20.000000	D3	50	80	
307	24.997917	F#5	78	78	308	20.000000	F#5	78	80	
308	25.106250	F#3	54	67	310	20.083333	F#3	54	80	
309	25.210417	A3	57	80	311	20.166667	A3	57	80	
310	25.297917	D4	62	78	312	20.250000	D4	62	80	
311	25.383333	A3	57	74	313	20.333333	A3	57	80	
312	25.470833	F#3	54	78	314	20.416667	F#3	54	80	
313	25.593750	D3	50	78	316	20.500000	D3	50	80	
314	25.612500	A5	81	75	315	20.500000	A5	81	80	
315	25.711458	F#5	78	86	317	20.583333	F#5	78	80	
316	25.816667	D5	74	80	318	20.666667	D5	74	80	
317	25.902083	D4	62	66	320	20.750000	D4	62	80	
318	25.911458	C5	72	85	319	20.750000	C5	72	80	
319	25.996875	D5	74	79	321	20.833333	D5	74	80	
320	26.105208	F#5	78	82	322	20.916667	F#5	78	80	
321	26.221875	D3	50	69	324	21.000000	D3	50	80	
322	26.221875	A5	81	83	323	21.000000	A5	81	80	
323	26.334375	G3	55	72	325	21.083333	G3	55	80	
324	26.432292	B3	59	76	326	21.166667	B3	59	80	
325	26.529167	D4	62	73	328	21.250000	D4	62	80	
326	26.545833	G5	79	81	327	21.250000	G5	79	80	
327	26.630208	B3	59	70	329	21.333333	B3	59	80	
328	26.721875	G3	55	67	330	21.416667	G3	55	80	
329	26.841667	D3	50	63	332	21.500000	D3	50	80	
330	26.858333	G5	79	78	331	21.500000	G5	79	80	
331	26.964583	E5	76	74	333	21.583333	E5	76	80	
332	27.059375	C#5	73	75	334	21.666667	C#5	73	80	
333	27.154167	A4	69	74	335	21.750000	A4	69	80	
334	27.166667	D4	62	64	336	21.750000	D4	62	80	
335	27.262500	C#5	73	79	337	21.833333	C#5	73	80	
336	27.367708	E5	76	74	338	21.916667	E5	76	80	
337	27.457292	D3	50	64	340	22.000000	D3	50	80	
338	27.461458	G5	79	81	339	22.000000	G5	79	80	
339	27.568750	A3	57	63	341	22.083333	A3	57	80	
340	27.659375	C#4	61	63	342	22.166667	C#4	61	80	
341	27.757292	F#5	78	69	343	22.250000	F#5	78	80	
342	27.760417	D4	62	61	344	22.250000	D4	62	80	
343	27.843750	A3	57	65	345	22.333333	A3	57	80	
344	27.943750	F#3	54	59	346	22.416667	F#3	54	80	
345	28.062500	D3	50	63	348	22.500000	D3	50	80	
346	28.062500	F#5	78	72	347	22.500000	F#5	78	80	
347	28.178125	D5	74	62	349	22.583333	D5	74	80	
348	28.270833	B4	71	64	350	22.666667	B4	71	80	
349	28.363542	D4	62	62	352	22.750000	D4	62	80	
350	28.377083	G4	67	64	351	22.750000	G4	67	80	
351	28.462500	B4	71	59	353	22.833333	B4	71	80	
352	28.558333	D5	74	61	354	22.916667	D5	74	80	
353	28.670833	F#5	78	70	355	23.000000	F#5	78	80	
354	28.675000	D3	50	45	356	23.000000	D3	50	80	
355	28.763542	E3	52	60	357	23.083333	E3	52	80	
356	28.877083	G3	55	54	358	23.166667	G3	55	80	
357	28.965625	B3	59	59	360	23.250000	B3	59	80	
358	28.975000	E5	76	68	359	23.250000	E5	76	80	
359	29.046875	G3	55	48	361	23.333333	G3	55	80	
360	29.141667	E3	52	55	362	23.416667	E3	52	80	
361	29.260417	D3	50	60	364	23.500000	D3	50	80	
362	29.276042	E5	76	62	363	23.500000	E5	76	80	
363	29.373958	C#5	73	64	365	23.583333	C#5	73	80	
364	29.486458	A4	69	48	366	23.666667	A4	69	80	
365	29.567708	D4	62	52	368	23.750000	D4	62	80	
366	29.572917	G4	67	58	367	23.750000	G4	67	80	
367	29.659375	A4	69	49	369	23.833333	A4	69	80	
368	29.785417	C#5	73	51	370	23.916667	C#5	73	80	
369	29.859375	D3	50	54	372	24.000000	D3	50	80	
370	29.861458	E5	76	65	371	24.000000	E5	76	80	
371	29.993750	F#3	54	48	373	24.083333	F#3	54	80	
372	30.094792	A3	57	56	374	24.166667	A3	57	80	
373	30.163542	D5	74	66	375	24.250000	D5	74	80	
374	30.179167	D4	62	62	376	24.250000	D4	62	80	
375	30.265625	A3	57	54	377	24.333333	A3	57	80	
376	30.371875	F#3	54	58	378	24.416667	F#3	54	80	
377	30.466667	A3	57	70	379	24.500000	A3	57	80	
378	30.547917	F#3	54	57	380	24.583333	F#3	54	80	
379	30.650000	D3	50	61	381	24.666667	D3	50	80	
380	30.753125	D5	74	78	382	24.750000	D5	74	80	
381	30.768750	F#3	54	64	383	24.750000	F#3	54	80	
382	30.846875	D3	50	57	384	24.833333	D3	50	80	
383	30.959375	C3	48	58	385	24.916667	C3	48	80	
384	31.039583	B2	47	68	387	25.000000	B2	47	80	
385	31.046875	D5	74	80	386	25.000000	D5	74	80	
386	31.110417	D3	50	61	389	25.083333	D3	50	80	
387	31.152083	C5	72	80	388	25.083333	C5	72	80	
388	31.220833	F#3	54	73	391	25.166667	F#3	54	80	
389	31.246875	B4	71	72	390	25.166667	B4	71	80	
390	31.344792	B4	71	81	392	25.250000	B4	71	80	
391	31.367708	F3	53	53	*	-1	*	-1	-1	
392	31.371875	G3	55	41	393	25.250000	G3	55	80	
393	31.446875	D3	50	55	395	25.333333	D3	50	80	
394	31.446875	A4	69	74	394	25.333333	A4	69	80	
395	31.533333	B2	47	65	397	25.416667	B2	47	80	
396	31.544792	G4	67	72	396	25.416667	G4	67	80	
397	31.623958	D3	50	70	399	25.500000	D3	50	80	
398	31.632292	G4	67	75	398	25.500000	G4	67	80	
399	31.719792	B2	47	60	401	25.583333	B2	47	80	
400	31.733333	B4	71	80	400	25.583333	B4	71	80	
401	31.817708	G2	43	69	403	25.666667	G2	43	80	
402	31.831250	D5	74	85	402	25.666667	D5	74	80	
403	31.922917	F5	77	85	404	25.750000	F5	77	80	
404	31.928125	B2	47	69	405	25.750000	B2	47	80	
405	32.005208	G2	43	73	407	25.833333	G2	43	80	
406	32.023958	E5	76	85	406	25.833333	E5	76	80	
407	32.112500	F2	41	71	409	25.916667	F2	41	80	
408	32.125000	D5	74	83	408	25.916667	D5	74	80	
409	32.212500	E2	40	69	411	26.000000	E2	40	80	
410	32.229167	D5	74	80	410	26.000000	D5	74	80	
411	32.302083	G2	43	67	413	26.083333	G2	43	80	
412	32.331250	E5	76	87	412	26.083333	E5	76	80	
413	32.401042	B2	47	73	415	26.166667	B2	47	80	
414	32.416667	F5	77	86	414	26.166667	F5	77	80	
415	32.502083	C3	48	73	417	26.250000	C3	48	80	
416	32.531250	E5	76	94	416	26.250000	E5	76	80	
417	32.617708	E3	52	76	418	26.333333	E3	52	80	
418	32.708333	G3	55	75	419	26.416667	G3	55	80	
419	32.818750	C4	60	79	420	26.500000	C4	60	80	
420	32.919792	G3	55	72	421	26.583333	G3	55	80	
421	33.005208	E3	52	72	422	26.666667	E3	52	80	
422	33.119792	G3	55	76	424	26.750000	G3	55	80	
423	33.119792	E5	76	89	423	26.750000	E5	76	80	
424	33.212500	E3	52	72	425	26.833333	E3	52	80	
425	33.388542	D3	50	18	426	26.916667	D3	50	80	
426	33.405208	C#3	49	71	428	27.000000	C#3	49	80	
427	33.426042	E5	76	90	427	27.000000	E5	76	80	
428	33.501042	E3	52	63	430	27.083333	E3	52	80	
429	33.529167	D5	74	83	429	27.083333	D5	74	80	
430	33.607292	G3	55	66	432	27.166667	G3	55	80	
431	33.621875	C#5	73	79	431	27.166667	C#5	73	80	
432	33.690625	A3	57	79	434	27.250000	A3	57	80	
433	33.717708	C#5	73	87	433	27.250000	C#5	73	80	
434	33.819792	E3	52	62	436	27.333333	E3	52	80	
435	33.825000	B4	71	71	435	27.333333	B4	71	80	
436	33.834375	C5	72	60	*	-1	*	-1	-1	
437	33.893750	C#3	49	71	438	27.416667	C#3	49	80	
438	33.907292	A4	69	74	437	27.416667	A4	69	80	
439	34.000000	A4	69	70	439	27.500000	A4	69	80	
440	34.005208	E3	52	75	440	27.500000	E3	52	80	
441	34.091667	C#3	49	71	442	27.583333	C#3	49	80	
442	34.108333	C#5	73	73	441	27.583333	C#5	73	80	
443	34.136458	C5	72	66	*	-1	*	-1	-1	
444	34.180208	A2	45	68	444	27.666667	A2	45	80	
445	34.196875	Eb5	75	81	*	-1	*	-1	-1	
446	34.238542	E5	76	76	443	27.666667	E5	76	80	
447	34.300000	G5	79	87	445	27.750000	G5	79	80	
448	34.304167	C#3	49	66	446	27.750000	C#3	49	80	
449	34.385417	A2	45	69	448	27.833333	A2	45	80	
450	34.404167	F#5	78	89	447	27.833333	F#5	78	80	
451	34.511458	F5	77	61	*	-1	*	-1	-1	
452	34.520833	G2	43	72	450	27.916667	G2	43	80	
453	34.532292	E5	76	65	449	27.916667	E5	76	80	
454	34.621875	E5	76	93	451	28.000000	E5	76	80	
455	34.644792	F#2	42	76	452	28.000000	F#2	42	80	
456	34.725000	F#5	78	86	453	28.083333	F#5	78	80	
457	34.734375	A2	45	62	454	28.083333	A2	45	80	
458	34.810417	G5	79	84	455	28.166667	G5	79	80	
459	34.820833	C#3	49	73	456	28.166667	C#3	49	80	
460	34.913542	D3	50	73	458	28.250000	D3	50	80	
461	34.934375	F#5	78	95	457	28.250000	F#5	78	80	
462	35.033333	F#3	54	72	459	28.333333	F#3	54	80	
463	35.121875	A3	57	85	460	28.416667	A3	57	80	
464	35.235417	D4	62	87	461	28.500000	D4	62	80	
465	35.333333	A3	57	77	462	28.583333	A3	57	80	
466	35.433333	F#3	54	72	463	28.666667	F#3	54	80	
467	35.519792	A5	81	91	464	28.750000	A5	81	80	
468	35.537500	A3	57	72	465	28.750000	A3	57	80	
469	35.626042	F#3	54	68	466	28.833333	F#3	54	80	
470	35.726042	D3	50	64	467	28.916667	D3	50	80	
471	35.823958	F#3	54	73	469	29.000000	F#3	54	80	
472	35.823958	A5	81	88	468	29.000000	A5	81	80	
473	35.907292	D3	50	68	471	29.083333	D3	50	80	
474	35.933333	G5	79	80	470	29.083333	G5	79	80	
475	36.028125	F#5	78	69	472	29.166667	F#5	78	80	
476	36.040625	A2	45	57	473	29.166667	A2	45	80	
477	36.120833	F#5	78	90	474	29.250000	F#5	78	80	
478	36.144792	D3	50	72	475	29.250000	D3	50	80	
479	36.205208	E5	76	86	476	29.333333	E5	76	80	
480	36.232292	A2	45	62	477	29.333333	A2	45	80	
481	36.309375	D5	74	82	478	29.416667	D5	74	80	
482	36.330208	F#2	42	71	479	29.416667	F#2	42	80	
483	36.407292	D2	38	70	481	29.500000	D2	38	80	
484	36.416667	D5	74	76	480	29.500000	D5	74	80	
485	36.521875	F#5	78	87	482	29.583333	F#5	78	80	
486	36.618750	A5	81	86	483	29.666667	A5	81	80	
487	36.718750	C6	84	88	484	29.750000	C6	84	80	
488	36.732292	D3	50	72	485	29.750000	D3	50	80	
489	36.836458	B5	83	85	486	29.833333	B5	83	80	
490	36.932292	A5	81	85	487	29.916667	A5	81	80	
491	37.056250	G2	43	65	489	30.000000	G2	43	80	
492	37.063542	A5	81	78	488	30.000000	A5	81	80	
493	37.177083	B5	83	83	490	30.083333	B5	83	80	
494	37.265625	C6	84	80	491	30.166667	C6	84	80	
495	37.387500	B5	83	90	492	30.250000	B5	83	80	
496	37.497917	B2	47	68	493	30.333333	B2	47	80	
497	37.606250	D3	50	70	494	30.416667	D3	50	80	
498	37.702083	G3	55	74	495	30.500000	G3	55	80	
499	37.806250	A3	57	75	497	30.583333	A3	57	80	
500	37.816667	A5	81	69	496	30.583333	A5	81	80	
501	37.884375	B3	59	79	499	30.666667	B3	59	80	
502	37.915625	G5	79	81	498	30.666667	G5	79	80	
503	38.021875	B3	59	81	501	30.750000	B3	59	80	
504	38.026042	F5	77	89	500	30.750000	F5	77	80	
505	38.115625	C4	60	75	503	30.833333	C4	60	80	
506	38.120833	E5	76	84	502	30.833333	E5	76	80	
507	38.206250	D4	62	83	505	30.916667	D4	62	80	
508	38.228125	D5	74	79	504	30.916667	D5	74	80	
509	38.320833	C5	72	87	506	31.000000	C5	72	80	
510	38.330208	E4	64	84	507	31.000000	E4	64	80	
511	38.430208	E5	76	83	508	31.083333	E5	76	80	
512	38.533333	G5	79	85	509	31.166667	G5	79	80	
513	38.633333	C4	60	69	511	31.250000	C4	60	80	
514	38.633333	A5	81	80	510	31.250000	A5	81	80	
515	38.716667	A3	57	72	513	31.333333	A3	57	80	
516	38.735417	F#5	78	84	512	31.333333	F#5	78	80	
517	38.835417	D5	74	80	514	31.416667	D5	74	80	
518	38.844792	F#3	54	71	515	31.416667	F#3	54	80	
519	38.933333	B4	71	82	516	31.500000	B4	71	80	
520	38.944792	D4	62	78	517	31.500000	D4	62	80	
521	39.043750	D5	74	78	518	31.583333	D5	74	80	
522	39.139583	F#5	78	86	519	31.666667	F#5	78	80	
523	39.242708	G5	79	85	520	31.750000	G5	79	80	
524	39.259375	B3	59	73	521	31.750000	B3	59	80	
525	39.351042	E5	76	74	522	31.833333	E5	76	80	
526	39.364583	G3	55	64	523	31.833333	G3	55	80	
527	39.448958	C5	72	80	524	31.916667	C5	72	80	
528	39.462500	E3	52	66	525	31.916667	E3	52	80	
529	39.557292	A4	69	78	526	32.000000	A4	69	80	
530	39.562500	C4	60	76	527	32.000000	C4	60	80	
531	39.668750	C5	72	80	528	32.083333	C5	72	80	
532	39.786458	E5	76	67	529	32.166667	E5	76	80	
533	39.879167	A3	57	64	531	32.250000	A3	57	80	
534	39.884375	F#5	78	81	530	32.250000	F#5	78	80	
535	39.983333	F#3	54	64	533	32.333333	F#3	54	80	
536	39.991667	D5	74	69	532	32.333333	D5	74	80	
537	40.087500	D3	50	63	535	32.416667	D3	50	80	
538	40.092708	B4	71	75	534	32.416667	B4	71	80	
539	40.187500	B3	59	69	537	32.500000	B3	59	80	
540	40.190625	G4	67	75	536	32.500000	G4	67	80	
541	40.295833	B4	71	77	538	32.583333	B4	71	80	
542	40.400000	D5	74	72	539	32.666667	D5	74	80	
543	40.487500	G3	55	60	541	32.750000	G3	55	80	
544	40.496875	E5	76	76	540	32.750000	E5	76	80	
545	40.591667	E3	52	61	543	32.833333	E3	52	80	
546	40.598958	C5	72	65	542	32.833333	C5	72	80	
547	40.695833	C3	48	54	545	32.916667	C3	48	80	
548	40.695833	A4	69	64	544	32.916667	A4	69	80	
549	40.789583	A3	57	68	547	33.000000	A3	57	80	
550	40.797917	F#4	66	73	546	33.000000	F#4	66	80	
551	40.896875	A4	69	65	548	33.083333	A4	69	80	
552	40.993750	C5	72	74	549	33.166667	C5	72	80	
553	41.082292	F#3	54	61	551	33.250000	F#3	54	80	
554	41.105208	D5	74	69	550	33.250000	D5	74	80	
555	41.200000	D3	50	60	553	33.333333	D3	50	80	
556	41.211458	B4	71	60	552	33.333333	B4	71	80	
557	41.296875	G4	67	63	554	33.416667	G4	67	80	
558	41.305208	B2	47	52	555	33.416667	B2	47	80	
559	41.393750	E4	64	71	556	33.500000	E4	64	80	
560	41.398958	G3	55	63	557	33.500000	G3	55	80	
561	41.491667	G4	67	67	558	33.583333	G4	67	80	
562	41.598958	B4	71	66	559	33.666667	B4	71	80	
563	41.703125	E3	52	54	561	33.750000	E3	52	80	
564	41.710417	C5	72	71	560	33.750000	C5	72	80	
565	41.805208	C3	48	58	563	33.833333	C3	48	80	
566	41.809375	A4	69	57	562	33.833333	A4	69	80	
567	41.895833	A2	45	57	565	33.916667	A2	45	80	
568	41.922917	F#4	66	62	564	33.916667	F#4	66	80	
569	42.026042	F#3	54	63	567	34.000000	F#3	54	80	
570	42.030208	D4	62	67	566	34.000000	D4	62	80	
571	42.121875	F#4	66	67	568	34.083333	F#4	66	80	
572	42.215625	A4	69	66	569	34.166667	A4	69	80	
573	42.327083	B4	71	72	570	34.250000	B4	71	80	
574	42.340625	D3	50	59	571	34.250000	D3	50	80	
575	42.434375	G4	67	69	572	34.333333	G4	67	80	
576	42.438542	B2	47	68	573	34.333333	B2	47	80	
577	42.547917	G2	43	70	575	34.416667	G2	43	80	
578	42.547917	E4	64	80	574	34.416667	E4	64	80	
579	42.645833	E3	52	77	577	34.500000	E3	52	80	
580	42.650000	C4	60	79	576	34.500000	C4	60	80	
581	42.761458	C3	48	74	579	34.583333	C3	48	80	
582	42.763542	E4	64	81	578	34.583333	E4	64	80	
583	42.854167	A2	45	80	581	34.666667	A2	45	80	
584	42.865625	G4	67	80	580	34.666667	G4	67	80	
585	42.969792	A4	69	80	582	34.750000	A4	69	80	
586	42.985417	F#3	54	79	583	34.750000	F#3	54	80	
587	43.078125	F#4	66	84	584	34.833333	F#4	66	80	
588	43.104167	D3	50	70	585	34.833333	D3	50	80	
589	43.177083	B2	47	71	587	34.916667	B2	47	80	
590	43.194792	D4	62	83	586	34.916667	D4	62	80	
591	43.295833	B3	59	84	588	35.000000	B3	59	80	
592	43.302083	G3	55	80	589	35.000000	G3	55	80	
593	43.415625	D4	62	85	590	35.083333	D4	62	80	
594	43.533333	F#4	66	84	591	35.166667	F#4	66	80	
595	43.664583	G4	67	81	592	35.250000	G4	67	80	
596	43.673958	E3	52	76	593	35.250000	E3	52	80	
597	43.818750	E4	64	81	594	35.333333	E4	64	80	
598	43.957292	C4	60	76	595	35.416667	C4	60	80	
599	44.114583	A3	57	76	596	35.500000	A3	57	80	
600	44.120833	C3	48	67	597	35.500000	C3	48	80	
601	44.277083	C4	60	74	598	35.583333	C4	60	80	
602	44.468750	E4	64	79	599	35.666667	E4	64	80	
603	44.716667	F#4	66	71	600	35.750000	F#4	66	80	
604	44.728125	D3	50	59	601	35.750000	D3	50	80	
605	45.019792	D4	62	67	602	35.833333	D4	62	80	
606	45.430208	C4	60	58	603	35.916667	C4	60	80	
607	46.052083	D4	62	56	605	36.000000	D4	62	80	
608	46.061458	G2	43	37	607	36.000000	G2	43	80	
609	46.061458	G4	67	59	606	36.000000	G4	67	80	
610	46.065625	B3	59	48	604	36.000000	B3	59	80	
*	-1	*	-1	-1	46	3.000000	G3	55	80	
*	-1	*	-1	-1	57	3.750000	G3	55	80	
*	-1	*	-1	-1	58	3.833333	G3	55	80	
*	-1	*	-1	-1	151	9.916667	D4	62	80	
*	-1	*	-1	-1	209	13.666667	C3	48	80	
