// alignID alignOntime alignSitch alignPitch alignOnvel refID refOntime refSitch refPitch refOnvel
0	1.018229	G4	67	66	0	0.000000	G4	67	80	
1	1.026042	G3	55	51	1	0.000000	G3	55	80	
2	1.131510	B4	71	65	2	0.083333	B4	71	80	
3	1.223958	D5	74	71	3	0.166667	D5	74	80	
4	1.322917	G5	79	75	4	0.250000	G5	79	80	
5	1.328125	G2	43	47	5	0.250000	G2	43	80	
6	1.403646	D5	74	63	6	0.333333	D5	74	80	
7	1.500000	B4	71	71	7	0.416667	B4	71	80	
8	1.593750	D5	74	73	8	0.500000	D5	74	80	
9	1.707031	B4	71	71	9	0.583333	B4	71	80	
10	1.808594	G4	67	63	10	0.666667	G4	67	80	
11	1.924479	G3	55	74	12	0.750000	G3	55	80	
12	1.934896	B4	71	76	11	0.750000	B4	71	80	
13	2.026042	G4	67	80	13	0.833333	G4	67	80	
14	2.131510	D4	62	71	14	0.916667	D4	62	80	
15	2.222656	G3	55	77	16	1.000000	G3	55	80	
16	2.243490	E4	64	83	15	1.000000	E4	64	80	
17	2.354167	G4	67	80	17	1.083333	G4	67	80	
18	2.446615	C5	72	72	18	1.166667	C5	72	80	
19	2.553385	G2	43	67	20	1.250000	G2	43	80	
20	2.554688	E5	76	78	19	1.250000	E5	76	80	
21	2.652344	C5	72	81	21	1.333333	C5	72	80	
22	2.764323	G4	67	74	22	1.416667	G4	67	80	
23	2.865885	C5	72	74	23	1.500000	C5	72	80	
24	2.976562	G4	67	65	24	1.583333	G4	67	80	
25	3.078125	E4	64	68	25	1.666667	E4	64	80	
26	3.203125	G3	55	72	27	1.750000	G3	55	80	
27	3.203125	G4	67	72	26	1.750000	G4	67	80	
28	3.302083	E4	64	61	28	1.833333	E4	64	80	
29	3.404948	C4	60	69	29	1.916667	C4	60	80	
30	3.519531	G3	55	77	31	2.000000	G3	55	80	
31	3.520833	A3	57	74	30	2.000000	A3	57	80	
32	3.632812	C4	60	73	32	2.083333	C4	60	80	
33	3.727865	F#4	66	66	33	2.166667	F#4	66	80	
34	3.850260	A4	69	75	34	2.250000	A4	69	80	
35	3.851562	G2	43	64	35	2.250000	G2	43	80	
36	3.953125	F#4	66	77	36	2.333333	F#4	66	80	
37	4.062500	C4	60	68	37	2.416667	C4	60	80	
38	4.154948	F#4	66	71	38	2.500000	F#4	66	80	
39	4.260417	C4	60	70	39	2.583333	C4	60	80	
40	4.372396	A3	57	55	40	2.666667	A3	57	80	
41	4.473958	G3	55	71	42	2.750000	G3	55	80	
42	4.492188	C4	60	66	41	2.750000	C4	60	80	
43	4.576823	A3	57	54	43	2.833333	A3	57	80	
44	4.667969	F#3	54	63	44	2.916667	F#3	54	80	
45	4.795573	G3	55	62	45	3.000000	G3	55	80	
46	4.902344	B3	59	60	47	3.083333	B3	59	80	
47	5.028646	D4	62	53	48	3.166667	D4	62	80	
48	5.126302	G4	67	63	49	3.250000	G4	67	80	
49	5.139323	G2	43	53	50	3.250000	G2	43	80	
50	5.229167	D4	62	61	51	3.333333	D4	62	80	
51	5.324219	B3	59	62	52	3.416667	B3	59	80	
52	5.440104	D4	62	58	53	3.500000	D4	62	80	
53	5.527344	B3	59	61	54	3.583333	B3	59	80	
54	5.622396	G3	55	53	55	3.666667	G3	55	80	
55	5.738281	G3	55	73	57	3.750000	G3	55	80	
56	5.743490	B3	59	61	56	3.750000	B3	59	80	
57	5.861979	G3	55	66	58	3.833333	G3	55	80	
58	5.941406	E3	52	67	59	3.916667	E3	52	80	
59	6.075521	A3	57	60	60	4.000000	A3	57	80	
60	6.076823	G3	55	67	61	4.000000	G3	55	80	
61	6.191406	C#4	61	66	62	4.083333	C#4	61	80	
62	6.292969	E4	64	64	63	4.166667	E4	64	80	
63	6.394531	G2	43	54	65	4.250000	G2	43	80	
64	6.403646	A4	69	73	64	4.250000	A4	69	80	
65	6.496094	E4	64	68	66	4.333333	E4	64	80	
66	6.606771	C#4	61	72	67	4.416667	C#4	61	80	
67	6.696615	E4	64	62	68	4.500000	E4	64	80	
68	6.802083	C#4	61	73	69	4.583333	C#4	61	80	
69	6.920573	A3	57	62	70	4.666667	A3	57	80	
70	7.018229	G3	55	61	72	4.750000	G3	55	80	
71	7.031250	C#4	61	70	71	4.750000	C#4	61	80	
72	7.131510	A3	57	61	73	4.833333	A3	57	80	
73	7.239583	E3	52	60	74	4.916667	E3	52	80	
74	7.347656	F#3	54	50	76	5.000000	F#3	54	80	
75	7.363281	D4	62	61	75	5.000000	D4	62	80	
76	7.462240	A3	57	53	77	5.083333	A3	57	80	
77	7.557292	C#4	61	66	78	5.166667	C#4	61	80	
78	7.675781	D4	62	68	79	5.250000	D4	62	80	
79	7.786458	A3	57	65	80	5.333333	A3	57	80	
80	7.884115	F#3	54	68	81	5.416667	F#3	54	80	
81	8.000000	A3	57	74	82	5.500000	A3	57	80	
82	8.098958	F#3	54	72	83	5.583333	F#3	54	80	
83	8.190104	D3	50	63	84	5.666667	D3	50	80	
84	8.305990	F#3	54	67	86	5.750000	F#3	54	80	
85	8.312500	D4	62	68	85	5.750000	D4	62	80	
86	8.420573	D3	50	52	87	5.833333	D3	50	80	
87	8.535156	B2	47	53	88	5.916667	B2	47	80	
88	8.647135	D4	62	56	89	6.000000	D4	62	80	
89	8.654948	E3	52	62	90	6.000000	E3	52	80	
90	8.744792	C#4	61	55	91	6.083333	C#4	61	80	
91	8.856771	D4	62	52	92	6.166667	D4	62	80	
92	8.972656	E4	64	59	93	6.250000	E4	64	80	
93	8.993490	E2	40	53	94	6.250000	E2	40	80	
94	9.078125	C#4	61	55	95	6.333333	C#4	61	80	
95	9.184896	D4	62	52	96	6.416667	D4	62	80	
96	9.294271	F#4	66	61	97	6.500000	F#4	66	80	
97	9.417969	C#4	61	52	98	6.583333	C#4	61	80	
98	9.501302	D4	62	45	99	6.666667	D4	62	80	
99	9.626302	E3	52	65	101	6.750000	E3	52	80	
100	9.639323	G4	67	60	100	6.750000	G4	67	80	
101	9.760417	C#4	61	48	102	6.833333	C#4	61	80	
102	9.846354	D4	62	52	103	6.916667	D4	62	80	
103	9.976562	C#3	49	57	105	7.000000	C#3	49	80	
104	9.983073	A4	69	63	104	7.000000	A4	69	80	
105	10.085938	C#4	61	50	106	7.083333	C#4	61	80	
106	10.182292	D4	62	47	107	7.166667	D4	62	80	
107	10.299479	A2	45	58	109	7.250000	A2	45	80	
108	10.307292	B4	71	62	108	7.250000	B4	71	80	
109	10.395833	C#4	61	55	110	7.333333	C#4	61	80	
110	10.486979	D4	62	57	111	7.416667	D4	62	80	
111	10.613281	A4	69	67	112	7.500000	A4	69	80	
112	10.615885	B2	47	64	113	7.500000	B2	47	80	
113	10.721354	C#4	61	51	114	7.583333	C#4	61	80	
114	10.795573	D4	62	41	115	7.666667	D4	62	80	
115	10.945312	G4	67	58	116	7.750000	G4	67	80	
116	10.949219	C#3	49	53	117	7.750000	C#3	49	80	
117	11.058594	C#4	61	52	118	7.833333	C#4	61	80	
118	11.126302	D4	62	49	119	7.916667	D4	62	80	
119	11.264323	D3	50	51	121	8.000000	D3	50	80	
120	11.282552	F#4	66	60	120	8.000000	F#4	66	80	
121	11.398438	C#4	61	48	122	8.083333	C#4	61	80	
122	11.498698	D4	62	44	123	8.166667	D4	62	80	
123	11.601562	E3	52	56	125	8.250000	E3	52	80	
124	11.610677	G4	67	66	124	8.250000	G4	67	80	
125	11.725260	C#4	61	49	126	8.333333	C#4	61	80	
126	11.824219	D4	62	47	127	8.416667	D4	62	80	
127	11.945312	A4	69	66	128	8.500000	A4	69	80	
128	11.946615	F#3	54	48	129	8.500000	F#3	54	80	
129	12.048177	C#4	61	51	130	8.583333	C#4	61	80	
130	12.154948	D4	62	47	131	8.666667	D4	62	80	
131	12.270833	B4	71	64	132	8.750000	B4	71	80	
132	12.274740	G3	55	53	133	8.750000	G3	55	80	
133	12.381510	C#4	61	52	134	8.833333	C#4	61	80	
134	12.484375	D4	62	42	135	8.916667	D4	62	80	
135	12.593750	A4	69	63	136	9.000000	A4	69	80	
136	12.604167	F#3	54	52	137	9.000000	F#3	54	80	
137	12.701823	C#4	61	41	138	9.083333	C#4	61	80	
138	12.805990	D4	62	46	139	9.166667	D4	62	80	
139	12.930990	E3	52	62	141	9.250000	E3	52	80	
140	12.933594	G4	67	62	140	9.250000	G4	67	80	
141	13.035156	C#4	61	52	142	9.333333	C#4	61	80	
142	13.125000	D4	62	50	143	9.416667	D4	62	80	
143	13.247396	F#4	66	67	144	9.500000	F#4	66	80	
144	13.251302	D3	50	36	145	9.500000	D3	50	80	
145	13.354167	C#4	61	52	146	9.583333	C#4	61	80	
146	13.446615	D4	62	49	147	9.666667	D4	62	80	
147	13.555990	F#3	54	48	149	9.750000	F#3	54	80	
148	13.570312	A4	69	63	148	9.750000	A4	69	80	
149	13.634115	C#4	61	47	150	9.833333	C#4	61	80	
150	13.743490	D4	62	55	151	9.916667	D4	62	80	
151	13.891927	B2	47	68	153	10.000000	B2	47	80	
152	13.902344	G#4	68	73	152	10.000000	G#4	68	80	
153	14.009115	B4	71	71	154	10.083333	B4	71	80	
154	14.113281	D5	74	68	155	10.166667	D5	74	80	
155	14.214844	F5	77	82	156	10.250000	F5	77	80	
156	14.220052	B3	59	86	157	10.250000	B3	59	80	
157	14.305990	D5	74	78	158	10.333333	D5	74	80	
158	14.412760	B4	71	80	159	10.416667	B4	71	80	
159	14.528646	D5	74	81	160	10.500000	D5	74	80	
160	14.626302	B4	71	80	161	10.583333	B4	71	80	
161	14.727865	G#4	68	75	162	10.666667	G#4	68	80	
162	14.860677	A3	57	82	164	10.750000	A3	57	80	
163	14.864583	B4	71	80	163	10.750000	B4	71	80	
164	14.958333	G#4	68	84	165	10.833333	G#4	68	80	
165	15.072917	F4	65	73	166	10.916667	E4	64	80	
166	15.177083	D4	62	79	167	11.000000	D4	62	80	
167	15.183594	G#3	56	79	168	11.000000	G#3	56	80	
168	15.274740	F4	65	74	169	11.083333	F4	65	80	
169	15.372396	G#4	68	73	170	11.166667	G#4	68	80	
170	15.488281	B4	71	70	171	11.250000	B4	71	80	
171	15.502604	G#2	44	61	172	11.250000	G#2	44	80	
172	15.587240	G#4	68	65	173	11.333333	G#4	68	80	
173	15.688802	F4	65	69	174	11.416667	F4	65	80	
174	15.781250	G#4	68	69	175	11.500000	G#4	68	80	
175	15.897135	F4	65	70	176	11.583333	F4	65	80	
176	16.013021	D4	62	64	177	11.666667	D4	62	80	
177	16.128906	G#3	56	61	179	11.750000	G#3	56	80	
178	16.140625	F4	65	68	178	11.750000	F4	65	80	
179	16.227865	D4	62	65	180	11.833333	D4	62	80	
180	16.324219	B3	59	60	181	11.916667	B3	59	80	
181	16.454427	C4	60	66	182	12.000000	C4	60	80	
182	16.460938	A3	57	57	183	12.000000	A3	57	80	
183	16.677083	E4	64	50	185	12.166667	E4	64	80	
184	16.773438	E5	76	71	186	12.250000	E5	76	80	
185	16.789062	A4	69	58	187	12.250000	A4	69	80	
186	16.906250	E4	64	49	188	12.333333	E4	64	80	
187	17.002604	C4	60	61	189	12.416667	C4	60	80	
188	17.095052	C5	72	70	190	12.500000	C5	72	80	
189	17.127604	E4	64	63	191	12.500000	E4	64	80	
190	17.216146	C4	60	67	192	12.583333	C4	60	80	
191	17.319010	A3	57	56	193	12.666667	A3	57	80	
192	17.420573	C4	60	64	195	12.750000	C4	60	80	
193	17.441406	A4	69	62	194	12.750000	A4	69	80	
194	17.522135	A3	57	66	196	12.833333	A3	57	80	
195	17.627604	E3	52	55	197	12.916667	E3	52	80	
196	17.720052	C3	48	62	199	13.000000	C3	48	80	
197	17.748698	E4	64	56	198	13.000000	E4	64	80	
198	17.858073	E3	52	51	200	13.083333	E3	52	80	
199	17.944010	A3	57	57	201	13.166667	A3	57	80	
200	18.072917	C4	60	59	203	13.250000	C4	60	80	
201	18.072917	E5	76	57	202	13.250000	E5	76	80	
202	18.182292	A3	57	61	204	13.333333	A3	57	80	
203	18.276042	E3	52	58	205	13.416667	E3	52	80	
204	18.375000	C5	72	66	206	13.500000	C5	72	80	
205	18.377604	A3	57	69	207	13.500000	A3	57	80	
206	18.476562	E3	52	68	208	13.583333	E3	52	80	
207	18.565104	C3	48	59	209	13.666667	C3	48	80	
208	18.680990	E3	52	73	211	13.750000	E3	52	80	
209	18.684896	A4	69	75	210	13.750000	A4	69	80	
210	18.785156	C3	48	69	212	13.833333	C3	48	80	
211	18.893229	A2	45	57	213	13.916667	A2	45	80	
212	19.005208	F#2	42	67	215	14.000000	F#2	42	80	
213	19.031250	Eb5	75	74	214	14.000000	Eb5	75	80	
214	19.134115	F#5	78	76	216	14.083333	F#5	78	80	
215	19.243490	A5	81	77	217	14.166667	A5	81	80	
216	19.334635	F#3	54	77	219	14.250000	F#3	54	80	
217	19.358073	C6	84	85	218	14.250000	C6	84	80	
218	19.450521	A5	81	78	220	14.333333	A5	81	80	
219	19.539062	F#5	78	85	221	14.416667	F#5	78	80	
220	19.656250	A5	81	91	222	14.500000	A5	81	80	
221	19.750000	F#5	78	89	223	14.583333	F#5	78	80	
222	19.878906	Eb5	75	74	224	14.666667	Eb5	75	80	
223	19.990885	F#5	78	87	225	14.750000	F#5	78	80	
224	19.997396	E3	52	80	226	14.750000	E3	52	80	
225	20.085938	Eb5	75	78	227	14.833333	Eb5	75	80	
226	20.186198	C5	72	77	228	14.916667	B4	71	80	
227	20.319010	A4	69	80	229	15.000000	A4	69	80	
228	20.348958	Eb3	51	73	230	15.000000	Eb3	51	80	
229	20.419271	C5	72	72	231	15.083333	C5	72	80	
230	20.533854	Eb5	75	69	232	15.166667	Eb5	75	80	
231	20.647135	F#5	78	77	233	15.250000	F#5	78	80	
232	20.678385	Eb2	39	60	234	15.250000	Eb2	39	80	
233	20.742188	Eb5	75	70	235	15.333333	Eb5	75	80	
234	20.873698	C5	72	69	236	15.416667	C5	72	80	
235	20.973958	Eb5	75	74	237	15.500000	Eb5	75	80	
236	21.084635	C5	72	66	238	15.583333	C5	72	80	
237	21.196615	A4	69	64	239	15.666667	A4	69	80	
238	21.312500	Eb3	51	52	241	15.750000	Eb3	51	80	
239	21.324219	C5	72	68	240	15.750000	C5	72	80	
240	21.437500	A4	69	60	242	15.833333	A4	69	80	
241	21.527344	F#4	66	65	243	15.916667	F#4	66	80	
242	21.641927	E3	52	54	245	16.000000	E3	52	80	
243	21.645833	G4	67	69	244	16.000000	G4	67	80	
244	21.768229	Eb4	63	57	246	16.083333	Eb4	63	80	
245	21.878906	E4	64	46	247	16.166667	E4	64	80	
246	21.975260	F#3	54	54	249	16.250000	F#3	54	80	
247	21.992188	A4	69	67	248	16.250000	A4	69	80	
248	22.083333	Eb4	63	48	250	16.333333	Eb4	63	80	
249	22.175781	E4	64	47	251	16.416667	E4	64	80	
250	22.308594	G3	55	55	253	16.500000	G3	55	80	
251	22.313802	B4	71	63	252	16.500000	B4	71	80	
252	22.415365	Eb4	63	53	254	16.583333	Eb4	63	80	
253	22.524740	E4	64	43	255	16.666667	E4	64	80	
254	22.625000	C5	72	70	256	16.750000	C5	72	80	
255	22.635417	A3	57	43	257	16.750000	A3	57	80	
256	22.725260	Eb4	63	48	258	16.833333	Eb4	63	80	
257	22.845052	E4	64	38	259	16.916667	E4	64	80	
258	22.944010	G3	55	53	261	17.000000	G3	55	80	
259	22.962240	B4	71	61	260	17.000000	B4	71	80	
260	23.045573	Eb4	63	57	262	17.083333	Eb4	63	80	
261	23.166667	E4	64	41	263	17.166667	E4	64	80	
262	23.259115	F#3	54	56	265	17.250000	F#3	54	80	
263	23.266927	A4	69	67	264	17.250000	A4	69	80	
264	23.372396	Eb4	63	49	266	17.333333	Eb4	63	80	
265	23.462240	E4	64	53	267	17.416667	E4	64	80	
266	23.580729	E3	52	63	269	17.500000	E3	52	80	
267	23.596354	G4	67	69	268	17.500000	G4	67	80	
268	23.707031	Eb4	63	51	270	17.583333	Eb4	63	80	
269	23.783854	E4	64	53	271	17.666667	E4	64	80	
270	23.893229	G3	55	55	273	17.750000	G3	55	80	
271	23.916667	B4	71	60	272	17.750000	B4	71	80	
272	23.976562	Eb4	63	42	274	17.833333	Eb4	63	80	
273	24.085938	E4	64	39	275	17.916667	E4	64	80	
274	24.231771	C#3	49	55	277	18.000000	C#3	49	80	
275	24.252604	A4	69	57	276	18.000000	A4	69	80	
276	24.368490	G#4	68	53	278	18.083333	G#4	68	80	
277	24.473958	A4	69	56	279	18.166667	A4	69	80	
278	24.579427	B4	71	59	280	18.250000	B4	71	80	
279	24.583333	D3	50	39	281	18.250000	D3	50	80	
280	24.682292	G#4	68	59	282	18.333333	G#4	68	80	
281	24.782552	A4	69	62	283	18.416667	A4	69	80	
282	24.893229	E3	52	59	285	18.500000	E3	52	80	
283	24.898438	C#5	73	71	284	18.500000	C#5	73	80	
284	25.002604	G#4	68	65	286	18.583333	G#4	68	80	
285	25.093750	A4	69	68	287	18.666667	A4	69	80	
286	25.200521	D5	74	78	288	18.750000	D5	74	80	
287	25.201823	F#3	54	60	289	18.750000	F#3	54	80	
288	25.303385	G#4	68	66	290	18.833333	G#4	68	80	
289	25.406250	A4	69	65	291	18.916667	A4	69	80	
290	25.496094	E5	76	79	292	19.000000	E5	76	80	
291	25.505208	C#3	49	68	293	19.000000	C#3	49	80	
292	25.600260	G#4	68	75	294	19.083333	G#4	68	80	
293	25.717448	A4	69	65	295	19.166667	A4	69	80	
294	25.802083	F#5	78	84	296	19.250000	F#5	78	80	
295	25.804688	B2	47	74	297	19.250000	B2	47	80	
296	25.893229	F5	77	51	*	-1	*	-1	-1	
297	25.917969	G#4	68	82	298	19.333333	G#4	68	80	
298	26.044271	A4	69	67	299	19.416667	A4	69	80	
299	26.117188	A2	45	66	301	19.500000	A2	45	80	
300	26.132812	G5	79	86	300	19.500000	G5	79	80	
301	26.242188	E5	76	74	302	19.583333	E5	76	80	
302	26.332031	C#5	73	76	303	19.666667	C#5	73	80	
303	26.419271	C#3	49	64	305	19.750000	C#3	49	80	
304	26.423177	A4	69	80	304	19.750000	A4	69	80	
305	26.529948	C#5	73	78	306	19.833333	C#5	73	80	
306	26.638021	E5	76	69	307	19.916667	E5	76	80	
307	26.757812	D3	50	49	309	20.000000	D3	50	80	
308	26.757812	F#5	78	77	308	20.000000	F#5	78	80	
309	26.894531	F#3	54	50	310	20.083333	F#3	54	80	
310	26.984375	A3	57	63	311	20.166667	A3	57	80	
311	27.071615	D4	62	73	312	20.250000	D4	62	80	
312	27.175781	A3	57	72	313	20.333333	A3	57	80	
313	27.270833	F#3	54	63	314	20.416667	F#3	54	80	
314	27.345052	A5	81	82	315	20.500000	A5	81	80	
315	27.382812	D3	50	67	316	20.500000	D3	50	80	
316	27.458333	F#5	78	80	317	20.583333	F#5	78	80	
317	27.559896	D5	74	76	318	20.666667	D5	74	80	
318	27.648438	D4	62	70	320	20.750000	D4	62	80	
319	27.651042	C5	72	82	319	20.750000	C5	72	80	
320	27.756510	D5	74	81	321	20.833333	D5	74	80	
321	27.876302	F#5	78	81	322	20.916667	F#5	78	80	
322	27.990885	D3	50	55	324	21.000000	D3	50	80	
323	28.002604	A5	81	87	323	21.000000	A5	81	80	
324	28.121094	G3	55	53	325	21.083333	G3	55	80	
325	28.225260	B3	59	61	326	21.166667	B3	59	80	
326	28.329427	G5	79	77	327	21.250000	G5	79	80	
327	28.343750	D4	62	61	328	21.250000	D4	62	80	
328	28.425781	B3	59	68	329	21.333333	B3	59	80	
329	28.524740	G3	55	60	330	21.416667	G3	55	80	
330	28.635417	G5	79	82	331	21.500000	G5	79	80	
331	28.641927	D3	50	70	332	21.500000	D3	50	80	
332	28.752604	E5	76	73	333	21.583333	E5	76	80	
333	28.852865	C#5	73	77	334	21.666667	C#5	73	80	
334	28.947917	A4	69	79	335	21.750000	A4	69	80	
335	28.950521	D4	62	63	336	21.750000	D4	62	80	
336	29.049479	C#5	73	79	337	21.833333	C#5	73	80	
337	29.154948	E5	76	80	338	21.916667	E5	76	80	
338	29.273438	D3	50	52	340	22.000000	D3	50	80	
339	29.278646	G5	79	82	339	22.000000	G5	79	80	
340	29.385417	A3	57	49	341	22.083333	A3	57	80	
341	29.496094	C#4	61	56	342	22.166667	C#4	61	80	
342	29.611979	F#5	78	79	343	22.250000	F#5	78	80	
343	29.618490	D4	62	54	344	22.250000	D4	62	80	
344	29.696615	A3	57	59	345	22.333333	A3	57	80	
345	29.798177	F#3	54	53	346	22.416667	F#3	54	80	
346	29.937500	D3	50	61	348	22.500000	D3	50	80	
347	29.945312	F#5	78	77	347	22.500000	F#5	78	80	
348	30.054688	D5	74	63	349	22.583333	D5	74	80	
349	30.157552	B4	71	61	350	22.666667	B4	71	80	
350	30.257812	G4	67	67	351	22.750000	G4	67	80	
351	30.281250	D4	62	37	352	22.750000	D4	62	80	
352	30.355469	B4	71	60	353	22.833333	B4	71	80	
353	30.471354	D5	74	54	354	22.916667	D5	74	80	
354	30.582031	D3	50	38	356	23.000000	D3	50	80	
355	30.591146	F#5	78	72	355	23.000000	F#5	78	80	
356	30.675781	E3	52	48	357	23.083333	E3	52	80	
357	30.777344	G3	55	45	358	23.166667	G3	55	80	
358	30.906250	B3	59	56	360	23.250000	B3	59	80	
359	30.920573	E5	76	63	359	23.250000	E5	76	80	
360	31.018229	G3	55	54	361	23.333333	G3	55	80	
361	31.106771	E3	52	51	362	23.416667	E3	52	80	
362	31.243490	D3	50	59	364	23.500000	D3	50	80	
363	31.244792	E5	76	67	363	23.500000	E5	76	80	
364	31.351562	C#5	73	63	365	23.583333	C#5	73	80	
365	31.442708	A4	69	62	366	23.666667	A4	69	80	
366	31.550781	G4	67	64	367	23.750000	G4	67	80	
367	31.552083	D4	62	51	368	23.750000	D4	62	80	
368	31.654948	A4	69	59	369	23.833333	A4	69	80	
369	31.759115	C#5	73	57	370	23.916667	C#5	73	80	
370	31.873698	D3	50	41	372	24.000000	D3	50	80	
371	31.911458	E5	76	59	371	24.000000	E5	76	80	
372	32.018229	F#3	54	42	373	24.083333	F#3	54	80	
373	32.127604	A3	57	48	374	24.166667	A3	57	80	
374	32.233073	D5	74	61	375	24.250000	D5	74	80	
375	32.248698	D4	62	54	376	24.250000	D4	62	80	
376	32.367188	A3	57	56	377	24.333333	A3	57	80	
377	32.442708	F#3	54	51	378	24.416667	F#3	54	80	
378	32.542969	A3	57	64	379	24.500000	A3	57	80	
379	32.645833	F#3	54	69	380	24.583333	F#3	54	80	
380	32.742188	D3	50	59	381	24.666667	D3	50	80	
381	32.865885	F#3	54	68	383	24.750000	F#3	54	80	
382	32.880208	D5	74	65	382	24.750000	D5	74	80	
383	32.963542	D3	50	60	384	24.833333	D3	50	80	
384	33.095052	C3	48	55	385	24.916667	C3	48	80	
385	33.187500	B2	47	63	387	25.000000	B2	47	80	
386	33.252604	D5	74	58	386	25.000000	D5	74	80	
387	33.302083	D3	50	52	389	25.083333	D3	50	80	
388	33.367188	C5	72	64	388	25.083333	C5	72	80	
389	33.408854	F#3	54	57	391	25.166667	F#3	54	80	
390	33.451823	B4	71	60	390	25.166667	B4	71	80	
391	33.535156	G3	55	61	393	25.250000	G3	55	80	
392	33.565104	B4	71	78	392	25.250000	B4	71	80	
393	33.639323	D3	50	63	395	25.333333	D3	50	80	
394	33.648438	A4	69	72	394	25.333333	A4	69	80	
395	33.744792	G4	67	77	396	25.416667	G4	67	80	
396	33.756510	B2	47	60	397	25.416667	B2	47	80	
397	33.868490	G4	67	73	398	25.500000	G4	67	80	
398	33.872396	D3	50	71	399	25.500000	D3	50	80	
399	33.973958	B2	47	70	401	25.583333	B2	47	80	
400	33.980469	B4	71	72	400	25.583333	B4	71	80	
401	34.076823	G2	43	62	403	25.666667	G2	43	80	
402	34.083333	D5	74	74	402	25.666667	D5	74	80	
403	34.188802	B2	47	74	405	25.750000	B2	47	80	
404	34.205729	F5	77	77	404	25.750000	F5	77	80	
405	34.296875	G2	43	68	407	25.833333	G2	43	80	
406	34.300781	E5	76	71	406	25.833333	E5	76	80	
407	34.408854	F2	41	64	409	25.916667	F2	41	80	
408	34.410156	D5	74	67	408	25.916667	D5	74	80	
409	34.500000	E2	40	65	411	26.000000	E2	40	80	
410	34.522135	D5	74	70	410	26.000000	D5	74	80	
411	34.597656	G2	43	58	413	26.083333	G2	43	80	
412	34.623698	E5	76	68	412	26.083333	E5	76	80	
413	34.713542	B2	47	61	415	26.166667	B2	47	80	
414	34.722656	F5	77	69	414	26.166667	F5	77	80	
415	34.837240	C3	48	64	417	26.250000	C3	48	80	
416	34.843750	E5	76	68	416	26.250000	E5	76	80	
417	34.962240	E3	52	65	418	26.333333	E3	52	80	
418	35.066406	G3	55	70	419	26.416667	G3	55	80	
419	35.169271	C4	60	76	420	26.500000	C4	60	80	
420	35.278646	G3	55	72	421	26.583333	G3	55	80	
421	35.371094	E3	52	62	422	26.666667	E3	52	80	
422	35.488281	G3	55	72	424	26.750000	G3	55	80	
423	35.503906	E5	76	73	423	26.750000	E5	76	80	
424	35.569010	E3	52	63	425	26.833333	E3	52	80	
425	35.691406	D3	50	54	426	26.916667	D3	50	80	
426	35.829427	C#3	49	63	428	27.000000	C#3	49	80	
427	35.865885	E5	76	68	427	27.000000	E5	76	80	
428	35.942708	E3	52	62	430	27.083333	E3	52	80	
429	35.971354	D5	74	69	429	27.083333	D5	74	80	
430	36.050781	G3	55	61	432	27.166667	G3	55	80	
431	36.058594	C#5	73	74	431	27.166667	C#5	73	80	
432	36.152344	A3	57	70	434	27.250000	A3	57	80	
433	36.165365	C#5	73	78	433	27.250000	C#5	73	80	
434	36.244792	E3	52	69	436	27.333333	E3	52	80	
435	36.265625	B4	71	73	435	27.333333	B4	71	80	
436	36.337240	C#3	49	65	438	27.416667	C#3	49	80	
437	36.364583	A4	69	82	437	27.416667	A4	69	80	
438	36.458333	E3	52	75	440	27.500000	E3	52	80	
439	36.462240	A4	69	82	439	27.500000	A4	69	80	
440	36.548177	C#3	49	72	442	27.583333	C#3	49	80	
441	36.579427	C#5	73	77	441	27.583333	C#5	73	80	
442	36.635417	A2	45	64	444	27.666667	A2	45	80	
443	36.677083	E5	76	71	443	27.666667	E5	76	80	
444	36.763021	C#3	49	75	446	27.750000	C#3	49	80	
445	36.779948	G5	79	81	445	27.750000	G5	79	80	
446	36.854167	A2	45	61	448	27.833333	A2	45	80	
447	36.904948	F#5	78	80	447	27.833333	F#5	78	80	
448	36.993490	G2	43	63	450	27.916667	G2	43	80	
449	37.009115	E5	76	62	449	27.916667	E5	76	80	
450	37.042969	F5	77	27	*	-1	*	-1	-1	
451	37.095052	F#2	42	69	452	28.000000	F#2	42	80	
452	37.104167	E5	76	83	451	28.000000	E5	76	80	
453	37.190104	A2	45	55	454	28.083333	A2	45	80	
454	37.212240	F#5	78	80	453	28.083333	F#5	78	80	
455	37.291667	C#3	49	69	456	28.166667	C#3	49	80	
456	37.311198	G5	79	76	455	28.166667	G5	79	80	
457	37.419271	F#5	78	85	457	28.250000	F#5	78	80	
458	37.420573	D3	50	76	458	28.250000	D3	50	80	
459	37.527344	F#3	54	67	459	28.333333	F#3	54	80	
460	37.632812	A3	57	77	460	28.416667	A3	57	80	
461	37.743490	D4	62	77	461	28.500000	D4	62	80	
462	37.858073	A3	57	73	462	28.583333	A3	57	80	
463	37.936198	F#3	54	67	463	28.666667	F#3	54	80	
464	38.058594	A3	57	74	465	28.750000	A3	57	80	
465	38.065104	A5	81	84	464	28.750000	A5	81	80	
466	38.152344	F#3	54	75	466	28.833333	F#3	54	80	
467	38.243490	D3	50	66	467	28.916667	D3	50	80	
468	38.384115	F#3	54	75	469	29.000000	F#3	54	80	
469	38.390625	A5	81	80	468	29.000000	A5	81	80	
470	38.488281	D3	50	58	471	29.083333	D3	50	80	
471	38.494792	G5	79	74	470	29.083333	G5	79	80	
472	38.584635	F#5	78	81	472	29.166667	F#5	78	80	
473	38.600260	A2	45	61	473	29.166667	A2	45	80	
474	38.686198	F#5	78	77	474	29.250000	F#5	78	80	
475	38.694010	D3	50	75	475	29.250000	D3	50	80	
476	38.778646	E5	76	79	476	29.333333	E5	76	80	
477	38.800781	A2	45	78	477	29.333333	A2	45	80	
478	38.901042	D5	74	85	478	29.416667	D5	74	80	
479	38.911458	F#2	42	68	479	29.416667	F#2	42	80	
480	39.003906	D5	74	72	480	29.500000	D5	74	80	
481	39.011719	D2	38	78	481	29.500000	D2	38	80	
482	39.118490	F#5	78	89	482	29.583333	F#5	78	80	
483	39.218750	A5	81	76	483	29.666667	A5	81	80	
484	39.315104	D3	50	85	485	29.750000	D3	50	80	
485	39.329427	C6	84	84	484	29.750000	C6	84	80	
486	39.438802	B5	83	82	486	29.833333	B5	83	80	
487	39.536458	A5	81	86	487	29.916667	A5	81	80	
488	39.666667	G2	43	71	489	30.000000	G2	43	80	
489	39.671875	A5	81	89	488	30.000000	A5	81	80	
490	39.779948	B5	83	83	490	30.083333	B5	83	80	
491	39.893229	C6	84	83	491	30.166667	C6	84	80	
492	40.003906	B5	83	88	492	30.250000	B5	83	80	
493	40.119792	B2	47	67	493	30.333333	B2	47	80	
494	40.221354	D3	50	62	494	30.416667	D3	50	80	
495	40.309896	G3	55	70	495	30.500000	G3	55	80	
496	40.417969	A3	57	76	497	30.583333	A3	57	80	
497	40.423177	A5	81	73	496	30.583333	A5	81	80	
498	40.515625	B3	59	74	499	30.666667	B3	59	80	
499	40.516927	G5	79	85	498	30.666667	G5	79	80	
500	40.623698	F5	77	86	500	30.750000	F5	77	80	
501	40.626302	B3	59	64	501	30.750000	B3	59	80	
502	40.713542	E5	76	77	502	30.833333	E5	76	80	
503	40.716146	C4	60	77	503	30.833333	C4	60	80	
504	40.828125	D5	74	81	504	30.916667	D5	74	80	
505	40.834635	D4	62	74	505	30.916667	D4	62	80	
506	40.925781	E4	64	73	507	31.000000	E4	64	80	
507	40.942708	C5	72	84	506	31.000000	C5	72	80	
508	41.059896	E5	76	77	508	31.083333	E5	76	80	
509	41.149740	G5	79	75	509	31.166667	G5	79	80	
510	41.256510	A5	81	81	510	31.250000	A5	81	80	
511	41.264323	C4	60	67	511	31.250000	C4	60	80	
512	41.351562	A3	57	63	513	31.333333	A3	57	80	
513	41.363281	F#5	78	83	512	31.333333	F#5	78	80	
514	41.471354	D5	74	74	514	31.416667	D5	74	80	
515	41.475260	F#3	54	53	515	31.416667	F#3	54	80	
516	41.555990	D4	62	72	517	31.500000	D4	62	80	
517	41.583333	B4	71	81	516	31.500000	B4	71	80	
518	41.697917	D5	74	78	518	31.583333	D5	74	80	
519	41.799479	F#5	78	83	519	31.666667	F#5	78	80	
520	41.915365	G5	79	74	520	31.750000	G5	79	80	
521	41.916667	B3	59	64	521	31.750000	B3	59	80	
522	41.993490	G3	55	68	523	31.833333	G3	55	80	
523	42.016927	E5	76	82	522	31.833333	E5	76	80	
524	42.113281	E3	52	62	525	31.916667	E3	52	80	
525	42.118490	C5	72	78	524	31.916667	C5	72	80	
526	42.207031	C4	60	73	527	32.000000	C4	60	80	
527	42.222656	A4	69	79	526	32.000000	A4	69	80	
528	42.325521	C5	72	78	528	32.083333	C5	72	80	
529	42.434896	E5	76	67	529	32.166667	E5	76	80	
530	42.542969	F#5	78	79	530	32.250000	F#5	78	80	
531	42.549479	A3	57	69	531	32.250000	A3	57	80	
532	42.647135	F#3	54	66	533	32.333333	F#3	54	80	
533	42.654948	D5	74	64	532	32.333333	D5	74	80	
534	42.757812	D3	50	56	535	32.416667	D3	50	80	
535	42.761719	B4	71	75	534	32.416667	B4	71	80	
536	42.850260	B3	59	71	537	32.500000	B3	59	80	
537	42.875000	G4	67	76	536	32.500000	G4	67	80	
538	42.981771	B4	71	74	538	32.583333	B4	71	80	
539	43.080729	D5	74	72	539	32.666667	D5	74	80	
540	43.180990	G3	55	60	541	32.750000	G3	55	80	
541	43.187500	E5	76	71	540	32.750000	E5	76	80	
542	43.282552	C5	72	75	542	32.833333	C5	72	80	
543	43.294271	E3	52	61	543	32.833333	E3	52	80	
544	43.382812	A4	69	68	544	32.916667	A4	69	80	
545	43.394531	C3	48	50	545	32.916667	C3	48	80	
546	43.468750	A3	57	67	547	33.000000	A3	57	80	
547	43.497396	F#4	66	76	546	33.000000	F#4	66	80	
548	43.601562	A4	69	62	548	33.083333	A4	69	80	
549	43.703125	C5	72	64	549	33.166667	C5	72	80	
550	43.791667	F#3	54	58	551	33.250000	F#3	54	80	
551	43.813802	D5	74	73	550	33.250000	D5	74	80	
552	43.902344	D3	50	60	553	33.333333	D3	50	80	
553	43.923177	B4	71	73	552	33.333333	B4	71	80	
554	44.007812	B2	47	51	555	33.416667	B2	47	80	
555	44.023438	G4	67	72	554	33.416667	G4	67	80	
556	44.108073	G3	55	65	557	33.500000	G3	55	80	
557	44.122396	E4	64	74	556	33.500000	E4	64	80	
558	44.229167	G4	67	69	558	33.583333	G4	67	80	
559	44.317708	B4	71	67	559	33.666667	B4	71	80	
560	44.425781	E3	52	66	561	33.750000	E3	52	80	
561	44.433594	C5	72	72	560	33.750000	C5	72	80	
562	44.529948	C3	48	48	563	33.833333	C3	48	80	
563	44.537760	A4	69	70	562	33.833333	A4	69	80	
564	44.628906	A2	45	50	565	33.916667	A2	45	80	
565	44.631510	F#4	66	69	564	33.916667	F#4	66	80	
566	44.734375	F#3	54	67	567	34.000000	F#3	54	80	
567	44.738281	D4	62	71	566	34.000000	D4	62	80	
568	44.856771	F#4	66	71	568	34.083333	F#4	66	80	
569	44.953125	A4	69	68	569	34.166667	A4	69	80	
570	45.066406	D3	50	50	571	34.250000	D3	50	80	
571	45.069010	B4	71	64	570	34.250000	B4	71	80	
572	45.161458	G4	67	76	572	34.333333	G4	67	80	
573	45.162760	B2	47	64	573	34.333333	B2	47	80	
574	45.270833	E4	64	71	574	34.416667	E4	64	80	
575	45.286458	G2	43	51	575	34.416667	G2	43	80	
576	45.369792	E3	52	73	577	34.500000	E3	52	80	
577	45.371094	C4	60	78	576	34.500000	C4	60	80	
578	45.466146	E4	64	76	578	34.583333	E4	64	80	
579	45.473958	C3	48	63	579	34.583333	C3	48	80	
580	45.557292	G4	67	79	580	34.666667	G4	67	80	
581	45.576823	A2	45	67	581	34.666667	A2	45	80	
582	45.666667	A4	69	79	582	34.750000	A4	69	80	
583	45.682292	F#3	54	76	583	34.750000	F#3	54	80	
584	45.760417	D3	50	66	585	34.833333	D3	50	80	
585	45.776042	F#4	66	86	584	34.833333	F#4	66	80	
586	45.888021	B2	47	66	587	34.916667	B2	47	80	
587	45.897135	D4	62	77	586	34.916667	D4	62	80	
588	45.989583	B3	59	82	588	35.000000	B3	59	80	
589	46.002604	G3	55	72	589	35.000000	G3	55	80	
590	46.098958	D4	62	83	590	35.083333	D4	62	80	
591	46.195312	F#4	66	80	591	35.166667	F#4	66	80	
592	46.304688	G4	67	77	592	35.250000	G4	67	80	
593	46.309896	E3	52	65	593	35.250000	E3	52	80	
594	46.404948	E4	64	81	594	35.333333	E4	64	80	
595	46.516927	C4	60	80	595	35.416667	C4	60	80	
596	46.601562	C3	48	64	597	35.500000	C3	48	80	
597	46.610677	A3	57	82	596	35.500000	A3	57	80	
598	46.712240	C4	60	78	598	35.583333	C4	60	80	
599	46.833333	E4	64	65	599	35.666667	E4	64	80	
600	46.934896	D3	50	60	601	35.750000	D3	50	80	
601	46.949219	F#4	66	80	600	35.750000	F#4	66	80	
602	47.063802	D4	62	71	602	35.833333	D4	62	80	
603	47.184896	C4	60	70	603	35.916667	C4	60	80	
604	47.375000	D4	62	69	605	36.000000	D4	62	80	
605	47.385417	B3	59	64	604	36.000000	B3	59	80	
606	47.393229	G2	43	53	607	36.000000	G2	43	80	
607	47.394531	G4	67	79	606	36.000000	G4	67	80	
*	-1	*	-1	-1	46	3.000000	G3	55	80	
*	-1	*	-1	-1	184	12.083333	C4	60	80	
