// alignID alignOntime alignSitch alignPitch alignOnvel refID refOntime refSitch refPitch refOnvel
0	0.982292	D3	50	62	1	0.000000	D3	50	80	
1	1.008333	D5	74	70	0	0.000000	D5	74	80	
2	1.041667	C#3	49	74	2	0.062500	C3	48	80	
3	1.137500	D3	50	67	3	0.125000	D3	50	80	
4	1.359375	C5	72	65	4	0.250000	C5	72	80	
5	1.472917	Bb4	70	59	5	0.375000	Bb4	70	80	
6	1.573958	A4	69	67	6	0.500000	A4	69	80	
7	1.583333	D2	38	56	7	0.500000	D2	38	80	
8	1.703125	G4	67	55	8	0.625000	G4	67	80	
9	1.828125	F4	65	46	9	0.750000	F4	65	80	
10	1.935417	E4	64	56	10	0.875000	E4	64	80	
11	2.056250	D4	62	58	11	1.000000	D4	62	80	
12	2.152083	F4	65	58	12	1.125000	F4	65	80	
13	2.278125	E4	64	58	13	1.250000	E4	64	80	
14	2.394792	D4	62	57	14	1.375000	D4	62	80	
15	2.500000	Bb4	70	69	15	1.500000	Bb4	70	80	
16	2.618750	G4	67	56	16	1.625000	G4	67	80	
17	2.718750	D2	38	62	18	1.750000	D2	38	80	
18	2.732292	D4	62	50	17	1.750000	D4	62	80	
19	2.843750	G4	67	55	19	1.875000	G4	67	80	
20	2.945833	G2	43	68	21	2.000000	G2	43	80	
21	2.951042	Bb4	70	68	20	2.000000	Bb4	70	80	
22	3.065625	G4	67	61	22	2.125000	G4	67	80	
23	3.169792	Bb2	46	69	24	2.250000	Bb2	46	80	
24	3.182292	D4	62	56	23	2.250000	D4	62	80	
25	3.289583	G4	67	61	25	2.375000	G4	67	80	
26	3.382292	Bb4	70	83	26	2.500000	Bb4	70	80	
27	3.387500	D3	50	76	27	2.500000	D3	50	80	
28	3.500000	G4	67	73	28	2.625000	G4	67	80	
29	3.507292	C#3	49	70	*	-1	*	-1	-1	
30	3.621875	D4	62	61	29	2.750000	D4	62	80	
31	3.626042	D3	50	66	*	-1	*	-1	-1	
32	3.734375	G4	67	63	30	2.875000	G4	67	80	
33	3.846875	A4	69	70	31	3.000000	A4	69	80	
34	3.976042	G4	67	56	32	3.125000	G4	67	80	
35	4.079167	D2	38	62	34	3.250000	D2	38	80	
36	4.089583	D4	62	52	33	3.250000	D4	62	80	
37	4.193750	G4	67	51	35	3.375000	G4	67	80	
38	4.305208	F2	41	60	37	3.500000	F2	41	80	
39	4.305208	A4	69	63	36	3.500000	A4	69	80	
40	4.421875	F4	65	58	38	3.625000	F4	65	80	
41	4.535417	A2	45	54	40	3.750000	A2	45	80	
42	4.550000	D4	62	52	39	3.750000	D4	62	80	
43	4.664583	F4	65	56	41	3.875000	F4	65	80	
44	4.760417	D3	50	65	43	4.000000	D3	50	80	
45	4.763542	A4	69	67	42	4.000000	A4	69	80	
46	4.865625	C#3	49	64	*	-1	*	-1	-1	
47	4.882292	F4	65	61	44	4.125000	F4	65	80	
48	4.993750	D3	50	53	*	-1	*	-1	-1	
49	5.009375	D4	62	54	45	4.250000	D4	62	80	
50	5.119792	F4	65	61	46	4.375000	F4	65	80	
51	5.228125	G4	67	59	47	4.500000	G4	67	80	
52	5.347917	E4	64	63	48	4.625000	E4	64	80	
53	5.469792	Bb3	58	52	50	4.750000	Bb3	58	80	
54	5.479167	D4	62	49	49	4.750000	D4	62	80	
55	5.584375	E4	64	63	51	4.875000	E4	64	80	
56	5.693750	G4	67	66	52	5.000000	G4	67	80	
57	5.704167	E3	52	60	53	5.000000	E3	52	80	
58	5.810417	E4	64	72	54	5.125000	E4	64	80	
59	5.925000	G3	55	64	56	5.250000	G3	55	80	
60	5.930208	C#4	61	68	55	5.250000	C#4	61	80	
61	6.042708	E4	64	73	57	5.375000	E4	64	80	
62	6.143750	G4	67	69	58	5.500000	G4	67	80	
63	6.160417	C#3	49	63	59	5.500000	C#3	49	80	
64	6.272917	E4	64	63	60	5.625000	E4	64	80	
65	6.386458	C#4	61	61	61	5.750000	C#4	61	80	
66	6.414583	A3	57	56	62	5.750000	A3	57	80	
67	6.497917	E4	64	62	63	5.875000	E4	64	80	
68	6.622917	F4	65	59	64	6.000000	F4	65	80	
69	6.636458	D3	50	51	65	6.000000	D3	50	80	
70	6.766667	D4	62	45	66	6.125000	D4	62	80	
71	6.871875	C4	60	54	67	6.250000	C4	60	80	
72	7.000000	Bb3	58	58	68	6.375000	Bb3	58	80	
73	7.125000	A3	57	53	69	6.500000	A3	57	80	
74	7.257292	G3	55	45	70	6.625000	G3	55	80	
75	7.372917	F3	53	50	71	6.750000	F3	53	80	
76	7.481250	E3	52	54	72	6.875000	E3	52	80	
77	7.609375	D3	50	53	73	7.000000	D3	50	80	
78	7.729167	F3	53	49	74	7.125000	F3	53	80	
79	7.852083	E3	52	54	75	7.250000	E3	52	80	
80	7.960417	D3	50	52	76	7.375000	D3	50	80	
81	8.093750	Bb3	58	51	77	7.500000	Bb3	58	80	
82	8.194792	G3	55	52	78	7.625000	G3	55	80	
83	8.318750	D3	50	50	80	7.750000	D3	50	80	
84	8.318750	D4	62	48	79	7.750000	D4	62	80	
85	8.458333	G3	55	51	81	7.875000	G3	55	80	
86	8.545833	G4	67	73	82	8.000000	G4	67	80	
87	8.564583	Bb3	58	54	83	8.000000	Bb3	58	80	
88	8.672917	G3	55	58	84	8.125000	G3	55	80	
89	8.773958	Bb4	70	78	85	8.250000	Bb4	70	80	
90	8.779167	D3	50	58	86	8.250000	D3	50	80	
91	8.922917	G3	55	55	87	8.375000	G3	55	80	
92	8.998958	D5	74	78	88	8.500000	D5	74	80	
93	9.026042	Bb3	58	61	89	8.500000	Bb3	58	80	
94	9.065625	C#5	73	68	*	-1	*	-1	-1	
95	9.130208	D5	74	69	*	-1	*	-1	-1	
96	9.146875	G3	55	51	90	8.625000	G3	55	80	
97	9.223958	D3	50	61	91	8.750000	D3	50	80	
98	9.339583	G3	55	54	92	8.875000	G3	55	80	
99	9.495833	A3	57	55	93	9.000000	A3	57	80	
100	9.612500	G3	55	51	94	9.125000	G3	55	80	
101	9.725000	D4	62	56	95	9.250000	D4	62	80	
102	9.727083	D3	50	52	96	9.250000	D3	50	80	
103	9.834375	G3	55	54	97	9.375000	G3	55	80	
104	9.946875	A3	57	51	99	9.500000	A3	57	80	
105	9.959375	F4	65	66	98	9.500000	F4	65	80	
106	10.085417	F3	53	48	100	9.625000	F3	53	80	
107	10.182292	A4	69	64	101	9.750000	A4	69	80	
108	10.191667	D3	50	58	102	9.750000	D3	50	80	
109	10.308333	F3	53	47	103	9.875000	F3	53	80	
110	10.411458	A3	57	57	105	10.000000	A3	57	80	
111	10.414583	D5	74	68	104	10.000000	D5	74	80	
112	10.472917	C#5	73	63	*	-1	*	-1	-1	
113	10.491667	F3	53	54	106	10.125000	F3	53	80	
114	10.546875	D5	74	65	*	-1	*	-1	-1	
115	10.602083	D3	50	52	107	10.250000	D3	50	80	
116	10.710417	F3	53	52	108	10.375000	F3	53	80	
117	10.871875	G3	55	46	109	10.500000	G3	55	80	
118	10.977083	E3	52	54	110	10.625000	E3	52	80	
119	11.104167	G4	67	56	111	10.750000	G4	67	80	
120	11.122917	D3	50	51	112	10.750000	D3	50	80	
121	11.227083	E3	52	52	113	10.875000	E3	52	80	
122	11.335417	C#5	73	71	114	11.000000	C#5	73	80	
123	11.341667	G3	55	55	115	11.000000	G3	55	80	
124	11.457292	E3	52	55	116	11.125000	E3	52	80	
125	11.559375	E5	76	81	117	11.250000	E5	76	80	
126	11.561458	C#3	49	61	118	11.250000	C#3	49	80	
127	11.693750	E3	52	64	119	11.375000	E3	52	80	
128	11.801042	C#5	73	84	120	11.500000	C#5	73	80	
129	11.817708	G3	55	60	121	11.500000	G3	55	80	
130	11.944792	E3	52	56	122	11.625000	E3	52	80	
131	12.034375	A4	69	78	123	11.750000	A4	69	80	
132	12.043750	C#3	49	60	124	11.750000	C#3	49	80	
133	12.165625	E3	52	56	125	11.875000	E3	52	80	
134	12.278125	D5	74	75	126	12.000000	D5	74	80	
135	12.283333	F3	53	57	127	12.000000	F3	53	80	
136	12.423958	D3	50	58	128	12.125000	D3	50	80	
137	12.531250	C5	72	71	129	12.250000	C5	72	80	
138	12.537500	E3	52	52	130	12.250000	E3	52	80	
139	12.648958	F3	53	57	132	12.375000	F3	53	80	
140	12.650000	Bb4	70	71	131	12.375000	Bb4	70	80	
141	12.757292	G3	55	55	134	12.500000	G3	55	80	
142	12.764583	A4	69	73	133	12.500000	A4	69	80	
143	12.869792	A3	57	51	136	12.625000	A3	57	80	
144	12.883333	G4	67	66	135	12.625000	G4	67	80	
145	12.997917	F4	65	67	137	12.750000	F4	65	80	
146	13.001042	B3	59	63	138	12.750000	B3	59	80	
147	13.109375	E4	64	69	139	12.875000	E4	64	80	
148	13.120833	C#4	61	59	140	12.875000	C#4	61	80	
149	13.226042	F4	65	71	141	13.000000	F4	65	80	
150	13.233333	D4	62	56	142	13.000000	D4	62	80	
151	13.367708	C4	60	50	143	13.125000	C4	60	80	
152	13.477083	A4	69	80	144	13.250000	A4	69	80	
153	13.486458	B3	59	60	145	13.250000	B3	59	80	
154	13.618750	A3	57	54	146	13.375000	A3	57	80	
155	13.730208	B3	59	59	147	13.500000	B3	59	80	
156	13.843750	C4	60	53	149	13.625000	C4	60	80	
157	13.846875	G4	67	69	148	13.625000	G4	67	80	
158	13.956250	A4	69	78	150	13.750000	A4	69	80	
159	13.958333	B3	59	59	151	13.750000	B3	59	80	
160	14.067708	A3	57	62	153	13.875000	A3	57	80	
161	14.068750	B4	71	81	152	13.875000	B4	71	80	
162	14.189583	G3	55	67	155	14.000000	G3	55	80	
163	14.189583	C5	72	74	154	14.000000	C5	72	80	
164	14.295833	F3	53	59	157	14.125000	F3	53	80	
165	14.298958	D5	74	78	156	14.125000	D5	74	80	
166	14.402083	E3	52	66	159	14.250000	E3	52	80	
167	14.415625	E5	76	79	158	14.250000	E5	76	80	
168	14.511458	F5	77	77	160	14.375000	F5	77	80	
169	14.515625	D3	50	60	161	14.375000	D3	50	80	
170	14.634375	G5	79	80	162	14.500000	G5	79	80	
171	14.642708	E3	52	66	163	14.500000	E3	52	80	
172	14.772917	F5	77	66	164	14.625000	F5	77	80	
173	14.853125	G3	55	58	166	14.750000	G3	55	80	
174	14.871875	E5	76	75	165	14.750000	E5	76	80	
175	14.992708	D5	74	66	167	14.875000	D5	74	80	
176	15.080208	C3	48	59	169	15.000000	C3	48	80	
177	15.111458	E5	76	70	168	15.000000	E5	76	80	
178	15.239583	C5	72	60	170	15.125000	C5	72	80	
179	15.336458	D3	50	49	172	15.250000	D3	50	80	
180	15.341667	Bb4	70	68	171	15.250000	Bb4	70	80	
181	15.448958	E3	52	52	174	15.375000	E3	52	80	
182	15.462500	A4	69	63	173	15.375000	A4	69	80	
183	15.561458	F3	53	54	176	15.500000	F3	53	80	
184	15.581250	G4	67	57	175	15.500000	G4	67	80	
185	15.676042	G3	55	46	178	15.625000	G3	55	80	
186	15.691667	F4	65	57	177	15.625000	F4	65	80	
187	15.805208	A3	57	55	180	15.750000	A3	57	80	
188	15.813542	E4	64	58	179	15.750000	E4	64	80	
189	15.921875	D4	62	51	181	15.875000	D4	62	80	
190	15.926042	Bb3	58	56	182	15.875000	Bb3	58	80	
191	16.039583	E4	64	59	183	16.000000	E4	64	80	
192	16.059375	C4	60	45	184	16.000000	C4	60	80	
193	16.171875	Bb3	58	49	185	16.125000	Bb3	58	80	
194	16.283333	G4	67	59	186	16.250000	G4	67	80	
195	16.293750	A3	57	55	187	16.250000	A3	57	80	
196	16.417708	G3	55	55	188	16.375000	G3	55	80	
197	16.535417	A3	57	56	189	16.500000	A3	57	80	
198	16.646875	F4	65	54	190	16.625000	F4	65	80	
199	16.657292	Bb3	58	49	191	16.625000	Bb3	58	80	
200	16.766667	G4	67	50	192	16.750000	G4	67	80	
201	16.772917	A3	57	53	193	16.750000	A3	57	80	
202	16.870833	A4	69	63	194	16.875000	A4	69	80	
203	16.884375	G3	55	49	195	16.875000	G3	55	80	
204	16.982292	Bb4	70	69	196	17.000000	Bb4	70	80	
205	17.009375	F3	53	47	197	17.000000	F3	53	80	
206	17.094792	Eb3	51	49	199	17.125000	Eb3	51	80	
207	17.096875	C5	72	62	198	17.125000	C5	72	80	
208	17.209375	D3	50	58	201	17.250000	D3	50	80	
209	17.222917	D5	74	51	200	17.250000	D5	74	80	
210	17.320833	C3	48	49	203	17.375000	C3	48	80	
211	17.320833	Eb5	75	63	202	17.375000	Eb5	75	80	
212	17.425000	D3	50	61	205	17.500000	D3	50	80	
213	17.437500	F5	77	64	204	17.500000	F5	77	80	
214	17.571875	Eb5	75	66	206	17.625000	Eb5	75	80	
215	17.657292	F3	53	44	208	17.750000	F3	53	80	
216	17.688542	D5	74	56	207	17.750000	D5	74	80	
217	17.794792	C5	72	54	209	17.875000	C5	72	80	
218	17.889583	Bb2	46	43	211	18.000000	Bb2	46	80	
219	17.926042	D5	74	52	210	18.000000	D5	74	80	
220	18.035417	F5	77	63	212	18.125000	F5	77	80	
221	18.158333	Bb3	58	64	214	18.250000	Bb3	58	80	
222	18.162500	D5	74	63	213	18.250000	D5	74	80	
223	18.268750	C5	72	64	215	18.375000	C5	72	80	
224	18.269792	C4	60	63	216	18.375000	C4	60	80	
225	18.371875	D4	62	73	218	18.500000	D4	62	80	
226	18.385417	Bb4	70	69	217	18.500000	Bb4	70	80	
227	18.505208	D5	74	52	219	18.625000	D5	74	80	
228	18.614583	Bb4	70	66	220	18.750000	Bb4	70	80	
229	18.617708	F4	65	61	221	18.750000	F4	65	80	
230	18.725000	A4	69	62	222	18.875000	A4	69	80	
231	18.857292	Bb3	58	62	224	19.000000	Bb3	58	80	
232	18.858333	G4	67	58	223	19.000000	G4	67	80	
233	18.968750	Bb4	70	59	225	19.125000	Bb4	70	80	
234	19.081250	D4	62	55	227	19.250000	D4	62	80	
235	19.091667	G4	67	56	226	19.250000	G4	67	80	
236	19.196875	F4	65	54	228	19.375000	F4	65	80	
237	19.307292	E4	64	69	229	19.500000	E4	64	80	
238	19.312500	G3	55	46	230	19.500000	G3	55	80	
239	19.439583	Bb3	58	54	231	19.625000	Bb3	58	80	
240	19.522917	G3	55	59	233	19.750000	G3	55	80	
241	19.566667	E5	76	75	232	19.750000	E5	76	80	
242	19.667708	F5	77	83	234	19.875000	F5	77	80	
243	19.682292	F3	53	48	235	19.875000	F3	53	80	
244	19.773958	G5	79	92	236	20.000000	G5	79	80	
245	19.779167	E3	52	46	237	20.000000	E3	52	80	
246	19.908333	G3	55	56	238	20.125000	G3	55	80	
247	20.004167	E3	52	53	240	20.250000	E3	52	80	
248	20.013542	Bb5	82	86	239	20.250000	Bb5	82	80	
249	20.117708	D3	50	56	241	20.375000	D3	50	80	
250	20.221875	C#3	49	60	243	20.500000	C#3	49	80	
251	20.251042	E5	76	75	242	20.500000	E5	76	80	
252	20.357292	E3	52	45	244	20.625000	E3	52	80	
253	20.446875	C#3	49	52	246	20.750000	C#3	49	80	
254	20.487500	G5	79	69	245	20.750000	G5	79	80	
255	20.570833	B2	47	54	247	20.875000	B2	47	80	
256	20.682292	A2	45	51	249	21.000000	A2	45	80	
257	20.713542	C#5	73	66	248	21.000000	C#5	73	80	
258	20.833333	G5	79	64	250	21.125000	G5	79	80	
259	20.959375	C#5	73	65	251	21.250000	C#5	73	80	
260	20.961458	A3	57	66	252	21.250000	A3	57	80	
261	21.062500	B4	71	59	253	21.375000	B4	71	80	
262	21.077083	B3	59	69	254	21.375000	B3	59	80	
263	21.175000	C#4	61	77	256	21.500000	C#4	61	80	
264	21.177083	A4	69	70	255	21.500000	A4	69	80	
265	21.298958	E5	76	64	257	21.625000	E5	76	80	
266	21.422917	E4	64	70	259	21.750000	E4	64	80	
267	21.429167	A4	69	62	258	21.750000	A4	69	80	
268	21.535417	G4	67	57	260	21.875000	G4	67	80	
269	21.648958	A3	57	68	262	22.000000	A3	57	80	
270	21.665625	F4	65	59	261	22.000000	F4	65	80	
271	21.775000	D5	74	52	263	22.125000	C#5	73	80	
272	21.890625	F4	65	55	264	22.250000	F4	65	80	
273	21.892708	G3	55	63	265	22.250000	G3	55	80	
274	22.002083	E4	64	56	266	22.375000	E4	64	80	
275	22.104167	F3	53	60	268	22.500000	F3	53	80	
276	22.106250	D4	62	67	267	22.500000	D4	62	80	
277	22.225000	D4	62	62	269	22.625000	D4	62	80	
278	22.343750	D5	74	70	270	22.750000	D5	74	80	
279	22.348958	F3	53	57	271	22.750000	F3	53	80	
280	22.450000	E5	76	79	272	22.875000	E5	76	80	
281	22.461458	E3	52	57	273	22.875000	E3	52	80	
282	22.564583	F5	77	86	274	23.000000	F5	77	80	
283	22.575000	D3	50	58	275	23.000000	D3	50	80	
284	22.698958	A3	57	58	276	23.125000	A3	57	80	
285	22.791667	A5	81	80	277	23.250000	A5	81	80	
286	22.811458	D3	50	50	278	23.250000	D3	50	80	
287	22.904167	C3	48	53	279	23.375000	C3	48	80	
288	23.032292	Bb2	46	52	281	23.500000	Bb2	46	80	
289	23.038542	D5	74	70	280	23.500000	D5	74	80	
290	23.154167	F3	53	50	282	23.625000	F3	53	80	
291	23.237500	Bb2	46	57	284	23.750000	Bb2	46	80	
292	23.266667	C5	72	61	283	23.750000	C5	72	80	
293	23.367708	A2	45	49	285	23.875000	A2	45	80	
294	23.482292	G2	43	49	287	24.000000	G2	43	80	
295	23.494792	Bb4	70	61	286	24.000000	Bb4	70	80	
296	23.609375	G5	79	58	288	24.125000	G5	79	80	
297	23.740625	Bb4	70	58	289	24.250000	Bb4	70	80	
298	23.761458	G3	55	52	290	24.250000	G3	55	80	
299	23.842708	A4	69	57	291	24.375000	A4	69	80	
300	23.891667	A3	57	57	292	24.375000	A3	57	80	
301	23.961458	G4	67	57	293	24.500000	G4	67	80	
302	23.994792	Bb3	58	38	294	24.500000	Bb3	58	80	
303	24.067708	Bb4	70	56	295	24.625000	Bb4	70	80	
304	24.203125	G4	67	51	296	24.750000	G4	67	80	
305	24.213542	D4	62	33	297	24.750000	D4	62	80	
306	24.311458	F4	65	45	298	24.875000	F4	65	80	
307	24.437500	Eb4	63	55	299	25.000000	Eb4	63	80	
308	24.445833	G3	55	39	300	25.000000	G3	55	80	
309	24.539583	Bb4	70	51	301	25.125000	Bb4	70	80	
310	24.666667	Eb4	63	47	302	25.250000	Eb4	63	80	
311	24.686458	Bb3	58	32	303	25.250000	Bb3	58	80	
312	24.796875	D4	62	35	304	25.375000	D4	62	80	
313	24.915625	A3	57	46	306	25.500000	A3	57	80	
314	24.915625	C#4	61	47	305	25.500000	C#4	61	80	
315	25.037500	A4	69	43	307	25.625000	A4	69	80	
316	25.157292	C#4	61	48	308	25.750000	C#4	61	80	
317	25.183333	E4	64	35	309	25.750000	E4	64	80	
318	25.285417	B3	59	47	310	25.875000	B3	59	80	
319	25.398958	C#4	61	53	311	26.000000	C#4	61	80	
320	25.412500	A3	57	37	312	26.000000	A3	57	80	
321	25.528125	A4	69	48	313	26.125000	A4	69	80	
322	25.640625	C#4	61	54	314	26.250000	C#4	61	80	
323	25.654167	E4	64	39	315	26.250000	E4	64	80	
324	25.747917	A4	69	49	316	26.375000	A4	69	80	
325	25.876042	C#4	61	51	317	26.500000	C#4	61	80	
326	25.877083	A3	57	42	318	26.500000	A3	57	80	
327	25.988542	A4	69	43	319	26.625000	A4	69	80	
328	26.110417	C#4	61	47	320	26.750000	C#4	61	80	
329	26.118750	E4	64	41	321	26.750000	E4	64	80	
330	26.215625	A4	69	47	322	26.875000	A4	69	80	
331	26.360417	C#4	61	50	323	27.000000	C#4	61	80	
332	26.361458	G3	55	40	324	27.000000	G3	55	80	
333	26.465625	A4	69	48	325	27.125000	A4	69	80	
334	26.590625	C#4	61	45	326	27.250000	C#4	61	80	
335	26.626042	E4	64	20	327	27.250000	E4	64	80	
336	26.722917	B3	59	45	328	27.375000	B3	59	80	
337	26.835417	C#4	61	50	329	27.500000	C#4	61	80	
338	26.842708	G3	55	39	330	27.500000	G3	55	80	
339	26.962500	A4	69	44	331	27.625000	A4	69	80	
340	27.072917	C#4	61	57	332	27.750000	C#4	61	80	
341	27.094792	E4	64	38	333	27.750000	E4	64	80	
342	27.189583	A4	69	48	334	27.875000	A4	69	80	
343	27.317708	C#4	61	54	335	28.000000	C#4	61	80	
344	27.329167	G3	55	43	336	28.000000	G3	55	80	
345	27.429167	A4	69	47	337	28.125000	A4	69	80	
346	27.554167	C#4	61	50	338	28.250000	C#4	61	80	
347	27.567708	E4	64	44	339	28.250000	E4	64	80	
348	27.646875	A4	69	50	340	28.375000	A4	69	80	
349	27.793750	F3	53	44	342	28.500000	F3	53	80	
350	27.805208	D4	62	47	341	28.500000	D4	62	80	
351	27.898958	A4	69	48	343	28.625000	A4	69	80	
352	28.023958	D4	62	45	344	28.750000	D4	62	80	
353	28.055208	F4	65	23	345	28.750000	F4	65	80	
354	28.162500	C#4	61	50	346	28.875000	C#4	61	80	
355	28.279167	F3	53	43	348	29.000000	F3	53	80	
356	28.293750	D4	62	54	347	29.000000	D4	62	80	
357	28.393750	A4	69	60	349	29.125000	A4	69	80	
358	28.513542	D4	62	59	350	29.250000	D4	62	80	
359	28.514583	F4	65	43	351	29.250000	F4	65	80	
360	28.626042	A4	69	61	352	29.375000	A4	69	80	
361	28.751042	F3	53	52	354	29.500000	F3	53	80	
362	28.756250	D4	62	59	353	29.500000	D4	62	80	
363	28.866667	A4	69	64	355	29.625000	A4	69	80	
364	28.986458	D4	62	62	356	29.750000	D4	62	80	
365	28.988542	F4	65	49	357	29.750000	F4	65	80	
366	29.083333	A4	69	63	358	29.875000	A4	69	80	
367	29.207292	C#4	61	53	360	30.000000	C#4	61	80	
368	29.218750	E4	64	65	359	30.000000	E4	64	80	
369	29.306250	A4	69	59	361	30.125000	A4	69	80	
370	29.427083	E4	64	65	362	30.250000	E4	64	80	
371	29.468750	G4	67	26	363	30.250000	G4	67	80	
372	29.559375	D4	62	55	364	30.375000	D4	62	80	
373	29.684375	E4	64	61	365	30.500000	E4	64	80	
374	29.697917	C#4	61	40	366	30.500000	C#4	61	80	
375	29.797917	A4	69	53	367	30.625000	A4	69	80	
376	29.917708	E4	64	57	368	30.750000	E4	64	80	
377	29.930208	G4	67	40	369	30.750000	G4	67	80	
378	30.031250	A4	69	55	370	30.875000	A4	69	80	
379	30.141667	E4	64	60	371	31.000000	E4	64	80	
380	30.156250	C#4	61	40	372	31.000000	C#4	61	80	
381	30.255208	A4	69	51	373	31.125000	A4	69	80	
382	30.362500	E4	64	54	374	31.250000	E4	64	80	
383	30.396875	G4	67	27	375	31.250000	G4	67	80	
384	30.460417	A4	69	45	376	31.375000	A4	69	80	
385	30.611458	F4	65	53	377	31.500000	F4	65	80	
386	30.627083	D4	62	32	378	31.500000	D4	62	80	
387	30.702083	A4	69	59	379	31.562500	A4	69	80	
388	30.769792	B4	71	61	380	31.625000	B4	71	80	
389	30.822917	C#5	73	65	381	31.687500	C#5	73	80	
390	30.863542	F4	65	33	383	31.750000	F4	65	80	
391	30.875000	D5	74	50	382	31.750000	D5	74	80	
392	30.934375	A4	69	67	384	31.875000	A4	69	80	
393	31.060417	F4	65	40	385	32.000000	F4	65	80	
394	31.067708	D4	62	57	386	32.000000	D4	62	80	
395	31.181250	A4	69	51	387	32.125000	A4	69	80	
396	31.293750	D5	74	49	388	32.250000	D5	74	80	
397	31.326042	F4	65	29	389	32.250000	F4	65	80	
398	31.417708	A4	69	53	390	32.375000	A4	69	80	
399	31.518750	D4	62	60	392	32.500000	D4	62	80	
400	31.522917	F4	65	40	391	32.500000	F4	65	80	
401	31.645833	A4	69	50	393	32.625000	A4	69	80	
402	31.754167	F4	65	47	395	32.750000	F4	65	80	
403	31.756250	D5	74	45	394	32.750000	D5	74	80	
404	31.854167	A4	69	51	396	32.875000	A4	69	80	
405	31.991667	F#4	66	52	397	33.000000	F#4	66	80	
406	31.992708	C4	60	42	398	33.000000	C4	60	80	
407	32.107292	D5	74	47	399	33.125000	D5	74	80	
408	32.221875	F#4	66	58	400	33.250000	F#4	66	80	
409	32.248958	A4	69	39	401	33.250000	A4	69	80	
410	32.351042	E4	64	53	402	33.375000	E4	64	80	
411	32.475000	F#4	66	57	403	33.500000	F#4	66	80	
412	32.492708	C4	60	36	404	33.500000	C4	60	80	
413	32.584375	D5	74	59	405	33.625000	D5	74	80	
414	32.709375	F#4	66	65	406	33.750000	F#4	66	80	
415	32.727083	A4	69	49	407	33.750000	A4	69	80	
416	32.822917	D5	74	59	408	33.875000	D5	74	80	
417	32.940625	F#4	66	67	409	34.000000	F#4	66	80	
418	32.956250	C4	60	48	410	34.000000	C4	60	80	
419	33.052083	D5	74	59	411	34.125000	D5	74	80	
420	33.172917	F#4	66	62	412	34.250000	F#4	66	80	
421	33.177083	A4	69	59	413	34.250000	A4	69	80	
422	33.277083	D5	74	52	414	34.375000	D5	74	80	
423	33.406250	G4	67	57	415	34.500000	G4	67	80	
424	33.413542	B3	59	55	416	34.500000	B3	59	80	
425	33.489583	A4	69	55	417	34.562500	A4	69	80	
426	33.569792	B4	71	61	418	34.625000	B4	71	80	
427	33.622917	C5	72	54	419	34.687500	C5	72	80	
428	33.652083	G4	67	53	421	34.750000	G4	67	80	
429	33.663542	D5	74	64	420	34.750000	D5	74	80	
430	33.771875	B4	71	58	422	34.875000	B4	71	80	
431	33.895833	B3	59	55	424	35.000000	B3	59	80	
432	33.912500	G4	67	27	423	35.000000	G4	67	80	
433	34.002083	B4	71	55	425	35.125000	B4	71	80	
434	34.117708	D5	74	53	426	35.250000	D5	74	80	
435	34.131250	G4	67	49	427	35.250000	G4	67	80	
436	34.242708	B4	71	59	428	35.375000	B4	71	80	
437	34.357292	B3	59	56	430	35.500000	B3	59	80	
438	34.361458	G4	67	54	429	35.500000	G4	67	80	
439	34.472917	B4	71	64	431	35.625000	B4	71	80	
440	34.577083	D5	74	57	432	35.750000	D5	74	80	
441	34.598958	G4	67	55	433	35.750000	G4	67	80	
442	34.695833	B4	71	66	434	35.875000	B4	71	80	
443	34.823958	G#4	68	67	435	36.000000	G#4	68	80	
444	34.833333	E4	64	54	436	36.000000	E4	64	80	
445	34.944792	D5	74	60	437	36.125000	D5	74	80	
446	35.065625	G#4	68	71	438	36.250000	G#4	68	80	
447	35.071875	B4	71	50	439	36.250000	B4	71	80	
448	35.195833	F#4	66	65	440	36.375000	F#4	66	80	
449	35.309375	G#4	68	74	441	36.500000	G#4	68	80	
450	35.329167	E4	64	53	442	36.500000	E4	64	80	
451	35.430208	D5	74	68	443	36.625000	D5	74	80	
452	35.544792	G#4	68	79	444	36.750000	G#4	68	80	
453	35.558333	B4	71	61	445	36.750000	B4	71	80	
454	35.671875	D5	74	68	446	36.875000	D5	74	80	
455	35.776042	G#4	68	80	447	37.000000	G#4	68	80	
456	35.793750	E4	64	54	448	37.000000	E4	64	80	
457	35.895833	D5	74	62	449	37.125000	D5	74	80	
458	36.008333	G#4	68	75	450	37.250000	G#4	68	80	
459	36.019792	B4	71	39	451	37.250000	B4	71	80	
460	36.125000	D5	74	63	452	37.375000	D5	74	80	
461	36.257292	C5	72	66	453	37.500000	C5	72	80	
462	36.260417	A3	57	44	454	37.500000	A3	57	80	
463	36.398958	A4	69	68	455	37.625000	A4	69	80	
464	36.514583	G4	67	62	456	37.750000	G4	67	80	
465	36.628125	F4	65	66	457	37.875000	F4	65	80	
466	36.748958	E4	64	67	458	38.000000	E4	64	80	
467	36.882292	D4	62	51	459	38.125000	D4	62	80	
468	37.003125	C4	60	51	460	38.250000	C4	60	80	
469	37.131250	B3	59	60	461	38.375000	B3	59	80	
470	37.255208	A3	57	54	462	38.500000	A3	57	80	
471	37.382292	C4	60	50	463	38.625000	C4	60	80	
472	37.502083	B3	59	55	464	38.750000	B3	59	80	
473	37.637500	A3	57	27	465	38.875000	A3	57	80	
474	37.718750	F4	65	50	466	39.000000	F4	65	80	
475	37.826042	D4	62	47	467	39.125000	D4	62	80	
476	37.953125	A4	69	63	468	39.250000	A4	69	80	
477	37.959375	A3	57	49	469	39.250000	A3	57	80	
478	38.056250	D4	62	58	470	39.375000	D4	62	80	
479	38.172917	F4	65	52	472	39.500000	F4	65	80	
480	38.183333	D5	74	76	471	39.500000	D5	74	80	
481	38.279167	D4	62	57	473	39.625000	D4	62	80	
482	38.389583	A3	57	63	475	39.750000	A3	57	80	
483	38.423958	F5	77	74	474	39.750000	F5	77	80	
484	38.516667	D4	62	58	476	39.875000	D4	62	80	
485	38.627083	F4	65	60	478	40.000000	F4	65	80	
486	38.637500	A5	81	83	477	40.000000	A5	81	80	
487	38.700000	G#5	80	79	*	-1	*	-1	-1	
488	38.736458	D4	62	56	479	40.125000	D4	62	80	
489	38.770833	A5	81	76	*	-1	*	-1	-1	
490	38.854167	A3	57	52	480	40.250000	A3	57	80	
491	38.964583	D4	62	52	481	40.375000	D4	62	80	
492	39.097917	E4	64	54	482	40.500000	E4	64	80	
493	39.210417	D4	62	52	483	40.625000	D4	62	80	
494	39.321875	A4	69	64	484	40.750000	A4	69	80	
495	39.337500	A3	57	46	485	40.750000	A3	57	80	
496	39.454167	D4	62	45	486	40.875000	D4	62	80	
497	39.555208	C5	72	75	487	41.000000	C5	72	80	
498	39.557292	E4	64	51	488	41.000000	E4	64	80	
499	39.665625	C4	60	54	489	41.125000	C4	60	80	
500	39.787500	A3	57	55	491	41.250000	A3	57	80	
501	39.794792	E5	76	63	490	41.250000	E5	76	80	
502	39.894792	C4	60	46	492	41.375000	C4	60	80	
503	40.001042	E4	64	55	494	41.500000	E4	64	80	
504	40.019792	A5	81	74	493	41.500000	A5	81	80	
505	40.072917	G#5	80	73	*	-1	*	-1	-1	
506	40.079167	C4	60	53	495	41.625000	C4	60	80	
507	40.144792	A5	81	69	*	-1	*	-1	-1	
508	40.197917	A3	57	50	496	41.750000	A3	57	80	
509	40.303125	C4	60	52	497	41.875000	C4	60	80	
510	40.462500	D4	62	43	498	42.000000	D4	62	80	
511	40.562500	B3	59	53	499	42.125000	B3	59	80	
512	40.675000	D5	74	60	500	42.250000	D5	74	80	
513	40.700000	A3	57	52	501	42.250000	A3	57	80	
514	40.808333	B3	59	56	502	42.375000	B3	59	80	
515	40.908333	G#5	80	78	503	42.500000	G#5	80	80	
516	40.918750	D4	62	55	504	42.500000	D4	62	80	
517	41.034375	B3	59	62	505	42.625000	B3	59	80	
518	41.141667	G#3	56	65	507	42.750000	G#3	56	80	
519	41.148958	B5	83	84	506	42.750000	B5	83	80	
520	41.266667	B3	59	69	508	42.875000	B3	59	80	
521	41.377083	G#5	80	93	509	43.000000	G#5	80	80	
522	41.386458	D4	62	64	510	43.000000	D4	62	80	
523	41.500000	B3	59	66	511	43.125000	B3	59	80	
524	41.611458	G#3	56	68	513	43.250000	G#3	56	80	
525	41.617708	E5	76	79	512	43.250000	E5	76	80	
526	41.721875	B3	59	70	514	43.375000	B3	59	80	
527	41.862500	C4	60	62	516	43.500000	C4	60	80	
528	41.870833	A5	81	81	515	43.500000	A5	81	80	
529	42.135417	A2	45	58	518	43.750000	A2	45	80	
530	42.137500	G5	79	62	517	43.750000	G5	79	80	
531	42.260417	F5	77	60	519	43.875000	F5	77	80	
532	42.366667	E5	76	64	520	44.000000	E5	76	80	
533	42.368750	C3	48	54	521	44.000000	C3	48	80	
534	42.483333	D5	74	64	522	44.125000	D5	74	80	
535	42.595833	C5	72	75	523	44.250000	C5	72	80	
536	42.600000	E3	52	51	524	44.250000	E3	52	80	
537	42.700000	B4	71	73	525	44.375000	B4	71	80	
538	42.826042	A4	69	74	526	44.500000	A4	69	80	
539	42.850000	A3	57	40	527	44.500000	A3	57	80	
540	42.939583	C5	72	70	528	44.625000	C5	72	80	
541	43.055208	B4	71	67	529	44.750000	B4	71	80	
542	43.070833	C4	60	49	530	44.750000	C4	60	80	
543	43.165625	A4	69	70	531	44.875000	A4	69	80	
544	43.284375	F5	77	63	532	45.000000	F5	77	80	
545	43.285417	D4	62	55	533	45.000000	D4	62	80	
546	43.400000	D5	74	62	534	45.125000	D5	74	80	
547	43.529167	F4	65	42	536	45.250000	F4	65	80	
548	43.533333	A4	69	56	535	45.250000	A4	69	80	
549	43.644792	D5	74	56	537	45.375000	D5	74	80	
550	43.748958	F5	77	67	538	45.500000	F5	77	80	
551	43.769792	A3	57	46	539	45.500000	A3	57	80	
552	43.867708	D5	74	64	540	45.625000	D5	74	80	
553	43.981250	D4	62	54	542	45.750000	D4	62	80	
554	43.986458	A4	69	67	541	45.750000	A4	69	80	
555	44.107292	D5	74	62	543	45.875000	D5	74	80	
556	44.218750	D3	50	61	545	46.000000	D3	50	80	
557	44.220833	F5	77	74	544	46.000000	F5	77	80	
558	44.336458	D5	74	69	546	46.125000	D5	74	80	
559	44.453125	A4	69	65	547	46.250000	A4	69	80	
560	44.460417	B3	59	54	548	46.250000	B3	59	80	
561	44.575000	D5	74	62	549	46.375000	D5	74	80	
562	44.689583	E5	76	67	550	46.500000	E5	76	80	
563	44.706250	C4	60	54	551	46.500000	C4	60	80	
564	44.822917	D5	74	62	552	46.625000	D5	74	80	
565	44.945833	A4	69	60	553	46.750000	A4	69	80	
566	44.978125	E4	64	29	554	46.750000	E4	64	80	
567	45.051042	D5	74	54	555	46.875000	D5	74	80	
568	45.164583	E5	76	64	556	47.000000	E5	76	80	
569	45.189583	A3	57	47	557	47.000000	A3	57	80	
570	45.280208	C5	72	65	558	47.125000	C5	72	80	
571	45.408333	C4	60	47	560	47.250000	C4	60	80	
572	45.416667	A4	69	56	559	47.250000	A4	69	80	
573	45.530208	C5	72	63	561	47.375000	C5	72	80	
574	45.642708	C3	48	60	563	47.500000	C3	48	80	
575	45.643750	E5	76	63	562	47.500000	E5	76	80	
576	45.756250	C5	72	65	564	47.625000	C5	72	80	
577	45.870833	A3	57	55	566	47.750000	A3	57	80	
578	45.878125	A4	69	63	565	47.750000	A4	69	80	
579	45.995833	C5	72	60	567	47.875000	C5	72	80	
580	46.111458	D5	74	59	568	48.000000	D5	74	80	
581	46.114583	B3	59	70	569	48.000000	B3	59	80	
582	46.227083	B4	71	62	570	48.125000	B4	71	80	
583	46.360417	A4	69	58	571	48.250000	A4	69	80	
584	46.368750	D4	62	52	572	48.250000	D4	62	80	
585	46.469792	B4	71	67	573	48.375000	B4	71	80	
586	46.592708	D5	74	68	574	48.500000	D5	74	80	
587	46.601042	G#3	56	64	575	48.500000	G#3	56	80	
588	46.711458	B4	71	74	576	48.625000	B4	71	80	
589	46.829167	G#4	68	76	577	48.750000	G#4	68	80	
590	46.835417	B3	59	70	578	48.750000	B3	59	80	
591	46.951042	B4	71	79	579	48.875000	B4	71	80	
592	47.060417	D5	74	75	580	49.000000	D5	74	80	
593	47.066667	E4	64	74	581	49.000000	E4	64	80	
594	47.188542	B4	71	73	582	49.125000	B4	71	80	
595	47.294792	E3	52	55	584	49.250000	E3	52	80	
596	47.309375	G#4	68	68	583	49.250000	G#4	68	80	
597	47.422917	B4	71	68	585	49.375000	B4	71	80	
598	47.532292	C5	72	65	586	49.500000	C5	72	80	
599	47.551042	A3	57	52	587	49.500000	A3	57	80	
600	47.660417	A4	69	62	588	49.625000	A4	69	80	
601	47.785417	G4	67	58	589	49.750000	G4	67	80	
602	47.912500	F4	65	57	590	49.875000	F4	65	80	
603	48.033333	E4	64	59	591	50.000000	E4	64	80	
604	48.157292	D4	62	44	592	50.125000	D4	62	80	
605	48.265625	C4	60	46	593	50.250000	C4	60	80	
606	48.373958	B3	59	57	594	50.375000	B3	59	80	
607	48.478125	A3	57	52	595	50.500000	A3	57	80	
608	48.602083	C4	60	50	596	50.625000	C4	60	80	
609	48.704167	E3	52	56	597	50.750000	E3	52	80	
610	48.811458	G3	55	58	598	50.875000	G3	55	80	
611	48.936458	F#3	54	62	599	51.000000	F#3	54	80	
612	49.073958	Eb5	75	62	600	51.125000	Eb5	75	80	
613	49.189583	D5	74	62	601	51.250000	D5	74	80	
614	49.201042	A4	69	68	602	51.250000	A4	69	80	
615	49.307292	C5	72	71	603	51.375000	C5	72	80	
616	49.427083	F#5	78	83	604	51.500000	F#5	78	80	
617	49.550000	Eb5	75	75	606	51.625000	Eb5	75	80	
618	49.671875	D5	74	75	607	51.750000	D5	74	80	
619	49.675000	A4	69	65	608	51.750000	A4	69	80	
620	49.777083	C5	72	71	609	51.875000	C5	72	80	
621	49.898958	A5	81	78	610	52.000000	A5	81	80	
622	49.911458	F#4	66	61	611	52.000000	F#4	66	80	
623	50.018750	Eb5	75	65	612	52.125000	Eb5	75	80	
624	50.134375	D5	74	59	613	52.250000	D5	74	80	
625	50.166667	D4	62	41	614	52.250000	D4	62	80	
626	50.261458	C5	72	60	615	52.375000	C5	72	80	
627	50.389583	Bb4	70	63	616	52.500000	Bb4	70	80	
628	50.403125	G4	67	48	617	52.500000	G4	67	80	
629	50.518750	G5	79	59	618	52.625000	G5	79	80	
630	50.648958	G3	55	50	620	52.750000	G3	55	80	
631	50.651042	F5	77	44	619	52.750000	F5	77	80	
632	50.761458	Eb5	75	66	621	52.875000	Eb5	75	80	
633	50.883333	D5	74	62	622	53.000000	D5	74	80	
634	50.904167	Bb3	58	58	623	53.000000	Bb3	58	80	
635	50.996875	C5	72	67	624	53.125000	C5	72	80	
636	51.122917	Bb4	70	74	625	53.250000	Bb4	70	80	
637	51.128125	D4	62	62	626	53.250000	D4	62	80	
638	51.233333	A4	69	73	627	53.375000	A4	69	80	
639	51.365625	C5	72	74	628	53.500000	C5	72	80	
640	51.381250	G4	67	49	629	53.500000	G4	67	80	
641	51.481250	Bb4	70	73	630	53.625000	Bb4	70	80	
642	51.589583	F4	65	51	632	53.750000	F4	65	80	
643	51.609375	A4	69	67	631	53.750000	A4	69	80	
644	51.713542	G4	67	56	633	53.875000	G4	67	80	
645	51.856250	E4	64	44	635	54.000000	E4	64	80	
646	51.860417	C5	72	59	634	54.000000	C5	72	80	
647	51.963542	C#4	61	51	636	54.125000	C#4	61	80	
648	52.098958	C4	60	46	638	54.250000	C4	60	80	
649	52.103125	E5	76	74	637	54.250000	E5	76	80	
650	52.215625	Bb3	58	52	639	54.375000	Bb3	58	80	
651	52.335417	F4	65	49	641	54.500000	F4	65	80	
652	52.352083	B4	71	62	640	54.500000	B4	71	80	
653	52.454167	C#4	61	51	642	54.625000	C#4	61	80	
654	52.570833	C4	60	53	644	54.750000	C4	60	80	
655	52.585417	F5	77	71	643	54.750000	F5	77	80	
656	52.696875	Bb3	58	57	645	54.875000	Bb3	58	80	
657	52.818750	Bb4	70	70	646	55.000000	Bb4	70	80	
658	52.827083	G4	67	44	647	55.000000	G4	67	80	
659	52.923958	C#4	61	54	648	55.125000	C#4	61	80	
660	53.041667	C4	60	48	650	55.250000	C4	60	80	
661	53.065625	G5	79	74	649	55.250000	G5	79	80	
662	53.172917	Bb3	58	56	651	55.375000	Bb3	58	80	
663	53.302083	A3	57	61	652	55.500000	A3	57	80	
664	53.437500	D5	74	62	653	55.625000	D5	74	80	
665	53.441667	F4	65	45	654	55.625000	F4	65	80	
666	53.547917	E4	64	46	656	55.750000	E4	64	80	
667	53.560417	C5	72	68	655	55.750000	C5	72	80	
668	53.651042	D4	62	51	658	55.875000	D4	62	80	
669	53.670833	Bb4	70	77	657	55.875000	Bb4	70	80	
670	53.781250	C4	60	60	660	56.000000	C4	60	80	
671	53.786458	A4	69	74	659	56.000000	A4	69	80	
672	53.895833	Bb3	58	47	662	56.125000	Bb3	58	80	
673	53.900000	G5	79	73	661	56.125000	G5	79	80	
674	54.006250	F5	77	73	663	56.250000	F5	77	80	
675	54.008333	A3	57	54	664	56.250000	A3	57	80	
676	54.110417	G3	55	55	666	56.375000	G3	55	80	
677	54.117708	E5	76	70	665	56.375000	E5	76	80	
678	54.223958	Bb3	58	57	668	56.500000	Bb3	58	80	
679	54.235417	D5	74	66	667	56.500000	D5	74	80	
680	54.355208	Bb5	82	64	669	56.625000	Bb5	82	80	
681	54.367708	A3	57	48	670	56.625000	A3	57	80	
682	54.459375	G3	55	54	672	56.750000	G3	55	80	
683	54.468750	E5	76	67	671	56.750000	E5	76	80	
684	54.566667	F3	53	52	674	56.875000	F3	53	80	
685	54.592708	D5	74	54	673	56.875000	D5	74	80	
686	54.677083	E3	52	59	676	57.000000	E3	52	80	
687	54.716667	C#5	73	69	675	57.000000	C#5	73	80	
688	54.836458	Bb4	70	64	677	57.125000	Bb4	70	80	
689	54.854167	G4	67	57	678	57.125000	G4	67	80	
690	54.953125	A4	69	67	679	57.250000	A4	69	80	
691	54.961458	F4	65	47	680	57.250000	F4	65	80	
692	55.061458	G4	67	70	681	57.375000	G4	67	80	
693	55.075000	E4	64	59	682	57.375000	E4	64	80	
694	55.179167	D5	74	82	683	57.500000	D5	74	80	
695	55.198958	D4	62	62	684	57.500000	D4	62	80	
696	55.300000	Bb4	70	78	685	57.625000	Bb4	70	80	
697	55.333333	G4	67	57	686	57.625000	G4	67	80	
698	55.417708	A4	69	78	687	57.750000	A4	69	80	
699	55.438542	F4	65	48	688	57.750000	F4	65	80	
700	55.536458	G4	67	70	689	57.875000	G4	67	80	
701	55.548958	E4	64	52	690	57.875000	E4	64	80	
702	55.653125	E5	76	77	691	58.000000	E5	76	80	
703	55.661458	C#4	61	61	692	58.000000	C#4	61	80	
704	55.766667	Bb4	70	69	693	58.125000	Bb4	70	80	
705	55.784375	G4	67	47	694	58.125000	G4	67	80	
706	55.879167	A4	69	68	695	58.250000	A4	69	80	
707	55.900000	F4	65	43	696	58.250000	F4	65	80	
708	55.951042	E4	64	52	698	58.375000	E4	64	80	
709	56.004167	G4	67	64	697	58.375000	G4	67	80	
710	56.116667	D3	50	62	700	58.500000	D4	62	80	
711	56.121875	F4	65	56	699	58.500000	F4	65	80	
712	56.296875	Eb4	63	57	701	58.625000	Eb4	63	80	
713	56.383333	D4	62	51	703	58.750000	D4	62	80	
714	56.391667	F#4	66	63	702	58.750000	F#4	66	80	
715	56.502083	C4	60	60	704	58.875000	C4	60	80	
716	56.595833	Bb3	58	57	706	59.000000	Bb3	58	80	
717	56.622917	G4	67	61	705	59.000000	G4	67	80	
718	56.756250	C4	60	45	707	59.125000	C4	60	80	
719	56.836458	Bb3	58	48	709	59.250000	Bb3	58	80	
720	56.863542	A4	69	63	708	59.250000	A4	69	80	
721	56.965625	A3	57	54	710	59.375000	A3	57	80	
722	57.079167	G3	55	58	712	59.500000	G3	55	80	
723	57.086458	Bb4	70	67	711	59.500000	Bb4	70	80	
724	57.228125	A3	57	58	713	59.625000	A3	57	80	
725	57.327083	B4	71	66	714	59.750000	B4	71	80	
726	57.352083	G3	55	53	715	59.750000	G3	55	80	
727	57.461458	F3	53	56	716	59.875000	F3	53	80	
728	57.568750	C5	72	74	717	60.000000	C5	72	80	
729	57.570833	E3	52	56	718	60.000000	E3	52	80	
730	57.696875	Bb3	58	61	719	60.125000	Bb3	58	80	
731	57.811458	C#5	73	80	720	60.250000	C#5	73	80	
732	57.816667	A3	57	63	721	60.250000	A3	57	80	
733	57.955208	G3	55	48	722	60.375000	G3	55	80	
734	58.044792	D5	74	77	723	60.500000	D5	74	80	
735	58.191667	G3	55	60	725	60.625000	G3	55	80	
736	58.289583	E5	76	85	726	60.750000	E5	76	80	
737	58.296875	F3	53	60	727	60.750000	F3	53	80	
738	58.423958	E3	52	65	728	60.875000	E3	52	80	
739	58.518750	F5	77	84	729	61.000000	F5	77	80	
740	58.528125	D3	50	63	730	61.000000	D3	50	80	
741	58.640625	Eb3	51	75	731	61.125000	Eb3	51	80	
742	58.752083	F#5	78	82	732	61.250000	F#5	78	80	
743	58.789583	D3	50	71	733	61.250000	D3	50	80	
744	58.867708	C3	48	70	734	61.375000	C3	48	80	
745	58.986458	Bb2	46	70	736	61.500000	Bb2	46	80	
746	59.004167	G5	79	76	735	61.500000	G5	79	80	
747	59.132292	D5	74	66	737	61.625000	D5	74	80	
748	59.237500	Bb5	82	75	738	61.750000	Bb5	82	80	
749	59.238542	G2	43	53	739	61.750000	G2	43	80	
750	59.353125	A5	81	75	740	61.875000	A5	81	80	
751	59.470833	G5	79	71	741	62.000000	G5	79	80	
752	59.473958	Bb2	46	56	742	62.000000	Bb2	46	80	
753	59.582292	F5	77	73	743	62.125000	F5	77	80	
754	59.687500	D3	50	58	745	62.250000	D3	50	80	
755	59.692708	E5	76	71	744	62.250000	E5	76	80	
756	59.802083	D5	74	71	746	62.375000	D5	74	80	
757	59.940625	C#5	73	67	747	62.500000	C#5	73	80	
758	59.945833	G3	55	69	748	62.500000	G3	55	80	
759	60.047917	D5	74	72	749	62.625000	D5	74	80	
760	60.165625	E5	76	73	750	62.750000	E5	76	80	
761	60.276042	C#5	73	70	751	62.875000	C#5	73	80	
762	60.395833	A4	69	68	752	63.000000	A4	69	80	
763	60.520833	G3	55	57	753	63.125000	G3	55	80	
764	60.641667	E4	64	65	754	63.250000	E4	64	80	
765	60.646875	A2	45	45	755	63.250000	A2	45	80	
766	60.762500	G2	43	55	756	63.375000	G2	43	80	
767	60.857292	A2	45	57	758	63.500000	A2	45	80	
768	60.877083	A4	69	79	757	63.500000	A4	69	80	
769	60.992708	G3	55	62	759	63.625000	G3	55	80	
770	61.094792	A2	45	62	761	63.750000	A2	45	80	
771	61.110417	C#5	73	77	760	63.750000	C#5	73	80	
772	61.228125	G3	55	62	762	63.875000	G3	55	80	
773	61.323958	A2	45	63	764	64.000000	A2	45	80	
774	61.336458	E5	76	78	763	64.000000	E5	76	80	
775	61.394792	D5	74	72	*	-1	*	-1	-1	
776	61.453125	G3	55	66	765	64.125000	G3	55	80	
777	61.464583	E5	76	77	*	-1	*	-1	-1	
778	61.580208	A2	45	55	766	64.250000	A2	45	80	
779	61.668750	G3	55	63	767	64.375000	G3	55	80	
780	61.777083	A2	45	58	768	64.500000	A2	45	80	
781	61.895833	A4	69	72	769	64.625000	A4	69	80	
782	61.906250	F3	53	51	770	64.625000	F3	53	80	
783	61.972917	A2	45	61	772	64.750000	A2	45	80	
784	62.018750	F4	65	57	771	64.750000	F4	65	80	
785	62.117708	A4	69	76	773	64.875000	A4	69	80	
786	62.133333	G2	43	55	774	64.875000	G2	43	80	
787	62.215625	A2	45	53	776	65.000000	A2	45	80	
788	62.234375	D5	74	73	775	65.000000	D5	74	80	
789	62.347917	A4	69	77	777	65.125000	A4	69	80	
790	62.351042	F3	53	54	778	65.125000	F3	53	80	
791	62.440625	A2	45	54	780	65.250000	A2	45	80	
792	62.462500	F4	65	58	779	65.250000	F4	65	80	
793	62.558333	A4	69	72	781	65.375000	A4	69	80	
794	62.560417	F3	53	59	782	65.375000	F3	53	80	
795	62.663542	D5	74	77	783	65.500000	D5	74	80	
796	62.668750	A2	45	60	784	65.500000	A2	45	80	
797	62.717708	C#5	73	75	*	-1	*	-1	-1	
798	62.794792	D5	74	70	*	-1	*	-1	-1	
799	62.807292	F3	53	49	785	65.625000	F3	53	80	
800	62.894792	A2	45	58	786	65.750000	A2	45	80	
801	63.005208	F3	53	59	787	65.875000	F3	53	80	
802	63.108333	A2	45	58	788	66.000000	A2	45	80	
803	63.213542	G4	67	60	789	66.125000	G4	67	80	
804	63.238542	E3	52	58	790	66.125000	E3	52	80	
805	63.319792	A2	45	58	792	66.250000	A2	45	80	
806	63.340625	E4	64	54	791	66.250000	E4	64	80	
807	63.438542	G2	43	55	794	66.375000	G2	43	80	
808	63.455208	G4	67	58	793	66.375000	G4	67	80	
809	63.541667	A2	45	56	796	66.500000	A2	45	80	
810	63.551042	C5	72	66	795	66.500000	C5	72	80	
811	63.662500	E3	52	52	798	66.625000	E3	52	80	
812	63.662500	G4	67	64	797	66.625000	G4	67	80	
813	63.754167	A2	45	50	800	66.750000	A2	45	80	
814	63.792708	E4	64	49	799	66.750000	E4	64	80	
815	63.888542	E3	52	52	802	66.875000	E3	52	80	
816	63.895833	G4	67	57	801	66.875000	G4	67	80	
817	63.970833	A2	45	57	804	67.000000	A2	45	80	
818	63.971875	C5	72	73	803	67.000000	C5	72	80	
819	64.037500	B4	71	67	*	-1	*	-1	-1	
820	64.091667	E3	52	56	805	67.125000	E3	52	80	
821	64.112500	C5	72	71	*	-1	*	-1	-1	
822	64.180208	A2	45	52	806	67.250000	A2	45	80	
823	64.293750	E3	52	52	807	67.375000	E3	52	80	
824	64.420833	A2	45	54	808	67.500000	A2	45	80	
825	64.527083	D3	50	54	810	67.625000	D3	50	80	
826	64.536458	F4	65	57	809	67.625000	F4	65	80	
827	64.644792	F3	53	53	812	67.750000	F3	53	80	
828	64.668750	D4	62	49	811	67.750000	D4	62	80	
829	64.767708	D3	50	37	814	67.875000	D3	50	80	
830	64.772917	F4	65	59	813	67.875000	F4	65	80	
831	64.872917	A2	45	49	816	68.000000	A2	45	80	
832	64.877083	Bb4	70	65	815	68.000000	Bb4	70	80	
833	64.984375	D3	50	49	818	68.125000	D3	50	80	
834	64.993750	F4	65	65	817	68.125000	F4	65	80	
835	65.094792	F3	53	53	820	68.250000	F3	53	80	
836	65.106250	D4	62	58	819	68.250000	D4	62	80	
837	65.200000	A3	57	52	822	68.375000	A3	57	80	
838	65.222917	F4	65	65	821	68.375000	F4	65	80	
839	65.315625	G2	43	64	824	68.500000	G2	43	80	
840	65.335417	Bb4	70	73	823	68.500000	Bb4	70	80	
841	65.445833	G4	67	64	825	68.625000	G4	67	80	
842	65.447917	E3	52	52	826	68.625000	E3	52	80	
843	65.544792	G3	55	61	828	68.750000	G3	55	80	
844	65.578125	E4	64	62	827	68.750000	E4	64	80	
845	65.679167	Bb3	58	62	830	68.875000	Bb3	58	80	
846	65.679167	G4	67	59	829	68.875000	G4	67	80	
847	65.803125	G3	55	62	832	69.000000	G3	55	80	
848	65.813542	C#4	61	65	831	69.000000	C#4	61	80	
849	65.934375	A4	69	58	833	69.125000	A4	69	80	
850	66.045833	Bb4	70	64	834	69.250000	Bb4	70	80	
851	66.055208	C#3	49	63	835	69.250000	C#3	49	80	
852	66.173958	A4	69	66	836	69.375000	A4	69	80	
853	66.295833	C#4	61	52	837	69.500000	C#4	61	80	
854	66.305208	E3	52	55	838	69.500000	E3	52	80	
855	66.396875	A4	69	59	839	69.625000	A4	69	80	
856	66.521875	Bb4	70	67	840	69.750000	Bb4	70	80	
857	66.533333	G2	43	60	841	69.750000	G2	43	80	
858	66.659375	A4	69	62	842	69.875000	A4	69	80	
859	66.761458	C#4	61	58	843	70.000000	C#4	61	80	
860	66.870833	Bb2	46	59	844	70.125000	Bb2	46	80	
861	66.995833	E4	64	66	845	70.250000	E4	64	80	
862	67.012500	A2	45	57	846	70.250000	A2	45	80	
863	67.126042	G2	43	57	847	70.375000	G2	43	80	
864	67.231250	F2	41	65	848	70.500000	F2	41	80	
865	67.368750	A4	69	59	849	70.625000	A4	69	80	
866	67.385417	F3	53	54	850	70.625000	F3	53	80	
867	67.478125	Bb4	70	61	851	70.750000	Bb4	70	80	
868	67.494792	E3	52	52	852	70.750000	E3	52	80	
869	67.589583	A4	69	70	853	70.875000	A4	69	80	
870	67.617708	F3	53	58	854	70.875000	F3	53	80	
871	67.715625	D4	62	59	855	71.000000	D4	62	80	
872	67.717708	F2	41	65	856	71.000000	F2	41	80	
873	67.831250	A4	69	62	857	71.125000	A4	69	80	
874	67.853125	F3	53	47	858	71.125000	F3	53	80	
875	67.935417	Bb4	70	66	859	71.250000	Bb4	70	80	
876	67.942708	E3	52	58	860	71.250000	E3	52	80	
877	68.045833	A4	69	68	861	71.375000	A4	69	80	
878	68.052083	F3	53	60	862	71.375000	F3	53	80	
879	68.163542	F2	41	64	864	71.500000	F2	41	80	
880	68.167708	D4	62	66	863	71.500000	D4	62	80	
881	68.261458	F3	53	62	865	71.625000	F3	53	80	
882	68.376042	E3	52	63	867	71.750000	E3	52	80	
883	68.402083	F4	65	74	866	71.750000	F4	65	80	
884	68.513542	D3	50	68	868	71.875000	D3	50	80	
885	68.645833	C#3	49	68	869	72.000000	C#3	49	80	
886	68.767708	G4	67	65	870	72.125000	G4	67	80	
887	68.886458	A4	69	73	871	72.250000	A4	69	80	
888	68.894792	E2	40	59	872	72.250000	E2	40	80	
889	68.997917	G4	67	68	873	72.375000	G4	67	80	
890	69.104167	G2	43	66	875	72.500000	G2	43	80	
891	69.106250	E4	64	74	874	72.500000	E4	64	80	
892	69.221875	G4	67	74	876	72.625000	G4	67	80	
893	69.338542	A4	69	78	877	72.750000	A4	69	80	
894	69.350000	C#2	37	67	878	72.750000	C#2	37	80	
895	69.464583	G4	67	76	879	72.875000	G4	67	80	
896	69.573958	A3	57	75	880	73.000000	A3	57	80	
897	69.683333	C#3	49	71	881	73.125000	C#3	49	80	
898	69.831250	G4	67	79	882	73.250000	G4	67	80	
899	69.835417	B2	47	70	883	73.250000	B2	47	80	
900	69.954167	A2	45	68	884	73.375000	A2	45	80	
901	70.089583	D3	50	74	885	73.500000	D3	50	80	
902	70.220833	Bb3	58	69	886	73.625000	Bb3	58	80	
903	70.331250	D2	38	74	888	73.750000	D2	38	80	
904	70.344792	A3	57	63	887	73.750000	A3	57	80	
905	70.460417	G3	55	70	889	73.875000	G3	55	80	
906	70.566667	F2	41	71	891	74.000000	F2	41	80	
907	70.579167	A3	57	72	890	74.000000	A3	57	80	
908	70.700000	E4	64	69	892	74.125000	E4	64	80	
909	70.788542	A2	45	68	894	74.250000	A2	45	80	
910	70.821875	D4	62	67	893	74.250000	D4	62	80	
911	70.937500	C#4	61	70	895	74.375000	C#4	61	80	
912	71.025000	D3	50	64	897	74.500000	D3	50	80	
913	71.055208	D4	62	75	896	74.500000	D4	62	80	
914	71.122917	C#3	49	73	*	-1	*	-1	-1	
915	71.176042	G4	67	70	898	74.625000	G4	67	80	
916	71.258333	D3	50	69	*	-1	*	-1	-1	
917	71.291667	F4	65	69	899	74.750000	F4	65	80	
918	71.411458	E4	64	69	900	74.875000	E4	64	80	
919	71.527083	F4	65	70	901	75.000000	F4	65	80	
920	71.619792	G3	55	64	903	75.125000	G3	55	80	
921	71.660417	Bb3	58	57	902	75.125000	Bb3	58	80	
922	71.743750	A3	57	58	905	75.250000	A3	57	80	
923	71.756250	C4	60	61	904	75.250000	C4	60	80	
924	71.866667	Bb3	58	55	907	75.375000	Bb3	58	80	
925	71.883333	D4	62	59	906	75.375000	D4	62	80	
926	71.996875	C3	48	56	909	75.500000	C3	48	80	
927	72.000000	Eb4	63	68	908	75.500000	Eb4	63	80	
928	72.131250	A3	57	58	910	75.625000	A3	57	80	
929	72.137500	F#3	54	56	911	75.625000	F#3	54	80	
930	72.235417	Bb3	58	55	912	75.750000	Bb3	58	80	
931	72.266667	G3	55	43	913	75.750000	G3	55	80	
932	72.345833	C4	60	64	914	75.875000	C4	60	80	
933	72.388542	A3	57	50	915	75.875000	A3	57	80	
934	72.471875	D4	62	52	916	76.000000	D4	62	80	
935	72.490625	Bb2	46	55	917	76.000000	Bb2	46	80	
936	72.584375	Bb3	58	59	918	76.125000	Bb3	58	80	
937	72.605208	G3	55	55	919	76.125000	G3	55	80	
938	72.714583	C4	60	59	920	76.250000	C4	60	80	
939	72.735417	A3	57	52	921	76.250000	A3	57	80	
940	72.834375	D4	62	58	922	76.375000	D4	62	80	
941	72.946875	Eb4	63	71	924	76.500000	Eb4	63	80	
942	73.000000	C3	48	36	925	76.500000	C3	48	80	
943	73.076042	A3	57	62	926	76.625000	A3	57	80	
944	73.118750	F#3	54	47	927	76.625000	F#3	54	80	
945	73.191667	Bb3	58	68	928	76.750000	Bb3	58	80	
946	73.229167	G3	55	58	929	76.750000	G3	55	80	
947	73.315625	C4	60	73	930	76.875000	C4	60	80	
948	73.341667	A3	57	49	931	76.875000	A3	57	80	
949	73.436458	Bb2	46	67	933	77.000000	Bb2	46	80	
950	73.442708	D4	62	74	932	77.000000	D4	62	80	
951	73.545833	G3	55	63	935	77.125000	G3	55	80	
952	73.553125	Bb3	58	76	934	77.125000	Bb3	58	80	
953	73.672917	A3	57	54	937	77.250000	A3	57	80	
954	73.678125	C4	60	72	936	77.250000	C4	60	80	
955	73.758333	Bb3	58	48	939	77.375000	Bb3	58	80	
956	73.782292	D4	62	72	938	77.375000	D4	62	80	
957	73.916667	A2	45	63	941	77.500000	A2	45	80	
958	73.917708	C4	60	72	940	77.500000	C4	60	80	
959	74.036458	F#3	54	68	942	77.625000	F#3	54	80	
960	74.042708	D3	50	63	943	77.625000	D3	50	80	
961	74.143750	E3	52	59	945	77.750000	E3	52	80	
962	74.165625	G3	55	62	944	77.750000	G3	55	80	
963	74.230208	F#3	54	57	947	77.875000	F#3	54	80	
964	74.273958	A3	57	65	946	77.875000	A3	57	80	
965	74.396875	G2	43	60	949	78.000000	G2	43	80	
966	74.413542	Bb3	58	62	948	78.000000	Bb3	58	80	
967	74.522917	D3	50	66	950	78.125000	D3	50	80	
968	74.647917	E3	52	58	951	78.250000	E3	52	80	
969	74.772917	F#3	54	64	952	78.375000	F#3	54	80	
970	74.889583	G3	55	71	953	78.500000	G3	55	80	
971	75.008333	A3	57	63	954	78.625000	A3	57	80	
972	75.109375	Bb3	58	68	955	78.750000	Bb3	58	80	
973	75.228125	C4	60	69	956	78.875000	C4	60	80	
974	75.346875	D4	62	66	957	79.000000	D4	62	80	
975	75.460417	Bb3	58	71	958	79.125000	Bb3	58	80	
976	75.561458	G#4	68	38	*	-1	*	-1	-1	
977	75.586458	G4	67	60	959	79.250000	G4	67	80	
978	75.707292	D4	62	62	960	79.375000	D4	62	80	
979	75.838542	Bb4	70	70	961	79.500000	Bb4	70	80	
980	75.956250	G4	67	63	962	79.625000	G4	67	80	
981	76.086458	F4	65	63	963	79.750000	F4	65	80	
982	76.191667	Eb4	63	67	964	79.875000	Eb4	63	80	
983	76.316667	D4	62	69	965	80.000000	D4	62	80	
984	76.426042	C4	60	63	966	80.125000	C4	60	80	
985	76.540625	Bb3	58	59	967	80.250000	Bb3	58	80	
986	76.664583	A3	57	64	968	80.375000	A3	57	80	
987	76.781250	G3	55	67	969	80.500000	G3	55	80	
988	76.900000	Bb3	58	65	970	80.625000	Bb3	58	80	
989	77.018750	E3	52	60	971	80.750000	E3	52	80	
990	77.156250	G3	55	55	972	80.875000	G3	55	80	
991	77.256250	C#3	49	66	973	81.000000	C#3	49	80	
992	77.365625	Bb4	70	72	974	81.125000	Bb4	70	80	
993	77.486458	A4	69	79	975	81.250000	A4	69	80	
994	77.606250	G4	67	75	976	81.375000	G4	67	80	
995	77.728125	E5	76	81	977	81.500000	E5	76	80	
996	77.844792	D5	74	69	978	81.625000	D5	74	80	
997	77.953125	A2	45	60	980	81.750000	A2	45	80	
998	77.960417	C#5	73	76	979	81.750000	C#5	73	80	
999	78.073958	B4	71	76	981	81.875000	B4	71	80	
1000	78.189583	A4	69	77	982	82.000000	A4	69	80	
1001	78.211458	B2	47	56	983	82.000000	B2	47	80	
1002	78.314583	G4	67	70	984	82.125000	G4	67	80	
1003	78.430208	F4	65	67	985	82.250000	F4	65	80	
1004	78.440625	C#3	49	65	986	82.250000	C#3	49	80	
1005	78.541667	E4	64	66	987	82.375000	E4	64	80	
1006	78.667708	F4	65	70	988	82.500000	F4	65	80	
1007	78.679167	D3	50	66	989	82.500000	D3	50	80	
1008	78.790625	D4	62	64	990	82.625000	D4	62	80	
1009	78.911458	G4	67	74	991	82.750000	G4	67	80	
1010	78.922917	E3	52	62	992	82.750000	E3	52	80	
1011	79.034375	D4	62	73	993	82.875000	D4	62	80	
1012	79.152083	F3	53	84	995	83.000000	F3	53	80	
1013	79.154167	A4	69	79	994	83.000000	A4	69	80	
1014	79.280208	D4	62	77	996	83.125000	D4	62	80	
1015	79.391667	G3	55	81	998	83.250000	G3	55	80	
1016	79.394792	Bb4	70	87	997	83.250000	Bb4	70	80	
1017	79.522917	D4	62	74	999	83.375000	D4	62	80	
1018	79.636458	A3	57	82	1000	83.500000	A3	57	80	
1019	79.761458	D4	62	69	1001	83.625000	D4	62	80	
1020	79.897917	A2	45	68	1003	83.750000	A2	45	80	
1021	79.897917	E4	64	69	1002	83.750000	E4	64	80	
1022	80.020833	C#4	61	65	1004	83.875000	C#4	61	80	
1023	80.169792	D3	50	70	1006	84.000000	D3	50	80	
1024	80.169792	D4	62	65	1005	84.000000	D4	62	80	
1025	80.297917	C4	60	63	1007	84.125000	C4	60	80	
1026	80.428125	A3	57	65	1009	84.250000	A3	57	80	
1027	80.446875	F#3	54	59	1008	84.250000	F#3	54	80	
1028	80.566667	C4	60	64	1010	84.375000	C4	60	80	
1029	80.681250	D3	50	71	1012	84.500000	D3	50	80	
1030	80.694792	D4	62	58	1011	84.500000	D4	62	80	
1031	80.823958	C4	60	63	1013	84.625000	C4	60	80	
1032	80.926042	A3	57	65	1015	84.750000	A3	57	80	
1033	80.941667	F#3	54	59	1014	84.750000	F#3	54	80	
1034	81.070833	C4	60	62	1016	84.875000	C4	60	80	
1035	81.171875	D3	50	68	1018	85.000000	D3	50	80	
1036	81.190625	D4	62	56	1017	85.000000	D4	62	80	
1037	81.327083	C4	60	54	1019	85.125000	C4	60	80	
1038	81.414583	F#3	54	56	1020	85.250000	F#3	54	80	
1039	81.415625	A3	57	48	1021	85.250000	A3	57	80	
1040	81.556250	C4	60	48	1022	85.375000	C4	60	80	
1041	81.631250	D3	50	55	1024	85.500000	D3	50	80	
1042	81.669792	Bb3	58	58	1023	85.500000	Bb3	58	80	
1043	81.792708	D4	62	57	1025	85.625000	D4	62	80	
1044	81.909375	G3	55	42	1027	85.750000	G3	55	80	
1045	81.918750	Bb3	58	62	1026	85.750000	Bb3	58	80	
1046	82.026042	F#3	54	65	1028	85.875000	F#3	54	80	
1047	82.153125	D3	50	52	1030	86.000000	D3	50	80	
1048	82.161458	Bb3	58	69	1029	86.000000	Bb3	58	80	
1049	82.275000	D4	62	62	1031	86.125000	D4	62	80	
1050	82.389583	G3	55	56	1033	86.250000	G3	55	80	
1051	82.398958	Bb3	58	69	1032	86.250000	Bb3	58	80	
1052	82.514583	F#3	54	64	1034	86.375000	F#3	54	80	
1053	82.646875	D3	50	55	1036	86.500000	D3	50	80	
1054	82.646875	Bb3	58	68	1035	86.500000	Bb3	58	80	
1055	82.765625	D4	62	61	1037	86.625000	D4	62	80	
1056	82.879167	G3	55	53	1039	86.750000	G3	55	80	
1057	82.890625	Bb3	58	57	1038	86.750000	Bb3	58	80	
1058	82.995833	E3	52	52	1040	86.875000	F#3	54	80	
1059	83.119792	F3	53	62	1041	87.000000	F3	53	80	
1060	83.121875	D3	50	53	1042	87.000000	D3	50	80	
1061	83.237500	D4	62	61	1043	87.125000	D4	62	80	
1062	83.365625	A3	57	53	1045	87.250000	A3	57	80	
1063	83.373958	F3	53	66	1044	87.250000	F3	53	80	
1064	83.491667	D4	62	64	1046	87.375000	D4	62	80	
1065	83.617708	D3	50	56	1048	87.500000	D3	50	80	
1066	83.620833	F3	53	70	1047	87.500000	F3	53	80	
1067	83.731250	D4	62	61	1049	87.625000	D4	62	80	
1068	83.867708	A3	57	57	1051	87.750000	A3	57	80	
1069	83.869792	F3	53	65	1050	87.750000	F3	53	80	
1070	83.988542	D4	62	61	1052	87.875000	D4	62	80	
1071	84.119792	D3	50	52	1054	88.000000	D3	50	80	
1072	84.119792	F3	53	64	1053	88.000000	F3	53	80	
1073	84.230208	D4	62	56	1055	88.125000	D4	62	80	
1074	84.361458	A3	57	52	1057	88.250000	A3	57	80	
1075	84.371875	F3	53	55	1056	88.250000	F3	53	80	
1076	84.479167	D4	62	55	1058	88.375000	D4	62	80	
1077	84.611458	G3	55	54	1059	88.500000	G3	55	80	
1078	84.617708	D3	50	41	1060	88.500000	D3	50	80	
1079	84.740625	C#4	61	48	1061	88.625000	C#4	61	80	
1080	84.868750	G3	55	41	1062	88.750000	G3	55	80	
1081	84.876042	Bb3	58	37	1063	88.750000	Bb3	58	80	
1082	84.985417	E3	52	52	1064	88.875000	E3	52	80	
1083	85.117708	G3	55	50	1065	89.000000	G3	55	80	
1084	85.128125	D3	50	49	1066	89.000000	D3	50	80	
1085	85.253125	C#4	61	46	1067	89.125000	C#4	61	80	
1086	85.383333	Bb3	58	44	1069	89.250000	Bb3	58	80	
1087	85.387500	G3	55	47	1068	89.250000	G3	55	80	
1088	85.515625	E3	52	50	1070	89.375000	E3	52	80	
1089	85.646875	D3	50	47	1072	89.500000	D3	50	80	
1090	85.664583	G3	55	44	1071	89.500000	G3	55	80	
1091	85.782292	C#4	61	46	1073	89.625000	C#4	61	80	
1092	85.916667	Bb3	58	43	1075	89.750000	Bb3	58	80	
1093	85.933333	G3	55	34	1074	89.750000	G3	55	80	
1094	86.044792	E3	52	49	1076	89.875000	E3	52	80	
1095	86.196875	D3	50	43	1079	90.000000	D3	50	80	
1096	86.337500	F#3	54	41	1077	90.000000	F#3	54	80	
1097	86.510417	A3	57	40	1080	90.000000	A3	57	80	
1098	86.729167	D4	62	37	1078	90.000000	D4	62	80	
*	-1	*	-1	-1	605	51.500000	C5	72	80	
*	-1	*	-1	-1	724	60.500000	F3	53	80	
*	-1	*	-1	-1	923	76.375000	Bb3	58	80	
