// alignID alignOntime alignSitch alignPitch alignOnvel refID refOntime refSitch refPitch refOnvel
0	0.970833	D5	74	76	0	0.000000	D5	74	80	
1	0.977083	D3	50	53	1	0.000000	D3	50	80	
2	1.040625	C#3	49	59	2	0.062500	C3	48	80	
3	1.125000	D3	50	61	3	0.125000	D3	50	80	
4	1.255208	C5	72	69	4	0.250000	C5	72	80	
5	1.369792	Bb4	70	72	5	0.375000	Bb4	70	80	
6	1.505208	A4	69	72	6	0.500000	A4	69	80	
7	1.506250	D2	38	57	7	0.500000	D2	38	80	
8	1.601042	G4	67	71	8	0.625000	G4	67	80	
9	1.703125	F4	65	71	9	0.750000	F4	65	80	
10	1.808333	E4	64	68	10	0.875000	E4	64	80	
11	1.920833	D4	62	68	11	1.000000	D4	62	80	
12	2.023958	F4	65	71	12	1.125000	F4	65	80	
13	2.142708	E4	64	67	13	1.250000	E4	64	80	
14	2.253125	D4	62	65	14	1.375000	D4	62	80	
15	2.359375	Bb4	70	71	15	1.500000	Bb4	70	80	
16	2.471875	G4	67	61	16	1.625000	G4	67	80	
17	2.580208	D2	38	74	18	1.750000	D2	38	80	
18	2.596875	D4	62	66	17	1.750000	D4	62	80	
19	2.707292	G4	67	67	19	1.875000	G4	67	80	
20	2.804167	G2	43	80	21	2.000000	G2	43	80	
21	2.823958	Bb4	70	70	20	2.000000	Bb4	70	80	
22	2.940625	G4	67	59	22	2.125000	G4	67	80	
23	3.031250	Bb2	46	73	24	2.250000	Bb2	46	80	
24	3.048958	D4	62	68	23	2.250000	D4	62	80	
25	3.161458	G4	67	67	25	2.375000	G4	67	80	
26	3.257292	D3	50	79	27	2.500000	D3	50	80	
27	3.281250	Bb4	70	67	26	2.500000	Bb4	70	80	
28	3.318750	C#3	49	69	*	-1	*	-1	-1	
29	3.375000	G4	67	63	28	2.625000	G4	67	80	
30	3.401042	D3	50	67	*	-1	*	-1	-1	
31	3.511458	D4	62	66	29	2.750000	D4	62	80	
32	3.616667	G4	67	67	30	2.875000	G4	67	80	
33	3.723958	A4	69	71	31	3.000000	A4	69	80	
34	3.830208	G4	67	64	32	3.125000	G4	67	80	
35	3.923958	D2	38	73	34	3.250000	D2	38	80	
36	3.945833	D4	62	69	33	3.250000	D4	62	80	
37	4.041667	G4	67	62	35	3.375000	G4	67	80	
38	4.147917	F2	41	77	37	3.500000	F2	41	80	
39	4.150000	A4	69	68	36	3.500000	A4	69	80	
40	4.263542	F4	65	62	38	3.625000	F4	65	80	
41	4.359375	A2	45	80	40	3.750000	A2	45	80	
42	4.369792	D4	62	68	39	3.750000	D4	62	80	
43	4.479167	F4	65	60	41	3.875000	F4	65	80	
44	4.606250	A4	69	67	42	4.000000	A4	69	80	
45	4.620833	D3	50	74	43	4.000000	D3	50	80	
46	4.667708	C#3	49	70	*	-1	*	-1	-1	
47	4.695833	F4	65	59	44	4.125000	F4	65	80	
48	4.752083	D3	50	76	*	-1	*	-1	-1	
49	4.828125	D4	62	60	45	4.250000	D4	62	80	
50	4.925000	F4	65	66	46	4.375000	F4	65	80	
51	5.039583	G4	67	68	47	4.500000	G4	67	80	
52	5.155208	E4	64	64	48	4.625000	E4	64	80	
53	5.247917	D4	62	67	49	4.750000	D4	62	80	
54	5.262500	Bb3	58	60	50	4.750000	Bb3	58	80	
55	5.363542	E4	64	63	51	4.875000	E4	64	80	
56	5.461458	E3	52	60	53	5.000000	E3	52	80	
57	5.472917	G4	67	67	52	5.000000	G4	67	80	
58	5.592708	E4	64	66	54	5.125000	E4	64	80	
59	5.695833	G3	55	64	56	5.250000	G3	55	80	
60	5.706250	C#4	61	62	55	5.250000	C#4	61	80	
61	5.805208	E4	64	66	57	5.375000	E4	64	80	
62	5.907292	C#3	49	63	59	5.500000	C#3	49	80	
63	5.917708	G4	67	63	58	5.500000	G4	67	80	
64	6.027083	E4	64	67	60	5.625000	E4	64	80	
65	6.133333	A3	57	57	62	5.750000	A3	57	80	
66	6.142708	C#4	61	62	61	5.750000	C#4	61	80	
67	6.256250	E4	64	68	63	5.875000	E4	64	80	
68	6.353125	D3	50	61	65	6.000000	D3	50	80	
69	6.366667	F4	65	72	64	6.000000	F4	65	80	
70	6.481250	D4	62	69	66	6.125000	D4	62	80	
71	6.612500	C4	60	74	67	6.250000	C4	60	80	
72	6.718750	Bb3	58	74	68	6.375000	Bb3	58	80	
73	6.823958	A3	57	76	69	6.500000	A3	57	80	
74	6.923958	G3	55	66	70	6.625000	G3	55	80	
75	7.042708	F3	53	68	71	6.750000	F3	53	80	
76	7.152083	E3	52	67	72	6.875000	E3	52	80	
77	7.268750	D3	50	71	73	7.000000	D3	50	80	
78	7.371875	F3	53	69	74	7.125000	F3	53	80	
79	7.483333	E3	52	66	75	7.250000	E3	52	80	
80	7.604167	D3	50	73	76	7.375000	D3	50	80	
81	7.704167	Bb3	58	78	77	7.500000	Bb3	58	80	
82	7.813542	G3	55	67	78	7.625000	G3	55	80	
83	7.917708	D4	62	79	79	7.750000	D4	62	80	
84	7.929167	D3	50	65	80	7.750000	D3	50	80	
85	8.040625	G3	55	59	81	7.875000	G3	55	80	
86	8.137500	Bb3	58	65	83	8.000000	Bb3	58	80	
87	8.157292	G4	67	77	82	8.000000	G4	67	80	
88	8.254167	G3	55	63	84	8.125000	G3	55	80	
89	8.381250	D3	50	61	86	8.250000	D3	50	80	
90	8.382292	Bb4	70	82	85	8.250000	Bb4	70	80	
91	8.515625	G3	55	58	87	8.375000	G3	55	80	
92	8.622917	Bb3	58	66	89	8.500000	Bb3	58	80	
93	8.629167	D5	74	86	88	8.500000	D5	74	80	
94	8.683333	C#5	73	72	*	-1	*	-1	-1	
95	8.726042	G3	55	59	90	8.625000	G3	55	80	
96	8.751042	D5	74	75	*	-1	*	-1	-1	
97	8.840625	D3	50	58	91	8.750000	D3	50	80	
98	8.954167	G3	55	59	92	8.875000	G3	55	80	
99	9.059375	A3	57	70	93	9.000000	A3	57	80	
100	9.166667	G3	55	63	94	9.125000	G3	55	80	
101	9.263542	D4	62	80	95	9.250000	D4	62	80	
102	9.277083	D3	50	65	96	9.250000	D3	50	80	
103	9.398958	G3	55	62	97	9.375000	G3	55	80	
104	9.512500	F4	65	74	98	9.500000	F4	65	80	
105	9.518750	A3	57	65	99	9.500000	A3	57	80	
106	9.631250	F3	53	62	100	9.625000	F3	53	80	
107	9.736458	A4	69	82	101	9.750000	A4	69	80	
108	9.751042	D3	50	61	102	9.750000	D3	50	80	
109	9.866667	F3	53	62	103	9.875000	F3	53	80	
110	9.968750	A3	57	60	105	10.000000	A3	57	80	
111	9.973958	D5	74	84	104	10.000000	D5	74	80	
112	10.028125	C#5	73	70	*	-1	*	-1	-1	
113	10.079167	F3	53	58	106	10.125000	F3	53	80	
114	10.202083	D3	50	60	107	10.250000	D3	50	80	
115	10.320833	F3	53	64	108	10.375000	F3	53	80	
116	10.413542	G3	55	69	109	10.500000	G3	55	80	
117	10.538542	E3	52	69	110	10.625000	E3	52	80	
118	10.654167	D3	50	61	112	10.750000	D3	50	80	
119	10.662500	G4	67	80	111	10.750000	G4	67	80	
120	10.771875	E3	52	64	113	10.875000	E3	52	80	
121	10.886458	G3	55	59	115	11.000000	G3	55	80	
122	10.889583	C#5	73	80	114	11.000000	C#5	73	80	
123	11.010417	E3	52	57	116	11.125000	E3	52	80	
124	11.120833	C#3	49	61	118	11.250000	C#3	49	80	
125	11.141667	E5	76	76	117	11.250000	E5	76	80	
126	11.247917	E3	52	58	119	11.375000	E3	52	80	
127	11.367708	G3	55	51	121	11.500000	G3	55	80	
128	11.369792	C#5	73	71	120	11.500000	C#5	73	80	
129	11.504167	E3	52	48	122	11.625000	E3	52	80	
130	11.621875	C#3	49	57	124	11.750000	C#3	49	80	
131	11.622917	A4	69	71	123	11.750000	A4	69	80	
132	11.737500	E3	52	56	125	11.875000	E3	52	80	
133	11.861458	D5	74	74	126	12.000000	D5	74	80	
134	11.875000	F3	53	60	127	12.000000	F3	53	80	
135	11.998958	D3	50	62	128	12.125000	D3	50	80	
136	12.116667	C5	72	77	129	12.250000	C5	72	80	
137	12.121875	E3	52	65	130	12.250000	E3	52	80	
138	12.216667	Bb4	70	75	131	12.375000	Bb4	70	80	
139	12.230208	F3	53	70	132	12.375000	F3	53	80	
140	12.335417	G3	55	70	134	12.500000	G3	55	80	
141	12.335417	A4	69	75	133	12.500000	A4	69	80	
142	12.437500	G4	67	75	135	12.625000	G4	67	80	
143	12.454167	A3	57	73	136	12.625000	A3	57	80	
144	12.552083	F4	65	76	137	12.750000	F4	65	80	
145	12.569792	B3	59	69	138	12.750000	B3	59	80	
146	12.669792	E4	64	67	139	12.875000	E4	64	80	
147	12.684375	C#4	61	66	140	12.875000	C#4	61	80	
148	12.776042	F4	65	73	141	13.000000	F4	65	80	
149	12.777083	D4	62	67	142	13.000000	D4	62	80	
150	12.894792	C4	60	67	143	13.125000	C4	60	80	
151	13.007292	B3	59	68	145	13.250000	B3	59	80	
152	13.012500	A4	69	74	144	13.250000	A4	69	80	
153	13.131250	A3	57	65	146	13.375000	A3	57	80	
154	13.247917	B3	59	71	147	13.500000	B3	59	80	
155	13.353125	C4	60	64	149	13.625000	C4	60	80	
156	13.355208	G4	67	71	148	13.625000	G4	67	80	
157	13.468750	A4	69	80	150	13.750000	A4	69	80	
158	13.497917	B3	59	71	151	13.750000	B3	59	80	
159	13.582292	B4	71	77	152	13.875000	B4	71	80	
160	13.593750	A3	57	73	153	13.875000	A3	57	80	
161	13.695833	C5	72	79	154	14.000000	C5	72	80	
162	13.701042	G3	55	68	155	14.000000	G3	55	80	
163	13.788542	F3	53	67	157	14.125000	F3	53	80	
164	13.790625	D5	74	79	156	14.125000	D5	74	80	
165	13.887500	E3	52	62	159	14.250000	E3	52	80	
166	13.897917	E5	76	76	158	14.250000	E5	76	80	
167	13.993750	D3	50	59	161	14.375000	D3	50	80	
168	13.994792	F5	77	76	160	14.375000	F5	77	80	
169	14.086458	E3	52	71	163	14.500000	E3	52	80	
170	14.092708	G5	79	68	162	14.500000	G5	79	80	
171	14.215625	F5	77	71	164	14.625000	F5	77	80	
172	14.319792	E5	76	65	165	14.750000	E5	76	80	
173	14.322917	G3	55	63	166	14.750000	G3	55	80	
174	14.413542	D5	74	67	167	14.875000	D5	74	80	
175	14.557292	E5	76	66	168	15.000000	E5	76	80	
176	14.567708	C3	48	63	169	15.000000	C3	48	80	
177	14.693750	C5	72	68	170	15.125000	C5	72	80	
178	14.804167	Bb4	70	68	171	15.250000	Bb4	70	80	
179	14.816667	D3	50	56	172	15.250000	D3	50	80	
180	14.910417	E3	52	57	174	15.375000	E3	52	80	
181	14.922917	A4	69	63	173	15.375000	A4	69	80	
182	15.008333	F3	53	64	176	15.500000	F3	53	80	
183	15.020833	G4	67	63	175	15.500000	G4	67	80	
184	15.112500	F4	65	67	177	15.625000	F4	65	80	
185	15.115625	G3	55	61	178	15.625000	G3	55	80	
186	15.208333	E4	64	69	179	15.750000	E4	64	80	
187	15.217708	A3	57	57	180	15.750000	A3	57	80	
188	15.310417	D4	62	60	181	15.875000	D4	62	80	
189	15.311458	Bb3	58	62	182	15.875000	Bb3	58	80	
190	15.413542	C4	60	60	184	16.000000	C4	60	80	
191	15.420833	E4	64	67	183	16.000000	E4	64	80	
192	15.555208	Bb3	58	57	185	16.125000	Bb3	58	80	
193	15.662500	A3	57	56	187	16.250000	A3	57	80	
194	15.670833	G4	67	64	186	16.250000	G4	67	80	
195	15.800000	G3	55	54	188	16.375000	G3	55	80	
196	15.920833	A3	57	57	189	16.500000	A3	57	80	
197	16.018750	F4	65	66	190	16.625000	F4	65	80	
198	16.022917	Bb3	58	59	191	16.625000	Bb3	58	80	
199	16.134375	G4	67	66	192	16.750000	G4	67	80	
200	16.147917	A3	57	62	193	16.750000	A3	57	80	
201	16.237500	A4	69	67	194	16.875000	A4	69	80	
202	16.240625	G3	55	59	195	16.875000	G3	55	80	
203	16.338542	Bb4	70	70	196	17.000000	Bb4	70	80	
204	16.342708	F3	53	63	197	17.000000	F3	53	80	
205	16.447917	Eb3	51	63	199	17.125000	Eb3	51	80	
206	16.456250	C5	72	62	198	17.125000	C5	72	80	
207	16.557292	D3	50	57	201	17.250000	D3	50	80	
208	16.570833	D5	74	62	200	17.250000	D5	74	80	
209	16.664583	C3	48	53	203	17.375000	C3	48	80	
210	16.665625	Eb5	75	65	202	17.375000	Eb5	75	80	
211	16.770833	D3	50	63	205	17.500000	D3	50	80	
212	16.777083	F5	77	61	204	17.500000	F5	77	80	
213	16.897917	Eb5	75	64	206	17.625000	Eb5	75	80	
214	16.991667	F3	53	60	208	17.750000	F3	53	80	
215	17.007292	D5	74	58	207	17.750000	D5	74	80	
216	17.122917	C5	72	59	209	17.875000	C5	72	80	
217	17.214583	Bb2	46	75	211	18.000000	Bb2	46	80	
218	17.235417	D5	74	63	210	18.000000	D5	74	80	
219	17.348958	F5	77	61	212	18.125000	F5	77	80	
220	17.453125	Bb3	58	75	214	18.250000	Bb3	58	80	
221	17.473958	D5	74	59	213	18.250000	D5	74	80	
222	17.583333	C4	60	73	216	18.375000	C4	60	80	
223	17.593750	C5	72	63	215	18.375000	C5	72	80	
224	17.689583	D4	62	76	218	18.500000	D4	62	80	
225	17.710417	Bb4	70	64	217	18.500000	Bb4	70	80	
226	17.823958	D5	74	61	219	18.625000	D5	74	80	
227	17.925000	F4	65	69	221	18.750000	F4	65	80	
228	17.945833	Bb4	70	60	220	18.750000	Bb4	70	80	
229	18.051042	A4	69	56	222	18.875000	A4	69	80	
230	18.150000	Bb3	58	55	224	19.000000	Bb3	58	80	
231	18.153125	G4	67	58	223	19.000000	G4	67	80	
232	18.271875	Bb4	70	58	225	19.125000	Bb4	70	80	
233	18.385417	D4	62	58	227	19.250000	D4	62	80	
234	18.387500	G4	67	58	226	19.250000	G4	67	80	
235	18.507292	F4	65	61	228	19.375000	F4	65	80	
236	18.620833	G3	55	57	230	19.500000	G3	55	80	
237	18.620833	E4	64	64	229	19.500000	E4	64	80	
238	18.733333	Bb3	58	64	231	19.625000	Bb3	58	80	
239	18.845833	E5	76	79	232	19.750000	E5	76	80	
240	18.865625	G3	55	64	233	19.750000	G3	55	80	
241	18.953125	F5	77	78	234	19.875000	F5	77	80	
242	18.957292	F3	53	66	235	19.875000	F3	53	80	
243	19.055208	G5	79	86	236	20.000000	G5	79	80	
244	19.063542	E3	52	67	237	20.000000	E3	52	80	
245	19.192708	G3	55	63	238	20.125000	G3	55	80	
246	19.301042	Bb5	82	84	239	20.250000	Bb5	82	80	
247	19.315625	E3	52	66	240	20.250000	E3	52	80	
248	19.423958	D3	50	65	241	20.375000	D3	50	80	
249	19.562500	E5	76	78	242	20.500000	E5	76	80	
250	19.563542	C#3	49	68	243	20.500000	C#3	49	80	
251	19.682292	E3	52	64	244	20.625000	E3	52	80	
252	19.796875	G5	79	65	245	20.750000	G5	79	80	
253	19.801042	C#3	49	65	246	20.750000	C#3	49	80	
254	19.890625	B2	47	66	247	20.875000	B2	47	80	
255	20.012500	A2	45	73	249	21.000000	A2	45	80	
256	20.039583	C#5	73	65	248	21.000000	C#5	73	80	
257	20.155208	G5	79	62	250	21.125000	G5	79	80	
258	20.252083	A3	57	79	252	21.250000	A3	57	80	
259	20.259375	C#5	73	70	251	21.250000	C#5	73	80	
260	20.372917	B4	71	65	253	21.375000	B4	71	80	
261	20.373958	B3	59	73	254	21.375000	B3	59	80	
262	20.487500	C#4	61	76	256	21.500000	C#4	61	80	
263	20.501042	A4	69	67	255	21.500000	A4	69	80	
264	20.633333	E5	76	55	257	21.625000	E5	76	80	
265	20.735417	E4	64	67	259	21.750000	E4	64	80	
266	20.745833	A4	69	59	258	21.750000	A4	69	80	
267	20.857292	G4	67	57	260	21.875000	G4	67	80	
268	20.966667	A3	57	61	262	22.000000	A3	57	80	
269	20.975000	F4	65	59	261	22.000000	F4	65	80	
270	21.102083	C#5	73	51	263	22.125000	C#5	73	80	
271	21.192708	G3	55	54	265	22.250000	G3	55	80	
272	21.192708	F4	65	65	264	22.250000	F4	65	80	
273	21.310417	E4	64	61	266	22.375000	E4	64	80	
274	21.398958	F3	53	65	268	22.500000	F3	53	80	
275	21.403125	D4	62	67	267	22.500000	D4	62	80	
276	21.526042	D4	62	71	269	22.625000	D4	62	80	
277	21.627083	D5	74	80	270	22.750000	D5	74	80	
278	21.638542	F3	53	69	271	22.750000	F3	53	80	
279	21.730208	E3	52	67	273	22.875000	E3	52	80	
280	21.734375	E5	76	80	272	22.875000	E5	76	80	
281	21.832292	F5	77	84	274	23.000000	F5	77	80	
282	21.850000	D3	50	65	275	23.000000	D3	50	80	
283	21.964583	A3	57	67	276	23.125000	A3	57	80	
284	22.076042	A5	81	80	277	23.250000	A5	81	80	
285	22.092708	D3	50	66	278	23.250000	D3	50	80	
286	22.186458	C3	48	62	279	23.375000	C3	48	80	
287	22.310417	Bb2	46	66	281	23.500000	Bb2	46	80	
288	22.315625	D5	74	69	280	23.500000	D5	74	80	
289	22.429167	F3	53	64	282	23.625000	F3	53	80	
290	22.563542	Bb2	46	66	284	23.750000	Bb2	46	80	
291	22.575000	C5	72	60	283	23.750000	C5	72	80	
292	22.660417	A2	45	62	285	23.875000	A2	45	80	
293	22.786458	G2	43	69	287	24.000000	G2	43	80	
294	22.800000	Bb4	70	67	286	24.000000	Bb4	70	80	
295	22.916667	G5	79	64	288	24.125000	G5	79	80	
296	23.028125	G3	55	67	290	24.250000	G3	55	80	
297	23.034375	Bb4	70	69	289	24.250000	Bb4	70	80	
298	23.134375	A3	57	68	292	24.375000	A3	57	80	
299	23.144792	A4	69	63	291	24.375000	A4	69	80	
300	23.248958	Bb3	58	70	294	24.500000	Bb3	58	80	
301	23.264583	G4	67	61	293	24.500000	G4	67	80	
302	23.371875	Bb4	70	61	295	24.625000	Bb4	70	80	
303	23.509375	D4	62	54	297	24.750000	D4	62	80	
304	23.512500	G4	67	56	296	24.750000	G4	67	80	
305	23.623958	F4	65	56	298	24.875000	F4	65	80	
306	23.733333	G3	55	56	300	25.000000	G3	55	80	
307	23.740625	Eb4	63	58	299	25.000000	Eb4	63	80	
308	23.851042	Bb4	70	53	301	25.125000	Bb4	70	80	
309	23.973958	Eb4	63	57	302	25.250000	Eb4	63	80	
310	23.978125	Bb3	58	57	303	25.250000	Bb3	58	80	
311	24.102083	D4	62	51	304	25.375000	D4	62	80	
312	24.215625	A3	57	53	306	25.500000	A3	57	80	
313	24.218750	C#4	61	53	305	25.500000	C#4	61	80	
314	24.340625	A4	69	43	307	25.625000	A4	69	80	
315	24.457292	C#4	61	53	308	25.750000	C#4	61	80	
316	24.465625	E4	64	55	309	25.750000	E4	64	80	
317	24.591667	B3	59	59	310	25.875000	B3	59	80	
318	24.705208	A3	57	51	312	26.000000	A3	57	80	
319	24.711458	C#4	61	50	311	26.000000	C#4	61	80	
320	24.840625	A4	69	34	313	26.125000	A4	69	80	
321	24.947917	C#4	61	54	314	26.250000	C#4	61	80	
322	24.950000	E4	64	49	315	26.250000	E4	64	80	
323	25.070833	A4	69	43	316	26.375000	A4	69	80	
324	25.175000	A3	57	53	318	26.500000	A3	57	80	
325	25.179167	C#4	61	53	317	26.500000	C#4	61	80	
326	25.317708	A4	69	29	319	26.625000	A4	69	80	
327	25.430208	E4	64	51	321	26.750000	E4	64	80	
328	25.433333	C#4	61	54	320	26.750000	C#4	61	80	
329	25.560417	A4	69	47	322	26.875000	A4	69	80	
330	25.679167	G3	55	49	324	27.000000	G3	55	80	
331	25.681250	C#4	61	55	323	27.000000	C#4	61	80	
332	25.794792	A4	69	53	325	27.125000	A4	69	80	
333	25.908333	C#4	61	61	326	27.250000	C#4	61	80	
334	25.912500	E4	64	58	327	27.250000	E4	64	80	
335	26.034375	B3	59	57	328	27.375000	B3	59	80	
336	26.141667	G3	55	55	330	27.500000	G3	55	80	
337	26.141667	C#4	61	60	329	27.500000	C#4	61	80	
338	26.275000	A4	69	37	331	27.625000	A4	69	80	
339	26.395833	C#4	61	52	332	27.750000	C#4	61	80	
340	26.396875	E4	64	51	333	27.750000	E4	64	80	
341	26.538542	A4	69	38	334	27.875000	A4	69	80	
342	26.642708	G3	55	50	336	28.000000	G3	55	80	
343	26.648958	C#4	61	54	335	28.000000	C#4	61	80	
344	26.761458	A4	69	39	337	28.125000	A4	69	80	
345	26.884375	E4	64	55	339	28.250000	E4	64	80	
346	26.887500	C#4	61	60	338	28.250000	C#4	61	80	
347	27.003125	A4	69	46	340	28.375000	A4	69	80	
348	27.104167	F3	53	55	342	28.500000	F3	53	80	
349	27.118750	D4	62	64	341	28.500000	D4	62	80	
350	27.248958	A4	69	54	343	28.625000	A4	69	80	
351	27.345833	F4	65	56	345	28.750000	F4	65	80	
352	27.371875	D4	62	59	344	28.750000	D4	62	80	
353	27.479167	C#4	61	59	346	28.875000	C#4	61	80	
354	27.600000	F3	53	56	348	29.000000	F3	53	80	
355	27.601042	D4	62	66	347	29.000000	D4	62	80	
356	27.741667	A4	69	54	349	29.125000	A4	69	80	
357	27.850000	F4	65	58	351	29.250000	F4	65	80	
358	27.856250	D4	62	55	350	29.250000	D4	62	80	
359	27.972917	A4	69	53	352	29.375000	A4	69	80	
360	28.092708	F3	53	60	354	29.500000	F3	53	80	
361	28.093750	D4	62	58	353	29.500000	D4	62	80	
362	28.218750	A4	69	53	355	29.625000	A4	69	80	
363	28.328125	F4	65	54	357	29.750000	F4	65	80	
364	28.336458	D4	62	57	356	29.750000	D4	62	80	
365	28.446875	A4	69	55	358	29.875000	A4	69	80	
366	28.565625	C#4	61	67	360	30.000000	C#4	61	80	
367	28.573958	E4	64	60	359	30.000000	E4	64	80	
368	28.693750	A4	69	56	361	30.125000	A4	69	80	
369	28.800000	G4	67	66	363	30.250000	G4	67	80	
370	28.827083	E4	64	53	362	30.250000	E4	64	80	
371	28.928125	D4	62	57	364	30.375000	D4	62	80	
372	29.013542	C#4	61	60	366	30.500000	C#4	61	80	
373	29.038542	E4	64	57	365	30.500000	E4	64	80	
374	29.155208	A4	69	56	367	30.625000	A4	69	80	
375	29.253125	G4	67	63	369	30.750000	G4	67	80	
376	29.273958	E4	64	57	368	30.750000	E4	64	80	
377	29.385417	A4	69	55	370	30.875000	A4	69	80	
378	29.516667	C#4	61	51	372	31.000000	C#4	61	80	
379	29.521875	E4	64	54	371	31.000000	E4	64	80	
380	29.634375	A4	69	51	373	31.125000	A4	69	80	
381	29.747917	E4	64	51	374	31.250000	E4	64	80	
382	29.755208	G4	67	50	375	31.250000	G4	67	80	
383	29.869792	A4	69	47	376	31.375000	A4	69	80	
384	29.981250	F4	65	55	377	31.500000	F4	65	80	
385	29.994792	D4	62	49	378	31.500000	D4	62	80	
386	30.044792	A4	69	58	379	31.562500	A4	69	80	
387	30.127083	B4	71	63	380	31.625000	B4	71	80	
388	30.183333	C#5	73	60	381	31.687500	C#5	73	80	
389	30.267708	F4	65	46	383	31.750000	F4	65	80	
390	30.284375	D5	74	61	382	31.750000	D5	74	80	
391	30.416667	A4	69	52	384	31.875000	A4	69	80	
392	30.505208	D4	62	58	386	32.000000	D4	62	80	
393	30.533333	F4	65	59	385	32.000000	F4	65	80	
394	30.639583	A4	69	56	387	32.125000	A4	69	80	
395	30.746875	F4	65	66	389	32.250000	F4	65	80	
396	30.747917	D5	74	66	388	32.250000	D5	74	80	
397	30.883333	A4	69	56	390	32.375000	A4	69	80	
398	30.984375	F4	65	64	391	32.500000	F4	65	80	
399	30.991667	D4	62	56	392	32.500000	D4	62	80	
400	31.102083	A4	69	53	393	32.625000	A4	69	80	
401	31.213542	D5	74	60	394	32.750000	D5	74	80	
402	31.233333	F4	65	53	395	32.750000	F4	65	80	
403	31.328125	A4	69	58	396	32.875000	A4	69	80	
404	31.432292	F#4	66	66	397	33.000000	F#4	66	80	
405	31.442708	C4	60	63	398	33.000000	C4	60	80	
406	31.570833	D5	74	64	399	33.125000	D5	74	80	
407	31.682292	F#4	66	64	400	33.250000	F#4	66	80	
408	31.695833	A4	69	70	401	33.250000	A4	69	80	
409	31.800000	E4	64	67	402	33.375000	E4	64	80	
410	31.915625	F#4	66	73	403	33.500000	F#4	66	80	
411	31.918750	C4	60	70	404	33.500000	C4	60	80	
412	32.041667	D5	74	63	405	33.625000	D5	74	80	
413	32.163542	F#4	66	67	406	33.750000	F#4	66	80	
414	32.172917	A4	69	63	407	33.750000	A4	69	80	
415	32.294792	D5	74	65	408	33.875000	D5	74	80	
416	32.391667	F#4	66	74	409	34.000000	F#4	66	80	
417	32.398958	C4	60	65	410	34.000000	C4	60	80	
418	32.537500	D5	74	62	411	34.125000	D5	74	80	
419	32.645833	F#4	66	70	412	34.250000	F#4	66	80	
420	32.658333	A4	69	68	413	34.250000	A4	69	80	
421	32.750000	D5	74	66	414	34.375000	D5	74	80	
422	32.865625	G4	67	78	415	34.500000	G4	67	80	
423	32.866667	B3	59	73	416	34.500000	B3	59	80	
424	32.922917	A4	69	69	417	34.562500	A4	69	80	
425	33.001042	B4	71	70	418	34.625000	B4	71	80	
426	33.064583	C5	72	73	419	34.687500	C5	72	80	
427	33.097917	G4	67	73	421	34.750000	G4	67	80	
428	33.127083	D5	74	77	420	34.750000	D5	74	80	
429	33.229167	B4	71	73	422	34.875000	B4	71	80	
430	33.321875	B3	59	78	424	35.000000	B3	59	80	
431	33.335417	G4	67	79	423	35.000000	G4	67	80	
432	33.464583	B4	71	74	425	35.125000	B4	71	80	
433	33.583333	G4	67	78	427	35.250000	G4	67	80	
434	33.588542	D5	74	79	426	35.250000	D5	74	80	
435	33.703125	B4	71	68	428	35.375000	B4	71	80	
436	33.812500	B3	59	81	430	35.500000	B3	59	80	
437	33.821875	G4	67	78	429	35.500000	G4	67	80	
438	33.941667	B4	71	70	431	35.625000	B4	71	80	
439	34.059375	D5	74	76	432	35.750000	D5	74	80	
440	34.060417	G4	67	79	433	35.750000	G4	67	80	
441	34.182292	B4	71	71	434	35.875000	B4	71	80	
442	34.283333	E4	64	78	436	36.000000	E4	64	80	
443	34.288542	G#4	68	82	435	36.000000	G#4	68	80	
444	34.407292	D5	74	76	437	36.125000	D5	74	80	
445	34.548958	G#4	68	78	438	36.250000	G#4	68	80	
446	34.550000	B4	71	76	439	36.250000	B4	71	80	
447	34.659375	F#4	66	80	440	36.375000	F#4	66	80	
448	34.761458	E4	64	72	442	36.500000	E4	64	80	
449	34.778125	G#4	68	78	441	36.500000	G#4	68	80	
450	34.891667	D5	74	74	443	36.625000	D5	74	80	
451	35.009375	B4	71	73	445	36.750000	B4	71	80	
452	35.011458	G#4	68	82	444	36.750000	G#4	68	80	
453	35.126042	D5	74	77	446	36.875000	D5	74	80	
454	35.238542	E4	64	75	448	37.000000	E4	64	80	
455	35.245833	G#4	68	85	447	37.000000	G#4	68	80	
456	35.351042	D5	74	81	449	37.125000	D5	74	80	
457	35.464583	B4	71	70	451	37.250000	B4	71	80	
458	35.470833	G#4	68	86	450	37.250000	G#4	68	80	
459	35.591667	D5	74	86	452	37.375000	D5	74	80	
460	35.720833	A3	57	75	454	37.500000	A3	57	80	
461	35.732292	C5	72	88	453	37.500000	C5	72	80	
462	35.878125	A4	69	79	455	37.625000	A4	69	80	
463	35.990625	G4	67	79	456	37.750000	G4	67	80	
464	36.109375	F4	65	76	457	37.875000	F4	65	80	
465	36.234375	E4	64	75	458	38.000000	E4	64	80	
466	36.363542	D4	62	73	459	38.125000	D4	62	80	
467	36.480208	C4	60	73	460	38.250000	C4	60	80	
468	36.614583	B3	59	74	461	38.375000	B3	59	80	
469	36.733333	A3	57	74	462	38.500000	A3	57	80	
470	36.844792	C4	60	73	463	38.625000	C4	60	80	
471	36.977083	B3	59	68	464	38.750000	B3	59	80	
472	37.073958	A3	57	72	465	38.875000	A3	57	80	
473	37.184375	F4	65	76	466	39.000000	F4	65	80	
474	37.300000	D4	62	73	467	39.125000	D4	62	80	
475	37.417708	A3	57	68	469	39.250000	A3	57	80	
476	37.422917	A4	69	80	468	39.250000	A4	69	80	
477	37.558333	D4	62	68	470	39.375000	D4	62	80	
478	37.670833	F4	65	71	472	39.500000	F4	65	80	
479	37.673958	D5	74	87	471	39.500000	D5	74	80	
480	37.802083	D4	62	68	473	39.625000	D4	62	80	
481	37.913542	F5	77	84	474	39.750000	F5	77	80	
482	37.918750	A3	57	65	475	39.750000	A3	57	80	
483	38.038542	D4	62	67	476	39.875000	D4	62	80	
484	38.162500	F4	65	66	478	40.000000	F4	65	80	
485	38.169792	A5	81	81	477	40.000000	A5	81	80	
486	38.202083	G#5	80	82	*	-1	*	-1	-1	
487	38.276042	A5	81	82	*	-1	*	-1	-1	
488	38.288542	D4	62	63	479	40.125000	D4	62	80	
489	38.390625	A3	57	65	480	40.250000	A3	57	80	
490	38.533333	D4	62	67	481	40.375000	D4	62	80	
491	38.622917	E4	64	74	482	40.500000	E4	64	80	
492	38.743750	D4	62	72	483	40.625000	D4	62	80	
493	38.852083	A3	57	70	485	40.750000	A3	57	80	
494	38.862500	A4	69	78	484	40.750000	A4	69	80	
495	38.982292	D4	62	68	486	40.875000	D4	62	80	
496	39.091667	E4	64	71	488	41.000000	E4	64	80	
497	39.096875	C5	72	79	487	41.000000	C5	72	80	
498	39.210417	C4	60	67	489	41.125000	C4	60	80	
499	39.329167	E5	76	84	490	41.250000	E5	76	80	
500	39.331250	A3	57	67	491	41.250000	A3	57	80	
501	39.443750	C4	60	67	492	41.375000	C4	60	80	
502	39.579167	E4	64	66	494	41.500000	E4	64	80	
503	39.587500	A5	81	86	493	41.500000	A5	81	80	
504	39.646875	G#5	80	75	*	-1	*	-1	-1	
505	39.689583	C4	60	64	495	41.625000	C4	60	80	
506	39.712500	A5	81	79	*	-1	*	-1	-1	
507	39.801042	A3	57	65	496	41.750000	A3	57	80	
508	39.926042	C4	60	68	497	41.875000	C4	60	80	
509	40.022917	D4	62	75	498	42.000000	D4	62	80	
510	40.135417	B3	59	74	499	42.125000	B3	59	80	
511	40.244792	A3	57	68	501	42.250000	A3	57	80	
512	40.253125	D5	74	87	500	42.250000	D5	74	80	
513	40.372917	B3	59	73	502	42.375000	B3	59	80	
514	40.503125	D4	62	68	504	42.500000	D4	62	80	
515	40.506250	G#5	80	89	503	42.500000	G#5	80	80	
516	40.631250	B3	59	72	505	42.625000	B3	59	80	
517	40.742708	G#3	56	68	507	42.750000	G#3	56	80	
518	40.743750	B5	83	88	506	42.750000	B5	83	80	
519	40.861458	B3	59	70	508	42.875000	B3	59	80	
520	40.975000	D4	62	66	510	43.000000	D4	62	80	
521	40.985417	G#5	80	81	509	43.000000	G#5	80	80	
522	41.107292	B3	59	66	511	43.125000	B3	59	80	
523	41.210417	G#3	56	65	513	43.250000	G#3	56	80	
524	41.223958	E5	76	69	512	43.250000	E5	76	80	
525	41.332292	B3	59	68	514	43.375000	B3	59	80	
526	41.446875	A5	81	80	515	43.500000	A5	81	80	
527	41.457292	C4	60	73	516	43.500000	C4	60	80	
528	41.737500	A2	45	75	518	43.750000	A2	45	80	
529	41.748958	G5	79	71	517	43.750000	G5	79	80	
530	41.862500	F5	77	71	519	43.875000	F5	77	80	
531	41.987500	E5	76	68	520	44.000000	E5	76	80	
532	41.988542	C3	48	64	521	44.000000	C3	48	80	
533	42.096875	D5	74	69	522	44.125000	D5	74	80	
534	42.210417	E3	52	66	524	44.250000	E3	52	80	
535	42.219792	C5	72	69	523	44.250000	C5	72	80	
536	42.338542	B4	71	63	525	44.375000	B4	71	80	
537	42.439583	A3	57	71	527	44.500000	A3	57	80	
538	42.451042	A4	69	65	526	44.500000	A4	69	80	
539	42.575000	C5	72	66	528	44.625000	C5	72	80	
540	42.680208	C4	60	68	530	44.750000	C4	60	80	
541	42.694792	B4	71	63	529	44.750000	B4	71	80	
542	42.821875	A4	69	61	531	44.875000	A4	69	80	
543	42.912500	D4	62	77	533	45.000000	D4	62	80	
544	42.926042	F5	77	71	532	45.000000	F5	77	80	
545	43.037500	D5	74	62	534	45.125000	D5	74	80	
546	43.153125	F4	65	68	536	45.250000	F4	65	80	
547	43.168750	A4	69	62	535	45.250000	A4	69	80	
548	43.281250	D5	74	62	537	45.375000	D5	74	80	
549	43.394792	F5	77	57	538	45.500000	F5	77	80	
550	43.401042	A3	57	54	539	45.500000	A3	57	80	
551	43.519792	D5	74	57	540	45.625000	D5	74	80	
552	43.635417	D4	62	68	542	45.750000	D4	62	80	
553	43.642708	A4	69	59	541	45.750000	A4	69	80	
554	43.761458	D5	74	56	543	45.875000	D5	74	80	
555	43.877083	D3	50	66	545	46.000000	D3	50	80	
556	43.885417	F5	77	56	544	46.000000	F5	77	80	
557	44.005208	D5	74	57	546	46.125000	D5	74	80	
558	44.125000	B3	59	64	548	46.250000	B3	59	80	
559	44.136458	A4	69	53	547	46.250000	A4	69	80	
560	44.244792	D5	74	60	549	46.375000	D5	74	80	
561	44.363542	C4	60	64	551	46.500000	C4	60	80	
562	44.368750	E5	76	58	550	46.500000	E5	76	80	
563	44.470833	D5	74	58	552	46.625000	D5	74	80	
564	44.619792	E4	64	64	554	46.750000	E4	64	80	
565	44.619792	A4	69	60	553	46.750000	A4	69	80	
566	44.732292	D5	74	60	555	46.875000	D5	74	80	
567	44.854167	A3	57	65	557	47.000000	A3	57	80	
568	44.858333	E5	76	57	556	47.000000	E5	76	80	
569	44.965625	C5	72	54	558	47.125000	C5	72	80	
570	45.089583	C4	60	64	560	47.250000	C4	60	80	
571	45.096875	A4	69	58	559	47.250000	A4	69	80	
572	45.212500	C5	72	52	561	47.375000	C5	72	80	
573	45.325000	E5	76	58	562	47.500000	E5	76	80	
574	45.450000	C5	72	54	564	47.625000	C5	72	80	
575	45.578125	A3	57	67	566	47.750000	A3	57	80	
576	45.579167	A4	69	63	565	47.750000	A4	69	80	
577	45.693750	C5	72	59	567	47.875000	C5	72	80	
578	45.794792	B3	59	77	569	48.000000	B3	59	80	
579	45.809375	D5	74	66	568	48.000000	D5	74	80	
580	45.941667	B4	71	63	570	48.125000	B4	71	80	
581	46.030208	D4	62	69	572	48.250000	D4	62	80	
582	46.050000	A4	69	65	571	48.250000	A4	69	80	
583	46.159375	B4	71	65	573	48.375000	B4	71	80	
584	46.255208	G#3	56	77	575	48.500000	G#3	56	80	
585	46.267708	D5	74	70	574	48.500000	D5	74	80	
586	46.379167	B4	71	68	576	48.625000	B4	71	80	
587	46.498958	B3	59	81	578	48.750000	B3	59	80	
588	46.514583	G#4	68	73	577	48.750000	G#4	68	80	
589	46.635417	B4	71	73	579	48.875000	B4	71	80	
590	46.739583	E4	64	78	581	49.000000	E4	64	80	
591	46.758333	D5	74	77	580	49.000000	D5	74	80	
592	46.879167	B4	71	73	582	49.125000	B4	71	80	
593	46.983333	E3	52	72	584	49.250000	E3	52	80	
594	46.987500	G#4	68	77	583	49.250000	G#4	68	80	
595	47.101042	B4	71	77	585	49.375000	B4	71	80	
596	47.222917	C5	72	81	586	49.500000	C5	72	80	
597	47.238542	A3	57	67	587	49.500000	A3	57	80	
598	47.350000	A4	69	75	588	49.625000	A4	69	80	
599	47.460417	G4	67	76	589	49.750000	G4	67	80	
600	47.588542	F4	65	73	590	49.875000	F4	65	80	
601	47.716667	E4	64	79	591	50.000000	E4	64	80	
602	47.821875	D4	62	73	592	50.125000	D4	62	80	
603	47.941667	C4	60	71	593	50.250000	C4	60	80	
604	48.033333	B3	59	69	594	50.375000	B3	59	80	
605	48.148958	A3	57	66	595	50.500000	A3	57	80	
606	48.253125	C4	60	66	596	50.625000	C4	60	80	
607	48.352083	E3	52	63	597	50.750000	E3	52	80	
608	48.473958	G3	55	61	598	50.875000	G3	55	80	
609	48.590625	F#3	54	65	599	51.000000	F#3	54	80	
610	48.716667	Eb5	75	68	600	51.125000	Eb5	75	80	
611	48.816667	A4	69	71	602	51.250000	A4	69	80	
612	48.825000	D5	74	70	601	51.250000	D5	74	80	
613	48.938542	C5	72	63	603	51.375000	C5	72	80	
614	49.056250	C5	72	70	605	51.500000	C5	72	80	
615	49.066667	F#5	78	66	604	51.500000	F#5	78	80	
616	49.190625	Eb5	75	62	606	51.625000	Eb5	75	80	
617	49.311458	D5	74	62	607	51.750000	D5	74	80	
618	49.318750	A4	69	55	608	51.750000	A4	69	80	
619	49.421875	C5	72	60	609	51.875000	C5	72	80	
620	49.543750	A5	81	66	610	52.000000	A5	81	80	
621	49.547917	F#4	66	55	611	52.000000	F#4	66	80	
622	49.653125	Eb5	75	64	612	52.125000	Eb5	75	80	
623	49.779167	D4	62	47	614	52.250000	D4	62	80	
624	49.781250	D5	74	58	613	52.250000	D5	74	80	
625	49.898958	C5	72	51	615	52.375000	C5	72	80	
626	50.009375	Bb4	70	64	616	52.500000	Bb4	70	80	
627	50.010417	G4	67	57	617	52.500000	G4	67	80	
628	50.125000	G5	79	60	618	52.625000	G5	79	80	
629	50.236458	G3	55	59	620	52.750000	G3	55	80	
630	50.243750	F5	77	63	619	52.750000	F5	77	80	
631	50.345833	Eb5	75	69	621	52.875000	Eb5	75	80	
632	50.465625	D5	74	68	622	53.000000	D5	74	80	
633	50.471875	Bb3	58	53	623	53.000000	Bb3	58	80	
634	50.608333	C5	72	63	624	53.125000	C5	72	80	
635	50.705208	D4	62	54	626	53.250000	D4	62	80	
636	50.714583	Bb4	70	65	625	53.250000	Bb4	70	80	
637	50.843750	A4	69	60	627	53.375000	A4	69	80	
638	50.948958	G4	67	56	629	53.500000	G4	67	80	
639	50.957292	C5	72	66	628	53.500000	C5	72	80	
640	51.063542	Bb4	70	63	630	53.625000	Bb4	70	80	
641	51.178125	A4	69	56	631	53.750000	A4	69	80	
642	51.196875	F4	65	53	632	53.750000	F4	65	80	
643	51.283333	G4	67	63	633	53.875000	G4	67	80	
644	51.402083	E4	64	65	635	54.000000	E4	64	80	
645	51.402083	C5	72	69	634	54.000000	C5	72	80	
646	51.528125	C#4	61	62	636	54.125000	C#4	61	80	
647	51.651042	C4	60	58	638	54.250000	C4	60	80	
648	51.653125	E5	76	80	637	54.250000	E5	76	80	
649	51.770833	Bb3	58	58	639	54.375000	Bb3	58	80	
650	51.885417	B4	71	79	640	54.500000	B4	71	80	
651	51.891667	F4	65	60	641	54.500000	F4	65	80	
652	52.016667	C#4	61	60	642	54.625000	C#4	61	80	
653	52.129167	F5	77	79	643	54.750000	F5	77	80	
654	52.145833	C4	60	64	644	54.750000	C4	60	80	
655	52.260417	Bb3	58	61	645	54.875000	Bb3	58	80	
656	52.363542	G4	67	61	647	55.000000	G4	67	80	
657	52.364583	Bb4	70	69	646	55.000000	Bb4	70	80	
658	52.497917	C#4	61	63	648	55.125000	C#4	61	80	
659	52.607292	G5	79	80	649	55.250000	G5	79	80	
660	52.618750	C4	60	61	650	55.250000	C4	60	80	
661	52.722917	Bb3	58	68	651	55.375000	Bb3	58	80	
662	52.862500	A3	57	63	652	55.500000	A3	57	80	
663	52.973958	F4	65	64	654	55.625000	F4	65	80	
664	52.976042	D5	74	72	653	55.625000	D5	74	80	
665	53.076042	C5	72	79	655	55.750000	C5	72	80	
666	53.090625	E4	64	69	656	55.750000	E4	64	80	
667	53.186458	Bb4	70	77	657	55.875000	Bb4	70	80	
668	53.188542	D4	62	69	658	55.875000	D4	62	80	
669	53.295833	A4	69	80	659	56.000000	A4	69	80	
670	53.298958	C4	60	76	660	56.000000	C4	60	80	
671	53.403125	G5	79	78	661	56.125000	G5	79	80	
672	53.412500	Bb3	58	68	662	56.125000	Bb3	58	80	
673	53.526042	A3	57	65	664	56.250000	A3	57	80	
674	53.537500	F5	77	75	663	56.250000	F5	77	80	
675	53.645833	E5	76	76	665	56.375000	E5	76	80	
676	53.647917	G3	55	63	666	56.375000	G3	55	80	
677	53.745833	Bb3	58	66	668	56.500000	Bb3	58	80	
678	53.758333	D5	74	79	667	56.500000	D5	74	80	
679	53.862500	A3	57	66	670	56.625000	A3	57	80	
680	53.865625	Bb5	82	74	669	56.625000	Bb5	82	80	
681	53.973958	G3	55	62	672	56.750000	G3	55	80	
682	53.979167	E5	76	66	671	56.750000	E5	76	80	
683	54.080208	F3	53	59	674	56.875000	F3	53	80	
684	54.095833	D5	74	68	673	56.875000	D5	74	80	
685	54.184375	E3	52	64	676	57.000000	E3	52	80	
686	54.202083	C#5	73	70	675	57.000000	C#5	73	80	
687	54.317708	G4	67	58	678	57.125000	G4	67	80	
688	54.319792	Bb4	70	63	677	57.125000	Bb4	70	80	
689	54.420833	F4	65	63	680	57.250000	F4	65	80	
690	54.425000	A4	69	68	679	57.250000	A4	69	80	
691	54.554167	G4	67	63	681	57.375000	G4	67	80	
692	54.556250	E4	64	57	682	57.375000	E4	64	80	
693	54.662500	D5	74	68	683	57.500000	D5	74	80	
694	54.667708	D4	62	62	684	57.500000	D4	62	80	
695	54.787500	Bb4	70	62	685	57.625000	Bb4	70	80	
696	54.805208	G4	67	44	686	57.625000	G4	67	80	
697	54.897917	F4	65	55	688	57.750000	F4	65	80	
698	54.904167	A4	69	61	687	57.750000	A4	69	80	
699	55.013542	G4	67	57	689	57.875000	G4	67	80	
700	55.017708	E4	64	55	690	57.875000	E4	64	80	
701	55.122917	C#4	61	59	692	58.000000	C#4	61	80	
702	55.144792	E5	76	65	691	58.000000	E5	76	80	
703	55.256250	G4	67	56	694	58.125000	G4	67	80	
704	55.265625	Bb4	70	63	693	58.125000	Bb4	70	80	
705	55.351042	F4	65	55	696	58.250000	F4	65	80	
706	55.386458	A4	69	59	695	58.250000	A4	69	80	
707	55.454167	E4	64	60	698	58.375000	E4	64	80	
708	55.503125	G4	67	60	697	58.375000	G4	67	80	
709	55.587500	D3	50	66	700	58.500000	D4	62	80	
710	55.608333	F4	65	68	699	58.500000	F4	65	80	
711	55.735417	Eb4	63	56	701	58.625000	Eb4	63	80	
712	55.862500	D4	62	64	703	58.750000	D4	62	80	
713	55.868750	F#4	66	72	702	58.750000	F#4	66	80	
714	55.985417	C4	60	61	704	58.875000	C4	60	80	
715	56.095833	Bb3	58	65	706	59.000000	Bb3	58	80	
716	56.103125	G4	67	73	705	59.000000	G4	67	80	
717	56.231250	C4	60	67	707	59.125000	C4	60	80	
718	56.353125	A4	69	75	708	59.250000	A4	69	80	
719	56.355208	Bb3	58	65	709	59.250000	Bb3	58	80	
720	56.454167	A3	57	67	710	59.375000	A3	57	80	
721	56.607292	G3	55	69	712	59.500000	G3	55	80	
722	56.609375	Bb4	70	79	711	59.500000	Bb4	70	80	
723	56.745833	A3	57	71	713	59.625000	A3	57	80	
724	56.861458	B4	71	79	714	59.750000	B4	71	80	
725	56.865625	G3	55	73	715	59.750000	G3	55	80	
726	56.969792	F3	53	70	716	59.875000	F3	53	80	
727	57.104167	E3	52	71	718	60.000000	E3	52	80	
728	57.112500	C5	72	78	717	60.000000	C5	72	80	
729	57.221875	Bb3	58	70	719	60.125000	Bb3	58	80	
730	57.342708	C#5	73	81	720	60.250000	C#5	73	80	
731	57.356250	A3	57	76	721	60.250000	A3	57	80	
732	57.505208	G3	55	57	722	60.375000	G3	55	80	
733	57.530208	F3	53	43	*	-1	*	-1	-1	
734	57.612500	D5	74	83	723	60.500000	D5	74	80	
735	57.621875	F3	53	51	724	60.500000	F3	53	80	
736	57.732292	G3	55	73	725	60.625000	G3	55	80	
737	57.842708	E5	76	80	726	60.750000	E5	76	80	
738	57.844792	F3	53	75	727	60.750000	F3	53	80	
739	57.948958	E3	52	71	728	60.875000	E3	52	80	
740	58.083333	D3	50	73	730	61.000000	D3	50	80	
741	58.094792	F5	77	82	729	61.000000	F5	77	80	
742	58.198958	Eb3	51	72	731	61.125000	Eb3	51	80	
743	58.321875	D3	50	79	733	61.250000	D3	50	80	
744	58.329167	F#5	78	82	732	61.250000	F#5	78	80	
745	58.444792	C3	48	75	734	61.375000	C3	48	80	
746	58.561458	Bb2	46	85	736	61.500000	Bb2	46	80	
747	58.572917	G5	79	84	735	61.500000	G5	79	80	
748	58.709375	D5	74	80	737	61.625000	D5	74	80	
749	58.822917	G2	43	81	739	61.750000	G2	43	80	
750	58.826042	Bb5	82	80	738	61.750000	Bb5	82	80	
751	58.951042	A5	81	74	740	61.875000	A5	81	80	
752	59.050000	Bb2	46	76	742	62.000000	Bb2	46	80	
753	59.061458	G5	79	75	741	62.000000	G5	79	80	
754	59.184375	F5	77	75	743	62.125000	F5	77	80	
755	59.288542	D3	50	77	745	62.250000	D3	50	80	
756	59.293750	E5	76	76	744	62.250000	E5	76	80	
757	59.401042	D5	74	73	746	62.375000	D5	74	80	
758	59.515625	G3	55	79	748	62.500000	G3	55	80	
759	59.540625	C#5	73	74	747	62.500000	C#5	73	80	
760	59.572917	F3	53	74	*	-1	*	-1	-1	
761	59.645833	G3	55	69	*	-1	*	-1	-1	
762	59.656250	D5	74	73	749	62.625000	D5	74	80	
763	59.787500	E5	76	73	750	62.750000	E5	76	80	
764	59.892708	C#5	73	76	751	62.875000	C#5	73	80	
765	60.007292	A4	69	81	752	63.000000	A4	69	80	
766	60.142708	G3	55	73	753	63.125000	G3	55	80	
767	60.248958	A2	45	71	755	63.250000	A2	45	80	
768	60.252083	E4	64	80	754	63.250000	E4	64	80	
769	60.359375	G2	43	71	756	63.375000	G2	43	80	
770	60.496875	A4	69	82	757	63.500000	A4	69	80	
771	60.504167	A2	45	72	758	63.500000	A2	45	80	
772	60.607292	G3	55	70	759	63.625000	G3	55	80	
773	60.735417	A2	45	73	761	63.750000	A2	45	80	
774	60.744792	C#5	73	78	760	63.750000	C#5	73	80	
775	60.848958	G3	55	69	762	63.875000	G3	55	80	
776	60.963542	E5	76	81	763	64.000000	E5	76	80	
777	60.984375	A2	45	72	764	64.000000	A2	45	80	
778	61.012500	D5	74	83	*	-1	*	-1	-1	
779	61.092708	G3	55	70	765	64.125000	G3	55	80	
780	61.098958	E5	76	65	*	-1	*	-1	-1	
781	61.216667	A2	45	71	766	64.250000	A2	45	80	
782	61.313542	G3	55	69	767	64.375000	G3	55	80	
783	61.425000	A2	45	68	768	64.500000	A2	45	80	
784	61.552083	F3	53	65	770	64.625000	F3	53	80	
785	61.555208	A4	69	67	769	64.625000	A4	69	80	
786	61.662500	A2	45	67	772	64.750000	A2	45	80	
787	61.675000	F4	65	69	771	64.750000	F4	65	80	
788	61.773958	G2	43	64	774	64.875000	G2	43	80	
789	61.800000	A4	69	69	773	64.875000	A4	69	80	
790	61.896875	A2	45	64	776	65.000000	A2	45	80	
791	61.905208	D5	74	70	775	65.000000	D5	74	80	
792	62.018750	F3	53	56	778	65.125000	F3	53	80	
793	62.020833	A4	69	66	777	65.125000	A4	69	80	
794	62.130208	A2	45	61	780	65.250000	A2	45	80	
795	62.130208	F4	65	65	779	65.250000	F4	65	80	
796	62.252083	F3	53	53	782	65.375000	F3	53	80	
797	62.253125	A4	69	61	781	65.375000	A4	69	80	
798	62.339583	D5	74	68	783	65.500000	D5	74	80	
799	62.373958	A2	45	62	784	65.500000	A2	45	80	
800	62.395833	C5	72	66	*	-1	*	-1	-1	
801	62.466667	D5	74	66	*	-1	*	-1	-1	
802	62.473958	F3	53	59	785	65.625000	F3	53	80	
803	62.621875	A2	45	55	786	65.750000	A2	45	80	
804	62.744792	F3	53	55	787	65.875000	F3	53	80	
805	62.833333	A2	45	58	788	66.000000	A2	45	80	
806	62.951042	G4	67	54	789	66.125000	G4	67	80	
807	62.966667	E3	52	55	790	66.125000	E3	52	80	
808	63.070833	E4	64	60	791	66.250000	E4	64	80	
809	63.096875	A2	45	56	792	66.250000	A2	45	80	
810	63.200000	G4	67	57	793	66.375000	G4	67	80	
811	63.203125	G2	43	54	794	66.375000	G2	43	80	
812	63.315625	C5	72	58	795	66.500000	C5	72	80	
813	63.321875	A2	45	52	796	66.500000	A2	45	80	
814	63.436458	G4	67	55	797	66.625000	G4	67	80	
815	63.440625	E3	52	44	798	66.625000	E3	52	80	
816	63.552083	A2	45	51	800	66.750000	A2	45	80	
817	63.567708	E4	64	53	799	66.750000	E4	64	80	
818	63.660417	E3	52	48	802	66.875000	E3	52	80	
819	63.671875	G4	67	51	801	66.875000	G4	67	80	
820	63.786458	C5	72	62	803	67.000000	C5	72	80	
821	63.792708	A2	45	50	804	67.000000	A2	45	80	
822	63.828125	Bb4	70	65	*	-1	*	-1	-1	
823	63.903125	E3	52	50	805	67.125000	E3	52	80	
824	63.915625	C5	72	61	*	-1	*	-1	-1	
825	64.021875	A2	45	55	806	67.250000	A2	45	80	
826	64.147917	E3	52	50	807	67.375000	E3	52	80	
827	64.284375	A2	45	46	808	67.500000	A2	45	80	
828	64.382292	F4	65	55	809	67.625000	F4	65	80	
829	64.394792	D3	50	45	810	67.625000	D3	50	80	
830	64.517708	F3	53	57	812	67.750000	F3	53	80	
831	64.523958	D4	62	63	811	67.750000	D4	62	80	
832	64.628125	D3	50	60	814	67.875000	D3	50	80	
833	64.632292	F4	65	65	813	67.875000	F4	65	80	
834	64.746875	A2	45	57	816	68.000000	A2	45	80	
835	64.747917	Bb4	70	67	815	68.000000	Bb4	70	80	
836	64.858333	F4	65	66	817	68.125000	F4	65	80	
837	64.879167	D3	50	62	818	68.125000	D3	50	80	
838	64.977083	D4	62	67	819	68.250000	D4	62	80	
839	64.978125	F3	53	63	820	68.250000	F3	53	80	
840	65.077083	A3	57	63	822	68.375000	A3	57	80	
841	65.093750	F4	65	67	821	68.375000	F4	65	80	
842	65.181250	G2	43	70	824	68.500000	G2	43	80	
843	65.192708	Bb4	70	68	823	68.500000	Bb4	70	80	
844	65.304167	E3	52	62	826	68.625000	E3	52	80	
845	65.310417	G4	67	64	825	68.625000	G4	67	80	
846	65.413542	E4	64	63	827	68.750000	E4	64	80	
847	65.417708	G3	55	67	828	68.750000	G3	55	80	
848	65.537500	G4	67	59	829	68.875000	G4	67	80	
849	65.544792	Bb3	58	66	830	68.875000	Bb3	58	80	
850	65.653125	C#4	61	68	831	69.000000	C#4	61	80	
851	65.661458	G3	55	61	832	69.000000	G3	55	80	
852	65.779167	A4	69	64	833	69.125000	A4	69	80	
853	65.882292	C#3	49	71	835	69.250000	C#3	49	80	
854	65.909375	Bb4	70	62	834	69.250000	Bb4	70	80	
855	66.028125	A4	69	61	836	69.375000	A4	69	80	
856	66.135417	E3	52	59	838	69.500000	E3	52	80	
857	66.151042	C#4	61	58	837	69.500000	C#4	61	80	
858	66.277083	A4	69	53	839	69.625000	A4	69	80	
859	66.386458	G2	43	63	841	69.750000	G2	43	80	
860	66.398958	Bb4	70	57	840	69.750000	Bb4	70	80	
861	66.537500	A4	69	55	842	69.875000	A4	69	80	
862	66.648958	C#4	61	61	843	70.000000	C#4	61	80	
863	66.767708	Bb2	46	62	844	70.125000	Bb2	46	80	
864	66.896875	E4	64	66	845	70.250000	E4	64	80	
865	66.905208	A2	45	63	846	70.250000	A2	45	80	
866	67.014583	G2	43	66	847	70.375000	G2	43	80	
867	67.133333	F2	41	70	848	70.500000	F2	41	80	
868	67.251042	F3	53	65	850	70.625000	F3	53	80	
869	67.268750	A4	69	68	849	70.625000	A4	69	80	
870	67.371875	E3	52	64	852	70.750000	E3	52	80	
871	67.382292	Bb4	70	71	851	70.750000	Bb4	70	80	
872	67.468750	F3	53	64	854	70.875000	F3	53	80	
873	67.513542	A4	69	71	853	70.875000	A4	69	80	
874	67.619792	F2	41	73	856	71.000000	F2	41	80	
875	67.625000	D4	62	76	855	71.000000	D4	62	80	
876	67.741667	A4	69	72	857	71.125000	A4	69	80	
877	67.742708	F3	53	63	858	71.125000	F3	53	80	
878	67.848958	Bb4	70	71	859	71.250000	Bb4	70	80	
879	67.856250	E3	52	66	860	71.250000	E3	52	80	
880	67.947917	A4	69	70	861	71.375000	A4	69	80	
881	67.962500	F3	53	71	862	71.375000	F3	53	80	
882	68.082292	D4	62	76	863	71.500000	D4	62	80	
883	68.085417	F2	41	77	864	71.500000	F2	41	80	
884	68.201042	F3	53	69	865	71.625000	F3	53	80	
885	68.310417	F4	65	81	866	71.750000	F4	65	80	
886	68.318750	E3	52	69	867	71.750000	E3	52	80	
887	68.426042	D3	50	78	868	71.875000	D3	50	80	
888	68.561458	C#3	49	83	869	72.000000	C#3	49	80	
889	68.694792	G4	67	80	870	72.125000	G4	67	80	
890	68.809375	A4	69	80	871	72.250000	A4	69	80	
891	68.812500	E2	40	75	872	72.250000	E2	40	80	
892	68.847917	F2	41	37	*	-1	*	-1	-1	
893	68.925000	G4	67	79	873	72.375000	G4	67	80	
894	69.040625	G2	43	83	875	72.500000	G2	43	80	
895	69.048958	E4	64	78	874	72.500000	E4	64	80	
896	69.160417	G4	67	75	876	72.625000	G4	67	80	
897	69.282292	A4	69	78	877	72.750000	A4	69	80	
898	69.291667	C#2	37	85	878	72.750000	C#2	37	80	
899	69.395833	G4	67	76	879	72.875000	G4	67	80	
900	69.535417	A3	57	81	880	73.000000	A3	57	80	
901	69.639583	C#3	49	77	881	73.125000	C#3	49	80	
902	69.761458	B2	47	74	883	73.250000	B2	47	80	
903	69.788542	G4	67	88	882	73.250000	G4	67	80	
904	69.891667	A2	45	76	884	73.375000	A2	45	80	
905	70.011458	D3	50	81	885	73.500000	D3	50	80	
906	70.123958	Bb3	58	82	886	73.625000	Bb3	58	80	
907	70.235417	A3	57	80	887	73.750000	A3	57	80	
908	70.244792	D2	38	78	888	73.750000	D2	38	80	
909	70.355208	G3	55	76	889	73.875000	G3	55	80	
910	70.485417	F2	41	80	891	74.000000	F2	41	80	
911	70.485417	A3	57	81	890	74.000000	A3	57	80	
912	70.611458	E4	64	71	892	74.125000	E4	64	80	
913	70.716667	D4	62	79	893	74.250000	D4	62	80	
914	70.734375	A2	45	77	894	74.250000	A2	45	80	
915	70.843750	C#4	61	73	895	74.375000	C#4	61	80	
916	70.960417	D4	62	81	896	74.500000	D4	62	80	
917	70.972917	D3	50	69	897	74.500000	D3	50	80	
918	70.989583	C3	48	57	*	-1	*	-1	-1	
919	71.016667	C#3	49	71	*	-1	*	-1	-1	
920	71.081250	G4	67	73	898	74.625000	G4	67	80	
921	71.102083	D3	50	76	*	-1	*	-1	-1	
922	71.192708	F4	65	68	899	74.750000	F4	65	80	
923	71.304167	E4	64	71	900	74.875000	E4	64	80	
924	71.413542	F4	65	69	901	75.000000	F4	65	80	
925	71.538542	Bb3	58	72	902	75.125000	Bb3	58	80	
926	71.554167	G3	55	62	903	75.125000	G3	55	80	
927	71.656250	C4	60	66	904	75.250000	C4	60	80	
928	71.662500	A3	57	63	905	75.250000	A3	57	80	
929	71.758333	Bb3	58	69	907	75.375000	Bb3	58	80	
930	71.764583	D4	62	67	906	75.375000	D4	62	80	
931	71.862500	C3	48	70	909	75.500000	C3	48	80	
932	71.869792	Eb4	63	70	908	75.500000	Eb4	63	80	
933	71.984375	F#3	54	68	911	75.625000	F#3	54	80	
934	71.992708	A3	57	62	910	75.625000	A3	57	80	
935	72.095833	Bb3	58	63	912	75.750000	Bb3	58	80	
936	72.103125	G3	55	59	913	75.750000	G3	55	80	
937	72.213542	A3	57	64	915	75.875000	A3	57	80	
938	72.216667	C4	60	62	914	75.875000	C4	60	80	
939	72.314583	Bb2	46	69	917	76.000000	Bb2	46	80	
940	72.329167	D4	62	63	916	76.000000	D4	62	80	
941	72.440625	G3	55	55	919	76.125000	G3	55	80	
942	72.441667	Bb3	58	62	918	76.125000	Bb3	58	80	
943	72.548958	A3	57	63	921	76.250000	A3	57	80	
944	72.578125	C4	60	58	920	76.250000	C4	60	80	
945	72.667708	Bb3	58	63	923	76.375000	Bb3	58	80	
946	72.692708	D4	62	63	922	76.375000	D4	62	80	
947	72.792708	Eb4	63	67	924	76.500000	Eb4	63	80	
948	72.793750	C3	48	60	925	76.500000	C3	48	80	
949	72.898958	F#3	54	61	927	76.625000	F#3	54	80	
950	72.901042	A3	57	63	926	76.625000	A3	57	80	
951	73.001042	G3	55	61	929	76.750000	G3	55	80	
952	73.018750	Bb3	58	56	928	76.750000	Bb3	58	80	
953	73.129167	A3	57	61	931	76.875000	A3	57	80	
954	73.140625	C4	60	58	930	76.875000	C4	60	80	
955	73.227083	Bb2	46	61	933	77.000000	Bb2	46	80	
956	73.245833	D4	62	56	932	77.000000	D4	62	80	
957	73.342708	Bb3	58	60	934	77.125000	Bb3	58	80	
958	73.347917	G3	55	62	935	77.125000	G3	55	80	
959	73.466667	A3	57	56	937	77.250000	A3	57	80	
960	73.469792	C4	60	63	936	77.250000	C4	60	80	
961	73.565625	Bb3	58	49	939	77.375000	Bb3	58	80	
962	73.583333	D4	62	67	938	77.375000	D4	62	80	
963	73.690625	C4	60	68	940	77.500000	C4	60	80	
964	73.692708	A2	45	66	941	77.500000	A2	45	80	
965	73.803125	D3	50	59	943	77.625000	D3	50	80	
966	73.806250	F#3	54	63	942	77.625000	F#3	54	80	
967	73.916667	E3	52	62	945	77.750000	E3	52	80	
968	73.921875	G3	55	62	944	77.750000	G3	55	80	
969	74.040625	A3	57	70	946	77.875000	A3	57	80	
970	74.042708	F#3	54	65	947	77.875000	F#3	54	80	
971	74.156250	G2	43	62	949	78.000000	G2	43	80	
972	74.175000	Bb3	58	67	948	78.000000	Bb3	58	80	
973	74.310417	D3	50	64	950	78.125000	D3	50	80	
974	74.425000	E3	52	65	951	78.250000	E3	52	80	
975	74.552083	F#3	54	64	952	78.375000	F#3	54	80	
976	74.670833	G3	55	71	953	78.500000	G3	55	80	
977	74.750000	A3	57	71	954	78.625000	A3	57	80	
978	74.873958	Bb3	58	62	955	78.750000	Bb3	58	80	
979	74.995833	C4	60	78	956	78.875000	C4	60	80	
980	75.117708	D4	62	77	957	79.000000	D4	62	80	
981	75.222917	Bb3	58	66	958	79.125000	Bb3	58	80	
982	75.336458	G4	67	78	959	79.250000	G4	67	80	
983	75.450000	D4	62	76	960	79.375000	D4	62	80	
984	75.592708	Bb4	70	77	961	79.500000	Bb4	70	80	
985	75.716667	G4	67	72	962	79.625000	G4	67	80	
986	75.843750	F4	65	67	963	79.750000	F4	65	80	
987	75.946875	Eb4	63	70	964	79.875000	Eb4	63	80	
988	76.072917	D4	62	62	965	80.000000	D4	62	80	
989	76.175000	C4	60	62	966	80.125000	C4	60	80	
990	76.281250	Bb3	58	60	967	80.250000	Bb3	58	80	
991	76.406250	A3	57	58	968	80.375000	A3	57	80	
992	76.530208	G3	55	61	969	80.500000	G3	55	80	
993	76.657292	Bb3	58	57	970	80.625000	Bb3	58	80	
994	76.765625	E3	52	54	971	80.750000	E3	52	80	
995	76.872917	G3	55	60	972	80.875000	G3	55	80	
996	76.989583	C#3	49	57	973	81.000000	C#3	49	80	
997	77.103125	Bb4	70	66	974	81.125000	Bb4	70	80	
998	77.226042	A4	69	69	975	81.250000	A4	69	80	
999	77.334375	G4	67	69	976	81.375000	G4	67	80	
1000	77.444792	E5	76	73	977	81.500000	E5	76	80	
1001	77.576042	D5	74	74	978	81.625000	D5	74	80	
1002	77.687500	C#5	73	71	979	81.750000	C#5	73	80	
1003	77.703125	A2	45	66	980	81.750000	A2	45	80	
1004	77.814583	B4	71	65	981	81.875000	B4	71	80	
1005	77.931250	B2	47	66	983	82.000000	B2	47	80	
1006	77.931250	A4	69	69	982	82.000000	A4	69	80	
1007	78.043750	G4	67	69	984	82.125000	G4	67	80	
1008	78.160417	C#3	49	64	986	82.250000	C#3	49	80	
1009	78.165625	F4	65	65	985	82.250000	F4	65	80	
1010	78.268750	E4	64	67	987	82.375000	E4	64	80	
1011	78.383333	F4	65	80	988	82.500000	F4	65	80	
1012	78.393750	D3	50	65	989	82.500000	D3	50	80	
1013	78.535417	D4	62	61	990	82.625000	D4	62	80	
1014	78.636458	G4	67	77	991	82.750000	G4	67	80	
1015	78.639583	E3	52	61	992	82.750000	E3	52	80	
1016	78.768750	D4	62	64	993	82.875000	D4	62	80	
1017	78.864583	F3	53	51	995	83.000000	F3	53	80	
1018	78.869792	A4	69	79	994	83.000000	A4	69	80	
1019	78.990625	D4	62	57	996	83.125000	D4	62	80	
1020	79.115625	G3	55	58	998	83.250000	G3	55	80	
1021	79.115625	Bb4	70	72	997	83.250000	Bb4	70	80	
1022	79.247917	D4	62	60	999	83.375000	D4	62	80	
1023	79.375000	A3	57	64	1000	83.500000	A3	57	80	
1024	79.581250	D4	62	56	1001	83.625000	D4	62	80	
1025	79.693750	E4	64	64	1002	83.750000	E4	64	80	
1026	79.709375	A2	45	60	1003	83.750000	A2	45	80	
1027	79.822917	C#4	61	63	1004	83.875000	C#4	61	80	
1028	79.955208	D4	62	61	1005	84.000000	D4	62	80	
1029	79.960417	D3	50	60	1006	84.000000	D3	50	80	
1030	80.080208	C4	60	58	1007	84.125000	C4	60	80	
1031	80.181250	A3	57	57	1009	84.250000	A3	57	80	
1032	80.188542	F#3	54	60	1008	84.250000	F#3	54	80	
1033	80.308333	C4	60	56	1010	84.375000	C4	60	80	
1034	80.410417	D3	50	57	1012	84.500000	D3	50	80	
1035	80.414583	D4	62	62	1011	84.500000	D4	62	80	
1036	80.538542	C4	60	58	1013	84.625000	C4	60	80	
1037	80.659375	A3	57	55	1015	84.750000	A3	57	80	
1038	80.665625	F#3	54	57	1014	84.750000	F#3	54	80	
1039	80.775000	C4	60	54	1016	84.875000	C4	60	80	
1040	80.884375	D4	62	63	1017	85.000000	D4	62	80	
1041	80.888542	D3	50	54	1018	85.000000	D3	50	80	
1042	80.997917	C4	60	58	1019	85.125000	C4	60	80	
1043	81.122917	A3	57	57	1021	85.250000	A3	57	80	
1044	81.123958	F#3	54	58	1020	85.250000	F#3	54	80	
1045	81.233333	C4	60	51	1022	85.375000	C4	60	80	
1046	81.350000	Bb3	58	61	1023	85.500000	Bb3	58	80	
1047	81.354167	D3	50	56	1024	85.500000	D3	50	80	
1048	81.465625	D4	62	52	1025	85.625000	D4	62	80	
1049	81.613542	G3	55	50	1027	85.750000	G3	55	80	
1050	81.615625	Bb3	58	55	1026	85.750000	Bb3	58	80	
1051	81.728125	F#3	54	51	1028	85.875000	F#3	54	80	
1052	81.831250	D3	50	56	1030	86.000000	D3	50	80	
1053	81.848958	Bb3	58	52	1029	86.000000	Bb3	58	80	
1054	81.955208	D4	62	51	1031	86.125000	D4	62	80	
1055	82.076042	Bb3	58	54	1032	86.250000	Bb3	58	80	
1056	82.090625	G3	55	46	1033	86.250000	G3	55	80	
1057	82.195833	F#3	54	47	1034	86.375000	F#3	54	80	
1058	82.320833	D3	50	53	1036	86.500000	D3	50	80	
1059	82.323958	Bb3	58	47	1035	86.500000	Bb3	58	80	
1060	82.422917	D4	62	51	1037	86.625000	D4	62	80	
1061	82.556250	Bb3	58	49	1038	86.750000	Bb3	58	80	
1062	82.586458	G3	55	41	1039	86.750000	G3	55	80	
1063	82.690625	E3	52	46	1040	86.875000	F#3	54	80	
1064	82.809375	F3	53	58	1041	87.000000	F3	53	80	
1065	82.810417	D3	50	54	1042	87.000000	D3	50	80	
1066	82.930208	D4	62	53	1043	87.125000	D4	62	80	
1067	83.054167	A3	57	57	1045	87.250000	A3	57	80	
1068	83.056250	F3	53	58	1044	87.250000	F3	53	80	
1069	83.178125	D4	62	53	1046	87.375000	D4	62	80	
1070	83.289583	F3	53	59	1047	87.500000	F3	53	80	
1071	83.294792	D3	50	55	1048	87.500000	D3	50	80	
1072	83.416667	D4	62	55	1049	87.625000	D4	62	80	
1073	83.559375	A3	57	49	1051	87.750000	A3	57	80	
1074	83.564583	F3	53	50	1050	87.750000	F3	53	80	
1075	83.681250	D4	62	55	1052	87.875000	D4	62	80	
1076	83.794792	F3	53	52	1053	88.000000	F3	53	80	
1077	83.795833	D3	50	49	1054	88.000000	D3	50	80	
1078	83.918750	D4	62	54	1055	88.125000	D4	62	80	
1079	84.028125	A3	57	51	1057	88.250000	A3	57	80	
1080	84.048958	F3	53	48	1056	88.250000	F3	53	80	
1081	84.140625	D4	62	58	1058	88.375000	D4	62	80	
1082	84.256250	D3	50	51	1060	88.500000	D3	50	80	
1083	84.277083	G3	55	54	1059	88.500000	G3	55	80	
1084	84.381250	C#4	61	54	1061	88.625000	C#4	61	80	
1085	84.504167	Bb3	58	66	1063	88.750000	Bb3	58	80	
1086	84.533333	G3	55	55	1062	88.750000	G3	55	80	
1087	84.645833	E3	52	48	1064	88.875000	E3	52	80	
1088	84.750000	D3	50	60	1066	89.000000	D3	50	80	
1089	84.752083	G3	55	51	1065	89.000000	G3	55	80	
1090	84.881250	C#4	61	51	1067	89.125000	C#4	61	80	
1091	84.995833	Bb3	58	61	1069	89.250000	Bb3	58	80	
1092	85.009375	G3	55	51	1068	89.250000	G3	55	80	
1093	85.135417	E3	52	41	1070	89.375000	E3	52	80	
1094	85.259375	G3	55	48	1071	89.500000	G3	55	80	
1095	85.275000	D3	50	37	1072	89.500000	D3	50	80	
1096	85.407292	C#4	61	51	1073	89.625000	C#4	61	80	
1097	85.562500	G3	55	49	1074	89.750000	G3	55	80	
1098	85.568750	Bb3	58	51	1075	89.750000	Bb3	58	80	
1099	85.745833	E3	52	43	1076	89.875000	E3	52	80	
1100	86.025000	A3	57	45	1080	90.000000	A3	57	80	
1101	86.051042	D3	50	33	1079	90.000000	D3	50	80	
1102	86.060417	D4	62	47	1078	90.000000	D4	62	80	
1103	86.067708	F#3	54	31	1077	90.000000	F#3	54	80	
*	-1	*	-1	-1	563	47.500000	C3	48	80	
