// alignID alignOntime alignSitch alignPitch alignOnvel refID refOntime refSitch refPitch refOnvel
0	0.500000	Bb3	58	72	0	0.000000	Bb3	58	80	
1	1.586458	C4	60	80	1	1.000000	C4	60	80	
2	3.386458	C#4	61	62	2	2.500000	C#4	61	80	
3	4.025000	Eb4	63	63	3	3.000000	Eb4	63	80	
4	4.561458	A3	57	62	4	3.500000	A3	57	80	
5	5.104167	Bb3	58	58	5	4.000000	Bb3	58	80	
6	6.597917	C4	60	61	6	5.500000	C4	60	80	
7	7.137500	C#4	61	61	7	6.000000	C#4	61	80	
8	7.384375	Bb3	58	61	8	6.250000	Bb3	58	80	
9	7.636458	C4	60	68	9	6.500000	C4	60	80	
10	7.858333	C#4	61	69	10	6.750000	C#4	61	80	
11	8.100000	Eb4	63	71	11	7.000000	Eb4	63	80	
12	8.310417	C4	60	66	12	7.250000	C4	60	80	
13	8.559375	C#4	61	73	13	7.500000	C#4	61	80	
14	8.781250	Eb4	63	71	14	7.750000	Eb4	63	80	
15	9.021875	F4	65	72	15	8.000000	F4	65	80	
16	9.226042	C#4	61	71	16	8.250000	C#4	61	80	
17	9.465625	Eb4	63	71	17	8.500000	Eb4	63	80	
18	9.689583	F4	65	68	18	8.750000	F4	65	80	
19	9.923958	F#4	66	69	19	9.000000	F#4	66	80	
20	10.140625	Eb4	63	69	20	9.250000	Eb4	63	80	
21	10.461458	F4	65	69	21	9.500000	F4	65	80	
22	11.533333	F#4	66	70	22	10.500000	F#4	66	80	
23	12.075000	C4	60	73	23	11.000000	C4	60	80	
24	12.582292	C#4	61	63	24	11.500000	C#4	61	80	
25	12.782292	Eb4	63	72	25	11.750000	Eb4	63	80	
26	13.053125	C#4	61	54	27	12.000000	C#4	61	80	
27	13.075000	F4	65	80	26	12.000000	F4	65	80	
28	13.632292	A3	57	77	28	12.500000	A3	57	80	
29	14.130208	G4	67	78	29	13.000000	G4	67	80	
30	14.134375	Bb3	58	58	30	13.000000	Bb3	58	80	
31	14.639583	B3	59	73	31	13.500000	B3	59	80	
32	15.140625	C4	60	70	32	14.000000	C4	60	80	
33	15.673958	G#4	68	72	33	14.500000	G#4	68	80	
34	16.215625	Bb4	70	72	34	15.000000	Bb4	70	80	
35	16.698958	E4	64	65	35	15.500000	E4	64	80	
36	16.707292	C4	60	50	36	15.500000	C4	60	80	
37	17.173958	F4	65	66	37	16.000000	F4	65	80	
38	17.188542	C#4	61	57	38	16.000000	C#4	61	80	
39	17.684375	D4	62	67	39	16.500000	D4	62	80	
40	18.159375	Eb4	63	71	40	17.000000	Eb4	63	80	
41	18.636458	G4	67	73	41	17.500000	G4	67	80	
42	18.646875	E4	64	64	42	17.500000	E4	64	80	
43	19.148958	G#4	68	63	43	18.000000	G#4	68	80	
44	19.153125	F4	65	58	44	18.000000	F4	65	80	
45	19.365625	F4	65	73	45	18.250000	F4	65	80	
46	19.602083	G4	67	73	46	18.500000	G4	67	80	
47	19.819792	G#4	68	73	47	18.750000	G#4	68	80	
48	20.043750	Bb4	70	73	48	19.000000	Bb4	70	80	
49	20.239583	G4	67	68	49	19.250000	G4	67	80	
50	20.483333	G#4	68	69	50	19.500000	G#4	68	80	
51	20.707292	Bb4	70	72	51	19.750000	Bb4	70	80	
52	20.922917	C5	72	71	52	20.000000	C5	72	80	
53	21.146875	G#4	68	73	53	20.250000	G#4	68	80	
54	21.362500	Bb4	70	73	54	20.500000	Bb4	70	80	
55	21.584375	C5	72	75	55	20.750000	C5	72	80	
56	21.816667	C#5	73	73	56	21.000000	C#5	73	80	
57	22.034375	Bb4	70	73	57	21.250000	Bb4	70	80	
58	22.263542	C5	72	66	58	21.500000	C5	72	80	
59	22.283333	E4	64	50	59	21.500000	E4	64	80	
60	22.507292	D4	62	58	60	21.750000	D4	62	80	
61	22.779167	E4	64	70	61	22.000000	E4	64	80	
62	23.341667	C#5	73	67	62	22.500000	C#5	73	80	
63	23.836458	G4	67	65	63	23.000000	G4	67	80	
64	24.308333	A4	69	63	64	23.500000	A4	69	80	
65	24.312500	Eb4	63	58	65	23.500000	Eb4	63	80	
66	24.536458	Bb4	70	66	66	23.750000	Bb4	70	80	
67	24.817708	A4	69	74	67	24.000000	A4	69	80	
68	25.276042	F5	77	63	68	24.500000	F5	77	80	
69	25.288542	D4	62	51	69	24.500000	D4	62	80	
70	25.526042	C4	60	55	70	24.750000	C4	60	80	
71	25.776042	D4	62	60	71	25.000000	D4	62	80	
72	26.281250	Bb4	70	67	72	25.500000	Bb4	70	80	
73	26.772917	F4	65	73	73	26.000000	F4	65	80	
74	27.221875	C#4	61	64	75	26.500000	C#4	61	80	
75	27.225000	G4	67	66	74	26.500000	G4	67	80	
76	27.452083	G#4	68	69	76	26.750000	G#4	68	80	
77	27.715625	G4	67	70	77	27.000000	G4	67	80	
78	28.197917	Eb5	75	68	78	27.500000	Eb5	75	80	
79	28.214583	C4	60	58	79	27.500000	C4	60	80	
80	28.408333	Bb3	58	66	80	27.750000	Bb3	58	80	
81	28.684375	C4	60	78	81	28.000000	C4	60	80	
82	29.153125	A4	69	75	82	28.500000	A4	69	80	
83	29.172917	F#4	66	63	83	28.500000	F#4	66	80	
84	29.638542	F4	65	71	84	29.000000	F4	65	80	
85	30.115625	Bb4	70	71	85	29.500000	Bb4	70	80	
86	30.117708	Eb4	63	59	86	29.500000	Eb4	63	80	
87	30.321875	C5	72	68	87	29.750000	C5	72	80	
88	30.608333	Bb2	46	75	89	30.000000	Bb2	46	80	
89	30.613542	F4	65	73	88	30.000000	F4	65	80	
90	31.159375	Bb4	70	73	90	30.500000	Bb4	70	80	
91	31.170833	D4	62	67	91	30.500000	D4	62	80	
92	31.655208	Eb4	63	63	92	31.000000	Eb4	63	80	
93	31.658333	C3	48	80	93	31.000000	C3	48	80	
94	32.139583	E4	64	76	95	31.500000	E4	64	80	
95	32.155208	A4	69	66	94	31.500000	A4	69	80	
96	32.343750	G4	67	81	96	31.750000	G4	67	80	
97	32.630208	A4	69	76	97	32.000000	A4	69	80	
98	32.637500	F4	65	73	98	32.000000	F4	65	80	
99	33.089583	C#3	49	77	100	32.500000	C#3	49	80	
100	33.090625	Bb4	70	75	99	32.500000	Bb4	70	80	
101	33.567708	Eb3	51	76	102	33.000000	Eb3	51	80	
102	33.577083	C5	72	72	101	33.000000	C5	72	80	
103	33.770833	C#5	73	76	103	33.250000	C#5	73	80	
104	34.011458	Eb5	75	77	104	33.500000	Eb5	75	80	
105	34.013542	F4	65	67	105	33.500000	F4	65	80	
106	34.018750	A2	45	65	106	33.500000	A2	45	80	
107	34.491667	Bb2	46	76	108	34.000000	Bb2	46	80	
108	34.491667	F#4	66	73	107	34.000000	F#4	66	80	
109	34.953125	G4	67	68	110	34.500000	G4	67	80	
110	34.959375	C#5	73	73	109	34.500000	C#5	73	80	
111	35.435417	C5	72	75	111	35.000000	C5	72	80	
112	35.437500	G#4	68	65	112	35.000000	G#4	68	80	
113	35.648958	Eb5	75	72	113	35.250000	Eb5	75	80	
114	35.878125	C3	48	70	116	35.500000	C3	48	80	
115	35.894792	F#5	78	78	114	35.500000	F#5	78	80	
116	35.900000	A4	69	68	115	35.500000	A4	69	80	
117	35.940625	C5	72	10	*	-1	*	-1	-1	
118	36.387500	F5	77	75	117	36.000000	F5	77	80	
119	36.390625	Bb4	70	60	118	36.000000	Bb4	70	80	
120	36.402083	C#3	49	63	119	36.000000	C#3	49	80	
121	36.609375	Bb2	46	67	120	36.250000	Bb2	46	80	
122	36.836458	C3	48	70	121	36.500000	C3	48	80	
123	37.055208	C#3	49	74	122	36.750000	C#3	49	80	
124	37.283333	C5	72	79	123	37.000000	C5	72	80	
125	37.296875	Eb3	51	69	124	37.000000	Eb3	51	80	
126	37.512500	C3	48	67	125	37.250000	C3	48	80	
127	37.747917	C#3	49	76	126	37.500000	C#3	49	80	
128	37.962500	Eb3	51	77	127	37.750000	Eb3	51	80	
129	38.184375	C#5	73	80	128	38.000000	C#5	73	80	
130	38.208333	F3	53	64	129	38.000000	F3	53	80	
131	38.392708	C#3	49	71	130	38.250000	C#3	49	80	
132	38.637500	Eb3	51	72	131	38.500000	Eb3	51	80	
133	38.858333	F3	53	71	132	38.750000	F3	53	80	
134	39.088542	Eb5	75	72	133	39.000000	Eb5	75	80	
135	39.104167	F#3	54	66	134	39.000000	F#3	54	80	
136	39.301042	Eb3	51	65	135	39.250000	Eb3	51	80	
137	39.562500	A4	69	68	136	39.500000	A4	69	80	
138	39.564583	F3	53	72	137	39.500000	F3	53	80	
139	39.763542	G4	67	71	138	39.750000	G4	67	80	
140	40.009375	A4	69	79	139	40.000000	A4	69	80	
141	40.209375	C#5	73	76	140	40.250000	C#5	73	80	
142	40.435417	C5	72	72	141	40.500000	C5	72	80	
143	40.489583	G3	55	75	*	-1	*	-1	-1	
144	40.492708	F#3	54	43	142	40.500000	F#3	54	80	
145	40.652083	C#5	73	77	143	40.750000	C#5	73	80	
146	40.910417	C3	48	75	145	41.000000	C3	48	80	
147	40.919792	Eb5	75	77	144	41.000000	Eb5	75	80	
148	41.365625	C5	72	75	146	41.500000	C5	72	80	
149	41.383333	D3	50	75	148	41.500000	D3	50	80	
150	41.385417	G#4	68	64	147	41.500000	G#4	68	80	
151	41.572917	Eb3	51	77	149	41.750000	Eb3	51	80	
152	41.837500	D3	50	70	151	42.000000	D3	50	80	
153	41.850000	F5	77	75	150	42.000000	F5	77	80	
154	42.305208	Bb3	58	65	154	42.500000	Bb3	58	80	
155	42.307292	D5	74	70	152	42.500000	D5	74	80	
156	42.332292	G4	67	55	153	42.500000	G4	67	80	
157	42.529167	F4	65	63	155	42.750000	F4	65	80	
158	42.750000	Bb4	70	77	156	43.000000	Bb4	70	80	
159	42.758333	G4	67	71	157	43.000000	G4	67	80	
160	42.965625	G#4	68	75	158	43.250000	G#4	68	80	
161	43.187500	Eb3	51	80	160	43.500000	Eb3	51	80	
162	43.187500	Bb4	70	74	159	43.500000	Bb4	70	80	
163	43.370833	C5	72	75	161	43.750000	C5	72	80	
164	43.637500	C#5	73	79	162	44.000000	C#5	73	80	
165	43.644792	Bb2	46	70	163	44.000000	Bb2	46	80	
166	44.090625	Bb4	70	78	164	44.500000	Bb4	70	80	
167	44.102083	C3	48	68	166	44.500000	C3	48	80	
168	44.113542	F#4	66	65	165	44.500000	F#4	66	80	
169	44.282292	C#3	49	77	167	44.750000	C#3	49	80	
170	44.559375	Eb5	75	80	168	45.000000	Eb5	75	80	
171	44.560417	C3	48	74	169	45.000000	C3	48	80	
172	45.013542	C5	72	80	170	45.500000	C5	72	80	
173	45.021875	G#2	44	75	172	45.500000	G#2	44	80	
174	45.022917	F4	65	68	171	45.500000	F4	65	80	
175	45.215625	Eb4	63	75	173	45.750000	Eb4	63	80	
176	45.488542	G#4	68	75	174	46.000000	G#4	68	80	
177	45.494792	C#3	49	75	176	46.000000	C#3	49	80	
178	45.495833	F4	65	74	175	46.000000	F4	65	80	
179	45.935417	C#5	73	81	177	46.500000	C#5	73	80	
180	45.957292	C3	48	73	178	46.500000	C3	48	80	
181	46.127083	Bb2	46	76	179	46.750000	Bb2	46	80	
182	46.373958	C5	72	84	180	47.000000	C5	72	80	
183	46.383333	G#2	44	74	181	47.000000	G#2	44	80	
184	46.867708	E4	64	82	182	47.500000	E4	64	80	
185	46.868750	G2	43	76	184	47.500000	G2	43	80	
186	46.880208	Bb3	58	69	183	47.500000	Bb3	58	80	
187	47.361458	F4	65	68	185	48.000000	F4	65	80	
188	47.364583	F3	53	86	187	48.000000	F3	53	80	
189	47.369792	C4	60	70	186	48.000000	C4	60	80	
190	47.418750	G#2	44	51	188	48.000000	G#2	44	80	
191	47.872917	C#4	61	73	189	48.500000	C#4	61	80	
192	47.876042	A2	45	75	190	48.500000	A2	45	80	
193	48.064583	Eb4	63	77	191	48.750000	Eb4	63	80	
194	48.326042	G3	55	89	193	49.000000	G3	55	80	
195	48.346875	C#4	61	70	192	49.000000	C#4	61	80	
196	48.358333	Bb2	46	67	194	49.000000	Bb2	46	80	
197	48.796875	B2	47	80	196	49.500000	B2	47	80	
198	48.796875	E4	64	72	195	49.500000	E4	64	80	
199	48.997917	D4	62	78	197	49.750000	D4	62	80	
200	49.234375	C3	48	75	199	50.000000	C3	48	80	
201	49.259375	E4	64	68	198	50.000000	E4	64	80	
202	49.703125	G#3	56	82	201	50.500000	G#3	56	80	
203	49.708333	C5	72	75	200	50.500000	C5	72	80	
204	50.175000	Bb3	58	78	203	51.000000	Bb3	58	80	
205	50.180208	C#5	73	79	202	51.000000	C#5	73	80	
206	50.642708	C3	48	63	207	51.500000	C3	48	80	
207	50.643750	C5	72	74	204	51.500000	C5	72	80	
208	50.644792	E3	52	73	206	51.500000	E3	52	80	
209	50.657292	G#4	68	69	205	51.500000	G#4	68	80	
210	51.136458	F3	53	74	208	52.000000	F3	53	80	
211	51.143750	C#3	49	71	209	52.000000	C#3	49	80	
212	51.596875	B4	71	73	210	52.500000	B4	71	80	
213	51.601042	G4	67	75	211	52.500000	G4	67	80	
214	51.619792	D3	50	68	212	52.500000	D3	50	80	
215	51.796875	F4	65	76	213	52.750000	F4	65	80	
216	52.032292	Eb3	51	75	216	53.000000	Eb3	51	80	
217	52.034375	G4	67	78	215	53.000000	G4	67	80	
218	52.036458	C5	72	76	214	53.000000	C5	72	80	
219	52.222917	G#4	68	78	217	53.250000	G#4	68	80	
220	52.469792	G3	55	80	219	53.500000	G3	55	80	
221	52.475000	Bb4	70	78	218	53.500000	Bb4	70	80	
222	52.486458	E3	52	71	220	53.500000	E3	52	80	
223	52.917708	F3	53	70	223	54.000000	F3	53	80	
224	52.932292	G#4	68	78	221	54.000000	G#4	68	80	
225	52.935417	G#3	56	70	222	54.000000	G#3	56	80	
226	53.125000	F3	53	77	224	54.250000	F3	53	80	
227	53.363542	G3	55	75	225	54.500000	G3	55	80	
228	53.573958	G#3	56	75	226	54.750000	G#3	56	80	
229	53.796875	E5	76	83	227	55.000000	E5	76	80	
230	53.823958	G4	67	60	228	55.000000	G4	67	80	
231	53.840625	Bb3	58	58	229	55.000000	Bb3	58	80	
232	54.022917	G3	55	71	230	55.250000	G3	55	80	
233	54.254167	G#3	56	72	231	55.500000	G#3	56	80	
234	54.480208	Bb3	58	69	232	55.750000	Bb3	58	80	
235	54.701042	F5	77	80	233	56.000000	F5	77	80	
236	54.723958	G#4	68	69	234	56.000000	G#4	68	80	
237	54.735417	C4	60	67	235	56.000000	C4	60	80	
238	54.923958	G#3	56	73	236	56.250000	G#3	56	80	
239	55.144792	Bb3	58	74	237	56.500000	Bb3	58	80	
240	55.350000	C4	60	74	238	56.750000	C4	60	80	
241	55.591667	G5	79	80	239	57.000000	G5	79	80	
242	55.617708	Bb4	70	70	240	57.000000	Bb4	70	80	
243	55.621875	C#4	61	54	241	57.000000	C#4	61	80	
244	55.814583	Bb3	58	70	242	57.250000	Bb3	58	80	
245	56.031250	E3	52	62	244	57.500000	E3	52	80	
246	56.045833	C4	60	76	243	57.500000	C4	60	80	
247	56.246875	D3	50	76	245	57.750000	D3	50	80	
248	56.509375	E3	52	71	247	58.000000	E3	52	80	
249	56.526042	G4	67	78	246	58.000000	G4	67	80	
250	57.025000	C#4	61	73	248	58.500000	C#4	61	80	
251	57.487500	G3	55	71	250	59.000000	G3	55	80	
252	57.489583	C5	72	71	249	59.000000	C5	72	80	
253	57.977083	G#3	56	68	251	59.500000	G#3	56	80	
254	58.175000	Bb3	58	63	252	59.750000	Bb3	58	80	
255	58.422917	G#3	56	59	254	60.000000	G#3	56	80	
256	58.428125	C4	60	68	253	60.000000	C4	60	80	
257	58.443750	F3	53	58	255	60.000000	F3	53	80	
258	58.648958	E3	52	68	256	60.250000	E3	52	80	
259	58.877083	F5	77	70	257	60.500000	F5	77	80	
260	58.883333	F3	53	60	258	60.500000	F3	53	80	
261	59.081250	E5	76	74	259	60.750000	E5	76	80	
262	59.089583	G3	55	58	260	60.750000	G3	55	80	
263	59.333333	G#3	56	60	263	61.000000	G#3	56	80	
264	59.336458	F5	77	70	261	61.000000	F5	77	80	
265	59.359375	C5	72	71	262	61.000000	C5	72	80	
266	59.833333	F4	65	73	264	61.500000	F4	65	80	
267	60.284375	A3	57	60	267	62.000000	A3	57	80	
268	60.284375	C4	60	68	266	62.000000	C4	60	80	
269	60.284375	F4	65	69	265	62.000000	F4	65	80	
270	60.770833	C#4	61	68	268	62.500000	C#4	61	80	
271	60.979167	Eb4	63	64	269	62.750000	Eb4	63	80	
272	61.234375	Bb4	70	63	270	63.000000	Bb4	70	80	
273	61.238542	C#4	61	58	271	63.000000	C#4	61	80	
274	61.244792	Bb3	58	57	272	63.000000	Bb3	58	80	
275	61.433333	C5	72	68	273	63.250000	C5	72	80	
276	61.667708	Bb2	46	62	276	63.500000	Bb2	46	80	
277	61.682292	C#5	73	67	274	63.500000	C#5	73	80	
278	61.718750	F3	53	46	275	63.500000	F3	53	80	
279	61.877083	C3	48	64	277	63.750000	C3	48	80	
280	62.146875	Bb3	58	58	278	64.000000	Bb3	58	80	
281	62.150000	C#3	49	63	279	64.000000	C#3	49	80	
282	62.629167	Bb4	70	64	280	64.500000	Bb4	70	80	
283	63.080208	D3	50	50	283	65.000000	D3	50	80	
284	63.082292	F4	65	67	281	65.000000	F4	65	80	
285	63.088542	Bb3	58	48	282	65.000000	B3	59	80	
286	63.548958	F#4	66	60	284	65.500000	F#4	66	80	
287	63.775000	G#4	68	63	285	65.750000	G#4	68	80	
288	63.996875	F#4	66	59	286	66.000000	F#4	66	80	
289	64.011458	Eb3	51	51	288	66.000000	Eb3	51	80	
290	64.014583	Bb3	58	52	287	66.000000	Bb3	58	80	
291	64.206250	D3	50	56	289	66.250000	D3	50	80	
292	64.409375	Eb3	51	48	292	66.500000	Eb3	51	80	
293	64.430208	F#5	78	63	290	66.500000	F#5	78	80	
294	64.454167	Eb4	63	56	291	66.500000	Eb4	63	80	
295	64.639583	F5	77	69	293	66.750000	F5	77	80	
296	64.700000	F3	53	20	294	66.750000	F3	53	80	
297	64.881250	F#3	54	56	297	67.000000	F#3	54	80	
298	64.898958	Eb5	75	70	295	67.000000	Eb5	75	80	
299	64.909375	Bb4	70	54	296	67.000000	Bb4	70	80	
300	65.364583	Eb4	63	59	298	67.500000	Eb4	63	80	
301	65.834375	Eb4	63	56	299	68.000000	Eb4	63	80	
302	65.839583	Bb3	58	52	300	68.000000	Bb3	58	80	
303	65.866667	G3	55	44	301	68.000000	G3	55	80	
304	66.335417	C4	60	56	302	68.500000	C4	60	80	
305	66.545833	C#4	61	62	304	68.750000	C#4	61	80	
306	66.796875	G#4	68	58	305	69.000000	G#4	68	80	
307	66.810417	G#3	56	50	307	69.000000	G#3	56	80	
308	66.825000	C4	60	55	306	69.000000	C4	60	80	
309	67.010417	Bb4	70	62	308	69.250000	Bb4	70	80	
310	67.213542	G#2	44	58	311	69.500000	G#2	44	80	
311	67.226042	C5	72	62	309	69.500000	C5	72	80	
312	67.256250	Eb3	51	51	310	69.500000	Eb3	51	80	
313	67.429167	Bb2	46	62	312	69.750000	Bb2	46	80	
314	67.715625	G#3	56	53	313	70.000000	G#3	56	80	
315	67.716667	C3	48	52	314	70.000000	C3	48	80	
316	68.154167	G#4	68	61	315	70.500000	G#4	68	80	
317	68.622917	Eb4	63	56	316	71.000000	Eb4	63	80	
318	68.631250	G#2	44	43	318	71.000000	G#2	44	80	
319	68.635417	C3	48	45	317	71.000000	C3	48	80	
320	69.082292	F4	65	50	319	71.500000	F4	65	80	
321	69.282292	F#4	66	51	320	71.750000	F#4	66	80	
322	69.582292	F4	65	50	321	72.000000	F4	65	80	
323	69.590625	C#2	37	45	323	72.000000	C#2	37	80	
324	69.598958	C#3	49	39	322	72.000000	C#3	49	80	
325	70.069792	C#5	73	63	324	72.500000	C#5	73	80	
326	70.070833	Eb3	51	45	326	72.500000	Eb3	51	80	
327	70.089583	F#4	66	48	325	72.500000	F#4	66	80	
328	70.282292	C5	72	51	327	72.750000	C5	72	80	
329	70.546875	C#5	73	61	328	73.000000	C#5	73	80	
330	70.570833	G#4	68	52	329	73.000000	G#4	68	80	
331	70.576042	F3	53	45	330	73.000000	F3	53	80	
332	70.980208	C#3	49	38	332	73.500000	C#3	49	80	
333	71.005208	F5	77	59	331	73.500000	F5	77	80	
334	71.480208	Bb4	70	55	333	74.000000	Bb4	70	80	
335	71.508333	F#3	54	33	334	74.000000	F#3	54	80	
336	71.925000	C#5	73	55	335	74.500000	C#5	73	80	
337	71.933333	F#4	66	41	336	74.500000	F#4	66	80	
338	71.939583	Bb3	58	38	337	74.500000	Bb3	58	80	
339	72.117708	F4	65	56	338	74.750000	F4	65	80	
340	72.381250	F#4	66	56	339	75.000000	F#4	66	80	
341	72.403125	Eb3	51	37	340	75.000000	Eb3	51	80	
342	72.843750	C5	72	60	341	75.500000	C5	72	80	
343	72.851042	F#3	54	53	343	75.500000	F#3	54	80	
344	72.860417	Eb4	63	41	342	75.500000	Eb4	63	80	
345	73.032292	C#5	73	61	344	75.750000	C#5	73	80	
346	73.298958	Eb5	75	60	345	76.000000	Eb5	75	80	
347	73.331250	C3	48	42	346	76.000000	C3	48	80	
348	73.765625	Eb3	51	44	349	76.500000	Eb3	51	80	
349	73.772917	C5	72	55	347	76.500000	C5	72	80	
350	73.779167	F#4	66	40	348	76.500000	F#4	66	80	
351	74.255208	F3	53	47	351	77.000000	F3	53	80	
352	74.267708	A4	69	51	350	77.000000	A4	69	80	
353	74.740625	F4	65	48	353	77.500000	F4	65	80	
354	74.756250	A3	57	49	354	77.500000	A3	57	80	
355	74.759375	C5	72	51	352	77.500000	C5	72	80	
356	74.945833	Eb4	63	56	355	77.750000	Eb4	63	80	
357	75.215625	Bb3	58	65	357	78.000000	Bb3	58	80	
358	75.251042	C#4	61	49	356	78.000000	C#4	61	80	
359	75.739583	Bb4	70	45	358	78.500000	Bb4	70	80	
360	76.193750	C4	60	49	360	79.000000	C4	60	80	
361	76.228125	A4	69	50	359	79.000000	A4	69	80	
362	76.230208	G4	67	44	*	-1	*	-1	-1	
363	76.704167	F#5	78	61	361	79.500000	F#5	78	80	
364	77.169792	Bb4	70	59	362	80.000000	Bb4	70	80	
365	77.371875	F5	77	54	363	80.250000	F5	77	80	
366	77.605208	C#4	61	61	365	80.500000	C#4	61	80	
367	77.608333	Eb5	75	62	364	80.500000	Eb5	75	80	
368	77.817708	C#5	73	59	366	80.750000	C#5	73	80	
369	78.045833	C5	72	66	367	81.000000	C5	72	80	
370	78.048958	Eb4	63	62	368	81.000000	Eb4	63	80	
371	78.246875	C#5	73	63	369	81.250000	C#5	73	80	
372	78.508333	C5	72	72	371	81.500000	C5	72	80	
373	78.509375	A3	57	59	372	81.500000	A3	57	80	
374	78.518750	Eb5	75	56	370	81.500000	Eb5	75	80	
375	78.970833	C#5	73	73	373	82.000000	C#5	73	80	
376	78.973958	Bb3	58	59	374	82.000000	Bb3	58	80	
377	79.416667	G4	67	62	376	82.500000	G4	67	80	
378	79.418750	Bb5	82	71	375	82.500000	Bb5	82	80	
379	79.893750	C6	84	70	377	83.000000	C6	84	80	
380	79.916667	A4	69	64	378	83.000000	A4	69	80	
381	80.322917	Eb5	75	66	379	83.500000	Eb5	75	80	
382	80.327083	C4	60	69	380	83.500000	C4	60	80	
383	80.807292	C#4	61	70	381	84.000000	C#4	61	80	
384	81.008333	Bb3	58	66	382	84.250000	Bb3	58	80	
385	81.235417	C#5	73	69	383	84.500000	C#5	73	80	
386	81.251042	C4	60	62	385	84.500000	C4	60	80	
387	81.257292	Bb4	70	61	384	84.500000	Bb4	70	80	
388	81.469792	C#4	61	65	386	84.750000	C#4	61	80	
389	81.689583	F#5	78	73	387	85.000000	F#5	78	80	
390	81.698958	C5	72	63	388	85.000000	C5	72	80	
391	81.712500	Eb4	63	58	389	85.000000	Eb4	63	80	
392	81.910417	A4	69	61	390	85.250000	A4	69	80	
393	81.915625	C4	60	58	391	85.250000	C4	60	80	
394	82.129167	C#4	61	64	393	85.500000	C#4	61	80	
395	82.141667	Bb4	70	68	392	85.500000	Bb4	70	80	
396	82.341667	C5	72	64	394	85.750000	C5	72	80	
397	82.344792	Eb4	63	57	395	85.750000	Eb4	63	80	
398	82.573958	F5	77	74	396	86.000000	F5	77	80	
399	82.593750	C#5	73	58	397	86.000000	C#5	73	80	
400	82.597917	F4	65	62	398	86.000000	F4	65	80	
401	82.787500	C#4	61	63	400	86.250000	C#4	61	80	
402	82.788542	Bb4	70	69	399	86.250000	Bb4	70	80	
403	83.003125	Eb4	63	64	402	86.500000	Eb4	63	80	
404	83.009375	C5	72	73	401	86.500000	C5	72	80	
405	83.195833	F4	65	67	404	86.750000	F4	65	80	
406	83.198958	C#5	73	75	403	86.750000	C#5	73	80	
407	83.451042	Bb5	82	77	405	87.000000	Bb5	82	80	
408	83.459375	F#4	66	63	407	87.000000	F#4	66	80	
409	83.470833	Eb5	75	60	406	87.000000	Eb5	75	80	
410	83.656250	C5	72	69	408	87.250000	C5	72	80	
411	83.657292	Eb4	63	63	409	87.250000	Eb4	63	80	
412	83.885417	C#5	73	71	410	87.500000	C#5	73	80	
413	83.887500	F4	65	69	411	87.500000	F4	65	80	
414	84.083333	Eb5	75	74	412	87.750000	Eb5	75	80	
415	84.321875	A5	81	70	413	88.000000	A5	81	80	
416	84.329167	F5	77	71	414	88.000000	F5	77	80	
417	84.544792	C#5	73	66	415	88.250000	C#5	73	80	
418	84.794792	F#4	66	67	417	88.500000	F#4	66	80	
419	84.795833	Eb5	75	72	416	88.500000	Eb5	75	80	
420	85.259375	C4	60	68	418	89.000000	C4	60	80	
421	85.709375	F5	77	72	419	89.500000	F5	77	80	
422	85.720833	C#4	61	59	420	89.500000	C#4	61	80	
423	85.920833	Eb4	63	66	421	89.750000	Eb4	63	80	
424	86.162500	Bb5	82	70	422	90.000000	Bb5	82	80	
425	86.172917	C#4	61	65	424	90.000000	C#4	61	80	
426	86.176042	Bb4	70	61	423	90.000000	Bb4	70	80	
427	86.655208	Bb3	58	52	426	90.500000	Bb3	58	80	
428	86.655208	C5	72	68	425	90.500000	C5	72	80	
429	86.855208	C#5	73	72	427	90.750000	C#5	73	80	
430	87.105208	Eb4	63	62	429	91.000000	Eb4	63	80	
431	87.109375	C5	72	75	428	91.000000	C5	72	80	
432	87.581250	Bb4	70	67	430	91.500000	Bb4	70	80	
433	87.589583	F4	65	60	431	91.500000	F4	65	80	
434	87.791667	F#4	66	56	432	91.750000	F#4	66	80	
435	88.032292	A4	69	75	433	92.000000	A4	69	80	
436	88.043750	F4	65	63	434	92.000000	F4	65	80	
437	88.497917	Bb4	70	72	435	92.500000	Bb4	70	80	
438	88.500000	Eb4	63	61	436	92.500000	Eb4	63	80	
439	88.705208	C5	72	71	437	92.750000	C5	72	80	
440	88.952083	D4	62	61	439	93.000000	D4	62	80	
441	88.953125	Bb4	70	74	438	93.000000	Bb4	70	80	
442	89.416667	Eb4	63	62	441	93.500000	Eb4	63	80	
443	89.421875	G#4	68	70	440	93.500000	G#4	68	80	
444	89.636458	F4	65	62	442	93.750000	F4	65	80	
445	89.886458	G4	67	73	443	94.000000	G4	67	80	
446	89.888542	Eb4	63	65	444	94.000000	Eb4	63	80	
447	90.346875	G#4	68	70	445	94.500000	G#4	68	80	
448	90.347917	C#4	61	62	446	94.500000	C#4	61	80	
449	90.561458	Bb4	70	79	447	94.750000	Bb4	70	80	
450	90.788542	G#4	68	75	448	95.000000	G#4	68	80	
451	90.794792	C4	60	70	449	95.000000	C4	60	80	
452	91.246875	C#4	61	64	451	95.500000	C#4	61	80	
453	91.248958	F#4	66	78	450	95.500000	F#4	66	80	
454	91.454167	Eb4	63	70	452	95.750000	Eb4	63	80	
455	91.748958	C#5	73	81	453	96.000000	C#5	73	80	
456	91.770833	F4	65	59	454	96.000000	F4	65	80	
457	91.773958	C#4	61	68	455	96.000000	C#4	61	80	
458	92.217708	C4	60	69	457	96.500000	C4	60	80	
459	92.218750	Eb4	63	75	456	96.500000	Eb4	63	80	
460	92.403125	F4	65	75	458	96.750000	F4	65	80	
461	92.406250	Bb3	58	72	459	96.750000	Bb3	58	80	
462	92.688542	C3	48	76	463	97.000000	C3	48	80	
463	92.694792	Eb5	75	77	460	97.000000	Eb5	75	80	
464	92.700000	G#3	56	61	462	97.000000	G#3	56	80	
465	92.709375	F#4	66	59	461	97.000000	F#4	66	80	
466	93.166667	F4	65	73	464	97.500000	F4	65	80	
467	93.357292	Eb4	63	74	465	97.750000	Eb4	63	80	
468	93.621875	C#4	61	76	466	98.000000	C#4	61	80	
469	93.628125	C#3	49	72	467	98.000000	C#3	49	80	
470	94.056250	F5	77	77	468	98.500000	F5	77	80	
471	94.078125	C#5	73	67	469	98.500000	C#5	73	80	
472	94.512500	F#5	78	80	470	99.000000	F#5	78	80	
473	94.522917	C5	72	69	471	99.000000	C5	72	80	
474	94.723958	Bb4	70	76	472	99.250000	Bb4	70	80	
475	94.939583	C5	72	76	473	99.500000	C5	72	80	
476	94.945833	Eb3	51	75	475	99.500000	Eb3	51	80	
477	94.951042	G#4	68	70	474	99.500000	G#4	68	80	
478	95.144792	F#4	66	67	476	99.750000	F#4	66	80	
479	95.372917	C#5	73	75	477	100.000000	C#5	73	80	
480	95.383333	F3	53	75	479	100.000000	F3	53	80	
481	95.387500	F4	65	62	478	100.000000	F4	65	80	
482	95.602083	Eb4	63	57	480	100.250000	Eb4	63	80	
483	95.836458	Bb2	46	76	482	100.500000	Bb2	46	80	
484	95.851042	C#4	61	72	481	100.500000	C#4	61	80	
485	96.275000	G#4	68	76	483	101.000000	G#4	68	80	
486	96.290625	C3	48	70	484	101.000000	C3	48	80	
487	96.483333	F#3	54	63	485	101.250000	F#3	54	80	
488	96.722917	Eb5	75	78	486	101.500000	Eb5	75	80	
489	96.735417	F3	53	75	487	101.500000	F3	53	80	
490	96.922917	Eb3	51	75	488	101.750000	Eb3	51	80	
491	97.166667	C#3	49	74	490	102.000000	C#3	49	80	
492	97.166667	F5	77	77	489	102.000000	F5	77	80	
493	97.368750	C#5	73	77	491	102.250000	C#5	73	80	
494	97.611458	Eb5	75	75	492	102.500000	Eb5	75	80	
495	97.613542	C#4	61	78	493	102.500000	C#4	61	80	
496	97.618750	C#3	49	76	494	102.500000	C#3	49	80	
497	97.818750	F5	77	72	495	102.750000	F5	77	80	
498	98.057292	F#5	78	78	496	103.000000	F#5	78	80	
499	98.058333	C4	60	73	497	103.000000	C4	60	80	
500	98.068750	Eb3	51	66	498	103.000000	Eb3	51	80	
501	98.259375	Eb5	75	75	499	103.250000	Eb5	75	80	
502	98.261458	C3	48	74	500	103.250000	C3	48	80	
503	98.487500	F5	77	73	501	103.500000	F5	77	80	
504	98.500000	C#3	49	74	502	103.500000	C#3	49	80	
505	98.691667	F#5	78	76	503	103.750000	F#5	78	80	
506	98.692708	Eb3	51	69	504	103.750000	Eb3	51	80	
507	98.913542	G#5	80	76	505	104.000000	G#5	80	80	
508	98.917708	F3	53	68	508	104.000000	F3	53	80	
509	98.919792	C#5	73	70	506	104.000000	C#5	73	80	
510	98.931250	G#3	56	61	507	104.000000	G#3	56	80	
511	99.130208	C#3	49	71	510	104.250000	C#3	49	80	
512	99.131250	F5	77	77	509	104.250000	F5	77	80	
513	99.335417	Eb3	51	70	512	104.500000	Eb3	51	80	
514	99.346875	F#5	78	75	511	104.500000	F#5	78	80	
515	99.554167	F3	53	68	514	104.750000	F3	53	80	
516	99.562500	G#5	80	79	513	104.750000	G#5	80	80	
517	99.785417	Bb5	82	80	515	105.000000	Bb5	82	80	
518	99.788542	F#3	54	68	517	105.000000	F#3	54	80	
519	99.809375	Eb4	63	66	516	105.000000	Eb4	63	80	
520	99.986458	F#5	78	80	518	105.250000	F#5	78	80	
521	99.990625	Eb3	51	71	519	105.250000	Eb3	51	80	
522	100.203125	F3	53	66	521	105.500000	F3	53	80	
523	100.209375	G#5	80	81	520	105.500000	G#5	80	80	
524	100.415625	F#3	54	70	522	105.750000	F#3	54	80	
525	100.659375	G#3	56	70	524	106.000000	G#3	56	80	
526	100.661458	F4	65	76	523	106.000000	F4	65	80	
527	100.862500	F3	53	75	525	106.250000	F3	53	80	
528	101.082292	Bb5	82	83	526	106.500000	Bb5	82	80	
529	101.085417	F#3	54	70	528	106.500000	F#3	54	80	
530	101.103125	Eb4	63	72	527	106.500000	Eb4	63	80	
531	101.289583	C#4	61	76	529	106.750000	C#4	61	80	
532	101.566667	Eb5	75	75	530	107.000000	Eb5	75	80	
533	101.572917	G#4	68	69	532	107.000000	G#4	68	80	
534	101.577083	C5	72	75	531	107.000000	C5	72	80	
535	102.052083	F5	77	74	533	107.500000	F5	77	80	
536	102.082292	G#3	56	69	534	107.500000	G#3	56	80	
537	102.247917	F#5	78	76	535	107.750000	F#5	78	80	
538	102.525000	C#3	49	71	537	108.000000	C#3	49	80	
539	102.531250	F5	77	73	536	108.000000	F5	77	80	
540	102.995833	C#5	73	71	538	108.500000	C#5	73	80	
541	103.008333	Eb3	51	54	539	108.500000	Eb3	51	80	
542	103.184375	F3	53	51	540	108.750000	F3	53	80	
543	103.448958	F#5	78	61	541	109.000000	F#5	78	80	
544	103.458333	C5	72	68	542	109.000000	C5	72	80	
545	103.470833	Eb3	51	54	543	109.000000	Eb3	51	80	
546	103.905208	F3	53	55	545	109.500000	F3	53	80	
547	103.914583	B4	71	68	544	109.500000	B4	71	80	
548	104.105208	F#3	54	49	546	109.750000	F#3	54	80	
549	104.362500	G#5	80	60	547	110.000000	G#5	80	80	
550	104.365625	F3	53	56	548	110.000000	F3	53	80	
551	104.827083	C#3	49	47	550	110.500000	C#3	49	80	
552	104.848958	Bb4	70	57	549	110.500000	Bb4	70	80	
553	105.068750	G#4	68	60	551	110.750000	G#4	68	80	
554	105.306250	F#3	54	51	553	111.000000	F#3	54	80	
555	105.317708	Bb4	70	61	552	111.000000	Bb4	70	80	
556	105.756250	F#5	78	69	554	111.500000	F#5	78	80	
557	105.770833	G#3	56	48	555	111.500000	G#3	56	80	
558	105.959375	Bb3	58	46	556	111.750000	Bb3	58	80	
559	106.212500	F5	77	73	557	112.000000	F5	77	80	
560	106.216667	G#3	56	65	559	112.000000	G#3	56	80	
561	106.243750	B4	71	44	558	112.000000	B4	71	80	
562	106.694792	E5	76	78	560	112.500000	E5	76	80	
563	106.710417	Bb3	58	56	561	112.500000	Bb3	58	80	
564	106.887500	B3	59	56	562	112.750000	B3	59	80	
565	107.148958	Bb3	58	65	564	113.000000	Bb3	58	80	
566	107.159375	C#5	73	70	563	113.000000	C#5	73	80	
567	107.610417	Eb5	75	71	565	113.500000	Eb5	75	80	
568	107.616667	F#3	54	57	567	113.500000	F#3	54	80	
569	107.627083	Bb4	70	60	566	113.500000	Bb4	70	80	
570	107.817708	C#5	73	70	568	113.750000	C#5	73	80	
571	108.072917	B3	59	73	571	114.000000	B3	59	80	
572	108.085417	Eb5	75	68	569	114.000000	Eb5	75	80	
573	108.088542	F#4	66	65	570	114.000000	F#4	66	80	
574	108.535417	Eb4	63	74	573	114.500000	Eb4	63	80	
575	108.552083	F5	77	70	572	114.500000	F5	77	80	
576	108.737500	F#5	78	73	574	114.750000	F#5	78	80	
577	108.972917	D4	62	76	577	115.000000	D4	62	80	
578	108.975000	F5	77	68	575	115.000000	F5	77	80	
579	108.980208	B3	59	62	578	115.000000	B3	59	80	
580	108.993750	G#4	68	59	576	115.000000	G#4	68	80	
581	109.444792	G5	79	74	579	115.500000	G5	79	80	
582	109.447917	C#4	61	73	580	115.500000	C#4	61	80	
583	109.635417	G#5	80	79	581	115.750000	G#5	80	80	
584	109.875000	G5	79	66	582	116.000000	G5	79	80	
585	109.895833	Bb4	70	69	583	116.000000	Bb4	70	80	
586	109.898958	Bb3	58	62	584	116.000000	Bb3	58	80	
587	110.336458	C4	60	73	585	116.500000	C4	60	80	
588	110.352083	Eb3	51	60	586	116.500000	Eb3	51	80	
589	110.538542	Bb3	58	75	587	116.750000	Bb3	58	80	
590	110.805208	G#5	80	80	588	117.000000	G#5	80	80	
591	110.813542	C4	60	68	589	117.000000	C4	60	80	
592	110.816667	G#3	56	67	590	117.000000	G#3	56	80	
593	111.252083	G#4	68	78	591	117.500000	G#4	68	80	
594	111.260417	F3	53	62	593	117.500000	F3	53	80	
595	111.270833	Bb3	58	75	592	117.500000	Bb3	58	80	
596	111.465625	G#3	56	72	594	117.750000	G#3	56	80	
597	111.710417	G4	67	75	595	118.000000	G4	67	80	
598	111.723958	C#4	61	71	596	118.000000	C#4	61	80	
599	111.727083	Bb2	46	80	597	118.000000	Bb2	46	80	
600	112.157292	F#4	66	64	598	118.500000	F#4	66	80	
601	112.176042	Eb3	51	77	600	118.500000	Eb3	51	80	
602	112.177083	C4	60	70	599	118.500000	C4	60	80	
603	112.359375	Bb3	58	71	601	118.750000	Bb3	58	80	
604	112.636458	Eb4	63	77	602	119.000000	Eb4	63	80	
605	112.639583	C3	48	77	603	119.000000	C3	48	80	
606	113.067708	C#4	61	73	605	119.500000	C#4	61	80	
607	113.081250	F4	65	81	604	119.500000	F4	65	80	
608	113.090625	G#2	44	68	606	119.500000	G#2	44	80	
609	113.267708	C4	60	73	608	119.750000	C4	60	80	
610	113.269792	Eb4	63	77	607	119.750000	Eb4	63	80	
611	113.543750	C#3	49	66	611	120.000000	C#3	49	80	
612	113.547917	F4	65	81	609	120.000000	F4	65	80	
613	113.552083	C#4	61	82	610	120.000000	C#4	61	80	
614	114.015625	F5	77	90	612	120.500000	F5	77	80	
615	114.016667	C#4	61	73	614	120.500000	C#4	61	80	
616	114.023958	G4	67	80	613	120.500000	G4	67	80	
617	114.219792	G#4	68	78	615	120.750000	G#4	68	80	
618	114.485417	E5	76	86	616	121.000000	E5	76	80	
619	114.495833	G4	67	82	617	121.000000	G4	67	80	
620	114.933333	Eb5	75	82	618	121.500000	Eb5	75	80	
621	114.941667	A4	69	72	619	121.500000	A4	69	80	
622	114.943750	C4	60	78	620	121.500000	C4	60	80	
623	115.137500	Bb3	58	80	622	121.750000	Bb3	58	80	
624	115.152083	Bb4	70	83	621	121.750000	Bb4	70	80	
625	115.392708	A3	57	89	624	122.000000	A3	57	80	
626	115.397917	C5	72	80	623	122.000000	C5	72	80	
627	115.871875	F3	53	85	627	122.500000	F3	53	80	
628	115.876042	C#5	73	79	625	122.500000	C#5	73	80	
629	115.882292	A4	69	76	626	122.500000	A4	69	80	
630	116.096875	C5	72	83	628	122.750000	C5	72	80	
631	116.519792	F4	65	97	631	123.000000	F4	65	80	
632	116.521875	C#5	73	62	629	123.000000	C#5	73	80	
633	116.537500	Bb3	58	80	632	123.000000	Bb3	58	80	
634	116.540625	Bb4	70	56	630	123.000000	Bb4	70	80	
635	117.148958	Bb5	82	90	633	123.500000	Bb5	82	80	
636	117.164583	C#5	73	79	634	123.500000	C#5	73	80	
637	117.681250	Eb4	63	88	637	124.000000	Eb4	63	80	
638	117.681250	A5	81	78	635	124.000000	A5	81	80	
639	117.686458	C5	72	73	636	124.000000	C5	72	80	
640	118.167708	G#5	80	85	638	124.500000	G#5	80	80	
641	118.171875	B4	71	80	639	124.500000	B4	71	80	
642	118.345833	F#5	78	50	*	-1	*	-1	-1	
643	118.615625	F#5	78	83	640	125.000000	F#5	78	80	
644	118.631250	Bb4	70	77	641	125.000000	Bb4	70	80	
645	118.829167	Eb5	75	81	642	125.250000	Eb5	75	80	
646	119.039583	Bb3	58	74	645	125.500000	Bb3	58	80	
647	119.041667	C#4	61	81	644	125.500000	C#4	61	80	
648	119.051042	F5	77	77	643	125.500000	F5	77	80	
649	119.114583	C4	60	35	*	-1	*	-1	-1	
650	119.500000	C4	60	83	647	126.000000	C4	60	80	
651	119.516667	Eb3	51	78	648	126.000000	Eb3	51	80	
652	119.516667	F#5	78	85	646	126.000000	F#5	78	80	
653	119.695833	C#3	49	78	649	126.250000	C#3	49	80	
654	119.935417	F#4	66	84	652	126.500000	F#4	66	80	
655	119.936458	Eb3	51	81	653	126.500000	Eb3	51	80	
656	119.937500	C5	72	82	650	126.500000	C5	72	80	
657	119.940625	Bb4	70	78	651	126.500000	Bb4	70	80	
658	120.417708	F4	65	83	656	127.000000	F4	65	80	
659	120.417708	C#5	73	81	654	127.000000	C#5	73	80	
660	120.418750	F3	53	80	657	127.000000	F3	53	80	
661	120.443750	A4	69	76	655	127.000000	A4	69	80	
662	120.914583	F2	41	89	660	127.500000	F2	41	80	
663	120.916667	G#4	68	72	659	127.500000	G#4	68	80	
664	120.917708	D5	74	80	658	127.500000	D5	74	80	
665	121.360417	Eb5	75	82	661	128.000000	Eb5	75	80	
666	121.362500	G4	67	78	662	128.000000	G4	67	80	
667	121.366667	G2	43	88	663	128.000000	G2	43	80	
668	121.831250	C5	72	69	664	128.500000	C5	72	80	
669	121.833333	Eb4	63	84	666	128.500000	Eb4	63	80	
670	121.838542	A2	45	85	667	128.500000	A2	45	80	
671	121.842708	F#4	66	75	665	128.500000	F#4	66	80	
672	122.352083	C#5	73	78	668	129.000000	C#5	73	80	
673	122.353125	C#4	61	80	670	129.000000	C#4	61	80	
674	122.354167	Bb2	46	84	671	129.000000	Bb2	46	80	
675	122.361458	F4	65	76	669	129.000000	F4	65	80	
676	122.613542	F4	65	86	672	129.250000	F4	65	80	
677	122.817708	Eb4	63	87	673	129.500000	Eb4	63	80	
678	123.019792	C#4	61	79	674	129.750000	C#4	61	80	
679	123.256250	A4	69	81	675	130.000000	A4	69	80	
680	123.258333	Eb3	51	77	677	130.000000	Eb3	51	80	
681	123.277083	C4	60	79	676	130.000000	C4	60	80	
682	123.475000	Eb4	63	84	678	130.250000	Eb4	63	80	
683	123.684375	C#4	61	81	679	130.500000	C#4	61	80	
684	123.887500	C4	60	82	680	130.750000	C4	60	80	
685	124.112500	C#3	49	71	683	131.000000	C#3	49	80	
686	124.113542	Bb3	58	78	682	131.000000	Bb3	58	80	
687	124.120833	Bb4	70	80	681	131.000000	Bb4	70	80	
688	124.319792	C#4	61	81	684	131.250000	C#4	61	80	
689	124.553125	C4	60	81	685	131.500000	C4	60	80	
690	124.748958	Bb3	58	75	686	131.750000	Bb3	58	80	
691	124.992708	Eb5	75	78	687	132.000000	Eb5	75	80	
692	124.996875	C3	48	71	689	132.000000	C3	48	80	
693	124.996875	A3	57	77	688	132.000000	A3	57	80	
694	125.211458	C4	60	77	690	132.250000	C4	60	80	
695	125.455208	Bb3	58	75	692	132.500000	Bb3	58	80	
696	125.456250	C#5	73	76	691	132.500000	C#5	73	80	
697	125.458333	C#3	49	74	693	132.500000	C#3	49	80	
698	125.651042	Eb3	51	73	694	132.750000	Eb3	51	80	
699	125.893750	F3	53	80	695	133.000000	F3	53	80	
700	126.114583	C5	72	77	696	133.250000	C5	72	80	
701	126.330208	C#5	73	79	697	133.500000	C#5	73	80	
702	126.343750	A3	57	76	698	133.500000	A3	57	80	
703	126.579167	Eb5	75	80	699	133.750000	Eb5	75	80	
704	126.858333	F2	41	78	702	134.000000	F2	41	80	
705	126.864583	Eb4	63	77	701	134.000000	Eb4	63	80	
706	126.865625	A4	69	79	700	134.000000	A4	69	80	
707	127.317708	C#4	61	82	703	134.500000	C#4	61	80	
708	127.523958	C4	60	80	704	134.750000	C4	60	80	
709	127.805208	C#4	61	77	707	135.000000	C#4	61	80	
710	127.805208	Bb4	70	84	705	135.000000	Bb4	70	80	
711	127.806250	Bb2	46	72	708	135.000000	Bb2	46	80	
712	128.316667	F#4	66	75	709	135.500000	F#4	66	80	
713	128.789583	G#4	68	81	710	136.000000	G#4	68	80	
714	128.797917	F4	65	76	711	136.000000	F4	65	80	
715	129.231250	Bb2	46	64	713	136.500000	Bb2	46	80	
716	129.238542	E4	64	66	712	136.500000	E4	64	80	
717	129.703125	B2	47	68	715	137.000000	B2	47	80	
718	129.706250	Eb4	63	75	714	137.000000	Eb4	63	80	
719	130.137500	F#4	66	80	716	137.500000	F#4	66	80	
720	130.152083	C3	48	67	717	137.500000	C3	48	80	
721	130.585417	D3	50	59	719	138.000000	D3	50	80	
722	130.608333	F4	65	79	718	138.000000	F4	65	80	
723	130.803125	F3	53	57	720	138.250000	F3	53	80	
724	131.031250	B4	71	69	721	138.500000	B4	71	80	
725	131.040625	G#3	56	59	723	138.500000	G#3	56	80	
726	131.044792	Eb4	63	62	722	138.500000	Eb4	63	80	
727	131.500000	Bb4	70	69	724	139.000000	Bb4	70	80	
728	131.519792	D4	62	66	725	139.000000	D4	62	80	
729	131.979167	C#4	61	62	726	139.500000	C#4	61	80	
730	131.983333	G3	55	61	727	139.500000	G3	55	80	
731	132.445833	G#3	56	64	729	140.000000	G#3	56	80	
732	132.455208	C4	60	60	728	140.000000	C4	60	80	
733	132.883333	D3	50	57	732	140.500000	D3	50	80	
734	132.883333	G#4	68	66	730	140.500000	G#4	68	80	
735	132.888542	B3	59	66	731	140.500000	B3	59	80	
736	133.348958	F#4	66	62	733	141.000000	F#4	66	80	
737	133.350000	Eb3	51	53	735	141.000000	Eb3	51	80	
738	133.353125	Bb3	58	54	734	141.000000	Bb3	58	80	
739	133.578125	Bb4	70	63	736	141.250000	Bb4	70	80	
740	133.806250	G#4	68	60	737	141.500000	G#4	68	80	
741	134.018750	F#4	66	57	738	141.750000	F#4	66	80	
742	134.253125	F3	53	51	740	142.000000	F3	53	80	
743	134.256250	F4	65	57	739	142.000000	F4	65	80	
744	134.476042	G#4	68	64	741	142.250000	G#4	68	80	
745	134.711458	F#4	66	63	742	142.500000	F#4	66	80	
746	134.926042	F4	65	61	743	142.750000	F4	65	80	
747	135.146875	F#3	54	54	745	143.000000	F#3	54	80	
748	135.160417	Eb4	63	60	744	143.000000	Eb4	63	80	
749	135.371875	F#4	66	60	746	143.250000	F#4	66	80	
750	135.615625	F4	65	65	747	143.500000	F4	65	80	
751	135.818750	Eb4	63	63	748	143.750000	Eb4	63	80	
752	136.036458	D4	62	58	749	144.000000	D4	62	80	
753	136.055208	G#3	56	55	750	144.000000	G#3	56	80	
754	136.260417	F4	65	56	751	144.250000	F4	65	80	
755	136.510417	Eb4	63	58	752	144.500000	Eb4	63	80	
756	136.523958	F#3	54	46	754	144.500000	F#3	54	80	
757	136.528125	Bb3	58	46	753	144.500000	Bb3	58	80	
758	136.959375	G#3	56	67	755	145.000000	G#3	56	80	
759	136.975000	F3	53	55	756	145.000000	F3	53	80	
760	137.148958	Bb3	58	60	757	145.250000	Bb3	58	80	
761	137.155208	F#3	54	62	758	145.250000	F#3	54	80	
762	137.411458	G#3	56	61	761	145.500000	G#3	56	80	
763	137.412500	D4	62	72	759	145.500000	D4	62	80	
764	137.451042	B3	59	62	760	145.500000	B3	59	80	
765	137.900000	G#4	68	69	762	146.000000	G#4	68	80	
766	137.920833	D3	50	52	764	146.000000	D3	50	80	
767	137.933333	F3	53	46	763	146.000000	F3	53	80	
768	138.364583	F#4	66	62	765	146.500000	F#4	66	80	
769	138.370833	D4	62	57	766	146.500000	D4	62	80	
770	138.387500	Bb2	46	53	767	146.500000	Bb2	46	80	
771	138.591667	F4	65	61	768	146.750000	F4	65	80	
772	138.823958	F#4	66	61	769	147.000000	F#4	66	80	
773	138.829167	Eb3	51	55	771	147.000000	Eb3	51	80	
774	138.834375	Eb4	63	58	770	147.000000	Eb4	63	80	
775	139.021875	G#4	68	65	772	147.250000	G#4	68	80	
776	139.285417	F4	65	60	774	147.500000	F4	65	80	
777	139.287500	Bb4	70	61	773	147.500000	Bb4	70	80	
778	139.288542	C#3	49	53	775	147.500000	C#3	49	80	
779	139.756250	F#4	66	60	776	148.000000	F#4	66	80	
780	139.761458	C3	48	59	777	148.000000	C3	48	80	
781	139.957292	C#3	49	56	778	148.250000	C#3	49	80	
782	140.198958	A4	69	66	779	148.500000	A4	69	80	
783	140.204167	Eb3	51	57	781	148.500000	Eb3	51	80	
784	140.210417	C4	60	60	780	148.500000	C4	60	80	
785	140.393750	C#4	61	69	783	148.750000	C#4	61	80	
786	140.394792	Bb4	70	73	782	148.750000	Bb4	70	80	
787	140.644792	A2	45	53	786	149.000000	A2	45	80	
788	140.644792	C5	72	73	784	149.000000	C5	72	80	
789	140.655208	Eb4	63	58	785	149.000000	Eb4	63	80	
790	140.850000	C3	48	58	787	149.250000	C3	48	80	
791	141.080208	Eb4	63	74	788	149.500000	Eb4	63	80	
792	141.090625	F3	53	55	790	149.500000	F3	53	80	
793	141.100000	A3	57	58	789	149.500000	A3	57	80	
794	141.281250	Eb3	51	55	791	149.750000	Eb3	51	80	
795	141.515625	C#3	49	60	793	150.000000	C#3	49	80	
796	141.527083	Bb3	58	64	792	150.000000	Bb3	58	80	
797	141.734375	C4	60	68	794	150.250000	C4	60	80	
798	141.741667	F3	53	54	795	150.250000	F3	53	80	
799	141.971875	C#4	61	76	796	150.500000	C#4	61	80	
800	141.973958	Bb3	58	49	798	150.500000	Bb3	58	80	
801	142.192708	G#3	56	53	799	150.750000	G#3	56	80	
802	142.400000	Bb4	70	65	800	151.000000	Bb4	70	80	
803	142.447917	F#3	54	53	801	151.000000	F#3	54	80	
804	142.661458	F3	53	49	802	151.250000	F3	53	80	
805	142.857292	Eb3	51	53	804	151.500000	Eb3	51	80	
806	142.866667	C4	60	56	803	151.500000	C4	60	80	
807	143.067708	C#3	49	62	806	151.750000	C#3	49	80	
808	143.069792	C#4	61	62	805	151.750000	C#4	61	80	
809	143.276042	C3	48	53	808	152.000000	C3	48	80	
810	143.307292	Eb4	63	69	807	152.000000	Eb4	63	80	
811	143.508333	C#3	49	55	809	152.250000	C#3	49	80	
812	143.732292	G#4	68	68	810	152.500000	G#4	68	80	
813	143.743750	Eb3	51	35	812	152.500000	Eb3	51	80	
814	143.743750	F3	53	53	811	152.500000	F#3	54	80	
815	143.923958	C#3	49	61	813	152.750000	C3	48	80	
816	144.201042	C#5	73	63	814	153.000000	C#5	73	80	
817	144.209375	F3	53	63	815	153.000000	F3	53	80	
818	144.233333	Bb2	46	47	816	153.000000	C#3	49	80	
819	144.402083	F4	65	55	817	153.250000	F4	65	80	
820	144.662500	G3	55	51	819	153.500000	G3	55	80	
821	144.666667	C3	48	52	820	153.500000	Bb2	46	80	
822	144.668750	Bb4	70	63	818	153.500000	Bb4	70	80	
823	145.110417	C5	72	69	821	154.000000	C5	72	80	
824	145.122917	F3	53	58	823	154.000000	C3	48	80	
825	145.133333	A4	69	64	822	154.000000	A4	69	80	
826	145.598958	G#4	68	63	824	154.500000	G#4	68	80	
827	145.612500	E3	52	53	825	154.500000	F3	53	80	
828	146.055208	G4	67	65	826	155.000000	G4	67	80	
829	146.497917	Bb4	70	64	827	155.500000	Bb4	70	80	
830	146.520833	E3	52	55	828	155.500000	E3	52	80	
831	146.988542	A4	69	60	829	156.000000	A4	69	80	
832	146.998958	F2	41	43	831	156.000000	F2	41	80	
833	147.027083	F3	53	34	830	156.000000	F3	53	80	
834	147.467708	Eb5	75	61	832	156.500000	Eb5	75	80	
835	147.480208	A3	57	49	834	156.500000	A3	57	80	
836	147.505208	F#4	66	38	833	156.500000	F#4	66	80	
837	147.933333	C#5	73	66	835	157.000000	C#5	73	80	
838	147.958333	Bb3	58	37	837	157.000000	Bb3	58	80	
839	147.966667	F4	65	39	836	157.000000	F4	65	80	
840	148.404167	G#3	56	44	839	157.500000	G#3	56	80	
841	148.412500	E4	64	52	838	157.500000	E4	64	80	
842	148.619792	G3	55	50	840	157.750000	G3	55	80	
843	148.863542	Eb4	63	55	841	158.000000	Eb4	63	80	
844	148.886458	G#3	56	44	842	158.000000	G#3	56	80	
845	149.301042	B4	71	57	843	158.500000	B4	71	80	
846	149.311458	F#3	54	45	845	158.500000	F#3	54	80	
847	149.330208	D4	62	49	844	158.500000	D4	62	80	
848	149.529167	F3	53	49	846	158.750000	F3	53	80	
849	149.787500	Bb4	70	56	847	159.000000	Bb4	70	80	
850	149.793750	F#3	54	33	849	159.000000	F#3	54	80	
851	149.796875	C#4	61	40	848	159.000000	C#4	61	80	
852	149.993750	C#5	73	60	850	159.250000	C#5	73	80	
853	150.203125	B4	71	53	851	159.500000	B4	71	80	
854	150.418750	Bb4	70	57	852	159.750000	Bb4	70	80	
855	150.659375	G#4	68	55	853	160.000000	G#4	68	80	
856	150.666667	F3	53	52	854	160.000000	F3	53	80	
857	150.871875	B4	71	53	855	160.250000	B4	71	80	
858	151.102083	Bb4	70	64	856	160.500000	Bb4	70	80	
859	151.318750	G#4	68	61	857	160.750000	G#4	68	80	
860	151.545833	Eb3	51	56	859	161.000000	Eb3	51	80	
861	151.551042	F#4	66	61	858	161.000000	F#4	66	80	
862	151.775000	Bb4	70	61	860	161.250000	Bb4	70	80	
863	152.003125	G#4	68	63	861	161.500000	G#4	68	80	
864	152.005208	B3	59	55	862	161.500000	B3	59	80	
865	152.205208	F#4	66	64	863	161.750000	F#4	66	80	
866	152.426042	F4	65	61	864	162.000000	F4	65	80	
867	152.454167	C#3	49	57	865	162.000000	C#3	49	80	
868	152.640625	G#4	68	62	866	162.250000	G#4	68	80	
869	152.893750	F#4	66	59	867	162.500000	F#4	66	80	
870	152.910417	Bb3	58	49	868	162.500000	Bb3	58	80	
871	153.100000	G#3	56	49	869	162.750000	G#3	56	80	
872	153.346875	F#3	54	51	870	163.000000	F#3	54	80	
873	153.557292	Bb3	58	60	871	163.250000	Bb3	58	80	
874	153.771875	F4	65	69	872	163.500000	F4	65	80	
875	153.802083	G#3	56	51	873	163.500000	G#3	56	80	
876	154.001042	F#3	54	44	874	163.750000	F#3	54	80	
877	154.220833	B4	71	68	875	164.000000	B4	71	80	
878	154.259375	F3	53	34	876	164.000000	F3	53	80	
879	154.464583	G#3	56	55	877	164.250000	G#3	56	80	
880	154.671875	G3	55	55	879	164.500000	G3	55	80	
881	154.684375	Bb4	70	64	878	164.500000	Bb4	70	80	
882	154.876042	F3	53	56	881	164.750000	F3	53	80	
883	154.883333	G#4	68	68	880	164.750000	G#4	68	80	
884	155.140625	Bb4	70	65	882	165.000000	Bb4	70	80	
885	155.156250	G3	55	59	883	165.000000	G3	55	80	
886	155.614583	B2	47	55	885	165.500000	B2	47	80	
887	155.621875	Eb5	75	66	884	165.500000	Eb5	75	80	
888	155.825000	Bb2	46	65	886	165.750000	Bb2	46	80	
889	156.078125	G#3	56	58	887	166.000000	G#3	56	80	
890	156.089583	B2	47	64	888	166.000000	B2	47	80	
891	156.543750	C#5	73	72	889	166.500000	C#5	73	80	
892	156.557292	E3	52	56	890	166.500000	E3	52	80	
893	156.732292	B4	71	74	891	166.750000	B4	71	80	
894	156.982292	C#5	73	74	892	167.000000	C#5	73	80	
895	156.986458	Bb3	58	65	893	167.000000	Bb3	58	80	
896	157.425000	F#5	78	73	894	167.500000	F#5	78	80	
897	157.478125	Eb3	51	58	895	167.500000	Eb3	51	80	
898	157.652083	C#3	49	60	896	167.750000	C#3	49	80	
899	157.907292	B3	59	73	897	168.000000	B3	59	80	
900	157.916667	Eb3	51	52	898	168.000000	Eb3	51	80	
901	158.386458	E5	76	48	899	168.500000	E5	76	80	
902	158.392708	G#3	56	55	900	168.500000	G#3	56	80	
903	158.461458	F5	77	10	*	-1	*	-1	-1	
904	158.591667	Eb5	75	63	901	168.750000	Eb5	75	80	
905	158.826042	C#5	73	65	902	169.000000	C#5	73	80	
906	158.837500	Bb3	58	57	903	169.000000	Bb3	58	80	
907	159.030208	B4	71	62	904	169.250000	B4	71	80	
908	159.245833	Bb4	70	59	905	169.500000	Bb4	70	80	
909	159.251042	G3	55	53	906	169.500000	G3	55	80	
910	159.455208	F3	53	55	908	169.750000	F3	53	80	
911	159.456250	G#4	68	64	907	169.750000	G#4	68	80	
912	159.720833	Bb4	70	65	909	170.000000	Bb4	70	80	
913	159.735417	G3	55	57	910	170.000000	G3	55	80	
914	160.169792	G#3	56	60	912	170.500000	G#3	56	80	
915	160.173958	E4	64	59	911	170.500000	E4	64	80	
916	160.381250	Bb3	58	52	913	170.750000	Bb3	58	80	
917	160.672917	Eb3	51	68	916	171.000000	Eb3	51	80	
918	160.697917	Eb4	63	47	914	171.000000	Eb4	63	80	
919	160.701042	B3	59	48	915	171.000000	B3	59	80	
920	161.181250	G#4	68	57	917	171.500000	G#4	68	80	
921	161.656250	C#3	49	62	919	172.000000	C#3	49	80	
922	161.677083	Bb3	58	50	918	172.000000	Bb3	58	80	
923	162.120833	G4	67	59	920	172.500000	G4	67	80	
924	162.590625	G#4	68	56	921	173.000000	G#4	68	80	
925	162.596875	G#3	56	49	922	173.000000	G#3	56	80	
926	163.048958	B2	47	63	924	173.500000	B2	47	80	
927	163.055208	Bb3	58	54	923	173.500000	Bb3	58	80	
928	163.248958	B3	59	63	925	173.750000	B3	59	80	
929	163.513542	Bb2	46	71	927	174.000000	Bb2	46	80	
930	163.533333	C#4	61	67	926	174.000000	C#4	61	80	
931	163.988542	G#5	80	75	928	174.500000	G#5	80	80	
932	163.991667	E3	52	59	930	174.500000	E3	52	80	
933	164.015625	D5	74	46	929	174.500000	D5	74	80	
934	164.266667	Eb3	51	42	933	175.000000	Eb3	51	80	
935	164.429167	G5	79	67	931	175.000000	G5	79	80	
936	164.468750	Eb5	75	61	932	175.000000	Eb5	75	80	
937	164.629167	F#5	78	19	934	175.250000	Bb4	70	80	
938	164.884375	F#5	78	68	935	175.500000	F#5	78	80	
939	164.903125	Eb5	75	59	936	175.500000	Eb5	75	80	
940	164.904167	Eb4	63	58	937	175.500000	Eb4	63	80	
941	165.322917	F5	77	74	938	176.000000	F5	77	80	
942	165.332292	F4	65	57	939	176.000000	F4	65	80	
943	165.340625	C#5	73	50	940	176.250000	C#5	73	80	
944	165.586458	B4	71	40	942	176.500000	B4	71	80	
945	165.762500	C#3	49	67	944	176.500000	C#3	49	80	
946	165.769792	G4	67	64	943	176.500000	G4	67	80	
947	165.773958	E5	76	70	941	176.500000	E5	76	80	
948	165.987500	B4	71	48	945	176.750000	Bb4	70	80	
949	166.237500	B2	47	62	949	177.000000	B2	47	80	
950	166.238542	B4	71	47	947	177.000000	B4	71	80	
951	166.238542	Eb5	75	74	946	177.000000	Eb5	75	80	
952	166.259375	G#4	68	46	948	177.000000	G#4	68	80	
953	166.467708	Eb3	51	55	950	177.250000	Eb3	51	80	
954	166.672917	C#3	49	63	951	177.500000	C#3	49	80	
955	166.890625	B2	47	61	952	177.750000	B2	47	80	
956	167.128125	C#5	73	65	953	178.000000	C#5	73	80	
957	167.140625	Bb2	46	62	955	178.000000	Bb2	46	80	
958	167.140625	G4	67	53	954	178.000000	G4	67	80	
959	167.336458	C#3	49	57	956	178.250000	C#3	49	80	
960	167.575000	B2	47	63	957	178.500000	B2	47	80	
961	167.792708	Bb2	46	63	958	178.750000	Bb2	46	80	
962	167.997917	B4	71	64	959	179.000000	B4	71	80	
963	168.010417	G#4	68	56	960	179.000000	G#4	68	80	
964	168.033333	G#2	44	58	961	179.000000	G#2	44	80	
965	168.251042	B2	47	53	962	179.250000	B2	47	80	
966	168.464583	Bb2	46	64	963	179.500000	Bb2	46	80	
967	168.677083	G#2	44	60	964	179.750000	G#2	44	80	
968	168.902083	Bb4	70	60	965	180.000000	Bb4	70	80	
969	168.912500	G2	43	60	967	180.000000	G2	43	80	
970	168.913542	Eb4	63	60	966	180.000000	Eb4	63	80	
971	169.130208	Bb2	46	59	968	180.250000	Bb2	46	80	
972	169.370833	C#5	73	67	969	180.500000	C#5	73	80	
973	169.384375	G#2	44	57	970	180.500000	G#2	44	80	
974	169.585417	B4	71	69	971	180.750000	B4	71	80	
975	169.815625	C#5	73	66	972	181.000000	C#5	73	80	
976	170.027083	E5	76	66	973	181.250000	E5	76	80	
977	170.243750	G2	43	61	975	181.500000	G2	43	80	
978	170.257292	Eb5	75	60	974	181.500000	Eb5	75	80	
979	170.477083	C#5	73	64	976	181.750000	C#5	73	80	
980	170.710417	B4	71	68	977	182.000000	B4	71	80	
981	170.716667	E4	64	55	978	182.000000	E4	64	80	
982	170.720833	C#3	49	53	979	182.000000	C#3	49	80	
983	170.909375	Bb4	70	64	980	182.250000	Bb4	70	80	
984	171.132292	G#4	68	60	981	182.500000	G#4	68	80	
985	171.152083	B2	47	52	982	182.500000	B2	47	80	
986	171.328125	G4	67	65	983	182.750000	G4	67	80	
987	171.338542	Bb2	46	55	984	182.750000	Bb2	46	80	
988	171.598958	B2	47	58	986	183.000000	B2	47	80	
989	171.607292	G#4	68	58	985	183.000000	G#4	68	80	
990	172.060417	Eb4	63	54	987	183.500000	Eb4	63	80	
991	172.083333	B3	59	44	988	183.500000	B3	59	80	
992	172.259375	C#4	61	57	989	183.750000	C#4	61	80	
993	172.271875	Bb3	58	53	990	183.750000	Bb3	58	80	
994	172.521875	Eb4	63	58	991	184.000000	Eb4	63	80	
995	172.523958	B3	59	59	992	184.000000	B3	59	80	
996	172.716667	F4	65	62	993	184.250000	F4	65	80	
997	172.957292	F#4	66	63	994	184.500000	F#4	66	80	
998	172.960417	Eb4	63	61	995	184.500000	Eb4	63	80	
999	173.415625	C4	60	69	996	185.000000	C4	60	80	
1000	173.872917	F4	65	62	997	185.500000	F4	65	80	
1001	173.885417	G#3	56	61	998	185.500000	G#3	56	80	
1002	174.071875	Eb4	63	69	999	185.750000	Eb4	63	80	
1003	174.319792	F4	65	62	1000	186.000000	F4	65	80	
1004	174.333333	C#4	61	64	1001	186.000000	C#4	61	80	
1005	174.542708	Bb4	70	61	1002	186.250000	Bb4	70	80	
1006	174.763542	G#4	68	64	1003	186.500000	G#4	68	80	
1007	174.768750	G#3	56	61	1004	186.500000	G#3	56	80	
1008	174.952083	F#4	66	64	1005	186.750000	F#4	66	80	
1009	175.189583	F3	53	58	1007	187.000000	F3	53	80	
1010	175.191667	G#4	68	66	1006	187.000000	G#4	68	80	
1011	175.389583	Bb4	70	69	1008	187.250000	Bb4	70	80	
1012	175.652083	B4	71	70	1009	187.500000	B4	71	80	
1013	175.656250	C#3	49	57	1010	187.500000	C#3	49	80	
1014	176.083333	F3	53	61	1011	188.000000	F3	53	80	
1015	176.552083	G#3	56	59	1013	188.500000	G#3	56	80	
1016	176.555208	Bb4	70	69	1012	188.500000	Bb4	70	80	
1017	176.755208	G#4	68	64	1014	188.750000	G#4	68	80	
1018	176.994792	Bb4	70	62	1015	189.000000	Bb4	70	80	
1019	177.003125	D3	50	63	1016	189.000000	D3	50	80	
1020	177.211458	F#4	66	66	1017	189.250000	F#4	66	80	
1021	177.436458	D4	62	78	1019	189.500000	D4	62	80	
1022	177.443750	F4	65	66	1018	189.500000	F4	65	80	
1023	177.630208	C4	60	80	1021	189.750000	C4	60	80	
1024	177.637500	Eb4	63	69	1020	189.750000	Eb4	63	80	
1025	177.863542	F4	65	71	1022	190.000000	F4	65	80	
1026	177.878125	D4	62	78	1023	190.000000	D4	62	80	
1027	178.058333	F#4	66	75	1024	190.250000	F#4	66	80	
1028	178.303125	G#4	68	72	1025	190.500000	G#4	68	80	
1029	178.318750	F4	65	66	1026	190.500000	F4	65	80	
1030	178.762500	D4	62	72	1027	191.000000	D4	62	80	
1031	179.197917	Bb3	58	59	1029	191.500000	Bb3	58	80	
1032	179.208333	F#4	66	73	1028	191.500000	F#4	66	80	
1033	179.397917	F4	65	69	1030	191.750000	F4	65	80	
1034	179.670833	F#4	66	76	1031	192.000000	F#4	66	80	
1035	179.678125	Eb4	63	80	1032	192.000000	Eb4	63	80	
1036	179.869792	C5	72	70	1033	192.250000	C5	72	80	
1037	180.097917	Bb4	70	68	1034	192.500000	Bb4	70	80	
1038	180.098958	Eb3	51	69	1035	192.500000	Eb3	51	80	
1039	180.287500	A4	69	74	1036	192.750000	A4	69	80	
1040	180.539583	Bb4	70	74	1037	193.000000	Bb4	70	80	
1041	180.540625	F#3	54	70	1038	193.000000	F#3	54	80	
1042	180.729167	C5	72	77	1039	193.250000	C5	72	80	
1043	180.958333	C#5	73	79	1040	193.500000	C#5	73	80	
1044	180.973958	Bb3	58	75	1041	193.500000	Bb3	58	80	
1045	181.423958	Eb3	51	73	1042	194.000000	Eb3	51	80	
1046	181.880208	C5	72	79	1043	194.500000	C5	72	80	
1047	181.889583	F#3	54	72	1044	194.500000	F#3	54	80	
1048	182.076042	Bb4	70	81	1045	194.750000	Bb4	70	80	
1049	182.318750	A2	45	85	1047	195.000000	A2	45	80	
1050	182.326042	C5	72	67	1046	195.000000	C5	72	80	
1051	182.554167	C#5	73	76	1048	195.250000	C#5	73	80	
1052	182.776042	A3	57	91	1050	195.500000	A3	57	80	
1053	182.784375	C5	72	72	1049	195.500000	C5	72	80	
1054	182.978125	Bb4	70	80	1051	195.750000	Bb4	70	80	
1055	183.216667	C5	72	80	1052	196.000000	C5	72	80	
1056	183.219792	F4	65	81	1053	196.000000	F4	65	80	
1057	183.412500	Bb3	58	78	1055	196.250000	Bb3	58	80	
1058	183.412500	C#5	73	80	1054	196.250000	C#5	73	80	
1059	183.629167	Eb5	75	83	1056	196.500000	Eb5	75	80	
1060	183.641667	A3	57	74	1057	196.500000	A3	57	80	
1061	183.846875	G3	55	83	1058	196.750000	G3	55	80	
1062	184.096875	A3	57	88	1059	197.000000	A3	57	80	
1063	184.564583	F3	53	72	1062	197.500000	F3	53	80	
1064	184.576042	C#5	73	79	1060	197.500000	C#5	73	80	
1065	184.579167	A4	69	72	1061	197.500000	A4	69	80	
1066	184.771875	C5	72	77	1063	197.750000	C5	72	80	
1067	185.118750	F4	65	96	1066	198.000000	F4	65	80	
1068	185.118750	C#5	73	72	1064	198.000000	C#5	73	80	
1069	185.130208	Bb3	58	80	1067	198.000000	Bb3	58	80	
1070	185.131250	Bb4	70	67	1065	198.000000	Bb4	70	80	
1071	185.359375	C5	72	66	1068	198.250000	C5	72	80	
1072	185.642708	C#5	73	81	1069	198.500000	C#5	73	80	
1073	186.114583	F#5	78	92	1070	199.000000	F#5	78	80	
1074	186.139583	Eb4	63	72	1071	199.000000	Eb4	63	80	
1075	186.323958	C4	60	69	1072	199.250000	C4	60	80	
1076	186.556250	Bb3	58	72	1074	199.500000	Bb3	58	80	
1077	186.560417	C5	72	78	1073	199.500000	C5	72	80	
1078	186.752083	A3	57	76	1075	199.750000	A3	57	80	
1079	187.006250	F5	77	82	1076	200.000000	F5	77	80	
1080	187.017708	Bb3	58	80	1078	200.000000	Bb3	58	80	
1081	187.029167	C#5	73	73	1077	200.000000	C#5	73	80	
1082	187.481250	C#4	61	87	1080	200.500000	C#4	61	80	
1083	187.486458	F4	65	76	1079	200.500000	F4	65	80	
1084	187.923958	Eb4	63	86	1081	201.000000	Eb4	63	80	
1085	187.933333	C4	60	79	1082	201.000000	C4	60	80	
1086	188.134375	C4	60	80	1083	201.250000	C4	60	80	
1087	188.330208	Eb5	75	88	1084	201.500000	Eb5	75	80	
1088	188.350000	C5	72	80	1085	201.500000	C5	72	80	
1089	188.351042	Bb3	58	75	1087	201.500000	Bb3	58	80	
1090	188.365625	F#4	66	75	1086	201.500000	F#4	66	80	
1091	188.564583	A3	57	70	1088	201.750000	A3	57	80	
1092	188.825000	Bb3	58	71	1092	202.000000	Bb3	58	80	
1093	188.826042	D5	74	86	1089	202.000000	D5	74	80	
1094	188.835417	Bb4	70	79	1090	202.000000	Bb4	70	80	
1095	188.839583	F4	65	79	1091	202.000000	F4	65	80	
1096	189.286458	G#5	80	85	1093	202.500000	G#5	80	80	
1097	189.307292	D5	74	73	1094	202.500000	D5	74	80	
1098	189.379167	A5	81	51	*	-1	*	-1	-1	
1099	189.755208	F#5	78	85	1095	203.000000	F#5	78	80	
1100	189.769792	Eb5	75	77	1096	203.000000	Eb5	75	80	
1101	189.951042	C4	60	70	1097	203.250000	C4	60	80	
1102	190.165625	C5	72	81	1098	203.500000	C5	72	80	
1103	190.167708	Bb3	58	67	1100	203.500000	Bb3	58	80	
1104	190.182292	Eb4	63	74	1099	203.500000	Eb4	63	80	
1105	190.377083	A3	57	72	1101	203.750000	A3	57	80	
1106	190.616667	C#4	61	76	1102	204.000000	C#4	61	80	
1107	190.618750	Bb3	58	72	1103	204.000000	Bb3	58	80	
1108	190.818750	F4	65	74	1105	204.250000	F4	65	80	
1109	190.833333	A4	69	72	1104	204.250000	A4	69	80	
1110	191.039583	F5	77	85	1106	204.500000	F5	77	80	
1111	191.050000	Eb4	63	75	1108	204.500000	Eb4	63	80	
1112	191.055208	Bb4	70	72	1107	204.500000	Bb4	70	80	
1113	191.242708	C#4	61	76	1109	204.750000	C#4	61	80	
1114	191.489583	C4	60	73	1111	205.000000	C4	60	80	
1115	191.495833	Eb5	75	81	1110	205.000000	Eb5	75	80	
1116	191.706250	F#5	78	76	1112	205.250000	F#5	78	80	
1117	191.711458	Eb4	63	74	1113	205.250000	Eb4	63	80	
1118	191.913542	F3	53	76	1117	205.500000	F3	53	80	
1119	191.921875	F5	77	73	1114	205.500000	F5	77	80	
1120	191.922917	A4	69	76	1115	205.500000	A4	69	80	
1121	191.923958	C#4	61	72	1116	205.500000	C#4	61	80	
1122	192.119792	Eb5	75	80	1118	205.750000	Eb5	75	80	
1123	192.122917	C4	60	78	1119	205.750000	C4	60	80	
1124	192.335417	F#3	54	66	1123	206.000000	F#3	54	80	
1125	192.341667	Bb3	58	69	1122	206.000000	Bb3	58	80	
1126	192.343750	C#5	73	80	1120	206.000000	C#5	73	80	
1127	192.353125	Bb4	70	79	1121	206.000000	Bb4	70	80	
1128	192.567708	F5	77	78	1124	206.250000	F5	77	80	
1129	192.568750	C#4	61	74	1125	206.250000	C#4	61	80	
1130	192.753125	C4	60	74	1127	206.500000	C4	60	80	
1131	192.768750	Eb5	75	77	1126	206.500000	Eb5	75	80	
1132	192.967708	Bb3	58	71	1129	206.750000	Bb3	58	80	
1133	192.978125	C#5	73	77	1128	206.750000	C#5	73	80	
1134	193.185417	C5	72	77	1130	207.000000	C5	72	80	
1135	193.187500	A3	57	72	1131	207.000000	A3	57	80	
1136	193.382292	Eb5	75	78	1132	207.250000	Eb5	75	80	
1137	193.388542	C4	60	73	1133	207.250000	C4	60	80	
1138	193.593750	F3	53	63	1136	207.500000	F3	53	80	
1139	193.593750	Bb3	58	68	1135	207.500000	Bb3	58	80	
1140	193.608333	C#5	73	76	1134	207.500000	C#5	73	80	
1141	193.808333	C5	72	78	1137	207.750000	C5	72	80	
1142	193.811458	Eb3	51	80	1138	207.750000	Eb3	51	80	
1143	194.037500	F3	53	72	1140	208.000000	F3	53	80	
1144	194.041667	Bb4	70	74	1139	208.000000	Bb4	70	80	
1145	194.221875	C#5	73	73	1141	208.250000	C#5	73	80	
1146	194.484375	C5	72	78	1142	208.500000	C5	72	80	
1147	194.491667	A3	57	81	1143	208.500000	A3	57	80	
1148	194.965625	Eb4	63	86	1144	209.000000	Eb4	63	80	
1149	195.396875	Bb4	70	82	1145	209.500000	Bb4	70	80	
1150	195.401042	C#4	61	68	1146	209.500000	C#4	61	80	
1151	195.600000	C4	60	76	1147	209.750000	C4	60	80	
1152	195.868750	F5	77	77	1148	210.000000	F5	77	80	
1153	195.887500	C#4	61	72	1149	210.000000	C#4	61	80	
1154	196.322917	F3	53	64	1151	210.500000	F3	53	80	
1155	196.329167	Eb5	75	67	1150	210.500000	Eb5	75	80	
1156	196.526042	C#5	73	72	1152	210.750000	C#5	73	80	
1157	196.769792	Eb5	75	72	1153	211.000000	Eb5	75	80	
1158	196.779167	F#3	54	67	1154	211.000000	F#3	54	80	
1159	197.228125	G3	55	67	1156	211.500000	G3	55	80	
1160	197.243750	C4	60	69	1155	211.500000	C4	60	80	
1161	197.447917	Bb3	58	74	1157	211.750000	Bb3	58	80	
1162	197.702083	C4	60	73	1158	212.000000	C4	60	80	
1163	197.707292	G#3	56	76	1159	212.000000	G#3	56	80	
1164	198.127083	C#5	73	79	1160	212.500000	C#5	73	80	
1165	198.129167	F4	65	68	1161	212.500000	F4	65	80	
1166	198.133333	A3	57	74	1162	212.500000	A3	57	80	
1167	198.327083	C5	72	81	1163	212.750000	C5	72	80	
1168	198.583333	C#5	73	81	1164	213.000000	C#5	73	80	
1169	198.587500	Bb3	58	70	1165	213.000000	Bb3	58	80	
1170	198.781250	Eb5	75	83	1166	213.250000	Eb5	75	80	
1171	198.988542	Bb2	46	73	1169	213.500000	Bb2	46	80	
1172	199.004167	C#5	73	80	1167	213.500000	C#5	73	80	
1173	199.005208	E4	64	77	1168	213.500000	E4	64	80	
1174	199.184375	C3	48	71	1171	213.750000	C3	48	80	
1175	199.186458	C5	72	81	1170	213.750000	C5	72	80	
1176	199.451042	C#3	49	77	1174	214.000000	C#3	49	80	
1177	199.452083	Bb4	70	84	1172	214.000000	Bb4	70	80	
1178	199.456250	F4	65	79	1173	214.000000	F4	65	80	
1179	199.905208	Bb5	82	86	1175	214.500000	Bb5	82	80	
1180	199.917708	D3	50	60	1177	214.500000	D3	50	80	
1181	199.928125	G#3	56	72	1176	214.500000	G#3	56	80	
1182	200.353125	G3	55	80	1178	215.000000	G3	55	80	
1183	200.357292	Eb3	51	69	1179	215.000000	Eb3	51	80	
1184	200.554167	G#3	56	73	1180	215.250000	G#3	56	80	
1185	200.795833	E3	52	76	1183	215.500000	E3	52	80	
1186	200.796875	G#5	80	86	1181	215.500000	G#5	80	80	
1187	200.800000	Bb3	58	72	1182	215.500000	Bb3	58	80	
1188	200.997917	G5	79	86	1184	215.750000	G5	79	80	
1189	201.258333	C5	72	93	1186	216.000000	C5	72	80	
1190	201.269792	F3	53	68	1188	216.000000	F3	53	80	
1191	201.278125	G#3	56	69	1187	216.000000	G#3	56	80	
1192	201.291667	G#5	80	65	1185	216.000000	G#5	80	80	
1193	201.332292	A5	81	44	*	-1	*	-1	-1	
1194	201.365625	G#5	80	29	*	-1	*	-1	-1	
1195	201.508333	Bb3	58	73	1189	216.250000	Bb3	58	80	
1196	201.576042	F#5	78	22	*	-1	*	-1	-1	
1197	201.702083	G#3	56	70	1190	216.500000	G#3	56	80	
1198	201.712500	Eb3	51	80	1191	216.500000	Eb3	51	80	
1199	201.903125	G3	55	81	1192	216.750000	G3	55	80	
1200	202.162500	C#3	49	85	1195	217.000000	C#3	49	80	
1201	202.173958	Bb4	70	78	1193	217.000000	Bb4	70	80	
1202	202.178125	F3	53	68	1194	217.000000	F3	53	80	
1203	202.370833	E3	52	73	1196	217.250000	E3	52	80	
1204	202.594792	F3	53	78	1198	217.500000	F3	53	80	
1205	202.602083	G5	79	87	1197	217.500000	G5	79	80	
1206	202.809375	G3	55	80	1199	217.750000	G3	55	80	
1207	203.012500	C3	48	87	1201	218.000000	C3	48	80	
1208	203.108333	G3	55	28	1200	218.000000	G#3	56	80	
1209	203.234375	G3	55	31	1202	218.250000	G3	55	80	
1210	203.455208	G#3	56	76	1205	218.500000	G#3	56	80	
1211	203.457292	F5	77	89	1203	218.500000	F5	77	80	
1212	203.459375	G#4	68	84	1204	218.500000	G#4	68	80	
1213	203.667708	Bb3	58	82	1206	218.750000	Bb3	58	80	
1214	203.927083	E5	76	81	1207	219.000000	E5	76	80	
1215	203.937500	G4	67	77	1208	219.000000	G4	67	80	
1216	203.941667	C4	60	85	1209	219.000000	C4	60	80	
1217	204.368750	Bb2	46	89	1211	219.500000	Bb2	46	80	
1218	204.372917	C#5	73	80	1210	219.500000	C#5	73	80	
1219	204.870833	A2	45	92	1214	220.000000	A2	45	80	
1220	204.877083	Eb5	75	81	1212	220.000000	Eb5	75	80	
1221	204.888542	C5	72	70	1213	220.000000	C5	72	80	
1222	205.326042	A5	81	81	1215	220.500000	A5	81	80	
1223	205.333333	F#3	54	80	1216	220.500000	F#3	54	80	
1224	205.342708	Eb3	51	80	1217	220.500000	Eb3	51	80	
1225	205.772917	Bb5	82	86	1218	221.000000	Bb5	82	80	
1226	205.773958	C#3	49	74	1220	221.000000	C#3	49	80	
1227	205.777083	F3	53	80	1219	221.000000	F3	53	80	
1228	206.212500	Bb4	70	87	1222	221.500000	Bb4	70	80	
1229	206.222917	E5	76	81	1221	221.500000	E5	76	80	
1230	206.236458	G3	55	78	1223	221.500000	G3	55	80	
1231	206.677083	G#4	68	80	1225	222.000000	G#4	68	80	
1232	206.683333	F5	77	82	1224	222.000000	F5	77	80	
1233	206.697917	G#3	56	76	1226	222.000000	G#3	56	80	
1234	206.873958	Bb3	58	81	1228	222.250000	Bb3	58	80	
1235	206.878125	C5	72	75	1227	222.250000	C5	72	80	
1236	207.103125	C3	48	81	1231	222.500000	C3	48	80	
1237	207.109375	Bb4	70	79	1229	222.500000	Bb4	70	80	
1238	207.110417	C4	60	72	1230	222.500000	C4	60	80	
1239	207.293750	G#4	68	78	1232	222.750000	G#4	68	80	
1240	207.539583	E5	76	78	1233	223.000000	E5	76	80	
1241	207.551042	Bb2	46	77	1235	223.000000	Bb2	46	80	
1242	207.558333	G4	67	71	1234	223.000000	G4	67	80	
1243	207.742708	C#3	49	67	1237	223.250000	C#3	49	80	
1244	207.753125	Bb4	70	78	1236	223.250000	Bb4	70	80	
1245	207.959375	C3	48	77	1239	223.500000	C3	48	80	
1246	207.959375	G#4	68	83	1238	223.500000	G#4	68	80	
1247	208.155208	Bb2	46	76	1241	223.750000	Bb2	46	80	
1248	208.159375	G4	67	78	1240	223.750000	G4	67	80	
1249	208.396875	F5	77	83	1242	224.000000	F5	77	80	
1250	208.400000	G#2	44	74	1244	224.000000	G#2	44	80	
1251	208.406250	F4	65	86	1243	224.000000	F4	65	80	
1252	208.612500	G#4	68	76	1245	224.250000	G#4	68	80	
1253	208.619792	C3	48	71	1246	224.250000	C3	48	80	
1254	208.828125	Bb2	46	75	1248	224.500000	Bb2	46	80	
1255	208.842708	G4	67	80	1247	224.500000	G4	67	80	
1256	209.031250	G#2	44	72	1250	224.750000	G#2	44	80	
1257	209.031250	F4	65	79	1249	224.750000	F4	65	80	
1258	209.247917	G2	43	76	1253	225.000000	G2	43	80	
1259	209.252083	Bb4	70	81	1251	225.000000	Bb4	70	80	
1260	209.259375	E4	64	80	1252	225.000000	E4	64	80	
1261	209.470833	G4	67	77	1254	225.250000	G4	67	80	
1262	209.482292	Bb2	46	76	1255	225.250000	Bb2	46	80	
1263	209.687500	F4	65	76	1257	225.500000	F4	65	80	
1264	209.688542	C5	72	80	1256	225.500000	C5	72	80	
1265	209.689583	C4	60	79	1258	225.500000	C4	60	80	
1266	209.690625	G#2	44	74	1259	225.500000	G#2	44	80	
1267	209.879167	G2	43	73	1261	225.750000	G2	43	80	
1268	209.894792	Bb4	70	74	1260	225.750000	Bb4	70	80	
1269	210.118750	C#4	61	79	1263	226.000000	C#4	61	80	
1270	210.118750	G#4	68	81	1262	226.000000	G#4	68	80	
1271	210.136458	F2	41	73	1264	226.000000	F2	41	80	
1272	210.323958	G#2	44	77	1265	226.250000	G#2	44	80	
1273	210.559375	Bb4	70	79	1266	226.500000	Bb4	70	80	
1274	210.562500	E4	64	73	1267	226.500000	E4	64	80	
1275	210.563542	G2	43	80	1269	226.500000	G2	43	80	
1276	210.568750	Bb3	58	72	1268	226.500000	Bb3	58	80	
1277	210.765625	G#4	68	78	1270	226.750000	G#4	68	80	
1278	211.021875	G4	67	70	1271	227.000000	G4	67	80	
1279	211.027083	E3	52	77	1273	227.000000	E3	52	80	
1280	211.028125	Bb4	70	71	1272	227.000000	Bb4	70	80	
1281	211.495833	F2	41	79	1276	227.500000	F2	41	80	
1282	211.495833	G#4	68	73	1274	227.500000	G#4	68	80	
1283	211.515625	F3	53	53	1275	227.500000	F3	53	80	
1284	211.684375	G4	67	77	1277	227.750000	G4	67	80	
1285	211.925000	C3	48	78	1279	228.000000	C3	48	80	
1286	211.934375	G#4	68	78	1278	228.000000	G#4	68	80	
1287	212.134375	F4	65	79	1280	228.250000	F4	65	80	
1288	212.343750	G4	67	78	1281	228.500000	G4	67	80	
1289	212.344792	Bb2	46	81	1284	228.500000	Bb2	46	80	
1290	212.355208	C#4	61	77	1283	228.500000	C#4	61	80	
1291	212.541667	G#2	44	75	1285	228.750000	G#2	44	80	
1292	212.803125	C#5	73	80	1286	229.000000	C#5	73	80	
1293	212.810417	E3	52	67	1287	229.000000	E3	52	80	
1294	212.813542	Bb2	46	73	1288	229.000000	Bb2	46	80	
1295	213.248958	C5	72	70	1289	229.500000	C5	72	80	
1296	213.265625	G4	67	65	1290	229.500000	G4	67	80	
1297	213.271875	G2	43	70	1291	229.500000	G2	43	80	
1298	213.472917	Bb4	70	79	1292	229.750000	Bb4	70	80	
1299	213.731250	C5	72	71	1293	230.000000	C5	72	80	
1300	213.744792	G#2	44	64	1294	230.000000	G#2	44	80	
1301	214.195833	F4	65	57	1295	230.500000	F4	65	80	
1302	214.203125	D3	50	47	1296	230.500000	D3	50	80	
1303	214.391667	E4	64	57	1297	230.750000	E4	64	80	
1304	214.402083	C3	48	53	1298	230.750000	C3	48	80	
1305	214.646875	G#4	68	64	1299	231.000000	G#4	68	80	
1306	214.652083	F3	53	60	1300	231.000000	F3	53	80	
1307	215.069792	G2	43	68	1302	231.500000	G2	43	80	
1308	215.078125	Bb4	70	76	1301	231.500000	Bb4	70	80	
1309	215.252083	F2	41	75	1304	231.750000	F2	41	80	
1310	215.266667	G#4	68	77	1303	231.750000	G#4	68	80	
1311	215.526042	Bb2	46	75	1306	232.000000	Bb2	46	80	
1312	215.533333	C#5	73	79	1305	232.000000	C#5	73	80	
1313	215.979167	G4	67	70	1307	232.500000	G4	67	80	
1314	216.003125	Eb3	51	67	1308	232.500000	Eb3	51	80	
1315	216.160417	C#3	49	67	1310	232.750000	C#3	49	80	
1316	216.165625	F4	65	72	1309	232.750000	F4	65	80	
1317	216.437500	G3	55	80	1312	233.000000	G3	55	80	
1318	216.440625	Bb4	70	77	1311	233.000000	Bb4	70	80	
1319	216.853125	C5	72	85	1313	233.500000	C5	72	80	
1320	216.858333	G#2	44	74	1314	233.500000	G#2	44	80	
1321	217.038542	G2	43	76	1316	233.750000	G2	43	80	
1322	217.038542	Bb4	70	81	1315	233.750000	Bb4	70	80	
1323	217.296875	C3	48	79	1318	234.000000	C3	48	80	
1324	217.303125	Eb5	75	83	1317	234.000000	Eb5	75	80	
1325	217.743750	G#4	68	75	1319	234.500000	G#4	68	80	
1326	217.752083	F3	53	77	1320	234.500000	F3	53	80	
1327	217.866667	G4	67	19	*	-1	*	-1	-1	
1328	217.920833	Eb3	51	72	1322	234.750000	Eb3	51	80	
1329	217.937500	G4	67	60	1321	234.750000	G4	67	80	
1330	218.171875	G#3	56	83	1324	235.000000	G#3	56	80	
1331	218.180208	C5	72	80	1323	235.000000	C5	72	80	
1332	218.613542	C#5	73	87	1325	235.500000	C#5	73	80	
1333	218.623958	Bb2	46	78	1326	235.500000	Bb2	46	80	
1334	218.789583	G#2	44	81	1328	235.750000	G#2	44	80	
1335	218.789583	C5	72	80	1327	235.750000	C5	72	80	
1336	219.068750	C#3	49	80	1330	236.000000	C#3	49	80	
1337	219.069792	F5	77	89	1329	236.000000	F5	77	80	
1338	219.118750	Eb5	75	31	*	-1	*	-1	-1	
1339	219.527083	Bb4	70	81	1331	236.500000	Bb4	70	80	
1340	219.538542	G3	55	79	1332	236.500000	G3	55	80	
1341	219.709375	F3	53	78	1334	236.750000	F3	53	80	
1342	219.714583	G#4	68	82	1333	236.750000	G#4	68	80	
1343	220.010417	Eb5	75	89	1335	237.000000	Eb5	75	80	
1344	220.017708	G4	67	84	1336	237.000000	G4	67	80	
1345	220.032292	Bb3	58	85	1337	237.000000	Bb3	58	80	
1346	220.505208	G#4	68	82	1338	237.500000	G#4	68	80	
1347	220.509375	C4	60	87	1339	237.500000	C4	60	80	
1348	220.510417	C3	48	78	1340	237.500000	C3	48	80	
1349	221.047917	G3	55	92	1343	238.000000	G3	55	80	
1350	221.055208	Bb4	70	80	1342	238.000000	Bb4	70	80	
1351	221.062500	C#5	73	76	1341	238.000000	C#5	73	80	
1352	221.079167	Bb2	46	66	1344	238.000000	Bb2	46	80	
1353	221.572917	Eb3	51	78	1346	238.500000	Eb3	51	80	
1354	221.575000	Bb3	58	80	1345	238.500000	Bb3	58	80	
1355	222.060417	G#3	56	85	1348	239.000000	G#3	56	80	
1356	222.070833	C4	60	76	1347	239.000000	C4	60	80	
1357	222.522917	D3	50	74	1351	239.500000	D3	50	80	
1358	222.522917	C5	72	86	1349	239.500000	C5	72	80	
1359	222.537500	G#4	68	72	1350	239.500000	G#4	68	80	
1360	222.993750	Bb4	70	84	1352	240.000000	Bb4	70	80	
1361	222.996875	Eb3	51	73	1353	240.000000	Eb3	51	80	
1362	223.435417	F5	77	81	1354	240.500000	F5	77	80	
1363	223.445833	Bb3	58	94	1356	240.500000	Bb3	58	80	
1364	223.447917	G4	67	74	1355	240.500000	G4	67	80	
1365	223.476042	C#3	49	75	1357	240.500000	C#3	49	80	
1366	223.895833	C4	60	87	1360	241.000000	C4	60	80	
1367	223.895833	Eb5	75	78	1358	241.000000	Eb5	75	80	
1368	223.898958	G#4	68	80	1359	241.000000	G#4	68	80	
1369	223.902083	C3	48	78	1361	241.000000	C3	48	80	
1370	224.101042	Eb3	51	72	1362	241.250000	Eb3	51	80	
1371	224.307292	F3	53	87	1363	241.500000	F3	53	80	
1372	224.312500	C#3	49	81	1364	241.500000	C#3	49	80	
1373	224.537500	C3	48	76	1365	241.750000	C3	48	80	
1374	224.760417	Bb4	70	90	1366	242.000000	Bb4	70	80	
1375	224.773958	G3	55	80	1367	242.000000	G3	55	80	
1376	224.776042	Bb2	46	76	1368	242.000000	Bb2	46	80	
1377	224.986458	C#3	49	72	1369	242.250000	C#3	49	80	
1378	225.206250	C3	48	74	1371	242.500000	C3	48	80	
1379	225.207292	C#5	73	87	1370	242.500000	C#5	73	80	
1380	225.435417	Bb2	46	76	1372	242.750000	Bb2	46	80	
1381	225.666667	C5	72	76	1373	243.000000	C5	72	80	
1382	225.672917	G#2	44	78	1375	243.000000	G#2	44	80	
1383	225.673958	Eb4	63	75	1374	243.000000	Eb4	63	80	
1384	225.897917	Eb5	75	77	1376	243.250000	Eb5	75	80	
1385	226.113542	C#5	73	72	1377	243.500000	C#5	73	80	
1386	226.121875	G#3	56	81	1379	243.500000	G#3	56	80	
1387	226.138542	G#4	68	59	1378	243.500000	G#4	68	80	
1388	226.316667	C5	72	74	1380	243.750000	C5	72	80	
1389	226.554167	G4	67	66	1382	244.000000	G4	67	80	
1390	226.556250	Bb3	58	80	1383	244.000000	Bb3	58	80	
1391	226.562500	Bb4	70	72	1381	244.000000	Bb4	70	80	
1392	226.750000	G3	55	67	1385	244.250000	G3	55	80	
1393	226.762500	C#5	73	77	1384	244.250000	C#5	73	80	
1394	226.961458	G#3	56	75	1388	244.500000	G#3	56	80	
1395	226.983333	C5	72	71	1386	244.500000	C5	72	80	
1396	226.984375	F#4	66	66	1387	244.500000	F#4	66	80	
1397	227.163542	Bb3	58	80	1390	244.750000	Bb3	58	80	
1398	227.175000	Bb4	70	77	1389	244.750000	Bb4	70	80	
1399	227.377083	G#4	68	72	1391	245.000000	G#4	68	80	
1400	227.381250	G#3	56	71	1394	245.000000	G#3	56	80	
1401	227.391667	C4	60	72	1393	245.000000	C4	60	80	
1402	227.392708	F4	65	64	1392	245.000000	F4	65	80	
1403	227.612500	C5	72	70	1395	245.250000	C5	72	80	
1404	227.627083	G#3	56	75	1396	245.250000	G#3	56	80	
1405	227.826042	Bb4	70	76	1397	245.500000	Bb4	70	80	
1406	227.828125	Bb3	58	71	1399	245.500000	Bb3	58	80	
1407	227.842708	E4	64	65	1398	245.500000	E4	64	80	
1408	228.016667	C4	60	70	1401	245.750000	C4	60	80	
1409	228.041667	G#4	68	75	1400	245.750000	G#4	68	80	
1410	228.244792	C#4	61	70	1404	246.000000	C#4	61	80	
1411	228.256250	G4	67	77	1402	246.000000	G4	67	80	
1412	228.270833	Eb4	63	69	1403	246.000000	Eb4	63	80	
1413	228.465625	Bb3	58	69	1406	246.250000	Bb3	58	80	
1414	228.465625	Bb4	70	76	1405	246.250000	Bb4	70	80	
1415	228.680208	C4	60	62	1408	246.500000	C4	60	80	
1416	228.680208	G#4	68	76	1407	246.500000	G#4	68	80	
1417	228.687500	G#3	56	59	1409	246.500000	G#3	56	80	
1418	228.898958	C#4	61	64	1410	246.750000	C#4	61	80	
1419	229.126042	G3	55	62	1412	247.000000	G3	55	80	
1420	229.128125	Eb4	63	64	1411	247.000000	Eb4	63	80	
1421	229.320833	G#3	56	57	1414	247.250000	G#3	56	80	
1422	229.333333	C4	60	52	1413	247.250000	C4	60	80	
1423	229.365625	B3	59	34	*	-1	*	-1	-1	
1424	229.565625	G4	67	73	1415	247.500000	G4	67	80	
1425	229.578125	Bb3	58	65	1417	247.500000	Bb3	58	80	
1426	229.587500	C#4	61	57	1416	247.500000	C#4	61	80	
1427	230.066667	Eb3	51	54	1419	248.000000	Eb3	51	80	
1428	230.086458	C#5	73	58	1418	248.000000	C#5	73	80	
1429	230.554167	C5	72	60	1420	248.500000	C5	72	80	
1430	230.556250	Eb4	63	65	1421	248.500000	Eb4	63	80	
1431	230.559375	F#3	54	60	1422	248.500000	F#3	54	80	
1432	230.759375	Bb4	70	63	1423	248.750000	Bb4	70	80	
1433	231.000000	C5	72	65	1424	249.000000	C5	72	80	
1434	231.013542	G#3	56	58	1425	249.000000	G#3	56	80	
1435	231.446875	C#5	73	65	1426	249.500000	C#5	73	80	
1436	231.466667	Bb3	58	53	1427	249.500000	Bb3	58	80	
1437	231.467708	F3	53	53	1428	249.500000	F3	53	80	
1438	231.644792	C4	60	64	1429	249.750000	C4	60	80	
1439	231.903125	Bb3	58	63	1431	250.000000	Bb3	58	80	
1440	231.908333	F#4	66	65	1430	250.000000	F#4	66	80	
1441	232.380208	C4	60	45	1432	250.500000	C4	60	80	
1442	232.381250	Eb3	51	63	1433	250.500000	Eb3	51	80	
1443	232.571875	C#4	61	50	1434	250.750000	C#4	61	80	
1444	232.829167	Bb2	46	62	1436	251.000000	Bb2	46	80	
1445	232.832292	Eb4	63	52	1435	251.000000	Eb4	63	80	
1446	233.270833	F#4	66	72	1437	251.500000	F#4	66	80	
1447	233.279167	C3	48	62	1438	251.500000	C3	48	80	
1448	233.486458	C#3	49	67	1439	251.750000	C#3	49	80	
1449	233.746875	C3	48	65	1441	252.000000	C3	48	80	
1450	233.748958	Eb5	75	71	1440	252.000000	Eb5	75	80	
1451	234.178125	C#5	73	71	1442	252.500000	C#5	73	80	
1452	234.193750	G#2	44	59	1444	252.500000	G#2	44	80	
1453	234.205208	F#4	66	52	1443	252.500000	F#4	66	80	
1454	234.382292	C5	72	77	1445	252.750000	C5	72	80	
1455	234.638542	Bb2	46	71	1447	253.000000	Bb2	46	80	
1456	234.650000	C#5	73	77	1446	253.000000	C#5	73	80	
1457	235.069792	Eb5	75	77	1448	253.500000	Eb5	75	80	
1458	235.082292	F4	65	72	1449	253.500000	F4	65	80	
1459	235.087500	C3	48	67	1450	253.500000	C3	48	80	
1460	235.261458	Eb4	63	72	1451	253.750000	Eb4	63	80	
1461	235.545833	C#3	49	68	1454	254.000000	C#3	49	80	
1462	235.546875	G#4	68	72	1452	254.000000	G#4	68	80	
1463	235.552083	F4	65	72	1453	254.000000	F4	65	80	
1464	236.006250	G#4	68	78	1455	254.500000	G#4	68	80	
1465	236.023958	B2	47	69	1456	254.500000	B2	47	80	
1466	236.489583	Bb2	46	68	1458	255.000000	Bb2	46	80	
1467	236.492708	D4	62	80	1457	255.000000	D4	62	80	
1468	236.937500	G#4	68	86	1459	255.500000	G#4	68	80	
1469	236.944792	G#2	44	65	1460	255.500000	G#2	44	80	
1470	237.121875	F#2	42	76	1461	255.750000	F#2	42	80	
1471	237.383333	F5	77	84	1462	256.000000	F5	77	80	
1472	237.390625	G#2	44	77	1463	256.000000	G#2	44	80	
1473	237.528125	Bb2	46	6	*	-1	*	-1	-1	
1474	237.853125	Bb3	58	80	1465	256.500000	Bb3	58	80	
1475	237.856250	Eb5	75	85	1464	256.500000	Eb5	75	80	
1476	237.867708	Bb2	46	66	1466	256.500000	Bb2	46	80	
1477	238.040625	D5	74	85	1467	256.750000	D5	74	80	
1478	238.287500	Eb5	75	82	1468	257.000000	Eb5	75	80	
1479	238.293750	C3	48	79	1470	257.000000	C3	48	80	
1480	238.294792	G#4	68	80	1469	257.000000	G#4	68	80	
1481	238.717708	F5	77	78	1471	257.500000	F5	77	80	
1482	238.725000	D3	50	80	1473	257.500000	D3	50	80	
1483	238.730208	F#4	66	76	1472	257.500000	F#4	66	80	
1484	238.923958	F4	65	76	1474	257.750000	F4	65	80	
1485	239.150000	Bb4	70	80	1475	258.000000	Bb4	70	80	
1486	239.157292	F#4	66	75	1476	258.000000	F#4	66	80	
1487	239.167708	Eb3	51	75	1477	258.000000	Eb3	51	80	
1488	239.343750	D3	50	75	1479	258.250000	D3	50	80	
1489	239.353125	F4	65	82	1478	258.250000	F4	65	80	
1490	239.581250	Eb3	51	75	1481	258.500000	Eb3	51	80	
1491	239.583333	F#4	66	85	1480	258.500000	F#4	66	80	
1492	239.771875	F3	53	77	1482	258.750000	F3	53	80	
1493	240.026042	C4	60	84	1483	259.000000	C4	60	80	
1494	240.028125	F#3	54	72	1484	259.000000	F#3	54	80	
1495	240.500000	A4	69	83	1485	259.500000	A4	69	80	
1496	240.515625	F3	53	68	1486	259.500000	F3	53	80	
1497	240.694792	G4	67	88	1487	259.750000	G4	67	80	
1498	240.935417	A4	69	91	1488	260.000000	A4	69	80	
1499	240.939583	Eb3	51	76	1489	260.000000	Eb3	51	80	
1500	241.389583	Bb3	58	84	1491	260.500000	Bb3	58	80	
1501	241.390625	Bb4	70	88	1490	260.500000	Bb4	70	80	
1502	241.407292	C#3	49	77	1492	260.500000	C#3	49	80	
1503	241.877083	Eb4	63	86	1493	261.000000	Eb4	63	80	
1504	241.903125	C3	48	74	1494	261.000000	C3	48	80	
1505	242.332292	C#3	49	75	1496	261.500000	C#3	49	80	
1506	242.337500	A3	57	81	1495	261.500000	A3	57	80	
1507	242.544792	G3	55	83	1497	261.750000	G3	55	80	
1508	242.783333	A3	57	89	1498	262.000000	A3	57	80	
1509	242.788542	C3	48	79	1499	262.000000	C3	48	80	
1510	243.253125	C4	60	92	1500	262.500000	C4	60	80	
1511	243.264583	B2	47	79	*	-1	*	-1	-1	
1512	243.300000	Bb2	46	24	1501	262.500000	Bb2	46	80	
1513	243.775000	F3	53	92	1502	263.000000	F3	53	80	
1514	243.795833	A2	45	76	1503	263.000000	A2	45	80	
1515	243.805208	G2	43	73	*	-1	*	-1	-1	
1516	244.290625	F2	41	84	1505	263.500000	F2	41	80	
1517	244.295833	C#4	61	89	1504	263.500000	C#4	61	80	
1518	244.537500	C4	60	86	1506	263.750000	C4	60	80	
1519	244.871875	Bb2	46	97	1508	264.000000	Bb2	46	80	
1520	244.887500	C#4	61	87	1507	264.000000	C#4	61	80	
1521	245.471875	Bb4	70	88	1509	264.500000	Bb4	70	80	
1522	245.501042	Eb3	51	72	1510	264.500000	Eb3	51	80	
1523	245.668750	C#3	49	80	1511	264.750000	C#3	49	80	
1524	245.918750	C3	48	74	1514	265.000000	C3	48	80	
1525	245.928125	F#4	66	92	1512	265.000000	F#4	66	80	
1526	245.936458	Eb3	51	70	1513	265.000000	Eb3	51	80	
1527	246.388542	A4	69	84	1515	265.500000	A4	69	80	
1528	246.391667	Eb4	63	80	1516	265.500000	Eb4	63	80	
1529	246.838542	Bb4	70	82	1517	266.000000	Bb4	70	80	
1530	246.845833	F4	65	83	1518	266.000000	F4	65	80	
1531	247.270833	C#3	49	87	1520	266.500000	C#3	49	80	
1532	247.277083	C#4	61	84	1519	266.500000	C#4	61	80	
1533	247.500000	G4	67	78	1521	266.750000	G#4	68	80	
1534	247.741667	F#4	66	80	1522	267.000000	F#4	66	80	
1535	247.752083	Eb3	51	93	1523	267.000000	Eb3	51	80	
1536	248.209375	Eb4	63	87	1524	267.500000	Eb4	63	80	
1537	248.212500	A2	45	69	1526	267.500000	A2	45	80	
1538	248.215625	C4	60	82	1525	267.500000	C4	60	80	
1539	248.698958	Bb2	46	71	1529	268.000000	Bb2	46	80	
1540	248.702083	D4	62	90	1528	268.000000	D4	62	80	
1541	248.708333	F4	65	81	1527	268.000000	F4	65	80	
1542	249.139583	D5	74	88	1530	268.500000	D5	74	80	
1543	249.152083	B3	59	88	1532	268.500000	B3	59	80	
1544	249.154167	G#4	68	81	1531	268.500000	G#4	68	80	
1545	249.510417	Eb5	75	22	1533	269.000000	Eb5	75	80	
1546	249.614583	F#4	66	83	1534	269.000000	F#4	66	80	
1547	249.617708	Eb5	75	92	*	-1	*	-1	-1	
1548	249.629167	Bb3	58	75	1535	269.000000	Bb3	58	80	
1549	249.630208	C3	48	81	*	-1	*	-1	-1	
1550	249.697917	G#3	56	22	*	-1	*	-1	-1	
1551	249.713542	E5	76	32	*	-1	*	-1	-1	
1552	250.050000	C3	48	76	1538	269.500000	C3	48	80	
1553	250.052083	C#5	73	87	1536	269.500000	C#5	73	80	
1554	250.068750	Bb3	58	63	1537	269.500000	A3	57	80	
1555	250.261458	C5	72	87	1539	269.750000	C5	72	80	
1556	250.490625	F5	77	88	1540	270.000000	F5	77	80	
1557	250.502083	C3	48	70	1542	270.000000	C#3	49	80	
1558	250.693750	Bb3	58	51	*	-1	*	-1	-1	
1559	250.715625	Bb2	46	66	1543	270.250000	Bb2	46	80	
1560	250.894792	C3	48	80	1545	270.500000	C3	48	80	
1561	251.073958	C#3	49	79	1546	270.750000	C#3	49	80	
1562	251.302083	Eb3	51	80	*	-1	*	-1	-1	
1563	251.305208	F#4	66	80	*	-1	*	-1	-1	
1564	251.307292	Eb4	63	82	1568	273.250000	Eb4	63	80	
1565	251.511458	F3	53	73	1570	273.500000	C#4	61	80	
1566	251.728125	C#3	49	65	1573	273.750000	C4	60	80	
1567	251.816667	Eb3	51	64	1575	274.000000	Bb3	58	80	
1568	252.216667	Eb3	51	84	*	-1	*	-1	-1	
1569	252.228125	G3	55	80	1579	275.000000	G#3	56	80	
1570	252.410417	Bb3	58	85	1581	275.500000	Bb3	58	80	
1571	252.687500	Eb4	63	93	1586	276.500000	Eb4	63	80	
1572	252.708333	G3	55	80	1589	277.000000	Eb4	63	80	
1573	253.114583	G3	55	84	*	-1	*	-1	-1	
1574	253.116667	C3	48	84	*	-1	*	-1	-1	
1575	253.125000	Eb4	63	89	1597	278.500000	Eb4	63	80	
1576	253.141667	C#5	73	66	*	-1	*	-1	-1	
1577	253.142708	D5	74	70	1599	279.000000	C5	72	80	
1578	253.781250	Bb4	70	93	*	-1	*	-1	-1	
1579	253.787500	C#4	61	88	1632	285.000000	C#4	61	80	
1580	253.820833	F#3	54	42	1633	285.000000	F#3	54	80	
1581	253.821875	F3	53	74	*	-1	*	-1	-1	
1582	254.008333	G#3	56	76	1634	285.250000	G#3	56	80	
1583	254.218750	F#3	54	83	1635	285.500000	F#3	54	80	
1584	254.420833	F3	53	80	1636	285.750000	F3	53	80	
1585	254.690625	C#5	73	98	1637	286.000000	C5	72	80	
1586	254.697917	F#3	54	84	1639	286.000000	F#3	54	80	
1587	254.700000	Eb3	51	85	1640	286.000000	Eb3	51	80	
1588	254.700000	Eb4	63	89	1638	286.000000	Eb4	63	80	
1589	255.694792	F3	53	85	1641	287.000000	F3	53	80	
1590	255.700000	C#3	49	90	1642	287.000000	C#3	49	80	
1591	256.116667	C#5	73	91	1643	287.500000	C#5	73	80	
1592	256.121875	F4	65	83	1644	287.500000	F4	65	80	
1593	256.587500	Eb5	75	92	1645	288.000000	Eb5	75	80	
1594	256.589583	F#4	66	87	1646	288.000000	F#4	66	80	
1595	257.002083	Eb3	51	83	1649	288.500000	Eb3	51	80	
1596	257.008333	C3	48	81	1650	288.500000	C3	48	80	
1597	257.011458	D4	62	84	1648	288.500000	C4	60	80	
1598	257.015625	Bb4	70	84	*	-1	*	-1	-1	
1599	257.485417	Bb2	46	80	1654	289.000000	Bb2	46	80	
1600	257.495833	D3	50	74	1653	289.000000	D3	50	80	
1601	257.496875	C5	72	87	*	-1	*	-1	-1	
1602	257.504167	Eb4	63	86	*	-1	*	-1	-1	
1603	257.923958	Eb3	51	80	1658	290.000000	Eb3	51	80	
1604	257.926042	F#3	54	86	1657	290.000000	F#3	54	80	
1605	258.383333	D3	50	81	1652	289.000000	D4	62	80	
1606	258.398958	Bb2	46	91	1667	291.500000	F3	53	80	
1607	258.955208	A4	69	81	1660	290.500000	A4	69	80	
1608	258.956250	C4	60	76	*	-1	*	-1	-1	
1609	258.962500	F2	41	101	*	-1	*	-1	-1	
1610	258.970833	F1	29	97	*	-1	*	-1	-1	
1611	259.085417	Bb4	70	74	1662	291.000000	Bb4	70	80	
1612	259.194792	A4	69	70	1664	291.250000	G4	67	80	
1613	259.279167	Bb4	70	63	1663	291.250000	Bb4	70	80	
1614	259.345833	A4	69	70	1666	291.500000	A4	69	80	
1615	259.446875	Bb4	70	74	1670	291.750000	Bb4	70	80	
1616	259.509375	A4	69	64	*	-1	*	-1	-1	
1617	259.591667	Bb4	70	68	1672	292.000000	C5	72	80	
1618	259.665625	A4	69	70	1676	292.250000	A4	69	80	
1619	259.748958	Bb4	70	69	1680	292.500000	Bb4	70	80	
1620	259.796875	A4	69	66	1683	292.750000	Eb5	75	80	
1621	259.892708	G4	67	84	1687	293.000000	F5	77	80	
1622	260.075000	A4	69	94	1692	293.250000	Bb4	70	80	
1623	261.172917	Bb4	70	97	1750	299.750000	Bb4	70	80	
1624	261.923958	Bb4	70	87	1753	300.000000	Bb4	70	80	
1625	261.926042	Bb1	34	87	*	-1	*	-1	-1	
1626	261.926042	D4	62	85	1751	300.000000	D4	62	80	
1627	261.927083	Bb2	46	89	1754	300.000000	Bb2	46	80	
1628	261.930208	F4	65	83	1752	300.000000	F4	65	80	
*	-1	*	-1	-1	303	68.500000	G#3	56	80	
*	-1	*	-1	-1	706	135.000000	Bb4	70	80	
*	-1	*	-1	-1	797	150.500000	C#4	61	80	
*	-1	*	-1	-1	1282	228.500000	G4	67	80	
*	-1	*	-1	-1	1544	270.500000	F4	65	80	
*	-1	*	-1	-1	1551	271.250000	C3	48	80	
*	-1	*	-1	-1	1552	271.500000	F4	65	80	
*	-1	*	-1	-1	1554	271.750000	Eb4	63	80	
*	-1	*	-1	-1	1556	272.000000	F4	65	80	
*	-1	*	-1	-1	1560	272.250000	C#3	49	80	
*	-1	*	-1	-1	1562	272.500000	Eb3	51	80	
*	-1	*	-1	-1	1563	272.750000	C#4	61	80	
*	-1	*	-1	-1	1569	273.250000	Eb3	51	80	
*	-1	*	-1	-1	1571	273.500000	A3	57	80	
*	-1	*	-1	-1	1572	273.500000	F3	53	80	
*	-1	*	-1	-1	1574	274.000000	Bb3	58	80	
*	-1	*	-1	-1	1576	274.250000	C#4	61	80	
*	-1	*	-1	-1	1577	274.500000	C4	60	80	
*	-1	*	-1	-1	1578	274.500000	F#3	54	80	
*	-1	*	-1	-1	1580	275.000000	C3	48	80	
*	-1	*	-1	-1	1582	275.500000	D3	50	80	
*	-1	*	-1	-1	1583	275.750000	Eb3	51	80	
*	-1	*	-1	-1	1584	276.000000	F4	65	80	
*	-1	*	-1	-1	1585	276.000000	D3	50	80	
*	-1	*	-1	-1	1587	276.500000	Bb2	46	80	
*	-1	*	-1	-1	1588	276.750000	D4	62	80	
*	-1	*	-1	-1	1590	277.000000	G3	55	80	
*	-1	*	-1	-1	1591	277.000000	Eb3	51	80	
*	-1	*	-1	-1	1592	277.500000	Bb4	70	80	
*	-1	*	-1	-1	1593	277.500000	C#3	49	80	
*	-1	*	-1	-1	1594	278.000000	Eb5	75	80	
*	-1	*	-1	-1	1595	278.000000	F#3	54	80	
*	-1	*	-1	-1	1596	278.000000	C3	48	80	
*	-1	*	-1	-1	1598	278.500000	Bb2	46	80	
*	-1	*	-1	-1	1600	279.000000	F3	53	80	
*	-1	*	-1	-1	1601	279.000000	A2	45	80	
*	-1	*	-1	-1	1602	279.500000	C#5	73	80	
*	-1	*	-1	-1	1603	279.500000	F2	41	80	
*	-1	*	-1	-1	1604	279.750000	C5	72	80	
*	-1	*	-1	-1	1605	280.000000	C#5	73	80	
*	-1	*	-1	-1	1606	280.000000	Bb2	46	80	
*	-1	*	-1	-1	1607	280.500000	Bb4	70	80	
*	-1	*	-1	-1	1608	280.500000	C3	48	80	
*	-1	*	-1	-1	1609	280.750000	A4	69	80	
*	-1	*	-1	-1	1610	281.000000	Bb4	70	80	
*	-1	*	-1	-1	1611	281.000000	C#3	49	80	
*	-1	*	-1	-1	1612	281.250000	F#3	54	80	
*	-1	*	-1	-1	1613	281.500000	F3	53	80	
*	-1	*	-1	-1	1614	281.500000	Bb2	46	80	
*	-1	*	-1	-1	1615	281.750000	E3	52	80	
*	-1	*	-1	-1	1616	282.000000	F3	53	80	
*	-1	*	-1	-1	1617	282.000000	F3	53	80	
*	-1	*	-1	-1	1618	282.500000	C5	72	80	
*	-1	*	-1	-1	1619	282.500000	F2	41	80	
*	-1	*	-1	-1	1620	282.750000	Bb4	70	80	
*	-1	*	-1	-1	1621	283.000000	C5	72	80	
*	-1	*	-1	-1	1622	283.000000	F3	53	80	
*	-1	*	-1	-1	1623	283.500000	A4	69	80	
*	-1	*	-1	-1	1624	283.500000	C4	60	80	
*	-1	*	-1	-1	1625	283.750000	G4	67	80	
*	-1	*	-1	-1	1626	284.000000	A4	69	80	
*	-1	*	-1	-1	1627	284.000000	F4	65	80	
*	-1	*	-1	-1	1628	284.250000	F#3	54	80	
*	-1	*	-1	-1	1629	284.500000	Eb3	51	80	
*	-1	*	-1	-1	1630	284.750000	F3	53	80	
*	-1	*	-1	-1	1647	288.500000	A4	69	80	
*	-1	*	-1	-1	1655	289.500000	G#3	56	80	
*	-1	*	-1	-1	1656	289.500000	F3	53	80	
*	-1	*	-1	-1	1659	290.500000	C5	72	80	
*	-1	*	-1	-1	1661	291.000000	C#5	73	80	
*	-1	*	-1	-1	1665	291.500000	C5	72	80	
*	-1	*	-1	-1	1668	291.500000	C#3	49	80	
*	-1	*	-1	-1	1669	291.750000	C#5	73	80	
*	-1	*	-1	-1	1671	292.000000	Eb5	75	80	
*	-1	*	-1	-1	1673	292.000000	Eb3	51	80	
*	-1	*	-1	-1	1674	292.000000	C3	48	80	
*	-1	*	-1	-1	1675	292.250000	C5	72	80	
*	-1	*	-1	-1	1677	292.250000	F#3	54	80	
*	-1	*	-1	-1	1678	292.250000	Eb3	51	80	
*	-1	*	-1	-1	1679	292.500000	C#5	73	80	
*	-1	*	-1	-1	1681	292.500000	F3	53	80	
*	-1	*	-1	-1	1682	292.500000	C#3	49	80	
*	-1	*	-1	-1	1684	292.750000	C5	72	80	
*	-1	*	-1	-1	1685	292.750000	Eb3	51	80	
*	-1	*	-1	-1	1686	292.750000	C3	48	80	
*	-1	*	-1	-1	1688	293.000000	C#5	73	80	
*	-1	*	-1	-1	1689	293.000000	C#3	49	80	
*	-1	*	-1	-1	1690	293.000000	Bb2	46	80	
*	-1	*	-1	-1	1691	293.250000	C#5	73	80	
*	-1	*	-1	-1	1693	293.250000	F3	53	80	
*	-1	*	-1	-1	1694	293.250000	C#3	49	80	
*	-1	*	-1	-1	1695	293.500000	Eb5	75	80	
*	-1	*	-1	-1	1696	293.500000	C5	72	80	
*	-1	*	-1	-1	1697	293.500000	Eb3	51	80	
*	-1	*	-1	-1	1698	293.500000	C3	48	80	
*	-1	*	-1	-1	1699	293.750000	F5	77	80	
*	-1	*	-1	-1	1700	293.750000	C#5	73	80	
*	-1	*	-1	-1	1701	293.750000	C#3	49	80	
*	-1	*	-1	-1	1702	293.750000	Bb2	46	80	
*	-1	*	-1	-1	1703	294.000000	F#5	78	80	
*	-1	*	-1	-1	1704	294.000000	Eb5	75	80	
*	-1	*	-1	-1	1705	294.000000	C3	48	80	
*	-1	*	-1	-1	1706	294.000000	A2	45	80	
*	-1	*	-1	-1	1707	294.250000	Eb5	75	80	
*	-1	*	-1	-1	1708	294.250000	C5	72	80	
*	-1	*	-1	-1	1709	294.250000	Eb3	51	80	
*	-1	*	-1	-1	1710	294.250000	C3	48	80	
*	-1	*	-1	-1	1711	294.500000	F5	77	80	
*	-1	*	-1	-1	1712	294.500000	C#5	73	80	
*	-1	*	-1	-1	1713	294.500000	C#3	49	80	
*	-1	*	-1	-1	1714	294.500000	Bb2	46	80	
*	-1	*	-1	-1	1715	294.750000	C3	48	80	
*	-1	*	-1	-1	1716	294.750000	A2	45	80	
*	-1	*	-1	-1	1717	295.000000	Bb2	46	80	
*	-1	*	-1	-1	1718	295.000000	G2	43	80	
*	-1	*	-1	-1	1719	295.250000	C#3	49	80	
*	-1	*	-1	-1	1720	295.250000	Bb2	46	80	
*	-1	*	-1	-1	1721	295.500000	F#5	78	80	
*	-1	*	-1	-1	1722	295.500000	Eb5	75	80	
*	-1	*	-1	-1	1723	295.500000	C3	48	80	
*	-1	*	-1	-1	1724	295.500000	A2	45	80	
*	-1	*	-1	-1	1725	296.000000	C5	72	80	
*	-1	*	-1	-1	1726	296.000000	A4	69	80	
*	-1	*	-1	-1	1727	296.500000	C#5	73	80	
*	-1	*	-1	-1	1728	296.500000	Bb4	70	80	
*	-1	*	-1	-1	1729	296.500000	F3	53	80	
*	-1	*	-1	-1	1730	296.500000	F2	41	80	
*	-1	*	-1	-1	1731	296.750000	Eb5	75	80	
*	-1	*	-1	-1	1732	296.750000	C5	72	80	
*	-1	*	-1	-1	1733	297.000000	Bb4	70	80	
*	-1	*	-1	-1	1734	297.000000	C#5	73	80	
*	-1	*	-1	-1	1735	297.000000	F4	65	80	
*	-1	*	-1	-1	1736	297.000000	Bb2	46	80	
*	-1	*	-1	-1	1737	297.500000	F#4	66	80	
*	-1	*	-1	-1	1738	297.500000	C5	72	80	
*	-1	*	-1	-1	1739	297.500000	Eb4	63	80	
*	-1	*	-1	-1	1740	297.500000	Eb3	51	80	
*	-1	*	-1	-1	1741	298.000000	Bb4	70	80	
*	-1	*	-1	-1	1742	298.000000	C#4	61	80	
*	-1	*	-1	-1	1743	298.000000	F4	65	80	
*	-1	*	-1	-1	1744	298.000000	F3	53	80	
*	-1	*	-1	-1	1541	270.000000	Bb3	58	80	
*	-1	*	-1	-1	1549	271.000000	Eb3	51	80	
*	-1	*	-1	-1	1547	271.000000	F#4	66	80	
*	-1	*	-1	-1	1548	271.000000	Eb4	63	80	
*	-1	*	-1	-1	1550	271.250000	F#4	66	80	
*	-1	*	-1	-1	1553	271.500000	C#3	49	80	
*	-1	*	-1	-1	1555	271.750000	Eb3	51	80	
*	-1	*	-1	-1	1558	272.000000	F3	53	80	
*	-1	*	-1	-1	1557	272.000000	C#4	61	80	
*	-1	*	-1	-1	1559	272.250000	F4	65	80	
*	-1	*	-1	-1	1561	272.500000	Eb4	63	80	
*	-1	*	-1	-1	1564	272.750000	F3	53	80	
*	-1	*	-1	-1	1566	273.000000	C4	60	80	
*	-1	*	-1	-1	1567	273.000000	F#3	54	80	
*	-1	*	-1	-1	1565	273.000000	Eb4	63	80	
*	-1	*	-1	-1	1631	285.000000	Bb4	70	80	
*	-1	*	-1	-1	1651	289.000000	Bb4	70	80	
*	-1	*	-1	-1	1745	299.000000	A4	69	80	
*	-1	*	-1	-1	1746	299.000000	C4	60	80	
*	-1	*	-1	-1	1747	299.000000	F2	41	80	
*	-1	*	-1	-1	1748	299.061458	Bb4	70	80	
*	-1	*	-1	-1	1749	299.123958	A4	69	80	
