// alignID alignOntime alignSitch alignPitch alignOnvel refID refOntime refSitch refPitch refOnvel
0	1.014583	A4	69	67	0	0.000000	A4	69	80	
1	1.028125	A2	45	49	1	0.000000	A2	45	80	
2	1.156250	B4	71	78	2	0.125000	B4	71	80	
3	1.307292	C#5	73	86	3	0.250000	C#5	73	80	
4	1.445833	A4	69	71	4	0.375000	A4	69	80	
5	1.608333	A3	57	58	6	0.500000	A3	57	80	
6	1.615625	F#5	78	81	5	0.500000	F#5	78	80	
7	1.938542	F#5	78	81	7	0.750000	F#5	78	80	
8	2.275000	G#3	56	46	9	1.000000	G#3	56	80	
9	2.275000	F#5	78	71	8	1.000000	F#5	78	80	
10	2.421875	Eb5	75	68	10	1.125000	Eb5	75	80	
11	2.583333	E5	76	67	11	1.250000	E5	76	80	
12	2.908333	G3	55	60	12	1.500000	G3	55	80	
13	3.075000	E5	76	87	13	1.625000	E5	76	80	
14	3.231250	F#5	78	92	14	1.750000	F#5	78	80	
15	3.234375	E4	64	61	15	1.750000	E4	64	80	
16	3.382292	G5	79	95	16	1.875000	G5	79	80	
17	3.547917	F#3	54	61	18	2.000000	F#3	54	80	
18	3.550000	A5	81	87	17	2.000000	A5	81	80	
19	3.713542	G5	79	88	19	2.125000	G5	79	80	
20	3.863542	A3	57	68	21	2.250000	A3	57	80	
21	3.863542	F#5	78	92	20	2.250000	F#5	78	80	
22	4.013542	A5	81	82	22	2.375000	A5	81	80	
23	4.176042	B3	59	63	24	2.500000	B3	59	80	
24	4.185417	D5	74	87	23	2.500000	D5	74	80	
25	4.322917	C#5	73	89	25	2.625000	C#5	73	80	
26	4.483333	B4	71	84	26	2.750000	B4	71	80	
27	4.492708	D4	62	56	27	2.750000	D4	62	80	
28	4.632292	A5	81	78	28	2.875000	A5	81	80	
29	4.792708	E3	52	46	30	3.000000	E3	52	80	
30	4.802083	G#5	80	76	29	3.000000	G#5	80	80	
31	4.948958	F#5	78	84	31	3.125000	F#5	78	80	
32	5.112500	G#3	56	58	33	3.250000	G#3	56	80	
33	5.112500	E5	76	85	32	3.250000	E5	76	80	
34	5.242708	G#5	80	82	34	3.375000	G#5	80	80	
35	5.419792	C#5	73	81	35	3.500000	C#5	73	80	
36	5.428125	A3	57	55	36	3.500000	A3	57	80	
37	5.568750	B4	71	79	37	3.625000	B4	71	80	
38	5.718750	C#4	61	51	39	3.750000	C#4	61	80	
39	5.725000	A4	69	72	38	3.750000	A4	69	80	
40	5.883333	G5	79	76	40	3.875000	G5	79	80	
41	6.050000	D3	50	47	42	4.000000	D3	50	80	
42	6.063542	F#5	78	74	41	4.000000	F#5	78	80	
43	6.210417	E5	76	80	43	4.125000	E5	76	80	
44	6.375000	D5	74	80	44	4.250000	D5	74	80	
45	6.384375	B3	59	61	45	4.250000	B3	59	80	
46	6.511458	F#5	78	82	46	4.375000	F#5	78	80	
47	6.528125	A3	57	61	47	4.375000	A3	57	80	
48	6.652083	G#3	56	57	49	4.500000	G#3	56	80	
49	6.672917	B4	71	76	48	4.500000	B4	71	80	
50	6.685417	E3	52	61	50	4.500000	E3	52	80	
51	6.722917	A3	57	57	52	4.561458	A3	57	80	
52	6.815625	F#5	78	70	55	4.625000	F#5	78	80	
53	6.829167	G#3	56	52	57	4.687500	G#3	56	80	
54	6.984375	E5	76	75	58	4.750000	E5	76	80	
55	7.116667	G#3	56	62	60	4.875000	G#3	56	80	
56	7.137500	D5	74	68	59	4.875000	D5	74	80	
57	7.295833	A2	45	66	63	5.000000	A2	45	80	
58	7.300000	A3	57	65	62	5.000000	A3	57	80	
59	7.314583	C#5	73	73	61	5.000000	C#5	73	80	
60	7.451042	B4	71	76	64	5.125000	B4	71	80	
61	7.606250	A4	69	80	65	5.250000	A4	69	80	
62	7.610417	A3	57	78	66	5.250000	A3	57	80	
63	7.741667	B4	71	83	67	5.375000	B4	71	80	
64	7.908333	C#5	73	90	68	5.500000	C#5	73	80	
65	7.912500	G#3	56	74	69	5.500000	G#3	56	80	
66	8.045833	Eb5	75	84	70	5.625000	Eb5	75	80	
67	8.216667	F#3	54	77	72	5.750000	F#3	54	80	
68	8.216667	E5	76	91	71	5.750000	E5	76	80	
69	8.362500	F#5	78	89	73	5.875000	F#5	78	80	
70	8.530208	G#5	80	90	74	6.000000	G#5	80	80	
71	8.536458	E3	52	83	75	6.000000	E3	52	80	
72	8.672917	A5	81	83	76	6.125000	A5	81	80	
73	8.686458	F#3	54	77	77	6.125000	F#3	54	80	
74	8.837500	G#3	56	85	79	6.250000	G#3	56	80	
75	8.844792	B5	83	79	78	6.250000	B5	83	80	
76	8.987500	E3	52	84	81	6.375000	E3	52	80	
77	8.987500	G#5	80	84	80	6.375000	G#5	80	80	
78	9.145833	C#4	61	82	84	6.500000	C#4	61	80	
79	9.162500	E5	76	83	82	6.500000	E5	76	80	
80	9.307292	F#5	78	73	85	6.625000	F#5	78	80	
81	9.473958	C#4	61	78	87	6.750000	C#4	61	80	
82	9.481250	G#5	80	76	86	6.750000	G#5	80	80	
83	9.612500	E5	76	77	88	6.875000	E5	76	80	
84	9.782292	C#4	61	69	91	7.000000	C#4	61	80	
85	9.789583	F#5	78	74	89	7.000000	F#5	78	80	
86	9.795833	Eb5	75	68	90	7.000000	Eb5	75	80	
87	9.936458	Bb3	58	66	93	7.125000	Bb3	58	80	
88	9.940625	G#5	80	67	92	7.125000	G#5	80	80	
89	10.104167	B3	59	61	95	7.250000	B3	59	80	
90	10.112500	A5	81	69	94	7.250000	A5	81	80	
91	10.267708	F#5	78	81	96	7.375000	F#5	78	80	
92	10.429167	B4	71	76	97	7.500000	B4	71	80	
93	10.429167	D5	74	78	98	7.500000	D5	74	80	
94	10.591667	B3	59	84	99	7.625000	B3	59	80	
95	10.754167	C#4	61	74	101	7.750000	C#4	61	80	
96	10.763542	B5	83	83	100	7.750000	B5	83	80	
97	10.910417	D4	62	71	102	7.875000	D4	62	80	
98	11.084375	E4	64	61	104	8.000000	E4	64	80	
99	11.095833	C#5	73	68	103	8.000000	C#5	73	80	
100	11.233333	D4	62	60	105	8.125000	D4	62	80	
101	11.404167	C#4	61	58	107	8.250000	C#4	61	80	
102	11.411458	E5	76	72	106	8.250000	E5	76	80	
103	11.564583	E4	64	65	108	8.375000	E4	64	80	
104	11.730208	A3	57	67	110	8.500000	A3	57	80	
105	11.734375	F#5	78	82	109	8.500000	F#5	78	80	
106	11.872917	G#3	56	71	111	8.625000	G#3	56	80	
107	12.028125	F#3	54	70	113	8.750000	F#3	54	80	
108	12.052083	A5	81	70	112	8.750000	A5	81	80	
109	12.196875	E4	64	72	114	8.875000	E4	64	80	
110	12.356250	Eb4	63	73	116	9.000000	Eb4	63	80	
111	12.379167	B4	71	51	115	9.000000	B4	71	80	
112	12.509375	C#4	61	68	117	9.125000	C#4	61	80	
113	12.688542	B3	59	68	119	9.250000	B3	59	80	
114	12.703125	Eb5	75	60	118	9.250000	Eb5	75	80	
115	12.831250	Eb4	63	66	120	9.375000	Eb4	63	80	
116	13.008333	G#3	56	66	122	9.500000	G#3	56	80	
117	13.015625	E5	76	69	121	9.500000	E5	76	80	
118	13.162500	F#3	54	66	123	9.625000	F#3	54	80	
119	13.325000	E3	52	69	125	9.750000	E3	52	80	
120	13.350000	G#5	80	62	124	9.750000	G#5	80	80	
121	13.487500	D4	62	64	126	9.875000	D4	62	80	
122	13.643750	C#4	61	64	128	10.000000	C#4	61	80	
123	13.665625	A5	81	57	127	10.000000	A5	81	80	
124	13.795833	B3	59	75	130	10.125000	B3	59	80	
125	13.816667	G#5	80	68	129	10.125000	G#5	80	80	
126	13.948958	A3	57	80	132	10.250000	A3	57	80	
127	13.970833	F#5	78	78	131	10.250000	F#5	78	80	
128	14.098958	C#4	61	73	134	10.375000	C#4	61	80	
129	14.120833	A5	81	76	133	10.375000	A5	81	80	
130	14.271875	F#3	54	73	137	10.500000	F#3	54	80	
131	14.271875	Eb5	75	82	135	10.500000	Eb5	75	80	
132	14.412500	C#4	61	66	139	10.625000	C#4	61	80	
133	14.419792	A5	81	73	138	10.625000	A5	81	80	
134	14.576042	G#5	80	78	140	10.750000	G#5	80	80	
135	14.583333	B3	59	69	141	10.750000	B3	59	80	
136	14.729167	A3	57	71	143	10.875000	A3	57	80	
137	14.729167	F#5	78	83	142	10.875000	F#5	78	80	
138	14.889583	G#3	56	66	146	11.000000	G#3	56	80	
139	14.908333	E5	76	77	144	11.000000	E5	76	80	
140	15.038542	F#3	54	67	147	11.125000	F#3	54	80	
141	15.215625	E3	52	68	149	11.250000	E3	52	80	
142	15.245833	B4	71	57	148	11.250000	B4	71	80	
143	15.360417	F#3	54	68	150	11.375000	F#3	54	80	
144	15.530208	G#3	56	73	152	11.500000	G#3	56	80	
145	15.578125	E5	76	75	151	11.500000	E5	76	80	
146	15.678125	A3	57	76	153	11.625000	A3	57	80	
147	15.845833	B3	59	76	156	11.750000	B3	59	80	
148	15.866667	G5	79	91	154	11.750000	G5	79	80	
149	15.884375	E5	76	72	155	11.750000	E5	76	80	
150	16.005208	C#4	61	73	157	11.875000	C#4	61	80	
151	16.171875	D4	62	74	160	12.000000	D4	62	80	
152	16.177083	G5	79	74	158	12.000000	G5	79	80	
153	16.186458	E5	76	74	159	12.000000	E5	76	80	
154	16.328125	E4	64	65	161	12.125000	E4	64	80	
155	16.507292	F#4	66	63	164	12.250000	F#4	66	80	
156	16.518750	F#5	78	67	162	12.250000	F#5	78	80	
157	16.530208	D5	74	53	163	12.250000	D5	74	80	
158	16.660417	D4	62	65	165	12.375000	D4	62	80	
159	16.827083	B3	59	74	166	12.500000	B3	59	80	
160	16.978125	C#4	61	66	167	12.625000	C#4	61	80	
161	17.141667	F#5	78	70	168	12.750000	F#5	78	80	
162	17.143750	D4	62	63	170	12.750000	D4	62	80	
163	17.155208	D5	74	59	169	12.750000	D5	74	80	
164	17.288542	B3	59	66	171	12.875000	B3	59	80	
165	17.461458	C#4	61	55	174	13.000000	C#4	61	80	
166	17.470833	F#5	78	68	172	13.000000	F#5	78	80	
167	17.483333	D5	74	56	173	13.000000	D5	74	80	
168	17.613542	D4	62	55	175	13.125000	D4	62	80	
169	17.788542	E4	64	56	178	13.250000	E4	64	80	
170	17.815625	C#5	73	60	177	13.250000	C#5	73	80	
171	17.815625	E5	76	60	176	13.250000	E5	76	80	
172	17.939583	C#4	61	55	179	13.375000	C#4	61	80	
173	18.116667	A3	57	66	180	13.500000	A3	57	80	
174	18.254167	B3	59	71	181	13.625000	B3	59	80	
175	18.425000	C#4	61	63	184	13.750000	C#4	61	80	
176	18.425000	E5	76	76	182	13.750000	E5	76	80	
177	18.435417	C#5	73	74	183	13.750000	C#5	73	80	
178	18.585417	A3	57	68	185	13.875000	A3	57	80	
179	18.750000	B3	59	65	188	14.000000	B3	59	80	
180	18.754167	E5	76	77	186	14.000000	E5	76	80	
181	18.773958	C#5	73	70	187	14.000000	C#5	73	80	
182	18.897917	C#4	61	56	189	14.125000	C#4	61	80	
183	19.077083	D4	62	59	192	14.250000	D4	62	80	
184	19.088542	D5	74	62	190	14.250000	D5	74	80	
185	19.116667	B4	71	49	191	14.250000	B4	71	80	
186	19.233333	B3	59	65	193	14.375000	B3	59	80	
187	19.396875	G#3	56	73	194	14.500000	G#3	56	80	
188	19.542708	A3	57	79	195	14.625000	A3	57	80	
189	19.711458	B3	59	78	197	14.750000	B3	59	80	
190	19.727083	D5	74	85	196	14.750000	D5	74	80	
191	19.872917	G#3	56	81	198	14.875000	G#3	56	80	
192	20.046875	A3	57	84	200	15.000000	A3	57	80	
193	20.060417	D5	74	80	199	15.000000	D5	74	80	
194	20.198958	B3	59	80	202	15.125000	B3	59	80	
195	20.369792	C#4	61	75	204	15.250000	C#4	61	80	
196	20.373958	C#5	73	89	203	15.250000	C#5	73	80	
197	20.517708	A3	57	77	205	15.375000	A3	57	80	
198	20.686458	F#4	66	78	207	15.500000	F#4	66	80	
199	20.695833	A5	81	82	206	15.500000	A5	81	80	
200	20.829167	C#4	61	72	208	15.625000	C#4	61	80	
201	20.988542	F#4	66	76	209	15.750000	F#4	66	80	
202	20.992708	A3	57	74	210	15.750000	A3	57	80	
203	21.148958	F#3	54	78	211	15.875000	F#3	54	80	
204	21.317708	F#4	66	71	213	16.000000	F#4	66	80	
205	21.325000	G#5	80	79	212	16.000000	G#5	80	80	
206	21.329167	C#4	61	72	214	16.000000	C#4	61	80	
207	21.478125	Eb4	63	76	215	16.125000	Eb4	63	80	
208	21.651042	E4	64	79	216	16.250000	E4	64	80	
209	21.967708	G5	79	84	217	16.500000	G5	79	80	
210	22.132292	E4	64	79	218	16.625000	E4	64	80	
211	22.284375	F#4	66	85	220	16.750000	F#4	66	80	
212	22.422917	G4	67	82	221	16.875000	G4	67	80	
213	22.612500	A4	69	72	223	17.000000	A4	69	80	
214	22.612500	F#5	78	83	222	17.000000	F#5	78	80	
215	22.754167	G4	67	71	224	17.125000	G4	67	80	
216	22.930208	F#4	66	74	225	17.250000	F#4	66	80	
217	22.935417	A3	57	77	226	17.250000	A3	57	80	
218	23.082292	A4	69	75	227	17.375000	A4	69	80	
219	23.246875	D4	62	77	229	17.500000	D4	62	80	
220	23.258333	B5	83	84	228	17.500000	B5	83	80	
221	23.398958	C#4	61	72	230	17.625000	C#4	61	80	
222	23.556250	D4	62	77	232	17.750000	D4	62	80	
223	23.569792	B3	59	72	231	17.750000	B3	59	80	
224	23.708333	A4	69	74	233	17.875000	A4	69	80	
225	23.901042	G#4	68	78	235	18.000000	G#4	68	80	
226	23.901042	E5	76	83	234	18.000000	E5	76	80	
227	24.040625	F#4	66	76	236	18.125000	F#4	66	80	
228	24.211458	E4	64	76	237	18.250000	E4	64	80	
229	24.226042	G#3	56	72	238	18.250000	G#3	56	80	
230	24.371875	G#4	68	75	239	18.375000	G#4	68	80	
231	24.535417	A5	81	76	240	18.500000	A5	81	80	
232	24.539583	C#4	61	66	241	18.500000	C#4	61	80	
233	24.693750	B3	59	68	242	18.625000	B3	59	80	
234	24.848958	C#4	61	67	244	18.750000	C#4	61	80	
235	24.868750	A3	57	67	243	18.750000	A3	57	80	
236	25.011458	G4	67	74	245	18.875000	G4	67	80	
237	25.176042	F#4	66	68	246	19.000000	F#4	66	80	
238	25.185417	D4	62	60	247	19.000000	D4	62	80	
239	25.326042	E4	64	71	248	19.125000	E4	64	80	
240	25.497917	D4	62	64	249	19.250000	D4	62	80	
241	25.504167	B3	59	63	250	19.250000	B3	59	80	
242	25.644792	F#4	66	76	251	19.375000	F#4	66	80	
243	25.806250	B3	59	59	253	19.500000	B3	59	80	
244	25.820833	G#5	80	75	252	19.500000	G#5	80	80	
245	25.959375	F#4	66	70	254	19.625000	F#4	66	80	
246	26.136458	E3	52	63	256	19.750000	E3	52	80	
247	26.136458	E4	64	75	255	19.750000	E4	64	80	
248	26.284375	D4	62	68	257	19.875000	D4	62	80	
249	26.455208	A3	57	56	259	20.000000	A3	57	80	
250	26.455208	C#4	61	52	258	20.000000	C#4	61	80	
251	26.629167	F#5	78	77	260	20.125000	F#5	78	80	
252	26.783333	G#3	56	60	262	20.250000	G#3	56	80	
253	26.790625	F5	77	84	261	20.250000	F5	77	80	
254	26.942708	G#5	80	87	263	20.375000	G#5	80	80	
255	27.093750	F#5	78	86	264	20.500000	F#5	78	80	
256	27.110417	A3	57	59	265	20.500000	A3	57	80	
257	27.262500	E5	76	64	266	20.625000	E5	76	80	
258	27.418750	F#3	54	50	268	20.750000	F#3	54	80	
259	27.433333	D5	74	52	267	20.750000	D5	74	80	
260	27.580208	C#5	73	66	269	20.875000	C#5	73	80	
261	27.731250	G#3	56	51	271	21.000000	G#3	56	80	
262	27.735417	B4	71	60	270	21.000000	B4	71	80	
263	27.876042	A4	69	56	272	21.125000	A4	69	80	
264	28.052083	G#4	68	67	273	21.250000	G#4	68	80	
265	28.065625	B3	59	52	274	21.250000	B3	59	80	
266	28.208333	B4	71	66	275	21.375000	B4	71	80	
267	28.377083	C#4	61	46	277	21.500000	C#4	61	80	
268	28.377083	F5	77	70	276	21.500000	F5	77	80	
269	28.542708	D5	74	56	279	21.625000	D5	74	80	
270	28.698958	C#3	49	49	281	21.750000	C#3	49	80	
271	28.717708	C#5	73	60	280	21.750000	C#5	73	80	
272	28.852083	B4	71	66	282	21.875000	B4	71	80	
273	29.026042	A4	69	67	284	22.000000	A4	69	80	
274	29.026042	F#5	78	76	283	22.000000	F#5	78	80	
275	29.034375	F#3	54	59	285	22.000000	F#3	54	80	
276	29.168750	G#5	80	76	286	22.125000	G#5	80	80	
277	29.346875	F#2	42	54	288	22.250000	F#2	42	80	
278	29.346875	A5	81	78	287	22.250000	A5	81	80	
279	29.503125	F#5	78	79	289	22.375000	F#5	78	80	
280	29.678125	F#3	54	53	291	22.500000	F#3	54	80	
281	29.678125	D5	74	68	290	22.500000	D5	74	80	
282	29.835417	C#5	73	69	292	22.625000	C#5	73	80	
283	30.010417	D5	74	71	293	22.750000	D5	74	80	
284	30.019792	B4	71	62	294	22.750000	B4	71	80	
285	30.169792	A4	69	63	295	22.875000	A4	69	80	
286	30.326042	F3	53	50	298	23.000000	F3	53	80	
287	30.335417	D5	74	65	296	23.000000	D5	74	80	
288	30.378125	G#4	68	51	297	23.000000	G#4	68	80	
289	30.491667	C5	72	69	299	23.125000	C5	72	80	
290	30.663542	C#5	73	62	300	23.250000	C#5	73	80	
291	30.828125	G#3	56	48	301	23.375000	A3	57	80	
292	30.998958	C#4	61	54	302	23.500000	C#4	61	80	
293	31.017708	E3	52	47	303	23.500000	E3	52	80	
294	31.141667	C#5	73	76	304	23.625000	C#5	73	80	
295	31.312500	D5	74	80	305	23.750000	D5	74	80	
296	31.466667	E5	76	71	306	23.875000	E5	76	80	
297	31.628125	Eb3	51	46	308	24.000000	Eb3	51	80	
298	31.646875	F#5	78	64	307	24.000000	F#5	78	80	
299	31.802083	E5	76	67	309	24.125000	E5	76	80	
300	31.938542	F#3	54	60	311	24.250000	F#3	54	80	
301	31.957292	Eb5	75	73	310	24.250000	Eb5	75	80	
302	32.095833	F#5	78	79	312	24.375000	F#5	78	80	
303	32.268750	G#3	56	62	314	24.500000	G#3	56	80	
304	32.276042	B4	71	79	313	24.500000	B4	71	80	
305	32.420833	A4	69	81	315	24.625000	A4	69	80	
306	32.589583	G#4	68	86	316	24.750000	G#4	68	80	
307	32.598958	B3	59	58	317	24.750000	B3	59	80	
308	32.741667	F#5	78	88	318	24.875000	F#5	78	80	
309	32.913542	F5	77	85	319	25.000000	F5	77	80	
310	32.917708	C#3	49	57	320	25.000000	C#3	49	80	
311	33.077083	Eb5	75	84	321	25.125000	Eb5	75	80	
312	33.229167	F3	53	65	323	25.250000	F3	53	80	
313	33.233333	C#5	73	91	322	25.250000	C#5	73	80	
314	33.393750	B5	83	84	324	25.375000	B5	83	80	
315	33.569792	F#3	54	59	326	25.500000	F#3	54	80	
316	33.569792	A5	81	81	325	25.500000	A5	81	80	
317	33.722917	G#5	80	85	327	25.625000	G#5	80	80	
318	33.880208	A3	57	61	329	25.750000	A3	57	80	
319	33.892708	F#5	78	87	328	25.750000	F#5	78	80	
320	34.051042	F5	77	90	330	25.875000	F5	77	80	
321	34.212500	D3	50	56	332	26.000000	D3	50	80	
322	34.215625	F#5	78	88	331	26.000000	F#5	78	80	
323	34.371875	F5	77	94	333	26.125000	F5	77	80	
324	34.526042	B2	47	55	336	26.250000	B2	47	80	
325	34.530208	G#3	56	61	335	26.250000	G#3	56	80	
326	34.530208	F#5	78	87	334	26.250000	F#5	78	80	
327	34.673958	F#3	54	63	338	26.375000	F#3	54	80	
328	34.673958	G#5	80	90	337	26.375000	G#5	80	80	
329	34.846875	A5	81	75	340	26.500000	A5	81	80	
330	34.851042	F3	53	61	341	26.500000	F3	53	80	
331	34.858333	C#3	49	57	342	26.500000	C#3	49	80	
332	34.943750	G#5	80	81	344	26.562500	G#5	80	80	
333	35.010417	A5	81	74	346	26.625000	A5	81	80	
334	35.085417	G#5	80	73	345	26.623958	G#5	80	80	
335	35.150000	A5	81	68	347	26.687500	A5	81	80	
336	35.190625	B3	59	60	350	26.750000	B3	59	80	
337	35.207292	G#5	80	80	349	26.748958	G#5	80	80	
338	35.358333	F#5	78	86	352	26.875000	F#5	78	80	
339	35.533333	F#3	54	43	355	27.000000	F#3	54	80	
340	35.544792	F#5	78	68	353	27.000000	F#5	78	80	
341	35.557292	A3	57	44	354	27.000000	A3	57	80	
342	35.712500	D5	74	62	356	27.125000	D5	74	80	
343	35.872917	C#5	73	67	357	27.250000	C#5	73	80	
344	36.037500	B4	71	66	358	27.375000	B4	71	80	
345	36.203125	A4	69	53	359	27.500000	A4	69	80	
346	36.356250	G#4	68	64	360	27.625000	G#4	68	80	
347	36.526042	F#4	66	58	362	27.750000	F#4	66	80	
348	36.535417	A5	81	71	361	27.750000	A5	81	80	
349	36.681250	E4	64	53	363	27.875000	E4	64	80	
350	36.851042	Eb4	63	55	365	28.000000	Eb4	63	80	
351	36.869792	A5	81	64	364	28.000000	A5	81	80	
352	37.022917	C#4	61	46	366	28.125000	C#4	61	80	
353	37.193750	G#5	80	59	367	28.250000	G#5	80	80	
354	37.205208	B3	59	49	368	28.250000	B3	59	80	
355	37.356250	A3	57	61	369	28.375000	A3	57	80	
356	37.512500	G#3	56	66	370	28.500000	G#3	56	80	
357	37.662500	F#3	54	63	371	28.625000	F#3	54	80	
358	37.817708	E3	52	61	374	28.750000	E3	52	80	
359	37.821875	G#5	80	69	372	28.750000	G#5	80	80	
360	37.853125	E5	76	56	373	28.750000	E5	76	80	
361	37.968750	Bb3	58	57	375	28.875000	Bb3	58	80	
362	38.153125	B2	47	49	377	29.000000	B2	47	80	
363	38.158333	G#5	80	60	376	29.000000	G#5	80	80	
364	38.317708	E5	76	57	378	29.125000	E5	76	80	
365	38.489583	F#5	78	74	379	29.250000	F#5	78	80	
366	38.503125	Eb5	75	56	380	29.250000	Eb5	75	80	
367	38.647917	C#5	73	82	381	29.375000	C#5	73	80	
368	38.810417	B4	71	81	382	29.500000	B4	71	80	
369	38.959375	A4	69	74	383	29.625000	A4	69	80	
370	39.117708	B5	83	90	384	29.750000	B5	83	80	
371	39.126042	G#4	68	80	385	29.750000	G#4	68	80	
372	39.275000	F#4	66	78	386	29.875000	F#4	66	80	
373	39.448958	E4	64	72	388	30.000000	E4	64	80	
374	39.448958	B5	83	87	387	30.000000	B5	83	80	
375	39.608333	Eb4	63	64	389	30.125000	Eb4	63	80	
376	39.770833	A5	81	66	390	30.250000	A5	81	80	
377	39.775000	C#4	61	58	391	30.250000	C#4	61	80	
378	39.938542	B3	59	71	392	30.375000	B3	59	80	
379	40.093750	A3	57	79	393	30.500000	A3	57	80	
380	40.236458	G#3	56	77	394	30.625000	G#3	56	80	
381	40.389583	F#3	54	75	397	30.750000	F#3	54	80	
382	40.398958	A5	81	79	395	30.750000	A5	81	80	
383	40.412500	F#5	78	84	396	30.750000	F#5	78	80	
384	40.552083	Eb4	63	75	398	30.875000	Eb4	63	80	
385	40.726042	E3	52	62	400	31.000000	E3	52	80	
386	40.741667	A5	81	71	399	31.000000	A5	81	80	
387	40.882292	F#5	78	68	401	31.125000	F#5	78	80	
388	41.047917	G#5	80	70	402	31.250000	G#5	80	80	
389	41.055208	E5	76	57	403	31.250000	E5	76	80	
390	41.209375	D5	74	67	404	31.375000	D5	74	80	
391	41.373958	C#5	73	80	405	31.500000	C#5	73	80	
392	41.517708	B4	71	86	406	31.625000	B4	71	80	
393	41.694792	E5	76	84	407	31.750000	E5	76	80	
394	41.696875	A4	69	70	408	31.750000	A4	69	80	
395	41.840625	G#4	68	81	409	31.875000	G#4	68	80	
396	42.008333	E5	76	86	410	32.000000	E5	76	80	
397	42.017708	F#4	66	72	411	32.000000	F#4	66	80	
398	42.180208	E4	64	69	412	32.125000	E4	64	80	
399	42.350000	A4	69	68	413	32.250000	A4	69	80	
400	42.358333	D4	62	68	414	32.250000	D4	62	80	
401	42.509375	C#4	61	64	415	32.375000	C#4	61	80	
402	42.683333	B3	59	69	417	32.500000	B3	59	80	
403	42.688542	D5	74	80	416	32.500000	D5	74	80	
404	42.837500	A3	57	78	418	32.625000	A3	57	80	
405	43.002083	G#3	56	75	421	32.750000	G#3	56	80	
406	43.003125	D5	74	85	419	32.750000	D5	74	80	
407	43.010417	B4	71	83	420	32.750000	B4	71	80	
408	43.159375	B3	59	80	422	32.875000	B3	59	80	
409	43.340625	A2	45	81	425	33.000000	A2	45	80	
410	43.344792	D5	74	76	423	33.000000	D5	74	80	
411	43.354167	B4	71	82	424	33.000000	B4	71	80	
412	43.503125	B2	47	80	426	33.125000	B2	47	80	
413	43.655208	C#3	49	83	429	33.250000	C#3	49	80	
414	43.659375	C#5	73	82	427	33.250000	C#5	73	80	
415	43.676042	E4	64	69	428	33.250000	E4	64	80	
416	43.809375	A2	45	77	430	33.375000	A2	45	80	
417	43.971875	F#3	54	88	432	33.500000	F#3	54	80	
418	43.989583	A4	69	73	431	33.500000	A4	69	80	
419	44.148958	E5	76	72	433	33.625000	E5	76	80	
420	44.302083	F#3	54	87	435	33.750000	F#3	54	80	
421	44.327083	D5	74	74	434	33.750000	D5	74	80	
422	44.468750	C#5	73	74	436	33.875000	C#5	73	80	
423	44.629167	F#3	54	76	439	34.000000	F#3	54	80	
424	44.638542	G#4	68	81	438	34.000000	G#4	68	80	
425	44.644792	B4	71	78	437	34.000000	B4	71	80	
426	44.765625	Eb3	51	78	441	34.125000	Eb3	51	80	
427	44.800000	C#5	73	73	440	34.125000	C#5	73	80	
428	44.941667	E3	52	74	443	34.250000	E3	52	80	
429	44.975000	D5	74	75	442	34.250000	D5	74	80	
430	45.129167	B4	71	74	444	34.375000	B4	71	80	
431	45.282292	E4	64	79	445	34.500000	E4	64	80	
432	45.290625	G4	67	74	446	34.500000	G4	67	80	
433	45.444792	E3	52	80	447	34.625000	E3	52	80	
434	45.609375	F#3	54	78	449	34.750000	F#3	54	80	
435	45.614583	E5	76	87	448	34.750000	E5	76	80	
436	45.771875	G3	55	72	450	34.875000	G3	55	80	
437	45.944792	F#4	66	66	451	35.000000	F#4	66	80	
438	45.948958	A3	57	70	452	35.000000	A3	57	80	
439	46.106250	G3	55	62	453	35.125000	G3	55	80	
440	46.280208	F#3	54	64	455	35.250000	F#3	54	80	
441	46.287500	A4	69	68	454	35.250000	A4	69	80	
442	46.438542	A3	57	69	456	35.375000	A3	57	80	
443	46.614583	D3	50	68	458	35.500000	D3	50	80	
444	46.627083	B4	71	80	457	35.500000	B4	71	80	
445	46.758333	C#3	49	70	459	35.625000	C#3	49	80	
446	46.942708	B2	47	71	461	35.750000	B2	47	80	
447	46.942708	D5	74	78	460	35.750000	D5	74	80	
448	47.107292	A3	57	63	462	35.875000	A3	57	80	
449	47.277083	G#3	56	66	464	36.000000	G#3	56	80	
450	47.293750	E4	64	62	463	36.000000	E4	64	80	
451	47.439583	F#3	54	65	465	36.125000	F#3	54	80	
452	47.619792	G#4	68	68	466	36.250000	G#4	68	80	
453	47.623958	E3	52	64	467	36.250000	E3	52	80	
454	47.762500	G#3	56	59	468	36.375000	G#3	56	80	
455	47.946875	C#3	49	58	470	36.500000	C#3	49	80	
456	47.948958	A4	69	65	469	36.500000	A4	69	80	
457	48.110417	B2	47	61	471	36.625000	B2	47	80	
458	48.282292	A2	45	64	473	36.750000	A2	45	80	
459	48.282292	C#5	73	67	472	36.750000	C#5	73	80	
460	48.448958	G3	55	59	474	36.875000	G3	55	80	
461	48.610417	F#3	54	62	476	37.000000	F#3	54	80	
462	48.623958	D5	74	57	475	37.000000	D5	74	80	
463	48.764583	E3	52	72	478	37.125000	E3	52	80	
464	48.781250	C#5	73	70	477	37.125000	C#5	73	80	
465	48.931250	D3	50	74	480	37.250000	D3	50	80	
466	48.951042	B4	71	76	479	37.250000	B4	71	80	
467	49.092708	F#3	54	73	482	37.375000	F#3	54	80	
468	49.102083	C#5	73	80	481	37.375000	C#5	73	80	
469	49.261458	B2	47	73	485	37.500000	B2	47	80	
470	49.261458	G#4	68	88	484	37.500000	G#4	68	80	
471	49.266667	D5	74	78	483	37.500000	D5	74	80	
472	49.419792	F#3	54	68	487	37.625000	F#3	54	80	
473	49.419792	C#5	73	85	486	37.625000	C#5	73	80	
474	49.580208	D5	74	84	488	37.750000	D5	74	80	
475	49.582292	E3	52	73	489	37.750000	E3	52	80	
476	49.732292	D3	50	74	491	37.875000	D3	50	80	
477	49.736458	E5	76	88	490	37.875000	E5	76	80	
478	49.891667	A4	69	87	492	38.000000	A4	69	80	
479	49.895833	C#3	49	74	494	38.000000	C#3	49	80	
480	50.050000	B4	71	88	495	38.125000	B4	71	80	
481	50.057292	B2	47	78	496	38.125000	B2	47	80	
482	50.210417	A2	45	79	498	38.250000	A2	45	80	
483	50.210417	C#5	73	95	497	38.250000	C#5	73	80	
484	50.358333	A4	69	81	499	38.375000	A4	69	80	
485	50.369792	C#3	49	75	500	38.375000	C#3	49	80	
486	50.534375	A3	57	78	502	38.500000	A3	57	80	
487	50.538542	D3	50	75	503	38.500000	D3	50	80	
488	50.542708	F#5	78	91	501	38.500000	F#5	78	80	
489	50.690625	E3	52	76	504	38.625000	E3	52	80	
490	50.863542	D3	50	72	506	38.750000	D3	50	80	
491	50.868750	F#5	78	93	505	38.750000	F#5	78	80	
492	51.012500	C#3	49	76	507	38.875000	C#3	49	80	
493	51.196875	G#3	56	67	509	39.000000	G#3	56	80	
494	51.201042	B2	47	65	510	39.000000	B2	47	80	
495	51.203125	F#5	78	95	508	39.000000	F#5	78	80	
496	51.318750	F5	77	74	*	-1	*	-1	-1	
497	51.344792	A2	45	72	512	39.125000	A2	45	80	
498	51.359375	Eb5	75	83	511	39.125000	Eb5	75	80	
499	51.513542	E5	76	93	513	39.250000	E5	76	80	
500	51.517708	G#2	44	80	514	39.250000	G#2	44	80	
501	51.688542	B2	47	72	515	39.375000	B2	47	80	
502	51.864583	C#3	49	75	517	39.500000	C#3	49	80	
503	51.864583	G3	55	76	516	39.500000	G3	55	80	
504	52.021875	E5	76	90	518	39.625000	E5	76	80	
505	52.189583	E3	52	80	520	39.750000	E3	52	80	
506	52.189583	F#5	78	96	519	39.750000	F#5	78	80	
507	52.345833	G5	79	93	521	39.875000	G5	79	80	
508	52.521875	F#3	54	74	523	40.000000	F#3	54	80	
509	52.521875	A5	81	89	522	40.000000	A5	81	80	
510	52.676042	G5	79	87	524	40.125000	G5	79	80	
511	52.840625	F#5	78	94	525	40.250000	F#5	78	80	
512	52.844792	A2	45	64	526	40.250000	A2	45	80	
513	52.995833	A5	81	88	527	40.375000	A5	81	80	
514	53.175000	B3	59	75	529	40.500000	B3	59	80	
515	53.179167	D5	74	93	528	40.500000	D5	74	80	
516	53.328125	C#5	73	93	530	40.625000	C#5	73	80	
517	53.492708	D3	50	62	532	40.750000	D3	50	80	
518	53.502083	B4	71	89	531	40.750000	B4	71	80	
519	53.653125	A5	81	85	533	40.875000	A5	81	80	
520	53.831250	G#5	80	82	534	41.000000	G#5	80	80	
521	53.861458	E3	52	55	535	41.000000	E3	52	80	
522	53.978125	F#5	78	86	536	41.125000	F#5	78	80	
523	54.148958	E5	76	85	537	41.250000	E5	76	80	
524	54.171875	G#2	44	62	538	41.250000	G#2	44	80	
525	54.305208	G#5	80	81	539	41.375000	G#5	80	80	
526	54.483333	A3	57	64	541	41.500000	A3	57	80	
527	54.483333	C#5	73	85	540	41.500000	C#5	73	80	
528	54.628125	B4	71	79	542	41.625000	B4	71	80	
529	54.795833	A4	69	67	543	41.750000	A4	69	80	
530	54.800000	C#3	49	55	544	41.750000	C#3	49	80	
531	54.952083	G5	79	71	545	41.875000	G5	79	80	
532	55.120833	D3	50	60	547	42.000000	D3	50	80	
533	55.129167	F#5	78	73	546	42.000000	F#5	78	80	
534	55.277083	E5	76	73	548	42.125000	E5	76	80	
535	55.460417	B2	47	55	550	42.250000	B2	47	80	
536	55.460417	D5	74	72	549	42.250000	D5	74	80	
537	55.612500	A2	45	52	552	42.375000	A2	45	80	
538	55.617708	F#5	78	76	551	42.375000	F#5	78	80	
539	55.776042	G#2	44	62	554	42.500000	G#2	44	80	
540	55.776042	B4	71	74	553	42.500000	B4	71	80	
541	55.926042	D3	50	54	556	42.625000	D3	50	80	
542	55.926042	F#5	78	72	555	42.625000	F#5	78	80	
543	56.083333	C#3	49	53	558	42.750000	C#3	49	80	
544	56.094792	E5	76	73	557	42.750000	E5	76	80	
545	56.234375	B2	47	58	560	42.875000	B2	47	80	
546	56.256250	D5	74	72	559	42.875000	D5	74	80	
547	56.415625	C#5	73	72	561	43.000000	C#5	73	80	
548	56.419792	A2	45	52	562	43.000000	A2	45	80	
549	56.575000	B2	47	60	565	43.125000	B2	47	80	
550	56.575000	B4	71	77	564	43.125000	B4	71	80	
551	56.731250	A4	69	70	566	43.250000	A4	69	80	
552	56.735417	C#3	49	65	567	43.250000	C#3	49	80	
553	56.885417	C#5	73	77	568	43.375000	C#5	73	80	
554	56.889583	A2	45	57	569	43.375000	A2	45	80	
555	57.044792	D3	50	62	571	43.500000	D3	50	80	
556	57.059375	F#4	66	74	570	43.500000	F#4	66	80	
557	57.211458	E3	52	64	573	43.625000	E3	52	80	
558	57.211458	E4	64	77	572	43.625000	E4	64	80	
559	57.367708	F#3	54	68	575	43.750000	F#3	54	80	
560	57.371875	D4	62	72	574	43.750000	D4	62	80	
561	57.521875	F#4	66	72	576	43.875000	F#4	66	80	
562	57.528125	D3	50	64	577	43.875000	D3	50	80	
563	57.689583	G#3	56	65	579	44.000000	G#3	56	80	
564	57.689583	B3	59	77	578	44.000000	B3	59	80	
565	57.834375	A3	57	68	581	44.125000	A3	57	80	
566	57.843750	C#4	61	75	580	44.125000	C#4	61	80	
567	57.993750	G#3	56	68	583	44.250000	G#3	56	80	
568	58.007292	D4	62	84	582	44.250000	D4	62	80	
569	58.147917	F#3	54	69	585	44.375000	F#3	54	80	
570	58.160417	E4	64	85	584	44.375000	E4	64	80	
571	58.327083	E3	52	74	587	44.500000	E3	52	80	
572	58.327083	F#4	66	81	586	44.500000	F#4	66	80	
573	58.471875	G#4	68	85	588	44.625000	G#4	68	80	
574	58.476042	D4	62	72	589	44.625000	D4	62	80	
575	58.635417	C#4	61	74	591	44.750000	C#4	61	80	
576	58.642708	A4	69	86	590	44.750000	A4	69	80	
577	58.800000	B3	59	76	593	44.875000	B3	59	80	
578	58.805208	B4	71	89	592	44.875000	B4	71	80	
579	58.971875	A3	57	75	595	45.000000	A3	57	80	
580	58.976042	C#5	73	90	594	45.000000	C#5	73	80	
581	59.134375	F#3	54	74	597	45.125000	F#3	54	80	
582	59.140625	D5	74	94	596	45.125000	D5	74	80	
583	59.308333	E3	52	74	599	45.250000	E3	52	80	
584	59.313542	E5	76	93	598	45.250000	E5	76	80	
585	59.466667	D3	50	77	601	45.375000	D3	50	80	
586	59.466667	F#5	78	95	600	45.375000	F#5	78	80	
587	59.632292	C#3	49	77	603	45.500000	C#3	49	80	
588	59.632292	G#5	80	90	602	45.500000	G#5	80	80	
589	59.801042	A5	81	91	604	45.625000	A5	81	80	
590	59.808333	B2	47	76	605	45.625000	B2	47	80	
591	59.985417	A2	45	77	607	45.750000	A2	45	80	
592	60.001042	B5	83	96	606	45.750000	B5	83	80	
593	60.166667	G#2	44	79	609	45.875000	G#2	44	80	
594	60.184375	G#5	80	97	608	45.875000	G#5	80	80	
595	60.380208	F#2	42	79	611	46.000000	F#2	42	80	
596	60.397917	A5	81	94	610	46.000000	A5	81	80	
597	60.585417	E2	40	75	613	46.125000	E2	40	80	
598	60.601042	G#5	80	88	612	46.125000	G#5	80	80	
599	60.812500	D2	38	76	615	46.250000	D2	38	80	
600	60.826042	F#5	78	95	614	46.250000	F#5	78	80	
601	61.042708	E5	76	91	616	46.375000	E5	76	80	
602	61.282292	E2	40	77	618	46.500000	E2	40	80	
603	61.284375	D5	74	86	617	46.500000	D5	74	80	
604	61.527083	C#5	73	92	619	46.625000	C#5	73	80	
605	61.841667	E3	52	74	621	46.750000	E3	52	80	
606	61.841667	B4	71	89	620	46.750000	B4	71	80	
607	62.191667	G#5	80	89	622	46.875000	G#5	80	80	
608	62.748958	A5	81	79	623	47.000000	A5	81	80	
609	62.765625	C#5	73	78	624	47.000000	C#5	73	80	
610	62.775000	A2	45	50	625	47.000000	A2	45	80	
*	-1	*	-1	-1	51	4.500000	A3	57	80	
*	-1	*	-1	-1	53	4.562500	G#3	56	80	
*	-1	*	-1	-1	54	4.623958	G#3	56	80	
*	-1	*	-1	-1	56	4.625000	A3	57	80	
*	-1	*	-1	-1	83	6.500000	E5	76	80	
*	-1	*	-1	-1	136	10.500000	Eb5	75	80	
*	-1	*	-1	-1	145	11.000000	E5	76	80	
*	-1	*	-1	-1	201	15.000000	A3	57	80	
*	-1	*	-1	-1	219	16.625000	E4	64	80	
*	-1	*	-1	-1	278	21.500000	C#4	61	80	
*	-1	*	-1	-1	339	26.500000	G#5	80	80	
*	-1	*	-1	-1	343	26.561458	A5	81	80	
*	-1	*	-1	-1	348	26.687500	G#5	80	80	
*	-1	*	-1	-1	351	26.811458	A5	81	80	
*	-1	*	-1	-1	493	38.000000	A4	69	80	
*	-1	*	-1	-1	563	43.000000	A2	45	80	
