// alignID alignOntime alignSitch alignPitch alignOnvel refID refOntime refSitch refPitch refOnvel
0	0.500000	G#3	56	52	0	0.500000	G#3	56	80	
1	1.536458	G3	55	41	1	1.000000	G3	55	80	
2	2.076042	G#3	56	48	2	1.250000	G#3	56	80	
3	2.308333	Bb3	58	57	3	1.375000	Bb3	58	80	
4	2.605208	B3	59	54	4	1.500000	B3	59	80	
5	3.126042	Bb3	58	57	5	1.750000	Bb3	58	80	
6	3.642708	G#3	56	58	6	2.000000	G#3	56	80	
7	4.148958	D4	62	67	7	2.250000	D4	62	80	
8	4.678125	Eb4	63	62	8	2.500000	Eb4	63	80	
9	5.194792	F#3	54	56	9	2.750000	F#3	54	80	
10	5.728125	G#3	56	58	10	3.000000	G#3	56	80	
11	6.220833	G#3	56	56	11	3.250000	G#3	56	80	
12	6.740625	Bb3	58	46	12	3.500000	Bb3	58	80	
13	7.265625	Bb3	58	41	13	3.750000	Bb3	58	80	
14	7.785417	Eb3	51	47	14	4.000000	Eb3	51	80	
15	8.309375	F3	53	56	15	4.250000	F3	53	80	
16	8.889583	Eb4	63	68	16	4.500000	Eb4	63	80	
17	8.916667	F#3	54	42	17	4.500000	F#3	54	80	
18	9.880208	C4	60	50	18	5.000000	C4	60	80	
19	10.371875	C#4	61	60	19	5.250000	C#4	61	80	
20	10.377083	E3	52	48	20	5.250000	E3	52	80	
21	10.609375	Eb4	63	68	21	5.375000	Eb4	63	80	
22	10.613542	F#3	54	54	22	5.375000	F#3	54	80	
23	10.894792	G#3	56	51	24	5.500000	G#3	56	80	
24	10.896875	E4	64	72	23	5.500000	E4	64	80	
25	11.400000	Eb4	63	66	25	5.750000	Eb4	63	80	
26	11.426042	G3	55	46	26	5.750000	G3	55	80	
27	11.651042	G#3	56	54	27	5.875000	G#3	56	80	
28	11.916667	C#4	61	60	28	6.000000	C#4	61	80	
29	11.936458	Bb3	58	51	29	6.000000	Bb3	58	80	
30	12.406250	G4	67	69	30	6.250000	G4	67	80	
31	12.421875	G#3	56	47	31	6.250000	G#3	56	80	
32	12.647917	Bb3	58	57	32	6.375000	Bb3	58	80	
33	12.947917	G#4	68	72	33	6.500000	G#4	68	80	
34	12.959375	B3	59	46	34	6.500000	B3	59	80	
35	13.454167	G#3	56	48	36	6.750000	G#3	56	80	
36	13.459375	B3	59	72	35	6.750000	B3	59	80	
37	13.977083	C#4	61	58	37	7.000000	C#4	61	80	
38	13.979167	Bb3	58	48	38	7.000000	Bb3	58	80	
39	14.467708	C#4	61	55	39	7.250000	C#4	61	80	
40	14.988542	Eb4	63	53	40	7.500000	Eb4	63	80	
41	14.990625	G3	55	41	41	7.500000	G3	55	80	
42	15.521875	Eb4	63	46	42	7.750000	Eb4	63	80	
43	16.008333	G#3	56	49	43	8.000000	G#3	56	80	
44	16.552083	F#3	54	60	45	8.250000	F#3	54	80	
45	17.059375	C#4	61	37	47	8.500000	C#4	61	80	
46	17.059375	G#4	68	73	46	8.500000	G#4	68	80	
47	17.072917	E3	52	46	48	8.500000	E3	52	80	
48	18.032292	Eb3	51	41	50	9.000000	Eb3	51	80	
49	18.038542	G4	67	57	49	9.000000	G4	67	80	
50	18.528125	B3	59	50	52	9.250000	B3	59	80	
51	18.530208	G#4	68	75	51	9.250000	G#4	68	80	
52	18.537500	G#3	56	45	53	9.250000	G#3	56	80	
53	18.761458	Bb4	70	77	54	9.375000	Bb4	70	80	
54	18.784375	C#4	61	42	55	9.375000	C#4	61	80	
55	19.073958	B4	71	77	56	9.500000	B4	71	80	
56	19.092708	Eb4	63	52	57	9.500000	Eb4	63	80	
57	19.577083	Bb3	58	47	60	9.750000	Bb3	58	80	
58	19.589583	Bb4	70	71	58	9.750000	Bb4	70	80	
59	19.594792	D4	62	47	59	9.750000	D4	62	80	
60	19.842708	Eb4	63	63	61	9.875000	Eb4	63	80	
61	20.113542	G#4	68	76	62	10.000000	G#4	68	80	
62	20.115625	B3	59	53	64	10.000000	B3	59	80	
63	20.133333	F4	65	47	63	10.000000	F4	65	80	
64	20.611458	D5	74	83	65	10.250000	D5	74	80	
65	20.620833	Eb4	63	45	66	10.250000	Eb4	63	80	
66	20.836458	F4	65	59	67	10.375000	F4	65	80	
67	21.145833	Eb5	75	78	68	10.500000	Eb5	75	80	
68	21.156250	Bb3	58	53	70	10.500000	Bb3	58	80	
69	21.161458	F#4	66	64	69	10.500000	F#4	66	80	
70	21.683333	Eb4	63	58	72	10.750000	Eb4	63	80	
71	21.683333	F#4	66	70	71	10.750000	F#4	66	80	
72	22.195833	G#4	68	61	73	11.000000	G#4	68	80	
73	22.200000	G#3	56	55	75	11.000000	G#3	56	80	
74	22.205208	F4	65	47	74	11.000000	F4	65	80	
75	22.723958	G#4	68	68	76	11.250000	G#4	68	80	
76	23.190625	Bb4	70	58	77	11.500000	Bb4	70	80	
77	23.211458	D4	62	51	78	11.500000	D4	62	80	
78	23.713542	Bb4	70	66	79	11.750000	Bb4	70	80	
79	24.250000	Eb4	63	63	80	12.000000	Eb4	63	80	
80	24.739583	F4	65	64	82	12.250000	F4	65	80	
81	24.752083	F#3	54	59	83	12.250000	F#3	54	80	
82	24.990625	G#3	56	73	84	12.375000	G#3	56	80	
83	25.279167	Eb3	51	73	87	12.500000	Eb3	51	80	
84	25.283333	F#4	66	70	85	12.500000	F#4	66	80	
85	25.312500	Bb3	58	23	86	12.500000	Bb3	58	80	
86	25.806250	F#3	54	53	89	12.750000	F#3	54	80	
87	25.810417	Bb3	58	58	88	12.750000	Bb3	58	80	
88	26.276042	C3	48	60	92	13.000000	C3	48	80	
89	26.281250	G#3	56	60	90	13.000000	G#3	56	80	
90	26.332292	Eb3	51	37	91	13.000000	Eb3	51	80	
91	26.458333	Eb3	51	3	*	-1	*	-1	-1	
92	26.754167	C#3	49	61	95	13.250000	C#3	49	80	
93	26.762500	E4	64	68	93	13.250000	E4	64	80	
94	26.991667	Eb3	51	68	97	13.375000	Eb3	51	80	
95	27.000000	F#4	66	69	96	13.375000	F#4	66	80	
96	27.296875	E3	52	68	99	13.500000	E3	52	80	
97	27.296875	G#4	68	70	98	13.500000	G#4	68	80	
98	27.773958	Eb3	51	66	103	13.750000	Eb3	51	80	
99	27.788542	B3	59	48	102	13.750000	B3	59	80	
100	27.800000	G4	67	68	100	13.750000	G4	67	80	
101	27.804167	Eb4	63	59	101	13.750000	Eb4	63	80	
102	28.042708	G#4	68	72	104	13.875000	G#4	68	80	
103	28.318750	C#3	49	63	108	14.000000	C#3	49	80	
104	28.322917	Bb4	70	67	105	14.000000	Bb4	70	80	
105	28.343750	E4	64	52	106	14.000000	E4	64	80	
106	28.419792	C#4	61	27	107	14.000000	C#4	61	80	
107	28.813542	G#4	68	72	109	14.250000	G#4	68	80	
108	28.815625	G3	55	71	111	14.250000	G3	55	80	
109	29.057292	Bb4	70	74	112	14.375000	Bb4	70	80	
110	29.350000	G#3	56	64	114	14.500000	G#3	56	80	
111	29.355208	B4	71	70	113	14.500000	B4	71	80	
112	29.364583	Eb4	63	59	116	14.750000	Eb4	63	80	
113	29.871875	G#4	68	66	115	14.750000	G#4	68	80	
114	29.888542	B2	47	55	118	14.750000	B2	47	80	
115	30.388542	C#3	49	50	122	15.000000	C#3	49	80	
116	30.393750	Bb4	70	67	119	15.000000	Bb4	70	80	
117	30.395833	C#4	61	48	120	15.000000	C#4	61	80	
118	30.395833	E4	64	56	121	15.000000	E4	64	80	
119	30.906250	C#3	49	53	123	15.250000	C#3	49	80	
120	31.437500	Eb3	51	43	127	15.500000	Eb3	51	80	
121	31.439583	Bb3	58	43	125	15.500000	Bb3	58	80	
122	31.439583	G4	67	55	124	15.500000	G4	67	80	
123	31.444792	Eb4	63	49	126	15.500000	Eb4	63	80	
124	31.956250	Eb3	51	57	128	15.750000	Eb3	51	80	
125	32.470833	G#4	68	62	129	16.000000	G#4	68	80	
126	32.480208	G#2	44	37	132	16.000000	G#2	44	80	
127	32.484375	B3	59	50	130	16.000000	B3	59	80	
128	32.487500	Eb4	63	47	131	16.000000	Eb4	63	80	
129	32.992708	Bb4	70	73	133	16.250000	Bb4	70	80	
130	33.511458	B4	71	72	134	16.500000	B4	71	80	
131	33.988542	Eb3	51	51	137	16.750000	Eb3	51	80	
132	33.993750	F#4	66	64	136	16.750000	F#4	66	80	
133	33.997917	B3	59	55	135	16.750000	B3	59	80	
134	34.530208	C#5	73	79	138	17.000000	C#5	73	80	
135	34.541667	G#4	68	67	140	17.000000	G#4	68	80	
136	34.546875	E3	52	49	141	17.000000	E3	52	80	
137	34.561458	E4	64	55	139	17.000000	E4	64	80	
138	35.033333	E3	52	65	142	17.250000	E3	52	80	
139	35.522917	Bb4	70	76	143	17.500000	Bb4	70	80	
140	35.537500	F#3	54	45	146	17.500000	F#3	54	80	
141	35.537500	F#4	66	61	145	17.500000	F#4	66	80	
142	35.541667	C#4	61	53	144	17.500000	C#4	61	80	
143	36.026042	F#3	54	60	147	17.750000	F#3	54	80	
144	36.530208	B2	47	36	151	18.000000	B2	47	80	
145	36.556250	Eb4	63	40	149	18.000000	Eb4	63	80	
146	36.560417	F#4	66	43	150	18.000000	F#4	66	80	
147	36.565625	B4	71	43	148	18.000000	B4	71	80	
148	37.032292	Eb5	75	58	152	18.250000	Eb5	75	80	
149	37.261458	D5	74	66	153	18.375000	D5	74	80	
150	37.547917	Eb5	75	62	154	18.500000	Eb5	75	80	
151	38.006250	Bb4	70	58	156	18.750000	Bb4	70	80	
152	38.025000	Eb4	63	44	155	18.750000	Eb4	63	80	
153	38.026042	F#3	54	40	157	18.750000	F#3	54	80	
154	38.509375	G#3	56	41	161	19.000000	G#3	56	80	
155	38.509375	F5	77	73	158	19.000000	F5	77	80	
156	38.529167	G#4	68	59	159	19.000000	G#4	68	80	
157	38.541667	B4	71	54	160	19.000000	B4	71	80	
158	39.029167	G#3	56	60	162	19.250000	G#3	56	80	
159	39.538542	Bb3	58	54	166	19.500000	Bb3	58	80	
160	39.538542	D5	74	72	163	19.500000	D5	74	80	
161	39.556250	Bb4	70	57	165	19.500000	Bb4	70	80	
162	39.564583	F4	65	47	164	19.500000	F4	65	80	
163	40.071875	Bb3	58	66	167	19.750000	Bb3	58	80	
164	40.546875	Eb5	75	74	168	20.000000	Eb5	75	80	
165	40.561458	Eb4	63	47	169	20.000000	Eb4	63	80	
166	40.561458	F#4	66	66	170	20.000000	F#4	66	80	
167	40.564583	Eb3	51	51	171	20.000000	Eb3	51	80	
168	41.041667	F5	77	85	172	20.250000	F5	77	80	
169	41.045833	G#4	68	76	173	20.250000	G#4	68	80	
170	41.531250	Eb4	63	73	176	20.500000	Eb4	63	80	
171	41.536458	F#5	78	76	174	20.500000	F#5	78	80	
172	41.554167	Bb4	70	64	175	20.500000	Bb4	70	80	
173	42.060417	B4	71	58	177	20.750000	B4	71	80	
174	42.289583	Bb4	70	62	178	20.875000	Bb4	70	80	
175	42.564583	C4	60	60	180	21.000000	C4	60	80	
176	42.578125	G#4	68	67	179	21.000000	G#4	68	80	
177	43.050000	C#4	61	58	183	21.250000	C#4	61	80	
178	43.059375	E5	76	73	181	21.250000	E5	76	80	
179	43.066667	C#5	73	65	182	21.250000	C#5	73	80	
180	43.291667	F#5	78	78	184	21.375000	F#5	78	80	
181	43.298958	Eb4	63	70	185	21.375000	Eb4	63	80	
182	43.589583	G#5	80	73	186	21.500000	G#5	80	80	
183	43.598958	E4	64	72	187	21.500000	E4	64	80	
184	44.084375	Eb4	63	64	190	21.750000	Eb4	63	80	
185	44.084375	G5	79	73	188	21.750000	G5	79	80	
186	44.089583	Eb5	75	57	189	21.750000	Eb5	75	80	
187	44.329167	G#5	80	76	191	21.875000	G#5	80	80	
188	44.591667	C#4	61	64	194	22.000000	C#4	61	80	
189	44.601042	Bb5	82	73	192	22.000000	Bb5	82	80	
190	44.608333	E5	76	67	193	22.000000	E5	76	80	
191	45.076042	G4	67	75	196	22.250000	G4	67	80	
192	45.076042	G#5	80	77	195	22.250000	G#5	80	80	
193	45.314583	Bb5	82	79	197	22.375000	Bb5	82	80	
194	45.595833	G#4	68	73	200	22.500000	G#4	68	80	
195	45.600000	B5	83	72	198	22.500000	B5	83	80	
196	45.609375	Eb5	75	67	199	22.500000	Eb5	75	80	
197	46.078125	G#5	80	72	201	22.750000	G#5	80	80	
198	46.102083	B3	59	65	202	22.750000	B3	59	80	
199	46.590625	C#4	61	61	205	23.000000	C#4	61	80	
200	46.592708	Bb5	82	74	203	23.000000	Bb5	82	80	
201	46.604167	C#5	73	68	204	23.000000	C#5	73	80	
202	47.093750	C#4	61	61	206	23.250000	C#4	61	80	
203	47.590625	G5	79	76	207	23.500000	G5	79	80	
204	47.606250	Eb4	63	52	208	23.500000	Eb4	63	80	
205	48.100000	Eb4	63	62	209	23.750000	Eb4	63	80	
206	48.602083	G#5	80	70	210	24.000000	G#5	80	80	
207	48.614583	G#3	56	45	211	24.000000	G#3	56	80	
208	49.079167	F#5	78	73	212	24.250000	F#5	78	80	
209	49.335417	E5	76	75	213	24.375000	E5	76	80	
210	49.601042	Eb5	75	72	214	24.500000	Eb5	75	80	
211	49.612500	B4	71	68	215	24.500000	B4	71	80	
212	50.077083	E5	76	84	216	24.750000	E5	76	80	
213	50.081250	G#3	56	58	217	24.750000	G#3	56	80	
214	50.571875	F#5	78	84	218	25.000000	F#5	78	80	
215	50.581250	A3	57	67	220	25.000000	A3	57	80	
216	50.582292	A4	69	59	219	25.000000	A4	69	80	
217	51.066667	A3	57	69	221	25.250000	A3	57	80	
218	51.565625	Eb5	75	68	222	25.500000	Eb5	75	80	
219	51.583333	B3	59	54	223	25.500000	B3	59	80	
220	52.077083	B3	59	56	224	25.750000	B3	59	80	
221	52.588542	E3	52	43	226	26.000000	E3	52	80	
222	52.588542	E5	76	67	225	26.000000	E5	76	80	
223	53.087500	Eb5	75	62	227	26.250000	Eb5	75	80	
224	53.332292	C#5	73	68	228	26.375000	C#5	73	80	
225	53.614583	G#4	68	56	230	26.500000	G#4	68	80	
226	53.627083	C5	72	67	229	26.500000	C5	72	80	
227	54.109375	E3	52	50	232	26.750000	E3	52	80	
228	54.115625	C#5	73	64	231	26.750000	C#5	73	80	
229	54.626042	Eb5	75	63	233	27.000000	Eb5	75	80	
230	54.634375	F#3	54	50	235	27.000000	F#3	54	80	
231	54.634375	F#4	66	49	234	27.000000	F#4	66	80	
232	55.129167	F#3	54	55	236	27.250000	F#3	54	80	
233	55.609375	C5	72	58	237	27.500000	C5	72	80	
234	55.614583	G#3	56	42	238	27.500000	G#3	56	80	
235	56.108333	G#3	56	51	239	27.750000	G#3	56	80	
236	56.616667	C#5	73	60	240	28.000000	C#5	73	80	
237	56.618750	C#3	49	43	241	28.000000	C#3	49	80	
238	57.143750	Eb3	51	57	243	28.250000	Eb3	51	80	
239	57.143750	E4	64	63	242	28.250000	E4	64	80	
240	57.373958	F#4	66	66	244	28.375000	F#4	66	80	
241	57.660417	G#4	68	65	245	28.500000	G#4	68	80	
242	57.667708	C#3	49	57	247	28.500000	C#3	49	80	
243	57.667708	E3	52	51	246	28.500000	E3	52	80	
244	58.178125	F#3	54	56	249	28.750000	F#3	54	80	
245	58.182292	F#4	66	55	248	28.750000	F#4	66	80	
246	58.423958	E4	64	65	250	28.875000	E4	64	80	
247	58.716667	C3	48	58	253	29.000000	C3	48	80	
248	58.720833	G#3	56	49	252	29.000000	G#3	56	80	
249	58.727083	Eb4	63	63	251	29.000000	Eb4	63	80	
250	59.204167	C#3	49	61	256	29.250000	C#3	49	80	
251	59.211458	C#5	73	70	254	29.250000	C#5	73	80	
252	59.227083	E4	64	62	255	29.250000	E4	64	80	
253	59.451042	Eb3	51	74	258	29.375000	Eb3	51	80	
254	59.451042	F#4	66	70	257	29.375000	F#4	66	80	
255	59.754167	G#4	68	69	259	29.500000	G#4	68	80	
256	59.761458	E3	52	70	260	29.500000	E3	52	80	
257	60.241667	Eb3	51	70	264	29.750000	Eb3	51	80	
258	60.243750	Eb5	75	62	261	29.750000	Eb5	75	80	
259	60.245833	G4	67	60	262	29.750000	G4	67	80	
260	60.264583	B3	59	54	263	29.750000	B3	59	80	
261	60.490625	G#4	68	72	265	29.875000	G#4	68	80	
262	60.764583	C#3	49	64	269	30.000000	C#3	49	80	
263	60.779167	E5	76	66	266	30.000000	E5	76	80	
264	60.781250	Bb4	70	59	267	30.000000	Bb4	70	80	
265	60.800000	C#4	61	43	268	30.000000	C#4	61	80	
266	61.256250	G#4	68	67	270	30.250000	G#4	68	80	
267	61.260417	G3	55	69	271	30.250000	G3	55	80	
268	61.509375	Bb4	70	73	272	30.375000	Bb4	70	80	
269	61.770833	Eb5	75	68	273	30.500000	Eb5	75	80	
270	61.775000	G#3	56	68	276	30.500000	G#3	56	80	
271	61.783333	B4	71	67	274	30.500000	B4	71	80	
272	62.275000	B2	47	60	279	30.750000	B2	47	80	
273	62.275000	Eb4	63	56	278	30.750000	Eb4	63	80	
274	62.279167	G#4	68	65	277	30.750000	G#4	68	80	
275	62.773958	C#3	49	59	283	31.000000	C#3	49	80	
276	62.785417	C#5	73	65	280	31.000000	C#5	73	80	
277	62.802083	E4	64	58	282	31.000000	E4	64	80	
278	62.802083	Bb4	70	59	281	31.000000	Bb4	70	80	
279	63.300000	C#3	49	61	284	31.250000	C#3	49	80	
280	63.806250	Eb3	51	60	287	31.500000	Eb3	51	80	
281	63.806250	G4	67	59	285	31.500000	G4	67	80	
282	63.813542	Eb4	63	51	286	31.500000	Eb4	63	80	
283	64.293750	Eb3	51	56	288	31.750000	Eb3	51	80	
284	64.798958	G#4	68	52	289	32.000000	G#4	68	80	
285	64.808333	Eb4	63	43	290	32.000000	Eb4	63	80	
286	64.812500	G#2	44	44	291	32.000000	G#2	44	80	
287	65.308333	G5	79	73	292	32.250000	G5	79	80	
288	65.314583	Bb2	46	49	293	32.250000	Bb2	46	80	
289	65.804167	G#3	56	43	295	32.500000	G#3	56	80	
290	65.811458	B2	47	44	296	32.500000	B2	47	80	
291	65.817708	G#5	80	73	294	32.500000	G#5	80	80	
292	66.334375	B4	71	62	297	32.750000	B4	71	80	
293	66.347917	C#3	49	45	298	32.750000	C#3	49	80	
294	66.839583	Bb4	70	61	299	33.000000	Bb4	70	80	
295	66.850000	Eb3	51	42	301	33.000000	Eb3	51	80	
296	66.850000	G3	55	42	300	33.000000	G3	55	80	
297	67.302083	G5	79	82	302	33.250000	G5	79	80	
298	67.325000	G#3	56	56	303	33.250000	G#3	56	80	
299	67.548958	Bb3	58	66	304	33.375000	Bb3	58	80	
300	67.845833	G#5	80	82	305	33.500000	G#5	80	80	
301	67.848958	B3	59	53	306	33.500000	B3	59	80	
302	68.343750	C#5	73	75	307	33.750000	C#5	73	80	
303	68.356250	G4	67	59	308	33.750000	G4	67	80	
304	68.364583	Eb3	51	47	310	33.750000	Eb3	51	80	
305	68.376042	Bb3	58	52	309	33.750000	Bb3	58	80	
306	68.837500	B4	71	81	311	34.000000	B4	71	80	
307	68.845833	G#4	68	69	312	34.000000	G#4	68	80	
308	68.851042	G#3	56	55	313	34.000000	G#3	56	80	
309	68.864583	F3	53	49	314	34.000000	F3	53	80	
310	69.341667	G#5	80	88	315	34.250000	G#5	80	80	
311	69.345833	D4	62	52	316	34.250000	D4	62	80	
312	69.829167	Eb4	63	51	318	34.500000	Eb4	63	80	
313	69.829167	F#5	78	86	317	34.500000	F#5	78	80	
314	69.845833	Eb3	51	49	319	34.500000	Eb3	51	80	
315	70.320833	Bb4	70	69	320	34.750000	Bb4	70	80	
316	70.330208	F#3	54	59	322	34.750000	F#3	54	80	
317	70.344792	F#4	66	48	321	34.750000	F#4	66	80	
318	70.805208	G#3	56	60	325	35.000000	G#3	56	80	
319	70.805208	G#4	68	72	323	35.000000	G#4	68	80	
320	70.809375	F4	65	50	324	35.000000	F4	65	80	
321	71.279167	F#5	78	80	326	35.250000	F#5	78	80	
322	71.290625	G#3	56	55	327	35.250000	G#3	56	80	
323	71.780208	F5	77	75	328	35.500000	F5	77	80	
324	71.782292	Bb3	58	40	329	35.500000	Bb3	58	80	
325	71.789583	D3	50	41	330	35.500000	D3	50	80	
326	72.265625	G#4	68	62	331	35.750000	G#4	68	80	
327	72.273958	Bb3	58	42	333	35.750000	Bb3	58	80	
328	72.304167	F4	65	41	332	35.750000	F4	65	80	
329	72.801042	F#4	66	61	334	36.000000	F#4	66	80	
330	72.808333	Eb3	51	41	335	36.000000	Eb3	51	80	
331	73.285417	F3	53	40	338	36.250000	F3	53	80	
332	73.300000	Eb4	63	60	337	36.250000	Eb4	63	80	
333	73.540625	D4	62	60	339	36.375000	D4	62	80	
334	73.823958	Eb4	63	52	340	36.500000	Eb4	63	80	
335	73.833333	F#3	54	42	341	36.500000	F#3	54	80	
336	74.077083	Eb2	39	51	342	36.625000	Eb2	39	80	
337	74.319792	E2	40	46	343	36.750000	E2	40	80	
338	74.568750	F#2	42	57	344	36.875000	F#2	42	80	
339	74.848958	C4	60	56	345	37.000000	C4	60	80	
340	74.867708	G#2	44	51	346	37.000000	G#2	44	80	
341	75.353125	C#4	61	59	347	37.250000	C#4	61	80	
342	75.359375	E3	52	54	348	37.250000	E3	52	80	
343	75.364583	C#3	49	44	349	37.250000	C#3	49	80	
344	75.588542	Eb4	63	69	350	37.375000	Eb4	63	80	
345	75.596875	F#3	54	53	351	37.375000	F#3	54	80	
346	75.875000	G#3	56	53	353	37.500000	G#3	56	80	
347	75.875000	E4	64	72	352	37.500000	E4	64	80	
348	76.340625	Eb4	63	62	354	37.750000	Eb4	63	80	
349	76.345833	Eb3	51	37	356	37.750000	Eb3	51	80	
350	76.354167	G3	55	48	355	37.750000	G3	55	80	
351	76.578125	G#3	56	54	357	37.875000	G#3	56	80	
352	76.852083	C#4	61	62	358	38.000000	C#4	61	80	
353	76.858333	Bb3	58	48	359	38.000000	Bb3	58	80	
354	76.877083	E3	52	47	360	38.000000	E3	52	80	
355	77.355208	G4	67	68	361	38.250000	G4	67	80	
356	77.380208	G#3	56	48	362	38.250000	G#3	56	80	
357	77.606250	Bb3	58	60	363	38.375000	Bb3	58	80	
358	77.893750	G#4	68	74	364	38.500000	G#4	68	80	
359	77.903125	B3	59	47	365	38.500000	B3	59	80	
360	77.922917	Eb3	51	43	366	38.500000	Eb3	51	80	
361	78.396875	G#3	56	46	368	38.750000	G#3	56	80	
362	78.402083	B3	59	68	367	38.750000	B3	59	80	
363	78.923958	Bb3	58	37	370	39.000000	Bb3	58	80	
364	78.933333	C#4	61	56	369	39.000000	C#4	61	80	
365	78.939583	C#3	49	36	371	39.000000	C#3	49	80	
366	79.421875	C#4	61	49	372	39.250000	C#4	61	80	
367	79.914583	Eb4	63	53	373	39.500000	Eb4	63	80	
368	79.919792	G3	55	41	374	39.500000	G3	55	80	
369	80.421875	Eb4	63	48	375	39.750000	Eb4	63	80	
370	80.917708	G#3	56	43	376	40.000000	G#3	56	80	
371	81.395833	G4	67	47	378	40.250000	G4	67	80	
372	81.406250	B2	47	35	379	40.250000	B2	47	80	
373	81.621875	Bb2	46	54	380	40.375000	Bb2	46	80	
374	81.894792	B2	47	48	382	40.500000	B2	47	80	
375	81.896875	G#4	68	57	381	40.500000	G#4	68	80	
376	82.136458	G#2	44	54	383	40.625000	G#2	44	80	
377	82.426042	D3	50	61	385	40.750000	D3	50	80	
378	82.430208	B3	59	50	384	40.750000	B3	59	80	
379	82.953125	Eb3	51	55	387	41.000000	Eb3	51	80	
380	82.975000	Bb3	58	47	386	41.000000	Bb3	58	80	
381	83.416667	F#4	66	52	388	41.250000	F#4	66	80	
382	83.433333	G#3	56	54	389	41.250000	G#3	56	80	
383	83.653125	F4	65	59	390	41.375000	F4	65	80	
384	83.912500	F#4	66	60	391	41.500000	F#4	66	80	
385	83.918750	Bb3	58	54	392	41.500000	Bb3	58	80	
386	84.157292	Eb4	63	60	393	41.625000	Eb4	63	80	
387	84.419792	A4	69	61	394	41.750000	A4	69	80	
388	84.432292	C4	60	52	395	41.750000	C4	60	80	
389	84.904167	F3	53	46	397	42.000000	F3	53	80	
390	84.909375	Bb4	70	54	396	42.000000	Bb4	70	80	
391	85.404167	Eb4	63	52	398	42.250000	Eb4	63	80	
392	85.411458	C#3	49	42	399	42.250000	C#3	49	80	
393	85.637500	C3	48	53	400	42.375000	C3	48	80	
394	85.866667	F4	65	59	401	42.500000	F4	65	80	
395	85.878125	C#3	49	57	402	42.500000	C#3	49	80	
396	86.126042	Bb2	46	62	403	42.625000	Bb2	46	80	
397	86.402083	G4	67	58	404	42.750000	G4	67	80	
398	86.409375	E3	52	69	405	42.750000	E3	52	80	
399	86.907292	F3	53	62	407	43.000000	F3	53	80	
400	86.926042	C4	60	56	406	43.000000	C4	60	80	
401	87.382292	Bb3	58	69	409	43.250000	Bb3	58	80	
402	87.408333	A4	69	60	408	43.250000	A4	69	80	
403	87.626042	G4	67	70	410	43.375000	G4	67	80	
404	87.869792	C4	60	66	412	43.500000	C4	60	80	
405	87.884375	A4	69	65	411	43.500000	A4	69	80	
406	88.107292	F4	65	72	413	43.625000	F4	65	80	
407	88.375000	Bb4	70	75	414	43.750000	Bb4	70	80	
408	88.392708	C#4	61	61	415	43.750000	C#4	61	80	
409	88.871875	C5	72	79	416	44.000000	C5	72	80	
410	88.881250	Eb4	63	65	417	44.000000	Eb4	63	80	
411	89.365625	Eb3	51	63	418	44.250000	Eb3	51	80	
412	89.589583	C#3	49	61	419	44.375000	C#3	49	80	
413	89.857292	Eb3	51	72	420	44.500000	Eb3	51	80	
414	90.071875	C3	48	69	421	44.625000	C3	48	80	
415	90.337500	F3	53	79	422	44.750000	F3	53	80	
416	90.855208	F#3	54	74	423	45.000000	F#3	54	80	
417	91.322917	C#4	61	63	425	45.250000	C#4	61	80	
418	91.332292	Bb4	70	71	424	45.250000	Bb4	70	80	
419	91.557292	A4	69	74	426	45.375000	A4	69	80	
420	91.561458	C4	60	67	427	45.375000	C4	60	80	
421	91.808333	C#4	61	59	429	45.500000	C#4	61	80	
422	91.808333	Bb4	70	83	428	45.500000	Bb4	70	80	
423	92.048958	C5	72	85	430	45.625000	C5	72	80	
424	92.312500	C#5	73	84	431	45.750000	C#5	73	80	
425	92.321875	Bb3	58	63	432	45.750000	Bb3	58	80	
426	92.552083	E3	52	69	433	45.875000	F3	53	80	
427	92.650000	F#3	54	20	*	-1	*	-1	-1	
428	92.812500	Eb3	51	79	434	46.000000	Eb3	51	80	
429	93.039583	Bb3	58	63	435	46.125000	Bb3	58	80	
430	93.276042	C5	72	87	436	46.250000	C5	72	80	
431	93.291667	Eb4	63	63	437	46.250000	Eb4	63	80	
432	93.531250	Bb4	70	85	438	46.375000	Bb4	70	80	
433	93.560417	C#4	61	51	439	46.375000	C#4	61	80	
434	93.886458	Eb5	75	85	440	46.500000	Eb5	75	80	
435	93.904167	C4	60	39	442	46.500000	C4	60	80	
436	93.918750	A4	69	55	441	46.500000	A4	69	80	
437	93.926042	F3	53	40	443	46.500000	F3	53	80	
438	94.160417	Bb4	70	63	444	46.625000	Bb4	70	80	
439	94.177083	Bb3	58	49	445	46.625000	G#3	56	80	
440	94.437500	G4	67	58	446	46.750000	G4	67	80	
441	94.459375	C4	60	45	447	46.750000	C4	60	80	
442	94.683333	A4	69	62	448	46.875000	A4	69	80	
443	95.000000	D5	74	73	449	47.000000	D5	74	80	
444	95.007292	Bb2	46	46	452	47.000000	Bb2	46	80	
445	95.014583	Bb3	58	48	451	47.000000	Bb3	58	80	
446	95.022917	Bb4	70	55	450	47.000000	Bb4	70	80	
447	95.521875	Eb5	75	77	453	47.250000	Eb5	75	80	
448	95.543750	C4	60	58	454	47.250000	B3	59	80	
449	95.763542	F5	77	87	455	47.375000	F5	77	80	
450	95.772917	D4	62	61	456	47.375000	D4	62	80	
451	96.038542	F#5	78	83	457	47.500000	F#5	78	80	
452	96.056250	Eb4	63	63	458	47.500000	Eb4	63	80	
453	96.545833	F5	77	76	459	47.750000	F5	77	80	
454	96.553125	F4	65	60	460	47.750000	F4	65	80	
455	97.048958	F#4	66	63	462	48.000000	F#4	66	80	
456	97.056250	Eb5	75	74	461	48.000000	Eb5	75	80	
457	97.572917	A5	81	80	463	48.250000	A5	81	80	
458	97.583333	C5	72	69	464	48.250000	C5	72	80	
459	98.090625	Bb5	82	84	465	48.500000	Bb5	82	80	
460	98.100000	C#5	73	73	466	48.500000	C#5	73	80	
461	98.336458	G#4	68	74	467	48.625000	G#4	68	80	
462	98.589583	C#5	73	84	468	48.750000	C#5	73	80	
463	98.597917	Bb4	70	70	469	48.750000	Bb4	70	80	
464	98.602083	F#4	66	60	470	48.750000	F#4	66	80	
465	98.833333	F4	65	67	471	48.875000	F4	65	80	
466	99.069792	Eb4	63	63	474	49.000000	Eb4	63	80	
467	99.095833	Eb5	75	82	472	49.000000	Eb5	75	80	
468	99.101042	B4	71	72	473	49.000000	B4	71	80	
469	99.321875	C#4	61	65	475	49.125000	C#4	61	80	
470	99.583333	B3	59	62	477	49.250000	B3	59	80	
471	99.583333	Eb5	75	79	476	49.250000	Eb5	75	80	
472	99.819792	Bb3	58	72	478	49.375000	Bb3	58	80	
473	100.087500	F5	77	87	479	49.500000	F5	77	80	
474	100.098958	G#3	56	64	480	49.500000	G#3	56	80	
475	100.328125	Bb3	58	72	481	49.625000	Bb3	58	80	
476	100.583333	F5	77	87	482	49.750000	F5	77	80	
477	100.590625	B3	59	68	483	49.750000	B3	59	80	
478	100.841667	C#4	61	70	484	49.875000	C#4	61	80	
479	101.137500	Eb4	63	54	486	50.000000	Eb4	63	80	
480	101.137500	Bb4	70	70	485	50.000000	Bb4	70	80	
481	101.151042	F#3	54	53	487	50.000000	F#3	54	80	
482	101.652083	F5	77	87	488	50.250000	F5	77	80	
483	101.659375	G#3	56	60	489	50.250000	G#3	56	80	
484	102.167708	F#5	78	85	490	50.500000	F#5	78	80	
485	102.183333	Bb3	58	52	492	50.500000	Bb3	58	80	
486	102.190625	C#4	61	54	491	50.500000	C#4	61	80	
487	102.194792	F#3	54	44	493	50.500000	F#3	54	80	
488	102.698958	Bb4	70	76	494	50.750000	Bb4	70	80	
489	102.706250	C#4	61	59	495	50.750000	C#4	61	80	
490	103.211458	Eb3	51	67	498	51.000000	Eb3	51	80	
491	103.215625	Eb4	63	59	497	51.000000	Eb4	63	80	
492	103.219792	B4	71	72	496	51.000000	B4	71	80	
493	103.732292	E3	52	67	500	51.250000	E3	52	80	
494	103.732292	Bb5	82	81	499	51.250000	Bb5	82	80	
495	103.982292	F#3	54	74	501	51.375000	F#3	54	80	
496	104.235417	G#3	56	70	503	51.500000	G#3	56	80	
497	104.242708	B5	83	74	502	51.500000	B5	83	80	
498	104.483333	Eb5	75	76	504	51.625000	Eb5	75	80	
499	104.738542	E5	76	82	505	51.750000	E5	76	80	
500	104.743750	F#3	54	72	506	51.750000	F#3	54	80	
501	104.964583	F#5	78	85	507	51.875000	F#5	78	80	
502	105.255208	E3	52	62	510	52.000000	E3	52	80	
503	105.261458	G#5	80	77	508	52.000000	G#5	80	80	
504	105.745833	E5	76	82	511	52.250000	E5	76	80	
505	105.748958	Bb3	58	65	512	52.250000	Bb3	58	80	
506	106.271875	Eb5	75	72	513	52.500000	Eb5	75	80	
507	106.277083	B3	59	60	514	52.500000	B3	59	80	
508	106.781250	Eb3	51	55	517	52.750000	Eb3	51	80	
509	106.788542	F#4	66	62	515	52.750000	F#4	66	80	
510	107.281250	C#5	73	65	518	53.000000	C#5	73	80	
511	107.285417	E3	52	53	521	53.000000	E3	52	80	
512	107.285417	G#4	68	58	519	53.000000	G#4	68	80	
513	107.779167	Bb4	70	65	522	53.250000	Bb4	70	80	
514	107.793750	E3	52	42	523	53.250000	E3	52	80	
515	108.016667	B4	71	65	524	53.375000	B4	71	80	
516	108.277083	F#3	54	49	527	53.500000	F#3	54	80	
517	108.282292	E4	64	62	525	53.500000	E4	64	80	
518	108.293750	Bb3	58	47	526	53.500000	Bb3	58	80	
519	108.778125	F#3	54	47	528	53.750000	F#3	54	80	
520	109.291667	B2	47	43	530	54.000000	B2	47	80	
521	109.772917	Bb2	46	45	532	54.250000	Bb2	46	80	
522	109.790625	Eb4	63	53	531	54.250000	Eb4	63	80	
523	110.026042	C#4	61	56	533	54.375000	C#4	61	80	
524	110.283333	B4	71	56	534	54.500000	B4	71	80	
525	110.294792	G#2	44	48	536	54.500000	G#2	44	80	
526	110.302083	Eb4	63	50	535	54.500000	Eb4	63	80	
527	110.530208	B3	59	59	537	54.625000	B3	59	80	
528	110.808333	F4	65	57	538	54.750000	F4	65	80	
529	110.817708	C#3	49	53	539	54.750000	C#3	49	80	
530	111.309375	F#2	42	54	541	55.000000	F#2	42	80	
531	111.311458	F#4	66	54	540	55.000000	F#4	66	80	
532	111.796875	E2	40	41	543	55.250000	E2	40	80	
533	111.796875	Bb4	70	62	542	55.250000	Bb4	70	80	
534	112.034375	G#4	68	67	544	55.375000	G#4	68	80	
535	112.276042	Eb2	39	50	546	55.500000	Eb2	39	80	
536	112.302083	Bb4	70	67	545	55.500000	Bb4	70	80	
537	112.510417	F#4	66	72	547	55.625000	F#4	66	80	
538	112.788542	G#2	44	62	549	55.750000	G#2	44	80	
539	112.788542	C5	72	74	548	55.750000	C5	72	80	
540	113.289583	C#3	49	60	551	56.000000	C#3	49	80	
541	113.305208	C#5	73	70	550	56.000000	C#5	73	80	
542	113.783333	B2	47	64	553	56.250000	B2	47	80	
543	113.785417	E4	64	66	552	56.250000	E4	64	80	
544	114.015625	Eb4	63	70	554	56.375000	Eb4	63	80	
545	114.271875	Bb2	46	65	556	56.500000	Bb2	46	80	
546	114.271875	E4	64	68	555	56.500000	E4	64	80	
547	114.500000	C#4	61	68	557	56.625000	C#4	61	80	
548	114.780208	G4	67	65	558	56.750000	G4	67	80	
549	114.789583	Eb3	51	69	559	56.750000	Eb3	51	80	
550	115.290625	G#2	44	67	561	57.000000	G#2	44	80	
551	115.294792	G#4	68	70	560	57.000000	G#4	68	80	
552	115.759375	F#2	42	60	563	57.250000	F#2	42	80	
553	115.763542	B4	71	70	562	57.250000	B4	71	80	
554	116.004167	Bb4	70	78	564	57.375000	Bb4	70	80	
555	116.258333	F2	41	61	566	57.500000	F2	41	80	
556	116.258333	B4	71	75	565	57.500000	B4	71	80	
557	116.486458	G#4	68	79	567	57.625000	G#4	68	80	
558	116.775000	D5	74	82	568	57.750000	D5	74	80	
559	116.779167	Bb2	46	67	569	57.750000	Bb2	46	80	
560	117.306250	Eb5	75	76	570	58.000000	Eb5	75	80	
561	117.319792	Eb2	39	57	571	58.000000	Eb2	39	80	
562	117.818750	C#5	73	77	572	58.250000	C#5	73	80	
563	118.057292	B4	71	80	573	58.375000	B4	71	80	
564	118.341667	F#4	66	66	575	58.500000	F#4	66	80	
565	118.341667	Bb4	70	70	574	58.500000	Bb4	70	80	
566	118.835417	B4	71	80	576	58.750000	B4	71	80	
567	118.841667	Eb3	51	65	577	58.750000	Eb3	51	80	
568	119.320833	E3	52	67	580	59.000000	E3	52	80	
569	119.332292	C#5	73	77	578	59.000000	C#5	73	80	
570	119.347917	E4	64	65	579	59.000000	E4	64	80	
571	119.823958	E3	52	68	581	59.250000	E3	52	80	
572	120.328125	Bb4	70	69	582	59.500000	Bb4	70	80	
573	120.333333	F#3	54	51	583	59.500000	F#3	54	80	
574	120.817708	F#3	54	61	584	59.750000	F#3	54	80	
575	121.323958	B2	47	29	586	60.000000	B2	47	80	
576	121.328125	B4	71	55	585	60.000000	B4	71	80	
577	121.817708	Bb4	70	54	587	60.250000	Bb4	70	80	
578	122.058333	G#4	68	60	588	60.375000	G#4	68	80	
579	122.331250	Eb4	63	53	590	60.500000	Eb4	63	80	
580	122.331250	G4	67	56	589	60.500000	G4	67	80	
581	122.833333	G#4	68	60	591	60.750000	G#4	68	80	
582	122.859375	B2	47	44	592	60.750000	B2	47	80	
583	123.334375	Bb4	70	58	593	61.000000	Bb4	70	80	
584	123.338542	C#4	61	45	594	61.000000	C#4	61	80	
585	123.343750	C#3	49	45	595	61.000000	C#3	49	80	
586	123.845833	C#3	49	43	596	61.250000	C#3	49	80	
587	124.336458	G4	67	52	597	61.500000	G4	67	80	
588	124.352083	Eb3	51	44	598	61.500000	Eb3	51	80	
589	124.848958	Eb3	51	48	599	61.750000	Eb3	51	80	
590	125.336458	G#4	68	61	600	62.000000	G#4	68	80	
591	125.340625	G#2	44	47	601	62.000000	G#2	44	80	
592	125.838542	Bb2	46	53	603	62.250000	Bb2	46	80	
593	125.840625	B3	59	62	602	62.250000	B3	59	80	
594	126.072917	C#4	61	58	604	62.375000	C#4	61	80	
595	126.394792	B2	47	56	607	62.500000	B2	47	80	
596	126.394792	G#3	56	74	606	62.500000	G#3	56	80	
597	126.394792	Eb4	63	50	605	62.500000	Eb4	63	80	
598	126.909375	C#3	49	56	609	62.750000	C#3	49	80	
599	126.941667	C#4	61	52	608	62.750000	C#4	61	80	
600	127.171875	B3	59	63	610	62.875000	B3	59	80	
601	127.437500	G3	55	64	612	63.000000	G3	55	80	
602	127.456250	Eb3	51	55	613	63.000000	Eb3	51	80	
603	127.458333	Bb3	58	61	611	63.000000	Bb3	58	80	
604	127.939583	G#3	56	63	616	63.250000	G#3	56	80	
605	127.944792	G#4	68	69	614	63.250000	G#4	68	80	
606	127.953125	C4	60	62	615	63.250000	C4	60	80	
607	127.969792	F#3	54	49	617	63.250000	F#3	54	80	
608	128.189583	Bb3	58	74	619	63.375000	Bb3	58	80	
609	128.203125	C#4	61	57	618	63.375000	C#4	61	80	
610	128.452083	C4	60	70	621	63.500000	C4	60	80	
611	128.461458	Eb4	63	64	620	63.500000	Eb4	63	80	
612	128.718750	G#3	56	59	622	63.625000	G#3	56	80	
613	128.953125	Bb4	70	73	623	63.750000	Bb4	70	80	
614	128.969792	D4	62	63	624	63.750000	D4	62	80	
615	128.971875	F#3	54	51	626	63.750000	F#3	54	80	
616	128.971875	Bb3	58	61	625	63.750000	Bb3	58	80	
617	129.193750	F3	53	64	628	63.875000	F3	53	80	
618	129.437500	Eb3	51	57	632	64.000000	Eb3	51	80	
619	129.464583	G#3	56	63	631	64.000000	G#3	56	80	
620	129.464583	B4	71	80	629	64.000000	B4	71	80	
621	129.494792	F4	65	55	630	64.000000	F4	65	80	
622	129.690625	D3	50	63	633	64.125000	D3	50	80	
623	129.948958	D4	62	81	635	64.250000	D4	62	80	
624	129.969792	C3	48	59	636	64.250000	C3	48	80	
625	130.004167	F4	65	42	637	64.375000	F4	65	80	
626	130.194792	Bb2	46	67	638	64.375000	Bb2	46	80	
627	130.463542	Bb4	70	73	639	64.500000	Bb4	70	80	
628	130.469792	Eb4	63	73	641	64.500000	Eb4	63	80	
629	130.477083	G#2	44	60	642	64.500000	G#2	44	80	
630	130.489583	F#4	66	55	640	64.500000	F#4	66	80	
631	130.693750	F#2	42	67	643	64.625000	F#2	42	80	
632	130.965625	F#3	54	77	645	64.750000	F#3	54	80	
633	130.994792	G#2	44	41	646	64.750000	G#2	44	80	
634	131.212500	Bb2	46	58	647	64.875000	Bb2	46	80	
635	131.512500	G#3	56	67	650	65.000000	G#3	56	80	
636	131.517708	B2	47	55	651	65.000000	B2	47	80	
637	131.517708	G#4	68	71	648	65.000000	G#4	68	80	
638	131.531250	F4	65	59	649	65.000000	F4	65	80	
639	132.043750	G#3	56	69	652	65.250000	G#3	56	80	
640	132.562500	Bb3	58	63	654	65.500000	Bb3	58	80	
641	132.567708	D4	62	58	653	65.500000	D4	62	80	
642	132.584375	Bb2	46	49	655	65.500000	Bb2	46	80	
643	133.091667	G#2	44	49	657	65.750000	G#2	44	80	
644	133.091667	Bb3	58	61	656	65.750000	Bb3	58	80	
645	133.584375	Eb3	51	43	659	66.000000	Eb3	51	80	
646	133.598958	Eb4	63	59	658	66.000000	Eb4	63	80	
647	133.603125	F#2	42	46	660	66.000000	F#2	42	80	
648	134.086458	Bb2	46	46	662	66.250000	Bb2	46	80	
649	134.095833	C#4	61	52	661	66.250000	C#4	61	80	
650	134.327083	B3	59	60	663	66.375000	B3	59	80	
651	134.655208	F#4	66	65	664	66.500000	F#4	66	80	
652	134.660417	Eb2	39	38	666	66.500000	Eb2	39	80	
653	134.667708	Bb3	58	53	665	66.500000	Bb3	58	80	
654	135.146875	B3	59	57	667	66.750000	B3	59	80	
655	135.151042	Eb3	51	50	668	66.750000	Eb3	51	80	
656	135.721875	E4	64	57	669	67.000000	E4	64	80	
657	135.729167	C#4	61	46	670	67.000000	C#4	61	80	
658	135.733333	E3	52	37	671	67.000000	E3	52	80	
659	136.252083	E3	52	49	672	67.250000	E3	52	80	
660	136.744792	Bb3	58	49	673	67.500000	Bb3	58	80	
661	136.751042	F#3	54	40	674	67.500000	F#3	54	80	
662	137.241667	F#3	54	46	675	67.750000	F#3	54	80	
663	137.709375	B2	47	33	677	68.000000	B2	47	80	
664	137.744792	B3	59	54	676	68.000000	B3	59	80	
665	137.994792	Eb3	51	54	678	68.125000	Eb3	51	80	
666	138.246875	Eb4	63	69	679	68.250000	Eb4	63	80	
667	138.256250	E3	52	49	680	68.250000	E3	52	80	
668	138.485417	F#3	54	57	681	68.375000	F#3	54	80	
669	138.806250	B4	71	77	682	68.500000	B4	71	80	
670	138.833333	G#3	56	40	683	68.500000	G#3	56	80	
671	139.332292	B3	59	52	684	68.750000	B3	59	80	
672	139.334375	G#2	44	44	685	68.750000	G#2	44	80	
673	139.836458	C#4	61	55	686	69.000000	C#4	61	80	
674	139.841667	A2	45	38	687	69.000000	A2	45	80	
675	140.341667	C#4	61	60	688	69.250000	C#4	61	80	
676	140.357292	A2	45	42	689	69.250000	A2	45	80	
677	140.841667	A4	69	65	690	69.500000	A4	69	80	
678	140.853125	Eb4	63	59	691	69.500000	Eb4	63	80	
679	140.855208	B2	47	47	693	69.500000	B2	47	80	
680	140.872917	F#3	54	44	692	69.500000	F#3	54	80	
681	141.358333	Eb4	63	59	694	69.750000	Eb4	63	80	
682	141.377083	B2	47	45	695	69.750000	B2	47	80	
683	141.872917	E4	64	66	696	70.000000	E4	64	80	
684	141.875000	E3	52	43	697	70.000000	E3	52	80	
685	141.889583	E2	40	35	698	70.000000	E2	40	80	
686	142.115625	B3	59	64	699	70.125000	B3	59	80	
687	142.369792	C#4	61	68	700	70.250000	C#4	61	80	
688	142.614583	Eb4	63	70	701	70.375000	Eb4	63	80	
689	142.900000	E3	52	64	703	70.500000	E3	52	80	
690	142.900000	E4	64	79	702	70.500000	E4	64	80	
691	143.392708	G#4	68	80	704	70.750000	G#4	68	80	
692	143.419792	B3	59	61	706	70.750000	B3	59	80	
693	143.879167	Bb4	70	82	707	71.000000	Bb4	70	80	
694	143.884375	F#4	66	69	708	71.000000	F#4	66	80	
695	143.890625	C#4	61	53	709	71.000000	C#4	61	80	
696	144.400000	Bb4	70	83	710	71.250000	Bb4	70	80	
697	144.411458	C#4	61	59	711	71.250000	C#4	61	80	
698	144.894792	C5	72	84	712	71.500000	C5	72	80	
699	144.902083	F#4	66	72	*	-1	*	-1	-1	
700	144.906250	Eb3	51	56	714	71.500000	Eb3	51	80	
701	144.911458	Eb4	63	50	713	71.500000	Eb4	63	80	
702	145.423958	C5	72	80	715	71.750000	C5	72	80	
703	145.438542	Eb4	63	51	716	71.750000	Eb4	63	80	
704	145.442708	Eb3	51	19	*	-1	*	-1	-1	
705	145.941667	C#3	49	45	719	72.000000	C#3	49	80	
706	145.941667	G#3	56	47	718	72.000000	G#3	56	80	
707	145.946875	C#5	73	72	717	72.000000	C#5	73	80	
708	146.209375	Eb4	63	69	720	72.125000	Eb4	63	80	
709	146.471875	E4	64	75	721	72.250000	E4	64	80	
710	146.476042	Eb3	51	62	722	72.250000	Eb3	51	80	
711	146.718750	F#4	66	77	723	72.375000	F#4	66	80	
712	146.996875	E3	52	61	725	72.500000	E3	52	80	
713	147.008333	G#4	68	80	724	72.500000	G#4	68	80	
714	147.546875	C#5	73	80	726	72.750000	C#5	73	80	
715	147.554167	F#3	54	53	728	72.750000	F#3	54	80	
716	147.561458	F#4	66	57	727	72.750000	F#4	66	80	
717	147.827083	E4	64	54	729	72.875000	E4	64	80	
718	148.104167	C5	72	74	730	73.000000	C5	72	80	
719	148.112500	G#3	56	48	732	73.000000	G#3	56	80	
720	148.134375	Eb4	63	56	731	73.000000	Eb4	63	80	
721	148.608333	Bb3	58	54	735	73.250000	Bb3	58	80	
722	148.608333	C#5	73	86	733	73.250000	C#5	73	80	
723	148.621875	G#4	68	63	734	73.250000	G#4	68	80	
724	148.851042	Eb5	75	86	736	73.375000	Eb5	75	80	
725	148.859375	C4	60	58	737	73.375000	C4	60	80	
726	149.137500	E5	76	83	738	73.500000	E5	76	80	
727	149.156250	C#4	61	56	739	73.500000	C#4	61	80	
728	149.629167	Eb5	75	80	740	73.750000	Eb5	75	80	
729	149.647917	G4	67	69	741	73.750000	G4	67	80	
730	149.657292	G#4	68	11	*	-1	*	-1	-1	
731	149.665625	Eb4	63	51	742	73.750000	Eb4	63	80	
732	149.886458	G#4	68	74	743	73.875000	G#4	68	80	
733	150.162500	C#5	73	81	744	74.000000	C#5	73	80	
734	150.177083	E4	64	54	746	74.000000	E4	64	80	
735	150.177083	Bb4	70	68	745	74.000000	Bb4	70	80	
736	150.662500	G5	79	90	747	74.250000	G5	79	80	
737	150.670833	G#4	68	79	748	74.250000	G#4	68	80	
738	150.897917	Bb4	70	86	749	74.375000	Bb4	70	80	
739	151.203125	Eb4	63	56	752	74.500000	Eb4	63	80	
740	151.203125	G#5	80	86	750	74.500000	G#5	80	80	
741	151.210417	B4	71	71	751	74.500000	B4	71	80	
742	151.729167	B4	71	79	753	74.750000	B4	71	80	
743	151.739583	G#4	68	71	754	74.750000	G#4	68	80	
744	152.232292	C#5	73	85	755	75.000000	C#5	73	80	
745	152.239583	A4	69	62	756	75.000000	A4	69	80	
746	152.243750	E4	64	58	757	75.000000	E4	64	80	
747	152.751042	C#5	73	85	758	75.250000	C#5	73	80	
748	153.237500	F#3	54	62	762	75.500000	F#3	54	80	
749	153.242708	Eb5	75	81	759	75.500000	Eb5	75	80	
750	153.244792	F#4	66	54	761	75.500000	F#4	66	80	
751	153.248958	A4	69	65	760	75.500000	A4	69	80	
752	153.787500	Eb5	75	85	763	75.750000	Eb5	75	80	
753	154.287500	C4	60	57	766	76.000000	C4	60	80	
754	154.303125	Eb4	63	70	765	76.000000	Eb4	63	80	
755	154.305208	G#4	68	81	764	76.000000	G#4	68	80	
756	154.805208	C5	72	87	767	76.250000	C5	72	80	
757	155.326042	C#5	73	84	768	76.500000	C#5	73	80	
758	155.821875	G#4	68	83	770	76.750000	G#4	68	80	
759	155.834375	E3	52	64	771	76.750000	E3	52	80	
760	155.838542	E4	64	70	769	76.750000	E4	64	80	
761	156.321875	Bb4	70	82	773	77.000000	Bb4	70	80	
762	156.327083	Eb4	63	72	772	77.000000	Eb4	63	80	
763	156.329167	G2	43	69	774	77.000000	G2	43	80	
764	156.831250	G2	43	76	775	77.250000	G2	43	80	
765	157.350000	G#2	44	60	779	77.500000	G#2	44	80	
766	157.360417	B4	71	83	776	77.500000	B4	71	80	
767	157.366667	G#4	68	74	778	77.500000	G#4	68	80	
768	157.373958	Eb4	63	64	777	77.500000	Eb4	63	80	
769	157.857292	G#2	44	72	781	77.750000	G#2	44	80	
770	157.857292	F#4	66	85	780	77.750000	F#4	66	80	
771	158.377083	E4	64	81	783	78.000000	E4	64	80	
772	158.389583	C#2	37	66	784	78.000000	C#2	37	80	
773	158.389583	C#4	61	67	782	78.000000	C#4	61	80	
774	158.906250	Eb2	39	71	786	78.250000	Eb2	39	80	
775	158.910417	Eb4	63	82	785	78.250000	Eb4	63	80	
776	159.404167	Bb4	70	81	787	78.500000	Bb4	70	80	
777	159.418750	E2	40	64	789	78.500000	E2	40	80	
778	159.418750	C#4	61	65	788	78.500000	C#4	61	80	
779	159.927083	G#4	68	88	790	78.750000	G#4	68	80	
780	159.940625	C#3	49	55	791	78.750000	C#3	49	80	
781	160.450000	G4	67	86	792	79.000000	G4	67	80	
782	160.466667	Eb2	39	63	794	79.000000	Eb2	39	80	
783	160.492708	Eb3	51	43	793	79.000000	Eb3	51	80	
784	160.975000	G#4	68	89	795	79.250000	G#4	68	80	
785	160.982292	B3	59	83	796	79.250000	B3	59	80	
786	161.578125	Bb3	58	80	797	79.500000	Bb3	58	80	
787	162.219792	G4	67	82	798	79.750000	G4	67	80	
788	163.265625	G#4	68	83	800	80.000000	G#4	68	80	
789	163.284375	C4	60	62	799	80.000000	B3	59	80	
790	163.290625	Eb3	51	46	802	80.000000	Eb3	51	80	
791	163.300000	G#2	44	46	801	80.000000	G#2	44	80	
*	-1	*	-1	-1	44	8.000000	G#3	56	80	
*	-1	*	-1	-1	81	12.000000	Eb4	63	80	
*	-1	*	-1	-1	94	13.250000	E3	52	80	
*	-1	*	-1	-1	110	14.250000	Eb4	63	80	
*	-1	*	-1	-1	117	14.750000	Eb4	63	80	
*	-1	*	-1	-1	275	30.500000	B3	59	80	
*	-1	*	-1	-1	336	36.000000	Eb3	51	80	
*	-1	*	-1	-1	377	40.000000	G#3	56	80	
*	-1	*	-1	-1	509	52.000000	C#4	61	80	
*	-1	*	-1	-1	516	52.750000	B3	59	80	
*	-1	*	-1	-1	520	53.000000	B3	59	80	
*	-1	*	-1	-1	529	54.000000	B3	59	80	
*	-1	*	-1	-1	627	63.875000	Eb4	63	80	
*	-1	*	-1	-1	634	64.250000	Eb4	63	80	
*	-1	*	-1	-1	644	64.750000	Eb4	63	80	
*	-1	*	-1	-1	705	70.750000	G#4	68	80	
