// alignID alignOntime alignSitch alignPitch alignOnvel refID refOntime refSitch refPitch refOnvel
0	0.985417	Bb4	70	58	0	0.000000	Bb4	70	80	
1	0.993750	G4	67	39	1	0.000000	G4	67	80	
2	1.188542	Eb4	63	50	2	0.250000	Eb4	63	80	
3	1.368750	D4	62	63	3	0.500000	D4	62	80	
4	1.553125	Eb4	63	63	4	0.750000	Eb4	63	80	
5	1.745833	Bb3	58	59	5	1.000000	Bb3	58	80	
6	1.932292	G3	55	57	6	1.250000	G3	55	80	
7	2.173958	Eb3	51	42	7	1.500000	Eb3	51	80	
8	2.357292	G4	67	48	8	1.750000	G4	67	80	
9	2.528125	Eb5	75	80	10	2.000000	Eb5	75	80	
10	2.752083	Eb5	75	66	11	2.250000	Eb5	75	80	
11	2.773958	F4	65	45	12	2.250000	F4	65	80	
12	2.955208	Bb3	58	28	15	2.500000	Bb3	58	80	
13	2.957292	D5	74	51	14	2.500000	D5	74	80	
14	3.125000	A3	57	50	17	2.750000	A3	57	80	
15	3.332292	Bb3	58	64	18	3.000000	Bb3	58	80	
16	3.521875	F3	53	61	19	3.250000	F3	53	80	
17	3.713542	D3	50	56	20	3.500000	D3	50	80	
18	3.938542	Bb2	46	47	21	3.750000	Bb2	46	80	
19	4.118750	F4	65	59	22	4.000000	F4	65	80	
20	4.306250	G4	67	66	23	4.250000	G4	67	80	
21	4.519792	G#4	68	67	24	4.500000	G#4	68	80	
22	4.535417	F3	53	40	25	4.500000	F3	53	80	
23	4.706250	C4	60	61	26	4.750000	C4	60	80	
24	4.888542	Eb4	63	72	27	5.000000	Eb4	63	80	
25	5.120833	D4	62	62	28	5.250000	D4	62	80	
26	5.140625	Bb3	58	39	30	5.250000	Bb3	58	80	
27	5.310417	F4	65	61	31	5.500000	F4	65	80	
28	5.493750	Bb4	70	64	32	5.750000	Bb4	70	80	
29	5.700000	D3	50	36	35	6.000000	Bb2	46	80	
30	5.702083	Bb3	58	41	33	6.000000	Bb3	58	80	
31	5.894792	F4	65	58	36	6.250000	F4	65	80	
32	6.066667	G#4	68	70	37	6.500000	G#4	68	80	
33	6.277083	G#4	68	62	38	6.750000	G#4	68	80	
34	6.294792	Bb3	58	43	39	6.750000	Bb3	58	80	
35	6.340625	Eb4	63	34	40	6.750000	Eb4	63	80	
36	6.472917	Eb3	51	38	43	7.000000	Eb3	51	80	
37	6.494792	G4	67	46	42	7.000000	G4	67	80	
38	6.677083	D3	50	58	45	7.250000	D3	50	80	
39	6.877083	Eb3	51	51	46	7.500000	Eb3	51	80	
40	7.054167	Bb2	46	58	47	7.750000	Bb2	46	80	
41	7.236458	G2	43	60	48	8.000000	G2	43	80	
42	7.509375	Eb2	39	38	49	8.250000	Eb2	39	80	
43	7.705208	Eb3	51	46	50	8.500000	Eb3	51	80	
44	7.884375	D3	50	61	51	8.750000	D3	50	80	
45	8.082292	Eb3	51	61	52	9.000000	Eb3	51	80	
46	8.272917	G3	55	62	53	9.250000	G3	55	80	
47	8.468750	F3	53	60	54	9.500000	F3	53	80	
48	8.665625	G3	55	54	55	9.750000	G3	55	80	
49	8.858333	Bb3	58	53	56	10.000000	Bb3	58	80	
50	8.965625	Eb2	39	40	58	10.250000	Eb2	39	80	
51	9.034375	G#3	56	55	57	10.250000	G#3	56	80	
52	9.240625	Bb3	58	52	60	10.500000	Bb3	58	80	
53	9.253125	Eb2	39	40	62	10.500000	Eb2	39	80	
54	9.261458	Eb3	51	43	61	10.500000	Eb3	51	80	
55	9.469792	C#4	61	50	63	10.750000	C#4	61	80	
56	9.639583	G3	55	58	64	11.000000	G3	55	80	
57	9.641667	C#3	49	58	65	11.000000	C#3	49	80	
58	9.834375	Eb2	39	45	69	11.250000	Eb2	39	80	
59	9.843750	C3	48	53	68	11.250000	C3	48	80	
60	9.844792	G#3	56	65	67	11.250000	G#3	56	80	
61	10.037500	C4	60	66	70	11.500000	C4	60	80	
62	10.226042	Bb3	58	68	71	11.750000	Bb3	58	80	
63	10.240625	Eb3	51	54	72	11.750000	Eb3	51	80	
64	10.442708	C4	60	64	73	12.000000	C4	60	80	
65	10.452083	G#2	44	54	74	12.000000	G#2	44	80	
66	10.617708	Eb4	63	62	75	12.250000	Eb4	63	80	
67	10.818750	Bb2	46	54	77	12.500000	Bb2	46	80	
68	10.819792	C#4	61	63	76	12.500000	C#4	61	80	
69	10.822917	Eb2	39	44	78	12.500000	Eb2	39	80	
70	11.039583	Eb4	63	54	79	12.750000	Eb4	63	80	
71	11.056250	C3	48	44	80	12.750000	C3	48	80	
72	11.086458	Eb2	39	36	81	12.750000	Eb2	39	80	
73	11.226042	G#4	68	61	82	13.000000	G#4	68	80	
74	11.404167	C4	60	66	83	13.250000	C4	60	80	
75	11.406250	G#2	44	53	84	13.250000	G#2	44	80	
76	11.426042	Eb2	39	35	85	13.250000	Eb2	39	80	
77	11.618750	F3	53	54	87	13.500000	F3	53	80	
78	11.636458	D4	62	69	86	13.500000	D4	62	80	
79	11.641667	Eb3	51	50	88	13.500000	Eb3	51	80	
80	11.826042	F4	65	69	89	13.750000	F4	65	80	
81	11.994792	G#3	56	57	91	14.000000	G#3	56	80	
82	12.004167	Eb4	63	72	90	14.000000	Eb4	63	80	
83	12.198958	D3	50	56	93	14.250000	D3	50	80	
84	12.230208	F4	65	66	92	14.250000	F4	65	80	
85	12.406250	G#4	68	65	94	14.500000	G#4	68	80	
86	12.590625	Eb3	51	48	96	14.750000	Eb3	51	80	
87	12.608333	G4	67	65	95	14.750000	G4	67	80	
88	12.833333	G#4	68	62	97	15.000000	G#4	68	80	
89	12.847917	F3	53	49	98	15.000000	F3	53	80	
90	13.031250	F5	77	60	99	15.250000	F5	77	80	
91	13.211458	Bb2	46	58	103	15.500000	Bb2	46	80	
92	13.211458	D3	50	55	101	15.500000	D3	50	80	
93	13.215625	G#4	68	64	100	15.500000	G#4	68	80	
94	13.232292	Eb2	39	46	102	15.500000	Eb2	39	80	
95	13.400000	Eb2	39	59	106	15.750000	Eb2	39	80	
96	13.406250	G4	67	65	104	15.750000	G4	67	80	
97	13.415625	Eb3	51	56	105	15.750000	Eb3	51	80	
98	13.436458	Bb2	46	49	107	15.750000	Bb2	46	80	
99	13.598958	Bb4	70	75	108	16.000000	Bb4	70	80	
100	13.779167	F3	53	65	110	16.250000	F3	53	80	
101	13.790625	G#4	68	75	109	16.250000	G#4	68	80	
102	13.972917	G3	55	67	112	16.500000	G3	55	80	
103	13.987500	Bb4	70	73	111	16.500000	Bb4	70	80	
104	14.171875	Eb5	75	70	113	16.750000	Eb5	75	80	
105	14.360417	D5	74	73	114	17.000000	D5	74	80	
106	14.368750	Bb3	58	62	115	17.000000	Bb3	58	80	
107	14.559375	Eb5	75	81	116	17.250000	Eb5	75	80	
108	14.562500	G3	55	57	117	17.250000	G3	55	80	
109	14.738542	G5	79	82	118	17.500000	G5	79	80	
110	14.932292	F5	77	81	119	17.750000	F5	77	80	
111	14.933333	D3	50	53	120	17.750000	D3	50	80	
112	15.139583	Eb3	51	57	122	18.000000	Eb3	51	80	
113	15.146875	G5	79	79	121	18.000000	G5	79	80	
114	15.325000	Eb5	75	83	123	18.250000	Eb5	75	80	
115	15.512500	D5	74	75	124	18.500000	D5	74	80	
116	15.533333	G3	55	55	125	18.500000	G3	55	80	
117	15.730208	Eb5	75	67	126	18.750000	Eb5	75	80	
118	15.764583	C3	48	35	127	18.750000	C3	48	80	
119	15.927083	C5	72	73	128	19.000000	C5	72	80	
120	16.097917	Bb4	70	79	129	19.250000	Bb4	70	80	
121	16.108333	D3	50	54	130	19.250000	D3	50	80	
122	16.282292	Eb3	51	63	132	19.500000	Eb3	51	80	
123	16.317708	C5	72	79	131	19.500000	C5	72	80	
124	16.395833	D3	50	64	133	19.625000	D3	50	80	
125	16.458333	C3	48	62	135	19.750000	C3	48	80	
126	16.505208	A4	69	77	134	19.750000	A4	69	80	
127	16.533333	D3	50	63	136	19.875000	D3	50	80	
128	16.641667	Eb3	51	67	138	20.000000	Eb3	51	80	
129	16.641667	G4	67	66	137	20.000000	G4	67	80	
130	16.857292	F2	41	67	140	20.250000	F2	41	80	
131	16.866667	A4	69	86	139	20.250000	A4	69	80	
132	17.089583	F4	65	67	141	20.500000	F4	65	80	
133	17.267708	Eb4	63	76	142	20.750000	Eb4	63	80	
134	17.464583	F4	65	69	143	21.000000	F4	65	80	
135	17.653125	C4	60	66	144	21.250000	C4	60	80	
136	17.845833	A3	57	69	145	21.500000	A3	57	80	
137	18.085417	F3	53	56	146	21.750000	F3	53	80	
138	18.262500	A4	69	57	147	22.000000	A4	69	80	
139	18.467708	Eb5	75	59	149	22.250000	Eb5	75	80	
140	18.713542	D5	74	49	150	22.500000	D5	74	80	
141	18.738542	Bb3	58	30	151	22.500000	Bb3	58	80	
142	18.922917	Bb4	70	62	152	22.750000	Bb4	70	80	
143	19.102083	F4	65	58	153	23.000000	F4	65	80	
144	19.314583	Eb3	51	48	155	23.250000	Eb3	51	80	
145	19.330208	G4	67	54	154	23.250000	G4	67	80	
146	19.518750	Eb4	63	69	156	23.500000	Eb4	63	80	
147	19.673958	D4	62	69	157	23.750000	D4	62	80	
148	19.885417	F3	53	47	160	24.000000	F3	53	80	
149	19.886458	C4	60	56	158	24.000000	C4	60	80	
150	20.069792	Bb4	70	67	161	24.250000	Bb4	70	80	
151	20.254167	A4	69	71	162	24.500000	A4	69	80	
152	20.472917	D4	62	53	164	24.750000	D4	62	80	
153	20.473958	Bb4	70	56	163	24.750000	Bb4	70	80	
154	20.666667	Bb3	58	58	165	25.000000	Bb3	58	80	
155	20.850000	A3	57	61	166	25.250000	A3	57	80	
156	21.056250	Bb3	58	53	167	25.500000	Bb3	58	80	
157	21.252083	F3	53	51	168	25.750000	F3	53	80	
158	21.445833	D3	50	48	169	26.000000	D3	50	80	
159	21.695833	Bb2	46	42	170	26.250000	Bb2	46	80	
160	21.902083	Bb3	58	46	171	26.500000	Bb3	58	80	
161	22.090625	A3	57	52	172	26.750000	A3	57	80	
162	22.307292	Bb3	58	50	173	27.000000	Bb3	58	80	
163	22.511458	Bb2	46	41	175	27.250000	Bb2	46	80	
164	22.517708	D4	62	54	174	27.250000	D4	62	80	
165	22.693750	A2	45	41	177	27.500000	A2	45	80	
166	22.695833	C4	60	57	176	27.500000	C4	60	80	
167	22.892708	Bb2	46	47	179	27.750000	Bb2	46	80	
168	22.915625	D4	62	50	178	27.750000	D4	62	80	
169	23.081250	D3	50	53	181	28.000000	D3	50	80	
170	23.093750	F4	65	56	180	28.000000	F4	65	80	
171	23.267708	C3	48	55	183	28.250000	C3	48	80	
172	23.277083	Eb4	63	61	182	28.250000	Eb4	63	80	
173	23.305208	Bb2	46	37	184	28.250000	Bb2	46	80	
174	23.462500	Bb2	46	22	187	28.500000	Bb2	46	80	
175	23.464583	D3	50	57	186	28.500000	D3	50	80	
176	23.480208	F4	65	50	185	28.500000	F4	65	80	
177	23.673958	G#4	68	62	188	28.750000	G#4	68	80	
178	23.681250	F3	53	48	189	28.750000	F3	53	80	
179	23.856250	D4	62	58	190	29.000000	D4	62	80	
180	23.863542	G#3	56	55	191	29.000000	G#3	56	80	
181	23.869792	Bb2	46	55	192	29.000000	Bb2	46	80	
182	24.067708	Eb4	63	65	193	29.250000	Eb4	63	80	
183	24.071875	Bb2	46	59	195	29.250000	Bb2	46	80	
184	24.082292	G3	55	51	194	29.250000	G3	55	80	
185	24.265625	G4	67	55	196	29.500000	G4	67	80	
186	24.281250	Bb3	58	61	197	29.500000	Bb3	58	80	
187	24.456250	F4	65	63	198	29.750000	F4	65	80	
188	24.462500	G#3	56	63	199	29.750000	G#3	56	80	
189	24.653125	G4	67	68	200	30.000000	G4	67	80	
190	24.666667	Bb3	58	58	201	30.000000	Bb3	58	80	
191	24.835417	Bb4	70	75	202	30.250000	Bb4	70	80	
192	24.845833	G3	55	66	203	30.250000	G3	55	80	
193	25.029167	G#4	68	74	204	30.500000	G#4	68	80	
194	25.044792	F3	53	59	205	30.500000	F3	53	80	
195	25.055208	Bb2	46	56	206	30.500000	Bb2	46	80	
196	25.229167	Bb2	46	65	209	30.750000	Bb2	46	80	
197	25.232292	G3	55	64	208	30.750000	G3	55	80	
198	25.235417	Bb4	70	76	207	30.750000	Bb4	70	80	
199	25.415625	Eb5	75	73	210	31.000000	Eb5	75	80	
200	25.438542	Bb3	58	50	211	31.000000	Bb3	58	80	
201	25.625000	G4	67	64	212	31.250000	G4	67	80	
202	25.647917	Eb4	63	57	213	31.250000	D4	62	80	
203	25.841667	Bb3	58	48	217	31.500000	Bb3	58	80	
204	25.856250	A4	69	70	215	31.500000	A4	69	80	
205	25.865625	C4	60	43	216	31.500000	C4	60	80	
206	26.029167	C5	72	73	218	31.750000	C5	72	80	
207	26.032292	Eb4	63	57	219	31.750000	Eb4	63	80	
208	26.209375	Bb4	70	77	220	32.000000	Bb4	70	80	
209	26.214583	D4	62	61	221	32.000000	D4	62	80	
210	26.414583	C5	72	77	222	32.250000	C5	72	80	
211	26.420833	Eb4	63	61	223	32.250000	Eb4	63	80	
212	26.608333	C4	60	61	225	32.500000	C4	60	80	
213	26.610417	Eb5	75	75	224	32.500000	Eb5	75	80	
214	26.793750	Bb3	58	62	227	32.750000	Bb3	58	80	
215	26.802083	D5	74	75	226	32.750000	D5	74	80	
216	27.000000	Eb5	75	82	228	33.000000	Eb5	75	80	
217	27.004167	C4	60	62	229	33.000000	C4	60	80	
218	27.170833	Bb3	58	59	231	33.250000	Bb3	58	80	
219	27.185417	C6	84	79	230	33.250000	C6	84	80	
220	27.368750	A3	57	67	233	33.500000	A3	57	80	
221	27.377083	Eb5	75	82	232	33.500000	Eb5	75	80	
222	27.378125	F3	53	60	235	33.500000	F3	53	80	
223	27.387500	Bb2	46	53	234	33.500000	Bb2	46	80	
224	27.569792	D5	74	76	236	33.750000	D5	74	80	
225	27.576042	Bb2	46	66	238	33.750000	Bb2	46	80	
226	27.578125	F3	53	62	239	33.750000	F3	53	80	
227	27.590625	Bb3	58	65	237	33.750000	Bb3	58	80	
228	27.770833	Bb4	70	82	240	34.000000	Bb4	70	80	
229	27.783333	D4	62	66	241	34.000000	D4	62	80	
230	27.954167	A4	69	73	242	34.250000	A4	69	80	
231	27.961458	C4	60	61	243	34.250000	C4	60	80	
232	28.147917	D4	62	56	245	34.500000	D4	62	80	
233	28.148958	Bb4	70	80	244	34.500000	Bb4	70	80	
234	28.329167	D5	74	74	246	34.750000	D5	74	80	
235	28.344792	F4	65	58	247	34.750000	F4	65	80	
236	28.508333	C5	72	79	248	35.000000	C5	72	80	
237	28.516667	Eb4	63	67	249	35.000000	Eb4	63	80	
238	28.711458	D5	74	76	250	35.250000	D5	74	80	
239	28.722917	F4	65	65	251	35.250000	F4	65	80	
240	28.900000	F5	77	77	252	35.500000	F5	77	80	
241	28.902083	G#4	68	73	253	35.500000	G#4	68	80	
242	29.080208	Eb5	75	82	254	35.750000	Eb5	75	80	
243	29.085417	G4	67	62	255	35.750000	G4	67	80	
244	29.320833	F5	77	77	257	36.000000	F5	77	80	
245	29.329167	D5	74	73	256	36.000000	D5	74	80	
246	29.341667	G#4	68	65	258	36.000000	G#4	68	80	
247	29.528125	Bb3	58	69	259	36.250000	Bb3	58	80	
248	29.710417	A3	57	76	260	36.500000	A3	57	80	
249	29.912500	Bb3	58	74	261	36.750000	Bb3	58	80	
250	30.101042	F3	53	66	262	37.000000	F3	53	80	
251	30.287500	D3	50	62	263	37.250000	D3	50	80	
252	30.513542	Bb2	46	48	264	37.500000	Bb2	46	80	
253	30.739583	Eb4	63	50	266	37.750000	Eb4	63	80	
254	30.744792	G4	67	46	265	37.750000	G4	67	80	
255	30.910417	D4	62	49	268	38.000000	D4	62	80	
256	30.968750	F4	65	49	267	38.000000	F4	65	80	
257	31.167708	G4	67	45	269	38.250000	G4	67	80	
258	31.179167	Eb4	63	42	270	38.250000	Eb4	63	80	
259	31.319792	Bb3	58	40	271	38.500000	Bb3	58	80	
260	31.530208	A3	57	57	272	38.750000	G#3	56	80	
261	31.723958	Bb3	58	62	273	39.000000	Bb3	58	80	
262	31.912500	G3	55	57	274	39.250000	G3	55	80	
263	32.113542	Eb3	51	52	275	39.500000	Eb3	51	80	
264	32.334375	Bb2	46	44	276	39.750000	Bb2	46	80	
265	32.520833	F4	65	55	278	40.000000	F4	65	80	
266	32.529167	D5	74	49	277	40.000000	D5	74	80	
267	32.701042	Eb5	75	76	279	40.250000	Eb5	75	80	
268	32.715625	G4	67	62	280	40.250000	G4	67	80	
269	32.919792	F5	77	69	281	40.500000	F5	77	80	
270	32.945833	G#4	68	54	282	40.500000	G#4	68	80	
271	33.114583	Bb2	46	43	283	40.750000	Bb2	46	80	
272	33.305208	A2	45	51	284	41.000000	A2	45	80	
273	33.507292	Bb2	46	63	285	41.250000	Bb2	46	80	
274	33.701042	D3	50	73	286	41.500000	D3	50	80	
275	33.883333	F5	77	76	287	41.750000	F5	77	80	
276	33.901042	C3	48	66	289	41.750000	C3	48	80	
277	33.903125	G#4	68	70	288	41.750000	G#4	68	80	
278	34.088542	B4	71	76	290	42.000000	B4	71	80	
279	34.101042	G#4	68	78	291	42.000000	G#4	68	80	
280	34.102083	D3	50	70	292	42.000000	D3	50	80	
281	34.294792	F3	53	74	293	42.250000	F3	53	80	
282	34.481250	C5	72	81	294	42.500000	C5	72	80	
283	34.489583	Eb3	51	67	297	42.500000	Eb3	51	80	
284	34.495833	F4	65	66	295	42.500000	F4	65	80	
285	34.507292	G#4	68	52	296	42.500000	G#4	68	80	
286	34.681250	B4	71	80	298	42.750000	B4	71	80	
287	34.686458	F3	53	65	301	42.750000	F3	53	80	
288	34.697917	G#4	68	63	300	42.750000	G#4	68	80	
289	34.708333	D4	62	63	299	42.750000	D4	62	80	
290	34.882292	G#3	56	76	302	43.000000	G#3	56	80	
291	35.067708	G3	55	72	303	43.250000	G3	55	80	
292	35.304167	G#3	56	55	304	43.500000	G#3	56	80	
293	35.480208	B3	59	55	305	43.750000	B3	59	80	
294	35.658333	D4	62	61	306	44.000000	D4	62	80	
295	35.868750	F4	65	63	307	44.250000	F4	65	80	
296	35.879167	B2	47	51	308	44.250000	B2	47	80	
297	36.066667	Eb4	63	72	309	44.500000	Eb4	63	80	
298	36.226042	D4	62	77	310	44.750000	D4	62	80	
299	36.435417	Eb4	63	62	311	45.000000	Eb4	63	80	
300	36.444792	C3	48	59	312	45.000000	C3	48	80	
301	36.619792	G4	67	68	313	45.250000	G4	67	80	
302	36.795833	C5	72	73	314	45.500000	C5	72	80	
303	37.013542	C4	60	52	316	45.750000	C4	60	80	
304	37.015625	Eb5	75	57	315	45.750000	Eb5	75	80	
305	37.223958	D5	74	55	317	46.000000	D5	74	80	
306	37.389583	C5	72	56	318	46.250000	C5	72	80	
307	37.627083	Bb3	58	51	319	46.500000	Bb3	58	80	
308	37.803125	Eb4	63	66	320	46.750000	Eb4	63	80	
309	37.973958	C5	72	73	321	47.000000	C5	72	80	
310	38.184375	F4	65	70	322	47.250000	F4	65	80	
311	38.189583	G#3	56	59	323	47.250000	G#3	56	80	
312	38.361458	G#4	68	76	324	47.500000	G#4	68	80	
313	38.537500	C5	72	79	325	47.750000	C5	72	80	
314	38.746875	G#2	44	48	327	48.000000	G#2	44	80	
315	38.746875	Eb5	75	63	326	48.000000	Eb5	75	80	
316	38.937500	D5	74	60	328	48.250000	D5	74	80	
317	39.115625	C5	72	56	329	48.500000	C5	72	80	
318	39.309375	Eb3	51	51	330	48.750000	Eb3	51	80	
319	39.495833	G4	67	63	331	49.000000	G4	67	80	
320	39.675000	C5	72	80	332	49.250000	C5	72	80	
321	39.862500	F3	53	61	334	49.500000	F3	53	80	
322	39.876042	G#4	68	73	333	49.500000	G#4	68	80	
323	40.052083	B4	71	77	335	49.750000	B4	71	80	
324	40.210417	C5	72	81	336	50.000000	C5	72	80	
325	40.423958	Eb5	75	66	337	50.250000	Eb5	75	80	
326	40.425000	F#3	54	51	338	50.250000	F#3	54	80	
327	40.613542	D5	74	56	339	50.500000	D5	74	80	
328	40.775000	C5	72	64	340	50.750000	C5	72	80	
329	40.997917	G3	55	46	341	51.000000	G3	55	80	
330	41.165625	F4	65	47	342	51.250000	F4	65	80	
331	41.345833	B4	71	60	343	51.500000	B4	71	80	
332	41.563542	C5	72	54	344	51.750000	C5	72	80	
333	41.579167	C3	48	39	345	51.750000	C3	48	80	
334	41.771875	G4	67	55	346	52.000000	G4	67	80	
335	41.948958	Eb4	63	63	347	52.250000	Eb4	63	80	
336	42.145833	C4	60	70	348	52.500000	C4	60	80	
337	42.336458	Eb3	51	64	349	52.750000	Eb3	51	80	
338	42.520833	G3	55	70	350	53.000000	G3	55	80	
339	42.707292	Bb3	58	70	351	53.250000	Bb3	58	80	
340	42.888542	A3	57	74	352	53.500000	A3	57	80	
341	43.068750	G3	55	68	353	53.750000	G3	55	80	
342	43.282292	A3	57	50	354	54.000000	A3	57	80	
343	43.483333	Eb5	75	68	355	54.250000	Eb5	75	80	
344	43.670833	D5	74	72	356	54.500000	D5	74	80	
345	43.868750	Eb5	75	79	357	54.750000	Eb5	75	80	
346	44.060417	C5	72	65	358	55.000000	C5	72	80	
347	44.239583	A4	69	60	359	55.250000	A4	69	80	
348	44.451042	F4	65	43	360	55.500000	F4	65	80	
349	44.627083	C4	60	44	361	55.750000	C4	60	80	
350	44.814583	F3	53	52	362	56.000000	F3	53	80	
351	45.038542	Bb3	58	52	363	56.250000	Bb3	58	80	
352	45.217708	F4	65	53	364	56.500000	F4	65	80	
353	45.397917	Eb4	63	63	365	56.750000	Eb4	63	80	
354	45.587500	F4	65	63	366	57.000000	F4	65	80	
355	45.767708	Bb4	70	79	368	57.250000	Bb4	70	80	
356	45.948958	C5	72	77	370	57.500000	C5	72	80	
357	46.162500	C#5	73	75	371	57.750000	C#5	73	80	
358	46.347917	G#3	56	59	372	58.000000	G#3	56	80	
359	46.538542	F3	53	49	373	58.250000	F3	53	80	
360	46.767708	G3	55	46	374	58.500000	G3	55	80	
361	46.958333	C#5	73	58	375	58.750000	C#5	73	80	
362	47.140625	C5	72	71	376	59.000000	C5	72	80	
363	47.338542	C#5	73	75	377	59.250000	C#5	73	80	
364	47.530208	Bb4	70	62	378	59.500000	Bb4	70	80	
365	47.706250	G4	67	50	379	59.750000	G4	67	80	
366	47.918750	Eb4	63	45	380	60.000000	Eb4	63	80	
367	48.103125	Bb3	58	45	381	60.250000	Bb3	58	80	
368	48.291667	Eb3	51	47	382	60.500000	Eb3	51	80	
369	48.497917	G#3	56	47	383	60.750000	G#3	56	80	
370	48.693750	Eb4	63	49	384	61.000000	Eb4	63	80	
371	48.866667	C#4	61	65	385	61.250000	C#4	61	80	
372	49.055208	Eb4	63	66	386	61.500000	Eb4	63	80	
373	49.255208	G#4	68	63	388	61.750000	G#4	68	80	
374	49.444792	Bb4	70	69	390	62.000000	Bb4	70	80	
375	49.640625	C5	72	56	391	62.250000	C5	72	80	
376	49.833333	G3	55	48	392	62.500000	G3	55	80	
377	50.020833	Eb3	51	48	393	62.750000	Eb3	51	80	
378	50.254167	F3	53	34	394	63.000000	F3	53	80	
379	50.422917	D4	62	43	395	63.250000	D4	62	80	
380	50.597917	G#4	68	65	396	63.500000	G#4	68	80	
381	50.794792	C5	72	72	397	63.750000	C5	72	80	
382	50.978125	Bb4	70	73	398	64.000000	Bb4	70	80	
383	51.165625	G#4	68	58	399	64.250000	G#4	68	80	
384	51.373958	G3	55	46	400	64.500000	G3	55	80	
385	51.536458	C#4	61	54	401	64.750000	C#4	61	80	
386	51.731250	Bb4	70	65	402	65.000000	Bb4	70	80	
387	51.934375	E3	52	60	403	65.250000	E3	52	80	
388	52.126042	C4	60	64	404	65.500000	C4	60	80	
389	52.312500	G4	67	65	405	65.750000	G4	67	80	
390	52.486458	Bb4	70	74	406	66.000000	Bb4	70	80	
391	52.671875	G#4	68	70	407	66.250000	G#4	68	80	
392	52.854167	G4	67	54	408	66.500000	G4	67	80	
393	53.061458	F3	53	62	409	66.750000	F3	53	80	
394	53.243750	C4	60	65	410	67.000000	C4	60	80	
395	53.426042	G#4	68	73	411	67.250000	G#4	68	80	
396	53.623958	D3	50	70	412	67.500000	D3	50	80	
397	53.798958	Bb3	58	66	413	67.750000	Bb3	58	80	
398	53.987500	G#4	68	71	414	68.000000	G#4	68	80	
399	54.182292	Eb3	51	57	415	68.250000	Eb3	51	80	
400	54.385417	G#4	68	76	416	68.500000	G#4	68	80	
401	54.572917	G4	67	59	417	68.750000	G4	67	80	
402	54.771875	A2	45	44	418	69.000000	A2	45	80	
403	54.944792	C5	72	56	419	69.250000	C5	72	80	
404	55.155208	Eb4	63	41	420	69.500000	Eb4	63	80	
405	55.354167	Bb2	46	31	421	69.750000	Bb2	46	80	
406	55.607292	D4	62	40	422	70.000000	D4	62	80	
407	55.789583	C4	60	64	423	70.250000	C4	60	80	
408	55.994792	D4	62	66	424	70.500000	D4	62	80	
409	56.178125	D3	50	47	426	70.750000	D3	50	80	
410	56.185417	Bb3	58	63	425	70.750000	Bb3	58	80	
411	56.362500	C3	48	55	428	71.000000	C3	48	80	
412	56.368750	A3	57	66	427	71.000000	A3	57	80	
413	56.537500	D3	50	57	430	71.250000	D3	50	80	
414	56.567708	Bb3	58	72	429	71.250000	Bb3	58	80	
415	56.729167	F3	53	52	432	71.500000	F3	53	80	
416	56.750000	D4	62	69	431	71.500000	D4	62	80	
417	56.925000	G#3	56	56	434	71.750000	G#3	56	80	
418	56.936458	F4	65	69	433	71.750000	F4	65	80	
419	57.138542	Bb2	46	39	436	72.000000	Bb2	46	80	
420	57.139583	G#4	68	66	435	72.000000	G#4	68	80	
421	57.316667	F4	65	66	437	72.250000	F4	65	80	
422	57.327083	D3	50	65	438	72.250000	D3	50	80	
423	57.486458	Eb4	63	75	439	72.500000	Eb4	63	80	
424	57.500000	C3	48	59	440	72.500000	C3	48	80	
425	57.677083	D3	50	63	442	72.750000	D3	50	80	
426	57.698958	F4	65	67	441	72.750000	F4	65	80	
427	57.857292	F3	53	69	444	73.000000	F3	53	80	
428	57.861458	D4	62	73	443	73.000000	D4	62	80	
429	58.041667	C4	60	71	445	73.250000	C4	60	80	
430	58.045833	Eb3	51	68	446	73.250000	Eb3	51	80	
431	58.228125	F3	53	63	448	73.500000	F3	53	80	
432	58.246875	D4	62	69	447	73.500000	D4	62	80	
433	58.414583	D3	50	62	450	73.750000	D3	50	80	
434	58.423958	F4	65	70	449	73.750000	F4	65	80	
435	58.595833	Bb2	46	63	452	74.000000	Bb2	46	80	
436	58.606250	G#4	68	68	451	74.000000	G#4	68	80	
437	58.788542	C5	72	73	453	74.250000	C5	72	80	
438	58.966667	Eb4	63	64	454	74.500000	Eb4	63	80	
439	59.152083	D4	62	60	455	74.750000	D4	62	80	
440	59.157292	F3	53	50	456	74.750000	F3	53	80	
441	59.348958	G2	43	54	458	75.000000	G2	43	80	
442	59.348958	Bb4	70	67	457	75.000000	Bb4	70	80	
443	59.518750	C#4	61	59	459	75.250000	C#4	61	80	
444	59.715625	Eb3	51	44	461	75.500000	Eb3	51	80	
445	59.715625	C4	60	57	460	75.500000	C4	60	80	
446	59.892708	F2	41	46	463	75.750000	F2	41	80	
447	59.915625	G#4	68	57	462	75.750000	G#4	68	80	
448	60.073958	B3	59	50	464	76.000000	B3	59	80	
449	60.280208	Bb3	58	40	465	76.250000	Bb3	58	80	
450	60.286458	D3	50	42	466	76.250000	D3	50	80	
451	60.494792	Eb2	39	43	467	76.500000	Eb2	39	80	
452	60.670833	G4	67	55	468	76.750000	G4	67	80	
453	60.854167	F4	65	64	469	77.000000	F4	65	80	
454	61.041667	G4	67	68	470	77.250000	G4	67	80	
455	61.228125	G3	55	50	472	77.500000	G3	55	80	
456	61.230208	Eb4	63	73	471	77.500000	Eb4	63	80	
457	61.404167	D4	62	73	473	77.750000	D4	62	80	
458	61.412500	F3	53	61	474	77.750000	F3	53	80	
459	61.608333	G3	55	53	476	78.000000	G3	55	80	
460	61.616667	Eb4	63	64	475	78.000000	Eb4	63	80	
461	61.786458	G4	67	69	477	78.250000	G4	67	80	
462	61.790625	Bb3	58	52	478	78.250000	Bb3	58	80	
463	61.956250	C#4	61	50	480	78.500000	C#4	61	80	
464	61.960417	Bb4	70	78	479	78.500000	Bb4	70	80	
465	62.148958	Eb3	51	44	482	78.750000	Eb3	51	80	
466	62.180208	C#5	73	62	481	78.750000	C#5	73	80	
467	62.354167	Bb4	70	73	483	79.000000	Bb4	70	80	
468	62.377083	G3	55	58	484	79.000000	G3	55	80	
469	62.522917	G#4	68	74	485	79.250000	G#4	68	80	
470	62.537500	F3	53	61	486	79.250000	F3	53	80	
471	62.714583	Bb4	70	79	487	79.500000	Bb4	70	80	
472	62.726042	G3	55	65	488	79.500000	G3	55	80	
473	62.895833	G4	67	74	489	79.750000	G4	67	80	
474	62.926042	Bb3	58	57	490	79.750000	Bb3	58	80	
475	63.080208	F4	65	73	491	80.000000	F4	65	80	
476	63.087500	G#3	56	66	492	80.000000	G#3	56	80	
477	63.264583	Bb3	58	68	494	80.250000	Bb3	58	80	
478	63.270833	G4	67	70	493	80.250000	G4	67	80	
479	63.440625	G3	55	61	496	80.500000	G3	55	80	
480	63.444792	Bb4	70	78	495	80.500000	Bb4	70	80	
481	63.612500	Eb3	51	54	498	80.750000	Eb3	51	80	
482	63.627083	C#5	73	72	497	80.750000	C#5	73	80	
483	63.829167	F5	77	66	499	81.000000	F5	77	80	
484	64.002083	G#4	68	72	500	81.250000	G#4	68	80	
485	64.193750	G4	67	62	501	81.500000	G4	67	80	
486	64.200000	Bb3	58	51	502	81.500000	Bb3	58	80	
487	64.362500	C3	48	44	504	81.750000	C3	48	80	
488	64.401042	Eb5	75	64	503	81.750000	Eb5	75	80	
489	64.562500	F#4	66	59	505	82.000000	F#4	66	80	
490	64.739583	G#3	56	51	507	82.250000	G#3	56	80	
491	64.750000	F4	65	50	506	82.250000	F4	65	80	
492	64.950000	Bb2	46	45	509	82.500000	Bb2	46	80	
493	64.966667	C#5	73	57	508	82.500000	C#5	73	80	
494	65.117708	E4	64	46	510	82.750000	E4	64	80	
495	65.308333	Eb4	63	51	511	83.000000	Eb4	63	80	
496	65.317708	G3	55	46	512	83.000000	G3	55	80	
497	65.503125	G#2	44	57	513	83.250000	G#2	44	80	
498	65.707292	C5	72	57	514	83.500000	C5	72	80	
499	65.882292	Bb4	70	74	515	83.750000	Bb4	70	80	
500	66.072917	C5	72	72	516	84.000000	C5	72	80	
501	66.161458	C4	60	43	518	84.250000	C4	60	80	
502	66.270833	G#4	68	72	517	84.250000	G#4	68	80	
503	66.411458	Bb3	58	48	520	84.500000	Bb3	58	80	
504	66.428125	G4	67	73	519	84.500000	G4	67	80	
505	66.627083	C4	60	60	522	84.750000	C4	60	80	
506	66.630208	G#4	68	69	521	84.750000	G#4	68	80	
507	66.809375	C5	72	82	523	85.000000	C5	72	80	
508	66.989583	Eb5	75	84	524	85.250000	Eb5	75	80	
509	67.171875	G5	79	79	525	85.500000	G5	79	80	
510	67.354167	Bb4	70	80	526	85.750000	Bb4	70	80	
511	67.526042	C3	48	62	528	86.000000	C3	48	80	
512	67.527083	A4	69	76	527	86.000000	A4	69	80	
513	67.717708	F5	77	74	529	86.250000	F5	77	80	
514	67.730208	D4	62	66	530	86.250000	D4	62	80	
515	67.898958	G#4	68	70	531	86.500000	G#4	68	80	
516	68.073958	G4	67	63	532	86.750000	G4	67	80	
517	68.097917	Bb2	46	55	533	86.750000	Bb2	46	80	
518	68.270833	Eb5	75	69	534	87.000000	Eb5	75	80	
519	68.294792	C4	60	52	535	87.000000	C4	60	80	
520	68.418750	F#4	66	49	536	87.250000	F#4	66	80	
521	68.621875	A2	45	46	538	87.500000	A2	45	80	
522	68.621875	F4	65	43	537	87.500000	F4	65	80	
523	68.835417	Bb2	46	60	539	87.750000	Bb2	46	80	
524	69.038542	D5	74	73	540	88.000000	D5	74	80	
525	69.214583	C5	72	81	541	88.250000	C5	72	80	
526	69.406250	D5	74	73	542	88.500000	D5	74	80	
527	69.589583	Bb4	70	82	543	88.750000	Bb4	70	80	
528	69.601042	D4	62	62	544	88.750000	D4	62	80	
529	69.761458	A4	69	86	545	89.000000	A4	69	80	
530	69.798958	C4	60	71	546	89.000000	C4	60	80	
531	69.962500	Bb4	70	78	547	89.250000	Bb4	70	80	
532	69.985417	D4	62	70	548	89.250000	D4	62	80	
533	70.145833	D5	74	75	549	89.500000	D5	74	80	
534	70.329167	F5	77	81	550	89.750000	F5	77	80	
535	70.515625	G#5	80	79	551	90.000000	G#5	80	80	
536	70.702083	C5	72	86	552	90.250000	C5	72	80	
537	70.878125	D3	50	63	554	90.500000	D3	50	80	
538	70.885417	B4	71	74	553	90.500000	B4	71	80	
539	71.086458	Eb4	63	72	556	90.750000	Eb4	63	80	
540	71.088542	G5	79	75	555	90.750000	G5	79	80	
541	71.245833	Bb4	70	73	557	91.000000	Bb4	70	80	
542	71.442708	C3	48	63	559	91.250000	C3	48	80	
543	71.442708	A4	69	78	558	91.250000	A4	69	80	
544	71.632292	D4	62	63	561	91.500000	D4	62	80	
545	71.644792	F5	77	72	560	91.500000	F5	77	80	
546	71.813542	G#4	68	74	562	91.750000	G#4	68	80	
547	71.991667	G4	67	63	563	92.000000	G4	67	80	
548	72.005208	B2	47	60	564	92.000000	B2	47	80	
549	72.198958	C3	48	74	565	92.250000	C3	48	80	
550	72.402083	Eb5	75	79	566	92.500000	Eb5	75	80	
551	72.580208	D5	74	79	567	92.750000	D5	74	80	
552	72.778125	Eb5	75	82	568	93.000000	Eb5	75	80	
553	72.960417	C5	72	82	569	93.250000	C5	72	80	
554	72.966667	Eb4	63	61	570	93.250000	Eb4	63	80	
555	73.135417	B4	71	83	571	93.500000	B4	71	80	
556	73.148958	D4	62	67	572	93.500000	D4	62	80	
557	73.340625	C5	72	80	573	93.750000	C5	72	80	
558	73.356250	Eb4	63	70	574	93.750000	Eb4	63	80	
559	73.541667	Eb5	75	82	575	94.000000	Eb5	75	80	
560	73.728125	G5	79	84	576	94.250000	G5	79	80	
561	74.016667	C6	84	73	577	94.500000	C6	84	80	
562	74.275000	G#4	68	45	578	94.750000	G#4	68	80	
563	74.504167	B5	83	67	579	95.000000	B5	83	80	
564	74.521875	G4	67	38	580	95.000000	G4	67	80	
565	74.722917	C6	84	70	581	95.250000	C6	84	80	
566	74.742708	G#4	68	45	582	95.250000	G#4	68	80	
567	74.913542	G5	79	68	583	95.500000	G5	79	80	
568	74.927083	Eb4	63	47	584	95.500000	Eb4	63	80	
569	75.102083	C4	60	44	586	95.750000	C4	60	80	
570	75.137500	G#5	80	57	585	95.750000	G#5	80	80	
571	75.322917	G4	67	53	587	96.000000	G4	67	80	
572	75.491667	F#5	78	81	588	96.250000	F#5	78	80	
573	75.504167	D4	62	56	589	96.250000	D4	62	80	
574	75.677083	Bb3	58	55	591	96.500000	Bb3	58	80	
575	75.688542	G5	79	82	590	96.500000	G5	79	80	
576	75.901042	C6	84	75	592	96.750000	C6	84	80	
577	75.907292	F#4	66	51	593	96.750000	F#4	66	80	
578	76.083333	C4	60	52	594	97.000000	C4	60	80	
579	76.298958	F#5	78	67	595	97.250000	F#5	78	80	
580	76.308333	A3	57	55	596	97.250000	A3	57	80	
581	76.504167	G5	79	66	597	97.500000	G5	79	80	
582	76.525000	Eb4	63	49	598	97.500000	Eb4	63	80	
583	76.702083	D5	74	57	599	97.750000	D5	74	80	
584	76.703125	Bb3	58	48	600	97.750000	Bb3	58	80	
585	76.868750	G3	55	48	602	98.000000	G3	55	80	
586	76.893750	Eb5	75	59	601	98.000000	Eb5	75	80	
587	77.097917	D4	62	62	603	98.250000	D4	62	80	
588	77.265625	C#5	73	79	604	98.500000	C#5	73	80	
589	77.280208	A3	57	62	605	98.500000	A3	57	80	
590	77.468750	F#3	54	61	607	98.750000	F#3	54	80	
591	77.482292	D5	74	78	606	98.750000	D5	74	80	
592	77.682292	G3	55	62	609	99.000000	G3	55	80	
593	77.690625	Bb5	82	79	608	99.000000	Bb5	82	80	
594	77.867708	G5	79	72	610	99.250000	G5	79	80	
595	78.051042	D5	74	77	611	99.500000	D5	74	80	
596	78.251042	C3	48	64	613	99.750000	C3	48	80	
597	78.271875	Eb5	75	72	612	99.750000	Eb5	75	80	
598	78.447917	G5	79	81	614	100.000000	G5	79	80	
599	78.621875	C6	84	79	615	100.250000	C6	84	80	
600	78.807292	C#3	49	73	617	100.500000	C#3	49	80	
601	78.821875	Bb5	82	79	616	100.500000	Bb5	82	80	
602	78.989583	A5	81	80	618	100.750000	A5	81	80	
603	79.155208	G5	79	83	619	101.000000	G5	79	80	
604	79.368750	F#5	78	69	620	101.250000	F#5	78	80	
605	79.371875	D3	50	48	621	101.250000	D3	50	80	
606	79.451042	G5	79	79	622	101.375000	G5	79	80	
607	79.546875	A5	81	79	623	101.500000	A5	81	80	
608	79.723958	D5	74	73	624	101.750000	D5	74	80	
609	79.923958	Eb5	75	69	625	102.000000	Eb5	75	80	
610	80.106250	D5	74	68	626	102.250000	D5	74	80	
611	80.313542	C5	72	62	627	102.500000	C5	72	80	
612	80.323958	D2	38	49	628	102.500000	D2	38	80	
613	80.508333	Bb4	70	67	629	102.750000	Bb4	70	80	
614	80.531250	E2	40	61	630	102.750000	E2	40	80	
615	80.693750	C5	72	77	631	103.000000	C5	72	80	
616	80.876042	A4	69	76	632	103.250000	A4	69	80	
617	80.888542	F#2	42	65	633	103.250000	F#2	42	80	
618	81.078125	G2	43	71	635	103.500000	G2	43	80	
619	81.085417	Bb4	70	66	634	103.500000	Bb4	70	80	
620	81.267708	D5	74	72	636	103.750000	D5	74	80	
621	81.446875	G5	79	81	637	104.000000	G5	79	80	
622	81.655208	G3	55	57	639	104.250000	G3	55	80	
623	81.662500	Bb5	82	59	638	104.250000	Bb5	82	80	
624	81.848958	A5	81	57	640	104.500000	A5	81	80	
625	82.043750	G5	79	52	641	104.750000	G5	79	80	
626	82.263542	F3	53	53	642	105.000000	F3	53	80	
627	82.442708	Bb4	70	72	643	105.250000	Bb4	70	80	
628	82.618750	G5	79	81	644	105.500000	G5	79	80	
629	82.831250	C5	72	71	645	105.750000	C5	72	80	
630	82.839583	Eb3	51	59	646	105.750000	Eb3	51	80	
631	83.005208	Eb5	75	76	647	106.000000	Eb5	75	80	
632	83.184375	G5	79	76	648	106.250000	G5	79	80	
633	83.384375	Eb2	39	50	650	106.500000	Eb2	39	80	
634	83.402083	Bb5	82	70	649	106.500000	Bb5	82	80	
635	83.590625	A5	81	62	651	106.750000	A5	81	80	
636	83.764583	G5	79	61	652	107.000000	G5	79	80	
637	83.943750	Bb2	46	58	653	107.250000	Bb2	46	80	
638	84.141667	D5	74	72	654	107.500000	D5	74	80	
639	84.308333	G5	79	79	655	107.750000	G5	79	80	
640	84.486458	C3	48	57	657	108.000000	C3	48	80	
641	84.506250	Eb5	75	76	656	108.000000	Eb5	75	80	
642	84.688542	F#5	78	78	658	108.250000	F#5	78	80	
643	84.857292	G5	79	80	659	108.500000	G5	79	80	
644	85.038542	C#3	49	53	661	108.750000	C#3	49	80	
645	85.069792	Bb4	70	67	660	108.750000	Bb4	70	80	
646	85.255208	A4	69	64	662	109.000000	A4	69	80	
647	85.431250	G4	67	57	663	109.250000	G4	67	80	
648	85.619792	D3	50	43	664	109.500000	D3	50	80	
649	85.797917	C5	72	54	665	109.750000	C5	72	80	
650	85.969792	F#4	66	57	666	110.000000	F#4	66	80	
651	86.218750	G4	67	44	667	110.250000	G4	67	80	
652	86.219792	G2	43	48	668	110.250000	G2	43	80	
653	86.407292	Bb4	70	73	669	110.500000	Bb4	70	80	
654	86.583333	D5	74	75	670	110.750000	D5	74	80	
655	86.758333	G5	79	79	671	111.000000	G5	79	80	
656	86.955208	Bb2	46	71	672	111.250000	Bb2	46	80	
657	87.129167	D3	50	77	673	111.500000	D3	50	80	
658	87.336458	Bb4	70	78	674	111.750000	Bb4	70	80	
659	87.372917	F3	53	67	675	111.750000	F3	53	80	
660	87.404167	A4	69	77	*	-1	*	-1	-1	
661	87.479167	Bb4	70	83	*	-1	*	-1	-1	
662	87.614583	E3	52	53	676	112.000000	E3	52	80	
663	87.798958	D3	50	68	677	112.250000	D3	50	80	
664	88.013542	E3	52	71	678	112.500000	E3	52	80	
665	88.203125	C#5	73	77	679	112.750000	C#5	73	80	
666	88.381250	C5	72	79	680	113.000000	C5	72	80	
667	88.602083	C#5	73	71	681	113.250000	C#5	73	80	
668	88.782292	Bb4	70	68	682	113.500000	Bb4	70	80	
669	88.962500	G4	67	53	683	113.750000	G4	67	80	
670	89.162500	E4	64	45	684	114.000000	E4	64	80	
671	89.345833	G3	55	47	685	114.250000	G3	55	80	
672	89.542708	C3	48	41	687	114.500000	C3	48	80	
673	89.544792	Bb4	70	78	686	114.500000	Bb4	70	80	
674	89.781250	F3	53	46	688	114.750000	F3	53	80	
675	89.990625	G#4	68	66	689	115.000000	G#4	68	80	
676	90.153125	G4	67	54	690	115.250000	G4	67	80	
677	90.376042	G#4	68	67	691	115.500000	G#4	68	80	
678	90.546875	C5	72	75	693	115.750000	C5	72	80	
679	90.722917	F5	77	81	695	116.000000	F5	77	80	
680	90.916667	G#5	80	87	696	116.250000	G#5	80	80	
681	91.119792	Eb3	51	62	697	116.500000	C3	48	80	
682	91.307292	C3	48	60	698	116.750000	Eb3	51	80	
683	91.516667	D3	50	54	699	117.000000	D3	50	80	
684	91.733333	G#5	80	65	700	117.250000	G#5	80	80	
685	91.905208	G5	79	78	701	117.500000	G5	79	80	
686	92.114583	G#5	80	79	702	117.750000	G#5	80	80	
687	92.309375	F5	77	62	703	118.000000	F5	77	80	
688	92.486458	D5	74	58	704	118.250000	D5	74	80	
689	92.679167	Bb4	70	54	705	118.500000	Bb4	70	80	
690	92.880208	D4	62	44	706	118.750000	D4	62	80	
691	93.063542	G#5	80	67	707	119.000000	G#5	80	80	
692	93.086458	Bb3	58	45	708	119.000000	Bb3	58	80	
693	93.294792	Eb4	63	47	709	119.250000	Eb4	63	80	
694	93.473958	G5	79	73	710	119.500000	G5	79	80	
695	93.656250	F5	77	74	711	119.750000	F5	77	80	
696	93.845833	G5	79	75	712	120.000000	G5	79	80	
697	94.028125	Eb5	75	67	713	120.250000	Eb5	75	80	
698	94.201042	Bb4	70	66	714	120.500000	Bb4	70	80	
699	94.404167	G4	67	52	715	120.750000	G4	67	80	
700	94.575000	G3	55	44	717	121.000000	G3	55	80	
701	94.583333	Bb4	70	58	716	121.000000	Bb4	70	80	
702	94.777083	Eb3	51	48	719	121.250000	Eb3	51	80	
703	94.798958	C#5	73	57	718	121.250000	C#5	73	80	
704	94.986458	G#3	56	51	720	121.500000	G#3	56	80	
705	95.163542	C5	72	70	721	121.750000	C5	72	80	
706	95.178125	Eb3	51	49	722	121.750000	Eb3	51	80	
707	95.353125	Bb4	70	77	723	122.000000	Bb4	70	80	
708	95.370833	C#3	49	56	724	122.000000	C#3	49	80	
709	95.550000	G#4	68	75	725	122.250000	G#4	68	80	
710	95.568750	C3	48	55	726	122.250000	C3	48	80	
711	95.734375	G4	67	65	727	122.500000	G4	67	80	
712	95.741667	Bb2	46	60	728	122.500000	Bb2	46	80	
713	95.927083	F4	65	72	729	122.750000	F4	65	80	
714	95.930208	G#2	44	57	730	122.750000	G#2	44	80	
715	96.113542	G2	43	64	731	123.000000	G2	43	80	
716	96.294792	C3	48	65	733	123.250000	C3	48	80	
717	96.310417	Eb4	63	77	732	123.250000	Eb4	63	80	
718	96.512500	Bb2	46	67	735	123.500000	Bb2	46	80	
719	96.512500	F#4	66	81	734	123.500000	F#4	66	80	
720	96.714583	A2	45	61	736	123.750000	A2	45	80	
721	96.897917	Bb2	46	61	738	124.000000	Bb2	46	80	
722	96.912500	F4	65	69	737	124.000000	F4	65	80	
723	97.012500	A2	45	65	739	124.125000	A2	45	80	
724	97.089583	G2	43	63	741	124.250000	G2	43	80	
725	97.120833	Eb4	63	74	740	124.250000	Eb4	63	80	
726	97.178125	A2	45	43	742	124.375000	A2	45	80	
727	97.279167	Bb2	46	71	744	124.500000	Bb2	46	80	
728	97.296875	D4	62	69	743	124.500000	D4	62	80	
729	97.498958	C4	60	58	745	124.750000	C4	60	80	
730	97.687500	Bb3	58	71	746	125.000000	Bb3	58	80	
731	97.881250	G#3	56	61	747	125.250000	G#3	56	80	
732	98.064583	G3	55	62	748	125.500000	G3	55	80	
733	98.253125	F3	53	60	749	125.750000	F3	53	80	
734	98.481250	G3	55	40	750	126.000000	G3	55	80	
735	98.488542	Bb2	46	40	751	126.000000	Bb2	46	80	
736	98.675000	Eb4	63	62	752	126.250000	Eb4	63	80	
737	98.872917	D4	62	70	753	126.500000	D4	62	80	
738	99.075000	Eb4	63	66	754	126.750000	Eb4	63	80	
739	99.253125	Bb3	58	63	755	127.000000	Bb3	58	80	
740	99.446875	G#3	56	60	756	127.250000	G#3	56	80	
741	99.634375	G3	55	48	757	127.500000	G3	55	80	
742	99.816667	F3	53	51	758	127.750000	F3	53	80	
743	100.001042	Eb3	51	47	759	128.000000	Eb3	51	80	
744	100.219792	D3	50	45	760	128.250000	D3	50	80	
745	100.239583	Bb2	46	36	761	128.250000	Bb2	46	80	
746	100.440625	F4	65	52	762	128.500000	F4	65	80	
747	100.612500	Eb4	63	70	763	128.750000	Eb4	63	80	
748	100.827083	F4	65	63	764	129.000000	F4	65	80	
749	101.008333	D4	62	58	765	129.250000	D4	62	80	
750	101.190625	Bb3	58	58	766	129.500000	Bb3	58	80	
751	101.403125	G#3	56	54	767	129.750000	G#3	56	80	
752	101.591667	G3	55	50	768	130.000000	G3	55	80	
753	101.771875	F3	53	55	769	130.250000	F3	53	80	
754	102.015625	Eb3	51	44	770	130.500000	Eb3	51	80	
755	102.031250	Bb2	46	29	771	130.500000	Bb2	46	80	
756	102.233333	G4	67	59	772	130.750000	G4	67	80	
757	102.414583	F4	65	77	773	131.000000	F4	65	80	
758	102.605208	G4	67	75	774	131.250000	G4	67	80	
759	102.788542	Eb4	63	70	775	131.500000	Eb4	63	80	
760	102.966667	C4	60	74	776	131.750000	C4	60	80	
761	103.157292	Bb3	58	73	777	132.000000	Bb3	58	80	
762	103.357292	G#3	56	76	778	132.250000	G#3	56	80	
763	103.535417	G3	55	70	779	132.500000	G3	55	80	
764	103.737500	F3	53	71	780	132.750000	F3	53	80	
765	103.738542	D3	50	66	782	132.750000	D3	50	80	
766	103.743750	Bb2	46	58	781	132.750000	Bb2	46	80	
767	103.914583	G#4	68	75	783	133.000000	G#4	68	80	
768	104.100000	G4	67	75	784	133.250000	G4	67	80	
769	104.291667	G#4	68	85	785	133.500000	G#4	68	80	
770	104.488542	F4	65	67	786	133.750000	F4	65	80	
771	104.665625	D4	62	72	787	134.000000	D4	62	80	
772	104.860417	C4	60	70	788	134.250000	C4	60	80	
773	105.051042	Bb3	58	64	789	134.500000	Bb3	58	80	
774	105.239583	G#3	56	65	790	134.750000	G#3	56	80	
775	105.453125	Bb4	70	82	791	135.000000	Bb4	70	80	
776	105.465625	G3	55	46	794	135.000000	G3	55	80	
777	105.465625	G4	67	60	793	135.000000	G4	67	80	
778	105.478125	Eb4	63	58	792	135.000000	Eb4	63	80	
779	105.672917	Bb3	58	66	795	135.250000	Bb3	58	80	
780	105.863542	G#3	56	78	796	135.500000	G#3	56	80	
781	106.055208	Bb3	58	72	797	135.750000	Bb3	58	80	
782	106.231250	G3	55	67	798	136.000000	G3	55	80	
783	106.410417	Eb3	51	58	799	136.250000	Eb3	51	80	
784	106.638542	Bb2	46	42	800	136.500000	Bb2	46	80	
785	106.856250	G4	67	47	801	136.750000	G4	67	80	
786	107.034375	Eb5	75	69	803	137.000000	Eb5	75	80	
787	107.255208	Eb5	75	52	804	137.250000	Eb5	75	80	
788	107.276042	F4	65	40	805	137.250000	F4	65	80	
789	107.463542	Bb3	58	41	808	137.500000	Bb3	58	80	
790	107.486458	D5	74	46	807	137.500000	D5	74	80	
791	107.644792	A3	57	55	810	137.750000	A3	57	80	
792	107.846875	Bb3	58	58	811	138.000000	Bb3	58	80	
793	108.035417	F3	53	52	812	138.250000	F3	53	80	
794	108.229167	D3	50	54	813	138.500000	D3	50	80	
795	108.458333	Bb2	46	35	814	138.750000	Bb2	46	80	
796	108.650000	F4	65	55	815	139.000000	F4	65	80	
797	108.853125	G4	67	65	816	139.250000	G4	67	80	
798	109.067708	G#4	68	75	817	139.500000	G#4	68	80	
799	109.246875	C4	60	60	818	139.750000	C4	60	80	
800	109.434375	G3	55	51	820	140.000000	G3	55	80	
801	109.444792	Eb4	63	60	819	140.000000	Eb4	63	80	
802	109.612500	F3	53	61	822	140.250000	F3	53	80	
803	109.645833	D4	62	65	821	140.250000	D4	62	80	
804	109.826042	F4	65	62	823	140.500000	F4	65	80	
805	110.001042	Eb3	51	52	825	140.750000	Eb3	51	80	
806	110.008333	Bb4	70	69	824	140.750000	Bb4	70	80	
807	110.189583	D3	50	61	827	141.000000	D3	50	80	
808	110.205208	Bb3	58	53	826	141.000000	Bb3	58	80	
809	110.390625	F4	65	47	828	141.250000	F4	65	80	
810	110.559375	Bb2	46	47	830	141.500000	Bb2	46	80	
811	110.580208	G#4	68	60	829	141.500000	G#4	68	80	
812	110.769792	Eb2	39	48	832	141.750000	Eb2	39	80	
813	110.770833	G4	67	53	831	141.750000	G4	67	80	
814	110.956250	Bb3	58	64	833	142.000000	Bb3	58	80	
815	111.147917	F3	53	68	835	142.250000	F3	53	80	
816	111.177083	C#4	61	56	834	142.250000	C#4	61	80	
817	111.323958	Eb3	51	71	837	142.500000	Eb3	51	80	
818	111.364583	C4	60	61	836	142.500000	C4	60	80	
819	111.534375	Eb4	63	66	838	142.750000	Eb4	63	80	
820	111.714583	G#4	68	67	839	143.000000	G#4	68	80	
821	111.718750	C#3	49	61	840	143.000000	C#3	49	80	
822	111.898958	C3	48	65	842	143.250000	C3	48	80	
823	111.908333	G#3	56	61	841	143.250000	G#3	56	80	
824	112.084375	Eb4	63	62	843	143.500000	Eb4	63	80	
825	112.277083	G#2	44	45	845	143.750000	G#2	44	80	
826	112.280208	G4	67	58	844	143.750000	G4	67	80	
827	112.471875	D2	38	59	847	144.000000	D2	38	80	
828	112.473958	F4	65	53	846	144.000000	F4	65	80	
829	112.660417	G#3	56	57	848	144.250000	G#3	56	80	
830	112.868750	C4	60	56	849	144.500000	C4	60	80	
831	112.871875	Eb3	51	44	850	144.500000	Eb3	51	80	
832	113.054167	D3	50	53	852	144.750000	D3	50	80	
833	113.065625	Bb3	58	58	851	144.750000	Bb3	58	80	
834	113.262500	D4	62	64	853	145.000000	D4	62	80	
835	113.437500	G4	67	66	854	145.250000	G4	67	80	
836	113.442708	C3	48	60	855	145.250000	C3	48	80	
837	113.638542	G3	55	57	856	145.500000	G3	55	80	
838	113.644792	Bb2	46	55	857	145.500000	Bb2	46	80	
839	113.802083	D4	62	62	858	145.750000	D4	62	80	
840	113.983333	F4	65	69	859	146.000000	F4	65	80	
841	114.005208	G2	43	58	860	146.000000	G2	43	80	
842	114.166667	Eb4	63	73	861	146.250000	Eb4	63	80	
843	114.196875	C2	36	64	862	146.250000	C2	36	80	
844	114.354167	G3	55	67	863	146.500000	G3	55	80	
845	114.542708	D3	50	62	865	146.750000	C#3	49	80	
846	114.562500	Bb3	58	70	864	146.750000	Bb3	58	80	
847	114.742708	C3	48	63	867	147.000000	C3	48	80	
848	114.742708	G#3	56	68	866	147.000000	G#3	56	80	
849	114.913542	C4	60	66	868	147.250000	C4	60	80	
850	115.102083	F4	65	65	869	147.500000	F4	65	80	
851	115.104167	Bb2	46	58	870	147.500000	Bb2	46	80	
852	115.293750	F3	53	67	871	147.750000	F3	53	80	
853	115.295833	G#2	44	61	872	147.750000	G#2	44	80	
854	115.470833	C4	60	66	873	148.000000	C4	60	80	
855	115.670833	Eb4	63	71	874	148.250000	Eb4	63	80	
856	115.671875	G2	43	51	875	148.250000	G2	43	80	
857	115.967708	G#2	44	44	879	148.500000	G#2	44	80	
858	115.967708	D4	62	80	877	148.500000	D4	62	80	
859	115.981250	Bb3	58	71	876	148.500000	Bb3	58	80	
860	115.987500	F3	53	54	878	148.500000	F3	53	80	
861	117.683333	G#5	80	80	881	149.750000	G#5	80	80	
862	117.692708	F5	77	68	880	149.750000	F5	77	80	
863	117.700000	Bb4	70	69	882	149.750000	Bb4	70	80	
864	117.702083	D3	50	48	883	149.750000	D3	50	80	
865	117.989583	G5	79	82	885	150.000000	G5	79	80	
866	117.993750	Eb3	51	54	887	150.000000	Eb3	51	80	
867	118.000000	Eb5	75	69	884	150.000000	Eb5	75	80	
868	118.002083	Bb4	70	64	886	150.000000	Bb4	70	80	
869	118.268750	F3	53	51	888	150.250000	F3	53	80	
870	118.351042	G3	55	62	889	150.375000	G3	55	80	
871	118.475000	G#3	56	62	890	150.500000	G#3	56	80	
872	118.593750	Bb3	58	63	891	150.625000	Bb3	58	80	
873	118.693750	C4	60	60	892	150.750000	C4	60	80	
874	118.788542	D4	62	68	893	150.875000	D4	62	80	
875	118.896875	Eb4	63	72	894	151.000000	Eb4	63	80	
876	119.142708	F5	77	83	896	151.250000	F5	77	80	
877	119.152083	G#3	56	59	898	151.250000	G#3	56	80	
878	119.161458	G#4	68	67	897	151.250000	G#4	68	80	
879	119.161458	C5	72	66	895	151.250000	C5	72	80	
880	119.450000	Eb5	75	82	899	151.500000	Eb5	75	80	
881	119.456250	G4	67	62	900	151.500000	G4	67	80	
882	119.459375	Bb3	58	54	902	151.500000	Bb3	58	80	
883	119.469792	Bb4	70	68	901	151.500000	Bb4	70	80	
884	120.431250	Bb2	46	50	905	152.250000	Bb2	46	80	
885	120.475000	D5	74	75	903	152.250000	D5	74	80	
886	120.493750	F4	65	63	904	152.250000	F4	65	80	
887	120.741667	Eb5	75	71	906	152.312500	Eb5	75	80	
888	120.877083	D5	74	67	*	-1	*	-1	-1	
889	120.992708	Eb5	75	72	*	-1	*	-1	-1	
890	121.078125	D5	74	75	907	152.375000	D5	74	80	
891	121.179167	Eb5	75	67	*	-1	*	-1	-1	
892	121.220833	D5	74	65	*	-1	*	-1	-1	
893	121.306250	Eb5	75	73	*	-1	*	-1	-1	
894	121.356250	D5	74	60	*	-1	*	-1	-1	
895	122.147917	Eb5	75	57	908	152.750000	Eb5	75	80	
896	122.761458	Eb3	51	39	910	153.000000	Eb3	51	80	
897	122.770833	Eb5	75	65	909	153.000000	Eb5	75	80	
898	122.786458	G4	67	47	*	-1	*	-1	-1	
899	123.110417	Bb4	70	55	911	153.250000	Bb4	70	80	
900	123.319792	G#4	68	63	912	153.500000	G#4	68	80	
901	123.513542	Bb4	70	64	913	153.750000	Bb4	70	80	
902	123.701042	G4	67	62	914	154.000000	G4	67	80	
903	123.888542	F4	65	61	915	154.250000	F4	65	80	
904	124.091667	G4	67	60	916	154.500000	G4	67	80	
905	124.265625	Eb4	63	70	917	154.750000	Eb4	63	80	
906	124.445833	D4	62	65	918	155.000000	D4	62	80	
907	124.653125	Eb4	63	62	919	155.250000	Eb4	63	80	
908	124.838542	Bb3	58	57	920	155.500000	Bb3	58	80	
909	125.030208	G#3	56	59	921	155.750000	G#3	56	80	
910	125.244792	Bb3	58	53	922	156.000000	Bb3	58	80	
911	125.429167	G3	55	57	923	156.250000	G3	55	80	
912	125.632292	F3	53	60	924	156.500000	F3	53	80	
913	125.854167	G3	55	54	925	156.750000	G3	55	80	
914	126.066667	Eb3	51	53	926	157.000000	Eb3	51	80	
915	126.284375	D3	50	55	927	157.250000	D3	50	80	
916	126.779167	Eb3	51	51	*	-1	*	-1	-1	
917	126.895833	D3	50	55	*	-1	*	-1	-1	
918	127.041667	Eb3	51	47	928	157.500000	Eb3	51	80	
919	128.511458	Eb2	39	42	929	158.250000	Eb2	39	80	
*	-1	*	-1	-1	9	1.750000	G4	67	80	
*	-1	*	-1	-1	13	2.250000	Eb5	75	80	
*	-1	*	-1	-1	16	2.750000	D5	74	80	
*	-1	*	-1	-1	29	5.250000	D4	62	80	
*	-1	*	-1	-1	34	6.000000	Bb3	58	80	
*	-1	*	-1	-1	41	6.750000	G#4	68	80	
*	-1	*	-1	-1	44	7.250000	G4	67	80	
*	-1	*	-1	-1	59	10.250000	Eb2	39	80	
*	-1	*	-1	-1	66	11.000000	Eb2	39	80	
*	-1	*	-1	-1	148	22.000000	A4	69	80	
*	-1	*	-1	-1	159	24.000000	C4	60	80	
*	-1	*	-1	-1	214	31.250000	Bb3	58	80	
*	-1	*	-1	-1	367	57.000000	F4	65	80	
*	-1	*	-1	-1	369	57.250000	Bb4	70	80	
*	-1	*	-1	-1	387	61.500000	Eb4	63	80	
*	-1	*	-1	-1	389	61.750000	G#4	68	80	
*	-1	*	-1	-1	692	115.500000	G#4	68	80	
*	-1	*	-1	-1	694	115.750000	C5	72	80	
*	-1	*	-1	-1	802	136.750000	G4	67	80	
*	-1	*	-1	-1	806	137.250000	Eb5	75	80	
*	-1	*	-1	-1	809	137.750000	D5	74	80	
