// alignID alignOntime alignSitch alignPitch alignOnvel refID refOntime refSitch refPitch refOnvel
0	1.028646	Bb4	70	62	0	0.000000	Bb4	70	80	
1	1.039062	G4	67	54	1	0.000000	G4	67	80	
2	1.283854	Eb4	63	50	2	0.250000	Eb4	63	80	
3	1.471354	D4	62	67	3	0.500000	D4	62	80	
4	1.701823	Eb4	63	70	4	0.750000	Eb4	63	80	
5	1.898438	Bb3	58	70	5	1.000000	Bb3	58	80	
6	2.080729	G3	55	69	6	1.250000	G3	55	80	
7	2.289062	Eb3	51	67	7	1.500000	Eb3	51	80	
8	2.479167	G4	67	75	8	1.750000	G4	67	80	
9	2.671875	Eb5	75	80	10	2.000000	Eb5	75	80	
10	2.873698	F4	65	60	12	2.250000	F4	65	80	
11	2.885417	Eb5	75	62	11	2.250000	Eb5	75	80	
12	3.095052	D5	74	63	14	2.500000	D5	74	80	
13	3.100260	Bb3	58	47	15	2.500000	Bb3	58	80	
14	3.291667	A3	57	62	17	2.750000	A3	57	80	
15	3.510417	Bb3	58	63	18	3.000000	Bb3	58	80	
16	3.714844	F3	53	56	19	3.250000	F3	53	80	
17	3.906250	D3	50	55	20	3.500000	D3	50	80	
18	4.111979	Bb2	46	53	21	3.750000	Bb2	46	80	
19	4.305990	F4	65	58	22	4.000000	F4	65	80	
20	4.480469	G4	67	62	23	4.250000	G4	67	80	
21	4.708333	G#4	68	69	24	4.500000	G#4	68	80	
22	4.709635	F3	53	54	25	4.500000	F3	53	80	
23	4.915365	C4	60	66	26	4.750000	C4	60	80	
24	5.088542	Eb4	63	62	27	5.000000	Eb4	63	80	
25	5.305990	Bb3	58	55	30	5.250000	Bb3	58	80	
26	5.324219	D4	62	73	28	5.250000	D4	62	80	
27	5.524740	F4	65	64	31	5.500000	F4	65	80	
28	5.726562	Bb4	70	66	32	5.750000	Bb4	70	80	
29	5.938802	D3	50	47	35	6.000000	Bb2	46	80	
30	5.940104	Bb3	58	69	33	6.000000	Bb3	58	80	
31	6.138021	F4	65	65	36	6.250000	F4	65	80	
32	6.335938	G#4	68	69	37	6.500000	G#4	68	80	
33	6.558594	G#4	68	60	38	6.750000	G#4	68	80	
34	6.576823	Bb3	58	49	39	6.750000	Bb3	58	80	
35	6.582031	Eb4	63	51	40	6.750000	Eb4	63	80	
36	6.765625	Eb3	51	45	43	7.000000	Eb3	51	80	
37	6.792969	G4	67	58	42	7.000000	G4	67	80	
38	6.981771	D3	50	67	45	7.250000	D3	50	80	
39	7.186198	Eb3	51	75	46	7.500000	Eb3	51	80	
40	7.384115	Bb2	46	64	47	7.750000	Bb2	46	80	
41	7.582031	G2	43	51	48	8.000000	G2	43	80	
42	7.819010	Eb2	39	46	49	8.250000	Eb2	39	80	
43	8.014323	Eb3	51	52	50	8.500000	Eb3	51	80	
44	8.226562	D3	50	52	51	8.750000	D3	50	80	
45	8.415365	Eb3	51	58	52	9.000000	Eb3	51	80	
46	8.604167	G3	55	53	53	9.250000	G3	55	80	
47	8.809896	F3	53	55	54	9.500000	F3	53	80	
48	9.020833	G3	55	61	55	9.750000	G3	55	80	
49	9.205729	Bb3	58	62	56	10.000000	Bb3	58	80	
50	9.399740	G#3	56	62	57	10.250000	G#3	56	80	
51	9.404948	Eb2	39	58	58	10.250000	Eb2	39	80	
52	9.596354	Eb3	51	70	61	10.500000	Eb3	51	80	
53	9.598958	Bb3	58	63	60	10.500000	Bb3	58	80	
54	9.600260	Eb2	39	56	62	10.500000	Eb2	39	80	
55	9.821615	C#4	61	61	63	10.750000	C#4	61	80	
56	10.006510	C#3	49	62	65	11.000000	C#3	49	80	
57	10.014323	G3	55	61	64	11.000000	G3	55	80	
58	10.019531	Eb2	39	43	66	11.000000	Eb2	39	80	
59	10.209635	C3	48	54	68	11.250000	C3	48	80	
60	10.209635	G#3	56	65	67	11.250000	G#3	56	80	
61	10.216146	Eb2	39	42	69	11.250000	Eb2	39	80	
62	10.421875	C4	60	69	70	11.500000	C4	60	80	
63	10.619792	Eb3	51	67	72	11.750000	Eb3	51	80	
64	10.627604	Bb3	58	68	71	11.750000	Bb3	58	80	
65	10.832031	G#2	44	63	74	12.000000	G#2	44	80	
66	10.839844	C4	60	69	73	12.000000	C4	60	80	
67	11.029948	Eb4	63	69	75	12.250000	Eb4	63	80	
68	11.233073	C#4	61	72	76	12.500000	C#4	61	80	
69	11.244792	Bb2	46	64	77	12.500000	Bb2	46	80	
70	11.252604	Eb2	39	56	78	12.500000	Eb2	39	80	
71	11.430990	Eb4	63	75	79	12.750000	Eb4	63	80	
72	11.442708	C3	48	69	80	12.750000	C3	48	80	
73	11.453125	Eb2	39	56	81	12.750000	Eb2	39	80	
74	11.647135	G#4	68	71	82	13.000000	G#4	68	80	
75	11.829427	G#2	44	61	84	13.250000	G#2	44	80	
76	11.845052	C4	60	68	83	13.250000	C4	60	80	
77	11.848958	Eb2	39	46	85	13.250000	Eb2	39	80	
78	12.041667	D4	62	71	86	13.500000	D4	62	80	
79	12.053385	Eb3	51	55	88	13.500000	Eb3	51	80	
80	12.080729	E3	52	22	*	-1	*	-1	-1	
81	12.087240	F3	53	15	87	13.500000	F3	53	80	
82	12.236979	F4	65	74	89	13.750000	F4	65	80	
83	12.429688	Eb4	63	74	90	14.000000	Eb4	63	80	
84	12.430990	G#3	56	65	91	14.000000	G#3	56	80	
85	12.627604	D3	50	70	93	14.250000	D3	50	80	
86	12.634115	F4	65	79	92	14.250000	F4	65	80	
87	12.845052	G#4	68	78	94	14.500000	G#4	68	80	
88	13.026042	Eb3	51	76	96	14.750000	Eb3	51	80	
89	13.028646	G4	67	83	95	14.750000	G4	67	80	
90	13.226562	G#4	68	83	97	15.000000	G#4	68	80	
91	13.236979	F3	53	73	98	15.000000	F3	53	80	
92	13.412760	F5	77	76	99	15.250000	F5	77	80	
93	13.606771	D3	50	67	101	15.500000	D3	50	80	
94	13.613281	Eb2	39	56	102	15.500000	Eb2	39	80	
95	13.619792	Bb2	46	57	103	15.500000	Bb2	46	80	
96	13.621094	G#4	68	80	100	15.500000	G#4	68	80	
97	13.813802	Eb3	51	73	105	15.750000	Eb3	51	80	
98	13.828125	G4	67	78	104	15.750000	G4	67	80	
99	13.837240	Eb2	39	56	106	15.750000	Eb2	39	80	
100	13.837240	Bb2	46	60	107	15.750000	Bb2	46	80	
101	14.016927	Bb4	70	81	108	16.000000	Bb4	70	80	
102	14.213542	G#4	68	83	109	16.250000	G#4	68	80	
103	14.217448	F3	53	72	110	16.250000	F3	53	80	
104	14.407552	Bb4	70	84	111	16.500000	Bb4	70	80	
105	14.408854	G3	55	76	112	16.500000	G3	55	80	
106	14.605469	Eb5	75	84	113	16.750000	Eb5	75	80	
107	14.808594	D5	74	84	114	17.000000	D5	74	80	
108	14.822917	Bb3	58	73	115	17.000000	Bb3	58	80	
109	15.006510	G3	55	73	117	17.250000	G3	55	80	
110	15.009115	Eb5	75	91	116	17.250000	Eb5	75	80	
111	15.201823	G5	79	86	118	17.500000	G5	79	80	
112	15.388021	D3	50	74	120	17.750000	D3	50	80	
113	15.393229	F5	77	82	119	17.750000	F5	77	80	
114	15.591146	Eb3	51	70	122	18.000000	Eb3	51	80	
115	15.591146	G5	79	76	121	18.000000	G5	79	80	
116	15.796875	Eb5	75	82	123	18.250000	Eb5	75	80	
117	15.984375	G3	55	67	125	18.500000	G3	55	80	
118	15.985677	D5	74	76	124	18.500000	D5	74	80	
119	16.169271	C3	48	57	127	18.750000	C3	48	80	
120	16.184896	Eb5	75	75	126	18.750000	Eb5	75	80	
121	16.399740	C5	72	73	128	19.000000	C5	72	80	
122	16.562500	D3	50	61	130	19.250000	D3	50	80	
123	16.572917	Bb4	70	74	129	19.250000	Bb4	70	80	
124	16.764323	Eb3	51	72	132	19.500000	Eb3	51	80	
125	16.776042	C5	72	80	131	19.500000	C5	72	80	
126	16.871094	D3	50	63	133	19.625000	D3	50	80	
127	16.953125	C3	48	70	135	19.750000	C3	48	80	
128	16.953125	A4	69	72	134	19.750000	A4	69	80	
129	17.061198	D3	50	63	136	19.875000	D3	50	80	
130	17.140625	G4	67	72	137	20.000000	G4	67	80	
131	17.148438	Eb3	51	69	138	20.000000	Eb3	51	80	
132	17.352865	F2	41	66	140	20.250000	F2	41	80	
133	17.393229	A4	69	63	139	20.250000	A4	69	80	
134	17.596354	F4	65	73	141	20.500000	F4	65	80	
135	17.781250	Eb4	63	81	142	20.750000	Eb4	63	80	
136	17.985677	F4	65	81	143	21.000000	F4	65	80	
137	18.166667	C4	60	79	144	21.250000	C4	60	80	
138	18.361979	A3	57	70	145	21.500000	A3	57	80	
139	18.565104	F3	53	75	146	21.750000	F3	53	80	
140	18.761719	A4	69	80	147	22.000000	A4	69	80	
141	18.942708	Eb5	75	81	149	22.250000	Eb5	75	80	
142	19.140625	Bb3	58	60	151	22.500000	Bb3	58	80	
143	19.140625	D5	74	77	150	22.500000	D5	74	80	
144	19.341146	Bb4	70	73	152	22.750000	Bb4	70	80	
145	19.531250	F4	65	72	153	23.000000	F4	65	80	
146	19.726562	Eb3	51	58	155	23.250000	Eb3	51	80	
147	19.746094	G4	67	68	154	23.250000	G4	67	80	
148	19.942708	Eb4	63	64	156	23.500000	Eb4	63	80	
149	20.134115	D4	62	57	157	23.750000	D4	62	80	
150	20.354167	C4	60	64	158	24.000000	C4	60	80	
151	20.361979	F3	53	56	160	24.000000	F3	53	80	
152	20.552083	Bb4	70	54	161	24.250000	Bb4	70	80	
153	20.770833	A4	69	53	162	24.500000	A4	69	80	
154	20.990885	Bb4	70	56	163	24.750000	Bb4	70	80	
155	21.001302	D4	62	43	164	24.750000	D4	62	80	
156	21.197917	Bb3	58	47	165	25.000000	Bb3	58	80	
157	21.401042	A3	57	59	166	25.250000	A3	57	80	
158	21.609375	Bb3	58	63	167	25.500000	Bb3	58	80	
159	21.822917	F3	53	54	168	25.750000	F3	53	80	
160	22.006510	D3	50	53	169	26.000000	D3	50	80	
161	22.218750	Bb2	46	46	170	26.250000	Bb2	46	80	
162	22.423177	Bb3	58	53	171	26.500000	Bb3	58	80	
163	22.627604	A3	57	55	172	26.750000	A3	57	80	
164	22.845052	Bb3	58	59	173	27.000000	Bb3	58	80	
165	23.037760	D4	62	52	174	27.250000	D4	62	80	
166	23.057292	Bb2	46	42	175	27.250000	Bb2	46	80	
167	23.238281	C4	60	58	176	27.500000	C4	60	80	
168	23.239583	A2	45	55	177	27.500000	A2	45	80	
169	23.436198	Bb2	46	58	179	27.750000	Bb2	46	80	
170	23.440104	D4	62	61	178	27.750000	D4	62	80	
171	23.628906	F4	65	62	180	28.000000	F4	65	80	
172	23.630208	D3	50	48	181	28.000000	D3	50	80	
173	23.829427	C3	48	58	183	28.250000	C3	48	80	
174	23.841146	Eb4	63	64	182	28.250000	Eb4	63	80	
175	23.855469	Bb2	46	43	184	28.250000	Bb2	46	80	
176	24.022135	Bb2	46	54	187	28.500000	Bb2	46	80	
177	24.022135	D3	50	63	186	28.500000	D3	50	80	
178	24.029948	F4	65	70	185	28.500000	F4	65	80	
179	24.233073	F3	53	58	189	28.750000	F3	53	80	
180	24.235677	G#4	68	64	188	28.750000	G#4	68	80	
181	24.417969	Bb2	46	60	192	29.000000	Bb2	46	80	
182	24.420573	G#3	56	65	191	29.000000	G#3	56	80	
183	24.445312	D4	62	58	190	29.000000	D4	62	80	
184	24.631510	Bb2	46	59	195	29.250000	Bb2	46	80	
185	24.649740	G3	55	68	194	29.250000	G3	55	80	
186	24.658854	Eb4	63	59	193	29.250000	Eb4	63	80	
187	24.858073	G4	67	68	196	29.500000	G4	67	80	
188	24.864583	Bb3	58	64	197	29.500000	Bb3	58	80	
189	25.042969	F4	65	67	198	29.750000	F4	65	80	
190	25.067708	G#3	56	68	199	29.750000	G#3	56	80	
191	25.251302	G4	67	73	200	30.000000	G4	67	80	
192	25.261719	Bb3	58	69	201	30.000000	Bb3	58	80	
193	25.445312	Bb4	70	68	202	30.250000	Bb4	70	80	
194	25.463542	G3	55	66	203	30.250000	G3	55	80	
195	25.654948	F3	53	63	205	30.500000	F3	53	80	
196	25.656250	G#4	68	75	204	30.500000	G#4	68	80	
197	25.658854	Bb2	46	54	206	30.500000	Bb2	46	80	
198	25.847656	Bb2	46	69	209	30.750000	Bb2	46	80	
199	25.855469	G3	55	74	208	30.750000	G3	55	80	
200	25.855469	Bb4	70	79	207	30.750000	Bb4	70	80	
201	26.050781	Eb5	75	75	210	31.000000	Eb5	75	80	
202	26.072917	Bb3	58	73	211	31.000000	Bb3	58	80	
203	26.247396	Bb3	58	59	214	31.250000	Bb3	58	80	
204	26.255208	G4	67	74	212	31.250000	G4	67	80	
205	26.256510	Eb4	63	73	213	31.250000	D4	62	80	
206	26.454427	C4	60	67	216	31.500000	C4	60	80	
207	26.457031	A4	69	77	215	31.500000	A4	69	80	
208	26.472656	Bb3	58	50	217	31.500000	Bb3	58	80	
209	26.664062	C5	72	77	218	31.750000	C5	72	80	
210	26.680990	Eb4	63	68	219	31.750000	Eb4	63	80	
211	26.852865	Bb4	70	78	220	32.000000	Bb4	70	80	
212	26.868490	D4	62	75	221	32.000000	D4	62	80	
213	27.062500	Eb4	63	78	223	32.250000	Eb4	63	80	
214	27.074219	C5	72	84	222	32.250000	C5	72	80	
215	27.268229	Eb5	75	84	224	32.500000	Eb5	75	80	
216	27.272135	C4	60	74	225	32.500000	C4	60	80	
217	27.454427	Bb3	58	77	227	32.750000	Bb3	58	80	
218	27.460938	D5	74	82	226	32.750000	D5	74	80	
219	27.664062	C4	60	79	229	33.000000	C4	60	80	
220	27.669271	Eb5	75	89	228	33.000000	Eb5	75	80	
221	27.856771	C6	84	76	230	33.250000	C6	84	80	
222	27.877604	Bb3	58	73	231	33.250000	Bb3	58	80	
223	28.053385	Eb5	75	82	232	33.500000	Eb5	75	80	
224	28.065104	A3	57	73	233	33.500000	A3	57	80	
225	28.067708	Bb2	46	68	234	33.500000	Bb2	46	80	
226	28.075521	F3	53	64	235	33.500000	F3	53	80	
227	28.263021	Bb3	58	76	237	33.750000	Bb3	58	80	
228	28.263021	D5	74	78	236	33.750000	D5	74	80	
229	28.268229	F3	53	66	239	33.750000	F3	53	80	
230	28.287760	Bb2	46	49	238	33.750000	Bb2	46	80	
231	28.462240	D4	62	72	241	34.000000	D4	62	80	
232	28.467448	Bb4	70	68	240	34.000000	Bb4	70	80	
233	28.658854	C4	60	79	243	34.250000	C4	60	80	
234	28.662760	A4	69	80	242	34.250000	A4	69	80	
235	28.854167	D4	62	83	245	34.500000	D4	62	80	
236	28.859375	Bb4	70	79	244	34.500000	Bb4	70	80	
237	29.046875	F4	65	78	247	34.750000	F4	65	80	
238	29.048177	D5	74	81	246	34.750000	D5	74	80	
239	29.244792	Eb4	63	78	249	35.000000	Eb4	63	80	
240	29.247396	C5	72	89	248	35.000000	C5	72	80	
241	29.450521	D5	74	89	250	35.250000	D5	74	80	
242	29.454427	F4	65	79	251	35.250000	F4	65	80	
243	29.649740	F5	77	88	252	35.500000	F5	77	80	
244	29.657552	G#4	68	76	253	35.500000	G#4	68	80	
245	29.835938	Eb5	75	85	254	35.750000	Eb5	75	80	
246	29.850260	G4	67	73	255	35.750000	G4	67	80	
247	30.101562	G#4	68	79	258	36.000000	G#4	68	80	
248	30.104167	F5	77	73	257	36.000000	F5	77	80	
249	30.108073	D5	74	65	256	36.000000	D5	74	80	
250	30.322917	Bb3	58	66	259	36.250000	Bb3	58	80	
251	30.509115	A3	57	77	260	36.500000	A3	57	80	
252	30.730469	Bb3	58	77	261	36.750000	Bb3	58	80	
253	30.919271	F3	53	63	262	37.000000	F3	53	80	
254	31.114583	D3	50	60	263	37.250000	D3	50	80	
255	31.319010	Bb2	46	51	264	37.500000	Bb2	46	80	
256	31.532552	G4	67	51	265	37.750000	G4	67	80	
257	31.539062	Eb4	63	48	266	37.750000	Eb4	63	80	
258	31.735677	F4	65	56	267	38.000000	F4	65	80	
259	31.739583	D4	62	51	268	38.000000	D4	62	80	
260	31.955729	G4	67	52	269	38.250000	G4	67	80	
261	31.960938	Eb4	63	49	270	38.250000	Eb4	63	80	
262	32.148438	Bb3	58	55	271	38.500000	Bb3	58	80	
263	32.365885	G#3	56	52	272	38.750000	G#3	56	80	
264	32.569010	Bb3	58	57	273	39.000000	Bb3	58	80	
265	32.761719	G3	55	55	274	39.250000	G3	55	80	
266	32.972656	Eb3	51	58	275	39.500000	Eb3	51	80	
267	33.153646	Bb2	46	45	276	39.750000	Bb2	46	80	
268	33.354167	D5	74	61	277	40.000000	D5	74	80	
269	33.361979	F4	65	57	278	40.000000	F4	65	80	
270	33.545573	Eb5	75	60	279	40.250000	Eb5	75	80	
271	33.585938	G4	67	54	280	40.250000	G4	67	80	
272	33.764323	F5	77	68	281	40.500000	F5	77	80	
273	33.789062	G#4	68	52	282	40.500000	G#4	68	80	
274	33.976562	Bb2	46	52	283	40.750000	Bb2	46	80	
275	34.156250	A2	45	51	284	41.000000	A2	45	80	
276	34.385417	Bb2	46	62	285	41.250000	Bb2	46	80	
277	34.584635	D3	50	61	286	41.500000	D3	50	80	
278	34.763021	F5	77	69	287	41.750000	F5	77	80	
279	34.778646	C3	48	55	289	41.750000	C3	48	80	
280	34.803385	G#4	68	42	288	41.750000	G#4	68	80	
281	34.972656	D3	50	70	292	42.000000	D3	50	80	
282	34.983073	G#4	68	68	291	42.000000	G#4	68	80	
283	34.988281	B4	71	74	290	42.000000	B4	71	80	
284	35.175781	F3	53	64	293	42.250000	F3	53	80	
285	35.360677	C5	72	71	294	42.500000	C5	72	80	
286	35.361979	Eb3	51	68	297	42.500000	Eb3	51	80	
287	35.365885	F4	65	69	295	42.500000	F4	65	80	
288	35.388021	G#4	68	45	296	42.500000	G#4	68	80	
289	35.563802	F3	53	71	301	42.750000	F3	53	80	
290	35.569010	D4	62	74	299	42.750000	D4	62	80	
291	35.569010	G#4	68	64	300	42.750000	G#4	68	80	
292	35.569010	B4	71	72	298	42.750000	B4	71	80	
293	35.785156	G#3	56	71	302	43.000000	G#3	56	80	
294	35.959635	G3	55	77	303	43.250000	G3	55	80	
295	36.161458	G#3	56	81	304	43.500000	G#3	56	80	
296	36.368490	B3	59	73	305	43.750000	B3	59	80	
297	36.548177	D4	62	63	306	44.000000	D4	62	80	
298	36.761719	B2	47	78	308	44.250000	B2	47	80	
299	36.772135	F4	65	69	307	44.250000	F4	65	80	
300	36.976562	Eb4	63	70	309	44.500000	Eb4	63	80	
301	37.171875	D4	62	76	310	44.750000	D4	62	80	
302	37.369792	C3	48	76	312	45.000000	C3	48	80	
303	37.384115	Eb4	63	74	311	45.000000	Eb4	63	80	
304	37.583333	G4	67	68	313	45.250000	G4	67	80	
305	37.774740	C5	72	68	314	45.500000	C5	72	80	
306	37.975260	Eb5	75	64	315	45.750000	Eb5	75	80	
307	37.989583	C4	60	59	316	45.750000	C4	60	80	
308	38.173177	D5	74	58	317	46.000000	D5	74	80	
309	38.376302	C5	72	58	318	46.250000	C5	72	80	
310	38.566406	Bb3	58	59	319	46.500000	Bb3	58	80	
311	38.782552	Eb4	63	62	320	46.750000	Eb4	63	80	
312	38.964844	C5	72	65	321	47.000000	C5	72	80	
313	39.151042	G#3	56	56	323	47.250000	G#3	56	80	
314	39.170573	F4	65	67	322	47.250000	F4	65	80	
315	39.345052	G#4	68	69	324	47.500000	G#4	68	80	
316	39.526042	C5	72	66	325	47.750000	C5	72	80	
317	39.720052	G#2	44	55	327	48.000000	G#2	44	80	
318	39.735677	Eb5	75	64	326	48.000000	Eb5	75	80	
319	39.929688	D5	74	62	328	48.250000	D5	74	80	
320	40.138021	C5	72	62	329	48.500000	C5	72	80	
321	40.320312	Eb3	51	62	330	48.750000	Eb3	51	80	
322	40.529948	G4	67	70	331	49.000000	G4	67	80	
323	40.725260	C5	72	77	332	49.250000	C5	72	80	
324	40.912760	G#4	68	77	333	49.500000	G#4	68	80	
325	40.917969	F3	53	68	334	49.500000	F3	53	80	
326	41.098958	B4	71	79	335	49.750000	B4	71	80	
327	41.272135	C5	72	77	336	50.000000	C5	72	80	
328	41.472656	F#3	54	70	338	50.250000	F#3	54	80	
329	41.473958	Eb5	75	78	337	50.250000	Eb5	75	80	
330	41.666667	D5	74	71	339	50.500000	D5	74	80	
331	41.854167	C5	72	69	340	50.750000	C5	72	80	
332	42.058594	G3	55	69	341	51.000000	G3	55	80	
333	42.272135	F4	65	68	342	51.250000	F4	65	80	
334	42.447917	B4	71	73	343	51.500000	B4	71	80	
335	42.666667	C5	72	72	344	51.750000	C5	72	80	
336	42.667969	C3	48	55	345	51.750000	C3	48	80	
337	42.856771	G4	67	73	346	52.000000	G4	67	80	
338	43.050781	Eb4	63	74	347	52.250000	Eb4	63	80	
339	43.259115	C4	60	72	348	52.500000	C4	60	80	
340	43.460938	Eb3	51	69	349	52.750000	Eb3	51	80	
341	43.648438	G3	55	72	350	53.000000	G3	55	80	
342	43.865885	Bb3	58	79	351	53.250000	Bb3	58	80	
343	44.065104	A3	57	69	352	53.500000	A3	57	80	
344	44.251302	G3	55	68	353	53.750000	G3	55	80	
345	44.481771	A3	57	63	354	54.000000	A3	57	80	
346	44.697917	Eb5	75	72	355	54.250000	Eb5	75	80	
347	44.884115	D5	74	73	356	54.500000	D5	74	80	
348	45.085938	Eb5	75	79	357	54.750000	Eb5	75	80	
349	45.276042	C5	72	65	358	55.000000	C5	72	80	
350	45.473958	A4	69	64	359	55.250000	A4	69	80	
351	45.688802	F4	65	63	360	55.500000	F4	65	80	
352	45.889323	C4	60	50	361	55.750000	C4	60	80	
353	46.093750	F3	53	47	362	56.000000	F3	53	80	
354	46.312500	Bb3	58	54	363	56.250000	Bb3	58	80	
355	46.516927	F4	65	64	364	56.500000	F4	65	80	
356	46.694010	Eb4	63	65	365	56.750000	Eb4	63	80	
357	46.911458	F4	65	62	366	57.000000	F4	65	80	
358	47.109375	Bb4	70	53	368	57.250000	Bb4	70	80	
359	47.308594	C5	72	60	370	57.500000	C5	72	80	
360	47.527344	C#5	73	57	371	57.750000	C#5	73	80	
361	47.746094	G#3	56	45	372	58.000000	G#3	56	80	
362	47.953125	F3	53	49	373	58.250000	F3	53	80	
363	48.145833	G3	55	50	374	58.500000	G3	55	80	
364	48.367188	C#5	73	62	375	58.750000	C#5	73	80	
365	48.562500	C5	72	74	376	59.000000	C5	72	80	
366	48.763021	C#5	73	76	377	59.250000	C#5	73	80	
367	48.953125	Bb4	70	71	378	59.500000	Bb4	70	80	
368	49.153646	G4	67	65	379	59.750000	G4	67	80	
369	49.361979	Eb4	63	59	380	60.000000	Eb4	63	80	
370	49.565104	Bb3	58	42	381	60.250000	Bb3	58	80	
371	49.776042	Eb3	51	43	382	60.500000	Eb3	51	80	
372	50.002604	G#3	56	42	383	60.750000	G#3	56	80	
373	50.199219	Eb4	63	47	384	61.000000	Eb4	63	80	
374	50.393229	C#4	61	50	385	61.250000	C#4	61	80	
375	50.589844	Eb4	63	61	386	61.500000	Eb4	63	80	
376	50.813802	G#4	68	55	388	61.750000	G#4	68	80	
377	51.015625	Bb4	70	48	390	62.000000	Bb4	70	80	
378	51.221354	C5	72	55	391	62.250000	C5	72	80	
379	51.427083	G3	55	37	392	62.500000	G3	55	80	
380	51.619792	Eb3	51	41	393	62.750000	Eb3	51	80	
381	51.838542	F3	53	48	394	63.000000	F3	53	80	
382	52.055990	D4	62	45	395	63.250000	D4	62	80	
383	52.240885	G#4	68	53	396	63.500000	G#4	68	80	
384	52.441406	C5	72	59	397	63.750000	C5	72	80	
385	52.666667	Bb4	70	56	398	64.000000	Bb4	70	80	
386	52.858073	G#4	68	54	399	64.250000	G#4	68	80	
387	53.061198	G3	55	52	400	64.500000	G3	55	80	
388	53.256510	C#4	61	51	401	64.750000	C#4	61	80	
389	53.463542	Bb4	70	59	402	65.000000	Bb4	70	80	
390	53.680990	E3	52	55	403	65.250000	E3	52	80	
391	53.885417	C4	60	59	404	65.500000	C4	60	80	
392	54.096354	G4	67	63	405	65.750000	G4	67	80	
393	54.287760	Bb4	70	65	406	66.000000	Bb4	70	80	
394	54.479167	G#4	68	65	407	66.250000	G#4	68	80	
395	54.686198	G4	67	64	408	66.500000	G4	67	80	
396	54.911458	F3	53	57	409	66.750000	F3	53	80	
397	55.122396	C4	60	61	410	67.000000	C4	60	80	
398	55.313802	G#4	68	65	411	67.250000	G#4	68	80	
399	55.506510	D3	50	67	412	67.500000	D3	50	80	
400	55.735677	Bb3	58	66	413	67.750000	Bb3	58	80	
401	55.919271	G#4	68	71	414	68.000000	G#4	68	80	
402	56.109375	Eb3	51	73	415	68.250000	Eb3	51	80	
403	56.320312	G#4	68	73	416	68.500000	G#4	68	80	
404	56.503906	G4	67	70	417	68.750000	G4	67	80	
405	56.713542	A2	45	58	418	69.000000	A2	45	80	
406	56.919271	C5	72	56	419	69.250000	C5	72	80	
407	57.117188	Eb4	63	51	420	69.500000	Eb4	63	80	
408	57.335938	Bb2	46	41	421	69.750000	Bb2	46	80	
409	57.541667	D4	62	51	422	70.000000	D4	62	80	
410	57.744792	C4	60	51	423	70.250000	C4	60	80	
411	57.945312	D4	62	60	424	70.500000	D4	62	80	
412	58.130208	D3	50	46	426	70.750000	D3	50	80	
413	58.151042	Bb3	58	60	425	70.750000	Bb3	58	80	
414	58.341146	C3	48	47	428	71.000000	C3	48	80	
415	58.348958	A3	57	62	427	71.000000	A3	57	80	
416	58.526042	Bb3	58	65	429	71.250000	Bb3	58	80	
417	58.533854	D3	50	55	430	71.250000	D3	50	80	
418	58.734375	D4	62	59	431	71.500000	D4	62	80	
419	58.742188	F3	53	60	432	71.500000	F3	53	80	
420	58.921875	F4	65	58	433	71.750000	F4	65	80	
421	58.925781	G#3	56	48	434	71.750000	G#3	56	80	
422	59.131510	Bb2	46	49	436	72.000000	Bb2	46	80	
423	59.134115	G#4	68	68	435	72.000000	G#4	68	80	
424	59.334635	D3	50	52	438	72.250000	D3	50	80	
425	59.337240	F4	65	64	437	72.250000	F4	65	80	
426	59.526042	C3	48	54	440	72.500000	C3	48	80	
427	59.536458	Eb4	63	64	439	72.500000	Eb4	63	80	
428	59.738281	D3	50	63	442	72.750000	D3	50	80	
429	59.750000	F4	65	65	441	72.750000	F4	65	80	
430	59.945312	D4	62	63	443	73.000000	D4	62	80	
431	59.953125	F3	53	67	444	73.000000	F3	53	80	
432	60.135417	C4	60	68	445	73.250000	C4	60	80	
433	60.148438	Eb3	51	71	446	73.250000	Eb3	51	80	
434	60.337240	D4	62	70	447	73.500000	D4	62	80	
435	60.347656	F3	53	70	448	73.500000	F3	53	80	
436	60.528646	F4	65	71	449	73.750000	F4	65	80	
437	60.540365	D3	50	62	450	73.750000	D3	50	80	
438	60.723958	G#4	68	78	451	74.000000	G#4	68	80	
439	60.736979	Bb2	46	67	452	74.000000	Bb2	46	80	
440	60.932292	C5	72	77	453	74.250000	C5	72	80	
441	61.125000	Eb4	63	67	454	74.500000	Eb4	63	80	
442	61.324219	D4	62	63	455	74.750000	D4	62	80	
443	61.333333	F3	53	61	456	74.750000	F3	53	80	
444	61.522135	G2	43	66	458	75.000000	G2	43	80	
445	61.524740	Bb4	70	67	457	75.000000	Bb4	70	80	
446	61.750000	C#4	61	59	459	75.250000	C#4	61	80	
447	61.936198	Eb3	51	60	461	75.500000	Eb3	51	80	
448	61.949219	C4	60	59	460	75.500000	C4	60	80	
449	62.111979	F2	41	70	463	75.750000	F2	41	80	
450	62.148438	G#4	68	64	462	75.750000	G#4	68	80	
451	62.359375	B3	59	55	464	76.000000	B3	59	80	
452	62.535156	D3	50	53	466	76.250000	D3	50	80	
453	62.562500	Bb3	58	55	465	76.250000	Bb3	58	80	
454	62.757812	Eb2	39	50	467	76.500000	Eb2	39	80	
455	62.968750	G4	67	53	468	76.750000	G4	67	80	
456	63.157552	F4	65	62	469	77.000000	F4	65	80	
457	63.354167	G4	67	65	470	77.250000	G4	67	80	
458	63.563802	G3	55	44	472	77.500000	G3	55	80	
459	63.563802	Eb4	63	63	471	77.500000	Eb4	63	80	
460	63.747396	F3	53	55	474	77.750000	F3	53	80	
461	63.764323	D4	62	62	473	77.750000	D4	62	80	
462	63.936198	G3	55	58	476	78.000000	G3	55	80	
463	63.971354	Eb4	63	69	475	78.000000	Eb4	63	80	
464	64.145833	Bb3	58	58	478	78.250000	Bb3	58	80	
465	64.160156	G4	67	58	477	78.250000	G4	67	80	
466	64.341146	C#4	61	52	480	78.500000	C#4	61	80	
467	64.345052	Bb4	70	60	479	78.500000	Bb4	70	80	
468	64.539062	Eb3	51	53	482	78.750000	Eb3	51	80	
469	64.545573	C#5	73	65	481	78.750000	C#5	73	80	
470	64.743490	G3	55	62	484	79.000000	G3	55	80	
471	64.751302	Bb4	70	67	483	79.000000	Bb4	70	80	
472	64.941406	F3	53	58	486	79.250000	F3	53	80	
473	64.945312	G#4	68	73	485	79.250000	G#4	68	80	
474	65.130208	G3	55	62	488	79.500000	G3	55	80	
475	65.144531	Bb4	70	75	487	79.500000	Bb4	70	80	
476	65.345052	Bb3	58	68	490	79.750000	Bb3	58	80	
477	65.350260	G4	67	72	489	79.750000	G4	67	80	
478	65.537760	G#3	56	73	492	80.000000	G#3	56	80	
479	65.537760	F4	65	73	491	80.000000	F4	65	80	
480	65.734375	G4	67	73	493	80.250000	G4	67	80	
481	65.753906	Bb3	58	71	494	80.250000	Bb3	58	80	
482	65.924479	Bb4	70	80	495	80.500000	Bb4	70	80	
483	65.932292	G3	55	69	496	80.500000	G3	55	80	
484	66.109375	Eb3	51	72	498	80.750000	Eb3	51	80	
485	66.109375	C#5	73	77	497	80.750000	C#5	73	80	
486	66.317708	F5	77	82	499	81.000000	F5	77	80	
487	66.507812	G#4	68	70	500	81.250000	G#4	68	80	
488	66.705729	G4	67	61	501	81.500000	G4	67	80	
489	66.716146	Bb3	58	68	502	81.500000	Bb3	58	80	
490	66.910156	C3	48	75	504	81.750000	C3	48	80	
491	66.917969	Eb5	75	72	503	81.750000	Eb5	75	80	
492	67.111979	F#4	66	62	505	82.000000	F#4	66	80	
493	67.303385	G#3	56	54	507	82.250000	G#3	56	80	
494	67.303385	F4	65	63	506	82.250000	F4	65	80	
495	67.493490	Bb2	46	59	509	82.500000	Bb2	46	80	
496	67.500000	C#5	73	65	508	82.500000	C#5	73	80	
497	67.694010	E4	64	56	510	82.750000	E4	64	80	
498	67.891927	G3	55	51	512	83.000000	G3	55	80	
499	67.895833	Eb4	63	54	511	83.000000	Eb4	63	80	
500	68.110677	G#2	44	49	513	83.250000	G#2	44	80	
501	68.305990	C5	72	56	514	83.500000	C5	72	80	
502	68.502604	Bb4	70	58	515	83.750000	Bb4	70	80	
503	68.720052	C5	72	64	516	84.000000	C5	72	80	
504	68.912760	G#4	68	61	517	84.250000	G#4	68	80	
505	68.916667	C4	60	49	518	84.250000	C4	60	80	
506	69.091146	G4	67	65	519	84.500000	G4	67	80	
507	69.105469	Bb3	58	52	520	84.500000	Bb3	58	80	
508	69.278646	G#4	68	70	521	84.750000	G#4	68	80	
509	69.289062	C4	60	58	522	84.750000	C4	60	80	
510	69.479167	C5	72	66	523	85.000000	C5	72	80	
511	69.673177	Eb5	75	71	524	85.250000	Eb5	75	80	
512	69.860677	G5	79	71	525	85.500000	G5	79	80	
513	70.057292	Bb4	70	65	526	85.750000	Bb4	70	80	
514	70.248698	C3	48	53	528	86.000000	C3	48	80	
515	70.251302	A4	69	68	527	86.000000	A4	69	80	
516	70.454427	D4	62	73	530	86.250000	D4	62	80	
517	70.462240	F5	77	74	529	86.250000	F5	77	80	
518	70.665365	G#4	68	71	531	86.500000	G#4	68	80	
519	70.856771	Bb2	46	73	533	86.750000	Bb2	46	80	
520	70.864583	G4	67	67	532	86.750000	G4	67	80	
521	71.054688	Eb5	75	73	534	87.000000	Eb5	75	80	
522	71.069010	C4	60	79	535	87.000000	C4	60	80	
523	71.251302	F#4	66	69	536	87.250000	F#4	66	80	
524	71.444010	A2	45	72	538	87.500000	A2	45	80	
525	71.451823	F4	65	70	537	87.500000	F4	65	80	
526	71.660156	Bb2	46	72	539	87.750000	Bb2	46	80	
527	71.865885	D5	74	71	540	88.000000	D5	74	80	
528	72.055990	C5	72	80	541	88.250000	C5	72	80	
529	72.261719	D5	74	79	542	88.500000	D5	74	80	
530	72.454427	Bb4	70	78	543	88.750000	Bb4	70	80	
531	72.455729	D4	62	67	544	88.750000	D4	62	80	
532	72.657552	A4	69	83	545	89.000000	A4	69	80	
533	72.658854	C4	60	76	546	89.000000	C4	60	80	
534	72.850260	Bb4	70	81	547	89.250000	Bb4	70	80	
535	72.864583	D4	62	75	548	89.250000	D4	62	80	
536	73.036458	D5	74	77	549	89.500000	D5	74	80	
537	73.227865	F5	77	77	550	89.750000	F5	77	80	
538	73.427083	G#5	80	82	551	90.000000	G#5	80	80	
539	73.638021	C5	72	79	552	90.250000	C5	72	80	
540	73.820312	D3	50	66	554	90.500000	D3	50	80	
541	73.833333	B4	71	73	553	90.500000	B4	71	80	
542	74.031250	Eb4	63	81	556	90.750000	Eb4	63	80	
543	74.040365	G5	79	77	555	90.750000	G5	79	80	
544	74.238281	Bb4	70	78	557	91.000000	Bb4	70	80	
545	74.415365	C3	48	72	559	91.250000	C3	48	80	
546	74.432292	A4	69	70	558	91.250000	A4	69	80	
547	74.614583	D4	62	78	561	91.500000	D4	62	80	
548	74.628906	F5	77	81	560	91.500000	F5	77	80	
549	74.835938	G#4	68	74	562	91.750000	G#4	68	80	
550	75.019531	B2	47	70	564	92.000000	B2	47	80	
551	75.028646	G4	67	70	563	92.000000	G4	67	80	
552	75.222656	C3	48	70	565	92.250000	C3	48	80	
553	75.436198	Eb5	75	80	566	92.500000	Eb5	75	80	
554	75.627604	D5	74	81	567	92.750000	D5	74	80	
555	75.835938	Eb5	75	89	568	93.000000	Eb5	75	80	
556	76.040365	C5	72	83	569	93.250000	C5	72	80	
557	76.042969	Eb4	63	69	570	93.250000	Eb4	63	80	
558	76.225260	B4	71	82	571	93.500000	B4	71	80	
559	76.227865	D4	62	77	572	93.500000	D4	62	80	
560	76.414062	Eb4	63	79	574	93.750000	Eb4	63	80	
561	76.423177	C5	72	90	573	93.750000	C5	72	80	
562	76.611979	Eb5	75	88	575	94.000000	Eb5	75	80	
563	76.799479	G5	79	81	576	94.250000	G5	79	80	
564	77.032552	C6	84	81	577	94.500000	C6	84	80	
565	77.248698	G#4	68	64	578	94.750000	G#4	68	80	
566	77.449219	G4	67	66	580	95.000000	G4	67	80	
567	77.450521	B5	83	85	579	95.000000	B5	83	80	
568	77.658854	G#4	68	71	582	95.250000	G#4	68	80	
569	77.667969	C6	84	91	581	95.250000	C6	84	80	
570	77.841146	Eb4	63	69	584	95.500000	Eb4	63	80	
571	77.860677	G5	79	86	583	95.500000	G5	79	80	
572	78.044271	C4	60	69	586	95.750000	C4	60	80	
573	78.048177	G#5	80	80	585	95.750000	G#5	80	80	
574	78.242188	G4	67	71	587	96.000000	G4	67	80	
575	78.442708	F#5	78	81	588	96.250000	F#5	78	80	
576	78.446615	D4	62	64	589	96.250000	D4	62	80	
577	78.621094	G5	79	80	590	96.500000	G5	79	80	
578	78.628906	Bb3	58	62	591	96.500000	Bb3	58	80	
579	78.841146	C6	84	73	592	96.750000	C6	84	80	
580	78.851562	F#4	66	62	593	96.750000	F#4	66	80	
581	79.035156	C4	60	61	594	97.000000	C4	60	80	
582	79.223958	F#5	78	74	595	97.250000	F#5	78	80	
583	79.226562	A3	57	56	596	97.250000	A3	57	80	
584	79.419271	Eb4	63	55	598	97.500000	Eb4	63	80	
585	79.420573	G5	79	70	597	97.500000	G5	79	80	
586	79.613281	Bb3	58	54	600	97.750000	Bb3	58	80	
587	79.625000	D5	74	63	599	97.750000	D5	74	80	
588	79.815104	Eb5	75	61	601	98.000000	Eb5	75	80	
589	79.822917	G3	55	53	602	98.000000	G3	55	80	
590	80.028646	D4	62	59	603	98.250000	D4	62	80	
591	80.220052	A3	57	60	605	98.500000	A3	57	80	
592	80.225260	C#5	73	60	604	98.500000	C#5	73	80	
593	80.408854	F#3	54	59	607	98.750000	F#3	54	80	
594	80.412760	D5	74	62	606	98.750000	D5	74	80	
595	80.615885	G3	55	66	609	99.000000	G3	55	80	
596	80.625000	Bb5	82	63	608	99.000000	Bb5	82	80	
597	80.833333	G5	79	65	610	99.250000	G5	79	80	
598	81.019531	D5	74	69	611	99.500000	D5	74	80	
599	81.210938	C3	48	79	613	99.750000	C3	48	80	
600	81.226562	Eb5	75	75	612	99.750000	Eb5	75	80	
601	81.415365	G5	79	74	614	100.000000	G5	79	80	
602	81.606771	C6	84	74	615	100.250000	C6	84	80	
603	81.819010	C#3	49	72	617	100.500000	C#3	49	80	
604	81.825521	Bb5	82	76	616	100.500000	Bb5	82	80	
605	82.033854	A5	81	68	618	100.750000	A5	81	80	
606	82.196615	G5	79	65	619	101.000000	G5	79	80	
607	82.419271	D3	50	52	621	101.250000	D3	50	80	
608	82.419271	F#5	78	60	620	101.250000	F#5	78	80	
609	82.503906	G5	79	60	622	101.375000	G5	79	80	
610	82.591146	A5	81	63	623	101.500000	A5	81	80	
611	82.799479	D5	74	67	624	101.750000	D5	74	80	
612	83.009115	Eb5	75	73	625	102.000000	Eb5	75	80	
613	83.180990	D5	74	72	626	102.250000	D5	74	80	
614	83.369792	D2	38	68	628	102.500000	D2	38	80	
615	83.375000	C5	72	74	627	102.500000	C5	72	80	
616	83.567708	E2	40	75	630	102.750000	E2	40	80	
617	83.585938	Bb4	70	68	629	102.750000	Bb4	70	80	
618	83.791667	C5	72	82	631	103.000000	C5	72	80	
619	83.949219	F#2	42	75	633	103.250000	F#2	42	80	
620	83.968750	A4	69	73	632	103.250000	A4	69	80	
621	84.157552	G2	43	75	635	103.500000	G2	43	80	
622	84.174479	Bb4	70	74	634	103.500000	Bb4	70	80	
623	84.369792	D5	74	75	636	103.750000	D5	74	80	
624	84.553385	G5	79	74	637	104.000000	G5	79	80	
625	84.769531	Bb5	82	78	638	104.250000	Bb5	82	80	
626	84.772135	G3	55	71	639	104.250000	G3	55	80	
627	84.962240	A5	81	70	640	104.500000	A5	81	80	
628	85.161458	G5	79	67	641	104.750000	G5	79	80	
629	85.354167	F3	53	70	642	105.000000	F3	53	80	
630	85.542969	Bb4	70	69	643	105.250000	Bb4	70	80	
631	85.734375	G5	79	75	644	105.500000	G5	79	80	
632	85.938802	Eb3	51	65	646	105.750000	Eb3	51	80	
633	85.944010	C5	72	72	645	105.750000	C5	72	80	
634	86.125000	Eb5	75	73	647	106.000000	Eb5	75	80	
635	86.299479	G5	79	69	648	106.250000	G5	79	80	
636	86.505208	Eb2	39	50	650	106.500000	Eb2	39	80	
637	86.505208	Bb5	82	69	649	106.500000	Bb5	82	80	
638	86.714844	A5	81	63	651	106.750000	A5	81	80	
639	86.912760	G5	79	61	652	107.000000	G5	79	80	
640	87.089844	Bb2	46	54	653	107.250000	Bb2	46	80	
641	87.307292	D5	74	63	654	107.500000	D5	74	80	
642	87.484375	G5	79	66	655	107.750000	G5	79	80	
643	87.692708	C3	48	60	657	108.000000	C3	48	80	
644	87.696615	Eb5	75	70	656	108.000000	Eb5	75	80	
645	87.884115	F#5	78	69	658	108.250000	F#5	78	80	
646	88.067708	G5	79	70	659	108.500000	G5	79	80	
647	88.259115	C#3	49	58	661	108.750000	C#3	49	80	
648	88.272135	Bb4	70	63	660	108.750000	Bb4	70	80	
649	88.466146	A4	69	61	662	109.000000	A4	69	80	
650	88.661458	G4	67	56	663	109.250000	G4	67	80	
651	88.845052	D3	50	54	664	109.500000	D3	50	80	
652	89.049479	C5	72	65	665	109.750000	C5	72	80	
653	89.234375	F#4	66	60	666	110.000000	F#4	66	80	
654	89.429688	G2	43	42	668	110.250000	G2	43	80	
655	89.441406	G4	67	61	667	110.250000	G4	67	80	
656	89.631510	Bb4	70	57	669	110.500000	Bb4	70	80	
657	89.822917	D5	74	61	670	110.750000	D5	74	80	
658	90.041667	G5	79	64	671	111.000000	G5	79	80	
659	90.231771	Bb2	46	49	672	111.250000	Bb2	46	80	
660	90.410156	D3	50	47	673	111.500000	D3	50	80	
661	90.669271	F3	53	51	675	111.750000	F3	53	80	
662	90.695312	Bb4	70	72	674	111.750000	Bb4	70	80	
663	90.782552	A4	69	79	*	-1	*	-1	-1	
664	90.876302	Bb4	70	76	*	-1	*	-1	-1	
665	90.893229	E3	52	50	676	112.000000	E3	52	80	
666	91.101562	D3	50	53	677	112.250000	D3	50	80	
667	91.322917	E3	52	52	678	112.500000	E3	52	80	
668	91.536458	C#5	73	64	679	112.750000	C#5	73	80	
669	91.734375	C5	72	73	680	113.000000	C5	72	80	
670	91.937500	C#5	73	74	681	113.250000	C#5	73	80	
671	92.119792	Bb4	70	69	682	113.500000	Bb4	70	80	
672	92.316406	G4	67	61	683	113.750000	G4	67	80	
673	92.522135	E4	64	59	684	114.000000	E4	64	80	
674	92.733073	G3	55	42	685	114.250000	G3	55	80	
675	92.924479	C3	48	41	687	114.500000	C3	48	80	
676	92.938802	Bb4	70	58	686	114.500000	Bb4	70	80	
677	93.139323	F3	53	46	688	114.750000	F3	53	80	
678	93.354167	G#4	68	60	689	115.000000	G#4	68	80	
679	93.541667	G4	67	72	690	115.250000	G4	67	80	
680	93.752604	G#4	68	75	691	115.500000	G#4	68	80	
681	93.947917	C5	72	71	693	115.750000	C5	72	80	
682	94.141927	F5	77	75	695	116.000000	F5	77	80	
683	94.339844	G#5	80	74	696	116.250000	G#5	80	80	
684	94.529948	C3	48	59	697	116.500000	C3	48	80	
685	94.734375	Eb3	51	70	698	116.750000	Eb3	51	80	
686	94.945312	D3	50	70	699	117.000000	D3	50	80	
687	95.152344	G#5	80	80	700	117.250000	G#5	80	80	
688	95.338542	G5	79	78	701	117.500000	G5	79	80	
689	95.544271	G#5	80	75	702	117.750000	G#5	80	80	
690	95.735677	F5	77	77	703	118.000000	F5	77	80	
691	95.938802	D5	74	72	704	118.250000	D5	74	80	
692	96.140625	Bb4	70	67	705	118.500000	Bb4	70	80	
693	96.330729	D4	62	43	706	118.750000	D4	62	80	
694	96.542969	Bb3	58	45	708	119.000000	Bb3	58	80	
695	96.544271	G#5	80	63	707	119.000000	G#5	80	80	
696	96.774740	Eb4	63	46	709	119.250000	Eb4	63	80	
697	96.977865	G5	79	67	710	119.500000	G5	79	80	
698	97.169271	F5	77	66	711	119.750000	F5	77	80	
699	97.360677	G5	79	62	712	120.000000	G5	79	80	
700	97.563802	Eb5	75	59	713	120.250000	Eb5	75	80	
701	97.768229	Bb4	70	59	714	120.500000	Bb4	70	80	
702	97.988281	G4	67	64	715	120.750000	G4	67	80	
703	98.162760	Bb4	70	66	716	121.000000	Bb4	70	80	
704	98.167969	G3	55	51	717	121.000000	G3	55	80	
705	98.369792	C#5	73	64	718	121.250000	C#5	73	80	
706	98.371094	Eb3	51	50	719	121.250000	Eb3	51	80	
707	98.582031	G#3	56	56	720	121.500000	G#3	56	80	
708	98.781250	C5	72	62	721	121.750000	C5	72	80	
709	98.783854	Eb3	51	49	722	121.750000	Eb3	51	80	
710	98.979167	C#3	49	52	724	122.000000	C#3	49	80	
711	98.990885	Bb4	70	66	723	122.000000	Bb4	70	80	
712	99.191406	C3	48	55	726	122.250000	C3	48	80	
713	99.197917	G#4	68	71	725	122.250000	G#4	68	80	
714	99.380208	G4	67	67	727	122.500000	G4	67	80	
715	99.389323	Bb2	46	55	728	122.500000	Bb2	46	80	
716	99.591146	F4	65	69	729	122.750000	F4	65	80	
717	99.597656	G#2	44	60	730	122.750000	G#2	44	80	
718	99.807292	G2	43	63	731	123.000000	G2	43	80	
719	100.001302	Eb4	63	72	732	123.250000	Eb4	63	80	
720	100.020833	C3	48	64	733	123.250000	C3	48	80	
721	100.209635	F#4	66	71	734	123.500000	F#4	66	80	
722	100.216146	Bb2	46	65	735	123.500000	Bb2	46	80	
723	100.417969	A2	45	64	736	123.750000	A2	45	80	
724	100.632812	Bb2	46	72	738	124.000000	Bb2	46	80	
725	100.654948	F4	65	67	737	124.000000	F4	65	80	
726	100.743490	A2	45	68	739	124.125000	A2	45	80	
727	100.825521	Eb4	63	62	740	124.250000	Eb4	63	80	
728	100.855469	G2	43	61	741	124.250000	G2	43	80	
729	100.944010	A2	45	58	742	124.375000	A2	45	80	
730	101.044271	D4	62	62	743	124.500000	D4	62	80	
731	101.052083	Bb2	46	60	744	124.500000	Bb2	46	80	
732	101.235677	C4	60	63	745	124.750000	C4	60	80	
733	101.438802	Bb3	58	63	746	125.000000	Bb3	58	80	
734	101.674479	G#3	56	64	747	125.250000	G#3	56	80	
735	101.880208	G3	55	61	748	125.500000	G3	55	80	
736	102.069010	F3	53	56	749	125.750000	F3	53	80	
737	102.279948	G3	55	58	750	126.000000	G3	55	80	
738	102.291667	Bb2	46	49	751	126.000000	Bb2	46	80	
739	102.486979	Eb4	63	62	752	126.250000	Eb4	63	80	
740	102.684896	D4	62	57	753	126.500000	D4	62	80	
741	102.897135	Eb4	63	64	754	126.750000	Eb4	63	80	
742	103.100260	Bb3	58	56	755	127.000000	Bb3	58	80	
743	103.277344	G#3	56	58	756	127.250000	G#3	56	80	
744	103.490885	G3	55	63	757	127.500000	G3	55	80	
745	103.692708	F3	53	64	758	127.750000	F3	53	80	
746	103.877604	Eb3	51	65	759	128.000000	Eb3	51	80	
747	104.095052	D3	50	62	760	128.250000	D3	50	80	
748	104.101562	Bb2	46	52	761	128.250000	Bb2	46	80	
749	104.305990	F4	65	65	762	128.500000	F4	65	80	
750	104.494792	Eb4	63	64	763	128.750000	Eb4	63	80	
751	104.707031	F4	65	70	764	129.000000	F4	65	80	
752	104.901042	D4	62	66	765	129.250000	D4	62	80	
753	105.095052	Bb3	58	70	766	129.500000	Bb3	58	80	
754	105.299479	G#3	56	68	767	129.750000	G#3	56	80	
755	105.501302	G3	55	67	768	130.000000	G3	55	80	
756	105.696615	F3	53	71	769	130.250000	F3	53	80	
757	105.904948	Eb3	51	70	770	130.500000	Eb3	51	80	
758	105.915365	Bb2	46	60	771	130.500000	Bb2	46	80	
759	106.114583	G4	67	76	772	130.750000	G4	67	80	
760	106.308594	F4	65	75	773	131.000000	F4	65	80	
761	106.507812	G4	67	80	774	131.250000	G4	67	80	
762	106.717448	Eb4	63	67	775	131.500000	Eb4	63	80	
763	106.895833	C4	60	76	776	131.750000	C4	60	80	
764	107.092448	Bb3	58	78	777	132.000000	Bb3	58	80	
765	107.296875	G#3	56	77	778	132.250000	G#3	56	80	
766	107.484375	G3	55	64	779	132.500000	G3	55	80	
767	107.699219	Bb2	46	59	781	132.750000	Bb2	46	80	
768	107.699219	D3	50	64	782	132.750000	D3	50	80	
769	107.701823	F3	53	55	780	132.750000	F3	53	80	
770	107.735677	E3	52	38	*	-1	*	-1	-1	
771	107.915365	G#4	68	82	783	133.000000	G#4	68	80	
772	108.109375	G4	67	83	784	133.250000	G4	67	80	
773	108.311198	G#4	68	90	785	133.500000	G#4	68	80	
774	108.500000	F4	65	79	786	133.750000	F4	65	80	
775	108.718750	D4	62	80	787	134.000000	D4	62	80	
776	108.940104	C4	60	82	788	134.250000	C4	60	80	
777	109.148438	Bb3	58	79	789	134.500000	Bb3	58	80	
778	109.348958	G#3	56	74	790	134.750000	G#3	56	80	
779	109.653646	G3	55	54	794	135.000000	G3	55	80	
780	109.664062	Bb4	70	81	791	135.000000	Bb4	70	80	
781	109.669271	G4	67	68	793	135.000000	G4	67	80	
782	109.673177	Eb4	63	61	792	135.000000	Eb4	63	80	
783	109.983073	Bb3	58	73	795	135.250000	Bb3	58	80	
784	110.164062	G#3	56	80	796	135.500000	G#3	56	80	
785	110.372396	Bb3	58	77	797	135.750000	Bb3	58	80	
786	110.572917	G3	55	78	798	136.000000	G3	55	80	
787	110.766927	Eb3	51	78	799	136.250000	Eb3	51	80	
788	110.968750	Bb2	46	70	800	136.500000	Bb2	46	80	
789	111.170573	G4	67	74	801	136.750000	G4	67	80	
790	111.351562	Eb5	75	80	803	137.000000	Eb5	75	80	
791	111.562500	Eb5	75	57	804	137.250000	Eb5	75	80	
792	111.576823	F4	65	59	805	137.250000	F4	65	80	
793	111.769531	Bb3	58	45	808	137.500000	Bb3	58	80	
794	111.795573	D5	74	56	807	137.500000	D5	74	80	
795	111.979167	A3	57	62	810	137.750000	A3	57	80	
796	112.187500	Bb3	58	70	811	138.000000	Bb3	58	80	
797	112.393229	F3	53	61	812	138.250000	F3	53	80	
798	112.587240	D3	50	58	813	138.500000	D3	50	80	
799	112.812500	Bb2	46	50	814	138.750000	Bb2	46	80	
800	113.048177	F4	65	47	815	139.000000	F4	65	80	
801	113.242188	G4	67	51	816	139.250000	G4	67	80	
802	113.445312	G#4	68	62	817	139.500000	G#4	68	80	
803	113.651042	C4	60	58	818	139.750000	C4	60	80	
804	113.845052	G3	55	56	820	140.000000	G3	55	80	
805	113.845052	Eb4	63	56	819	140.000000	Eb4	63	80	
806	114.048177	F3	53	60	822	140.250000	F3	53	80	
807	114.058594	D4	62	60	821	140.250000	D4	62	80	
808	114.246094	F4	65	53	823	140.500000	F4	65	80	
809	114.427083	Eb3	51	64	825	140.750000	Eb3	51	80	
810	114.438802	Bb4	70	59	824	140.750000	Bb4	70	80	
811	114.626302	D3	50	66	827	141.000000	D3	50	80	
812	114.657552	Bb3	58	65	826	141.000000	Bb3	58	80	
813	114.854167	F4	65	58	828	141.250000	F4	65	80	
814	115.041667	Bb2	46	57	830	141.500000	Bb2	46	80	
815	115.046875	G#4	68	64	829	141.500000	G#4	68	80	
816	115.239583	Eb2	39	61	832	141.750000	Eb2	39	80	
817	115.255208	G4	67	64	831	141.750000	G4	67	80	
818	115.455729	Bb3	58	66	833	142.000000	Bb3	58	80	
819	115.644531	F3	53	69	835	142.250000	F3	53	80	
820	115.658854	C#4	61	66	834	142.250000	C#4	61	80	
821	115.847656	Eb3	51	77	837	142.500000	Eb3	51	80	
822	115.867188	C4	60	69	836	142.500000	C4	60	80	
823	116.063802	Eb4	63	66	838	142.750000	Eb4	63	80	
824	116.235677	C#3	49	73	840	143.000000	C#3	49	80	
825	116.246094	G#4	68	70	839	143.000000	G#4	68	80	
826	116.442708	C3	48	73	842	143.250000	C3	48	80	
827	116.453125	G#3	56	70	841	143.250000	G#3	56	80	
828	116.652344	Eb4	63	69	843	143.500000	Eb4	63	80	
829	116.843750	G#2	44	79	845	143.750000	G#2	44	80	
830	116.850260	G4	67	70	844	143.750000	G4	67	80	
831	117.050781	D2	38	71	847	144.000000	D2	38	80	
832	117.062500	F4	65	70	846	144.000000	F4	65	80	
833	117.260417	G#3	56	71	848	144.250000	G#3	56	80	
834	117.451823	C4	60	70	849	144.500000	C4	60	80	
835	117.455729	Eb3	51	81	850	144.500000	Eb3	51	80	
836	117.658854	D3	50	77	852	144.750000	D3	50	80	
837	117.662760	Bb3	58	74	851	144.750000	Bb3	58	80	
838	117.867188	D4	62	70	853	145.000000	D4	62	80	
839	118.036458	C3	48	79	855	145.250000	C3	48	80	
840	118.050781	G4	67	71	854	145.250000	G4	67	80	
841	118.233073	Bb2	46	86	857	145.500000	Bb2	46	80	
842	118.250000	G3	55	74	856	145.500000	G3	55	80	
843	118.447917	D4	62	73	858	145.750000	D4	62	80	
844	118.618490	G2	43	80	860	146.000000	G2	43	80	
845	118.628906	F4	65	71	859	146.000000	F4	65	80	
846	118.841146	C2	36	83	862	146.250000	C2	36	80	
847	118.850260	Eb4	63	74	861	146.250000	Eb4	63	80	
848	119.061198	G3	55	78	863	146.500000	G3	55	80	
849	119.247396	C#3	49	83	865	146.750000	C#3	49	80	
850	119.255208	Bb3	58	72	864	146.750000	Bb3	58	80	
851	119.460938	C3	48	79	867	147.000000	C3	48	80	
852	119.480469	G#3	56	78	866	147.000000	G#3	56	80	
853	119.696615	C4	60	75	868	147.250000	C4	60	80	
854	119.901042	F4	65	71	869	147.500000	F4	65	80	
855	119.920573	Bb2	46	77	870	147.500000	Bb2	46	80	
856	120.138021	G#2	44	73	872	147.750000	G#2	44	80	
857	120.145833	F3	53	68	871	147.750000	F3	53	80	
858	120.386719	C4	60	66	873	148.000000	C4	60	80	
859	120.703125	Eb4	63	57	874	148.250000	Eb4	63	80	
860	120.714844	G2	43	53	875	148.250000	G2	43	80	
861	121.273438	F3	53	44	878	148.500000	F3	53	80	
862	121.282552	D4	62	52	877	148.500000	D4	62	80	
863	121.285156	G#2	44	36	879	148.500000	G#2	44	80	
864	121.287760	Bb3	58	50	876	148.500000	Bb3	58	80	
865	123.143229	G#5	80	81	881	149.750000	G#5	80	80	
866	123.145833	D3	50	71	883	149.750000	D3	50	80	
867	123.152344	F5	77	73	880	149.750000	F5	77	80	
868	123.158854	Bb4	70	76	882	149.750000	Bb4	70	80	
869	123.679688	Eb3	51	67	887	150.000000	Eb3	51	80	
870	123.680990	G5	79	84	885	150.000000	G5	79	80	
871	123.695312	Eb5	75	71	884	150.000000	Eb5	75	80	
872	123.697917	Bb4	70	73	886	150.000000	Bb4	70	80	
873	124.089844	F3	53	69	888	150.250000	F3	53	80	
874	124.180990	G3	55	74	889	150.375000	G3	55	80	
875	124.277344	G#3	56	74	890	150.500000	G#3	56	80	
876	124.354167	Bb3	58	82	891	150.625000	Bb3	58	80	
877	124.453125	C4	60	71	892	150.750000	C4	60	80	
878	124.518229	D4	62	76	893	150.875000	D4	62	80	
879	124.595052	Eb4	63	86	894	151.000000	Eb4	63	80	
880	124.897135	F5	77	86	896	151.250000	F5	77	80	
881	124.902344	G#3	56	79	898	151.250000	G#3	56	80	
882	124.907552	G#4	68	87	897	151.250000	G#4	68	80	
883	124.911458	C5	72	75	895	151.250000	C5	72	80	
884	125.282552	Bb3	58	67	902	151.500000	Bb3	58	80	
885	125.282552	Eb5	75	84	899	151.500000	Eb5	75	80	
886	125.294271	G4	67	73	900	151.500000	G4	67	80	
887	125.294271	Bb4	70	71	901	151.500000	Bb4	70	80	
888	125.832031	Bb2	46	51	905	152.250000	Bb2	46	80	
889	125.967448	F4	65	62	904	152.250000	F4	65	80	
890	126.055990	Bb4	70	63	*	-1	*	-1	-1	
891	126.214844	Eb5	75	69	903	152.250000	D5	74	80	
892	126.484375	D5	74	63	*	-1	*	-1	-1	
893	126.596354	Eb5	75	72	906	152.312500	Eb5	75	80	
894	126.695312	D5	74	64	*	-1	*	-1	-1	
895	126.787760	Eb5	75	69	*	-1	*	-1	-1	
896	126.854167	D5	74	49	*	-1	*	-1	-1	
897	126.914062	Eb5	75	54	*	-1	*	-1	-1	
898	127.000000	D5	74	65	*	-1	*	-1	-1	
899	127.688802	Eb5	75	50	908	152.750000	Eb5	75	80	
900	128.838542	Eb3	51	43	910	153.000000	Eb3	51	80	
901	128.848958	Eb5	75	47	909	153.000000	Eb5	75	80	
902	128.858073	G4	67	42	*	-1	*	-1	-1	
903	129.067708	Bb4	70	53	911	153.250000	Bb4	70	80	
904	129.263021	G#4	68	55	912	153.500000	G#4	68	80	
905	129.438802	Bb4	70	61	913	153.750000	Bb4	70	80	
906	129.653646	G4	67	50	914	154.000000	G4	67	80	
907	129.850260	F4	65	55	915	154.250000	F4	65	80	
908	130.042969	G4	67	58	916	154.500000	G4	67	80	
909	130.236979	Eb4	63	58	917	154.750000	Eb4	63	80	
910	130.430990	D4	62	53	918	155.000000	D4	62	80	
911	130.648438	Eb4	63	65	919	155.250000	Eb4	63	80	
912	130.838542	Bb3	58	56	920	155.500000	Bb3	58	80	
913	131.045573	G#3	56	56	921	155.750000	G#3	56	80	
914	131.235677	Bb3	58	58	922	156.000000	Bb3	58	80	
915	131.421875	G3	55	56	923	156.250000	G3	55	80	
916	131.657552	F3	53	50	924	156.500000	F3	53	80	
917	131.858073	G3	55	51	925	156.750000	G3	55	80	
918	132.072917	Eb3	51	45	926	157.000000	Eb3	51	80	
919	132.300781	D3	50	50	927	157.250000	D3	50	80	
920	132.657552	Eb3	51	59	*	-1	*	-1	-1	
921	132.747396	D3	50	43	*	-1	*	-1	-1	
922	132.821615	Eb3	51	56	928	157.500000	Eb3	51	80	
923	133.511719	Eb2	39	43	929	158.250000	Eb2	39	80	
*	-1	*	-1	-1	9	1.750000	G4	67	80	
*	-1	*	-1	-1	13	2.250000	Eb5	75	80	
*	-1	*	-1	-1	16	2.750000	D5	74	80	
*	-1	*	-1	-1	29	5.250000	D4	62	80	
*	-1	*	-1	-1	34	6.000000	Bb3	58	80	
*	-1	*	-1	-1	41	6.750000	G#4	68	80	
*	-1	*	-1	-1	44	7.250000	G4	67	80	
*	-1	*	-1	-1	59	10.250000	Eb2	39	80	
*	-1	*	-1	-1	148	22.000000	A4	69	80	
*	-1	*	-1	-1	159	24.000000	C4	60	80	
*	-1	*	-1	-1	367	57.000000	F4	65	80	
*	-1	*	-1	-1	369	57.250000	Bb4	70	80	
*	-1	*	-1	-1	387	61.500000	Eb4	63	80	
*	-1	*	-1	-1	389	61.750000	G#4	68	80	
*	-1	*	-1	-1	692	115.500000	G#4	68	80	
*	-1	*	-1	-1	694	115.750000	C5	72	80	
*	-1	*	-1	-1	802	136.750000	G4	67	80	
*	-1	*	-1	-1	806	137.250000	Eb5	75	80	
*	-1	*	-1	-1	809	137.750000	D5	74	80	
*	-1	*	-1	-1	907	152.375000	D5	74	80	
