// alignID alignOntime alignSitch alignPitch alignOnvel refID refOntime refSitch refPitch refOnvel
0	0.500000	C#5	73	43	0	0.250000	C#5	73	80	
1	1.037500	F#5	78	51	1	0.500000	F#5	78	80	
2	1.600000	F5	77	56	2	0.750000	F5	77	80	
3	2.163542	F#5	78	55	3	1.000000	F#5	78	80	
4	2.697917	F5	77	56	4	1.250000	F5	77	80	
5	2.964583	Eb5	75	55	5	1.375000	Eb5	75	80	
6	3.217708	C#5	73	58	7	1.500000	C#5	73	80	
7	3.484375	Eb5	75	58	13	1.687500	Eb5	75	80	
8	3.620833	C#5	73	61	14	1.734375	C#5	73	80	
9	3.743750	Eb5	75	54	15	1.781250	Eb5	75	80	
10	3.868750	C#5	73	63	16	1.828125	C#5	73	80	
11	3.989583	B4	71	55	17	1.875000	B4	71	80	
12	4.109375	C#5	73	57	18	1.937500	C#5	73	80	
13	4.296875	Eb5	75	55	19	2.000000	Eb5	75	80	
14	5.933333	C#5	73	61	20	2.750000	C#5	73	80	
15	6.491667	B4	71	63	21	3.000000	B4	71	80	
16	7.065625	Bb4	70	63	22	3.250000	Bb4	70	80	
17	7.630208	G#4	68	59	23	3.500000	G#4	68	80	
18	8.212500	C#5	73	50	24	3.750000	C#5	73	80	
19	8.791667	Bb4	70	41	25	4.000000	Bb4	70	80	
20	9.335417	F#4	66	53	26	4.250000	F#4	66	80	
21	9.581250	F#5	78	48	28	4.375000	F#5	78	80	
22	9.836458	C#5	73	58	30	4.500000	C#5	73	80	
23	9.852083	F5	77	54	29	4.500000	F5	77	80	
24	10.084375	F#5	78	58	31	4.625000	F#5	78	80	
25	10.354167	G#5	80	46	32	4.750000	G#5	80	80	
26	10.355208	C5	72	60	33	4.750000	C5	72	80	
27	10.602083	Eb5	75	50	34	4.875000	Eb5	75	80	
28	10.867708	C#5	73	54	36	5.000000	C#5	73	80	
29	10.871875	F5	77	56	35	5.000000	F5	77	80	
30	11.114583	F#5	78	58	37	5.125000	F#5	78	80	
31	11.372917	C5	72	54	39	5.250000	C5	72	80	
32	11.395833	G#5	80	47	38	5.250000	G#5	80	80	
33	11.621875	Bb4	70	58	40	5.375000	Bb4	70	80	
34	11.868750	G#4	68	60	41	5.500000	G#4	68	80	
35	12.136458	Bb4	70	49	44	5.561458	Bb4	70	80	
36	12.141667	F#5	78	55	47	5.625000	F#5	78	80	
37	12.273958	G#4	68	65	49	5.687500	Bb4	70	80	
38	12.385417	F5	77	58	51	5.750000	F5	77	80	
39	12.403125	Bb4	70	58	52	5.781250	Bb4	70	80	
40	12.492708	G#4	68	62	53	5.828125	G#4	68	80	
41	12.622917	F#4	66	54	55	5.875000	F#4	66	80	
42	12.632292	Eb5	75	56	54	5.875000	Eb5	75	80	
43	12.747917	G#4	68	48	56	5.937500	G#4	68	80	
44	12.881250	Bb4	70	50	58	6.000000	Bb4	70	80	
45	12.881250	C#5	73	59	57	6.000000	C#5	73	80	
46	13.151042	Eb5	75	56	59	6.125000	Eb5	75	80	
47	13.395833	F5	77	61	60	6.250000	F5	77	80	
48	13.629167	C5	72	61	61	6.375000	C5	72	80	
49	13.894792	C#5	73	61	62	6.500000	C#5	73	80	
50	14.138542	Eb5	75	61	63	6.625000	Eb5	75	80	
51	14.361458	G#4	68	67	65	6.750000	G#4	68	80	
52	14.390625	F5	77	53	64	6.750000	F5	77	80	
53	14.621875	C#5	73	62	66	6.875000	C#5	73	80	
54	14.913542	Bb4	70	59	67	7.000000	Bb4	70	80	
55	14.916667	F#4	66	58	68	7.000000	F#4	66	80	
56	15.156250	C5	72	63	69	7.125000	C5	72	80	
57	15.451042	C#5	73	54	70	7.250000	C#5	73	80	
58	15.455208	F4	65	50	71	7.250000	F4	65	80	
59	15.995833	Eb4	63	49	72	7.500000	Eb4	63	80	
60	16.554167	C5	72	51	73	7.750000	C5	72	80	
61	16.562500	G#4	68	50	74	7.750000	G#4	68	80	
62	17.126042	F4	65	38	76	8.000000	F4	65	80	
63	17.159375	C#5	73	36	75	8.000000	C#5	73	80	
64	17.626042	C#3	49	57	78	8.250000	C#3	49	80	
65	17.647917	C#4	61	47	77	8.250000	C#4	61	80	
66	17.885417	B4	71	56	79	8.375000	B4	71	80	
67	18.143750	F#3	54	62	81	8.500000	F#3	54	80	
68	18.167708	Bb4	70	56	80	8.500000	Bb4	70	80	
69	18.393750	B4	71	60	82	8.625000	B4	71	80	
70	18.670833	F3	53	67	84	8.750000	F3	53	80	
71	18.683333	C#5	73	61	83	8.750000	C#5	73	80	
72	19.186458	F#3	54	61	87	9.000000	F#3	54	80	
73	19.193750	Bb4	70	55	86	9.000000	Bb4	70	80	
74	19.443750	B4	71	65	88	9.125000	B4	71	80	
75	19.704167	F3	53	58	91	9.250000	F3	53	80	
76	19.709375	C#5	73	64	89	9.250000	C#5	73	80	
77	19.946875	Eb5	75	65	92	9.375000	Eb5	75	80	
78	19.958333	Eb3	51	64	93	9.375000	Eb3	51	80	
79	20.203125	F5	77	71	94	9.500000	F5	77	80	
80	20.208333	C#3	49	58	95	9.500000	C#3	49	80	
81	20.468750	B4	71	66	101	9.625000	B4	71	80	
82	20.483333	Eb3	51	59	98	9.561458	Eb3	51	80	
83	20.615625	C#3	49	63	103	9.687500	Eb3	51	80	
84	20.696875	Bb4	70	67	105	9.750000	Bb4	70	80	
85	20.743750	Eb3	51	56	106	9.781250	Eb3	51	80	
86	20.830208	C#3	49	59	107	9.828125	C#3	49	80	
87	20.948958	G#4	68	60	108	9.875000	G#4	68	80	
88	20.956250	B2	47	58	109	9.875000	B2	47	80	
89	21.089583	C#3	49	54	110	9.937500	C#3	49	80	
90	21.207292	Eb3	51	63	113	10.000000	Eb3	51	80	
91	21.212500	F#5	78	66	111	10.000000	F#5	78	80	
92	21.218750	F#4	66	57	112	10.000000	F#4	66	80	
93	21.458333	G#4	68	64	114	10.125000	G#4	68	80	
94	21.720833	Bb4	70	64	115	10.250000	Bb4	70	80	
95	21.965625	F4	65	59	116	10.375000	F4	65	80	
96	22.231250	F#4	66	60	117	10.500000	F#4	66	80	
97	22.465625	G#4	68	64	118	10.625000	G#4	68	80	
98	22.732292	C#3	49	62	121	10.750000	C#3	49	80	
99	22.741667	Bb4	70	68	119	10.750000	Bb4	70	80	
100	22.978125	F#4	66	63	122	10.875000	F#4	66	80	
101	23.245833	G#4	68	70	123	11.000000	G#4	68	80	
102	23.261458	B2	47	55	125	11.000000	B2	47	80	
103	23.270833	Eb4	63	51	124	11.000000	Eb4	63	80	
104	23.498958	F4	65	56	126	11.125000	F4	65	80	
105	23.784375	Bb4	70	58	127	11.250000	Bb4	70	80	
106	23.791667	Bb2	46	50	129	11.250000	Bb2	46	80	
107	23.801042	F#4	66	46	128	11.250000	F#4	66	80	
108	24.337500	G#2	44	43	131	11.500000	G#2	44	80	
109	24.343750	B4	71	51	130	11.500000	B4	71	80	
110	24.876042	Bb4	70	49	132	11.750000	Bb4	70	80	
111	24.887500	C#3	49	39	134	11.750000	C#3	49	80	
112	24.901042	F4	65	33	133	11.750000	F4	65	80	
113	25.128125	G#4	68	49	135	11.875000	G#4	68	80	
114	25.396875	F#2	42	32	138	12.000000	F#2	42	80	
115	25.396875	F#4	66	43	137	12.000000	F#4	66	80	
116	25.398958	Bb4	70	51	136	12.000000	Bb4	70	80	
117	25.625000	C#5	73	54	139	12.125000	C#5	73	80	
118	25.912500	F#3	54	42	141	12.250000	F#3	54	80	
119	25.917708	C#5	73	63	140	12.250000	C#5	73	80	
120	26.152083	Bb4	70	53	142	12.375000	Bb4	70	80	
121	26.410417	F3	53	47	144	12.500000	F3	53	80	
122	26.434375	G#4	68	59	143	12.500000	G#4	68	80	
123	26.657292	C#5	73	59	145	12.625000	C#5	73	80	
124	26.923958	C#5	73	61	146	12.750000	C#5	73	80	
125	26.936458	C#3	49	36	148	12.750000	C#3	49	80	
126	26.961458	F4	65	34	147	12.750000	F4	65	80	
127	27.157292	G#4	68	55	149	12.875000	G#4	68	80	
128	27.422917	Bb4	70	60	150	13.000000	Bb4	70	80	
129	27.436458	F#4	66	49	151	13.000000	F#4	66	80	
130	27.443750	F#3	54	43	152	13.000000	F#3	54	80	
131	27.684375	Bb3	58	46	153	13.125000	Bb3	58	80	
132	27.925000	Bb3	58	44	155	13.250000	Bb3	58	80	
133	27.925000	C#5	73	76	154	13.250000	C#5	73	80	
134	28.164583	F#3	54	53	156	13.375000	F#3	54	80	
135	28.425000	F#5	78	80	157	13.500000	F#5	78	80	
136	28.434375	Eb3	51	55	158	13.500000	Eb3	51	80	
137	28.662500	F#3	54	52	159	13.625000	F#3	54	80	
138	28.915625	F#3	54	47	161	13.750000	F#3	54	80	
139	28.943750	Bb4	70	57	160	13.750000	Bb4	70	80	
140	29.165625	Eb3	51	54	162	13.875000	Eb3	51	80	
141	29.408333	Eb5	75	60	163	14.000000	Eb5	75	80	
142	29.414583	C3	48	42	164	14.000000	C3	48	80	
143	29.633333	G#4	68	58	165	14.125000	G#4	68	80	
144	29.894792	F5	77	72	166	14.250000	F5	77	80	
145	29.918750	C#3	49	43	168	14.250000	C#3	49	80	
146	29.925000	G#4	68	46	167	14.250000	G#4	68	80	
147	30.117708	C#5	73	61	169	14.375000	C#5	73	80	
148	30.411458	F#3	54	46	171	14.500000	F#3	54	80	
149	30.411458	Bb4	70	59	170	14.500000	Bb4	70	80	
150	30.650000	F#4	66	54	172	14.625000	F#4	66	80	
151	30.911458	Eb5	75	64	173	14.750000	Eb5	75	80	
152	30.928125	F#4	66	57	174	14.750000	F#4	66	80	
153	31.146875	C#5	73	71	175	14.875000	C#5	73	80	
154	31.190625	Bb4	70	45	176	14.875000	Bb4	70	80	
155	31.417708	C5	72	68	177	15.000000	C5	72	80	
156	31.448958	G#4	68	53	178	15.000000	G#4	68	80	
157	31.652083	G#3	56	56	179	15.125000	G#3	56	80	
158	31.895833	Eb5	75	74	180	15.250000	Eb5	75	80	
159	31.922917	C4	60	55	181	15.250000	C4	60	80	
160	32.154167	G#3	56	57	182	15.375000	G#3	56	80	
161	32.393750	G#5	80	81	183	15.500000	G#5	80	80	
162	32.423958	F3	53	52	184	15.500000	F3	53	80	
163	32.664583	G#3	56	50	185	15.625000	G#3	56	80	
164	32.901042	C5	72	75	186	15.750000	C5	72	80	
165	32.923958	G#3	56	49	187	15.750000	G#3	56	80	
166	33.150000	F3	53	57	188	15.875000	F3	53	80	
167	33.409375	D3	50	48	190	16.000000	D3	50	80	
168	33.411458	Bb4	70	63	189	16.000000	Bb4	70	80	
169	33.656250	Bb3	58	52	191	16.125000	Bb3	58	80	
170	33.919792	Bb3	58	45	193	16.250000	Bb3	58	80	
171	33.925000	F#5	78	69	192	16.250000	F#5	78	80	
172	34.140625	F5	77	73	194	16.375000	F5	77	80	
173	34.175000	F#3	54	49	195	16.375000	F#3	54	80	
174	34.417708	Eb3	51	53	197	16.500000	Eb3	51	80	
175	34.422917	F#5	78	72	196	16.500000	F#5	78	80	
176	34.668750	F#3	54	53	198	16.625000	F#3	54	80	
177	34.920833	F#3	54	44	200	16.750000	F#3	54	80	
178	34.930208	Bb4	70	61	199	16.750000	Bb4	70	80	
179	35.153125	Eb3	51	62	201	16.875000	Eb3	51	80	
180	35.405208	C3	48	47	203	17.000000	C3	48	80	
181	35.417708	G#4	68	61	202	17.000000	G#4	68	80	
182	35.641667	G#3	56	52	204	17.125000	G#3	56	80	
183	35.898958	G#3	56	53	206	17.250000	G#3	56	80	
184	35.905208	F5	77	70	205	17.250000	F5	77	80	
185	36.129167	Eb5	75	61	207	17.375000	Eb5	75	80	
186	36.139583	F3	53	52	208	17.375000	F3	53	80	
187	36.389583	C#3	49	46	210	17.500000	C#3	49	80	
188	36.398958	F5	77	68	209	17.500000	F5	77	80	
189	36.621875	F3	53	58	211	17.625000	F3	53	80	
190	36.877083	F3	53	45	213	17.750000	F3	53	80	
191	36.890625	G#4	68	64	212	17.750000	G#4	68	80	
192	37.107292	C#3	49	55	214	17.875000	C#3	49	80	
193	37.368750	F#4	66	64	215	18.000000	F#4	66	80	
194	37.373958	Bb2	46	42	216	18.000000	Bb2	46	80	
195	37.592708	C#3	49	51	217	18.125000	C#3	49	80	
196	37.840625	F5	77	76	218	18.250000	F5	77	80	
197	37.847917	C#3	49	51	219	18.250000	C#3	49	80	
198	38.086458	Bb2	46	51	220	18.375000	Bb2	46	80	
199	38.362500	F#2	42	50	222	18.500000	F#2	42	80	
200	38.376042	Eb5	75	67	221	18.500000	Eb5	75	80	
201	38.612500	G#4	68	62	223	18.625000	G#4	68	80	
202	38.852083	F#3	54	57	226	18.750000	F#3	54	80	
203	38.865625	C#5	73	67	224	18.750000	C#5	73	80	
204	38.888542	Bb4	70	46	225	18.750000	Bb4	70	80	
205	39.094792	F#4	66	54	227	18.875000	F#4	66	80	
206	39.358333	C5	72	67	228	19.000000	C5	72	80	
207	39.376042	Eb4	63	51	229	19.000000	Eb4	63	80	
208	39.610417	F#3	54	52	230	19.125000	F#3	54	80	
209	39.881250	G#4	68	64	231	19.250000	G#4	68	80	
210	39.884375	F3	53	54	232	19.250000	F3	53	80	
211	40.113542	Eb3	51	50	233	19.375000	Eb3	51	80	
212	40.368750	C#5	73	61	234	19.500000	C#5	73	80	
213	40.376042	C#3	49	39	235	19.500000	C#3	49	80	
214	40.621875	Eb3	51	44	236	19.625000	Eb3	51	80	
215	40.862500	G#4	68	58	237	19.750000	G#4	68	80	
216	40.877083	F3	53	48	238	19.750000	F3	53	80	
217	41.094792	C#3	49	51	239	19.875000	C#3	49	80	
218	41.348958	Bb2	46	39	241	20.000000	Bb2	46	80	
219	41.362500	F#4	66	51	240	20.000000	F#4	66	80	
220	41.588542	C3	48	46	242	20.125000	C3	48	80	
221	41.834375	C#3	49	41	244	20.250000	C#3	49	80	
222	41.834375	F4	65	53	243	20.250000	F4	65	80	
223	42.057292	Bb2	46	45	245	20.375000	Bb2	46	80	
224	42.331250	F#2	42	38	247	20.500000	F#2	42	80	
225	42.343750	Eb4	63	51	246	20.500000	Eb4	63	80	
226	42.590625	C#5	73	55	248	20.625000	C#5	73	80	
227	42.853125	G#2	44	42	250	20.750000	G#2	44	80	
228	42.855208	Eb4	63	46	249	20.750000	Eb4	63	80	
229	43.083333	C5	72	52	251	20.875000	C5	72	80	
230	43.373958	C#5	73	54	252	21.000000	C#5	73	80	
231	43.393750	C#2	37	29	254	21.000000	C#2	37	80	
232	43.419792	F4	65	34	253	21.000000	F4	65	80	
233	43.646875	G#4	68	47	255	21.125000	G#4	68	80	
234	43.884375	C#5	73	65	256	21.250000	C#5	73	80	
235	44.136458	B4	71	55	258	21.375000	B4	71	80	
236	44.385417	F#5	78	65	259	21.500000	F#5	78	80	
237	44.417708	Bb4	70	50	260	21.500000	Bb4	70	80	
238	44.641667	B4	71	48	261	21.625000	B4	71	80	
239	44.897917	F5	77	61	262	21.750000	F5	77	80	
240	44.907292	C#5	73	48	263	21.750000	C#5	73	80	
241	45.148958	G#4	68	54	264	21.875000	G#4	68	80	
242	45.397917	F#5	78	59	265	22.000000	F#5	78	80	
243	45.431250	Bb4	70	48	266	22.000000	Bb4	70	80	
244	45.660417	B4	71	45	267	22.125000	B4	71	80	
245	45.889583	F5	77	66	268	22.250000	F5	77	80	
246	45.903125	F#3	54	39	270	22.250000	F#3	54	80	
247	45.929167	C#5	73	46	269	22.250000	C#5	73	80	
248	46.133333	Eb5	75	63	271	22.375000	Eb5	75	80	
249	46.141667	G#3	56	46	272	22.375000	G#3	56	80	
250	46.406250	C#5	73	68	273	22.500000	C#5	73	80	
251	46.423958	Bb3	58	49	274	22.500000	Bb3	58	80	
252	46.639583	F#3	54	55	276	22.625000	F#3	54	80	
253	46.650000	B4	71	52	275	22.625000	B4	71	80	
254	46.915625	F#3	54	46	278	22.750000	F#3	54	80	
255	46.915625	Bb4	70	49	277	22.750000	Bb4	70	80	
256	47.139583	G#4	68	53	279	22.875000	G#4	68	80	
257	47.144792	Bb3	58	48	280	22.875000	Bb3	58	80	
258	47.403125	Eb5	75	60	281	23.000000	Eb5	75	80	
259	47.425000	F#4	66	51	282	23.000000	F#4	66	80	
260	47.432292	B3	59	50	283	23.000000	B3	59	80	
261	47.654167	F#3	54	47	285	23.125000	F#3	54	80	
262	47.661458	G#4	68	57	284	23.125000	G#4	68	80	
263	47.907292	Bb4	70	53	286	23.250000	Bb4	70	80	
264	47.927083	F#3	54	46	287	23.250000	F#3	54	80	
265	48.142708	B3	59	55	289	23.375000	B3	59	80	
266	48.156250	F4	65	51	288	23.375000	F4	65	80	
267	48.414583	F#4	66	58	290	23.500000	F#4	66	80	
268	48.422917	C#4	61	54	291	23.500000	C#4	61	80	
269	48.642708	F#3	54	49	293	23.625000	F#3	54	80	
270	48.662500	G#4	68	59	292	23.625000	G#4	68	80	
271	48.898958	C#5	73	69	294	23.750000	C#5	73	80	
272	48.918750	Bb4	70	57	295	23.750000	Bb4	70	80	
273	48.928125	F#3	54	52	296	23.750000	F#3	54	80	
274	49.161458	C#4	61	47	298	23.875000	C#4	61	80	
275	49.161458	F4	65	48	297	23.875000	F4	65	80	
276	49.414583	B4	71	73	299	24.000000	B4	71	80	
277	49.442708	Eb4	63	53	301	24.000000	Eb4	63	80	
278	49.446875	F#4	66	50	300	24.000000	F#4	66	80	
279	49.658333	F#3	54	52	302	24.125000	F#3	54	80	
280	49.929167	Bb4	70	65	303	24.250000	Bb4	70	80	
281	49.944792	F#3	54	55	304	24.250000	F#3	54	80	
282	50.168750	Eb4	63	56	305	24.375000	Eb4	63	80	
283	50.435417	F4	65	49	308	24.500000	F4	65	80	
284	50.435417	G#4	68	63	306	24.500000	G#4	68	80	
285	50.678125	F#3	54	53	309	24.625000	F#3	54	80	
286	50.925000	F#3	54	49	311	24.750000	F#3	54	80	
287	50.951042	C#5	73	57	310	24.750000	C#5	73	80	
288	51.195833	F4	65	44	312	24.875000	F4	65	80	
289	51.453125	Bb4	70	52	313	25.000000	Bb4	70	80	
290	51.457292	F#4	66	43	314	25.000000	F#4	66	80	
291	51.701042	F4	65	42	315	25.125000	F4	65	80	
292	51.958333	Bb4	70	53	316	25.250000	Bb4	70	80	
293	51.960417	Eb4	63	47	318	25.250000	Eb4	63	80	
294	51.984375	F#4	66	40	317	25.250000	F#4	66	80	
295	52.210417	C#4	61	41	319	25.375000	C#4	61	80	
296	52.469792	Eb5	75	52	320	25.500000	Eb5	75	80	
297	52.486458	B3	59	44	321	25.500000	B3	59	80	
298	52.716667	G#4	68	57	322	25.625000	G#4	68	80	
299	52.984375	G#4	68	53	324	25.750000	G#4	68	80	
300	52.994792	D5	74	62	323	25.750000	D5	74	80	
301	53.219792	B3	59	56	325	25.875000	B3	59	80	
302	53.483333	Eb5	75	60	326	26.000000	Eb5	75	80	
303	53.487500	Bb3	58	48	327	26.000000	Bb3	58	80	
304	53.726042	F#4	66	53	328	26.125000	F#4	66	80	
305	53.996875	F#4	66	55	330	26.250000	F#4	66	80	
306	53.996875	Bb4	70	61	329	26.250000	Bb4	70	80	
307	54.222917	Bb3	58	54	331	26.375000	Bb3	58	80	
308	54.484375	G#3	56	52	333	26.500000	G#3	56	80	
309	54.495833	Eb5	75	60	332	26.500000	Eb5	75	80	
310	54.735417	F4	65	56	334	26.625000	F4	65	80	
311	54.975000	F5	77	71	335	26.750000	F5	77	80	
312	54.988542	F4	65	56	337	26.750000	F4	65	80	
313	55.007292	D5	74	52	336	26.750000	D5	74	80	
314	55.227083	G#3	56	56	338	26.875000	G#3	56	80	
315	55.475000	F#5	78	69	339	27.000000	F#5	78	80	
316	55.492708	Eb5	75	53	340	27.000000	Eb5	75	80	
317	55.497917	F#3	54	52	341	27.000000	F#3	54	80	
318	55.719792	G#3	56	51	342	27.125000	G#3	56	80	
319	55.975000	G#5	80	68	343	27.250000	G#5	80	80	
320	56.003125	F#3	54	53	345	27.250000	F#3	54	80	
321	56.003125	F5	77	61	344	27.250000	F5	77	80	
322	56.239583	F3	53	58	346	27.375000	F3	53	80	
323	56.479167	Bb5	82	73	347	27.500000	Bb5	82	80	
324	56.496875	F#5	78	63	348	27.500000	F#5	78	80	
325	56.507292	Eb3	51	60	349	27.500000	Eb3	51	80	
326	56.742708	F3	53	59	350	27.625000	F3	53	80	
327	56.968750	F#5	78	75	351	27.750000	F#5	78	80	
328	56.992708	F#3	54	54	353	27.750000	F#3	54	80	
329	57.003125	Eb5	75	62	352	27.750000	Eb5	75	80	
330	57.218750	Eb3	51	58	354	27.875000	Eb3	51	80	
331	57.506250	Eb5	75	64	355	28.000000	Eb5	75	80	
332	57.538542	G#3	56	45	357	28.000000	G#3	56	80	
333	57.550000	C5	72	46	356	28.000000	C5	72	80	
334	57.757292	Bb3	58	55	358	28.125000	Bb3	58	80	
335	58.001042	G#4	68	78	359	28.250000	F#4	66	80	
336	58.037500	G#3	56	54	360	28.250000	G#3	56	80	
337	58.268750	F#3	54	62	361	28.375000	F#3	54	80	
338	58.520833	C#5	73	82	362	28.500000	C#5	73	80	
339	58.522917	F3	53	51	363	28.500000	F3	53	80	
340	58.763542	F#3	54	59	364	28.625000	F#3	54	80	
341	59.029167	C5	72	82	366	28.750000	C5	72	80	
342	59.048958	G#3	56	52	367	28.750000	G#3	56	80	
343	59.065625	G#5	80	59	365	28.750000	G#5	80	80	
344	59.278125	F3	53	54	368	28.875000	F3	53	80	
345	59.541667	C#5	73	76	370	29.000000	C#5	73	80	
346	59.555208	Bb3	58	50	371	29.000000	Bb3	58	80	
347	59.603125	F5	77	64	369	29.000000	F5	77	80	
348	59.797917	C4	60	53	372	29.125000	C4	60	80	
349	60.050000	C5	72	69	373	29.250000	C5	72	80	
350	60.059375	C#4	61	49	374	29.250000	C#4	61	80	
351	60.297917	Bb4	70	65	375	29.375000	Bb4	70	80	
352	60.548958	G#4	68	66	376	29.500000	G#4	68	80	
353	60.778125	C4	60	54	382	29.625000	C4	60	80	
354	61.014583	Bb3	58	52	387	29.750000	Bb3	58	80	
355	61.014583	F5	77	66	386	29.750000	F5	77	80	
356	61.250000	G#3	56	51	391	29.875000	G#3	56	80	
357	61.255208	F#4	66	67	390	29.875000	F#4	66	80	
358	61.333333	G#4	68	68	392	29.937500	G#4	68	80	
359	61.491667	Bb4	70	68	394	30.000000	Bb4	70	80	
360	61.497917	Eb5	75	60	393	30.000000	Eb5	75	80	
361	61.502083	F#3	54	48	395	30.000000	F#3	54	80	
362	61.741667	C5	72	64	396	30.125000	C5	72	80	
363	61.759375	G#3	56	47	397	30.125000	G#3	56	80	
364	61.989583	C#5	73	58	398	30.250000	C#5	73	80	
365	62.005208	Bb3	58	50	399	30.250000	Bb3	58	80	
366	62.227083	F5	77	54	400	30.375000	F5	77	80	
367	62.253125	F3	53	49	401	30.375000	F3	53	80	
368	62.471875	Eb5	75	49	402	30.500000	Eb5	75	80	
369	62.481250	F#3	54	45	403	30.500000	F#3	54	80	
370	62.713542	G#3	56	49	405	30.625000	G#3	56	80	
371	62.717708	C5	72	55	404	30.625000	C5	72	80	
372	62.963542	G#4	68	65	407	30.750000	G#4	68	80	
373	62.967708	C#5	73	61	406	30.750000	C#5	73	80	
374	62.980208	Bb3	58	44	408	30.750000	Bb3	58	80	
375	63.216667	F#3	54	47	409	30.875000	F#3	54	80	
376	63.460417	Eb3	51	44	411	31.000000	Eb3	51	80	
377	63.464583	F#4	66	69	410	31.000000	F#4	66	80	
378	63.703125	C5	72	58	412	31.125000	C5	72	80	
379	63.970833	C#5	73	64	413	31.250000	C#5	73	80	
380	63.975000	F3	53	45	415	31.250000	F3	53	80	
381	63.987500	F4	65	59	414	31.250000	F4	65	80	
382	64.211458	F#3	54	45	416	31.375000	F#3	54	80	
383	64.528125	Eb4	63	56	417	31.500000	Eb4	63	80	
384	64.533333	G#3	56	36	418	31.500000	G#3	56	80	
385	65.047917	C5	72	55	419	31.750000	C5	72	80	
386	65.052083	G#4	68	53	420	31.750000	G#4	68	80	
387	65.061458	G#2	44	33	421	31.750000	G#2	44	80	
388	65.595833	C#3	49	37	424	32.000000	C#3	49	80	
389	65.600000	C#5	73	51	422	32.000000	C#5	73	80	
390	65.623958	F4	65	44	423	32.000000	F4	65	80	
391	65.839583	G#4	68	57	425	32.125000	G#4	68	80	
392	66.100000	C#4	61	55	427	32.250000	C#4	61	80	
393	66.109375	G#4	68	63	426	32.250000	G#4	68	80	
394	66.339583	F4	65	53	428	32.375000	F4	65	80	
395	66.620833	C4	60	49	430	32.500000	C4	60	80	
396	66.620833	Eb4	63	62	429	32.500000	Eb4	63	80	
397	66.838542	G#4	68	61	431	32.625000	G#4	68	80	
398	67.107292	G#4	68	58	433	32.750000	G#4	68	80	
399	67.107292	C5	72	64	432	32.750000	C5	72	80	
400	67.111458	G#3	56	49	434	32.750000	G#3	56	80	
401	67.331250	Eb4	63	57	435	32.875000	Eb4	63	80	
402	67.590625	C#4	61	50	438	33.000000	C#4	61	80	
403	67.593750	C#5	73	60	436	33.000000	C#5	73	80	
404	67.612500	F4	65	50	437	33.000000	F4	65	80	
405	67.828125	F5	77	61	439	33.125000	F5	77	80	
406	68.100000	F5	77	71	440	33.250000	F5	77	80	
407	68.109375	Bb3	58	52	441	33.250000	Bb3	58	80	
408	68.329167	C#5	73	67	442	33.375000	C#5	73	80	
409	68.585417	C5	72	72	443	33.500000	C5	72	80	
410	68.590625	A3	57	57	444	33.500000	A3	57	80	
411	68.821875	F5	77	71	445	33.625000	F5	77	80	
412	69.075000	F5	77	72	446	33.750000	F5	77	80	
413	69.084375	A4	69	66	447	33.750000	A4	69	80	
414	69.086458	F3	53	52	448	33.750000	F3	53	80	
415	69.310417	C5	72	69	449	33.875000	C5	72	80	
416	69.575000	C#5	73	73	450	34.000000	C#5	73	80	
417	69.595833	Bb4	70	49	451	34.000000	Bb4	70	80	
418	69.601042	Bb3	58	52	452	34.000000	Bb3	58	80	
419	69.811458	C#4	61	59	453	34.125000	C#4	61	80	
420	70.068750	F5	77	81	454	34.250000	F5	77	80	
421	70.091667	C#4	61	51	455	34.250000	C#4	61	80	
422	70.311458	Bb3	58	56	456	34.375000	Bb3	58	80	
423	70.558333	Bb5	82	79	457	34.500000	Bb5	82	80	
424	70.572917	F#3	54	53	458	34.500000	F#3	54	80	
425	70.808333	Bb3	58	51	459	34.625000	Bb3	58	80	
426	71.052083	C#5	73	73	460	34.750000	C#5	73	80	
427	71.087500	Bb3	58	46	461	34.750000	Bb3	58	80	
428	71.298958	F#3	54	52	462	34.875000	F#3	54	80	
429	71.572917	Eb3	51	50	464	35.000000	Eb3	51	80	
430	71.581250	B4	71	68	463	35.000000	B4	71	80	
431	71.813542	B3	59	53	465	35.125000	B3	59	80	
432	72.073958	G#5	80	74	466	35.250000	G#5	80	80	
433	72.092708	B3	59	46	467	35.250000	B3	59	80	
434	72.308333	F#5	78	75	468	35.375000	F#5	78	80	
435	72.319792	G#3	56	54	469	35.375000	G#3	56	80	
436	72.580208	G#5	80	72	470	35.500000	G#5	80	80	
437	72.584375	F3	53	51	471	35.500000	F3	53	80	
438	72.830208	G#3	56	61	472	35.625000	G#3	56	80	
439	73.092708	B4	71	65	473	35.750000	B4	71	80	
440	73.102083	G#3	56	53	474	35.750000	G#3	56	80	
441	73.332292	F3	53	56	475	35.875000	F3	53	80	
442	73.585417	Bb4	70	66	476	36.000000	Bb4	70	80	
443	73.589583	D3	50	48	477	36.000000	D3	50	80	
444	73.813542	Bb3	58	54	478	36.125000	Bb3	58	80	
445	74.078125	F#5	78	75	479	36.250000	F#5	78	80	
446	74.095833	Bb3	58	57	480	36.250000	Bb3	58	80	
447	74.322917	F5	77	71	481	36.375000	F5	77	80	
448	74.332292	F#3	54	53	482	36.375000	F#3	54	80	
449	74.576042	F#5	78	73	483	36.500000	F#5	78	80	
450	74.593750	Eb3	51	50	484	36.500000	Eb3	51	80	
451	74.819792	F#3	54	57	485	36.625000	F#3	54	80	
452	75.084375	F#3	54	56	487	36.750000	F#3	54	80	
453	75.090625	Bb4	70	66	486	36.750000	Bb4	70	80	
454	75.316667	Eb3	51	63	488	36.875000	Eb3	51	80	
455	75.584375	B2	47	55	490	37.000000	B2	47	80	
456	75.584375	G#4	68	73	489	37.000000	G#4	68	80	
457	75.819792	Eb3	51	69	491	37.125000	Eb3	51	80	
458	76.068750	Eb3	51	62	493	37.250000	Eb3	51	80	
459	76.073958	F#5	78	80	492	37.250000	F#5	78	80	
460	76.311458	B2	47	66	494	37.375000	B2	47	80	
461	76.583333	G#2	44	65	496	37.500000	G#2	44	80	
462	76.589583	F5	77	81	495	37.500000	F5	77	80	
463	76.820833	B2	47	70	497	37.625000	B2	47	80	
464	77.081250	Eb5	75	70	498	37.750000	Eb5	75	80	
465	77.085417	B2	47	67	499	37.750000	B2	47	80	
466	77.309375	G#2	44	68	500	37.875000	G#2	44	80	
467	77.605208	Bb2	46	68	502	38.000000	Bb2	46	80	
468	77.617708	D5	74	70	501	38.000000	D5	74	80	
469	77.871875	B4	71	56	503	38.125000	B4	71	80	
470	78.121875	Bb2	46	71	505	38.250000	Bb2	46	80	
471	78.121875	Bb4	70	65	504	38.250000	Bb4	70	80	
472	78.350000	G#4	68	71	506	38.375000	G#4	68	80	
473	78.619792	Eb3	51	73	508	38.500000	Eb3	51	80	
474	78.639583	F#4	66	63	507	38.500000	F#4	66	80	
475	78.848958	G#4	68	72	509	38.625000	G#4	68	80	
476	79.118750	D3	50	74	511	38.750000	D3	50	80	
477	79.141667	Bb4	70	62	510	38.750000	Bb4	70	80	
478	79.370833	F4	65	66	512	38.875000	F4	65	80	
479	79.634375	Eb3	51	71	514	39.000000	Eb3	51	80	
480	79.634375	F#4	66	68	513	39.000000	F#4	66	80	
481	79.869792	G#4	68	69	515	39.125000	G#4	68	80	
482	80.134375	C#3	49	62	518	39.250000	C#3	49	80	
483	80.143750	Bb4	70	70	517	39.250000	Bb4	70	80	
484	80.169792	Eb4	63	54	516	39.250000	Eb4	63	80	
485	80.375000	F4	65	62	519	39.375000	F4	65	80	
486	80.382292	B2	47	63	520	39.375000	B2	47	80	
487	80.622917	Bb2	46	53	522	39.500000	Bb2	46	80	
488	80.635417	F#4	66	59	521	39.500000	F#4	66	80	
489	80.866667	B2	47	57	525	39.561458	B2	47	80	
490	80.873958	Eb4	63	52	528	39.625000	Eb4	63	80	
491	80.998958	Bb2	46	60	524	39.546875	Bb2	46	80	
492	81.107292	B2	47	57	530	39.687500	B2	47	80	
493	81.136458	Eb5	75	70	533	39.750000	Eb5	75	80	
494	81.140625	Eb4	63	62	532	39.750000	Eb4	63	80	
495	81.226042	Bb2	46	61	535	39.828125	Bb2	46	80	
496	81.355208	G#2	44	62	537	39.875000	G#2	44	80	
497	81.355208	F#4	66	62	536	39.875000	F#4	66	80	
498	81.467708	Bb2	46	63	538	39.937500	Bb2	46	80	
499	81.610417	G#4	68	69	539	40.000000	G#4	68	80	
500	81.614583	B2	47	64	541	40.000000	B2	47	80	
501	81.614583	Eb5	75	68	540	40.000000	Eb5	75	80	
502	81.868750	Eb4	63	62	542	40.125000	Eb4	63	80	
503	82.131250	Eb4	63	60	543	40.250000	Eb4	63	80	
504	82.335417	G#4	68	63	544	40.375000	G#4	68	80	
505	82.616667	Bb4	70	58	545	40.500000	Bb4	70	80	
506	82.855208	Eb4	63	54	546	40.625000	Eb4	63	80	
507	83.102083	Bb2	46	68	548	40.750000	Bb2	46	80	
508	83.127083	Eb4	63	56	547	40.750000	Eb4	63	80	
509	83.330208	Bb4	70	62	549	40.875000	Bb4	70	80	
510	83.622917	G#2	44	69	551	41.000000	G#2	44	80	
511	83.622917	B4	71	63	550	41.000000	B4	71	80	
512	83.858333	Eb4	63	66	552	41.125000	Eb4	63	80	
513	84.131250	F#2	42	63	554	41.250000	F#2	42	80	
514	84.140625	Eb4	63	65	553	41.250000	Eb4	63	80	
515	84.355208	B4	71	61	555	41.375000	B4	71	80	
516	84.620833	F2	41	60	558	41.500000	F2	41	80	
517	84.620833	D5	74	72	556	41.500000	D5	74	80	
518	84.639583	G#4	68	64	557	41.500000	G#4	68	80	
519	84.863542	Eb4	63	63	559	41.625000	Eb4	63	80	
520	85.129167	Eb4	63	60	560	41.750000	Eb4	63	80	
521	85.142708	Bb2	46	58	561	41.750000	Bb2	46	80	
522	85.355208	D5	74	63	562	41.875000	D5	74	80	
523	85.640625	Eb5	75	63	563	42.000000	Eb5	75	80	
524	85.644792	Eb2	39	56	564	42.000000	Eb2	39	80	
525	85.867708	F#4	66	67	565	42.125000	F#4	66	80	
526	86.125000	G#4	68	69	566	42.250000	G#4	68	80	
527	86.159375	F#2	42	63	567	42.250000	F#2	42	80	
528	86.359375	Bb4	70	73	568	42.375000	Bb4	70	80	
529	86.623958	B4	71	72	569	42.500000	B4	71	80	
530	86.629167	G#2	44	68	570	42.500000	G#2	44	80	
531	86.873958	F5	77	71	571	42.625000	F5	77	80	
532	87.109375	F#5	78	76	572	42.750000	F#5	78	80	
533	87.360417	G#5	80	78	573	42.875000	G#5	80	80	
534	87.595833	D5	74	74	574	43.000000	D5	74	80	
535	87.607292	Bb4	70	71	575	43.000000	Bb4	70	80	
536	87.840625	F3	53	58	577	43.125000	F3	53	80	
537	87.840625	B5	83	80	576	43.125000	B5	83	80	
538	88.084375	Bb5	82	82	578	43.250000	Bb5	82	80	
539	88.098958	F#3	54	60	579	43.250000	F#3	54	80	
540	88.328125	G#3	56	59	581	43.375000	G#3	56	80	
541	88.333333	Eb5	75	78	580	43.375000	Eb5	75	80	
542	88.557292	G#5	80	70	583	43.500000	G#5	80	80	
543	88.582292	Bb3	58	52	584	43.500000	Bb3	58	80	
544	88.622917	F#5	78	83	588	43.625000	F#5	78	80	
545	88.688542	G#5	80	69	590	43.666667	G#5	80	80	
546	88.756250	F#5	78	72	591	43.708333	F#5	78	80	
547	89.100000	F5	77	69	592	43.750000	F5	77	80	
548	89.117708	Bb2	46	37	594	43.750000	Bb2	46	80	
549	89.117708	D5	74	44	593	43.750000	D5	74	80	
550	89.341667	Eb5	75	73	595	43.875000	Eb5	75	80	
551	89.600000	Eb5	75	71	596	44.000000	Eb5	75	80	
552	89.617708	Eb3	51	43	598	44.000000	Eb3	51	80	
553	89.855208	Bb3	58	56	599	44.125000	Bb3	58	80	
554	90.085417	F#5	78	81	600	44.250000	F#5	78	80	
555	90.116667	Bb3	58	49	601	44.250000	Bb3	58	80	
556	90.354167	F#3	54	50	602	44.375000	F#3	54	80	
557	90.613542	B5	83	78	603	44.500000	B5	83	80	
558	90.635417	Eb3	51	47	604	44.500000	Eb3	51	80	
559	90.857292	F#3	54	58	605	44.625000	F#3	54	80	
560	91.115625	Bb5	82	78	606	44.750000	Bb5	82	80	
561	91.132292	F#3	54	50	607	44.750000	F#3	54	80	
562	91.343750	Eb3	51	61	608	44.875000	Eb3	51	80	
563	91.614583	B5	83	77	609	45.000000	B5	83	80	
564	91.627083	G#2	44	57	610	45.000000	G#2	44	80	
565	91.882292	Eb4	63	59	611	45.125000	Eb4	63	80	
566	92.133333	Eb5	75	73	612	45.250000	Eb5	75	80	
567	92.155208	Eb4	63	53	613	45.250000	Eb4	63	80	
568	92.352083	B3	59	56	614	45.375000	B3	59	80	
569	92.635417	G#5	80	73	615	45.500000	G#5	80	80	
570	92.651042	G#3	56	51	616	45.500000	G#3	56	80	
571	92.893750	B3	59	56	617	45.625000	B3	59	80	
572	93.145833	F#5	78	76	618	45.750000	F#5	78	80	
573	93.155208	B3	59	46	619	45.750000	B3	59	80	
574	93.391667	G#3	56	56	620	45.875000	G#3	56	80	
575	93.662500	F3	53	47	622	46.000000	F3	53	80	
576	93.662500	G#5	80	72	621	46.000000	G#5	80	80	
577	93.905208	G#3	56	54	623	46.125000	G#3	56	80	
578	94.164583	F5	77	79	624	46.250000	F5	77	80	
579	94.170833	G#3	56	52	625	46.250000	G#3	56	80	
580	94.391667	F3	53	55	626	46.375000	F3	53	80	
581	94.672917	C#3	49	46	628	46.500000	C#3	49	80	
582	94.677083	Bb5	82	76	627	46.500000	Bb5	82	80	
583	94.915625	F3	53	52	629	46.625000	F3	53	80	
584	95.157292	G#5	80	72	630	46.750000	G#5	80	80	
585	95.168750	F3	53	52	631	46.750000	F3	53	80	
586	95.391667	C#3	49	46	632	46.875000	C#3	49	80	
587	95.678125	F#2	42	50	634	47.000000	F#2	42	80	
588	95.678125	Bb5	82	67	633	47.000000	Bb5	82	80	
589	95.928125	C#4	61	53	635	47.125000	C#4	61	80	
590	96.176042	C#4	61	44	637	47.250000	C#4	61	80	
591	96.176042	C#5	73	65	636	47.250000	C#5	73	80	
592	96.410417	Bb3	58	59	638	47.375000	Bb3	58	80	
593	96.682292	F#3	54	51	640	47.500000	F#3	54	80	
594	96.694792	F#5	78	64	639	47.500000	F#5	78	80	
595	96.909375	Bb3	58	55	641	47.625000	Bb3	58	80	
596	97.183333	Bb3	58	49	643	47.750000	Bb3	58	80	
597	97.183333	F5	77	65	642	47.750000	F5	77	80	
598	97.420833	F#3	54	51	644	47.875000	F#3	54	80	
599	97.685417	F#5	78	66	645	48.000000	F#5	78	80	
600	97.694792	Eb3	51	46	646	48.000000	Eb3	51	80	
601	97.933333	F#3	54	44	647	48.125000	F#3	54	80	
602	98.184375	Bb5	82	76	648	48.250000	Bb5	82	80	
603	98.189583	F#3	54	47	650	48.250000	F#3	54	80	
604	98.204167	C#5	73	60	649	48.250000	C#5	73	80	
605	98.415625	Eb3	51	56	651	48.375000	Eb3	51	80	
606	98.668750	G#5	80	82	652	48.500000	G#5	80	80	
607	98.693750	B2	47	56	654	48.500000	B2	47	80	
608	98.693750	Eb5	75	65	653	48.500000	Eb5	75	80	
609	98.914583	Eb3	51	65	655	48.625000	Eb3	51	80	
610	99.178125	Eb3	51	62	657	48.750000	Eb3	51	80	
611	99.183333	F#5	78	84	656	48.750000	F#5	78	80	
612	99.411458	B2	47	61	658	48.875000	B2	47	80	
613	99.687500	C#3	49	60	660	49.000000	C#3	49	80	
614	99.691667	F5	77	75	659	49.000000	F5	77	80	
615	99.934375	G#4	68	65	661	49.125000	G#4	68	80	
616	100.210417	C#2	37	49	663	49.250000	C#2	37	80	
617	100.210417	G#4	68	69	662	49.250000	G#4	68	80	
618	100.427083	C#5	73	65	664	49.375000	C#5	73	80	
619	100.685417	E5	76	81	665	49.500000	E5	76	80	
620	100.705208	C#5	73	71	666	49.500000	C#5	73	80	
621	100.929167	G#4	68	66	667	49.625000	G#4	68	80	
622	101.193750	C#4	61	63	669	49.750000	C#4	61	80	
623	101.210417	G#4	68	68	668	49.750000	G#4	68	80	
624	101.433333	B4	71	69	670	49.875000	B4	71	80	
625	101.437500	B3	59	71	671	49.875000	B3	59	80	
626	101.731250	C#4	61	66	673	50.000000	C#4	61	80	
627	101.737500	Bb4	70	64	672	50.000000	Bb4	70	80	
628	101.957292	C#5	73	70	674	50.125000	C#5	73	80	
629	102.225000	F#3	54	69	676	50.250000	F#3	54	80	
630	102.247917	C#5	73	61	675	50.250000	C#5	73	80	
631	102.468750	E5	76	69	677	50.375000	E5	76	80	
632	102.725000	B3	59	68	679	50.500000	B3	59	80	
633	102.745833	Eb5	75	60	678	50.500000	Eb5	75	80	
634	102.955208	B4	71	61	680	50.625000	B4	71	80	
635	103.222917	Bb3	58	65	682	50.750000	Bb3	58	80	
636	103.244792	B4	71	57	681	50.750000	B4	71	80	
637	103.462500	Eb5	75	56	683	50.875000	Eb5	75	80	
638	103.731250	B3	59	56	686	51.000000	B3	59	80	
639	103.740625	Eb5	75	60	684	51.000000	Eb5	75	80	
640	103.744792	G#4	68	59	685	51.000000	G#4	68	80	
641	103.983333	B4	71	54	687	51.125000	B4	71	80	
642	104.251042	F3	53	52	689	51.250000	F3	53	80	
643	104.260417	B4	71	52	688	51.250000	B4	71	80	
644	104.465625	Eb5	75	59	690	51.375000	Eb5	75	80	
645	104.735417	Bb3	58	55	692	51.500000	Bb3	58	80	
646	104.747917	C#5	73	56	691	51.500000	C#5	73	80	
647	104.970833	Bb4	70	60	693	51.625000	Bb4	70	80	
648	105.244792	G#3	56	56	695	51.750000	G#3	56	80	
649	105.253125	Bb4	70	61	694	51.750000	Bb4	70	80	
650	105.483333	C#5	73	61	696	51.875000	C#5	73	80	
651	105.751042	Bb3	58	53	699	52.000000	Bb3	58	80	
652	105.758333	F#4	66	64	698	52.000000	F#4	66	80	
653	105.758333	C#5	73	62	697	52.000000	C#5	73	80	
654	106.017708	Bb4	70	46	700	52.125000	Bb4	70	80	
655	106.292708	Eb3	51	49	702	52.250000	Eb3	51	80	
656	106.297917	Bb4	70	53	701	52.250000	Bb4	70	80	
657	106.497917	C#5	73	66	703	52.375000	C#5	73	80	
658	106.781250	B4	71	54	704	52.500000	B4	71	80	
659	106.785417	G#3	56	49	705	52.500000	G#3	56	80	
660	106.997917	G#4	68	62	706	52.625000	G#4	68	80	
661	107.265625	F#3	54	48	708	52.750000	F#3	54	80	
662	107.277083	G#4	68	53	707	52.750000	G#4	68	80	
663	107.485417	B4	71	56	709	52.875000	B4	71	80	
664	107.765625	G#3	56	42	712	53.000000	G#3	56	80	
665	107.765625	B4	71	52	710	53.000000	B4	71	80	
666	107.770833	F4	65	50	711	53.000000	F4	65	80	
667	107.997917	G#4	68	52	713	53.125000	G#4	68	80	
668	108.266667	C#3	49	36	715	53.250000	C#3	49	80	
669	108.280208	G#4	68	47	714	53.250000	G#4	68	80	
670	108.476042	B4	71	58	716	53.375000	B4	71	80	
671	108.758333	Bb4	70	50	717	53.500000	Bb4	70	80	
672	108.765625	F#3	54	42	718	53.500000	F#3	54	80	
673	108.980208	B4	71	50	719	53.625000	B4	71	80	
674	109.248958	F3	53	39	721	53.750000	F3	53	80	
675	109.253125	C#5	73	52	720	53.750000	C#5	73	80	
676	109.469792	G#4	68	57	722	53.875000	G#4	68	80	
677	109.747917	F#3	54	44	724	54.000000	F#3	54	80	
678	109.747917	Bb4	70	52	723	54.000000	Bb4	70	80	
679	110.000000	Bb3	58	52	725	54.125000	Bb3	58	80	
680	110.250000	Bb3	58	45	728	54.250000	Bb3	58	80	
681	110.250000	C#5	73	65	726	54.250000	C#5	73	80	
682	110.265625	F#4	66	56	727	54.250000	F#4	66	80	
683	110.487500	F#3	54	49	729	54.375000	F#3	54	80	
684	110.760417	Eb3	51	51	732	54.500000	Eb3	51	80	
685	110.760417	B4	71	67	731	54.500000	B4	71	80	
686	110.765625	Eb5	75	60	730	54.500000	Eb5	75	80	
687	110.980208	F#3	54	58	733	54.625000	F#3	54	80	
688	111.256250	Bb4	70	70	735	54.750000	Bb4	70	80	
689	111.256250	E5	76	65	734	54.750000	E5	76	80	
690	111.271875	F#3	54	53	736	54.750000	F#3	54	80	
691	111.479167	Eb3	51	62	737	54.875000	Eb3	51	80	
692	111.739583	B4	71	65	738	55.000000	B4	71	80	
693	111.752083	B2	47	46	739	55.000000	B2	47	80	
694	111.972917	Eb5	75	60	740	55.125000	Eb5	75	80	
695	112.220833	C#5	73	59	741	55.250000	C#5	73	80	
696	112.227083	Bb4	70	59	742	55.250000	Bb4	70	80	
697	112.457292	G#4	68	61	744	55.375000	G#4	68	80	
698	112.471875	E5	76	52	743	55.375000	E5	76	80	
699	112.709375	F#4	66	61	746	55.500000	F#4	66	80	
700	112.716667	Eb5	75	57	745	55.500000	Eb5	75	80	
701	112.939583	B4	71	63	752	55.625000	B4	71	80	
702	113.195833	B3	59	52	757	55.750000	B3	59	80	
703	113.204167	B4	71	66	756	55.750000	B4	71	80	
704	113.414583	E4	64	66	761	55.875000	E4	64	80	
705	113.441667	Eb5	75	54	760	55.875000	Eb5	75	80	
706	113.559375	F#4	66	66	762	55.937500	F#4	66	80	
707	113.682292	G#4	68	66	764	56.000000	G#4	68	80	
708	113.682292	E5	76	69	763	56.000000	E5	76	80	
709	113.697917	B3	59	56	765	56.000000	B3	59	80	
710	113.912500	B4	71	66	766	56.125000	B4	71	80	
711	114.179167	B4	71	70	767	56.250000	B4	71	80	
712	114.409375	E5	76	66	768	56.375000	E5	76	80	
713	114.657292	F#5	78	70	769	56.500000	F#5	78	80	
714	114.904167	B4	71	63	770	56.625000	B4	71	80	
715	115.175000	B4	71	69	771	56.750000	B4	71	80	
716	115.187500	F#4	66	58	772	56.750000	F#4	66	80	
717	115.407292	F#5	78	67	773	56.875000	F#5	78	80	
718	115.671875	G#5	80	64	774	57.000000	G#5	80	80	
719	115.683333	E4	64	62	775	57.000000	E4	64	80	
720	115.934375	B4	71	61	776	57.125000	B4	71	80	
721	116.180208	Eb4	63	55	778	57.250000	Eb4	63	80	
722	116.189583	B4	71	63	777	57.250000	B4	71	80	
723	116.398958	G#5	80	62	779	57.375000	G#5	80	80	
724	116.679167	C#4	61	49	781	57.500000	C#4	61	80	
725	116.683333	Bb5	82	57	780	57.500000	Bb5	82	80	
726	116.932292	B4	71	59	782	57.625000	B4	71	80	
727	117.204167	F#4	66	47	784	57.750000	F#4	66	80	
728	117.204167	B4	71	55	783	57.750000	B4	71	80	
729	117.431250	Bb5	82	51	785	57.875000	Bb5	82	80	
730	117.697917	B5	83	51	786	58.000000	B5	83	80	
731	117.721875	Eb4	63	48	787	58.000000	Eb4	63	80	
732	117.971875	Bb3	58	46	788	58.125000	Bb3	58	80	
733	118.211458	G#3	56	50	790	58.250000	G#3	56	80	
734	118.211458	Eb4	63	58	789	58.250000	Eb4	63	80	
735	118.447917	F#3	54	53	791	58.375000	F#3	54	80	
736	118.714583	E3	52	51	793	58.500000	E3	52	80	
737	118.730208	G#4	68	63	792	58.500000	G#4	68	80	
738	118.944792	C#4	61	52	794	58.625000	C#4	61	80	
739	119.201042	C#4	61	48	796	58.750000	C#4	61	80	
740	119.215625	G4	67	59	795	58.750000	G4	67	80	
741	119.439583	E3	52	52	797	58.875000	E3	52	80	
742	119.721875	Eb3	51	49	799	59.000000	Eb3	51	80	
743	119.726042	G#4	68	58	798	59.000000	G#4	68	80	
744	119.972917	B3	59	52	800	59.125000	B3	59	80	
745	120.233333	Eb5	75	60	801	59.250000	Eb5	75	80	
746	120.244792	B3	59	54	802	59.250000	B3	59	80	
747	120.473958	Eb3	51	57	803	59.375000	Eb3	51	80	
748	120.731250	G#5	80	65	804	59.500000	G#5	80	80	
749	120.740625	C#3	49	47	805	59.500000	C#3	49	80	
750	120.978125	Bb3	58	51	806	59.625000	Bb3	58	80	
751	121.214583	G5	79	71	807	59.750000	G5	79	80	
752	121.234375	Bb4	70	56	808	59.750000	Bb4	70	80	
753	121.253125	Bb3	58	47	809	59.750000	Bb3	58	80	
754	121.464583	C#3	49	49	810	59.875000	C#3	49	80	
755	121.750000	G#5	80	67	811	60.000000	G#5	80	80	
756	121.765625	B2	47	46	813	60.000000	B2	47	80	
757	121.765625	B4	71	63	812	60.000000	B4	71	80	
758	122.001042	C#3	49	53	814	60.125000	C#3	49	80	
759	122.256250	Bb5	82	75	815	60.250000	Bb5	82	80	
760	122.269792	B2	47	53	817	60.250000	B2	47	80	
761	122.279167	C#5	73	63	816	60.250000	C#5	73	80	
762	122.497917	Bb2	46	62	818	60.375000	Bb2	46	80	
763	122.762500	B5	83	73	819	60.500000	B5	83	80	
764	122.778125	G#2	44	60	821	60.500000	G#2	44	80	
765	122.797917	Eb5	75	58	820	60.500000	Eb5	75	80	
766	123.002083	Bb2	46	66	822	60.625000	Bb2	46	80	
767	123.248958	G#5	80	79	823	60.750000	G#5	80	80	
768	123.257292	B2	47	56	825	60.750000	B2	47	80	
769	123.270833	B4	71	65	824	60.750000	B4	71	80	
770	123.490625	G#2	44	58	826	60.875000	G#2	44	80	
771	123.754167	F5	77	69	827	61.000000	F5	77	80	
772	123.759375	C#3	49	50	829	61.000000	C#3	49	80	
773	123.785417	G#4	68	51	828	61.000000	G#4	68	80	
774	123.990625	Eb3	51	53	830	61.125000	Eb3	51	80	
775	124.243750	C#5	73	68	831	61.250000	C#5	73	80	
776	124.257292	C#3	49	48	832	61.250000	C#3	49	80	
777	124.491667	B2	47	50	833	61.375000	B2	47	80	
778	124.763542	F#5	78	78	834	61.500000	F#5	78	80	
779	124.768750	Bb2	46	49	835	61.500000	Bb2	46	80	
780	124.987500	B2	47	58	836	61.625000	B2	47	80	
781	125.258333	F5	77	80	837	61.750000	F5	77	80	
782	125.276042	C#3	49	52	839	61.750000	C#3	49	80	
783	125.293750	C#5	73	56	838	61.750000	C#5	73	80	
784	125.490625	Bb2	46	52	840	61.875000	Bb2	46	80	
785	125.745833	Eb3	51	62	843	62.000000	Eb3	51	80	
786	125.750000	F#5	78	76	841	62.000000	F#5	78	80	
787	125.767708	Bb4	70	50	842	62.000000	Bb4	70	80	
788	125.993750	F3	53	61	844	62.125000	F3	53	80	
789	126.259375	F#3	54	60	846	62.250000	F#3	54	80	
790	126.264583	F5	77	77	845	62.250000	F5	77	80	
791	126.513542	Eb5	75	71	847	62.375000	Eb5	75	80	
792	126.753125	C#5	73	75	848	62.500000	C#5	73	80	
793	126.995833	Eb5	75	66	851	62.561458	Eb5	75	80	
794	127.014583	F3	53	55	854	62.625000	F3	53	80	
795	127.122917	C#5	73	72	856	62.687500	Eb5	75	80	
796	127.227083	Eb3	51	56	859	62.750000	Eb3	51	80	
797	127.237500	Bb4	70	55	858	62.750000	Bb4	70	80	
798	127.246875	Eb5	75	70	860	62.781250	Eb5	75	80	
799	127.342708	C#5	73	73	861	62.828125	C#5	73	80	
800	127.447917	B4	71	71	862	62.875000	B4	71	80	
801	127.477083	C#3	49	53	863	62.875000	C#3	49	80	
802	127.557292	C#5	73	71	864	62.937500	C#5	73	80	
803	127.705208	Eb5	75	72	865	63.000000	Eb5	75	80	
804	127.716667	B2	47	50	867	63.000000	B2	47	80	
805	127.725000	G#4	68	53	866	63.000000	G#4	68	80	
806	127.952083	F4	65	59	868	63.125000	F4	65	80	
807	127.963542	C#3	49	55	869	63.125000	C#3	49	80	
808	128.205208	F#4	66	64	870	63.250000	F#4	66	80	
809	128.211458	Eb3	51	55	871	63.250000	Eb3	51	80	
810	128.442708	Bb4	70	64	872	63.375000	Bb4	70	80	
811	128.447917	Bb2	46	48	873	63.375000	Bb2	46	80	
812	128.687500	B2	47	53	875	63.500000	B2	47	80	
813	128.694792	G#4	68	67	874	63.500000	G#4	68	80	
814	128.913542	C#3	49	55	877	63.625000	C#3	49	80	
815	128.922917	F4	65	56	876	63.625000	F4	65	80	
816	129.173958	C#5	73	80	878	63.750000	C#5	73	80	
817	129.194792	Eb3	51	51	880	63.750000	Eb3	51	80	
818	129.209375	F#4	66	47	879	63.750000	F#4	66	80	
819	129.408333	B2	47	47	881	63.875000	B2	47	80	
820	129.683333	G#2	44	50	883	64.000000	G#2	44	80	
821	129.683333	B4	71	78	882	64.000000	B4	71	80	
822	129.925000	F4	65	52	884	64.125000	F4	65	80	
823	130.173958	Bb4	70	68	885	64.250000	Bb4	70	80	
824	130.194792	Bb2	46	49	887	64.250000	Bb2	46	80	
825	130.221875	F#4	66	46	886	64.250000	F#4	66	80	
826	130.416667	B2	47	46	888	64.375000	B2	47	80	
827	130.718750	G#4	68	58	889	64.500000	G#4	68	80	
828	130.755208	C#3	49	35	890	64.500000	C#3	49	80	
829	131.256250	C#5	73	61	891	64.750000	C#5	73	80	
830	131.272917	C#2	37	35	893	64.750000	C#2	37	80	
831	131.278125	F4	65	40	892	64.750000	F4	65	80	
832	131.785417	Bb4	70	58	894	65.000000	Bb4	70	80	
833	131.814583	F#4	66	51	895	65.000000	F#4	66	80	
834	131.819792	F#2	42	37	896	65.000000	F#2	42	80	
835	132.041667	C#5	73	64	897	65.125000	C#5	73	80	
836	132.316667	C#5	73	70	898	65.250000	C#5	73	80	
837	132.321875	F#3	54	46	899	65.250000	F#3	54	80	
838	132.551042	Bb4	70	61	900	65.375000	Bb4	70	80	
839	132.809375	G#4	68	66	901	65.500000	G#4	68	80	
840	132.816667	F3	53	43	902	65.500000	F3	53	80	
841	133.048958	C#5	73	60	903	65.625000	C#5	73	80	
842	133.306250	C#5	73	71	904	65.750000	C#5	73	80	
843	133.321875	C#3	49	45	906	65.750000	Eb3	51	80	
844	133.329167	F4	65	42	905	65.750000	F4	65	80	
845	133.538542	G#4	68	58	907	65.875000	G#4	68	80	
846	133.806250	Bb4	70	60	908	66.000000	Bb4	70	80	
847	133.823958	F#4	66	51	909	66.000000	F#4	66	80	
848	133.827083	F#3	54	48	910	66.000000	F#3	54	80	
849	134.056250	Bb3	58	54	911	66.125000	Bb3	58	80	
850	134.319792	Bb3	58	49	913	66.250000	Bb3	58	80	
851	134.319792	C#5	73	82	912	66.250000	C#5	73	80	
852	134.555208	F#3	54	54	914	66.375000	F#3	54	80	
853	134.817708	F#5	78	83	915	66.500000	F#5	78	80	
854	134.838542	Eb3	51	45	916	66.500000	Eb3	51	80	
855	135.082292	F#3	54	50	917	66.625000	F#3	54	80	
856	135.328125	F#3	54	39	919	66.750000	F#3	54	80	
857	135.334375	Bb4	70	59	918	66.750000	Bb4	70	80	
858	135.564583	Eb3	51	49	920	66.875000	Eb3	51	80	
859	135.837500	B2	47	37	922	67.000000	B2	47	80	
860	135.839583	G#4	68	64	921	67.000000	G#4	68	80	
861	136.076042	Eb5	75	57	923	67.125000	Eb5	75	80	
862	136.380208	G#2	44	42	925	67.250000	G#2	44	80	
863	136.384375	Eb5	75	54	924	67.250000	Eb5	75	80	
864	136.645833	B4	71	53	926	67.375000	B4	71	80	
865	136.921875	F5	77	67	927	67.500000	F5	77	80	
866	136.945833	G#4	68	38	928	67.500000	G#4	68	80	
867	136.957292	C#3	49	37	929	67.500000	C#3	49	80	
868	137.211458	C#5	73	52	930	67.625000	C#5	73	80	
869	137.589583	C#5	73	44	931	67.750000	C#5	73	80	
870	137.597917	C#2	37	17	932	67.750000	C#2	37	80	
871	137.996875	B4	71	51	933	67.875000	B4	71	80	
872	138.891667	F#5	78	47	935	68.000000	F#5	78	80	
873	138.915625	F#2	42	40	936	68.000000	F#2	42	80	
874	138.915625	Bb4	70	40	934	68.000000	Bb4	70	80	
*	-1	*	-1	-1	6	1.500000	Eb5	75	80	
*	-1	*	-1	-1	8	1.546875	C#5	73	80	
*	-1	*	-1	-1	9	1.561458	Eb5	75	80	
*	-1	*	-1	-1	10	1.593750	Eb5	75	80	
*	-1	*	-1	-1	11	1.623958	C#5	73	80	
*	-1	*	-1	-1	12	1.640625	C#5	73	80	
*	-1	*	-1	-1	27	4.250000	F#4	66	80	
*	-1	*	-1	-1	42	5.500000	Bb4	70	80	
*	-1	*	-1	-1	43	5.546875	G#4	68	80	
*	-1	*	-1	-1	45	5.593750	Bb4	70	80	
*	-1	*	-1	-1	46	5.623958	G#4	68	80	
*	-1	*	-1	-1	48	5.640625	G#4	68	80	
*	-1	*	-1	-1	50	5.734375	G#4	68	80	
*	-1	*	-1	-1	85	8.875000	G#4	68	80	
*	-1	*	-1	-1	90	9.250000	C#5	73	80	
*	-1	*	-1	-1	96	9.500000	Eb3	51	80	
*	-1	*	-1	-1	97	9.546875	C#3	49	80	
*	-1	*	-1	-1	99	9.593750	Eb3	51	80	
*	-1	*	-1	-1	100	9.623958	C#3	49	80	
*	-1	*	-1	-1	102	9.640625	C#3	49	80	
*	-1	*	-1	-1	104	9.734375	C#3	49	80	
*	-1	*	-1	-1	120	10.750000	Bb4	70	80	
*	-1	*	-1	-1	257	21.250000	C#5	73	80	
*	-1	*	-1	-1	307	24.500000	G#4	68	80	
*	-1	*	-1	-1	377	29.500000	Bb4	70	80	
*	-1	*	-1	-1	378	29.546875	G#4	68	80	
*	-1	*	-1	-1	379	29.561458	Bb4	70	80	
*	-1	*	-1	-1	380	29.593750	Bb4	70	80	
*	-1	*	-1	-1	381	29.623958	G#4	68	80	
*	-1	*	-1	-1	383	29.640625	G#4	68	80	
*	-1	*	-1	-1	384	29.687500	Bb4	70	80	
*	-1	*	-1	-1	385	29.734375	G#4	68	80	
*	-1	*	-1	-1	388	29.781250	Bb4	70	80	
*	-1	*	-1	-1	389	29.828125	G#4	68	80	
*	-1	*	-1	-1	523	39.500000	B2	47	80	
*	-1	*	-1	-1	526	39.593750	B2	47	80	
*	-1	*	-1	-1	527	39.623958	Bb2	46	80	
*	-1	*	-1	-1	529	39.640625	Bb2	46	80	
*	-1	*	-1	-1	531	39.734375	Bb2	46	80	
*	-1	*	-1	-1	534	39.781250	B2	47	80	
*	-1	*	-1	-1	582	43.500000	F#5	78	80	
*	-1	*	-1	-1	585	43.541667	F#5	78	80	
*	-1	*	-1	-1	586	43.562500	G#5	80	80	
*	-1	*	-1	-1	587	43.583333	G#5	80	80	
*	-1	*	-1	-1	589	43.625000	F#5	78	80	
*	-1	*	-1	-1	597	44.000000	Eb5	75	80	
*	-1	*	-1	-1	747	55.500000	G#4	68	80	
*	-1	*	-1	-1	748	55.546875	F#4	66	80	
*	-1	*	-1	-1	749	55.561458	G#4	68	80	
*	-1	*	-1	-1	750	55.593750	G#4	68	80	
*	-1	*	-1	-1	751	55.623958	F#4	66	80	
*	-1	*	-1	-1	753	55.640625	F#4	66	80	
*	-1	*	-1	-1	754	55.687500	G#4	68	80	
*	-1	*	-1	-1	755	55.734375	F#4	66	80	
*	-1	*	-1	-1	758	55.781250	G#4	68	80	
*	-1	*	-1	-1	759	55.828125	F#4	66	80	
*	-1	*	-1	-1	849	62.500000	Eb5	75	80	
*	-1	*	-1	-1	850	62.546875	C#5	73	80	
*	-1	*	-1	-1	852	62.593750	Eb5	75	80	
*	-1	*	-1	-1	853	62.623958	C#5	73	80	
*	-1	*	-1	-1	855	62.640625	C#5	73	80	
*	-1	*	-1	-1	857	62.734375	C#5	73	80	
