// alignID alignOntime alignSitch alignPitch alignOnvel refID refOntime refSitch refPitch refOnvel
0	1.049479	G2	43	99	0	0.000000	G2	43	80	
1	1.859375	G4	67	88	1	0.535714	G4	67	80	
2	1.988281	D4	62	89	2	0.714286	D4	62	80	
3	2.688802	F4	65	80	3	1.250000	F4	65	80	
4	2.834635	Eb4	63	81	4	1.428571	Eb4	63	80	
5	3.552083	Bb3	58	67	5	1.964285	Bb3	58	80	
6	3.688802	A3	57	63	6	2.142857	A3	57	80	
7	4.410156	C4	60	70	7	2.678571	C4	60	80	
8	4.536458	F#3	54	80	8	2.857142	F#3	54	80	
9	5.180990	Eb4	63	62	9	3.392856	Eb4	63	80	
10	5.247396	D4	62	65	10	3.571427	D4	62	80	
11	5.316406	Eb4	63	74	11	3.657737	Eb4	63	80	
12	5.391927	D4	62	81	12	3.747023	D4	62	80	
13	6.108073	C4	60	77	13	4.107142	C4	60	80	
14	6.248698	A4	69	84	14	4.285713	A4	69	80	
15	6.908854	C4	60	68	15	4.821427	C4	60	80	
16	7.049479	Bb3	58	73	16	4.999999	Bb3	58	80	
17	7.115885	C4	60	76	17	5.086308	C4	60	80	
18	7.188802	Bb3	58	81	18	5.175594	Bb3	58	80	
19	7.938802	A3	57	78	19	5.535713	A3	57	80	
20	8.052083	G3	55	75	21	5.714284	G3	55	80	
21	8.057292	Bb3	58	80	20	5.714284	Bb3	58	80	
22	8.817708	D5	74	82	22	6.249998	D5	74	80	
23	8.946615	A4	69	91	23	6.428570	A4	69	80	
24	8.963542	C4	60	72	24	6.428570	C4	60	80	
25	9.639323	C5	72	80	25	6.964284	C5	72	80	
26	9.787760	Bb4	70	85	26	7.142855	Bb4	70	80	
27	9.807292	D4	62	77	27	7.142855	D4	62	80	
28	10.523438	F4	65	71	28	7.678569	F4	65	80	
29	10.660156	E4	64	71	29	7.857140	E4	64	80	
30	11.375000	G4	67	68	30	8.392855	G4	67	80	
31	11.492188	C#4	61	76	31	8.571426	C#4	61	80	
32	12.165365	Bb4	70	65	32	9.107140	Bb4	70	80	
33	12.247396	A4	69	64	33	9.285711	A4	69	80	
34	12.313802	Bb4	70	78	34	9.372021	Bb4	70	80	
35	12.378906	A4	69	87	35	9.461307	A4	69	80	
36	13.100260	G4	67	82	36	9.821426	G4	67	80	
37	13.242188	E5	76	89	37	9.999997	E5	76	80	
38	13.923177	G4	67	78	38	10.535711	G4	67	80	
39	14.058594	F#4	66	74	39	10.714282	F#4	66	80	
40	14.126302	G4	67	79	40	10.800592	G4	67	80	
41	14.194010	F#4	66	89	41	10.889878	F#4	66	80	
42	14.958333	E4	64	75	42	11.249997	E4	64	80	
43	15.100260	F#4	66	86	43	11.428568	F#4	66	80	
44	15.105469	D3	50	84	45	11.428568	D3	50	80	
45	15.106771	D4	62	81	44	11.428568	D4	62	80	
46	15.858073	G4	67	77	46	11.964282	G4	67	80	
47	15.998698	A4	69	93	47	12.142854	A4	69	80	
48	16.700521	C4	60	78	48	12.499996	C4	60	80	
49	16.839844	Bb3	58	79	49	12.857139	Bb3	58	80	
50	17.572917	D4	62	81	50	13.392853	D4	62	80	
51	17.701823	G4	67	86	51	13.571425	G4	67	80	
52	18.414062	Bb4	70	84	53	14.107139	Bb4	70	80	
53	18.557292	C5	72	87	54	14.285710	C5	72	80	
54	18.574219	A3	57	64	55	14.285710	A3	57	80	
55	19.277344	G4	67	67	56	14.821424	G4	67	80	
56	19.416667	F#4	66	75	57	14.999996	F#4	66	80	
57	20.139323	E4	64	69	58	15.535710	E4	64	80	
58	20.276042	F#4	66	73	59	15.714281	F#4	66	80	
59	20.998698	D5	74	71	60	16.249995	D5	74	80	
60	21.144531	A4	69	80	61	16.428566	A4	69	80	
61	21.162760	D4	62	76	62	16.428566	D4	62	80	
62	21.863281	Eb3	51	60	63	16.785709	Eb3	51	80	
63	21.872396	C5	72	80	64	16.964281	C5	72	80	
64	22.018229	B4	71	84	65	17.142852	B4	71	80	
65	22.026042	G4	67	70	66	17.142852	G4	67	80	
66	22.032552	F3	53	66	67	17.142852	G3	55	80	
67	22.740885	C5	72	82	68	17.678566	C5	72	80	
68	22.899740	D5	74	83	69	17.857138	D5	74	80	
69	23.604167	B3	59	76	70	18.214280	B3	59	80	
70	23.751302	Eb3	51	78	72	18.571423	Eb3	51	80	
71	23.756510	G3	55	76	71	18.571423	G3	55	80	
72	24.516927	G4	67	80	73	19.107137	G4	67	80	
73	24.648438	C5	72	86	74	19.285709	C5	72	80	
74	24.661458	Eb4	63	86	76	19.285709	Eb4	63	80	
75	25.424479	Eb5	75	81	77	19.821423	Eb5	75	80	
76	25.559896	F5	77	93	78	19.999994	F5	77	80	
77	25.567708	G#3	56	83	79	19.999994	G#3	56	80	
78	25.579427	D3	50	76	80	19.999994	D3	50	80	
79	26.334635	C5	72	84	81	20.535708	C5	72	80	
80	26.460938	B4	71	88	82	20.714279	B4	71	80	
81	26.472656	F3	53	85	83	20.714279	F3	53	80	
82	27.235677	A4	69	81	84	21.249994	A4	69	80	
83	27.363281	B4	71	91	85	21.428565	B4	71	80	
84	27.375000	G3	55	85	86	21.428565	G3	55	80	
85	28.191406	G5	79	93	88	21.964279	G5	79	80	
86	28.335938	G2	43	95	90	22.142851	G2	43	80	
87	28.337240	D5	74	90	89	22.142851	D5	74	80	
88	29.179688	F5	77	86	91	22.678565	F5	77	80	
89	29.312500	C3	48	101	93	22.857136	C3	48	80	
90	29.329427	Eb5	75	92	92	22.857136	Eb5	75	80	
91	29.434896	G3	55	46	*	-1	*	-1	-1	
92	30.074219	C5	72	78	94	23.392850	C5	72	80	
93	30.221354	G4	67	84	95	23.571421	G4	67	80	
94	30.930990	Bb4	70	81	96	24.107136	Bb4	70	80	
95	31.067708	G#4	68	86	97	24.285707	G#4	68	80	
96	31.783854	Eb4	63	78	98	24.821421	Eb4	63	80	
97	31.933594	D4	62	71	99	24.999993	D4	62	80	
98	32.601562	F4	65	66	100	25.535707	F4	65	80	
99	32.757812	B3	59	74	101	25.714278	B3	59	80	
100	33.433594	G#4	68	80	102	26.249992	G#4	68	80	
101	33.572917	G4	67	77	103	26.428563	G4	67	80	
102	34.292969	F4	65	76	106	26.964278	F4	65	80	
103	34.444010	D5	74	78	107	27.142849	D5	74	80	
104	35.173177	F4	65	71	109	27.678563	F4	65	80	
105	35.339844	Eb4	63	65	110	27.857135	Eb4	63	80	
106	36.046875	D4	62	67	113	28.392849	D4	62	80	
107	36.186198	C4	60	62	115	28.571420	C4	60	80	
108	36.188802	Eb4	63	71	114	28.571420	Eb4	63	80	
109	36.920573	G5	79	80	116	29.107134	G5	79	80	
110	37.065104	D5	74	70	117	29.285706	D5	74	80	
111	37.071615	B4	71	59	118	29.285706	B4	71	80	
112	37.092448	F4	65	56	119	29.285706	F4	65	80	
113	37.817708	F5	77	83	120	29.821420	F5	77	80	
114	37.947917	C5	72	73	122	29.999991	C5	72	80	
115	37.953125	Eb5	75	74	121	29.999991	Eb5	75	80	
116	37.973958	G4	67	55	123	29.999991	G4	67	80	
117	38.645833	Bb3	58	72	124	30.535705	Bb3	58	80	
118	38.790365	A3	57	77	126	30.714277	A3	57	80	
119	38.815104	F#4	66	69	125	30.714277	F#4	66	80	
120	39.536458	C4	60	66	128	31.249991	C4	60	80	
121	39.536458	G4	67	73	127	31.249991	G4	67	80	
122	39.695312	F#3	54	72	130	31.428562	F#3	54	80	
123	39.704427	A4	69	77	129	31.428562	A4	69	80	
124	40.423177	Eb5	75	81	131	31.964276	Eb5	75	80	
125	40.570312	D5	74	84	132	32.142848	D5	74	80	
126	40.576823	A3	57	65	133	32.142848	A3	57	80	
127	41.289062	C5	72	82	136	32.678562	C5	72	80	
128	41.451823	A5	81	92	137	32.857133	A5	81	80	
129	42.140625	C5	72	74	138	33.392847	C5	72	80	
130	42.302083	D4	62	66	140	33.571419	D4	62	80	
131	42.304688	Bb4	70	66	139	33.571419	Bb4	70	80	
132	43.039062	A4	69	70	141	34.107133	A4	69	80	
133	43.196615	G3	55	58	143	34.285704	G3	55	80	
134	43.201823	Bb4	70	75	142	34.285704	Bb4	70	80	
135	43.957031	G5	79	74	144	34.821418	G5	79	80	
136	44.110677	D5	74	72	145	34.999989	D5	74	80	
137	44.134115	G4	67	65	146	34.999989	G4	67	80	
138	44.843750	F5	77	71	147	35.535704	F5	77	80	
139	44.990885	Eb5	75	76	148	35.714275	Eb5	75	80	
140	45.694010	G4	67	73	149	36.249989	G4	67	80	
141	45.850260	D4	62	73	151	36.428561	D4	62	80	
142	45.860677	G5	79	81	150	36.428561	G5	79	80	
143	46.566406	F4	65	78	152	36.964275	F4	65	80	
144	46.720052	C#5	73	85	153	37.142846	C#5	73	80	
145	46.726562	A4	69	76	154	37.142846	A4	69	80	
146	46.736979	E4	64	73	155	37.142846	E4	64	80	
147	47.453125	A3	57	81	156	37.678560	A3	57	80	
148	47.588542	E3	52	88	157	37.857132	E3	52	80	
149	48.319010	G3	55	83	158	38.392846	G3	55	80	
150	48.472656	D5	74	89	159	38.571417	D5	74	80	
151	48.473958	F3	53	80	161	38.571417	F3	53	80	
152	48.477865	F4	65	83	160	38.571417	F4	65	80	
153	49.182292	D3	50	87	162	39.107131	D3	50	80	
154	49.325521	A2	45	92	163	39.285702	A2	45	80	
155	50.062500	C3	48	90	164	39.821417	C3	48	80	
156	50.203125	Bb2	46	95	166	39.999988	Bb2	46	80	
157	50.973958	E4	64	80	167	40.535702	E4	64	80	
158	51.105469	F4	65	86	168	40.714274	F4	65	80	
159	51.769531	D4	62	76	169	41.249988	D4	62	80	
160	51.964844	G#4	68	80	170	41.428559	G#4	68	80	
161	51.984375	B2	47	67	171	41.428559	B2	47	80	
162	52.028646	A4	69	77	172	41.514868	A4	69	80	
163	52.101562	G#4	68	80	173	41.604154	G#4	68	80	
164	52.111979	D5	74	3	*	-1	*	-1	-1	
165	52.714844	C#3	49	70	174	41.964273	C#3	49	80	
166	52.864583	D3	50	77	175	42.142845	D3	50	80	
167	53.562500	G#4	68	81	176	42.499987	G#4	68	80	
168	53.580729	E3	52	59	177	42.678559	E3	52	80	
169	53.721354	A4	69	85	178	42.857130	A4	69	80	
170	53.740885	F3	53	67	179	42.857130	F3	53	80	
171	53.742188	A2	45	60	180	42.857130	A2	45	80	
172	54.433594	D5	74	73	181	43.392844	D5	74	80	
173	54.580729	E5	76	83	182	43.571416	E5	76	80	
174	54.585938	Bb4	70	78	183	43.571416	Bb4	70	80	
175	54.591146	G3	55	66	184	43.571416	G3	55	80	
176	55.252604	G5	79	80	185	44.107130	G5	79	80	
177	55.416667	C#5	73	76	186	44.285701	C#5	73	80	
178	55.445312	A3	57	66	187	44.285701	A3	57	80	
179	56.140625	A4	69	57	189	44.821415	A4	69	80	
180	56.151042	D5	74	71	188	44.821415	D5	74	80	
181	56.300781	C#3	49	54	192	44.999986	C#3	49	80	
182	56.309896	E5	76	75	190	44.999986	E5	76	80	
183	56.326823	E4	64	50	191	44.999986	E4	64	80	
184	56.992188	G4	67	70	193	45.535701	G4	67	80	
185	57.152344	F4	65	68	194	45.714272	F4	65	80	
186	57.161458	D3	50	59	195	45.714272	D3	50	80	
187	57.877604	D5	74	77	197	46.249986	D5	74	80	
188	58.019531	A4	69	77	198	46.428558	A4	69	80	
189	58.042969	F3	53	56	199	46.428558	F3	53	80	
190	58.723958	C5	72	74	200	46.964272	C5	72	80	
191	58.878906	Bb4	70	76	201	47.142843	Bb4	70	80	
192	59.588542	F4	65	70	202	47.678557	F4	65	80	
193	59.604167	A3	57	53	203	47.678557	A3	57	80	
194	59.739583	E4	64	67	204	47.857129	E4	64	80	
195	59.755208	G3	55	53	205	47.857129	G3	55	80	
196	60.440104	G4	67	68	206	48.392843	G4	67	80	
197	60.453125	F3	53	53	207	48.392843	F3	53	80	
198	60.608073	C#4	61	69	208	48.571414	C#4	61	80	
199	60.611979	E3	52	62	209	48.571414	E3	52	80	
200	61.339844	Bb4	70	80	210	49.107128	Bb4	70	80	
201	61.500000	A4	69	81	211	49.285699	A4	69	80	
202	61.519531	F3	53	59	212	49.285699	F3	53	80	
203	62.222656	G4	67	71	215	49.821414	G4	67	80	
204	62.386719	E5	76	81	216	49.999985	E5	76	80	
205	62.399740	G3	55	51	217	49.999985	G3	55	80	
206	63.132812	G4	67	69	218	50.535699	G4	67	80	
207	63.265625	F#4	66	77	219	50.714270	F#4	66	80	
208	63.281250	Bb3	58	64	220	50.714270	Bb3	58	80	
209	64.022135	E4	64	69	223	51.249985	E4	64	80	
210	64.164062	F#4	66	75	224	51.428556	F#4	66	80	
211	64.170573	D4	62	63	225	51.428556	D4	62	80	
212	64.177083	A3	57	51	226	51.428556	A3	57	80	
213	64.192708	C3	48	47	227	51.428556	C3	48	80	
214	64.919271	G4	67	69	228	51.964270	G4	67	80	
215	65.063802	A4	69	72	229	52.142842	A4	69	80	
216	65.742188	F#3	54	54	230	52.499984	F#3	54	80	
217	65.910156	Bb2	46	60	232	52.857127	Bb2	46	80	
218	65.919271	D3	50	54	231	52.857127	D3	50	80	
219	66.641927	D4	62	74	233	53.392841	D4	62	80	
220	66.798177	G4	67	77	234	53.571413	G4	67	80	
221	66.813802	Bb3	58	62	236	53.571413	Bb3	58	80	
222	67.558594	Bb4	70	76	237	54.107127	Bb4	70	80	
223	67.709635	C5	72	72	238	54.285698	C5	72	80	
224	67.718750	Eb3	51	56	239	54.285698	Eb3	51	80	
225	67.740885	A2	45	45	240	54.285698	A2	45	80	
226	68.437500	G4	67	61	241	54.821412	G4	67	80	
227	68.604167	F#4	66	68	242	54.999983	F#4	66	80	
228	68.621094	C3	48	47	243	54.999983	C3	48	80	
229	69.372396	E4	64	67	244	55.535698	E4	64	80	
230	69.520833	F#4	66	75	245	55.714269	F#4	66	80	
231	69.553385	D3	50	49	246	55.714269	D3	50	80	
232	70.315104	D5	74	66	248	56.249983	D5	74	80	
233	70.483073	A4	69	66	249	56.428555	A4	69	80	
234	70.488281	D2	38	45	250	56.428555	D2	38	80	
235	71.266927	C5	72	67	251	56.964269	C5	72	80	
236	71.415365	Bb4	70	71	252	57.142840	Bb4	70	80	
237	71.444010	G2	43	42	253	57.142840	G2	43	80	
238	72.188802	G4	67	61	254	57.678554	G4	67	80	
239	72.341146	D4	62	52	255	57.857126	D4	62	80	
240	72.368490	Bb2	46	39	256	57.857126	Bb2	46	80	
241	73.040365	F4	65	59	257	58.392840	F4	65	80	
242	73.053385	D3	50	47	258	58.392840	D3	50	80	
243	73.203125	Eb4	63	59	259	58.571411	Eb4	63	80	
244	73.230469	G3	55	47	260	58.571411	G3	55	80	
245	73.908854	Bb4	70	76	261	59.107125	Bb4	70	80	
246	74.062500	Eb5	75	80	262	59.285697	Eb5	75	80	
247	74.071615	Bb3	58	60	263	59.285697	Bb3	58	80	
248	74.805990	G5	79	82	264	59.821411	G5	79	80	
249	74.977865	G#4	68	84	265	59.999982	G#4	68	80	
250	74.992188	C4	60	59	266	59.999982	C4	60	80	
251	75.716146	D4	62	75	267	60.535696	D4	62	80	
252	75.723958	F3	53	63	268	60.535696	F3	53	80	
253	75.867188	Eb4	63	79	269	60.714267	Eb4	63	80	
254	75.882812	C3	48	70	270	60.714267	C3	48	80	
255	76.575521	Eb3	51	63	272	61.249982	Eb3	51	80	
256	76.580729	C4	60	70	271	61.249982	C4	60	80	
257	76.800781	F4	65	70	273	61.428553	F4	65	80	
258	76.802083	D3	50	63	274	61.428553	D3	50	80	
259	76.867188	Eb4	63	74	275	61.514862	Eb4	63	80	
260	76.950521	F4	65	74	276	61.604148	F4	65	80	
261	77.539062	Bb2	46	75	277	61.964267	Bb2	46	80	
262	77.700521	F2	41	75	278	62.142839	F2	41	80	
263	78.438802	F4	65	73	279	62.499981	F4	65	80	
264	78.451823	G#2	44	56	280	62.678553	G#2	44	80	
265	78.597656	Bb3	58	76	281	62.857124	Bb3	58	80	
266	78.610677	G2	43	64	282	62.857124	G2	43	80	
267	79.347656	D4	62	68	283	63.392838	D4	62	80	
268	79.489583	F4	65	74	284	63.571410	F4	65	80	
269	79.501302	Bb2	46	59	285	63.571410	Bb2	46	80	
270	80.216146	G#4	68	71	286	64.107124	G#4	68	80	
271	80.367188	G4	67	75	287	64.285695	G4	67	80	
272	80.399740	Eb3	51	50	288	64.285695	Eb3	51	80	
273	81.092448	Bb3	58	64	289	64.821409	Bb3	58	80	
274	81.235677	Eb4	63	69	290	64.999981	Eb4	63	80	
275	81.250000	G3	55	53	291	64.999981	G3	55	80	
276	81.990885	G4	67	75	292	65.357123	G4	67	80	
277	82.140625	F4	65	73	293	65.714266	F4	65	80	
278	82.154948	A2	45	44	295	65.714266	A2	45	80	
279	82.166667	C3	48	50	294	65.714266	C3	48	80	
280	82.889323	Eb4	63	66	296	66.249980	Eb4	63	80	
281	83.046875	D4	62	58	297	66.428551	D4	62	80	
282	83.080729	F4	65	5	*	-1	*	-1	-1	
283	83.759115	C4	60	65	298	66.964266	C4	60	80	
284	83.917969	D4	62	72	299	67.142837	D4	62	80	
285	83.927083	G3	55	52	300	67.142837	G3	55	80	
286	83.945312	B2	47	44	301	67.142837	B2	47	80	
287	84.657552	F4	65	64	302	67.678551	F4	65	80	
288	84.815104	G4	67	69	303	67.857123	G4	67	80	
289	85.526042	D4	62	70	304	68.392837	D4	62	80	
290	85.682292	Eb4	63	67	305	68.571408	Eb4	63	80	
291	85.704427	C3	48	52	306	68.571408	C3	48	80	
292	86.441406	B3	59	52	307	69.107122	B3	59	80	
293	86.595052	C4	60	58	308	69.285694	C4	60	80	
294	87.326823	G3	55	58	309	69.821408	G3	55	80	
295	87.505208	Eb3	51	54	310	69.999979	Eb3	51	80	
296	88.252604	Eb5	75	59	311	70.535693	Eb5	75	80	
297	88.269531	G3	55	41	312	70.535693	G3	55	80	
298	88.417969	A4	69	63	313	70.714264	A4	69	80	
299	88.440104	C3	48	47	314	70.714264	C3	48	80	
300	89.132812	C5	72	67	316	71.249979	C5	72	80	
301	89.139323	Eb3	51	40	317	71.249979	Eb3	51	80	
302	89.286458	F#4	66	70	318	71.428550	F#4	66	80	
303	89.312500	D3	50	46	319	71.428550	D3	50	80	
304	89.988281	D4	62	69	320	71.964264	D4	62	80	
305	89.994792	F#3	54	47	321	71.964264	F#3	54	80	
306	90.141927	F#4	66	78	322	72.142836	F#4	66	80	
307	90.170573	A3	57	51	323	72.142836	A3	57	80	
308	90.859375	A4	69	75	325	72.678550	A4	69	80	
309	90.865885	C3	48	58	*	-1	*	-1	-1	
310	91.023438	Bb2	46	64	327	72.857121	Bb2	46	80	
311	91.036458	D5	74	79	326	72.857121	D5	74	80	
312	91.746094	A4	69	76	328	73.392835	A4	69	80	
313	91.760417	F#3	54	57	329	73.392835	F#3	54	80	
314	91.899740	Bb4	70	79	330	73.571406	Bb4	70	80	
315	91.929688	G3	55	64	331	73.571406	G3	55	80	
316	92.635417	F#4	66	74	332	74.107121	F#4	66	80	
317	92.639323	A3	57	66	333	74.107121	A3	57	80	
318	92.799479	G4	67	84	334	74.285692	G4	67	80	
319	92.813802	Bb3	58	76	335	74.285692	Bb3	58	80	
320	93.527344	Bb2	46	80	336	74.821406	Bb2	46	80	
321	93.682292	C3	48	88	337	74.999977	C3	48	80	
322	94.416667	D3	50	78	338	75.535692	D3	50	80	
323	94.575521	Eb3	51	84	339	75.714263	Eb3	51	80	
324	95.358073	G5	79	85	340	76.249977	G5	79	80	
325	95.359375	Bb3	58	69	341	76.249977	Bb3	58	80	
326	95.506510	C5	72	89	342	76.428549	C5	72	80	
327	95.509115	A3	57	71	343	76.428549	A3	57	80	
328	96.263021	Eb5	75	84	344	76.964263	Eb5	75	80	
329	96.286458	Bb3	58	66	345	76.964263	Bb3	58	80	
330	96.429688	A4	69	90	346	77.142834	A4	69	80	
331	96.438802	F4	65	82	347	77.142834	F4	65	80	
332	96.447917	C4	60	69	348	77.142834	C4	60	80	
333	96.584635	F4	65	3	*	-1	*	-1	-1	
334	97.199219	F4	65	85	349	77.678548	F4	65	80	
335	97.205729	A3	57	60	350	77.678548	A3	57	80	
336	97.354167	A4	69	95	351	77.857119	A4	69	80	
337	97.361979	F3	53	69	352	77.857119	F3	53	80	
338	98.108073	A3	57	71	354	78.392834	A3	57	80	
339	98.109375	C5	72	87	353	78.392834	C5	72	80	
340	98.268229	F5	77	99	355	78.571405	F5	77	80	
341	98.277344	D4	62	73	356	78.571405	D4	62	80	
342	99.033854	F4	65	87	357	79.107119	F4	65	80	
343	99.048177	D3	50	73	358	79.107119	D3	50	80	
344	99.194010	Eb3	51	79	360	79.285691	Eb3	51	80	
345	99.199219	G4	67	97	359	79.285691	G4	67	80	
346	100.037760	A4	69	94	361	79.821405	A4	69	80	
347	100.046875	F3	53	75	362	79.821405	F3	53	80	
348	100.251302	G3	55	76	364	79.999976	G3	55	80	
349	100.251302	Bb4	70	97	363	79.999976	Bb4	70	80	
350	101.085938	Bb5	82	91	365	80.535690	Bb5	82	80	
351	101.274740	G5	79	96	366	80.714262	G5	79	80	
352	101.923177	D5	74	71	367	81.249976	D5	74	80	
353	102.114583	E5	76	75	368	81.428547	E5	76	80	
354	102.173177	F5	77	74	369	81.514856	F5	77	80	
355	102.253906	E5	76	72	370	81.604142	E5	76	80	
356	102.919271	C#4	61	68	371	81.964261	C#4	61	80	
357	103.074219	C4	60	68	372	82.142832	C4	60	80	
358	103.768229	E5	76	73	373	82.499975	E5	76	80	
359	103.786458	Bb3	58	54	374	82.678547	Bb3	58	80	
360	103.942708	F5	77	75	375	82.857118	F5	77	80	
361	103.950521	F3	53	55	377	82.857118	F3	53	80	
362	103.975260	C4	60	47	376	82.857118	C4	60	80	
363	104.626302	Bb4	70	69	378	83.392832	Bb4	70	80	
364	104.766927	G#4	68	70	379	83.571404	G#4	68	80	
365	105.442708	G4	67	69	380	84.107118	G4	67	80	
366	105.593750	G#4	68	70	381	84.285689	G#4	68	80	
367	106.330729	C4	60	53	383	84.821403	C4	60	80	
368	106.339844	Eb5	75	71	382	84.821403	Eb5	75	80	
369	106.490885	D5	74	78	384	84.999975	D5	74	80	
370	106.500000	F4	65	67	385	84.999975	F4	65	80	
371	107.184896	Eb4	63	72	387	85.535689	Eb4	63	80	
372	107.187500	F5	77	86	386	85.535689	F5	77	80	
373	107.373698	B4	71	79	388	85.714260	B4	71	80	
374	107.375000	G4	67	79	389	85.714260	G4	67	80	
375	107.381510	D4	62	78	390	85.714260	D4	62	80	
376	107.480469	D4	62	53	*	-1	*	-1	-1	
377	108.117188	G3	55	82	391	86.249974	G3	55	80	
378	108.270833	D3	50	84	392	86.428545	D3	50	80	
379	108.989583	F3	53	86	393	86.964260	F3	53	80	
380	109.130208	Eb4	63	81	395	87.142831	Eb4	63	80	
381	109.132812	C5	72	89	394	87.142831	C5	72	80	
382	109.140625	Eb3	51	84	396	87.142831	Eb3	51	80	
383	109.851562	C3	48	89	397	87.678545	C3	48	80	
384	110.000000	G2	43	91	398	87.857117	G2	43	80	
385	110.733073	Bb2	46	83	399	88.392831	Bb2	46	80	
386	110.898438	A2	45	90	400	88.571402	A2	45	80	
387	111.636719	D5	74	78	401	89.107116	D5	74	80	
388	111.795573	Eb5	75	87	402	89.285688	Eb5	75	80	
389	111.805990	G3	55	79	403	89.285688	G3	55	80	
390	112.523438	Bb4	70	85	404	89.821402	Bb4	70	80	
391	112.666667	C5	72	90	405	89.999973	C5	72	80	
392	112.673177	F#3	54	77	406	89.999973	F#3	54	80	
393	113.430990	G4	67	75	407	90.535687	G4	67	80	
394	113.571615	A3	57	69	409	90.714258	A3	57	80	
395	113.574219	F#4	66	80	408	90.714258	F#4	66	80	
396	114.342448	A4	69	76	410	91.249973	A4	69	80	
397	114.497396	D4	62	78	411	91.428544	D4	62	80	
398	114.505208	Bb2	46	67	412	91.428544	Bb2	46	80	
399	115.256510	C5	72	80	413	91.964258	C5	72	80	
400	115.415365	D5	74	81	414	92.142830	D5	74	80	
401	115.419271	G3	55	64	415	92.142830	G3	55	80	
402	116.175781	A4	69	77	416	92.678544	A4	69	80	
403	116.195312	F#3	54	52	417	92.678544	F#3	54	80	
404	116.334635	Bb4	70	76	418	92.857115	Bb4	70	80	
405	116.346354	G3	55	54	419	92.857115	G3	55	80	
406	117.101562	F#4	66	68	420	93.392829	F#4	66	80	
407	117.255208	G4	67	69	421	93.571400	G4	67	80	
408	117.993490	D4	62	66	422	94.107115	D4	62	80	
409	118.158854	Eb4	63	73	423	94.285686	Eb4	63	80	
410	118.169271	C3	48	58	424	94.285686	C3	48	80	
411	118.957031	Eb5	75	81	425	94.821400	Eb5	75	80	
412	119.109375	G4	67	81	426	94.999972	G4	67	80	
413	119.128906	C4	60	71	427	94.999972	C4	60	80	
414	119.888021	Bb4	70	84	428	95.535686	Bb4	70	80	
415	120.036458	G#4	68	86	429	95.714257	G#4	68	80	
416	120.792969	C4	60	84	430	96.249971	C4	60	80	
417	120.927083	C5	72	90	431	96.428543	C5	72	80	
418	120.944010	G3	55	76	432	96.428543	G3	55	80	
419	121.696615	Bb3	58	88	433	96.964257	Bb3	58	80	
420	121.859375	F#4	66	95	434	97.142828	F#4	66	80	
421	121.867188	A3	57	88	436	97.142828	A3	57	80	
422	121.868490	D4	62	77	435	97.142828	D4	62	80	
423	122.638021	D3	50	85	437	97.678542	D3	50	80	
424	122.795573	A2	45	91	438	97.857113	A2	45	80	
425	123.535156	C3	48	89	439	98.392828	C3	48	80	
426	123.703125	Bb2	46	95	442	98.571399	Bb2	46	80	
427	123.703125	Bb3	58	94	441	98.571399	Bb3	58	80	
428	123.705729	G4	67	92	440	98.571399	G4	67	80	
429	124.423177	G2	43	89	443	99.107113	G2	43	80	
430	124.589844	D2	38	95	444	99.285685	D2	38	80	
431	125.332031	F2	41	96	445	99.821399	F2	41	80	
432	125.480469	Eb2	39	88	446	99.999970	Eb2	39	80	
433	126.272135	F#4	66	88	447	100.535684	F#4	66	80	
434	126.412760	G4	67	92	448	100.714256	G4	67	80	
435	126.419271	Eb3	51	90	449	100.714256	Eb3	51	80	
436	127.173177	Bb4	70	88	450	101.249970	Bb4	70	80	
437	127.179688	D3	50	67	451	101.249970	D3	50	80	
438	127.338542	Eb3	51	74	453	101.428541	Eb3	51	80	
439	127.345052	C#4	61	76	452	101.428541	C#4	61	80	
440	127.371094	Eb4	63	61	*	-1	*	-1	-1	
441	128.106771	Bb4	70	78	454	101.964255	Bb4	70	80	
442	128.115885	F#3	54	57	455	101.964255	F#3	54	80	
443	128.259115	A4	69	83	456	102.142826	A4	69	80	
444	128.279948	G3	55	61	457	102.142826	G3	55	80	
445	128.286458	E3	52	56	458	102.142826	E3	52	80	
446	129.031250	G4	67	73	459	102.678541	G4	67	80	
447	129.055990	A3	57	54	460	102.678541	A3	57	80	
448	129.201823	F#4	66	79	461	102.857112	F#4	66	80	
449	129.210938	D4	62	74	462	102.857112	D4	62	80	
450	129.225260	Bb3	58	63	463	102.857112	Bb3	58	80	
451	129.238281	D3	50	52	464	102.857112	D3	50	80	
452	129.993490	C#4	61	66	465	103.392826	C#4	61	80	
453	130.134115	D4	62	71	466	103.571398	D4	62	80	
454	130.846354	F#4	66	81	467	103.928540	F#4	66	80	
455	131.016927	G4	67	81	468	104.285683	G4	67	80	
456	131.716146	C#4	61	68	469	104.821397	C#4	61	80	
457	131.722656	Bb3	58	60	470	104.821397	Bb3	58	80	
458	131.895833	D4	62	71	471	104.999969	D4	62	80	
459	131.903646	A3	57	62	472	104.999969	A3	57	80	
460	132.660156	G3	55	55	473	105.535683	G3	55	80	
461	132.839844	A3	57	60	474	105.714254	A3	57	80	
462	133.580729	Bb4	70	74	475	106.249968	Bb4	70	80	
463	133.744792	A4	69	77	476	106.428539	A4	69	80	
464	133.779948	C4	60	53	477	106.428539	C4	60	80	
465	134.519531	C5	72	75	478	106.964254	C5	72	80	
466	134.695312	F#4	66	78	479	107.142825	F#4	66	80	
467	135.488281	Eb4	63	72	480	107.678539	Eb4	63	80	
468	135.645833	D4	62	71	481	107.857111	D4	62	80	
469	136.511719	C4	60	79	482	108.392825	C4	60	80	
470	136.708333	G4	67	90	483	108.571396	G4	67	80	
471	136.725260	G3	55	82	484	108.571396	G3	55	80	
472	136.729167	G2	43	76	485	108.571396	G2	43	80	
473	137.562500	A3	57	75	486	109.107110	A3	57	80	
474	137.734375	B3	59	74	487	109.285682	B3	59	80	
475	138.511719	F4	65	76	488	109.642824	F4	65	80	
476	138.673177	Eb4	63	77	489	109.999967	Eb4	63	80	
477	139.475260	B3	59	66	490	110.535681	B3	59	80	
478	139.634115	C4	60	68	491	110.714253	C4	60	80	
479	140.385417	Eb4	63	73	492	111.071395	Eb4	63	80	
480	140.393229	F#3	54	41	493	111.071395	F#3	54	80	
481	140.549479	D4	62	71	494	111.428538	D4	62	80	
482	140.561198	G3	55	45	495	111.428538	G3	55	80	
483	140.565104	C4	60	16	*	-1	*	-1	-1	
484	141.371094	C4	60	63	496	111.964252	C4	60	80	
485	141.537760	B3	59	62	497	112.142824	B3	59	80	
486	142.346354	G4	67	75	498	112.499966	G4	67	80	
487	142.365885	F3	53	51	499	112.499966	F3	53	80	
488	142.488281	Eb3	51	49	500	112.678538	Eb3	51	80	
489	142.638021	D3	50	56	502	112.857109	D3	50	80	
490	142.647135	F5	77	81	501	112.857109	F5	77	80	
491	143.445312	C5	72	71	503	113.392823	C5	72	80	
492	143.470052	G2	43	59	504	113.392823	G2	43	80	
493	143.638021	B4	71	69	505	113.571394	B4	71	80	
494	143.660156	G3	55	55	506	113.571394	G3	55	80	
495	144.402344	D5	74	68	507	113.928537	D5	74	80	
496	144.595052	Eb5	75	74	508	114.285680	Eb5	75	80	
497	145.455729	G4	67	65	509	114.821394	G4	67	80	
498	145.472656	F3	53	43	510	114.821394	F3	53	80	
499	145.636719	C5	72	69	511	114.999966	C5	72	80	
500	145.645833	Eb3	51	52	512	114.999966	Eb3	51	80	
501	146.480469	D5	74	69	513	115.357108	D5	74	80	
502	146.488281	G3	55	48	514	115.535680	G3	55	80	
503	146.673177	Eb5	75	69	515	115.714251	Eb5	75	80	
504	146.694010	C3	48	50	516	115.714251	C3	48	80	
505	147.622396	C5	72	69	517	116.249965	C5	72	80	
506	147.632812	Eb3	51	34	519	116.249965	Eb3	51	80	
507	147.763021	D3	50	45	520	116.339251	D3	50	80	
508	147.964844	G5	79	77	521	116.428537	G5	79	80	
509	147.971354	Eb3	51	51	523	116.428537	Eb3	51	80	
510	149.141927	F#5	78	71	524	116.964251	F#5	78	80	
511	149.455729	G5	79	66	525	117.142822	G5	79	80	
512	149.500000	D3	50	42	526	117.142822	D3	50	80	
513	150.515625	C5	72	60	527	117.678536	C5	72	80	
514	150.785156	D5	74	52	528	117.857107	D5	74	80	
515	152.236979	A4	69	50	530	118.392822	A4	69	80	
516	152.996094	B4	71	49	531	118.571393	B4	71	80	
*	-1	*	-1	-1	52	13.571425	G4	67	80	
*	-1	*	-1	-1	75	19.285709	C5	72	80	
*	-1	*	-1	-1	87	21.428565	G3	55	80	
*	-1	*	-1	-1	104	26.514873	G#4	68	80	
*	-1	*	-1	-1	108	27.142849	D5	74	80	
*	-1	*	-1	-1	112	28.032730	Eb4	63	80	
*	-1	*	-1	-1	134	32.229157	Eb5	75	80	
*	-1	*	-1	-1	165	39.999988	D5	74	80	
*	-1	*	-1	-1	196	45.714272	D3	50	80	
*	-1	*	-1	-1	213	49.372009	Bb4	70	80	
*	-1	*	-1	-1	222	50.889866	F#4	66	80	
*	-1	*	-1	-1	235	53.571413	G4	67	80	
*	-1	*	-1	-1	247	55.714269	D3	50	80	
*	-1	*	-1	-1	315	70.714264	C3	48	80	
*	-1	*	-1	-1	324	72.499978	C3	48	80	
*	-1	*	-1	-1	518	116.249965	C5	72	80	
*	-1	*	-1	-1	522	116.428537	C5	72	80	
*	-1	*	-1	-1	529	117.857107	D5	74	80	
*	-1	*	-1	-1	105	26.604159	G4	67	80	
*	-1	*	-1	-1	111	27.943444	F4	65	80	
*	-1	*	-1	-1	135	32.318443	D5	74	80	
*	-1	*	-1	-1	214	49.461295	A4	69	80	
*	-1	*	-1	-1	221	50.800580	G4	67	80	
