// alignID alignOntime alignSitch alignPitch alignOnvel refID refOntime refSitch refPitch refOnvel
0	0.962240	B2	47	60	0	0.000000	B2	47	80	
1	1.113281	B3	59	68	1	0.125000	B3	59	80	
2	1.263021	C#4	61	72	2	0.250000	C#4	61	80	
3	1.391927	Eb4	63	70	3	0.375000	Eb4	63	80	
4	1.519531	E4	64	78	4	0.500000	E4	64	80	
5	1.656250	F#4	66	70	5	0.625000	F#4	66	80	
6	1.783854	G#4	68	71	6	0.750000	G#4	68	80	
7	1.912760	Bb4	70	67	7	0.875000	Bb4	70	80	
8	2.020833	B4	71	75	8	1.000000	B4	71	80	
9	2.085938	Bb4	70	80	9	1.061458	Bb4	70	80	
10	2.160156	B4	71	73	10	1.123958	B4	71	80	
11	2.204427	B3	59	50	11	1.125000	B3	59	80	
12	2.315104	Bb3	58	60	12	1.250000	Bb3	58	80	
13	2.444010	C#5	73	74	13	1.375000	C#5	73	80	
14	2.451823	G#3	56	59	14	1.375000	G#3	56	80	
15	2.570312	F#3	54	70	16	1.500000	F#3	54	80	
16	2.574219	Eb5	75	75	15	1.500000	C#5	73	80	
17	2.684896	Eb5	75	59	17	1.561458	Eb5	75	80	
18	2.699219	C#5	73	54	18	1.623958	C#5	73	80	
19	2.726562	E3	52	51	19	1.625000	E3	52	80	
20	2.796875	Eb5	75	78	20	1.687500	Eb5	75	80	
21	2.815104	Eb3	51	59	22	1.750000	Eb3	51	80	
22	2.841146	C#5	73	67	21	1.748958	C#5	73	80	
23	2.924479	C#3	49	60	25	1.875000	C#3	49	80	
24	2.940104	B4	71	69	24	1.875000	B4	71	80	
25	2.988281	C#5	73	54	26	1.937500	C#5	73	80	
26	3.083333	B2	47	51	28	2.000000	B2	47	80	
27	3.084635	Eb5	75	78	27	2.000000	Eb5	75	80	
28	3.227865	Bb4	70	75	29	2.125000	Bb4	70	80	
29	3.361979	B4	71	80	30	2.250000	B4	71	80	
30	3.494792	Eb5	75	79	31	2.375000	Eb5	75	80	
31	3.588542	Eb3	51	70	34	2.561458	Eb3	51	80	
32	3.617188	E5	76	73	32	2.500000	E5	76	80	
33	3.669271	C#3	49	59	35	2.623958	C#3	49	80	
34	3.725260	Eb3	51	59	37	2.687500	Eb3	51	80	
35	3.731771	Bb4	70	74	36	2.625000	Bb4	70	80	
36	3.802083	C#3	49	60	38	2.748958	C#3	49	80	
37	3.851562	B4	71	70	39	2.750000	B4	71	80	
38	3.975260	B2	47	49	42	2.875000	B2	47	80	
39	3.980469	E5	76	71	41	2.875000	E5	76	80	
40	4.015625	C#3	49	53	43	2.937500	C#3	49	80	
41	4.128906	F#5	78	81	44	3.000000	F#5	78	80	
42	4.135417	Eb3	51	77	45	3.000000	Eb3	51	80	
43	4.256510	B4	71	79	46	3.125000	B4	71	80	
44	4.398438	G#5	80	84	47	3.250000	G#5	80	80	
45	4.529948	F#5	78	79	48	3.375000	F#5	78	80	
46	4.544271	E3	52	65	51	3.500000	E3	52	80	
47	4.671875	F#3	54	62	52	3.561458	F#3	54	80	
48	4.675781	E5	76	77	50	3.500000	E5	76	80	
49	4.727865	E3	52	67	53	3.623958	E3	52	80	
50	4.792969	Eb5	75	76	54	3.625000	Eb5	75	80	
51	4.798177	F#3	54	55	55	3.687500	F#3	54	80	
52	4.855469	E3	52	60	56	3.748958	E3	52	80	
53	4.911458	C#5	73	71	57	3.750000	C#5	73	80	
54	4.927083	Eb3	51	70	60	3.875000	Eb3	51	80	
55	5.014323	E3	52	64	61	3.937500	E3	52	80	
56	5.027344	B4	71	70	59	3.875000	B4	71	80	
57	5.177083	Bb4	70	59	62	4.000000	Bb4	70	80	
58	5.180990	F#3	54	65	63	4.000000	F#3	54	80	
59	5.305990	F4	65	58	64	4.125000	F4	65	80	
60	5.449219	Bb3	58	66	66	4.250000	Bb3	58	80	
61	5.457031	F#4	66	56	65	4.250000	F#4	66	80	
62	5.593750	C#5	73	60	67	4.375000	C#5	73	80	
63	5.733073	C#4	61	64	69	4.500000	C#4	61	80	
64	5.752604	Bb4	70	60	68	4.500000	Bb4	70	80	
65	5.872396	C#5	73	58	70	4.625000	C#5	73	80	
66	6.029948	F#4	66	57	71	4.750000	F#4	66	80	
67	6.033854	Bb3	58	53	72	4.750000	Bb3	58	80	
68	6.156250	C#5	73	64	73	4.875000	C#5	73	80	
69	6.285156	F#3	54	55	75	5.000000	F#3	54	80	
70	6.296875	Bb4	70	60	74	5.000000	Bb4	70	80	
71	6.423177	F4	65	56	76	5.125000	F4	65	80	
72	6.561198	Bb3	58	54	78	5.250000	Bb3	58	80	
73	6.570312	F#4	66	60	77	5.250000	F#4	66	80	
74	6.699219	C#5	73	61	79	5.375000	C#5	73	80	
75	6.833333	C#4	61	60	81	5.500000	C#4	61	80	
76	6.868490	Bb4	70	59	80	5.500000	Bb4	70	80	
77	6.993490	C#5	73	59	82	5.625000	C#5	73	80	
78	7.119792	E3	52	54	84	5.750000	E3	52	80	
79	7.126302	F#4	66	56	83	5.750000	F#4	66	80	
80	7.252604	C#5	73	62	85	5.875000	C#5	73	80	
81	7.386719	B4	71	63	86	6.000000	B4	71	80	
82	7.398438	Eb3	51	60	87	6.000000	Eb3	51	80	
83	7.528646	F4	65	57	88	6.125000	F4	65	80	
84	7.660156	B3	59	59	90	6.250000	B3	59	80	
85	7.667969	F#4	66	63	89	6.250000	F#4	66	80	
86	7.789062	Eb5	75	60	91	6.375000	Eb5	75	80	
87	7.942708	Eb4	63	64	93	6.500000	Eb4	63	80	
88	7.953125	B4	71	62	92	6.500000	B4	71	80	
89	8.085938	Eb5	75	60	94	6.625000	Eb5	75	80	
90	8.213542	B3	59	63	96	6.750000	B3	59	80	
91	8.223958	F#4	66	58	95	6.750000	F#4	66	80	
92	8.356771	Eb5	75	64	97	6.875000	Eb5	75	80	
93	8.479167	F#3	54	62	99	7.000000	F#3	54	80	
94	8.489583	B4	71	59	98	7.000000	B4	71	80	
95	8.622396	F4	65	55	100	7.125000	F4	65	80	
96	8.755208	B3	59	59	102	7.250000	B3	59	80	
97	8.765625	F#4	66	62	101	7.250000	F#4	66	80	
98	8.903646	Eb5	75	64	103	7.375000	Eb5	75	80	
99	9.040365	Eb4	63	68	105	7.500000	Eb4	63	80	
100	9.040365	B4	71	70	104	7.500000	B4	71	80	
101	9.177083	Eb5	75	75	106	7.625000	Eb5	75	80	
102	9.302083	B3	59	74	108	7.750000	B3	59	80	
103	9.311198	F#4	66	74	107	7.750000	F#4	66	80	
104	9.440104	Eb5	75	80	109	7.875000	Eb5	75	80	
105	9.569010	Bb2	46	70	111	8.000000	Bb2	46	80	
106	9.591146	C#5	73	73	110	8.000000	C#5	73	80	
107	9.717448	F4	65	73	112	8.125000	F4	65	80	
108	9.868490	C#4	61	71	114	8.250000	C#4	61	80	
109	9.872396	F#4	66	73	113	8.250000	F#4	66	80	
110	10.009115	E5	76	66	115	8.375000	E5	76	80	
111	10.128906	E4	64	71	117	8.500000	E4	64	80	
112	10.147135	C#5	73	73	116	8.500000	C#5	73	80	
113	10.276042	E5	76	57	118	8.625000	E5	76	80	
114	10.402344	C#4	61	70	120	8.750000	C#4	61	80	
115	10.412760	Bb4	70	60	119	8.750000	Bb4	70	80	
116	10.524740	E5	76	59	121	8.875000	E5	76	80	
117	10.674479	Bb3	58	69	123	9.000000	Bb3	58	80	
118	10.686198	C#5	73	65	122	9.000000	C#5	73	80	
119	10.812500	F4	65	62	124	9.125000	F4	65	80	
120	10.953125	C#4	61	70	126	9.250000	C#4	61	80	
121	10.970052	F#4	66	67	125	9.250000	F#4	66	80	
122	11.118490	E5	76	61	127	9.375000	E5	76	80	
123	11.223958	Bb3	58	65	129	9.500000	Bb3	58	80	
124	11.248698	C#5	73	69	128	9.500000	C#5	73	80	
125	11.361979	E5	76	64	130	9.625000	E5	76	80	
126	11.500000	F#3	54	64	132	9.750000	F#3	54	80	
127	11.507812	Bb4	70	66	131	9.750000	Bb4	70	80	
128	11.632812	E5	76	69	133	9.875000	E5	76	80	
129	11.772135	Eb5	75	71	134	10.000000	Eb5	75	80	
130	11.779948	B2	47	66	135	10.000000	B2	47	80	
131	11.917969	Bb4	70	67	136	10.125000	Bb4	70	80	
132	12.040365	B4	71	69	137	10.250000	B4	71	80	
133	12.046875	Eb4	63	67	138	10.250000	Eb4	63	80	
134	12.177083	F#5	78	72	139	10.375000	F#5	78	80	
135	12.311198	F#4	66	73	141	10.500000	F#4	66	80	
136	12.320312	Eb5	75	71	140	10.500000	Eb5	75	80	
137	12.453125	F#5	78	74	142	10.625000	F#5	78	80	
138	12.572917	B4	71	71	143	10.750000	B4	71	80	
139	12.578125	Eb4	63	74	144	10.750000	Eb4	63	80	
140	12.714844	F#5	78	81	145	10.875000	F#5	78	80	
141	12.855469	B3	59	78	147	11.000000	B3	59	80	
142	12.860677	Eb5	75	79	146	11.000000	Eb5	75	80	
143	12.996094	Bb4	70	77	148	11.125000	Bb4	70	80	
144	13.117188	Eb4	63	87	150	11.250000	Eb4	63	80	
145	13.132812	B4	71	78	149	11.250000	B4	71	80	
146	13.255208	F#5	78	79	151	11.375000	F#5	78	80	
147	13.385417	Eb5	75	84	152	11.500000	Eb5	75	80	
148	13.390625	B3	59	75	153	11.500000	B3	59	80	
149	13.506510	F#5	78	83	154	11.625000	F#5	78	80	
150	13.649740	F#3	54	65	156	11.750000	F#3	54	80	
151	13.658854	B4	71	83	155	11.750000	B4	71	80	
152	13.770833	F#5	78	86	157	11.875000	F#5	78	80	
153	13.927083	Eb3	51	56	159	12.000000	Eb3	51	80	
154	13.934896	A5	81	79	158	12.000000	A5	81	80	
155	14.062500	E5	76	78	160	12.125000	E5	76	80	
156	14.203125	F#5	78	84	161	12.250000	F#5	78	80	
157	14.208333	B3	59	42	162	12.250000	B3	59	80	
158	14.300781	A5	81	76	163	12.375000	A5	81	80	
159	14.453125	Eb5	75	85	164	12.500000	Eb5	75	80	
160	14.455729	F#3	54	60	165	12.500000	F#3	54	80	
161	14.585938	F#5	78	80	166	12.625000	F#5	78	80	
162	14.712240	Eb3	51	57	168	12.750000	Eb3	51	80	
163	14.721354	B4	71	77	167	12.750000	B4	71	80	
164	14.842448	F#5	78	82	169	12.875000	F#5	78	80	
165	14.994792	A5	81	77	170	13.000000	A5	81	80	
166	15.002604	B2	47	51	171	13.000000	B2	47	80	
167	15.122396	F#5	78	82	172	13.125000	F#5	78	80	
168	15.253906	E5	76	77	173	13.250000	E5	76	80	
169	15.255208	F#3	54	53	174	13.250000	F#3	54	80	
170	15.373698	Eb5	75	77	175	13.375000	Eb5	75	80	
171	15.522135	E5	76	68	176	13.500000	E5	76	80	
172	15.523438	B3	59	47	177	13.500000	B3	59	80	
173	15.654948	Eb5	75	74	178	13.625000	Eb5	75	80	
174	15.783854	C#5	73	70	179	13.750000	C#5	73	80	
175	15.795573	F#3	54	46	180	13.750000	Eb3	51	80	
176	15.904948	B4	71	69	181	13.875000	B4	71	80	
177	16.059896	G#5	80	68	182	14.000000	G#5	80	80	
178	16.076823	E3	52	52	183	14.000000	E3	52	80	
179	16.196615	E5	76	70	184	14.125000	E5	76	80	
180	16.328125	Eb5	75	77	185	14.250000	Eb5	75	80	
181	16.334635	G#3	56	68	186	14.250000	G#3	56	80	
182	16.453125	C#5	73	75	187	14.375000	C#5	73	80	
183	16.592448	Bb2	46	67	189	14.500000	Bb2	46	80	
184	16.606771	Eb5	75	86	188	14.500000	Eb5	75	80	
185	16.733073	C#5	73	80	190	14.625000	C#5	73	80	
186	16.881510	G#3	56	78	192	14.750000	G#3	56	80	
187	16.882812	B4	71	79	191	14.750000	B4	71	80	
188	17.005208	Bb4	70	75	193	14.875000	Bb4	70	80	
189	17.147135	Eb3	51	74	195	15.000000	Eb3	51	80	
190	17.148438	F#5	78	76	194	15.000000	F#5	78	80	
191	17.281250	Eb5	75	78	196	15.125000	Eb5	75	80	
192	17.410156	C#5	73	73	197	15.250000	C#5	73	80	
193	17.416667	F#3	54	79	198	15.250000	F#3	54	80	
194	17.535156	B4	71	74	199	15.375000	B4	71	80	
195	17.678385	C#5	73	75	200	15.500000	C#5	73	80	
196	17.680990	G#2	44	57	201	15.500000	G#2	44	80	
197	17.809896	B4	71	71	202	15.625000	B4	71	80	
198	17.941406	F#3	54	72	204	15.750000	F#3	54	80	
199	17.949219	Bb4	70	70	203	15.750000	Bb4	70	80	
200	18.072917	G#4	68	68	205	15.875000	G#4	68	80	
201	18.201823	C#3	49	62	207	16.000000	C#3	49	80	
202	18.214844	E5	76	73	206	16.000000	E5	76	80	
203	18.332031	Eb3	51	75	209	16.125000	Eb3	51	80	
204	18.343750	Eb5	75	75	208	16.125000	Eb5	75	80	
205	18.457031	E3	52	65	211	16.250000	E3	52	80	
206	18.476562	C#5	73	74	210	16.250000	C#5	73	80	
207	18.579427	F#3	54	76	213	16.375000	F#3	54	80	
208	18.591146	Eb5	75	81	212	16.375000	Eb5	75	80	
209	18.725260	G#3	56	69	215	16.500000	G#3	56	80	
210	18.727865	E5	76	83	214	16.500000	E5	76	80	
211	18.838542	Bb3	58	77	216	16.625000	Bb3	58	80	
212	18.992188	B3	59	73	218	16.750000	B3	59	80	
213	18.994792	G#4	68	71	217	16.750000	G#4	68	80	
214	19.105469	G#3	56	76	219	16.875000	G#3	56	80	
215	19.263021	Bb3	58	81	221	17.000000	Bb3	58	80	
216	19.270833	F#4	66	75	220	17.000000	F#4	66	80	
217	19.398438	G#4	68	75	222	17.125000	G#4	68	80	
218	19.522135	Bb4	70	75	223	17.250000	Bb4	70	80	
219	19.548177	C#4	61	78	224	17.250000	C#4	61	80	
220	19.652344	B4	71	67	225	17.375000	B4	71	80	
221	19.795573	C#5	73	80	226	17.500000	C#5	73	80	
222	19.796875	Bb3	58	87	227	17.500000	Bb3	58	80	
223	19.927083	Eb5	75	85	228	17.625000	Eb5	75	80	
224	20.046875	F#3	54	92	230	17.750000	F#3	54	80	
225	20.061198	E5	76	77	229	17.750000	E5	76	80	
226	20.135417	C#5	73	76	231	17.875000	C#5	73	80	
227	20.309896	B3	59	98	233	18.000000	B3	59	80	
228	20.309896	Eb5	75	81	232	18.000000	Eb5	75	80	
229	20.432292	E5	76	77	234	18.125000	E5	76	80	
230	20.565104	B2	47	93	236	18.250000	B2	47	80	
231	20.582031	Eb5	75	92	235	18.250000	Eb5	75	80	
232	20.700521	C#5	73	68	237	18.375000	C#5	73	80	
233	20.841146	B3	59	76	239	18.500000	B3	59	80	
234	20.842448	B4	71	81	238	18.500000	B4	71	80	
235	20.859375	Bb3	58	84	240	18.562500	Bb3	58	80	
236	20.936198	B3	59	87	242	18.625000	B3	59	80	
237	20.968750	Bb4	70	73	241	18.625000	Bb4	70	80	
238	21.109375	G#4	68	74	243	18.750000	G#4	68	80	
239	21.242188	F#4	66	77	244	18.875000	F#4	66	80	
240	21.376302	F4	65	80	245	19.000000	F4	65	80	
241	21.493490	Bb3	58	73	247	19.125000	Bb3	58	80	
242	21.494792	C#4	61	80	246	19.125000	C#4	61	80	
243	21.631510	G#3	56	77	249	19.250000	G#3	56	80	
244	21.638021	F4	65	70	248	19.250000	F4	65	80	
245	21.763021	F#3	54	69	251	19.375000	F#3	54	80	
246	21.770833	G#4	68	77	250	19.375000	G#4	68	80	
247	21.910156	F3	53	79	253	19.500000	F3	53	80	
248	21.912760	C#5	73	78	252	19.500000	C#5	73	80	
249	22.033854	C#3	49	68	254	19.625000	C#3	49	80	
250	22.171875	F3	53	72	255	19.750000	F3	53	80	
251	22.294271	G#3	56	75	256	19.875000	G#3	56	80	
252	22.434896	Bb3	58	78	257	20.000000	Bb3	58	80	
253	22.550781	B4	71	63	258	20.125000	B4	71	80	
254	22.694010	C#4	61	70	260	20.250000	C#4	61	80	
255	22.700521	Bb4	70	68	259	20.250000	Bb4	70	80	
256	22.813802	G#4	68	76	261	20.375000	G#4	68	80	
257	22.971354	F#4	66	79	262	20.500000	F#4	66	80	
258	22.973958	Eb3	51	71	263	20.500000	Eb3	51	80	
259	23.097656	F4	65	79	264	20.625000	F4	65	80	
260	23.231771	F#3	54	77	266	20.750000	F#3	54	80	
261	23.248698	Eb4	63	80	265	20.750000	Eb4	63	80	
262	23.356771	C#5	73	73	267	20.875000	C#5	73	80	
263	23.498698	G#3	56	75	269	21.000000	G#3	56	80	
264	23.513021	B4	71	75	268	21.000000	B4	71	80	
265	23.645833	Bb4	70	76	270	21.125000	Bb4	70	80	
266	23.763021	B3	59	70	272	21.250000	B3	59	80	
267	23.765625	G#4	68	75	271	21.250000	G#4	68	80	
268	23.899740	F#4	66	71	273	21.375000	F#4	66	80	
269	24.039062	C#3	49	70	275	21.500000	C#3	49	80	
270	24.040365	F4	65	74	274	21.500000	F4	65	80	
271	24.160156	Eb4	63	71	276	21.625000	Eb4	63	80	
272	24.294271	F3	53	71	279	21.750000	F3	53	80	
273	24.303385	C#4	61	77	277	21.750000	C#4	61	80	
274	24.437500	B4	71	72	280	21.875000	B4	71	80	
275	24.557292	F#3	54	66	283	22.000000	F#3	54	80	
276	24.558594	Bb4	70	74	282	22.000000	Bb4	70	80	
277	24.569010	F#4	66	65	281	22.000000	F#4	66	80	
278	24.686198	F#2	42	63	284	22.125000	F#2	42	80	
279	24.820312	G#2	44	67	285	22.250000	G#2	44	80	
280	24.955729	Bb2	46	73	286	22.375000	Bb2	46	80	
281	25.089844	B2	47	69	287	22.500000	B2	47	80	
282	25.212240	C#3	49	69	288	22.625000	C#3	49	80	
283	25.345052	Eb3	51	74	289	22.750000	Eb3	51	80	
284	25.471354	F3	53	67	290	22.875000	F3	53	80	
285	25.604167	F#3	54	67	291	23.000000	F#3	54	80	
286	25.750000	G#3	56	56	292	23.125000	G#3	56	80	
287	25.815104	C#5	73	60	293	23.250000	C#5	73	80	
288	25.824219	Bb4	70	58	294	23.250000	Bb4	70	80	
289	25.890625	F#3	54	56	295	23.250000	F#3	54	80	
290	26.033854	E3	52	55	296	23.375000	E3	52	80	
291	26.123698	C5	72	65	298	23.500000	C5	72	80	
292	26.123698	F#5	78	63	297	23.500000	F#5	78	80	
293	26.166667	Eb3	51	58	299	23.500000	Eb3	51	80	
294	26.286458	G#3	56	53	300	23.625000	G#3	56	80	
295	26.386719	Eb5	75	73	301	23.750000	Eb5	75	80	
296	26.403646	F#3	54	59	302	23.750000	F#3	54	80	
297	26.540365	G#3	56	49	303	23.875000	G#3	56	80	
298	26.658854	E5	76	68	304	24.000000	E5	76	80	
299	26.664062	C#5	73	60	305	24.000000	C#5	73	80	
300	26.667969	C#3	49	56	306	24.000000	C#3	49	80	
301	26.790365	Eb3	51	59	307	24.125000	Eb3	51	80	
302	26.944010	E3	52	52	309	24.250000	E3	52	80	
303	26.951823	G#4	68	62	308	24.250000	G#4	68	80	
304	27.080729	C#3	49	52	310	24.375000	C#3	49	80	
305	27.216146	F#3	54	58	312	24.500000	F#3	54	80	
306	27.229167	A4	69	72	311	24.500000	A4	69	80	
307	27.351562	E3	52	58	313	24.625000	E3	52	80	
308	27.492188	Eb3	51	67	315	24.750000	Eb3	51	80	
309	27.492188	Bb4	70	67	314	24.750000	Bb4	70	80	
310	27.622396	C#3	49	57	316	24.875000	C#3	49	80	
311	27.779948	B4	71	73	317	25.000000	B4	71	80	
312	27.785156	B2	47	56	318	25.000000	B2	47	80	
313	27.932292	C#3	49	58	319	25.125000	C#3	49	80	
314	28.059896	B2	47	57	321	25.250000	B2	47	80	
315	28.063802	Eb5	75	71	320	25.250000	Eb5	75	80	
316	28.212240	Bb2	46	56	322	25.375000	Bb2	46	80	
317	28.356771	E5	76	75	323	25.500000	E5	76	80	
318	28.364583	G#2	44	61	324	25.500000	G#2	44	80	
319	28.501302	C#3	49	62	325	25.625000	C#3	49	80	
320	28.628906	F5	77	82	326	25.750000	F5	77	80	
321	28.630208	B2	47	64	327	25.750000	B2	47	80	
322	28.763021	C#3	49	70	328	25.875000	C#3	49	80	
323	28.917969	F#2	42	68	330	26.000000	F#2	42	80	
324	28.936198	F#5	78	83	329	26.000000	F#5	78	80	
325	29.063802	C#3	49	64	331	26.125000	C#3	49	80	
326	29.199219	F#3	54	67	333	26.250000	F#3	54	80	
327	29.230469	Bb4	70	75	332	26.250000	Bb4	70	80	
328	29.338542	E3	52	68	334	26.375000	E3	52	80	
329	29.483073	Eb3	51	70	336	26.500000	Eb3	51	80	
330	29.498698	B4	71	84	335	26.500000	B4	71	80	
331	29.626302	G#3	56	71	337	26.625000	G#3	56	80	
332	29.768229	C5	72	87	338	26.750000	C5	72	80	
333	29.770833	F#3	54	68	339	26.750000	F#3	54	80	
334	29.917969	G#3	56	68	340	26.875000	G#3	56	80	
335	30.062500	C#5	73	89	341	27.000000	C#5	73	80	
336	30.066406	C#3	49	60	342	27.000000	C#3	49	80	
337	30.184896	Eb3	51	73	343	27.125000	Eb3	51	80	
338	30.322917	F5	77	90	344	27.250000	F5	77	80	
339	30.341146	C#3	49	69	345	27.250000	C#3	49	80	
340	30.470052	B2	47	66	346	27.375000	B2	47	80	
341	30.604167	F#5	78	94	347	27.500000	F#5	78	80	
342	30.617188	Bb2	46	70	348	27.500000	Bb2	46	80	
343	30.748698	Eb3	51	74	349	27.625000	Eb3	51	80	
344	30.884115	G5	79	88	350	27.750000	G5	79	80	
345	30.897135	C#3	49	72	351	27.750000	C#3	49	80	
346	31.036458	Eb3	51	84	352	27.875000	Eb3	51	80	
347	31.166667	G#5	80	90	353	28.000000	G#5	80	80	
348	31.184896	G#2	44	76	354	28.000000	G#2	44	80	
349	31.317708	C#5	73	78	355	28.125000	C#5	73	80	
350	31.449219	Eb3	51	76	357	28.250000	Eb3	51	80	
351	31.454427	B4	71	79	356	28.250000	B4	71	80	
352	31.579427	Bb4	70	69	358	28.375000	Bb4	70	80	
353	31.723958	G#3	56	79	360	28.500000	G#3	56	80	
354	31.727865	B4	71	78	359	28.500000	B4	71	80	
355	31.858073	Eb5	75	80	361	28.625000	Eb5	75	80	
356	31.998698	G#5	80	81	362	28.750000	G#5	80	80	
357	32.009115	B2	47	79	363	28.750000	B2	47	80	
358	32.126302	F#5	78	74	364	28.875000	F#5	78	80	
359	32.263021	E5	76	81	365	29.000000	E5	76	80	
360	32.268229	C#3	49	81	366	29.000000	C#3	49	80	
361	32.404948	Eb5	75	83	367	29.125000	Eb5	75	80	
362	32.541667	Eb3	51	68	369	29.250000	Eb3	51	80	
363	32.546875	C#5	73	83	368	29.250000	C#5	73	80	
364	32.674479	B4	71	82	370	29.375000	B4	71	80	
365	32.815104	E3	52	81	372	29.500000	E3	52	80	
366	32.816406	Bb4	70	81	371	29.500000	Bb4	70	80	
367	32.863281	G2	43	9	*	-1	*	-1	-1	
368	32.964844	B4	71	87	373	29.625000	B4	71	80	
369	33.100260	Bb2	46	73	375	29.750000	Bb2	46	80	
370	33.100260	C#5	73	82	374	29.750000	C#5	73	80	
371	33.223958	G#4	68	82	376	29.875000	G#4	68	80	
372	33.365885	Eb3	51	81	378	30.000000	Eb3	51	80	
373	33.376302	G4	67	83	377	30.000000	G4	67	80	
374	33.494792	G#4	68	84	379	30.125000	G#4	68	80	
375	33.632812	Bb4	70	87	380	30.250000	Bb4	70	80	
376	33.635417	C#3	49	67	381	30.250000	C#3	49	80	
377	33.760417	E4	64	79	382	30.375000	E4	64	80	
378	33.910156	B2	47	70	384	30.500000	B2	47	80	
379	33.923177	Eb4	63	80	383	30.500000	Eb4	63	80	
380	34.061198	C#4	61	83	385	30.625000	C#4	61	80	
381	34.184896	G2	43	75	387	30.750000	G2	43	80	
382	34.184896	B3	59	77	386	30.750000	B3	59	80	
383	34.299479	Bb3	58	79	388	30.875000	Bb3	58	80	
384	34.442708	B3	59	81	389	31.000000	B3	59	80	
385	34.453125	G#2	44	74	390	31.000000	G#2	44	80	
386	34.574219	Eb4	63	80	391	31.125000	Eb4	63	80	
387	34.710938	G#4	68	88	392	31.250000	G#4	68	80	
388	34.721354	E2	40	74	393	31.250000	E2	40	80	
389	34.852865	B3	59	76	394	31.375000	B3	59	80	
390	34.980469	C#2	37	75	396	31.500000	C#2	37	80	
391	35.006510	Bb3	58	84	395	31.500000	Bb3	58	80	
392	35.143229	G#4	68	80	397	31.625000	G#4	68	80	
393	35.252604	Eb2	39	81	399	31.750000	Eb2	39	80	
394	35.279948	Bb3	58	81	398	31.750000	Bb3	58	80	
395	35.402344	G4	67	79	400	31.875000	G4	67	80	
396	35.516927	G#2	44	80	402	32.000000	G#2	44	80	
397	35.539062	G#4	68	81	401	32.000000	G#4	68	80	
398	35.661458	B3	59	71	403	32.125000	B3	59	80	
399	35.796875	C#4	61	82	404	32.250000	C#4	61	80	
400	35.930990	Eb4	63	74	405	32.375000	Eb4	63	80	
401	36.067708	G#3	56	80	406	32.500000	G#3	56	80	
402	36.179688	Eb3	51	77	407	32.625000	Eb3	51	80	
403	36.309896	F3	53	80	408	32.750000	F3	53	80	
404	36.429688	G3	55	79	409	32.875000	G3	55	80	
405	36.576823	G#3	56	83	410	33.000000	G#3	56	80	
406	36.729167	Bb3	58	75	411	33.125000	Bb3	58	80	
407	36.871094	B3	59	73	412	33.250000	B3	59	80	
408	36.979167	C#4	61	73	413	33.375000	C#4	61	80	
409	37.127604	B3	59	73	414	33.500000	B3	59	80	
410	37.255208	Bb3	58	69	415	33.625000	Bb3	58	80	
411	37.398438	G#3	56	68	416	33.750000	G#3	56	80	
412	37.529948	F#3	54	63	417	33.875000	F#3	54	80	
413	37.662760	F3	53	64	418	34.000000	F3	53	80	
414	37.675781	C#2	37	59	419	34.000000	C#2	37	80	
415	37.830729	G#3	56	59	420	34.125000	G#3	56	80	
416	37.975260	Bb3	58	56	421	34.250000	Bb3	58	80	
417	38.089844	B3	59	58	422	34.375000	B3	59	80	
418	38.230469	C#3	49	55	423	34.500000	C#3	49	80	
419	38.355469	Eb3	51	61	424	34.625000	Eb3	51	80	
420	38.492188	F3	53	67	425	34.750000	F3	53	80	
421	38.627604	F#3	54	65	426	34.875000	F#3	54	80	
422	38.761719	G#3	56	72	427	35.000000	G#3	56	80	
423	38.897135	Bb3	58	67	428	35.125000	Bb3	58	80	
424	39.020833	B3	59	74	429	35.250000	B3	59	80	
425	39.154948	C#4	61	73	430	35.375000	C#4	61	80	
426	39.292969	Eb4	63	72	431	35.500000	Eb4	63	80	
427	39.425781	F4	65	71	432	35.625000	F4	65	80	
428	39.555990	F#4	66	67	433	35.750000	F#4	66	80	
429	39.677083	G#4	68	72	434	35.875000	G#4	68	80	
430	39.799479	F#2	42	64	436	36.000000	F#2	42	80	
431	39.815104	Bb4	70	70	435	36.000000	Bb4	70	80	
432	39.964844	F#4	66	68	437	36.125000	F#4	66	80	
433	40.098958	F4	65	68	438	36.250000	F4	65	80	
434	40.230469	Eb4	63	69	439	36.375000	Eb4	63	80	
435	40.376302	C#4	61	65	440	36.500000	C#4	61	80	
436	40.490885	B3	59	68	441	36.625000	B3	59	80	
437	40.621094	Bb3	58	69	442	36.750000	Bb3	58	80	
438	40.763021	G#3	56	69	443	36.875000	G#3	56	80	
439	40.893229	F#3	54	71	444	37.000000	F#3	54	80	
440	41.026042	G#3	56	68	445	37.125000	G#3	56	80	
441	41.167969	Bb3	58	67	446	37.250000	Bb3	58	80	
442	41.279948	B3	59	68	447	37.375000	B3	59	80	
443	41.430990	Bb3	58	71	448	37.500000	Bb3	58	80	
444	41.550781	G#3	56	74	449	37.625000	G#3	56	80	
445	41.690104	F#3	54	72	450	37.750000	F#3	54	80	
446	41.799479	E3	52	71	451	37.875000	E3	52	80	
447	41.959635	Eb3	51	74	452	38.000000	Eb3	51	80	
448	41.962240	B1	35	76	453	38.000000	B1	35	80	
449	42.110677	F#3	54	74	454	38.125000	F#3	54	80	
450	42.240885	G#3	56	71	455	38.250000	G#3	56	80	
451	42.367188	A3	57	69	456	38.375000	A3	57	80	
452	42.503906	B2	47	73	457	38.500000	B2	47	80	
453	42.635417	C#3	49	72	458	38.625000	C#3	49	80	
454	42.760417	Eb3	51	79	459	38.750000	Eb3	51	80	
455	42.902344	E3	52	75	460	38.875000	E3	52	80	
456	43.027344	F#3	54	77	461	39.000000	F#3	54	80	
457	43.160156	G#3	56	78	462	39.125000	G#3	56	80	
458	43.266927	A3	57	81	463	39.250000	A3	57	80	
459	43.395833	B3	59	82	464	39.375000	B3	59	80	
460	43.528646	C#4	61	83	465	39.500000	C#4	61	80	
461	43.661458	Eb4	63	78	466	39.625000	Eb4	63	80	
462	43.778646	E4	64	82	467	39.750000	E4	64	80	
463	43.912760	F#4	66	78	468	39.875000	F#4	66	80	
464	44.042969	G#4	68	82	469	40.000000	G#4	68	80	
465	44.057292	E2	40	76	470	40.000000	E2	40	80	
466	44.182292	E4	64	72	471	40.125000	E4	64	80	
467	44.320312	Eb4	63	77	472	40.250000	Eb4	63	80	
468	44.453125	C#4	61	76	473	40.375000	C#4	61	80	
469	44.596354	B3	59	76	474	40.500000	B3	59	80	
470	44.708333	A3	57	73	475	40.625000	A3	57	80	
471	44.850260	G#3	56	77	476	40.750000	G#3	56	80	
472	44.993490	F#3	54	72	477	40.875000	F#3	54	80	
473	45.122396	E3	52	76	478	41.000000	E3	52	80	
474	45.255208	F#3	54	77	480	41.125000	F#3	54	80	
475	45.269531	Eb4	63	72	479	41.125000	Eb4	63	80	
476	45.380208	G#3	56	74	482	41.250000	G#3	56	80	
477	45.389323	E4	64	76	481	41.250000	E4	64	80	
478	45.500000	F#4	66	77	483	41.375000	F#4	66	80	
479	45.529948	A3	57	68	484	41.375000	A3	57	80	
480	45.636719	E4	64	81	485	41.500000	E4	64	80	
481	45.658854	G#3	56	74	486	41.500000	G#3	56	80	
482	45.766927	Eb4	63	80	487	41.625000	Eb4	63	80	
483	45.795573	F#3	54	75	488	41.625000	F#3	54	80	
484	45.914062	C#4	61	82	489	41.750000	C#4	61	80	
485	45.925781	E3	52	71	490	41.750000	E3	52	80	
486	46.044271	B3	59	83	491	41.875000	B3	59	80	
487	46.049479	Eb3	51	76	492	41.875000	Eb3	51	80	
488	46.174479	Bb3	58	79	493	42.000000	Bb3	58	80	
489	46.175781	C#3	49	70	494	42.000000	C#3	49	80	
490	46.183594	F#2	42	70	495	42.000000	F#2	42	80	
491	46.316406	C#4	61	78	496	42.125000	C#4	61	80	
492	46.450521	Eb4	63	78	497	42.250000	Eb4	63	80	
493	46.578125	E4	64	76	498	42.375000	E4	64	80	
494	46.712240	F#3	54	81	499	42.500000	F#3	54	80	
495	46.835938	G#3	56	79	500	42.625000	G#3	56	80	
496	46.971354	Bb3	58	79	501	42.750000	Bb3	58	80	
497	47.095052	B3	59	82	502	42.875000	B3	59	80	
498	47.222656	C#4	61	82	503	43.000000	C#4	61	80	
499	47.356771	Eb4	63	80	504	43.125000	Eb4	63	80	
500	47.467448	E4	64	74	505	43.250000	E4	64	80	
501	47.526042	F4	65	7	*	-1	*	-1	-1	
502	47.587240	F#4	66	81	506	43.375000	F#4	66	80	
503	47.716146	G#4	68	82	507	43.500000	G#4	68	80	
504	47.839844	Bb4	70	79	508	43.625000	Bb4	70	80	
505	47.977865	B4	71	84	509	43.750000	B4	71	80	
506	48.084635	C#5	73	81	510	43.875000	C#5	73	80	
507	48.221354	Eb5	75	82	511	44.000000	Eb5	75	80	
508	48.231771	B2	47	68	512	44.000000	B2	47	80	
509	48.358073	B4	71	71	513	44.125000	B4	71	80	
510	48.502604	Bb4	70	74	514	44.250000	Bb4	70	80	
511	48.643229	G#4	68	68	515	44.375000	G#4	68	80	
512	48.770833	F#4	66	62	516	44.500000	F#4	66	80	
513	48.911458	E4	64	65	517	44.625000	E4	64	80	
514	49.061198	Eb4	63	64	518	44.750000	Eb4	63	80	
515	49.199219	C#4	61	60	519	44.875000	C#4	61	80	
516	49.324219	B3	59	54	520	45.000000	B3	59	80	
517	49.473958	Eb5	75	64	*	-1	*	-1	-1	
518	49.483073	Eb4	63	47	521	45.125000	Eb4	63	80	
519	49.546875	E5	76	67	*	-1	*	-1	-1	
520	49.598958	F#3	54	47	523	45.250000	F#3	54	80	
521	49.609375	F#5	78	73	522	45.250000	F#5	78	80	
522	49.730469	Eb4	63	46	524	45.375000	Eb4	63	80	
523	49.882812	B3	59	54	526	45.500000	B3	59	80	
524	49.903646	E5	76	66	525	45.500000	E5	76	80	
525	50.031250	Eb5	75	73	527	45.625000	Eb5	75	80	
526	50.066406	Eb4	63	45	528	45.625000	Eb4	63	80	
527	50.161458	F#3	54	50	530	45.750000	F#3	54	80	
528	50.187500	C#5	73	74	529	45.750000	C#5	73	80	
529	50.291667	B4	71	75	531	45.875000	B4	71	80	
530	50.356771	Eb4	63	47	532	45.875000	Eb4	63	80	
531	50.479167	B5	83	80	533	46.000000	B5	83	80	
532	50.484375	G#3	56	45	534	46.000000	G#3	56	80	
533	50.774740	G#5	80	62	536	46.250000	G#5	80	80	
534	50.800781	Eb3	51	42	537	46.250000	Eb3	51	80	
535	50.891927	B3	59	39	538	46.375000	B3	59	80	
536	51.070312	G#3	56	52	540	46.500000	G#3	56	80	
537	51.072917	Eb5	75	64	539	46.500000	Eb5	75	80	
538	51.209635	B3	59	39	541	46.625000	B3	59	80	
539	51.354167	Eb3	51	46	543	46.750000	Eb3	51	80	
540	51.355469	F#5	78	61	542	46.750000	F#5	78	80	
541	51.492188	B3	59	47	544	46.875000	B3	59	80	
542	51.658854	G#3	56	49	546	47.000000	G#3	56	80	
543	51.665365	F5	77	62	545	47.000000	F5	77	80	
544	51.792969	C#4	61	49	547	47.125000	C#4	61	80	
545	51.945312	F3	53	47	549	47.250000	F3	53	80	
546	51.950521	G#5	80	64	548	47.250000	G#5	80	80	
547	52.085938	C#4	61	52	550	47.375000	C#4	61	80	
548	52.233073	G#3	56	63	552	47.500000	G#3	56	80	
549	52.240885	F#5	78	75	551	47.500000	F#5	78	80	
550	52.363281	F5	77	83	553	47.625000	F5	77	80	
551	52.367188	C#4	61	53	554	47.625000	C#4	61	80	
552	52.498698	F3	53	54	556	47.750000	F3	53	80	
553	52.522135	Eb5	75	83	555	47.750000	Eb5	75	80	
554	52.632812	C#5	73	77	557	47.875000	C#5	73	80	
555	52.669271	C#4	61	46	558	47.875000	C#4	61	80	
556	52.785156	Bb5	82	78	559	48.000000	Bb5	82	80	
557	52.816406	F#3	54	51	560	48.000000	F#3	54	80	
558	52.971354	Bb3	58	51	561	48.125000	Bb3	58	80	
559	53.096354	C#3	49	45	563	48.250000	C#3	49	80	
560	53.100260	F#5	78	62	562	48.250000	F#5	78	80	
561	53.253906	Bb3	58	26	564	48.375000	Bb3	58	80	
562	53.361979	F#3	54	49	566	48.500000	F#3	54	80	
563	53.384115	C#5	73	63	565	48.500000	C#5	73	80	
564	53.519531	Bb3	58	45	567	48.625000	Bb3	58	80	
565	53.651042	C#3	49	40	569	48.750000	C#3	49	80	
566	53.661458	E5	76	57	568	48.750000	E5	76	80	
567	53.789062	Bb3	58	48	570	48.875000	Bb3	58	80	
568	53.929688	F#3	54	51	572	49.000000	F#3	54	80	
569	53.958333	Eb5	75	67	571	49.000000	Eb5	75	80	
570	54.096354	B3	59	51	573	49.125000	B3	59	80	
571	54.230469	F#5	78	64	574	49.250000	F#5	78	80	
572	54.251302	Eb3	51	50	575	49.250000	Eb3	51	80	
573	54.378906	B3	59	61	576	49.375000	B3	59	80	
574	54.514323	E5	76	66	577	49.500000	E5	76	80	
575	54.529948	F#3	54	57	578	49.500000	F#3	54	80	
576	54.641927	Eb5	75	77	579	49.625000	Eb5	75	80	
577	54.665365	B3	59	57	580	49.625000	B3	59	80	
578	54.782552	Eb3	51	58	582	49.750000	Eb3	51	80	
579	54.787760	C#5	73	80	581	49.750000	C#5	73	80	
580	54.911458	B4	71	71	583	49.875000	B4	71	80	
581	54.936198	B3	59	50	584	49.875000	B3	59	80	
582	55.078125	G#3	56	58	586	50.000000	G#3	56	80	
583	55.078125	F5	77	76	585	50.000000	F5	77	80	
584	55.213542	F#5	78	75	587	50.125000	F#5	78	80	
585	55.222656	C#4	61	48	588	50.125000	C#4	61	80	
586	55.343750	F3	53	55	591	50.250000	F3	53	80	
587	55.361979	G#5	80	66	589	50.250000	G#5	80	80	
588	55.386719	B4	71	67	590	50.250000	B4	71	80	
589	55.481771	C#4	61	50	593	50.375000	C#4	61	80	
590	55.518229	Bb4	70	58	592	50.375000	Bb4	70	80	
591	55.640625	G#3	56	61	595	50.500000	G#3	56	80	
592	55.654948	B4	71	72	594	50.500000	B4	71	80	
593	55.778646	C#4	61	51	596	50.625000	C#4	61	80	
594	55.934896	F3	53	58	598	50.750000	F3	53	80	
595	55.941406	C#5	73	83	597	50.750000	C#5	73	80	
596	56.057292	C#4	61	62	599	50.875000	C#4	61	80	
597	56.195312	G5	79	76	600	51.000000	G5	79	80	
598	56.203125	Bb3	58	65	601	51.000000	Bb3	58	80	
599	56.256510	G#5	80	70	602	51.062500	G#5	80	80	
600	56.289062	Bb5	82	78	603	51.125000	Bb5	82	80	
601	56.356771	Eb4	63	50	604	51.125000	Eb4	63	80	
602	56.472656	G3	55	55	607	51.250000	G3	55	80	
603	56.488281	C#5	73	74	605	51.250000	C#5	73	80	
604	56.493490	Bb4	70	70	606	51.250000	Bb4	70	80	
605	56.610677	Eb4	63	54	609	51.375000	Eb4	63	80	
606	56.625000	G#4	68	68	608	51.375000	G#4	68	80	
607	56.766927	Bb3	58	60	611	51.500000	Bb3	58	80	
608	56.768229	Bb4	70	73	610	51.500000	Bb4	70	80	
609	56.901042	Eb4	63	54	612	51.625000	Eb4	63	80	
610	57.018229	Bb5	82	84	613	51.750000	Bb5	82	80	
611	57.022135	C#5	73	62	614	51.750000	C#5	73	80	
612	57.041667	G3	55	55	615	51.750000	G3	55	80	
613	57.166667	Eb4	63	51	616	51.875000	Eb4	63	80	
614	57.329427	B3	59	56	619	52.000000	B3	59	80	
615	57.337240	Bb5	82	88	617	52.000000	Bb5	82	80	
616	57.356771	C#5	73	68	618	52.000000	C#5	73	80	
617	57.488281	Eb4	63	53	620	52.125000	Eb4	63	80	
618	57.628906	G#5	80	80	621	52.250000	G#5	80	80	
619	57.632812	G#3	56	55	623	52.250000	G#3	56	80	
620	57.652344	B4	71	65	622	52.250000	B4	71	80	
621	57.766927	Eb4	63	53	624	52.375000	Eb4	63	80	
622	57.933594	G#5	80	74	625	52.500000	G#5	80	80	
623	57.940104	B3	59	48	627	52.500000	B3	59	80	
624	57.944010	Eb5	75	60	626	52.500000	Eb5	75	80	
625	58.078125	Eb4	63	45	628	52.625000	Eb4	63	80	
626	58.220052	G#3	56	42	631	52.750000	G#3	56	80	
627	58.243490	F#5	78	56	629	52.750000	F#5	78	80	
628	58.287760	Eb5	75	49	630	52.750000	Eb5	75	80	
629	58.376302	Eb4	63	46	632	52.875000	Eb4	63	80	
630	58.549479	F#5	78	58	633	53.000000	F#5	78	80	
631	58.554688	C4	60	47	635	53.000000	C4	60	80	
632	58.628906	G#5	80	46	636	53.061458	G#5	80	80	
633	58.697917	Eb4	63	33	638	53.125000	Eb4	63	80	
634	58.697917	F#5	78	66	637	53.123958	F#5	78	80	
635	58.757812	G#5	80	55	639	53.187500	G#5	80	80	
636	58.798177	A3	57	48	641	53.250000	A3	57	80	
637	58.824219	F#5	78	64	640	53.248958	F#5	78	80	
638	58.910156	G#5	80	52	642	53.311458	G#5	80	80	
639	58.938802	Eb4	63	39	644	53.375000	Eb4	63	80	
640	58.958333	F#5	78	65	643	53.375000	F#5	78	80	
641	59.042969	G#5	80	58	645	53.436458	G#5	80	80	
642	59.048177	C4	60	49	647	53.500000	C4	60	80	
643	59.091146	F#5	78	62	646	53.498958	F#5	78	80	
644	59.145833	Eb4	63	53	650	53.625000	Eb4	63	80	
645	59.164062	G#5	80	56	648	53.562500	G#5	80	80	
646	59.205729	F#5	78	70	649	53.623958	F#5	78	80	
647	59.234375	A3	57	51	653	53.750000	A3	57	80	
648	59.302083	G#5	80	54	651	53.686458	G#5	80	80	
649	59.305990	Eb4	63	51	655	53.875000	Eb4	63	80	
650	59.322917	F5	77	78	652	53.750000	F5	77	80	
651	59.397135	C4	60	47	*	-1	*	-1	-1	
652	59.423177	F#5	78	71	654	53.875000	F#5	78	80	
653	59.516927	Bb3	58	57	657	54.000000	Bb3	58	80	
654	59.544271	F5	77	78	656	54.000000	F5	77	80	
655	59.700521	Eb5	75	57	658	54.125000	Eb5	75	80	
656	59.816406	D5	74	64	659	54.250000	D5	74	80	
657	59.967448	C5	72	57	660	54.375000	C5	72	80	
658	60.114583	D5	74	64	661	54.500000	D5	74	80	
659	60.246094	Bb4	70	60	662	54.625000	Bb4	70	80	
660	60.380208	B4	71	61	663	54.750000	B4	71	80	
661	60.522135	G#4	68	60	664	54.875000	G#4	68	80	
662	60.651042	F4	65	60	665	55.000000	F4	65	80	
663	60.777344	Eb3	51	54	667	55.125000	Eb3	51	80	
664	60.791667	F#4	66	60	666	55.125000	F#4	66	80	
665	60.921875	F3	53	58	669	55.250000	F3	53	80	
666	60.930990	G#4	68	67	668	55.250000	G#4	68	80	
667	61.053385	Bb4	70	66	670	55.375000	Bb4	70	80	
668	61.059896	F#3	54	59	671	55.375000	F#3	54	80	
669	61.188802	F3	53	59	673	55.500000	F3	53	80	
670	61.197917	G#4	68	74	672	55.500000	G#4	68	80	
671	61.345052	F#4	66	68	674	55.625000	F#4	66	80	
672	61.346354	Eb3	51	58	675	55.625000	Eb3	51	80	
673	61.464844	D3	50	59	677	55.750000	D3	50	80	
674	61.490885	F4	65	65	676	55.750000	F4	65	80	
675	61.602865	C3	48	53	679	55.875000	C3	48	80	
676	61.614583	Eb4	63	59	678	55.875000	Eb4	63	80	
677	61.755208	Bb2	46	41	682	56.000000	Bb2	46	80	
678	61.761719	F3	53	46	681	56.000000	F3	53	80	
679	61.761719	D4	62	59	680	56.000000	D4	62	80	
680	61.914062	F4	65	56	683	56.125000	F4	65	80	
681	62.053385	F#4	66	54	684	56.250000	F#4	66	80	
682	62.169271	G#4	68	53	685	56.375000	G#4	68	80	
683	62.320312	Bb3	58	55	686	56.500000	Bb3	58	80	
684	62.451823	C4	60	58	687	56.625000	C4	60	80	
685	62.595052	D4	62	68	688	56.750000	D4	62	80	
686	62.705729	Eb4	63	67	689	56.875000	Eb4	63	80	
687	62.847656	F4	65	72	690	57.000000	F4	65	80	
688	62.985677	F#4	66	74	691	57.125000	F#4	66	80	
689	63.122396	G#4	68	77	692	57.250000	G#4	68	80	
690	63.247396	Bb4	70	77	693	57.375000	Bb4	70	80	
691	63.372396	C5	72	77	694	57.500000	C5	72	80	
692	63.506510	D5	74	72	695	57.625000	D5	74	80	
693	63.639323	Eb5	75	78	696	57.750000	Eb5	75	80	
694	63.772135	F5	77	79	697	57.875000	F5	77	80	
695	63.924479	F#5	78	77	698	58.000000	F#5	78	80	
696	63.937500	Eb3	51	64	699	58.000000	Eb3	51	80	
697	64.049479	Eb5	75	72	700	58.125000	Eb5	75	80	
698	64.192708	Bb4	70	77	701	58.250000	Bb4	70	80	
699	64.315104	F#4	66	74	702	58.375000	F#4	66	80	
700	64.453125	Eb4	63	73	703	58.500000	Eb4	63	80	
701	64.585938	C#4	61	74	704	58.625000	C#4	61	80	
702	64.725260	C4	60	67	705	58.750000	C4	60	80	
703	64.848958	Bb3	58	63	706	58.875000	Bb3	58	80	
704	65.015625	C4	60	67	707	59.000000	C4	60	80	
705	65.035156	G#3	56	50	708	59.000000	G#3	56	80	
706	65.152344	Eb4	63	62	709	59.125000	Eb4	63	80	
707	65.281250	G#4	68	59	710	59.250000	G#4	68	80	
708	65.421875	C5	72	62	711	59.375000	C5	72	80	
709	65.561198	Eb5	75	66	712	59.500000	Eb5	75	80	
710	65.671875	F#5	78	67	713	59.625000	F#5	78	80	
711	65.828125	E5	76	56	714	59.750000	E5	76	80	
712	65.946615	Eb5	75	65	715	59.875000	Eb5	75	80	
713	66.106771	E5	76	61	716	60.000000	E5	76	80	
714	66.110677	G#3	56	44	717	60.000000	G#3	56	80	
715	66.113281	C#3	49	39	718	60.000000	C#3	49	80	
716	66.252604	C#5	73	56	719	60.125000	C#5	73	80	
717	66.397135	G#4	68	58	720	60.250000	G#4	68	80	
718	66.526042	E4	64	49	721	60.375000	E4	64	80	
719	66.638021	C#4	61	53	722	60.500000	C#4	61	80	
720	66.773438	B3	59	54	723	60.625000	B3	59	80	
721	66.934896	Bb3	58	53	724	60.750000	Bb3	58	80	
722	67.041667	G#3	56	60	725	60.875000	G#3	56	80	
723	67.200521	Bb3	58	62	726	61.000000	Bb3	58	80	
724	67.251302	F#3	54	44	727	61.000000	F#3	54	80	
725	67.348958	C#4	61	53	728	61.125000	C#4	61	80	
726	67.471354	F#4	66	58	729	61.250000	F#4	66	80	
727	67.596354	Bb4	70	61	730	61.375000	Bb4	70	80	
728	67.740885	C#5	73	71	731	61.500000	C#5	73	80	
729	67.852865	E5	76	73	732	61.625000	E5	76	80	
730	68.003906	Eb5	75	76	733	61.750000	Eb5	75	80	
731	68.135417	C#5	73	77	734	61.875000	C#5	73	80	
732	68.273438	B2	47	61	737	62.000000	B2	47	80	
733	68.283854	F#3	54	59	736	62.000000	F#3	54	80	
734	68.286458	Eb5	75	78	735	62.000000	Eb5	75	80	
735	68.414062	B4	71	73	738	62.125000	B4	71	80	
736	68.552083	F#4	66	74	739	62.250000	F#4	66	80	
737	68.684896	Eb4	63	78	740	62.375000	Eb4	63	80	
738	68.828125	B3	59	77	741	62.500000	B3	59	80	
739	68.964844	A3	57	77	742	62.625000	A3	57	80	
740	69.098958	G#3	56	83	743	62.750000	G#3	56	80	
741	69.222656	F#3	54	83	744	62.875000	F#3	54	80	
742	69.369792	G#3	56	79	745	63.000000	G#3	56	80	
743	69.382812	F3	53	69	746	63.000000	F3	53	80	
744	69.509115	B3	59	74	747	63.125000	B3	59	80	
745	69.641927	D4	62	79	748	63.250000	D4	62	80	
746	69.777344	F4	65	77	749	63.375000	F4	65	80	
747	69.930990	G#4	68	79	750	63.500000	G#4	68	80	
748	70.055990	B4	71	75	751	63.625000	B4	71	80	
749	70.188802	Bb4	70	81	752	63.750000	Bb4	70	80	
750	70.329427	G#4	68	79	753	63.875000	G#4	68	80	
751	70.467448	F#3	54	81	755	64.000000	F#3	54	80	
752	70.475260	Bb4	70	79	754	64.000000	Bb4	70	80	
753	70.606771	Eb4	63	74	756	64.125000	Eb4	63	80	
754	70.752604	F#2	42	74	758	64.250000	F#2	42	80	
755	70.757812	E4	64	69	757	64.250000	E4	64	80	
756	70.885417	C#5	73	69	759	64.375000	C#5	73	80	
757	71.052083	Bb2	46	68	761	64.500000	Bb2	46	80	
758	71.052083	Bb4	70	65	760	64.500000	Bb4	70	80	
759	71.178385	C#5	73	62	762	64.625000	C#5	73	80	
760	71.332031	C#3	49	64	764	64.750000	C#3	49	80	
761	71.341146	E4	64	64	763	64.750000	E4	64	80	
762	71.468750	C#5	73	60	765	64.875000	C#5	73	80	
763	71.602865	F#3	54	71	767	65.000000	F#3	54	80	
764	71.626302	Bb4	70	64	766	65.000000	Bb4	70	80	
765	71.751302	Eb4	63	68	768	65.125000	Eb4	63	80	
766	71.901042	Bb3	58	72	770	65.250000	Bb3	58	80	
767	71.901042	E4	64	65	769	65.250000	E4	64	80	
768	72.009115	C#5	73	70	771	65.375000	C#5	73	80	
769	72.152344	C#4	61	77	773	65.500000	C#4	61	80	
770	72.169271	Bb4	70	70	772	65.500000	Bb4	70	80	
771	72.298177	C#5	73	78	774	65.625000	C#5	73	80	
772	72.425781	Bb3	58	79	776	65.750000	Bb3	58	80	
773	72.445312	E4	64	72	775	65.750000	E4	64	80	
774	72.540365	C#5	73	64	777	65.875000	C#5	73	80	
775	72.701823	B3	59	84	779	66.000000	B3	59	80	
776	72.713542	F#4	66	71	778	66.000000	F#4	66	80	
777	72.848958	C#4	61	78	780	66.125000	C#4	61	80	
778	72.986979	D4	62	73	781	66.250000	D4	62	80	
779	72.994792	F#3	54	87	782	66.250000	F#3	54	80	
780	73.138021	C#5	73	78	783	66.375000	C#5	73	80	
781	73.268229	D3	50	85	785	66.500000	D3	50	80	
782	73.282552	F#4	66	73	784	66.500000	F#4	66	80	
783	73.348958	F4	65	55	*	-1	*	-1	-1	
784	73.427083	C#5	73	80	786	66.625000	C#5	73	80	
785	73.552083	F#3	54	91	788	66.750000	F#3	54	80	
786	73.557292	D4	62	79	787	66.750000	D4	62	80	
787	73.671875	C#5	73	78	789	66.875000	C#5	73	80	
788	73.816406	F#4	66	73	790	67.000000	F#4	66	80	
789	73.829427	D3	50	91	791	67.000000	D3	50	80	
790	73.971354	C#4	61	81	792	67.125000	C#4	61	80	
791	74.111979	B2	47	86	794	67.250000	B2	47	80	
792	74.126302	D4	62	81	793	67.250000	D4	62	80	
793	74.270833	B4	71	74	795	67.375000	B4	71	80	
794	74.395833	D3	50	92	797	67.500000	D3	50	80	
795	74.408854	F#4	66	87	796	67.500000	F#4	66	80	
796	74.524740	B4	71	86	798	67.625000	B4	71	80	
797	74.661458	F#3	54	94	800	67.750000	F#3	54	80	
798	74.669271	D4	62	74	799	67.750000	D4	62	80	
799	74.813802	B4	71	81	801	67.875000	B4	71	80	
800	74.973958	F#2	42	78	804	68.000000	F#2	42	80	
801	75.006510	D4	62	67	802	68.000000	D4	62	80	
802	75.032552	E4	64	46	*	-1	*	-1	-1	
803	75.167969	Bb3	58	63	805	68.125000	Bb3	58	80	
804	75.303385	B3	59	71	806	68.250000	B3	59	80	
805	75.307292	G#3	56	74	807	68.250000	G#3	56	80	
806	75.325521	F#2	42	68	808	68.250000	F#2	42	80	
807	75.441406	F4	65	68	809	68.375000	F4	65	80	
808	75.580729	D4	62	71	810	68.500000	D4	62	80	
809	75.585938	G#3	56	76	811	68.500000	G#3	56	80	
810	75.597656	F#2	42	70	812	68.500000	F#2	42	80	
811	75.700521	F4	65	76	813	68.625000	F4	65	80	
812	75.845052	G#3	56	77	815	68.750000	G#3	56	80	
813	75.852865	B3	59	80	814	68.750000	B3	59	80	
814	75.858073	F#2	42	74	816	68.750000	F#2	42	80	
815	75.983073	F4	65	73	817	68.875000	F4	65	80	
816	76.131510	G#3	56	89	819	69.000000	G#3	56	80	
817	76.139323	D4	62	78	818	69.000000	D4	62	80	
818	76.141927	F#2	42	88	820	69.000000	F#2	42	80	
819	76.298177	Bb3	58	77	821	69.125000	Bb3	58	80	
820	76.427083	G#3	56	83	823	69.250000	G#3	56	80	
821	76.436198	B3	59	78	822	69.250000	B3	59	80	
822	76.438802	F#2	42	78	824	69.250000	F#2	42	80	
823	76.555990	F4	65	78	825	69.375000	F4	65	80	
824	76.712240	D4	62	81	826	69.500000	D4	62	80	
825	76.717448	G#3	56	87	827	69.500000	G#3	56	80	
826	76.725260	F#2	42	83	828	69.500000	F#2	42	80	
827	76.841146	F4	65	80	829	69.625000	F4	65	80	
828	77.002604	G#3	56	85	831	69.750000	G#3	56	80	
829	77.010417	B3	59	86	830	69.750000	B3	59	80	
830	77.022135	F#2	42	69	832	69.750000	F#2	42	80	
831	77.153646	F4	65	78	833	69.875000	F4	65	80	
832	77.308594	F#2	42	76	837	70.000000	F#2	42	80	
833	77.308594	F#3	54	83	836	70.000000	F#3	54	80	
834	77.325521	D4	62	74	834	70.000000	D4	62	80	
835	77.479167	Bb3	58	79	838	70.125000	Bb3	58	80	
836	77.614583	B3	59	84	839	70.250000	B3	59	80	
837	77.751302	F#4	66	78	840	70.375000	F#4	66	80	
838	77.898438	C#4	61	74	841	70.500000	C#4	61	80	
839	77.899740	Bb3	58	63	842	70.500000	Bb3	58	80	
840	78.022135	F#4	66	69	843	70.625000	F#4	66	80	
841	78.178385	B3	59	67	844	70.750000	B3	59	80	
842	78.188802	G#3	56	58	845	70.750000	G#3	56	80	
843	78.321615	F4	65	68	846	70.875000	F4	65	80	
844	78.467448	C#4	61	56	849	71.000000	C#4	61	80	
845	78.479167	Bb3	58	54	848	71.000000	Bb3	58	80	
846	78.485677	F#4	66	61	847	71.000000	F#4	66	80	
847	78.572917	G#2	44	55	850	71.125000	G#2	44	80	
848	78.722656	Bb2	46	63	851	71.250000	Bb2	46	80	
849	78.877604	B2	47	61	852	71.375000	B2	47	80	
850	79.000000	C#3	49	67	853	71.500000	C#3	49	80	
851	79.149740	Eb3	51	69	854	71.625000	Eb3	51	80	
852	79.283854	E3	52	64	855	71.750000	E3	52	80	
853	79.407552	C#3	49	62	856	71.875000	C#3	49	80	
854	79.541667	Eb3	51	69	857	72.000000	Eb3	51	80	
855	79.658854	B4	71	66	858	72.125000	B4	71	80	
856	79.675781	B2	47	59	859	72.125000	B2	47	80	
857	79.809896	C#3	49	62	861	72.250000	C#3	49	80	
858	79.809896	Bb4	70	71	860	72.250000	Bb4	70	80	
859	79.953125	Eb3	51	68	863	72.375000	Eb3	51	80	
860	79.957031	G#4	68	77	862	72.375000	G#4	68	80	
861	80.095052	F#4	66	79	864	72.500000	F#4	66	80	
862	80.101562	E3	52	65	865	72.500000	E3	52	80	
863	80.216146	E4	64	76	866	72.625000	E4	64	80	
864	80.234375	F#3	54	74	867	72.625000	F#3	54	80	
865	80.346354	Eb4	63	84	868	72.750000	Eb4	63	80	
866	80.359375	G#3	56	72	869	72.750000	G#3	56	80	
867	80.483073	C#4	61	82	870	72.875000	C#4	61	80	
868	80.492188	Bb3	58	71	871	72.875000	Bb3	58	80	
869	80.613281	Eb4	63	83	872	73.000000	Eb4	63	80	
870	80.631510	B3	59	83	873	73.000000	B3	59	80	
871	80.748698	B4	71	86	874	73.125000	B4	71	80	
872	80.893229	C#5	73	85	875	73.250000	C#5	73	80	
873	81.009115	Eb5	75	83	876	73.375000	Eb5	75	80	
874	81.153646	E5	76	79	877	73.500000	E5	76	80	
875	81.170573	Eb4	63	56	879	73.561458	Eb4	63	80	
876	81.246094	C#4	61	57	880	73.623958	C#4	61	80	
877	81.285156	F#5	78	74	881	73.625000	F#5	78	80	
878	81.303385	Eb4	63	63	882	73.687500	Eb4	63	80	
879	81.385417	C#4	61	73	883	73.748958	C#4	61	80	
880	81.410156	G#5	80	83	884	73.750000	G#5	80	80	
881	81.513021	B3	59	69	887	73.875000	B3	59	80	
882	81.529948	Bb5	82	79	886	73.875000	Bb5	82	80	
883	81.578125	C#4	61	67	888	73.937500	C#4	61	80	
884	81.678385	B5	83	85	889	74.000000	B5	83	80	
885	81.692708	Eb4	63	83	890	74.000000	Eb4	63	80	
886	81.828125	F#5	78	84	891	74.125000	F#5	78	80	
887	81.983073	Eb5	75	88	892	74.250000	Eb5	75	80	
888	82.096354	B4	71	82	893	74.375000	B4	71	80	
889	82.209635	F#4	66	72	899	74.687500	F#4	66	80	
890	82.263021	C#5	73	80	894	74.500000	C#5	73	80	
891	82.300781	F4	65	71	900	74.748958	F4	65	80	
892	82.378906	F#4	66	54	902	74.811458	F#4	66	80	
893	82.382812	B5	83	76	898	74.625000	B5	83	80	
894	82.384115	Eb4	63	75	904	74.875000	Eb4	63	80	
895	82.501302	A5	81	76	901	74.750000	A5	81	80	
896	82.539062	F4	65	75	905	74.937500	F4	65	80	
897	82.615885	G#5	80	84	903	74.875000	G#5	80	80	
898	82.774740	F#4	66	68	907	75.000000	F#4	66	80	
899	82.779948	A5	81	83	906	75.000000	A5	81	80	
900	82.928385	E4	64	69	908	75.125000	E4	64	80	
901	83.070312	Eb4	63	73	910	75.250000	Eb4	63	80	
902	83.074219	F#5	78	89	909	75.250000	F#5	78	80	
903	83.212240	C#4	61	77	911	75.375000	C#4	61	80	
904	83.348958	Eb5	75	91	912	75.500000	Eb5	75	80	
905	83.352865	B3	59	81	913	75.500000	B3	59	80	
906	83.467448	A3	57	83	914	75.625000	A3	57	80	
907	83.609375	G#3	56	78	916	75.750000	G#3	56	80	
908	83.618490	A5	81	80	915	75.750000	A5	81	80	
909	83.742188	F#3	54	75	917	75.875000	F#3	54	80	
910	83.914062	E3	52	70	919	76.000000	E3	52	80	
911	83.919271	G#5	80	78	918	76.000000	G#5	80	80	
912	84.048177	E5	76	79	920	76.125000	E5	76	80	
913	84.183594	Eb4	63	74	922	76.250000	Eb4	63	80	
914	84.192708	B4	71	76	921	76.250000	B4	71	80	
915	84.307292	G#4	68	85	923	76.375000	G#4	68	80	
916	84.455729	Bb4	70	78	924	76.500000	Bb4	70	80	
917	84.462240	C#4	61	82	925	76.500000	C#4	61	80	
918	84.582031	G#5	80	80	926	76.625000	G#5	80	80	
919	84.720052	Bb3	58	82	928	76.750000	Bb3	58	80	
920	84.723958	F#5	78	87	927	76.750000	F#5	78	80	
921	84.851562	E5	76	79	929	76.875000	E5	76	80	
922	85.010417	F#5	78	87	930	77.000000	F#5	78	80	
923	85.031250	Eb4	63	74	931	77.000000	Eb4	63	80	
924	85.158854	C#4	61	80	932	77.125000	C#4	61	80	
925	85.295573	C4	60	79	934	77.250000	C4	60	80	
926	85.300781	Eb5	75	88	933	77.250000	Eb5	75	80	
927	85.421875	Bb3	58	83	935	77.375000	Bb3	58	80	
928	85.565104	G#3	56	83	937	77.500000	G#3	56	80	
929	85.578125	C5	72	84	936	77.500000	C5	72	80	
930	85.699219	F#3	54	75	938	77.625000	F#3	54	80	
931	85.813802	F#5	78	86	939	77.750000	F#5	78	80	
932	85.828125	E3	52	77	940	77.750000	E3	52	80	
933	85.963542	Eb3	51	80	941	77.875000	Eb3	51	80	
934	86.100260	C#3	49	75	943	78.000000	C#3	49	80	
935	86.115885	E5	76	83	942	78.000000	E5	76	80	
936	86.253906	C#5	73	84	944	78.125000	C#5	73	80	
937	86.380208	B3	59	79	946	78.250000	B3	59	80	
938	86.393229	G#4	68	83	945	78.250000	G#4	68	80	
939	86.531250	E4	64	78	947	78.375000	E4	64	80	
940	86.656250	Bb3	58	81	949	78.500000	Bb3	58	80	
941	86.673177	F#4	66	80	948	78.500000	F#4	66	80	
942	86.802083	E5	76	83	950	78.625000	E5	76	80	
943	86.940104	F#3	54	76	952	78.750000	F#3	54	80	
944	86.951823	Eb5	75	82	951	78.750000	Eb5	75	80	
945	87.082031	C#5	73	79	953	78.875000	C#5	73	80	
946	87.220052	B2	47	67	955	79.000000	B2	47	80	
947	87.220052	Eb5	75	79	954	79.000000	Eb5	75	80	
948	87.333333	B4	71	76	956	79.125000	B4	71	80	
949	87.480469	Bb4	70	77	957	79.250000	Bb4	70	80	
950	87.484375	Eb3	51	81	958	79.250000	Eb3	51	80	
951	87.611979	G#4	68	77	959	79.375000	G#4	68	80	
952	87.759115	F3	53	79	961	79.500000	F3	53	80	
953	87.765625	Bb4	70	80	960	79.500000	Bb4	70	80	
954	87.906250	G#4	68	82	962	79.625000	G#4	68	80	
955	88.045573	G#3	56	81	964	79.750000	G#3	56	80	
956	88.057292	F#4	66	82	963	79.750000	F#4	66	80	
957	88.180990	F4	65	81	965	79.875000	F4	65	80	
958	88.326823	C#5	73	85	966	80.000000	C#5	73	80	
959	88.329427	Bb2	46	71	967	80.000000	Bb2	46	80	
960	88.462240	Bb4	70	79	968	80.125000	Bb4	70	80	
961	88.589844	G#4	68	80	969	80.250000	G#4	68	80	
962	88.596354	C#3	49	71	970	80.250000	C#3	49	80	
963	88.710938	F#4	66	73	971	80.375000	F#4	66	80	
964	88.881510	G#4	68	78	972	80.500000	G#4	68	80	
965	88.889323	Eb3	51	74	973	80.500000	Eb3	51	80	
966	89.009115	F#4	66	71	974	80.625000	F#4	66	80	
967	89.169271	F4	65	70	975	80.750000	F4	65	80	
968	89.173177	F#3	54	62	976	80.750000	F#3	54	80	
969	89.298177	Eb4	63	61	977	80.875000	Eb4	63	80	
970	89.433594	G#2	44	54	979	81.000000	G#2	44	80	
971	89.442708	B4	71	62	978	81.000000	B4	71	80	
972	89.585938	G#4	68	66	980	81.125000	G#4	68	80	
973	89.701823	B2	47	44	982	81.250000	B2	47	80	
974	89.713542	F#4	66	61	981	81.250000	F#4	66	80	
975	89.856771	F4	65	57	983	81.375000	F4	65	80	
976	89.984375	C#3	49	54	985	81.500000	C#3	49	80	
977	90.024740	F#4	66	59	984	81.500000	F#4	66	80	
978	90.152344	F4	65	60	986	81.625000	F4	65	80	
979	90.273438	F3	53	60	988	81.750000	F3	53	80	
980	90.292969	Eb4	63	64	987	81.750000	Eb4	63	80	
981	90.419271	C#4	61	62	989	81.875000	C#4	61	80	
982	90.561198	F#2	42	57	991	82.000000	F#2	42	80	
983	90.574219	Bb4	70	66	990	82.000000	Bb4	70	80	
984	90.703125	G#2	44	65	993	82.125000	G#2	44	80	
985	90.712240	G#4	68	69	992	82.125000	G#4	68	80	
986	90.841146	Bb2	46	68	995	82.250000	Bb2	46	80	
987	90.848958	F#4	66	71	994	82.250000	F#4	66	80	
988	90.983073	B2	47	69	997	82.375000	B2	47	80	
989	90.983073	G#4	68	74	996	82.375000	G#4	68	80	
990	91.125000	C#3	49	74	999	82.500000	C#3	49	80	
991	91.125000	Bb4	70	79	998	82.500000	Bb4	70	80	
992	91.248698	Eb3	51	82	1000	82.625000	Eb3	51	80	
993	91.394531	E3	52	80	1002	82.750000	E3	52	80	
994	91.397135	C#4	61	79	1001	82.750000	C#4	61	80	
995	91.524740	C#3	49	79	1003	82.875000	C#3	49	80	
996	91.667969	Eb3	51	91	1005	83.000000	Eb3	51	80	
997	91.673177	B3	59	76	1004	83.000000	B3	59	80	
998	91.799479	C#4	61	76	1006	83.125000	C#4	61	80	
999	91.955729	Eb4	63	69	1007	83.250000	Eb4	63	80	
1000	91.959635	F#3	54	83	1008	83.250000	F#3	54	80	
1001	92.085938	E4	64	78	1009	83.375000	E4	64	80	
1002	92.243490	Eb3	51	90	1011	83.500000	Eb3	51	80	
1003	92.246094	F#4	66	79	1010	83.500000	F#4	66	80	
1004	92.361979	G#4	68	85	1012	83.625000	G#4	68	80	
1005	92.496094	A4	69	86	1013	83.750000	A4	69	80	
1006	92.501302	B2	47	97	1014	83.750000	B2	47	80	
1007	92.627604	F#4	66	85	1015	83.875000	F#4	66	80	
1008	92.768229	E3	52	103	1017	84.000000	E3	52	80	
1009	92.769531	G#4	68	88	1016	84.000000	G#4	68	80	
1010	92.906250	A4	69	83	1018	84.125000	A4	69	80	
1011	93.032552	E2	40	90	1020	84.250000	E2	40	80	
1012	93.046875	G#4	68	88	1019	84.250000	G#4	68	80	
1013	93.175781	F#4	66	79	1021	84.375000	F#4	66	80	
1014	93.303385	E3	52	74	1023	84.500000	E3	52	80	
1015	93.308594	E4	64	81	1022	84.500000	E4	64	80	
1016	93.339844	Eb3	51	80	*	-1	*	-1	-1	
1017	93.440104	Eb4	63	73	1024	84.625000	Eb4	63	80	
1018	93.571615	C#4	61	70	1025	84.750000	C#4	61	80	
1019	93.717448	B3	59	70	1026	84.875000	B3	59	80	
1020	93.855469	Bb3	58	73	1027	85.000000	Bb3	58	80	
1021	93.986979	F#4	66	68	1028	85.125000	F#4	66	80	
1022	94.132812	B3	59	72	1029	85.250000	B3	59	80	
1023	94.134115	Eb3	51	83	1030	85.250000	Eb3	51	80	
1024	94.250000	F#4	66	58	1031	85.375000	F#4	66	80	
1025	94.401042	E4	64	69	1032	85.500000	E4	64	80	
1026	94.416667	C#3	49	74	1033	85.500000	C#3	49	80	
1027	94.546875	B3	59	67	1034	85.625000	B3	59	80	
1028	94.679688	Bb3	58	65	1035	85.750000	Bb3	58	80	
1029	94.690104	F#3	54	80	1036	85.750000	E3	52	80	
1030	94.813802	E4	64	64	1037	85.875000	E4	64	80	
1031	94.981771	B2	47	77	1039	86.000000	B2	47	80	
1032	94.985677	Eb4	63	73	1038	86.000000	Eb4	63	80	
1033	95.117188	C#4	61	73	1040	86.125000	C#4	61	80	
1034	95.274740	B3	59	75	1041	86.250000	B3	59	80	
1035	95.281250	C#3	49	75	1042	86.250000	C#3	49	80	
1036	95.407552	Bb3	58	71	1043	86.375000	Bb3	58	80	
1037	95.542969	Eb3	51	85	1045	86.500000	Eb3	51	80	
1038	95.545573	B3	59	72	1044	86.500000	B3	59	80	
1039	95.700521	Eb4	63	64	1046	86.625000	Eb4	63	80	
1040	95.826823	B2	47	71	1048	86.750000	B2	47	80	
1041	95.837240	F#4	66	70	1047	86.750000	F#4	66	80	
1042	95.980469	A3	57	61	1049	86.875000	A3	57	80	
1043	96.127604	G#3	56	65	1050	87.000000	G#3	56	80	
1044	96.138021	E2	40	69	1051	87.000000	E2	40	80	
1045	96.277344	F#4	66	67	1052	87.125000	F#4	66	80	
1046	96.420573	G#2	44	81	1054	87.250000	G#2	44	80	
1047	96.437500	E4	64	69	1053	87.250000	E4	64	80	
1048	96.562500	Eb4	63	78	1055	87.375000	Eb4	63	80	
1049	96.694010	E2	40	83	1057	87.500000	E2	40	80	
1050	96.701823	C#4	61	86	1056	87.500000	C#4	61	80	
1051	96.841146	Eb4	63	87	1058	87.625000	Eb4	63	80	
1052	96.964844	C#2	37	86	1060	87.750000	C#2	37	80	
1053	96.979167	E4	64	84	1059	87.750000	E4	64	80	
1054	97.109375	B3	59	82	1061	87.875000	B3	59	80	
1055	97.263021	Bb3	58	76	1062	88.000000	Bb3	58	80	
1056	97.264323	F#2	42	89	1063	88.000000	F#2	42	80	
1057	97.385417	B3	59	79	1064	88.125000	B3	59	80	
1058	97.535156	C#4	61	82	1065	88.250000	C#4	61	80	
1059	97.546875	G#2	44	88	1066	88.250000	E2	40	80	
1060	97.674479	G#3	56	83	1067	88.375000	G#3	56	80	
1061	97.819010	Bb2	46	87	1069	88.500000	Eb2	39	80	
1062	97.829427	F#3	54	85	1068	88.500000	F#3	54	80	
1063	97.967448	E3	52	82	1070	88.625000	E3	52	80	
1064	98.097656	F#2	42	91	1072	88.750000	Bb2	46	80	
1065	98.106771	Eb3	51	87	1071	88.750000	Eb3	51	80	
1066	98.239583	C#3	49	82	1073	88.875000	C#3	49	80	
1067	98.373698	B2	47	86	1075	89.000000	B2	47	80	
1068	98.388021	Eb3	51	88	1074	89.000000	Eb3	51	80	
1069	98.526042	F#3	54	80	1076	89.125000	F#3	54	80	
1070	98.669271	B3	59	93	1077	89.250000	B3	59	80	
1071	98.673177	G#2	44	88	1078	89.250000	G#2	44	80	
1072	98.811198	Eb3	51	75	1079	89.375000	Eb3	51	80	
1073	98.947917	E2	40	85	1081	89.500000	E2	40	80	
1074	98.971354	C#3	49	72	1080	89.500000	C#3	49	80	
1075	99.111979	B3	59	91	1082	89.625000	B3	59	80	
1076	99.279948	F#2	42	86	1084	89.750000	G#2	44	80	
1077	99.304688	E3	52	58	1083	89.750000	E3	52	80	
1078	99.451823	Bb3	58	85	1085	89.875000	Bb3	58	80	
1079	99.772135	B1	35	54	1089	90.000000	B1	35	80	
1080	99.772135	B2	47	57	1090	90.000000	B2	47	80	
1081	99.772135	Eb3	51	63	1086	90.000000	Eb3	51	80	
1082	99.774740	F#3	54	58	1087	90.000000	F#3	54	80	
1083	99.774740	B3	59	76	1088	90.000000	B3	59	80	
*	-1	*	-1	-1	23	1.811458	Eb5	75	80	
*	-1	*	-1	-1	40	2.811458	Eb3	51	80	
*	-1	*	-1	-1	278	21.750000	C#4	61	80	
*	-1	*	-1	-1	535	46.125000	B3	59	80	
*	-1	*	-1	-1	634	53.000000	Eb5	75	80	
*	-1	*	-1	-1	803	68.000000	G#3	56	80	
*	-1	*	-1	-1	835	70.000000	D4	62	80	
*	-1	*	-1	-1	878	73.500000	C#4	61	80	
*	-1	*	-1	-1	885	73.811458	Eb4	63	80	
*	-1	*	-1	-1	33	2.500000	C#3	49	80	
*	-1	*	-1	-1	49	3.375000	E3	52	80	
*	-1	*	-1	-1	58	3.811458	F#3	54	80	
*	-1	*	-1	-1	895	74.500000	F4	65	80	
*	-1	*	-1	-1	896	74.561458	F#4	66	80	
*	-1	*	-1	-1	897	74.623958	F4	65	80	
