// alignID alignOntime alignSitch alignPitch alignOnvel refID refOntime refSitch refPitch refOnvel
0	0.500000	C#4	61	64	0	0.750000	C#4	61	80	
1	0.970833	A3	57	73	1	1.000000	A3	57	80	
2	1.430208	F#3	54	74	2	1.250000	F#3	54	80	
3	1.942708	D4	62	74	3	1.500000	D4	62	80	
4	3.428125	C#4	61	55	4	2.250000	C#4	61	80	
5	3.640625	B3	59	62	5	2.375000	B3	59	80	
6	3.927083	C#4	61	56	6	2.500000	C#4	61	80	
7	5.340625	F#4	66	74	7	3.250000	F#4	66	80	
8	5.922917	B3	59	73	8	3.500000	B3	59	80	
9	7.368750	A3	57	54	9	4.250000	A3	57	80	
10	7.593750	G#3	56	63	10	4.375000	G#3	56	80	
11	7.851042	A3	57	61	11	4.500000	A3	57	80	
12	8.327083	F#3	54	61	12	4.750000	F#3	54	80	
13	8.788542	A3	57	50	14	5.061458	A3	57	80	
14	8.886458	G#3	56	61	15	5.125000	G#3	56	80	
15	9.012500	A3	57	61	16	5.186458	A3	57	80	
16	9.104167	G#3	56	56	17	5.250000	G#3	56	80	
17	9.216667	A3	57	61	18	5.311458	A3	57	80	
18	9.307292	G#3	56	59	19	5.375000	G#3	56	80	
19	9.418750	A3	57	59	20	5.436458	A3	57	80	
20	9.507292	G#3	56	53	21	5.500000	G#3	56	80	
21	9.623958	A3	57	55	22	5.561458	A3	57	80	
22	9.710417	G#3	56	52	23	5.625000	G#3	56	80	
23	9.822917	A3	57	53	24	5.686458	A3	57	80	
24	9.935417	G#3	56	53	25	5.750000	G#3	56	80	
25	10.069792	A3	57	46	26	5.811458	A3	57	80	
26	10.166667	G#3	56	47	27	5.875000	G#3	56	80	
27	10.278125	F#3	54	45	*	-1	*	-1	-1	
28	10.413542	G#3	56	39	28	5.936458	A3	57	80	
29	10.582292	F#3	54	31	29	6.000000	F#3	54	80	
30	11.089583	G#3	56	44	30	6.250000	G#3	56	80	
31	11.568750	A3	57	45	31	6.500000	A3	57	80	
32	12.054167	F#4	66	74	32	6.750000	F#4	66	80	
33	12.073958	B3	59	43	33	6.750000	B3	59	80	
34	12.558333	E4	64	69	34	7.000000	E4	64	80	
35	12.559375	C#4	61	40	35	7.000000	C#4	61	80	
36	13.059375	C#4	61	68	36	7.250000	C#4	61	80	
37	13.566667	A4	69	67	37	7.500000	A4	69	80	
38	14.079167	Eb4	63	28	38	7.750000	Eb4	63	80	
39	14.579167	E4	64	27	39	8.000000	E4	64	80	
40	15.040625	G#4	68	49	40	8.250000	G#4	68	80	
41	15.252083	F#4	66	55	41	8.375000	F#4	66	80	
42	15.502083	G#4	68	54	42	8.500000	G#4	68	80	
43	15.980208	E4	64	32	43	8.750000	E4	64	80	
44	16.450000	Bb3	58	36	44	9.000000	Bb3	58	80	
45	16.906250	C#5	73	70	45	9.250000	C#5	73	80	
46	17.365625	F#4	66	66	46	9.500000	F#4	66	80	
47	17.866667	C4	60	37	47	9.750000	C4	60	80	
48	18.327083	C#4	61	36	48	10.000000	C#4	61	80	
49	18.795833	E4	64	40	49	10.250000	E4	64	80	
50	19.014583	Eb4	63	45	50	10.375000	Eb4	63	80	
51	19.248958	E4	64	53	51	10.500000	E4	64	80	
52	19.730208	C#4	61	48	52	10.750000	C#4	61	80	
53	20.198958	E4	64	40	*	-1	*	-1	-1	
54	20.293750	Eb4	63	51	54	11.000000	Eb4	63	80	
55	20.397917	E4	64	53	*	-1	*	-1	-1	
56	20.500000	Eb4	63	52	*	-1	*	-1	-1	
57	20.603125	E4	64	49	*	-1	*	-1	-1	
58	20.612500	C4	60	38	*	-1	*	-1	-1	
59	20.710417	Eb4	63	58	*	-1	*	-1	-1	
60	20.845833	Bb3	58	41	*	-1	*	-1	-1	
61	20.846875	E4	64	45	*	-1	*	-1	-1	
62	20.932292	Eb4	63	58	*	-1	*	-1	-1	
63	21.042708	E4	64	51	*	-1	*	-1	-1	
64	21.060417	C4	60	38	*	-1	*	-1	-1	
65	21.161458	Eb4	63	55	*	-1	*	-1	-1	
66	21.295833	E4	64	43	*	-1	*	-1	-1	
67	21.389583	Eb4	63	48	*	-1	*	-1	-1	
68	21.502083	E4	64	47	*	-1	*	-1	-1	
69	21.512500	G#3	56	32	58	11.750000	G#3	56	80	
70	21.629167	Eb4	63	40	*	-1	*	-1	-1	
71	21.764583	C#4	61	43	55	11.250000	C4	60	80	
72	21.868750	Eb4	63	42	56	11.375000	Bb3	58	80	
73	22.014583	E4	64	27	*	-1	*	-1	-1	
74	22.022917	C#4	61	21	57	11.500000	C4	60	80	
75	22.521875	C#5	73	63	61	12.250000	C#5	73	80	
76	23.000000	F#4	66	60	62	12.500000	F#4	66	80	
77	23.469792	A3	57	31	63	12.750000	A3	57	80	
78	23.984375	D4	62	38	64	13.000000	D4	62	80	
79	24.441667	B4	71	55	65	13.250000	B4	71	80	
80	24.936458	E4	64	38	66	13.500000	E4	64	80	
81	25.382292	G#3	56	36	67	13.750000	G#3	56	80	
82	25.888542	C#4	61	31	68	14.000000	C#4	61	80	
83	26.343750	A4	69	64	69	14.250000	A4	69	80	
84	26.828125	B3	59	54	70	14.500000	B3	59	80	
85	27.275000	G#4	68	66	71	14.750000	G#4	68	80	
86	27.750000	A3	57	38	72	15.000000	A3	57	80	
87	28.227083	F#4	66	58	73	15.250000	F#4	66	80	
88	28.704167	G#3	56	48	74	15.500000	G#3	56	80	
89	29.191667	C#3	49	70	76	15.750000	C#3	49	80	
90	29.201042	F4	65	57	75	15.750000	F4	65	80	
91	29.668750	F#3	54	67	78	16.000000	F#3	54	80	
92	29.672917	F#4	66	62	77	16.000000	F#4	66	80	
93	29.680208	A2	45	55	79	16.000000	A2	45	80	
94	30.146875	F#2	42	70	80	16.250000	F#2	42	80	
95	30.645833	D3	50	67	81	16.500000	D3	50	80	
96	31.115625	B4	71	48	82	16.750000	B4	71	80	
97	31.585417	G#4	68	49	83	17.000000	G#4	68	80	
98	32.033333	C#3	49	56	85	17.250000	C#3	49	80	
99	32.036458	E4	64	48	84	17.250000	E4	64	80	
100	32.258333	B2	47	51	86	17.375000	B2	47	80	
101	32.514583	E3	52	49	87	17.500000	E3	52	80	
102	32.523958	C#3	49	51	88	17.500000	C#3	49	80	
103	32.978125	A4	69	51	89	17.750000	A4	69	80	
104	33.430208	F#4	66	53	90	18.000000	F#4	66	80	
105	33.442708	A3	57	45	91	18.000000	A3	57	80	
106	33.910417	Eb4	63	54	92	18.250000	Eb4	63	80	
107	33.911458	F#3	54	68	93	18.250000	F#3	54	80	
108	34.436458	D4	62	50	94	18.500000	D4	62	80	
109	34.439583	B2	47	68	95	18.500000	B2	47	80	
110	34.912500	G#4	68	50	96	18.750000	G#4	68	80	
111	34.923958	B3	59	43	97	18.750000	B3	59	80	
112	35.370833	F4	65	55	98	19.000000	F4	65	80	
113	35.385417	G#3	56	48	99	19.000000	G#3	56	80	
114	35.828125	C#4	61	58	100	19.250000	C#4	61	80	
115	35.831250	A2	45	46	101	19.250000	A2	45	80	
116	36.029167	G#2	44	57	102	19.375000	G#2	44	80	
117	36.289583	F#4	66	62	103	19.500000	F#4	66	80	
118	36.300000	A2	45	41	104	19.500000	A2	45	80	
119	36.752083	F#2	42	41	106	19.750000	F#2	42	80	
120	36.760417	A3	57	46	105	19.750000	A3	57	80	
121	37.206250	A2	45	25	*	-1	*	-1	-1	
122	37.212500	B3	59	51	107	20.000000	B3	59	80	
123	37.322917	G#2	44	39	108	20.000000	G#2	44	80	
124	37.436458	A2	45	39	*	-1	*	-1	-1	
125	37.542708	G#2	44	52	*	-1	*	-1	-1	
126	37.656250	D4	62	45	109	20.250000	D4	62	80	
127	37.666667	A2	45	42	*	-1	*	-1	-1	
128	37.775000	G#2	44	45	*	-1	*	-1	-1	
129	37.890625	A2	45	38	*	-1	*	-1	-1	
130	37.997917	G#2	44	46	*	-1	*	-1	-1	
131	38.105208	F4	65	51	110	20.500000	F4	65	80	
132	38.121875	A2	45	39	*	-1	*	-1	-1	
133	38.223958	G#2	44	37	*	-1	*	-1	-1	
134	38.347917	A2	45	40	*	-1	*	-1	-1	
135	38.444792	G#2	44	44	*	-1	*	-1	-1	
136	38.561458	G#3	56	46	111	20.750000	G#3	56	80	
137	38.827083	F#2	42	29	*	-1	*	-1	-1	
138	38.944792	G#2	44	30	*	-1	*	-1	-1	
139	39.053125	F#4	66	45	112	21.000000	F#4	66	80	
140	39.056250	F#2	42	27	*	-1	*	-1	-1	
141	39.081250	A3	57	35	113	21.000000	A3	57	80	
142	39.511458	A4	69	56	115	21.250000	A4	69	80	
143	39.533333	C#4	61	43	116	21.250000	C#4	61	80	
144	39.958333	B4	71	60	117	21.500000	B4	71	80	
145	39.963542	D3	50	36	118	21.500000	D3	50	80	
146	40.433333	D5	74	54	119	21.750000	D5	74	80	
147	40.446875	F#3	54	38	120	21.750000	F#3	54	80	
148	40.905208	G#3	56	47	121	22.000000	G#3	56	80	
149	41.367708	G#4	68	60	122	22.250000	G#4	68	80	
150	41.385417	B3	59	38	123	22.250000	B3	59	80	
151	41.850000	A4	69	54	124	22.500000	A4	69	80	
152	41.858333	C#3	49	43	125	22.500000	C#3	49	80	
153	42.316667	C#5	73	60	126	22.750000	C#5	73	80	
154	42.339583	A3	57	62	127	22.750000	A3	57	80	
155	42.800000	B2	47	40	129	23.000000	B2	47	80	
156	42.853125	D4	62	64	128	23.000000	D4	62	80	
157	43.305208	F#4	66	40	130	23.250000	F#4	66	80	
158	43.515625	G#4	68	57	131	23.375000	G#4	68	80	
159	43.727083	A4	69	56	*	-1	*	-1	-1	
160	43.737500	B3	59	54	133	23.500000	B3	59	80	
161	43.853125	G#4	68	69	132	23.500000	G#4	68	80	
162	43.966667	A4	69	66	134	23.561458	A4	69	80	
163	44.061458	G#4	68	74	135	23.623958	G#4	68	80	
164	44.175000	A4	69	64	136	23.687500	A4	69	80	
165	44.187500	E3	52	35	138	23.750000	E3	52	80	
166	44.283333	G#4	68	63	137	23.748958	G#4	68	80	
167	44.392708	F#4	66	66	140	23.875000	F#4	66	80	
168	44.509375	G#4	68	70	141	23.937500	G#4	68	80	
169	44.633333	C#3	49	48	144	24.000000	C#3	49	80	
170	44.646875	A4	69	68	142	24.000000	A4	69	80	
171	44.656250	E4	64	63	143	24.000000	E4	64	80	
172	45.142708	C#4	61	69	145	24.250000	C#4	61	80	
173	45.152083	A2	45	52	146	24.250000	A2	45	80	
174	45.317708	G4	67	12	*	-1	*	-1	-1	
175	45.627083	Eb4	63	65	147	24.500000	Eb4	63	80	
176	45.656250	F#3	54	62	148	24.500000	F#3	54	80	
177	46.091667	Eb5	75	70	149	24.750000	Eb5	75	80	
178	46.101042	F#4	66	62	150	24.750000	F#4	66	80	
179	46.592708	C5	72	67	151	25.000000	C5	72	80	
180	47.029167	G#4	68	68	152	25.250000	G#4	68	80	
181	47.047917	C4	60	42	153	25.250000	C4	60	80	
182	47.514583	E3	52	54	155	25.500000	E3	52	80	
183	47.514583	C#4	61	58	154	25.500000	C#4	61	80	
184	47.986458	C#5	73	81	156	25.750000	C#5	73	80	
185	48.000000	E4	64	43	157	25.750000	E4	64	80	
186	48.429167	Eb3	51	41	159	26.000000	Eb3	51	80	
187	48.527083	F#5	78	78	158	26.000000	F#5	78	80	
188	48.969792	Bb3	58	48	160	26.250000	Bb3	58	80	
189	49.189583	C4	60	60	161	26.375000	C4	60	80	
190	49.402083	C#4	61	58	*	-1	*	-1	-1	
191	49.407292	Eb5	75	77	162	26.500000	Eb5	75	80	
192	49.542708	C4	60	59	163	26.500000	C4	60	80	
193	49.666667	C#4	61	62	164	26.561458	C#4	61	80	
194	49.768750	C4	60	69	165	26.623958	C4	60	80	
195	49.881250	C#4	61	68	166	26.687500	C#4	61	80	
196	49.896875	G#3	56	57	168	26.750000	G#3	56	80	
197	49.986458	C4	60	64	169	26.811458	C#4	61	80	
198	50.096875	Bb3	58	65	170	26.875000	Bb3	58	80	
199	50.204167	C4	60	71	171	26.937500	C4	60	80	
200	50.320833	G#5	80	88	172	27.000000	G#5	80	80	
201	50.337500	E3	52	58	174	27.000000	E3	52	80	
202	50.342708	C#4	61	67	173	27.000000	C#4	61	80	
203	50.785417	E5	76	78	175	27.250000	E5	76	80	
204	50.807292	C#3	49	60	176	27.250000	C#3	49	80	
205	51.253125	F#5	78	78	177	27.500000	F#5	78	80	
206	51.280208	A3	57	46	178	27.500000	A3	57	80	
207	51.750000	F#4	66	36	180	27.750000	F#4	66	80	
208	51.750000	A5	81	67	179	27.750000	A5	81	80	
209	52.227083	D4	62	50	181	28.000000	D4	62	80	
210	52.693750	D5	74	68	182	28.250000	D5	74	80	
211	52.727083	B3	59	41	183	28.250000	B3	59	80	
212	53.162500	E5	76	68	184	28.500000	E5	76	80	
213	53.179167	G#3	56	40	185	28.500000	G#3	56	80	
214	53.638542	G#5	80	63	186	28.750000	G#5	80	80	
215	53.676042	E4	64	30	187	28.750000	E4	64	80	
216	54.106250	C#4	61	47	188	29.000000	C#4	61	80	
217	54.593750	C#5	73	69	189	29.250000	C#5	73	80	
218	54.640625	A3	57	19	190	29.250000	A3	57	80	
219	54.646875	C#3	49	34	191	29.250000	C#3	49	80	
220	55.067708	B4	71	57	192	29.500000	B4	71	80	
221	55.087500	F#3	54	44	193	29.500000	F#3	54	80	
222	55.552083	A4	69	56	194	29.750000	A4	69	80	
223	55.569792	C#4	61	37	196	29.875000	C#4	61	80	
224	56.021875	G#4	68	51	197	30.000000	G#4	68	80	
225	56.058333	B3	59	30	198	30.000000	B3	59	80	
226	56.513542	A3	57	40	199	30.250000	A3	57	80	
227	56.979167	A3	57	8	*	-1	*	-1	-1	
228	56.990625	F3	53	36	201	30.500000	F3	53	80	
229	57.078125	G#3	56	49	200	30.500000	G#3	56	80	
230	57.191667	A3	57	44	*	-1	*	-1	-1	
231	57.296875	G#3	56	38	*	-1	*	-1	-1	
232	57.426042	A3	57	36	*	-1	*	-1	-1	
233	57.436458	C#5	73	69	202	30.750000	C#5	73	80	
234	57.501042	G#3	56	42	*	-1	*	-1	-1	
235	57.645833	F#3	54	38	*	-1	*	-1	-1	
236	57.745833	G#3	56	46	*	-1	*	-1	-1	
237	57.917708	A4	69	68	203	31.000000	A4	69	80	
238	57.931250	F#3	54	39	*	-1	*	-1	-1	
239	58.376042	F#4	66	67	206	31.250000	F#4	66	80	
240	58.388542	A3	57	26	207	31.250000	A3	57	80	
241	58.858333	D5	74	65	208	31.500000	D5	74	80	
242	58.885417	B3	59	32	209	31.500000	B3	59	80	
243	59.314583	B4	71	41	210	31.750000	B4	71	80	
244	59.341667	D4	62	22	211	31.750000	D4	62	80	
245	59.796875	E4	64	40	212	32.000000	E4	64	80	
246	59.804167	G#3	56	27	213	32.000000	G#3	56	80	
247	60.260417	C#5	73	47	214	32.250000	C#5	73	80	
248	60.269792	E3	52	24	215	32.250000	E3	52	80	
249	60.464583	B4	71	58	216	32.375000	B4	71	80	
250	60.726042	C#5	73	59	217	32.500000	C#5	73	80	
251	60.742708	A3	57	27	218	32.500000	A3	57	80	
252	61.197917	C#4	61	30	220	32.750000	C#4	61	80	
253	61.201042	E4	64	43	219	32.750000	E4	64	80	
254	61.655208	A4	69	51	221	33.000000	A4	69	80	
255	61.687500	F#3	54	29	222	33.000000	F#3	54	80	
256	62.147917	F#5	78	74	223	33.250000	F#5	78	80	
257	62.152083	Eb3	51	34	224	33.250000	Eb3	51	80	
258	62.622917	B4	71	64	225	33.500000	B4	71	80	
259	62.654167	G#3	56	37	226	33.500000	G#3	56	80	
260	63.111458	G#4	68	49	227	33.750000	G#4	68	80	
261	63.148958	B3	59	26	228	33.750000	B3	59	80	
262	63.326042	F#4	66	49	229	33.875000	F#4	66	80	
263	63.573958	G#4	68	56	230	34.000000	G#4	68	80	
264	63.576042	F3	53	32	231	34.000000	F3	53	80	
265	64.017708	A4	69	55	232	34.250000	A4	69	80	
266	64.028125	C#3	49	40	234	34.250000	C#3	49	80	
267	64.035417	F4	65	26	233	34.250000	F4	65	80	
268	64.239583	G#4	68	60	235	34.375000	G#4	68	80	
269	64.497917	A4	69	61	236	34.500000	A4	69	80	
270	64.507292	F#4	66	37	237	34.500000	F#4	66	80	
271	64.512500	F#3	54	27	238	34.500000	F#3	54	80	
272	64.957292	F#4	66	57	239	34.750000	F#4	66	80	
273	64.993750	A3	57	21	240	34.750000	A3	57	80	
274	65.443750	G#4	68	56	241	35.000000	G#4	68	80	
275	65.472917	B3	59	26	242	35.000000	B3	59	80	
276	65.900000	G#3	56	29	244	35.250000	G#3	56	80	
277	65.919792	E4	64	43	243	35.250000	E4	64	80	
278	66.146875	Eb4	63	40	245	35.375000	Eb4	63	80	
279	66.389583	E4	64	44	246	35.500000	E4	64	80	
280	66.390625	C#4	61	36	247	35.500000	C#4	61	80	
281	66.837500	B3	59	47	248	35.750000	B3	59	80	
282	67.302083	F#4	66	51	249	36.000000	F#4	66	80	
283	67.341667	Bb3	58	28	250	36.000000	Bb3	58	80	
284	67.788542	D4	62	43	251	36.250000	D4	62	80	
285	67.793750	F#3	54	27	252	36.250000	F#3	54	80	
286	68.015625	C#4	61	44	253	36.375000	C#4	61	80	
287	68.263542	D4	62	34	254	36.500000	D4	62	80	
288	68.295833	B3	59	20	255	36.500000	B3	59	80	
289	68.721875	B4	71	59	256	36.750000	B4	71	80	
290	68.750000	A3	57	30	257	36.750000	A3	57	80	
291	69.190625	E4	64	56	258	37.000000	E4	64	80	
292	69.217708	G#3	56	32	259	37.000000	G#3	56	80	
293	69.665625	G#4	68	68	260	37.250000	G#4	68	80	
294	69.679167	E3	52	33	261	37.250000	E3	52	80	
295	70.111458	A4	69	78	262	37.500000	A4	69	80	
296	70.130208	C#4	61	58	263	37.500000	C#4	61	80	
297	70.152083	F#3	54	37	264	37.500000	F#3	54	80	
298	70.600000	C#5	73	79	265	37.750000	C#5	73	80	
299	70.615625	A3	57	39	266	37.750000	A3	57	80	
300	71.080208	D3	50	33	268	38.000000	D3	50	80	
301	71.092708	F#4	66	70	267	38.000000	F#4	66	80	
302	71.576042	D4	62	62	269	38.250000	D4	62	80	
303	71.604167	B2	47	42	270	38.250000	B2	47	80	
304	72.052083	G#4	68	70	271	38.500000	G#4	68	80	
305	72.063542	E3	52	41	273	38.500000	E3	52	80	
306	72.066667	B3	59	42	272	38.500000	B3	59	80	
307	72.567708	E4	64	48	274	38.750000	E4	64	80	
308	72.591667	E2	40	33	275	38.750000	E2	40	80	
309	73.115625	A4	69	59	276	39.000000	A4	69	80	
310	73.117708	C#4	61	46	277	39.000000	C#4	61	80	
311	73.128125	A2	45	37	278	39.000000	A2	45	80	
312	73.677083	A3	57	81	279	39.250000	A3	57	80	
313	74.203125	G#3	56	79	280	39.500000	G#3	56	80	
314	74.894792	F#3	54	64	281	39.875000	F#3	54	80	
315	75.130208	F3	53	65	282	40.000000	F3	53	80	
316	75.594792	C#4	61	83	283	40.250000	C#4	61	80	
317	75.608333	C#3	49	51	284	40.250000	C#3	49	80	
318	76.113542	B3	59	84	285	40.500000	B3	59	80	
319	76.155208	F#3	54	53	286	40.500000	F#3	54	80	
320	76.863542	A3	57	65	287	40.875000	A3	57	80	
321	77.117708	G#3	56	65	288	41.000000	G#3	56	80	
322	77.564583	D5	74	81	289	41.250000	D5	74	80	
323	78.057292	C#5	73	80	290	41.500000	C#5	73	80	
324	78.090625	F3	53	32	291	41.500000	F3	53	80	
325	78.541667	C#4	61	41	292	41.750000	C#4	61	80	
326	78.548958	E3	52	42	293	41.750000	E3	52	80	
327	78.780208	B4	71	69	294	41.875000	B4	71	80	
328	79.028125	Bb4	70	78	295	42.000000	Bb4	70	80	
329	79.036458	F#3	54	39	296	42.000000	F#3	54	80	
330	79.492708	F#4	66	82	297	42.250000	F#4	66	80	
331	79.500000	D3	50	47	299	42.250000	D3	50	80	
332	79.973958	C#3	49	48	302	42.500000	C#3	49	80	
333	79.975000	B4	71	75	300	42.500000	B4	71	80	
334	79.983333	E4	64	74	301	42.500000	E4	64	80	
335	80.453125	B2	47	47	303	42.750000	B2	47	80	
336	80.687500	D4	62	67	304	42.875000	D4	62	80	
337	80.910417	E3	52	49	306	43.000000	E3	52	80	
338	80.930208	C#4	61	70	305	43.000000	C#4	61	80	
339	81.387500	G4	67	76	307	43.250000	G4	67	80	
340	81.400000	C#3	49	55	308	43.250000	C#3	49	80	
341	81.862500	Bb4	70	76	309	43.500000	Bb4	70	80	
342	81.870833	F#4	66	72	310	43.500000	F#4	66	80	
343	81.882292	F#3	54	50	311	43.500000	F#3	54	80	
344	82.356250	F#2	42	38	313	43.750000	F#2	42	80	
345	82.366667	A4	69	62	312	43.750000	A4	69	80	
346	82.592708	E4	64	58	314	43.875000	E4	64	80	
347	82.837500	Eb4	63	54	315	44.000000	Eb4	63	80	
348	82.851042	B2	47	38	316	44.000000	B2	47	80	
349	83.325000	B4	71	63	317	44.250000	B4	71	80	
350	83.348958	B3	59	51	318	44.250000	B3	59	80	
351	83.815625	A4	69	64	319	44.500000	A4	69	80	
352	83.835417	E4	64	49	320	44.500000	E4	64	80	
353	84.289583	C#3	49	43	321	44.750000	C#3	49	80	
354	84.489583	G#4	68	56	322	44.875000	G#4	68	80	
355	84.762500	A2	45	36	324	45.000000	A2	45	80	
356	84.764583	F#4	66	53	323	45.000000	F#4	66	80	
357	85.245833	C#4	61	62	325	45.250000	C#4	61	80	
358	85.747917	B3	59	44	327	45.500000	B3	59	80	
359	85.755208	Eb4	63	39	326	45.500000	Eb4	63	80	
360	86.233333	D4	62	42	328	45.750000	D4	62	80	
361	86.453125	A3	57	38	329	45.875000	A3	57	80	
362	86.697917	G#3	56	35	331	46.000000	G#3	56	80	
363	86.698958	E4	64	46	330	46.000000	E4	64	80	
364	87.145833	E3	52	37	333	46.250000	E3	52	80	
365	87.170833	C#4	61	40	332	46.250000	C#4	61	80	
366	87.407292	B3	59	46	334	46.375000	B3	59	80	
367	87.658333	C#4	61	48	335	46.500000	C#4	61	80	
368	87.681250	A3	57	32	336	46.500000	A3	57	80	
369	88.129167	A4	69	67	337	46.750000	A4	69	80	
370	88.147917	F#4	66	49	338	46.750000	F#4	66	80	
371	88.640625	B4	71	66	339	47.000000	B4	71	80	
372	88.671875	D4	62	42	340	47.000000	D4	62	80	
373	89.126042	B3	59	48	341	47.250000	B3	59	80	
374	89.581250	G#3	56	36	343	47.500000	G#3	56	80	
375	89.582292	E4	64	44	342	47.500000	E4	64	80	
376	90.048958	E3	52	34	345	47.750000	E3	52	80	
377	90.051042	G#4	68	69	344	47.750000	G#4	68	80	
378	90.566667	C#5	73	66	346	48.000000	C#5	73	80	
379	90.596875	A3	57	25	347	48.000000	A3	57	80	
380	91.034375	C#4	61	49	348	48.250000	C#4	61	80	
381	91.506250	F#4	66	59	349	48.500000	F#4	66	80	
382	91.990625	A4	69	73	350	48.750000	A4	69	80	
383	91.993750	F#3	54	50	351	48.750000	F#3	54	80	
384	92.467708	D5	74	72	352	49.000000	D5	74	80	
385	92.493750	B3	59	48	353	49.000000	B3	59	80	
386	92.934375	A4	69	72	354	49.250000	A4	69	80	
387	93.403125	G#4	68	72	355	49.500000	G#4	68	80	
388	93.840625	G#3	56	56	356	49.750000	G#3	56	80	
389	94.079167	F#4	66	64	357	49.875000	F#4	66	80	
390	94.333333	E4	64	61	358	50.000000	E4	64	80	
391	94.342708	C#4	61	43	359	50.000000	C#4	61	80	
392	94.797917	D5	74	72	360	50.250000	D5	74	80	
393	94.798958	B4	71	60	361	50.250000	B4	71	80	
394	95.270833	C#5	73	73	362	50.500000	C#5	73	80	
395	95.277083	A4	69	57	363	50.500000	A4	69	80	
396	95.756250	G#4	68	50	364	50.750000	G#4	68	80	
397	95.980208	B4	71	69	365	50.875000	B4	71	80	
398	96.207292	A4	69	77	366	51.000000	A4	69	80	
399	96.233333	F#4	66	58	367	51.000000	F#4	66	80	
400	96.676042	E4	64	70	368	51.250000	E4	64	80	
401	96.686458	C#4	61	62	369	51.250000	C#4	61	80	
402	97.163542	D4	62	51	371	51.500000	D4	62	80	
403	97.171875	B3	59	45	372	51.500000	B3	59	80	
404	97.200000	F#5	78	86	370	51.500000	F#5	78	80	
405	97.645833	C#4	61	62	373	51.750000	C#4	61	80	
406	97.860417	A3	57	53	374	51.875000	A3	57	80	
407	98.117708	G#3	56	59	376	52.000000	G#3	56	80	
408	98.117708	B3	59	57	375	52.000000	B3	59	80	
409	98.615625	E5	76	80	377	52.250000	E5	76	80	
410	99.134375	F#4	66	68	379	52.500000	F#4	66	80	
411	99.143750	D5	74	60	378	52.500000	D5	74	80	
412	99.169792	Bb3	58	54	380	52.500000	Bb3	58	80	
413	99.857292	C#5	73	59	381	52.875000	C#5	73	80	
414	100.116667	B3	59	58	383	53.000000	B3	59	80	
415	100.122917	D5	74	65	382	53.000000	D5	74	80	
416	100.588542	B4	71	74	384	53.250000	B4	71	80	
417	100.595833	D4	62	62	385	53.250000	D4	62	80	
418	101.095833	G3	55	39	388	53.500000	G3	55	80	
419	101.106250	C#4	61	45	387	53.500000	C#4	61	80	
420	101.128125	E5	76	74	386	53.500000	E5	76	80	
421	101.798958	B3	59	47	389	53.875000	B3	59	80	
422	102.045833	Bb3	58	52	390	54.000000	Bb3	58	80	
423	102.073958	F#3	54	45	391	54.000000	F#3	54	80	
424	102.523958	F#5	78	71	392	54.250000	F#5	78	80	
425	102.529167	F#3	54	42	393	54.250000	F#3	54	80	
426	103.007292	D5	74	66	394	54.500000	D5	74	80	
427	103.019792	B3	59	40	395	54.500000	B3	59	80	
428	103.493750	B4	71	53	396	54.750000	B4	71	80	
429	103.496875	G3	55	31	397	54.750000	G3	55	80	
430	103.965625	C#5	73	48	398	55.000000	C#5	73	80	
431	103.987500	E3	52	25	399	55.000000	E3	52	80	
432	104.450000	C#3	49	33	400	55.250000	C#3	49	80	
433	104.959375	Bb3	58	15	401	55.500000	Bb3	58	80	
434	104.980208	F#3	54	18	402	55.500000	F#3	54	80	
435	105.455208	F#4	66	73	404	55.750000	F#4	66	80	
436	105.468750	Bb4	70	67	403	55.750000	Bb4	70	80	
437	105.944792	D4	62	75	406	56.000000	D4	62	80	
438	105.954167	B4	71	66	405	56.000000	B4	71	80	
439	106.414583	B3	59	76	408	56.250000	B3	59	80	
440	106.429167	D5	74	69	407	56.250000	D5	74	80	
441	106.903125	E3	52	40	411	56.500000	E3	52	80	
442	106.938542	G4	67	65	410	56.500000	G4	67	80	
443	106.941667	C#5	73	70	409	56.500000	C#5	73	80	
444	107.397917	D3	50	31	412	56.750000	D3	50	80	
445	107.645833	B4	71	53	413	56.875000	B4	71	80	
446	107.883333	C#3	49	32	415	57.000000	C#3	49	80	
447	107.884375	A4	69	61	414	57.000000	A4	69	80	
448	108.345833	A2	45	31	417	57.250000	A2	45	80	
449	108.360417	F#4	66	57	416	57.250000	F#4	66	80	
450	108.571875	E4	64	60	418	57.375000	E4	64	80	
451	108.834375	D3	50	32	420	57.500000	D3	50	80	
452	108.835417	F#4	66	60	419	57.500000	F#4	66	80	
453	109.294792	C#3	49	38	422	57.750000	C#3	49	80	
454	109.296875	D5	74	53	421	57.750000	D5	74	80	
455	109.751042	G4	67	46	423	58.000000	G4	67	80	
456	109.776042	B2	47	27	424	58.000000	B2	47	80	
457	110.200000	B4	71	73	425	58.250000	B4	71	80	
458	110.218750	D3	50	45	426	58.250000	D3	50	80	
459	110.702083	E4	64	67	427	58.500000	E4	64	80	
460	110.739583	C#3	49	35	428	58.500000	C#3	49	80	
461	111.187500	C#5	73	58	429	58.750000	C#5	73	80	
462	111.393750	B2	47	44	430	58.875000	B2	47	80	
463	111.642708	F#4	66	55	431	59.000000	F#4	66	80	
464	111.648958	Bb2	46	32	432	59.000000	Bb2	46	80	
465	112.100000	F#2	42	39	434	59.250000	F#2	42	80	
466	112.136458	D4	62	38	433	59.250000	D4	62	80	
467	112.337500	C#4	61	55	435	59.375000	C#4	61	80	
468	112.601042	D4	62	45	436	59.500000	D4	62	80	
469	112.617708	B2	47	37	437	59.500000	B2	47	80	
470	113.070833	B3	59	42	438	59.750000	B3	59	80	
471	113.548958	C#4	61	43	439	60.000000	C#4	61	80	
472	114.021875	A2	45	29	441	60.250000	A2	45	80	
473	114.022917	F4	65	32	440	60.250000	F4	65	80	
474	114.227083	G#2	44	33	442	60.375000	G#2	44	80	
475	114.478125	F#4	66	43	443	60.500000	F#4	66	80	
476	114.498958	A2	45	27	444	60.500000	A2	45	80	
477	114.959375	A4	69	50	445	60.750000	A4	69	80	
478	115.408333	Eb4	63	47	446	61.000000	Eb4	63	80	
479	115.410417	B3	59	43	447	61.000000	B3	59	80	
480	115.868750	F#4	66	52	448	61.250000	F#4	66	80	
481	115.890625	G#2	44	39	449	61.250000	G#2	44	80	
482	116.085417	F#2	42	47	450	61.375000	F#2	42	80	
483	116.333333	B4	71	62	451	61.500000	B4	71	80	
484	116.341667	G#2	44	32	452	61.500000	G#2	44	80	
485	116.808333	G#4	68	59	453	61.750000	G#4	68	80	
486	116.855208	E2	40	38	454	61.750000	E2	40	80	
487	117.298958	C#3	49	66	456	62.000000	C#3	49	80	
488	117.305208	E4	64	45	455	62.000000	E4	64	80	
489	117.776042	A4	69	68	457	62.250000	A4	69	80	
490	117.791667	C#2	37	67	458	62.250000	C#2	37	80	
491	117.994792	G#4	68	67	459	62.375000	G#4	68	80	
492	118.256250	A4	69	67	460	62.500000	A4	69	80	
493	118.270833	C#3	49	66	461	62.500000	C#3	49	80	
494	118.712500	C#5	73	71	462	62.750000	C#5	73	80	
495	119.189583	F#4	66	67	463	63.000000	F#4	66	80	
496	119.194792	D4	62	58	464	63.000000	D4	62	80	
497	119.667708	A4	69	73	465	63.250000	A4	69	80	
498	119.670833	B2	47	61	466	63.250000	B2	47	80	
499	119.882292	A2	45	64	467	63.375000	A2	45	80	
500	120.128125	D5	74	75	468	63.500000	D5	74	80	
501	120.138542	B2	47	59	469	63.500000	B2	47	80	
502	120.592708	B4	71	77	470	63.750000	B4	71	80	
503	120.608333	G#2	44	57	471	63.750000	G#2	44	80	
504	121.050000	G#4	68	75	472	64.000000	G#4	68	80	
505	121.064583	F2	41	69	473	64.000000	F2	41	80	
506	121.536458	G#3	56	51	476	64.250000	G#3	56	80	
507	121.554167	D5	74	82	474	64.250000	D5	74	80	
508	121.582292	F4	65	57	475	64.250000	F4	65	80	
509	122.068750	C#5	73	74	477	64.500000	C#5	73	80	
510	122.075000	F3	53	40	478	64.500000	F3	53	80	
511	122.537500	C#3	49	40	480	64.750000	C#3	49	80	
512	122.550000	G#4	68	43	479	64.750000	G#4	68	80	
513	122.750000	B4	71	67	481	64.875000	B4	71	80	
514	123.003125	A4	69	69	482	65.000000	A4	69	80	
515	123.026042	F#3	54	36	483	65.000000	F#3	54	80	
516	123.494792	F#4	66	47	484	65.250000	F#4	66	80	
517	123.506250	G#3	56	45	485	65.250000	G#3	56	80	
518	123.698958	F4	65	56	486	65.375000	F4	65	80	
519	123.938542	F#4	66	51	487	65.500000	F#4	66	80	
520	123.948958	A3	57	33	488	65.500000	A3	57	80	
521	124.406250	Eb4	63	41	489	65.750000	Eb4	63	80	
522	124.438542	F#3	54	28	490	65.750000	F#3	54	80	
523	124.873958	G#3	56	35	492	66.000000	G#3	56	80	
524	124.875000	C4	60	37	491	66.000000	C4	60	80	
525	125.348958	G#4	68	39	493	66.250000	G#4	68	80	
526	125.378125	G#2	44	24	494	66.250000	G#2	44	80	
527	125.575000	F#4	66	45	495	66.375000	F#4	66	80	
528	125.835417	G#4	68	50	496	66.500000	G#4	68	80	
529	126.290625	G#3	56	71	498	66.750000	G#3	56	80	
530	126.305208	Eb4	63	54	497	66.750000	Eb4	63	80	
531	126.779167	E4	64	67	499	67.000000	E4	64	80	
532	126.790625	E3	52	71	501	67.000000	E3	52	80	
533	126.795833	C#4	61	59	500	67.000000	C#4	61	80	
534	127.277083	E5	76	71	502	67.250000	E5	76	80	
535	127.278125	C#3	49	79	503	67.250000	C#3	49	80	
536	127.811458	A3	57	76	505	67.500000	A3	57	80	
537	127.814583	Eb5	75	62	504	67.500000	Eb5	75	80	
538	128.503125	C#5	73	62	506	67.875000	C#5	73	80	
539	128.753125	C5	72	68	507	68.000000	C5	72	80	
540	129.188542	F#5	78	79	508	68.250000	F#5	78	80	
541	129.200000	Eb5	75	65	509	68.250000	Eb5	75	80	
542	129.210417	G#3	56	53	510	68.250000	G#3	56	80	
543	129.427083	F#3	54	54	511	68.375000	F#3	54	80	
544	129.669792	E5	76	77	512	68.500000	E5	76	80	
545	129.681250	C#5	73	65	513	68.500000	C#5	73	80	
546	129.693750	G#3	56	54	514	68.500000	G#3	56	80	
547	130.152083	Eb5	75	67	515	68.750000	Eb5	75	80	
548	130.375000	C5	72	57	516	68.875000	C5	72	80	
549	130.634375	E5	76	71	517	69.000000	E5	76	80	
550	130.638542	C#5	73	57	518	69.000000	C#5	73	80	
551	131.091667	C#4	61	77	520	69.250000	C#4	61	80	
552	131.094792	B4	71	55	519	69.250000	B4	71	80	
553	131.581250	F#3	54	73	522	69.500000	F#3	54	80	
554	131.595833	A4	69	63	521	69.500000	A4	69	80	
555	132.081250	Eb5	75	78	523	69.750000	Eb5	75	80	
556	132.090625	F#4	66	65	524	69.750000	G#4	68	80	
557	132.300000	C#5	73	82	525	69.875000	C#5	73	80	
558	132.579167	C4	60	41	527	70.000000	C4	60	80	
559	132.609375	G#5	80	85	526	70.000000	G#5	80	80	
560	133.053125	Eb4	63	59	529	70.250000	Eb4	63	80	
561	133.056250	C5	72	74	528	70.250000	C5	72	80	
562	133.066667	E3	52	54	530	70.250000	E3	52	80	
563	133.295833	Eb3	51	55	531	70.375000	Eb3	51	80	
564	133.538542	G#3	56	49	533	70.500000	G#3	56	80	
565	133.547917	E3	52	42	534	70.500000	E3	52	80	
566	133.551042	C#5	73	74	532	70.500000	C#5	73	80	
567	134.091667	C#3	49	35	536	70.750000	C#3	49	80	
568	134.100000	G#4	68	41	535	70.750000	G#4	68	80	
569	134.709375	F#4	66	34	537	71.000000	F#4	66	80	
570	134.717708	Eb3	51	9	538	71.000000	Eb3	51	80	
571	134.953125	G#4	68	37	539	71.125000	G#4	68	80	
572	135.190625	F#4	66	38	540	71.250000	F#4	66	80	
573	135.429167	E4	64	35	541	71.375000	E4	64	80	
574	135.643750	C5	72	48	542	71.500000	C5	72	80	
575	135.673958	G#3	56	30	544	71.500000	G#3	56	80	
576	135.681250	F#4	66	34	543	71.500000	F#4	66	80	
577	135.885417	E4	64	21	545	71.625000	E4	64	80	
578	136.126042	Eb4	63	34	546	71.750000	Eb4	63	80	
579	136.346875	F#4	66	37	547	71.875000	F#4	66	80	
580	136.583333	C#5	73	47	548	72.000000	C#5	73	80	
581	136.588542	C#3	49	31	550	72.000000	C#3	49	80	
582	136.605208	E4	64	38	549	72.000000	E4	64	80	
583	136.861458	F#4	66	31	551	72.125000	F#4	66	80	
584	137.055208	E4	64	24	552	72.250000	E4	64	80	
585	137.293750	Eb4	63	28	553	72.375000	Eb4	63	80	
586	137.511458	E4	64	15	554	72.500000	E4	64	80	
587	137.757292	Eb4	63	22	555	72.625000	Eb4	63	80	
588	137.976042	C#5	73	49	556	72.750000	C#5	73	80	
589	138.045833	C#4	61	3	557	72.750000	C#4	61	80	
590	138.201042	E4	64	26	558	72.875000	E4	64	80	
591	138.438542	B4	71	47	559	73.000000	B4	71	80	
592	138.469792	Eb4	63	32	560	73.000000	Eb4	63	80	
593	138.660417	C#5	73	54	561	73.125000	C#5	73	80	
594	138.893750	G#4	68	46	563	73.250000	G#4	68	80	
595	138.897917	B4	71	54	562	73.250000	B4	71	80	
596	139.112500	A4	69	56	564	73.375000	A4	69	80	
597	139.358333	B4	71	55	565	73.500000	B4	71	80	
598	139.368750	C#4	61	36	566	73.500000	C#4	61	80	
599	139.578125	A4	69	46	567	73.625000	A4	69	80	
600	139.813542	G#4	68	45	568	73.750000	G#4	68	80	
601	139.829167	F4	65	28	569	73.750000	F4	65	80	
602	140.028125	B4	71	45	570	73.875000	B4	71	80	
603	140.273958	A4	69	40	571	74.000000	A4	69	80	
604	140.277083	F#4	66	36	572	74.000000	F#4	66	80	
605	140.477083	B4	71	41	573	74.125000	B4	71	80	
606	140.505208	D4	62	35	574	74.125000	D4	62	80	
607	140.723958	C#4	61	43	576	74.250000	C#4	61	80	
608	140.741667	A4	69	45	575	74.250000	A4	69	80	
609	140.926042	G#4	68	51	577	74.375000	G#4	68	80	
610	140.953125	B3	59	45	578	74.375000	B3	59	80	
611	141.147917	C#4	61	38	580	74.500000	C#4	61	80	
612	141.156250	A4	69	56	579	74.500000	A4	69	80	
613	141.380208	G#4	68	51	581	74.625000	G#4	68	80	
614	141.419792	A3	57	45	582	74.625000	A3	57	80	
615	141.623958	F#4	66	46	583	74.750000	F#4	66	80	
616	141.639583	D4	62	43	584	74.750000	D4	62	80	
617	141.659375	F#3	54	37	585	74.750000	F#3	54	80	
618	141.868750	A4	69	49	586	74.875000	A4	69	80	
619	142.100000	G#4	68	50	587	75.000000	G#4	68	80	
620	142.103125	E3	52	43	588	75.000000	E3	52	80	
621	142.308333	F#3	54	36	589	75.125000	F#3	54	80	
622	142.546875	G#3	56	42	591	75.250000	G#3	56	80	
623	142.554167	C#5	73	59	590	75.250000	C#5	73	80	
624	142.585417	E3	52	38	592	75.250000	E3	52	80	
625	142.766667	D3	50	45	593	75.375000	D3	50	80	
626	143.001042	F#4	66	57	594	75.500000	F#4	66	80	
627	143.015625	Bb3	58	48	595	75.500000	Bb3	58	80	
628	143.025000	E3	52	42	596	75.500000	E3	52	80	
629	143.242708	D3	50	44	597	75.625000	D3	50	80	
630	143.464583	C#4	61	49	599	75.750000	C#4	61	80	
631	143.469792	Bb4	70	61	598	75.750000	Bb4	70	80	
632	143.482292	C#3	49	39	600	75.750000	C#3	49	80	
633	143.694792	E3	52	43	601	75.875000	E3	52	80	
634	143.939583	F#3	54	40	604	76.000000	F#3	54	80	
635	143.956250	B4	71	54	602	76.000000	B4	71	80	
636	143.965625	D3	50	33	603	76.000000	D3	50	80	
637	144.176042	E3	52	47	605	76.125000	E3	52	80	
638	144.408333	F#4	66	59	606	76.250000	F#4	66	80	
639	144.430208	D3	50	41	607	76.250000	D3	50	80	
640	144.623958	C#3	49	49	608	76.375000	C#3	49	80	
641	144.859375	B4	71	60	609	76.500000	B4	71	80	
642	144.867708	D3	50	37	610	76.500000	D3	50	80	
643	145.085417	C#3	49	40	611	76.625000	C#3	49	80	
644	145.314583	B2	47	35	613	76.750000	B2	47	80	
645	145.319792	F#4	66	47	612	76.750000	F#4	66	80	
646	145.553125	D3	50	31	614	76.875000	D3	50	80	
647	145.768750	E4	64	39	615	77.000000	E4	64	80	
648	145.785417	C#3	49	34	616	77.000000	C#3	49	80	
649	146.014583	F#4	66	44	617	77.125000	F#4	66	80	
650	146.221875	F#2	42	40	619	77.250000	F#2	42	80	
651	146.255208	E4	64	43	618	77.250000	E4	64	80	
652	146.472917	Eb4	63	43	620	77.375000	Eb4	63	80	
653	146.702083	A4	69	53	621	77.500000	A4	69	80	
654	146.716667	E4	64	43	622	77.500000	E4	64	80	
655	146.721875	F#3	54	36	623	77.500000	F#3	54	80	
656	146.944792	Eb4	63	40	624	77.625000	Eb4	63	80	
657	147.172917	A3	57	27	626	77.750000	A3	57	80	
658	147.175000	C#4	61	40	625	77.750000	C#4	61	80	
659	147.401042	E4	64	39	627	77.875000	E4	64	80	
660	147.623958	B2	47	33	629	78.000000	B2	47	80	
661	147.656250	Eb4	63	32	628	78.000000	Eb4	63	80	
662	147.859375	E4	64	44	630	78.125000	E4	64	80	
663	148.110417	B3	59	36	632	78.250000	B3	59	80	
664	148.129167	Eb4	63	33	631	78.250000	Eb4	63	80	
665	148.337500	C#4	61	45	633	78.375000	C#4	61	80	
666	148.541667	G#4	68	56	634	78.500000	G#4	68	80	
667	148.543750	E3	52	32	636	78.500000	E3	52	80	
668	148.544792	Eb4	63	32	635	78.500000	Eb4	63	80	
669	148.801042	C#4	61	45	637	78.625000	C#4	61	80	
670	149.003125	G#3	56	33	639	78.750000	G#3	56	80	
671	149.006250	C4	60	44	638	78.750000	C4	60	80	
672	149.231250	Eb4	63	40	640	78.875000	Eb4	63	80	
673	149.470833	C#4	61	43	641	79.000000	C#4	61	80	
674	149.478125	A2	45	33	642	79.000000	A2	45	80	
675	149.709375	Eb4	63	35	643	79.125000	Eb4	63	80	
676	149.927083	G#2	44	35	645	79.250000	G#2	44	80	
677	149.941667	C#4	61	36	644	79.250000	C#4	61	80	
678	150.164583	C4	60	38	646	79.375000	C4	60	80	
679	150.398958	F#4	66	45	647	79.500000	F#4	66	80	
680	150.435417	C#4	61	27	648	79.500000	C#4	61	80	
681	150.465625	A2	45	3	649	79.500000	A2	45	80	
682	150.657292	E4	64	33	650	79.625000	E4	64	80	
683	150.892708	Eb4	63	28	651	79.750000	Eb4	63	80	
684	150.906250	A3	57	29	652	79.750000	A3	57	80	
685	151.119792	C#4	61	37	653	79.875000	C#4	61	80	
686	151.337500	G#4	68	51	654	80.000000	G#4	68	80	
687	151.361458	G#3	56	31	656	80.000000	G#3	56	80	
688	151.376042	C4	60	38	655	80.000000	C4	60	80	
689	151.589583	A3	57	37	657	80.125000	A3	57	80	
690	151.795833	G#3	56	40	660	80.250000	G#3	56	80	
691	151.804167	C5	72	60	658	80.250000	C5	72	80	
692	151.844792	Eb4	63	45	659	80.250000	Eb4	63	80	
693	152.032292	F#3	54	49	661	80.375000	F#3	54	80	
694	152.258333	C#5	73	56	662	80.500000	C#5	73	80	
695	152.275000	G#3	56	37	664	80.500000	G#3	56	80	
696	152.298958	E4	64	44	663	80.500000	E4	64	80	
697	152.483333	F#3	54	29	665	80.625000	F#3	54	80	
698	152.722917	E5	76	58	666	80.750000	E5	76	80	
699	152.723958	E3	52	36	668	80.750000	E3	52	80	
700	152.746875	G#4	68	40	667	80.750000	G#4	68	80	
701	152.959375	G#3	56	36	669	80.875000	G#3	56	80	
702	153.187500	F#3	54	45	670	81.000000	F#3	54	80	
703	153.397917	G#3	56	49	671	81.125000	G#3	56	80	
704	153.631250	F#3	54	37	674	81.250000	F#3	54	80	
705	153.633333	E5	76	67	672	81.250000	E5	76	80	
706	153.657292	G#4	68	51	673	81.250000	G#4	68	80	
707	153.865625	E3	52	44	675	81.375000	E3	52	80	
708	154.085417	Eb5	75	72	676	81.500000	Eb5	75	80	
709	154.094792	F#3	54	37	678	81.500000	F#3	54	80	
710	154.103125	F#4	66	48	677	81.500000	F#4	66	80	
711	154.344792	E3	52	35	679	81.625000	E3	52	80	
712	154.554167	F#5	78	68	680	81.750000	F#5	78	80	
713	154.576042	Eb3	51	28	682	81.750000	Eb3	51	80	
714	154.582292	A4	69	53	681	81.750000	A4	69	80	
715	154.781250	F#3	54	36	683	81.875000	F#3	54	80	
716	155.021875	E3	52	42	684	82.000000	E3	52	80	
717	155.259375	F#3	54	43	685	82.125000	F#3	54	80	
718	155.484375	C5	72	55	686	82.250000	C5	72	80	
719	155.496875	E3	52	35	688	82.250000	E3	52	80	
720	155.504167	G#4	68	41	687	82.250000	G#4	68	80	
721	155.706250	F#4	66	51	689	82.375000	F#4	66	80	
722	155.734375	Eb3	51	30	690	82.375000	Eb3	51	80	
723	155.920833	E3	52	32	693	82.500000	E3	52	80	
724	155.935417	C#5	73	56	691	82.500000	C#5	73	80	
725	155.959375	G#4	68	45	692	82.500000	G#4	68	80	
726	156.139583	Eb3	51	32	694	82.625000	Eb3	51	80	
727	156.376042	Bb4	70	54	695	82.750000	Bb4	70	80	
728	156.398958	C#3	49	32	696	82.750000	C#3	49	80	
729	156.623958	E3	52	18	697	82.875000	E3	52	80	
730	156.853125	G2	43	32	699	83.000000	G2	43	80	
731	156.865625	Eb4	63	27	698	83.000000	Eb4	63	80	
732	157.091667	E4	64	52	700	83.125000	E4	64	80	
733	157.320833	Bb2	46	31	703	83.250000	Bb2	46	80	
734	157.320833	G4	67	53	701	83.250000	G4	67	80	
735	157.332292	Eb4	63	40	702	83.250000	Eb4	63	80	
736	157.558333	C#4	61	48	704	83.375000	C#4	61	80	
737	157.771875	G#4	68	60	705	83.500000	G#4	68	80	
738	157.792708	B2	47	38	707	83.500000	B2	47	80	
739	157.796875	Eb4	63	39	706	83.500000	Eb4	63	80	
740	158.027083	C#4	61	29	708	83.625000	C#4	61	80	
741	158.245833	B3	59	44	709	83.750000	B3	59	80	
742	158.250000	E3	52	37	710	83.750000	E3	52	80	
743	158.470833	Eb4	63	45	711	83.875000	Eb4	63	80	
744	158.691667	C#4	61	51	712	84.000000	C#4	61	80	
745	158.693750	Bb2	46	40	713	84.000000	Bb2	46	80	
746	158.908333	Eb4	63	49	714	84.125000	Eb4	63	80	
747	159.162500	C#3	49	39	717	84.250000	C#3	49	80	
748	159.172917	Bb4	70	60	715	84.250000	Bb4	70	80	
749	159.211458	C#4	61	43	716	84.250000	C#4	61	80	
750	159.415625	B3	59	43	718	84.375000	B3	59	80	
751	159.634375	Eb3	51	27	721	84.500000	Eb3	51	80	
752	159.634375	Eb4	63	46	719	84.500000	Eb4	63	80	
753	159.646875	C#4	61	34	720	84.500000	C#4	61	80	
754	159.880208	B3	59	36	722	84.625000	B3	59	80	
755	160.095833	Eb2	39	36	725	84.750000	Eb2	39	80	
756	160.102083	Bb3	58	29	724	84.750000	Bb3	58	80	
757	160.102083	G4	67	40	723	84.750000	G4	67	80	
758	160.336458	C#4	61	39	726	84.875000	C#4	61	80	
759	160.594792	G#4	68	39	727	85.000000	G#4	68	80	
760	160.595833	G#2	44	30	729	85.000000	G#2	44	80	
761	160.623958	B3	59	37	728	85.000000	B3	59	80	
762	161.128125	G#3	56	25	732	85.250000	G#3	56	80	
763	161.131250	Eb4	63	28	731	85.250000	Eb4	63	80	
764	161.348958	B3	59	37	733	85.375000	B3	59	80	
765	161.350000	F#3	54	28	734	85.375000	F#3	54	80	
766	161.584375	E4	64	45	735	85.500000	E4	64	80	
767	161.609375	G#3	56	23	736	85.500000	G#3	56	80	
768	161.792708	A4	69	56	737	85.625000	A4	69	80	
769	162.036458	B4	71	51	738	85.750000	B4	71	80	
770	162.042708	C#3	49	30	739	85.750000	C#3	49	80	
771	162.254167	G#4	68	58	740	85.875000	G#4	68	80	
772	162.503125	F#2	42	35	742	86.000000	F#2	42	80	
773	162.518750	A4	69	52	741	86.000000	A4	69	80	
774	162.754167	B4	71	51	743	86.125000	B4	71	80	
775	162.957292	F#3	54	30	745	86.250000	F#3	54	80	
776	162.970833	A4	69	45	744	86.250000	A4	69	80	
777	163.173958	E3	52	41	747	86.375000	E3	52	80	
778	163.188542	G#4	68	51	746	86.375000	G#4	68	80	
779	163.419792	Eb4	63	46	749	86.500000	Eb4	63	80	
780	163.425000	F#3	54	33	750	86.500000	F#3	54	80	
781	163.426042	A4	69	43	748	86.500000	A4	69	80	
782	163.636458	G#4	68	46	751	86.625000	G#4	68	80	
783	163.863542	B2	47	34	753	86.750000	B2	47	80	
784	163.871875	F#4	66	41	752	86.750000	F#4	66	80	
785	164.095833	A4	69	45	754	86.875000	A4	69	80	
786	164.339583	E3	52	37	757	87.000000	E3	52	80	
787	164.339583	E4	64	43	756	87.000000	E4	64	80	
788	164.361458	G#4	68	44	755	87.000000	G#4	68	80	
789	164.565625	A4	69	56	758	87.125000	A4	69	80	
790	164.571875	F#3	54	47	759	87.125000	F#3	54	80	
791	164.785417	B4	71	64	760	87.250000	B4	71	80	
792	164.800000	G#3	56	43	761	87.250000	G#3	56	80	
793	165.011458	G#4	68	65	762	87.375000	G#4	68	80	
794	165.023958	E3	52	46	763	87.375000	E3	52	80	
795	165.253125	C#5	73	65	764	87.500000	C#5	73	80	
796	165.280208	A3	57	44	765	87.500000	A3	57	80	
797	165.505208	B3	59	43	767	87.625000	B3	59	80	
798	165.506250	B4	71	53	766	87.625000	B4	71	80	
799	165.722917	A4	69	53	768	87.750000	A4	69	80	
800	165.750000	C#4	61	40	769	87.750000	C#4	61	80	
801	165.939583	G#4	68	51	770	87.875000	G#4	68	80	
802	165.963542	A3	57	38	771	87.875000	A3	57	80	
803	166.182292	F#4	66	49	772	88.000000	F#4	66	80	
804	166.195833	D4	62	41	773	88.000000	D4	62	80	
805	166.421875	E4	64	56	774	88.125000	E4	64	80	
806	166.643750	C#5	73	69	775	88.250000	C#5	73	80	
807	166.644792	D4	62	42	776	88.250000	D4	62	80	
808	166.860417	C#4	61	46	777	88.375000	C#4	61	80	
809	167.126042	B4	71	61	778	88.500000	B4	71	80	
810	167.133333	D4	62	34	779	88.500000	D4	62	80	
811	167.312500	C#4	61	6	780	88.625000	C#4	61	80	
812	167.554167	F#4	66	43	781	88.750000	F#4	66	80	
813	167.576042	B3	59	35	782	88.750000	B3	59	80	
814	167.792708	D4	62	34	783	88.875000	D4	62	80	
815	168.023958	E4	64	41	784	89.000000	E4	64	80	
816	168.040625	C#4	61	26	785	89.000000	C#4	61	80	
817	168.241667	D4	62	34	787	89.125000	D4	62	80	
818	168.255208	B4	71	48	786	89.125000	B4	71	80	
819	168.473958	A4	69	52	788	89.250000	A4	69	80	
820	168.481250	C#4	61	37	789	89.250000	C#4	61	80	
821	168.666667	G#4	68	57	790	89.375000	G#4	68	80	
822	168.687500	B3	59	44	791	89.375000	B3	59	80	
823	168.894792	C#4	61	44	793	89.500000	C#4	61	80	
824	168.904167	A4	69	66	792	89.500000	A4	69	80	
825	169.081250	B3	59	45	795	89.625000	B3	59	80	
826	169.114583	B4	71	65	794	89.625000	B4	71	80	
827	169.332292	A3	57	41	797	89.750000	A3	57	80	
828	169.337500	C#5	73	66	796	89.750000	C#5	73	80	
829	169.557292	C#4	61	53	799	89.875000	C#4	61	80	
830	169.558333	A4	69	64	798	89.875000	A4	69	80	
831	169.798958	D5	74	65	800	90.000000	D5	74	80	
832	169.832292	B3	59	50	801	90.000000	B3	59	80	
833	170.035417	E5	76	71	802	90.125000	E5	76	80	
834	170.255208	A4	69	67	804	90.250000	A4	69	80	
835	170.268750	D5	74	64	803	90.250000	D5	74	80	
836	170.492708	C#5	73	71	805	90.375000	C#5	73	80	
837	170.730208	D5	74	64	806	90.500000	D5	74	80	
838	170.737500	G#4	68	67	807	90.500000	G#4	68	80	
839	170.973958	C#5	73	68	808	90.625000	C#5	73	80	
840	171.179167	E4	64	49	810	90.750000	E4	64	80	
841	171.180208	B4	71	71	809	90.750000	B4	71	80	
842	171.412500	D5	74	68	811	90.875000	D5	74	80	
843	171.630208	A3	57	51	813	91.000000	A3	57	80	
844	171.643750	C#5	73	65	812	91.000000	C#5	73	80	
845	171.858333	D5	74	70	814	91.125000	D5	74	80	
846	172.089583	C#5	73	66	815	91.250000	C#5	73	80	
847	172.095833	C#4	61	62	816	91.250000	C#4	61	80	
848	172.294792	B4	71	69	817	91.375000	B4	71	80	
849	172.539583	C#5	73	70	818	91.500000	C#5	73	80	
850	172.544792	F#4	66	62	819	91.500000	F#4	66	80	
851	172.752083	B4	71	64	820	91.625000	B4	71	80	
852	172.961458	A4	69	66	821	91.750000	A4	69	80	
853	173.001042	D4	62	53	822	91.750000	D4	62	80	
854	173.190625	C#5	73	62	823	91.875000	C#5	73	80	
855	173.440625	G#3	56	43	825	92.000000	G#3	56	80	
856	173.467708	B4	71	58	824	92.000000	B4	71	80	
857	173.665625	A4	69	58	826	92.125000	A4	69	80	
858	173.888542	G#4	68	62	827	92.250000	G#4	68	80	
859	173.940625	B3	59	31	828	92.250000	B3	59	80	
860	174.098958	F#4	66	54	829	92.375000	F#4	66	80	
861	174.315625	F3	53	38	831	92.500000	F3	53	80	
862	174.353125	G#4	68	49	830	92.500000	G#4	68	80	
863	174.559375	F#4	66	42	832	92.625000	F#4	66	80	
864	174.772917	C#3	49	36	834	92.750000	C#3	49	80	
865	174.791667	F4	65	39	833	92.750000	F4	65	80	
866	175.020833	G#4	68	39	835	92.875000	G#4	68	80	
867	175.246875	F#4	66	38	836	93.000000	F#4	66	80	
868	175.283333	F#3	54	28	837	93.000000	F#3	54	80	
869	175.471875	G#4	68	51	838	93.125000	G#4	68	80	
870	175.715625	Bb4	70	52	839	93.250000	Bb4	70	80	
871	175.738542	C#4	61	22	840	93.250000	C#4	61	80	
872	175.952083	B4	71	53	841	93.375000	B4	71	80	
873	176.186458	D4	62	30	843	93.500000	D4	62	80	
874	176.193750	Bb4	70	49	842	93.500000	Bb4	70	80	
875	176.392708	B4	71	47	844	93.625000	B4	71	80	
876	176.629167	C#5	73	50	845	93.750000	C#5	73	80	
877	176.648958	F#3	54	26	846	93.750000	F#3	54	80	
878	176.858333	Bb4	70	49	847	93.875000	Bb4	70	80	
879	177.083333	B4	71	52	848	94.000000	B4	71	80	
880	177.127083	G3	55	28	849	94.000000	G3	55	80	
881	177.320833	Bb4	70	55	850	94.125000	Bb4	70	80	
882	177.530208	Eb4	63	51	852	94.250000	Eb4	63	80	
883	177.554167	B4	71	56	851	94.250000	B4	71	80	
884	177.752083	C#5	73	67	853	94.375000	C#5	73	80	
885	177.982292	E4	64	55	855	94.500000	E4	64	80	
886	177.996875	B4	71	68	854	94.500000	B4	71	80	
887	178.206250	C#5	73	69	856	94.625000	C#5	73	80	
888	178.422917	D5	74	65	857	94.750000	D5	74	80	
889	178.445833	G#3	56	56	858	94.750000	G#3	56	80	
890	178.640625	B4	71	71	859	94.875000	B4	71	80	
891	178.877083	C#5	73	73	860	95.000000	C#5	73	80	
892	178.889583	A3	57	64	861	95.000000	A3	57	80	
893	179.094792	B4	71	77	862	95.125000	B4	71	80	
894	179.321875	F4	65	75	864	95.250000	F4	65	80	
895	179.333333	C#5	73	79	863	95.250000	C#5	73	80	
896	179.543750	D5	74	80	865	95.375000	D5	74	80	
897	179.776042	F#4	66	75	867	95.500000	F#4	66	80	
898	179.780208	C#5	73	81	866	95.500000	C#5	73	80	
899	180.002083	D5	74	77	868	95.625000	D5	74	80	
900	180.220833	E5	76	82	869	95.750000	E5	76	80	
901	180.232292	Bb3	58	69	870	95.750000	Bb3	58	80	
902	180.446875	C#5	73	84	871	95.875000	C#5	73	80	
903	180.690625	B3	59	57	873	96.000000	B3	59	80	
904	180.692708	D5	74	77	872	96.000000	D5	74	80	
905	180.916667	E5	76	82	874	96.125000	E5	76	80	
906	181.137500	D5	74	77	875	96.250000	D5	74	80	
907	181.144792	F#3	54	58	876	96.250000	F#3	54	80	
908	181.359375	C#5	73	84	877	96.375000	C#5	73	80	
909	181.584375	B2	47	59	879	96.500000	B2	47	80	
910	181.598958	D5	74	77	878	96.500000	D5	74	80	
911	181.811458	C#5	73	79	880	96.625000	C#5	73	80	
912	182.042708	B4	71	78	881	96.750000	B4	71	80	
913	182.052083	D3	50	49	882	96.750000	D3	50	80	
914	182.269792	D5	74	77	883	96.875000	D5	74	80	
915	182.516667	E3	52	49	885	97.000000	E3	52	80	
916	182.551042	G4	67	69	884	97.000000	G4	67	80	
917	182.771875	F#4	66	58	886	97.125000	F#4	66	80	
918	182.984375	E4	64	62	887	97.250000	E4	64	80	
919	183.014583	F#3	54	46	888	97.250000	F#3	54	80	
920	183.211458	D4	62	54	889	97.375000	D4	62	80	
921	183.451042	E4	64	49	890	97.500000	E4	64	80	
922	183.473958	G3	55	32	891	97.500000	G3	55	80	
923	183.675000	D4	62	49	892	97.625000	D4	62	80	
924	183.896875	E3	52	40	894	97.750000	E3	52	80	
925	183.904167	C#4	61	48	893	97.750000	C#4	61	80	
926	184.111458	E4	64	49	895	97.875000	E4	64	80	
927	184.367708	A3	57	38	896	98.000000	A3	57	80	
928	184.376042	C#3	49	35	897	98.000000	C#3	49	80	
929	184.562500	G4	67	55	898	98.125000	G4	67	80	
930	184.797917	A2	45	31	900	98.250000	A2	45	80	
931	184.800000	F#4	66	61	899	98.250000	F#4	66	80	
932	185.031250	E4	64	62	901	98.375000	E4	64	80	
933	185.259375	F#4	66	58	902	98.500000	F#4	66	80	
934	185.275000	D3	50	36	903	98.500000	D3	50	80	
935	185.482292	E4	64	49	904	98.625000	E4	64	80	
936	185.711458	D4	62	51	905	98.750000	D4	62	80	
937	185.713542	F#2	42	25	906	98.750000	F#2	42	80	
938	185.936458	F#4	66	56	907	98.875000	F#4	66	80	
939	186.200000	B3	59	53	908	99.000000	B3	59	80	
940	186.202083	G2	43	28	909	99.000000	G2	43	80	
941	186.407292	A3	57	37	910	99.125000	A3	57	80	
942	186.660417	G3	55	45	911	99.250000	G3	55	80	
943	186.666667	B2	47	26	912	99.250000	B2	47	80	
944	186.892708	F#3	54	30	913	99.375000	F#3	54	80	
945	187.111458	C#4	61	49	914	99.500000	C#4	61	80	
946	187.127083	E2	40	28	916	99.500000	E2	40	80	
947	187.148958	G3	55	33	915	99.500000	G3	55	80	
948	187.362500	F#3	54	21	917	99.625000	F#3	54	80	
949	187.564583	E3	52	39	918	99.750000	E3	52	80	
950	187.590625	A2	45	22	919	99.750000	A2	45	80	
951	187.802083	G3	55	38	920	99.875000	G3	55	80	
952	188.093750	F#3	54	40	922	100.000000	F#3	54	80	
953	188.093750	D4	62	49	921	100.000000	D4	62	80	
954	188.336458	C#3	49	35	924	100.125000	C#3	49	80	
955	188.568750	F#4	66	68	925	100.250000	F#4	66	80	
956	188.594792	D3	50	37	926	100.250000	D3	50	80	
957	188.808333	E3	52	43	927	100.375000	E3	52	80	
958	189.040625	B4	71	71	928	100.500000	B4	71	80	
959	189.064583	D3	50	36	929	100.500000	D3	50	80	
960	189.313542	G3	55	37	930	100.625000	G3	55	80	
961	189.521875	F#3	54	40	932	100.750000	F#3	54	80	
962	189.527083	B3	59	60	931	100.750000	B3	59	80	
963	189.758333	G3	55	37	933	100.875000	G3	55	80	
964	189.982292	E4	64	52	934	101.000000	E4	64	80	
965	190.054167	C#3	49	8	935	101.000000	C#3	49	80	
966	190.267708	B2	47	16	936	101.125000	B2	47	80	
967	190.442708	Bb4	70	50	937	101.250000	Bb4	70	80	
968	190.471875	C#3	49	35	938	101.250000	C#3	49	80	
969	190.668750	G#4	68	46	939	101.375000	G#4	68	80	
970	190.717708	D3	50	23	940	101.375000	D3	50	80	
971	190.921875	C#3	49	32	942	101.500000	C#3	49	80	
972	190.932292	Bb4	70	48	941	101.500000	Bb4	70	80	
973	191.143750	F#3	54	38	943	101.625000	F#3	54	80	
974	191.403125	F#4	66	79	944	101.750000	F#4	66	80	
975	191.462500	E3	52	35	945	101.750000	E3	52	80	
976	191.673958	F#3	54	42	946	101.875000	F#3	54	80	
977	191.897917	B4	71	71	947	102.000000	B4	71	80	
978	191.898958	D4	62	76	948	102.000000	D4	62	80	
979	191.921875	B2	47	46	949	102.000000	B2	47	80	
980	192.136458	C#3	49	59	950	102.125000	C#3	49	80	
981	192.365625	B3	59	83	951	102.250000	B3	59	80	
982	192.378125	D3	50	53	952	102.250000	D3	50	80	
983	192.584375	B2	47	58	953	102.375000	B2	47	80	
984	192.835417	G4	67	75	954	102.500000	G4	67	80	
985	192.859375	E3	52	38	955	102.500000	E3	52	80	
986	193.088542	D3	50	38	956	102.625000	D3	50	80	
987	193.290625	E5	76	66	957	102.750000	E5	76	80	
988	193.315625	C#3	49	41	958	102.750000	C#3	49	80	
989	193.521875	B2	47	41	959	102.875000	B2	47	80	
990	193.753125	A4	69	59	960	103.000000	A4	69	80	
991	193.777083	C#3	49	39	961	103.000000	C#3	49	80	
992	193.970833	E3	52	45	962	103.125000	E3	52	80	
993	194.216667	F#4	66	63	963	103.250000	F#4	66	80	
994	194.221875	D3	50	38	964	103.250000	D3	50	80	
995	194.434375	E4	64	67	965	103.375000	E4	64	80	
996	194.441667	C#3	49	45	966	103.375000	C#3	49	80	
997	194.679167	F#4	66	66	967	103.500000	F#4	66	80	
998	194.686458	D3	50	35	968	103.500000	D3	50	80	
999	194.915625	E3	52	41	969	103.625000	E3	52	80	
1000	195.112500	D5	74	56	970	103.750000	D5	74	80	
1001	195.119792	F#3	54	43	971	103.750000	F#3	54	80	
1002	195.347917	D3	50	45	972	103.875000	D3	50	80	
1003	195.583333	G4	67	58	973	104.000000	G4	67	80	
1004	195.601042	E3	52	40	974	104.000000	E3	52	80	
1005	195.793750	D3	50	45	975	104.125000	D3	50	80	
1006	196.051042	B4	71	81	976	104.250000	B4	71	80	
1007	196.065625	E3	52	40	977	104.250000	E3	52	80	
1008	196.287500	F#3	54	53	978	104.375000	F#3	54	80	
1009	196.507292	E4	64	75	979	104.500000	E4	64	80	
1010	196.540625	G3	55	41	980	104.500000	G3	55	80	
1011	196.730208	F#3	54	40	981	104.625000	F#3	54	80	
1012	196.969792	C5	72	66	982	104.750000	C5	72	80	
1013	196.971875	E3	52	38	983	104.750000	E3	52	80	
1014	197.196875	G3	55	29	984	104.875000	G3	55	80	
1015	197.431250	Bb4	70	63	985	105.000000	Bb4	70	80	
1016	197.451042	F#3	54	42	986	105.000000	F#3	54	80	
1017	197.669792	G#3	56	36	987	105.125000	G#3	56	80	
1018	197.902083	F#4	66	58	988	105.250000	F#4	66	80	
1019	197.911458	D4	62	52	989	105.250000	D4	62	80	
1020	197.918750	Bb3	58	40	990	105.250000	Bb3	58	80	
1021	198.118750	C#4	61	67	991	105.375000	C#4	61	80	
1022	198.132292	F#3	54	51	992	105.375000	F#3	54	80	
1023	198.360417	D4	62	60	993	105.500000	D4	62	80	
1024	198.366667	B3	59	55	994	105.500000	B3	59	80	
1025	198.592708	B4	71	76	995	105.625000	B4	71	80	
1026	198.597917	B2	47	54	996	105.625000	B2	47	80	
1027	198.850000	C#5	73	78	997	105.750000	C#5	73	80	
1028	198.866667	B3	59	53	998	105.750000	B3	59	80	
1029	199.094792	D5	74	77	1000	105.875000	D5	74	80	
1030	199.381250	F4	65	60	1001	106.000000	F4	65	80	
1031	199.393750	C#4	61	71	1002	106.000000	C#4	61	80	
1032	199.600000	A3	57	43	1003	106.125000	A3	57	80	
1033	199.841667	C#5	73	74	1004	106.250000	C#5	73	80	
1034	199.847917	G#3	56	44	1005	106.250000	G#3	56	80	
1035	200.075000	B3	59	46	1006	106.375000	B3	59	80	
1036	200.319792	F#4	66	65	1007	106.500000	F#4	66	80	
1037	200.321875	A3	57	38	1008	106.500000	A3	57	80	
1038	200.546875	G#3	56	39	1009	106.625000	G#3	56	80	
1039	200.771875	F#3	54	45	1010	106.750000	F#3	54	80	
1040	201.003125	A3	57	36	1011	106.875000	A3	57	80	
1041	201.245833	B3	59	40	1012	107.000000	B3	59	80	
1042	201.257292	G#3	56	31	1013	107.000000	G#3	56	80	
1043	201.476042	A3	57	37	1014	107.125000	A3	57	80	
1044	201.729167	F4	65	45	1015	107.250000	F4	65	80	
1045	201.737500	G#3	56	21	1016	107.250000	G#3	56	80	
1046	201.929167	F#4	66	51	1017	107.375000	F#4	66	80	
1047	201.983333	F#3	54	32	1018	107.375000	F#3	54	80	
1048	202.185417	G#4	68	54	1019	107.500000	G#4	68	80	
1049	202.212500	F3	53	39	1020	107.500000	F3	53	80	
1050	202.388542	F#3	54	22	1022	107.625000	F#3	54	80	
1051	202.402083	A4	69	56	1021	107.625000	A4	69	80	
1052	202.636458	B4	71	51	1023	107.750000	B4	71	80	
1053	202.644792	G#3	56	37	1024	107.750000	G#3	56	80	
1054	202.887500	G#4	68	38	1025	107.875000	G#4	68	80	
1055	202.890625	F3	53	21	1026	107.875000	F3	53	80	
1056	203.120833	F#3	54	32	1028	108.000000	F#3	54	80	
1057	203.152083	B4	71	39	1027	108.000000	B4	71	80	
1058	203.383333	A4	69	48	1029	108.125000	A4	69	80	
1059	203.619792	G#3	56	34	1031	108.250000	G#3	56	80	
1060	203.631250	G#4	68	51	1030	108.250000	G#4	68	80	
1061	203.851042	F#4	66	54	1032	108.375000	F#4	66	80	
1062	203.862500	A3	57	37	1033	108.375000	A3	57	80	
1063	204.135417	D5	74	60	1034	108.500000	D5	74	80	
1064	204.155208	B3	59	33	1035	108.500000	B3	59	80	
1065	204.398958	A3	57	28	1037	108.625000	A3	57	80	
1066	204.428125	C#5	73	38	1036	108.625000	C#5	73	80	
1067	204.635417	B4	71	42	1038	108.750000	B4	71	80	
1068	204.637500	G#3	56	37	1039	108.750000	G#3	56	80	
1069	204.860417	A4	69	38	1040	108.875000	A4	69	80	
1070	204.882292	F#3	54	25	1041	108.875000	F#3	54	80	
1071	205.101042	G#4	68	45	1042	109.000000	G#4	68	80	
1072	205.114583	E3	52	26	1043	109.000000	E3	52	80	
1073	205.362500	F#3	54	31	1044	109.125000	F#3	54	80	
1074	205.557292	C#5	73	59	1045	109.250000	C#5	73	80	
1075	205.606250	E3	52	35	1046	109.250000	E3	52	80	
1076	205.785417	B4	71	59	1047	109.375000	B4	71	80	
1077	205.787500	D3	50	42	1048	109.375000	D3	50	80	
1078	206.026042	E3	52	39	1050	109.500000	E3	52	80	
1079	206.029167	C#5	73	60	1049	109.500000	C#5	73	80	
1080	206.253125	B4	71	51	1051	109.625000	B4	71	80	
1081	206.266667	D3	50	32	1052	109.625000	D3	50	80	
1082	206.469792	A4	69	53	1053	109.750000	A4	69	80	
1083	206.494792	C#3	49	33	1054	109.750000	C#3	49	80	
1084	206.688542	G#4	68	54	1055	109.875000	G#4	68	80	
1085	206.694792	E3	52	36	1056	109.875000	E3	52	80	
1086	206.931250	F#4	66	54	1057	110.000000	F#4	66	80	
1087	206.963542	D3	50	32	1058	110.000000	D3	50	80	
1088	207.167708	E3	52	55	1059	110.125000	E3	52	80	
1089	207.405208	F#5	78	80	1060	110.250000	F#5	78	80	
1090	207.414583	D3	50	41	1062	110.250000	D3	50	80	
1091	207.426042	A4	69	65	1061	110.250000	A4	69	80	
1092	207.645833	C#3	49	49	1063	110.375000	C#3	49	80	
1093	207.910417	B4	71	76	1064	110.500000	B4	71	80	
1094	207.914583	G#4	68	61	1065	110.500000	G#4	68	80	
1095	207.926042	D3	50	38	1066	110.500000	D3	50	80	
1096	208.112500	C#3	49	34	1067	110.625000	C#3	49	80	
1097	208.385417	B2	47	33	1068	110.750000	B2	47	80	
1098	208.582292	F#4	66	52	1069	110.875000	F#4	66	80	
1099	208.618750	D3	50	27	1070	110.875000	D3	50	80	
1100	208.832292	F4	65	46	1071	111.000000	F4	65	80	
1101	208.836458	C#3	49	40	1072	111.000000	C#3	49	80	
1102	209.085417	D3	50	39	1073	111.125000	D3	50	80	
1103	209.295833	A4	69	54	1074	111.250000	A4	69	80	
1104	209.314583	C#4	61	46	1075	111.250000	C#4	61	80	
1105	209.333333	C#3	49	32	1076	111.250000	C#3	49	80	
1106	209.521875	G#4	68	56	1077	111.375000	G#4	68	80	
1107	209.537500	B2	47	35	1078	111.375000	B2	47	80	
1108	209.765625	A4	69	63	1079	111.500000	A4	69	80	
1109	209.779167	F#4	66	46	1080	111.500000	F#4	66	80	
1110	209.783333	C#3	49	33	1081	111.500000	C#3	49	80	
1111	209.981250	B2	47	33	1082	111.625000	B2	47	80	
1112	210.209375	F#4	66	52	1083	111.750000	F#4	66	80	
1113	210.232292	A2	45	28	1084	111.750000	A2	45	80	
1114	210.470833	C#3	49	32	1085	111.875000	C#3	49	80	
1115	210.689583	G#4	68	55	1086	112.000000	G#4	68	80	
1116	210.709375	B2	47	31	1087	112.000000	B2	47	80	
1117	210.948958	C#3	49	26	1088	112.125000	C#3	49	80	
1118	211.157292	B2	47	32	1089	112.250000	B2	47	80	
1119	211.403125	A2	45	29	1090	112.375000	A2	45	80	
1120	211.625000	B2	47	31	1092	112.500000	B2	47	80	
1121	211.667708	F4	65	32	1091	112.500000	F4	65	80	
1122	211.873958	A2	45	29	1093	112.625000	A2	45	80	
1123	212.093750	G#2	44	32	1094	112.750000	G#2	44	80	
1124	212.355208	B2	47	30	1095	112.875000	B2	47	80	
1125	212.639583	A2	45	21	1098	113.000000	A2	45	80	
1126	212.643750	F#4	66	32	1096	113.000000	F#4	66	80	
1127	212.877083	G#2	44	31	1099	113.125000	G#2	44	80	
1128	213.148958	F#2	42	28	1101	113.250000	F#2	42	80	
1129	213.152083	C#5	73	44	1100	113.250000	C#5	73	80	
1130	213.432292	G#2	44	9	1102	113.375000	G#2	44	80	
1131	213.629167	F#5	78	53	1103	113.500000	F#5	78	80	
1132	213.636458	A2	45	22	1104	113.500000	A2	45	80	
1133	213.866667	B2	47	29	1105	113.625000	B2	47	80	
1134	214.102083	A5	81	56	1106	113.750000	A5	81	80	
1135	214.108333	C#3	49	36	1107	113.750000	C#3	49	80	
1136	214.358333	Eb3	51	18	1108	113.875000	Eb3	51	80	
1137	214.567708	G#5	80	57	1109	114.000000	G#5	80	80	
1138	214.576042	E3	52	36	1110	114.000000	E3	52	80	
1139	214.806250	Eb3	51	23	1111	114.125000	Eb3	51	80	
1140	215.032292	G#4	68	40	1112	114.250000	G#4	68	80	
1141	215.050000	C#3	49	29	1113	114.250000	C#3	49	80	
1142	215.306250	Eb3	51	14	1114	114.375000	Eb3	51	80	
1143	215.496875	C#5	73	46	1115	114.500000	C#5	73	80	
1144	215.558333	E3	52	27	1116	114.500000	E3	52	80	
1145	215.736458	F#3	54	30	1117	114.625000	F#3	54	80	
1146	215.966667	G#3	56	33	1119	114.750000	G#3	56	80	
1147	215.970833	E5	76	47	1118	114.750000	E5	76	80	
1148	216.210417	Bb3	58	25	1120	114.875000	Bb3	58	80	
1149	216.451042	Eb5	75	41	1121	115.000000	Eb5	75	80	
1150	216.685417	Bb3	58	17	1123	115.125000	Bb3	58	80	
1151	216.890625	A5	81	63	1124	115.250000	A5	81	80	
1152	216.931250	C4	60	17	1125	115.250000	C4	60	80	
1153	217.122917	C#4	61	35	1126	115.375000	C#4	61	80	
1154	217.372917	G#5	80	65	1127	115.500000	G#5	80	80	
1155	217.397917	C4	60	30	1128	115.500000	C4	60	80	
1156	217.619792	C#4	61	36	1129	115.625000	C#4	61	80	
1157	217.822917	Eb4	63	36	1131	115.750000	Eb4	63	80	
1158	217.830208	F#5	78	62	1130	115.750000	F#5	78	80	
1159	218.057292	C4	60	30	1132	115.875000	C4	60	80	
1160	218.283333	C#4	61	36	1134	116.000000	C#4	61	80	
1161	218.313542	E5	76	53	1133	116.000000	E5	76	80	
1162	218.544792	Eb4	63	23	1135	116.125000	Eb4	63	80	
1163	218.772917	G#4	68	41	1136	116.250000	G#4	68	80	
1164	218.793750	E4	64	28	1137	116.250000	E4	64	80	
1165	219.035417	Eb4	63	29	1138	116.375000	Eb4	63	80	
1166	219.232292	C#5	73	48	1139	116.500000	C#5	73	80	
1167	219.266667	C#4	61	27	1140	116.500000	C#4	61	80	
1168	219.483333	B3	59	31	1141	116.625000	B3	59	80	
1169	219.698958	B4	71	45	1142	116.750000	B4	71	80	
1170	219.735417	A3	57	26	1143	116.750000	A3	57	80	
1171	219.936458	G#3	56	34	1144	116.875000	G#3	56	80	
1172	220.171875	F#3	54	30	1146	117.000000	F#3	54	80	
1173	220.186458	A4	69	42	1145	117.000000	A4	69	80	
1174	220.412500	E3	52	27	1147	117.125000	E3	52	80	
1175	220.647917	E5	76	63	1148	117.250000	E5	76	80	
1176	220.689583	F#3	54	25	1149	117.250000	F#3	54	80	
1177	220.879167	G#3	56	30	1150	117.375000	G#3	56	80	
1178	221.098958	Eb5	75	60	1151	117.500000	Eb5	75	80	
1179	221.148958	F#3	54	20	1152	117.500000	F#3	54	80	
1180	221.384375	G#3	56	11	1153	117.625000	G#3	56	80	
1181	221.561458	F#5	78	55	1154	117.750000	F#5	78	80	
1182	221.592708	A3	57	23	1155	117.750000	A3	57	80	
1183	221.828125	F#3	54	26	1156	117.875000	F#3	54	80	
1184	222.054167	C5	72	47	1157	118.000000	C5	72	80	
1185	222.057292	G#3	56	33	1158	118.000000	G#3	56	80	
1186	222.312500	F#3	54	25	1159	118.125000	F#3	54	80	
1187	222.515625	Eb4	63	42	1160	118.250000	Eb4	63	80	
1188	222.564583	G#3	56	27	1161	118.250000	G#3	56	80	
1189	222.760417	A3	57	38	1162	118.375000	A3	57	80	
1190	222.981250	G#4	68	49	1163	118.500000	G#4	68	80	
1191	222.985417	G#3	56	35	1164	118.500000	G#3	56	80	
1192	223.197917	F#3	54	30	1165	118.625000	F#3	54	80	
1193	223.441667	Eb5	75	57	1166	118.750000	Eb5	75	80	
1194	223.444792	F#4	66	41	1167	118.750000	F#4	66	80	
1195	223.446875	E3	52	39	1168	118.750000	E3	52	80	
1196	223.681250	Eb3	51	40	1169	118.875000	Eb3	51	80	
1197	223.933333	E3	52	70	1171	119.000000	E3	52	80	
1198	223.945833	G#4	68	52	1170	119.000000	G#4	68	80	
1199	224.157292	F#4	66	42	1172	119.125000	F#4	66	80	
1200	224.409375	C#3	49	71	1174	119.250000	C#3	49	80	
1201	224.441667	E4	64	53	1173	119.250000	E4	64	80	
1202	224.667708	Eb4	63	45	1175	119.375000	Eb4	63	80	
1203	224.898958	A3	57	71	1177	119.500000	A3	57	80	
1204	224.946875	C#4	61	46	1176	119.500000	C#4	61	80	
1205	225.139583	Eb4	63	41	1178	119.625000	Eb4	63	80	
1206	225.375000	E4	64	46	1180	119.750000	E4	64	80	
1207	225.379167	C#5	73	56	1179	119.750000	C#5	73	80	
1208	225.603125	C#4	61	48	1181	119.875000	C#4	61	80	
1209	225.856250	B4	71	52	1182	120.000000	B4	71	80	
1210	225.858333	Eb4	63	52	1183	120.000000	Eb4	63	80	
1211	226.070833	C#5	73	54	1184	120.125000	C#5	73	80	
1212	226.331250	G#3	56	52	1186	120.250000	G#3	56	80	
1213	226.333333	B4	71	57	1185	120.250000	B4	71	80	
1214	226.543750	A4	69	59	1187	120.375000	A4	69	80	
1215	226.554167	F#3	54	51	1188	120.375000	F#3	54	80	
1216	226.775000	G#3	56	58	1190	120.500000	G#3	56	80	
1217	226.790625	B4	71	57	1189	120.500000	B4	71	80	
1218	226.980208	A4	69	56	1191	120.625000	A4	69	80	
1219	227.216667	G#4	68	56	1192	120.750000	G#4	68	80	
1220	227.229167	E4	64	56	1193	120.750000	E4	64	80	
1221	227.450000	B4	71	59	1194	120.875000	B4	71	80	
1222	227.688542	A4	69	60	1195	121.000000	A4	69	80	
1223	227.693750	C#4	61	55	1196	121.000000	C#4	61	80	
1224	227.927083	B4	71	58	1197	121.125000	B4	71	80	
1225	228.156250	E4	64	70	1199	121.250000	E4	64	80	
1226	228.165625	C#4	61	64	1200	121.250000	C#4	61	80	
1227	228.176042	A4	69	57	1198	121.250000	A4	69	80	
1228	228.391667	G#4	68	63	1201	121.375000	G#4	68	80	
1229	228.653125	F#3	54	69	1204	121.500000	F#3	54	80	
1230	228.678125	Eb4	63	64	1203	121.500000	Eb4	63	80	
1231	228.703125	A4	69	57	1202	121.500000	A4	69	80	
1232	228.908333	G#4	68	60	1205	121.625000	G#4	68	80	
1233	229.137500	F#4	66	60	1206	121.750000	F#4	66	80	
1234	229.357292	C#4	61	53	1208	121.875000	C#4	61	80	
1235	229.362500	A4	69	60	1207	121.875000	A4	69	80	
1236	229.596875	G#4	68	57	1209	122.000000	G#4	68	80	
1237	229.603125	C4	60	48	1210	122.000000	C4	60	80	
1238	229.829167	A4	69	65	1211	122.125000	A4	69	80	
1239	230.057292	G#3	56	50	1213	122.250000	G#3	56	80	
1240	230.062500	G#4	68	60	1212	122.250000	G#4	68	80	
1241	230.108333	E3	52	42	1214	122.250000	E3	52	80	
1242	230.261458	F#4	66	63	1215	122.375000	F#4	66	80	
1243	230.298958	Eb3	51	48	1216	122.375000	Eb3	51	80	
1244	230.527083	C#4	61	50	1218	122.500000	C#4	61	80	
1245	230.530208	E3	52	46	1219	122.500000	E3	52	80	
1246	230.540625	G#4	68	60	1217	122.500000	G#4	68	80	
1247	230.767708	F#4	66	54	1220	122.625000	F#4	66	80	
1248	230.982292	C#3	49	48	1222	122.750000	C#3	49	80	
1249	231.009375	E4	64	47	1221	122.750000	E4	64	80	
1250	231.225000	G#4	68	54	1223	122.875000	G#4	68	80	
1251	231.457292	Eb3	51	38	1225	123.000000	Eb3	51	80	
1252	231.475000	F#4	66	47	1224	123.000000	F#4	66	80	
1253	231.703125	G#4	68	48	1226	123.125000	G#4	68	80	
1254	231.934375	F#4	66	41	1227	123.250000	F#4	66	80	
1255	232.160417	E4	64	40	1228	123.375000	E4	64	80	
1256	232.393750	C4	60	36	1230	123.500000	C4	60	80	
1257	232.397917	F#4	66	40	1229	123.500000	F#4	66	80	
1258	232.642708	E4	64	33	1231	123.625000	E4	64	80	
1259	232.883333	Eb4	63	38	1232	123.750000	Eb4	63	80	
1260	233.140625	F#4	66	26	1233	123.875000	F#4	66	80	
1261	233.394792	C#3	49	29	1236	124.000000	C#3	49	80	
1262	233.402083	E4	64	35	1234	124.000000	E4	64	80	
1263	233.408333	C#4	61	32	1235	124.000000	C#4	61	80	
1264	233.630208	C3	48	28	1237	124.125000	C3	48	80	
1265	233.876042	G#3	56	43	1238	124.250000	G#3	56	80	
1266	233.885417	C#3	49	37	1239	124.250000	C#3	49	80	
1267	234.083333	Eb3	51	38	1240	124.375000	Eb3	51	80	
1268	234.335417	C#4	61	49	1241	124.500000	C#4	61	80	
1269	234.361458	E3	52	29	1242	124.500000	E3	52	80	
1270	234.582292	F#3	54	20	1243	124.625000	F#3	54	80	
1271	234.811458	E4	64	49	1244	124.750000	E4	64	80	
1272	234.828125	G3	55	20	1245	124.750000	G3	55	80	
1273	235.047917	E3	52	30	1246	124.875000	E3	52	80	
1274	235.285417	Bb3	58	41	1247	125.000000	Bb3	58	80	
1275	235.295833	F#3	54	22	1248	125.000000	F#3	54	80	
1276	235.517708	G3	55	31	1249	125.125000	G3	55	80	
1277	235.753125	G4	67	55	1250	125.250000	G4	67	80	
1278	235.779167	F#3	54	30	1251	125.250000	F#3	54	80	
1279	235.994792	E3	52	43	1252	125.375000	E3	52	80	
1280	236.212500	F#4	66	51	1253	125.500000	F#4	66	80	
1281	236.235417	D3	50	34	1255	125.500000	D3	50	80	
1282	236.235417	B3	59	39	1254	125.500000	B3	59	80	
1283	236.443750	C#3	49	42	1256	125.625000	C#3	49	80	
1284	236.684375	E4	64	47	1257	125.750000	E4	64	80	
1285	236.698958	C#4	61	38	1258	125.750000	C#4	61	80	
1286	236.712500	B2	47	36	1259	125.750000	B2	47	80	
1287	236.919792	Bb2	46	31	1260	125.875000	Bb2	46	80	
1288	237.171875	D4	62	42	1261	126.000000	D4	62	80	
1289	237.187500	B2	47	19	1262	126.000000	B2	47	80	
1290	237.402083	F#2	42	29	1263	126.125000	F#2	42	80	
1291	237.675000	F#3	54	41	1264	126.250000	F#3	54	80	
1292	237.688542	B2	47	30	1265	126.250000	B2	47	80	
1293	237.893750	C#3	49	41	1266	126.375000	C#3	49	80	
1294	238.138542	D3	50	41	1268	126.500000	D3	50	80	
1295	238.139583	B3	59	59	1267	126.500000	B3	59	80	
1296	238.380208	E3	52	33	1269	126.625000	E3	52	80	
1297	238.608333	F#3	54	36	1271	126.750000	F#3	54	80	
1298	238.608333	D4	62	54	1270	126.750000	D4	62	80	
1299	238.833333	D3	50	45	1272	126.875000	D3	50	80	
1300	239.081250	G#3	56	55	1273	127.000000	G#3	56	80	
1301	239.091667	E3	52	32	1274	127.000000	E3	52	80	
1302	239.314583	F#3	54	39	1275	127.125000	F#3	54	80	
1303	239.545833	F#4	66	59	1276	127.250000	F#4	66	80	
1304	239.553125	E3	52	34	1277	127.250000	E3	52	80	
1305	239.790625	D3	50	33	1278	127.375000	D3	50	80	
1306	240.021875	E4	64	48	1279	127.500000	E4	64	80	
1307	240.042708	C#3	49	24	1281	127.500000	C#3	49	80	
1308	240.068750	A3	57	20	1280	127.500000	A3	57	80	
1309	240.267708	B2	47	39	1282	127.625000	B2	47	80	
1310	240.500000	B3	59	42	1284	127.750000	B3	59	80	
1311	240.503125	D4	62	47	1283	127.750000	D4	62	80	
1312	240.536458	A2	45	15	1285	127.750000	A2	45	80	
1313	240.703125	G#2	44	39	1286	127.875000	G#2	44	80	
1314	240.975000	C#4	61	43	1287	128.000000	C#4	61	80	
1315	240.990625	A2	45	21	1288	128.000000	A2	45	80	
1316	241.221875	E2	40	23	1289	128.125000	E2	40	80	
1317	241.479167	A2	45	28	1291	128.250000	A2	45	80	
1318	241.479167	A3	57	31	1290	128.250000	A3	57	80	
1319	241.683333	G#3	56	41	1292	128.375000	G#3	56	80	
1320	241.696875	B2	47	32	1293	128.375000	B2	47	80	
1321	241.926042	C#3	49	39	1295	128.500000	C#3	49	80	
1322	241.938542	A3	57	44	1294	128.500000	A3	57	80	
1323	242.153125	D3	50	43	1296	128.625000	D3	50	80	
1324	242.389583	E3	52	30	1298	128.750000	E3	52	80	
1325	242.389583	C#4	61	64	1297	128.750000	C#4	61	80	
1326	242.616667	C#3	49	44	1299	128.875000	C#3	49	80	
1327	242.873958	F#4	66	66	1300	129.000000	F#4	66	80	
1328	242.903125	D3	50	30	1301	129.000000	D3	50	80	
1329	243.120833	E3	52	46	1302	129.125000	E3	52	80	
1330	243.336458	B3	59	60	1303	129.250000	B3	59	80	
1331	243.371875	D3	50	42	1304	129.250000	D3	50	80	
1332	243.559375	C#4	61	62	1305	129.375000	C#4	61	80	
1333	243.562500	C#3	49	57	1306	129.375000	C#3	49	80	
1334	243.797917	B2	47	54	1308	129.500000	B2	47	80	
1335	243.797917	D4	62	65	1307	129.500000	D4	62	80	
1336	244.015625	A2	45	56	1309	129.625000	A2	45	80	
1337	244.264583	F4	65	67	1310	129.750000	F4	65	80	
1338	244.266667	G#2	44	61	1311	129.750000	G#2	44	80	
1339	244.480208	F#4	66	79	1312	129.875000	F#4	66	80	
1340	244.486458	F#2	42	68	1313	129.875000	F#2	42	80	
1341	244.727083	G#4	68	78	1314	130.000000	G#4	68	80	
1342	244.730208	F2	41	75	1315	130.000000	F2	41	80	
1343	244.967708	C#4	61	71	1316	130.125000	C#4	61	80	
1344	245.204167	Eb4	63	69	1318	130.250000	Eb4	63	80	
1345	245.220833	C#2	37	74	1319	130.250000	C#2	37	80	
1346	245.225000	F#4	66	59	1317	130.250000	F#4	66	80	
1347	245.422917	G#4	68	77	1320	130.375000	G#4	68	80	
1348	245.436458	F4	65	73	1321	130.375000	F4	65	80	
1349	245.690625	A4	69	75	1322	130.500000	A4	69	80	
1350	245.703125	F#2	42	64	1324	130.500000	F#2	42	80	
1351	245.709375	F#4	66	67	1323	130.500000	F#4	66	80	
1352	245.923958	G#4	68	69	1325	130.625000	G#4	68	80	
1353	246.136458	A4	69	72	1326	130.750000	A4	69	80	
1354	246.356250	F#4	66	72	1327	130.875000	F#4	66	80	
1355	246.607292	B4	71	79	1328	131.000000	B4	71	80	
1356	246.855208	C#5	73	77	1329	131.125000	C#5	73	80	
1357	247.078125	B4	71	77	1330	131.250000	B4	71	80	
1358	247.312500	A4	69	73	1331	131.375000	A4	69	80	
1359	247.551042	F2	41	49	1333	131.500000	F2	41	80	
1360	247.580208	B4	71	65	1332	131.500000	B4	71	80	
1361	247.783333	A4	69	66	1334	131.625000	A4	69	80	
1362	248.002083	C#5	73	82	1335	131.750000	C#5	73	80	
1363	248.033333	G#4	68	56	1336	131.750000	G#4	68	80	
1364	248.232292	A4	69	73	1337	131.875000	A4	69	80	
1365	248.465625	F#2	42	58	1340	132.000000	F#2	42	80	
1366	248.484375	A4	69	80	1338	132.000000	A4	69	80	
1367	248.511458	F#4	66	67	1339	132.000000	F#4	66	80	
1368	248.689583	F#3	54	69	1341	132.125000	F#3	54	80	
1369	248.945833	G#3	56	62	1343	132.250000	G#3	56	80	
1370	248.952083	F#4	66	82	1342	132.250000	F#4	66	80	
1371	249.165625	A3	57	68	1344	132.375000	A3	57	80	
1372	249.403125	B3	59	47	1346	132.500000	B3	59	80	
1373	249.408333	D5	74	81	1345	132.500000	D5	74	80	
1374	249.651042	C#4	61	56	1347	132.625000	C#4	61	80	
1375	249.865625	B3	59	62	1349	132.750000	B3	59	80	
1376	249.898958	F#4	66	64	1348	132.750000	F#4	66	80	
1377	250.101042	A3	57	53	1350	132.875000	A3	57	80	
1378	250.330208	G#3	56	66	1352	133.000000	G#3	56	80	
1379	250.336458	E4	64	57	1351	133.000000	E4	64	80	
1380	250.573958	F#4	66	65	1353	133.125000	F#4	66	80	
1381	250.791667	C#5	73	78	1354	133.250000	C#5	73	80	
1382	250.815625	E4	64	48	1355	133.250000	E4	64	80	
1383	251.023958	D4	62	54	1357	133.375000	D4	62	80	
1384	251.023958	B4	71	79	1356	133.375000	B4	71	80	
1385	251.260417	C#5	73	80	1358	133.500000	C#5	73	80	
1386	251.271875	E4	64	59	1359	133.500000	E4	64	80	
1387	251.479167	D4	62	58	1360	133.625000	D4	62	80	
1388	251.718750	C#4	61	62	1361	133.750000	C#4	61	80	
1389	251.742708	Bb3	58	59	1362	133.750000	Bb3	58	80	
1390	251.969792	E4	64	58	1363	133.875000	E4	64	80	
1391	252.195833	B3	59	64	1365	134.000000	B3	59	80	
1392	252.208333	D4	62	61	1364	134.000000	D4	62	80	
1393	252.430208	E4	64	66	1366	134.125000	E4	64	80	
1394	252.660417	A3	57	57	1369	134.250000	A3	57	80	
1395	252.678125	F#5	78	90	1367	134.250000	F#5	78	80	
1396	252.688542	D4	62	51	1368	134.250000	D4	62	80	
1397	252.909375	C#4	61	58	1370	134.375000	C#4	61	80	
1398	253.159375	G#3	56	58	1373	134.500000	G#3	56	80	
1399	253.163542	B4	71	78	1371	134.500000	B4	71	80	
1400	253.192708	D4	62	62	1372	134.500000	D4	62	80	
1401	253.402083	C#4	61	64	1374	134.625000	C#4	61	80	
1402	253.648958	B3	59	62	1375	134.750000	B3	59	80	
1403	253.842708	F#3	54	59	1377	134.875000	F#3	54	80	
1404	253.851042	D4	62	57	1376	134.875000	D4	62	80	
1405	254.076042	F3	53	51	1379	135.000000	F3	53	80	
1406	254.083333	C#4	61	59	1378	135.000000	C#4	61	80	
1407	254.323958	D4	62	54	1380	135.125000	D4	62	80	
1408	254.552083	A4	69	77	1381	135.250000	A4	69	80	
1409	254.569792	C#3	49	52	1383	135.250000	C#3	49	80	
1410	254.623958	C#4	61	34	1382	135.250000	C#4	61	80	
1411	254.783333	G#4	68	80	1384	135.375000	G#4	68	80	
1412	254.802083	B3	59	58	1385	135.375000	B3	59	80	
1413	255.034375	A4	69	76	1386	135.500000	A4	69	80	
1414	255.040625	C#4	61	47	1387	135.500000	C#4	61	80	
1415	255.047917	F#3	54	43	1388	135.500000	F#3	54	80	
1416	255.253125	B3	59	54	1389	135.625000	B3	59	80	
1417	255.485417	F#4	66	70	1390	135.750000	F#4	66	80	
1418	255.516667	A3	57	42	1391	135.750000	A3	57	80	
1419	255.722917	C#4	61	46	1392	135.875000	C#4	61	80	
1420	255.955208	G#4	68	73	1393	136.000000	G#4	68	80	
1421	256.019792	B3	59	30	1394	136.000000	B3	59	80	
1422	256.204167	C#4	61	39	1395	136.125000	C#4	61	80	
1423	256.458333	B3	59	48	1396	136.250000	B3	59	80	
1424	256.669792	A3	57	48	1397	136.375000	A3	57	80	
1425	256.915625	B3	59	49	1398	136.500000	B3	59	80	
1426	256.921875	F3	53	44	1399	136.500000	F3	53	80	
1427	257.177083	A3	57	41	1400	136.625000	A3	57	80	
1428	257.419792	G#3	56	46	1401	136.750000	G#3	56	80	
1429	257.646875	B3	59	45	1402	136.875000	B3	59	80	
1430	257.894792	F#3	54	39	1404	137.000000	F#3	54	80	
1431	257.894792	A3	57	53	1403	137.000000	A3	57	80	
1432	258.115625	F#4	66	68	1405	137.125000	F#4	66	80	
1433	258.376042	B3	59	65	1406	137.250000	B3	59	80	
1434	258.380208	D3	50	47	1407	137.250000	D3	50	80	
1435	258.583333	F4	65	74	1408	137.375000	F4	65	80	
1436	258.816667	C#4	61	72	1409	137.500000	C#4	61	80	
1437	258.842708	A2	45	52	1410	137.500000	A2	45	80	
1438	259.061458	F#4	66	84	1411	137.625000	F#4	66	80	
1439	259.316667	D4	62	70	1412	137.750000	D4	62	80	
1440	259.321875	B2	47	64	1413	137.750000	B2	47	80	
1441	259.563542	G#4	68	88	1414	137.875000	G#4	68	80	
1442	259.877083	C#4	61	82	1415	138.000000	C#4	61	80	
1443	259.884375	C#3	49	58	1417	138.000000	C#3	49	80	
1444	259.885417	A3	57	69	1416	138.000000	A3	57	80	
1445	260.475000	F#4	66	80	1418	138.250000	F#4	66	80	
1446	261.063542	G#3	56	76	1419	138.500000	G#3	56	80	
1447	261.086458	C#2	37	62	1420	138.500000	C#2	37	80	
1448	261.763542	F4	65	74	1421	138.750000	F4	65	80	
1449	262.911458	F#4	66	79	1422	139.000000	F#4	66	80	
1450	262.917708	F#3	54	71	1423	139.000000	F#3	54	80	
1451	262.936458	F#2	42	58	1424	139.000000	F#2	42	80	
*	-1	*	-1	-1	13	5.000000	G#3	56	80	
*	-1	*	-1	-1	53	10.750000	C#4	61	80	
*	-1	*	-1	-1	167	26.748958	C4	60	80	
*	-1	*	-1	-1	195	29.750000	D4	62	80	
*	-1	*	-1	-1	298	42.250000	F#4	66	80	
*	-1	*	-1	-1	923	100.000000	D3	50	80	
*	-1	*	-1	-1	999	105.750000	B3	59	80	
*	-1	*	-1	-1	1097	113.000000	F#4	66	80	
*	-1	*	-1	-1	1122	115.000000	C4	60	80	
*	-1	*	-1	-1	60	12.000000	E4	64	80	
*	-1	*	-1	-1	59	12.000000	C#4	61	80	
*	-1	*	-1	-1	114	21.000000	F#2	42	80	
*	-1	*	-1	-1	139	23.811458	A4	69	80	
*	-1	*	-1	-1	205	31.000000	F#3	54	80	
*	-1	*	-1	-1	204	31.000000	F#3	54	80	
*	-1	*	-1	-1	730	85.125000	C#4	61	80	
