// alignID alignOntime alignSitch alignPitch alignOnvel refID refOntime refSitch refPitch refOnvel
0	0.500000	G#4	68	63	0	0.750000	G#4	68	80	
1	0.846354	Bb4	70	59	1	1.000000	Bb4	70	80	
2	0.994792	G#4	68	77	2	1.125000	G#4	68	80	
3	1.154948	F#4	66	74	3	1.250000	F#4	66	80	
4	1.282552	G#4	68	80	4	1.375000	G#4	68	80	
5	1.437500	F5	77	83	5	1.500000	F5	77	80	
6	1.743490	C#5	73	85	6	1.750000	C#5	73	80	
7	2.085938	G#4	68	82	7	2.000000	G#4	68	80	
8	2.398438	F#4	66	70	8	2.250000	F#4	66	80	
9	2.539062	F4	65	75	9	2.375000	F4	65	80	
10	2.700521	F#4	66	82	10	2.500000	F#4	66	80	
11	3.016927	Eb5	75	77	11	2.750000	Eb5	75	80	
12	3.335938	F4	65	77	12	3.000000	F4	65	80	
13	3.653646	C#5	73	68	13	3.250000	C#5	73	80	
14	3.951823	Eb4	63	72	14	3.500000	Eb4	63	80	
15	4.283854	C5	72	65	15	3.750000	C5	72	80	
16	4.597656	C#4	61	65	16	4.000000	C#4	61	80	
17	4.916667	C#5	73	53	17	4.250000	C#5	73	80	
18	5.055990	C5	72	59	18	4.375000	C5	72	80	
19	5.194010	C#5	73	63	19	4.500000	C#5	73	80	
20	5.329427	Eb5	75	66	20	4.625000	Eb5	75	80	
21	5.471354	C#4	61	66	22	4.750000	C#4	61	80	
22	5.476562	F5	77	71	21	4.750000	F5	77	80	
23	5.608073	F#5	78	64	23	4.875000	F#5	78	80	
24	5.753906	F4	65	50	25	5.000000	F4	65	80	
25	5.763021	G#5	80	68	24	5.000000	G#5	80	80	
26	5.898438	G5	79	78	26	5.125000	G5	79	80	
27	5.906250	Eb4	63	70	27	5.125000	Eb4	63	80	
28	6.050781	F5	77	83	28	5.250000	F5	77	80	
29	6.055990	C#4	61	73	29	5.250000	C#4	61	80	
30	6.180990	Eb4	63	75	31	5.375000	Eb4	63	80	
31	6.180990	G5	79	82	30	5.375000	G5	79	80	
32	6.324219	C5	72	75	33	5.500000	C5	72	80	
33	6.330729	G#5	80	83	32	5.500000	G#5	80	80	
34	6.475260	F#5	78	82	34	5.625000	F#5	78	80	
35	6.613281	G#4	68	85	36	5.750000	G#4	68	80	
36	6.615885	F5	77	79	35	5.750000	F5	77	80	
37	6.763021	Eb5	75	76	37	5.875000	Eb5	75	80	
38	6.904948	Eb4	63	79	39	6.000000	Eb4	63	80	
39	6.908854	F5	77	85	38	6.000000	F5	77	80	
40	7.223958	C#4	61	71	40	6.250000	C#4	61	80	
41	7.352865	C4	60	67	41	6.375000	C4	60	80	
42	7.494792	C#4	61	85	42	6.500000	C#4	61	80	
43	7.647135	Eb5	75	64	43	6.625000	Eb5	75	80	
44	7.792969	C#5	73	70	44	6.750000	C#5	73	80	
45	7.794271	Bb4	70	74	45	6.750000	Bb4	70	80	
46	7.929688	F5	77	67	46	6.875000	F5	77	80	
47	8.088542	C4	60	80	48	7.000000	C4	60	80	
48	8.104167	Eb5	75	71	47	7.000000	Eb5	75	80	
49	8.229167	C#5	73	70	49	7.125000	C#5	73	80	
50	8.355469	G#4	68	70	51	7.250000	G#4	68	80	
51	8.358073	C5	72	71	50	7.250000	C5	72	80	
52	8.510417	Eb5	75	66	52	7.375000	Eb5	75	80	
53	8.645833	Bb3	58	73	54	7.500000	Bb3	58	80	
54	8.649740	C#5	73	73	53	7.500000	C#5	73	80	
55	8.786458	C5	72	75	55	7.625000	C5	72	80	
56	8.921875	G4	67	54	57	7.750000	G4	67	80	
57	8.925781	C#5	73	78	56	7.750000	C#5	73	80	
58	9.071615	Bb4	70	76	58	7.875000	Bb4	70	80	
59	9.194010	G#3	56	54	60	8.000000	G#3	56	80	
60	9.218750	Bb4	70	70	59	8.000000	Bb4	70	80	
61	9.335938	C5	72	74	61	8.125000	C5	72	80	
62	9.480469	G#4	68	76	63	8.250000	G#4	68	80	
63	9.490885	Eb5	75	84	62	8.250000	Eb5	75	80	
64	9.611979	G4	67	76	64	8.375000	G4	67	80	
65	9.752604	G#4	68	84	66	8.500000	G#4	68	80	
66	9.761719	F#5	78	90	65	8.500000	F#5	78	80	
67	9.919271	Bb4	70	63	67	8.625000	Bb4	70	80	
68	10.045573	G#3	56	78	69	8.750000	G#3	56	80	
69	10.049479	C5	72	74	68	8.750000	C5	72	80	
70	10.186198	F#5	78	23	*	-1	*	-1	-1	
71	10.192708	G#4	68	71	70	8.875000	G#4	68	80	
72	10.326823	Bb3	58	58	72	9.000000	Bb3	58	80	
73	10.343750	C#5	73	75	71	9.000000	C#5	73	80	
74	10.472656	C5	72	82	73	9.125000	C5	72	80	
75	10.476562	G#3	56	71	74	9.125000	G#3	56	80	
76	10.613281	F#3	54	74	76	9.250000	F#3	54	80	
77	10.615885	Bb4	70	82	75	9.250000	Bb4	70	80	
78	10.723958	G#3	56	73	78	9.375000	G#3	56	80	
79	10.751302	C5	72	77	77	9.375000	C5	72	80	
80	10.875000	F5	77	87	79	9.500000	F5	77	80	
81	10.882812	F4	65	64	81	9.500000	F4	65	80	
82	10.884115	C#5	73	79	80	9.500000	C#5	73	80	
83	11.053385	C5	72	59	82	9.625000	C5	72	80	
84	11.182292	C#4	61	82	84	9.750000	C#4	61	80	
85	11.217448	Bb4	70	66	83	9.750000	Bb4	70	80	
86	11.350260	G#4	68	55	85	9.875000	G#4	68	80	
87	11.489583	G#3	56	81	87	10.000000	G#3	56	80	
88	11.500000	Bb4	70	68	86	10.000000	Bb4	70	80	
89	11.798177	F#3	54	71	88	10.250000	F#3	54	80	
90	11.921875	F3	53	70	89	10.375000	F3	53	80	
91	12.072917	F#3	54	87	91	10.500000	F#3	54	80	
92	12.100260	Eb5	75	80	90	10.500000	Eb5	75	80	
93	12.227865	G#4	68	63	92	10.625000	G#4	68	80	
94	12.377604	Eb4	63	71	94	10.750000	Eb4	63	80	
95	12.399740	F#4	66	62	93	10.750000	F#4	66	80	
96	12.533854	Bb4	70	64	95	10.875000	Bb4	70	80	
97	12.658854	F3	53	82	97	11.000000	F3	53	80	
98	12.682292	G#4	68	73	96	11.000000	G#4	68	80	
99	12.829427	F#4	66	60	98	11.125000	F#4	66	80	
100	12.944010	C#4	61	61	101	11.250000	C#4	61	80	
101	12.946615	C#5	73	70	99	11.250000	C#5	73	80	
102	12.957031	F4	65	74	100	11.250000	F4	65	80	
103	13.110677	G#4	68	53	102	11.375000	G#4	68	80	
104	13.213542	Eb3	51	63	105	11.500000	Eb3	51	80	
105	13.230469	F#4	66	68	104	11.500000	F#4	66	80	
106	13.235677	C5	72	66	103	11.500000	C5	72	80	
107	13.359375	F4	65	55	106	11.625000	F4	65	80	
108	13.498698	F#4	66	56	108	11.750000	F#4	66	80	
109	13.520833	C4	60	45	109	11.750000	C4	60	80	
110	13.531250	Eb5	75	73	107	11.750000	Eb5	75	80	
111	13.643229	Eb4	63	68	110	11.875000	Eb4	63	80	
112	13.794271	C#3	49	47	112	12.000000	C#3	49	80	
113	13.812500	F4	65	76	111	12.000000	F4	65	80	
114	14.104167	G#4	68	75	113	12.250000	G#4	68	80	
115	14.121094	C#4	61	51	114	12.250000	C#4	61	80	
116	14.239583	C4	60	50	115	12.375000	C4	60	80	
117	14.385417	C#4	61	47	117	12.500000	C#4	61	80	
118	14.389323	F5	77	87	116	12.500000	F5	77	80	
119	14.529948	Eb4	63	59	118	12.625000	Eb4	63	80	
120	14.652344	F4	65	42	120	12.750000	F4	65	80	
121	14.671875	G#4	68	70	119	12.750000	G#4	68	80	
122	14.832031	C#4	61	47	121	12.875000	C#4	61	80	
123	14.955729	C#5	73	79	122	13.000000	C#5	73	80	
124	14.990885	Bb3	58	56	123	13.000000	Bb3	58	80	
125	15.130208	C4	60	53	124	13.125000	C4	60	80	
126	15.244792	C#4	61	60	126	13.250000	C#4	61	80	
127	15.263021	F5	77	75	125	13.250000	F5	77	80	
128	15.390625	C#5	73	73	127	13.375000	C#5	73	80	
129	15.393229	Bb3	58	57	128	13.375000	Bb3	58	80	
130	15.531250	Bb4	70	78	129	13.500000	Bb4	70	80	
131	15.532552	G3	55	51	130	13.500000	G3	55	80	
132	15.661458	G#3	56	62	131	13.625000	G#3	56	80	
133	15.809896	C#5	73	67	132	13.750000	C#5	73	80	
134	15.811198	Bb3	58	58	133	13.750000	Bb3	58	80	
135	15.940104	G3	55	58	135	13.875000	G3	55	80	
136	15.947917	Bb4	70	67	134	13.875000	Bb4	70	80	
137	16.115885	C3	48	57	137	14.000000	C3	48	80	
138	16.117188	Eb4	63	68	136	14.000000	Eb4	63	80	
139	16.397135	Bb4	70	73	138	14.250000	Bb4	70	80	
140	16.417969	C4	60	53	139	14.250000	C4	60	80	
141	16.536458	Bb3	58	57	140	14.375000	Bb3	58	80	
142	16.697917	Eb5	75	81	141	14.500000	Eb5	75	80	
143	16.716146	C4	60	59	142	14.500000	C4	60	80	
144	16.830729	C#4	61	67	143	14.625000	C#4	61	80	
145	16.967448	Eb4	63	62	145	14.750000	Eb4	63	80	
146	16.977865	G4	67	67	144	14.750000	G4	67	80	
147	17.109375	C4	60	61	146	14.875000	C4	60	80	
148	17.260417	C5	72	75	147	15.000000	C5	72	80	
149	17.277344	G#3	56	51	148	15.000000	G#3	56	80	
150	17.395833	Bb3	58	59	149	15.125000	Bb3	58	80	
151	17.552083	C4	60	57	151	15.250000	C4	60	80	
152	17.566406	Eb5	75	69	150	15.250000	Eb5	75	80	
153	17.683594	C5	72	71	152	15.375000	C5	72	80	
154	17.708333	G#3	56	54	153	15.375000	G#3	56	80	
155	17.829427	G#4	68	68	154	15.500000	G#4	68	80	
156	17.856771	F3	53	54	155	15.500000	F3	53	80	
157	17.968750	G3	55	57	156	15.625000	G3	55	80	
158	18.113281	G#3	56	53	158	15.750000	G#3	56	80	
159	18.140625	C5	72	58	157	15.750000	C5	72	80	
160	18.257812	F3	53	46	160	15.875000	F3	53	80	
161	18.282552	G#4	68	58	159	15.875000	G#4	68	80	
162	18.403646	Bb2	46	48	162	16.000000	Bb2	46	80	
163	18.437500	C#4	61	54	161	16.000000	C#4	61	80	
164	18.704427	G#4	68	64	163	16.250000	G#4	68	80	
165	18.705729	Bb3	58	46	164	16.250000	Bb3	58	80	
166	18.845052	G#3	56	48	165	16.375000	G#3	56	80	
167	18.968750	Bb3	58	46	167	16.500000	Bb3	58	80	
168	19.032552	C#5	73	66	166	16.500000	C#5	73	80	
169	19.141927	C4	60	51	168	16.625000	C4	60	80	
170	19.290365	C#4	61	59	170	16.750000	C#4	61	80	
171	19.304688	F4	65	58	169	16.750000	F4	65	80	
172	19.427083	Bb3	58	53	171	16.875000	Bb3	58	80	
173	19.579427	G3	55	46	173	17.000000	G3	55	80	
174	19.588542	Bb4	70	62	172	17.000000	Bb4	70	80	
175	19.720052	C5	72	73	174	17.125000	C5	72	80	
176	19.729167	G#3	56	56	175	17.125000	G#3	56	80	
177	19.856771	Bb3	58	61	177	17.250000	Bb3	58	80	
178	19.869792	C#5	73	77	176	17.250000	C#5	73	80	
179	19.990885	G3	55	56	179	17.375000	G3	55	80	
180	20.009115	Bb4	70	68	178	17.375000	Bb4	70	80	
181	20.148438	Bb5	82	81	180	17.500000	Bb5	82	80	
182	20.161458	Eb3	51	51	181	17.500000	Eb3	51	80	
183	20.292969	A5	81	47	*	-1	*	-1	-1	
184	20.303385	F3	53	57	183	17.625000	F3	53	80	
185	20.309896	C#5	73	74	182	17.625000	C#5	73	80	
186	20.434896	G3	55	64	185	17.750000	G3	55	80	
187	20.437500	Eb5	75	70	184	17.750000	Eb5	75	80	
188	20.544271	Bb4	70	71	186	17.875000	Bb4	70	80	
189	20.575521	Eb3	51	67	187	17.875000	Eb3	51	80	
190	20.697917	C5	72	79	188	18.000000	C5	72	80	
191	20.699219	G#2	44	69	189	18.000000	G#2	44	80	
192	20.822917	G#5	80	76	190	18.125000	G#5	80	80	
193	20.979167	G5	79	75	191	18.250000	G5	79	80	
194	20.988281	G#3	56	77	192	18.250000	G#3	56	80	
195	21.115885	Bb3	58	76	194	18.375000	Bb3	58	80	
196	21.122396	Bb5	82	83	193	18.375000	Bb5	82	80	
197	21.256510	C4	60	88	196	18.500000	C4	60	80	
198	21.265625	G#5	80	79	195	18.500000	G#5	80	80	
199	21.403646	Eb5	75	77	197	18.625000	Eb5	75	80	
200	21.555990	F5	77	81	198	18.750000	F5	77	80	
201	21.563802	G#3	56	65	200	18.750000	G#3	56	80	
202	21.565104	G#4	68	68	199	18.750000	G#4	68	80	
203	21.690104	F#5	78	77	201	18.875000	F#5	78	80	
204	21.833333	F5	77	83	202	19.000000	F5	77	80	
205	21.846354	C#4	61	53	203	19.000000	C#4	61	80	
206	21.973958	Eb5	75	86	204	19.125000	Eb5	75	80	
207	21.986979	G4	67	62	205	19.125000	G4	67	80	
208	22.111979	C#5	73	87	206	19.250000	C#5	73	80	
209	22.125000	F4	65	59	207	19.250000	F4	65	80	
210	22.238281	Eb5	75	87	208	19.375000	Eb5	75	80	
211	22.248698	G4	67	73	209	19.375000	G4	67	80	
212	22.390625	C6	84	86	210	19.500000	C6	84	80	
213	22.397135	C4	60	58	212	19.500000	C4	60	80	
214	22.398438	G#4	68	71	211	19.500000	G#4	68	80	
215	22.528646	F#4	66	65	213	19.625000	F#4	66	80	
216	22.670573	F4	65	35	215	19.750000	F4	65	80	
217	22.670573	G#5	80	86	214	19.750000	G#5	80	80	
218	22.798177	Eb4	63	59	216	19.875000	Eb4	63	80	
219	22.972656	Eb5	75	91	217	20.000000	Eb5	75	80	
220	22.976562	F4	65	51	218	20.000000	F4	65	80	
221	22.980469	Bb3	58	53	219	20.000000	Bb3	58	80	
222	23.283854	G#3	56	52	221	20.250000	G#3	56	80	
223	23.283854	C#5	73	81	220	20.250000	C#5	73	80	
224	23.414062	C5	72	80	222	20.375000	C5	72	80	
225	23.561198	C#5	73	86	223	20.500000	C#5	73	80	
226	23.576823	G3	55	57	224	20.500000	G3	55	80	
227	23.696615	Eb4	63	66	225	20.625000	Eb4	63	80	
228	23.832031	C#4	61	58	227	20.750000	C#4	61	80	
229	23.845052	Bb5	82	79	226	20.750000	Bb5	82	80	
230	23.957031	F4	65	63	228	20.875000	F4	65	80	
231	24.138021	G#3	56	60	231	21.000000	G#3	56	80	
232	24.143229	C5	72	79	229	21.000000	C5	72	80	
233	24.145833	Eb4	63	66	230	21.000000	Eb4	63	80	
234	24.286458	C#4	61	64	232	21.125000	C#4	61	80	
235	24.425781	G#5	80	71	233	21.250000	G#5	80	80	
236	24.430990	C4	60	66	234	21.250000	C4	60	80	
237	24.541667	Eb4	63	66	235	21.375000	Eb4	63	80	
238	24.700521	C#4	61	61	237	21.500000	C#4	61	80	
239	24.701823	Eb3	51	59	238	21.500000	Eb3	51	80	
240	24.716146	Bb4	70	70	236	21.500000	Bb4	70	80	
241	24.847656	C4	60	54	239	21.625000	C4	60	80	
242	24.984375	G5	79	59	240	21.750000	G5	79	80	
243	25.013021	C#4	61	58	241	21.750000	C#4	61	80	
244	25.174479	Bb3	58	54	242	21.875000	Bb3	58	80	
245	25.289062	C4	60	54	244	22.000000	C4	60	80	
246	25.303385	G#3	56	48	245	22.000000	G#3	56	80	
247	25.305990	G#4	68	56	243	22.000000	G#4	68	80	
248	25.438802	Bb4	70	56	246	22.125000	Bb4	70	80	
249	25.576823	Eb4	63	56	248	22.250000	Eb4	63	80	
250	25.591146	C5	72	59	247	22.250000	C5	72	80	
251	25.720052	C#5	73	59	249	22.375000	C#5	73	80	
252	25.871094	C5	72	63	250	22.500000	C5	72	80	
253	25.875000	G#4	68	56	251	22.500000	G#4	68	80	
254	26.029948	Bb4	70	70	252	22.625000	Bb4	70	80	
255	26.149740	Eb4	63	61	254	22.750000	Eb4	63	80	
256	26.182292	G#4	68	72	253	22.750000	G#4	68	80	
257	26.274740	C4	60	64	256	22.875000	C4	60	80	
258	26.294271	C5	72	77	255	22.875000	C5	72	80	
259	26.440104	F5	77	83	257	23.000000	F5	77	80	
260	26.444010	A3	57	57	258	23.000000	G#3	56	80	
261	26.565104	Eb5	75	89	259	23.125000	Eb5	75	80	
262	26.703125	D5	74	85	260	23.250000	D5	74	80	
263	26.708333	B3	59	72	261	23.250000	B3	59	80	
264	26.822917	F5	77	87	262	23.375000	F5	77	80	
265	26.848958	G#3	56	76	263	23.375000	G#3	56	80	
266	26.990885	G#5	80	88	264	23.500000	G#5	80	80	
267	26.998698	F3	53	76	265	23.500000	F3	53	80	
268	27.130208	F#5	78	90	266	23.625000	F#5	78	80	
269	27.272135	G#3	56	76	268	23.750000	G#3	56	80	
270	27.272135	F5	77	89	267	23.750000	F5	77	80	
271	27.389323	G#5	80	88	269	23.875000	G#5	80	80	
272	27.427083	F3	53	74	270	23.875000	F3	53	80	
273	27.550781	G#5	80	86	271	24.000000	G#5	80	80	
274	27.582031	D3	50	73	272	24.000000	D3	50	80	
275	27.608073	Bb5	82	75	273	24.062500	Bb5	82	80	
276	27.635417	B5	83	92	274	24.125000	B5	83	80	
277	27.897135	F3	53	64	276	24.250000	F3	53	80	
278	27.898438	Bb5	82	82	275	24.250000	Bb5	82	80	
279	28.036458	G#5	80	86	277	24.375000	G#5	80	80	
280	28.052083	G#3	56	77	278	24.375000	G#3	56	80	
281	28.177083	F#5	78	88	279	24.500000	F#5	78	80	
282	28.199219	B3	59	85	280	24.500000	B3	59	80	
283	28.300781	F5	77	82	281	24.625000	F5	77	80	
284	28.470052	Eb5	75	80	282	24.750000	Eb5	75	80	
285	28.477865	F3	53	74	283	24.750000	F3	53	80	
286	28.604167	D5	74	76	284	24.875000	D5	74	80	
287	28.763021	F#3	54	78	287	25.000000	F#3	54	80	
288	28.763021	Bb3	58	78	286	25.000000	Bb3	58	80	
289	28.766927	Eb5	75	85	285	25.000000	Eb5	75	80	
290	28.904948	F#5	78	76	288	25.125000	F#5	78	80	
291	29.062500	B3	59	77	290	25.250000	B3	59	80	
292	29.062500	F5	77	81	289	25.250000	F5	77	80	
293	29.067708	G#3	56	71	291	25.250000	G#3	56	80	
294	29.192708	Eb5	75	78	292	25.375000	Eb5	75	80	
295	29.337240	Bb3	58	70	294	25.500000	Bb3	58	80	
296	29.338542	D5	74	75	293	25.500000	D5	74	80	
297	29.460938	F5	77	72	296	25.625000	F5	77	80	
298	29.602865	D3	50	52	298	25.750000	D3	50	80	
299	29.610677	Bb4	70	60	297	25.750000	Bb4	70	80	
300	29.619792	Bb2	46	48	299	25.750000	Bb2	46	80	
301	29.752604	G#4	68	53	300	25.875000	G#4	68	80	
302	29.890625	F#4	66	59	301	26.000000	F#4	66	80	
303	29.891927	Eb3	51	47	302	26.000000	Eb3	51	80	
304	29.914062	Eb2	39	44	303	26.000000	Eb2	39	80	
305	30.053385	F4	65	55	304	26.125000	F4	65	80	
306	30.191406	Eb4	63	56	305	26.250000	Eb4	63	80	
307	30.328125	D4	62	55	306	26.375000	D4	62	80	
308	30.464844	Eb4	63	57	307	26.500000	Eb4	63	80	
309	30.591146	F4	65	51	308	26.625000	F4	65	80	
310	30.714844	Eb3	51	62	310	26.750000	Eb3	51	80	
311	30.733073	F#4	66	52	309	26.750000	F#4	66	80	
312	30.872396	G#4	68	54	311	26.875000	G#4	68	80	
313	30.998698	F#3	54	49	313	27.000000	F#3	54	80	
314	31.029948	Bb4	70	55	312	27.000000	Bb4	70	80	
315	31.165365	F3	53	60	315	27.125000	F3	53	80	
316	31.165365	G#4	68	58	314	27.125000	G#4	68	80	
317	31.291667	Eb3	51	65	317	27.250000	Eb3	51	80	
318	31.315104	F#4	66	63	316	27.250000	F#4	66	80	
319	31.434896	F3	53	54	319	27.375000	F3	53	80	
320	31.455729	G#4	68	67	318	27.375000	G#4	68	80	
321	31.545573	C#4	61	65	321	27.500000	C#4	61	80	
322	31.583333	Bb4	70	60	320	27.500000	Bb4	70	80	
323	31.717448	G#4	68	58	322	27.625000	G#4	68	80	
324	31.846354	Bb3	58	73	324	27.750000	Bb3	58	80	
325	31.861979	F#4	66	65	323	27.750000	F#4	66	80	
326	31.985677	F4	65	55	325	27.875000	F4	65	80	
327	32.154948	F#4	66	58	326	28.000000	F#4	66	80	
328	32.162760	F3	53	68	327	28.000000	F3	53	80	
329	32.436198	Eb3	51	62	328	28.250000	Eb3	51	80	
330	32.570312	C#3	49	61	329	28.375000	C#3	49	80	
331	32.714844	Eb3	51	74	330	28.500000	Eb3	51	80	
332	32.855469	F4	65	55	331	28.625000	F4	65	80	
333	32.990885	C4	60	65	333	28.750000	C4	60	80	
334	33.018229	Eb4	63	62	332	28.750000	Eb4	63	80	
335	33.184896	F#4	66	54	334	28.875000	F#4	66	80	
336	33.285156	C#3	49	67	336	29.000000	C#3	49	80	
337	33.316406	F4	65	56	335	29.000000	F4	65	80	
338	33.444010	Eb4	63	57	337	29.125000	Eb4	63	80	
339	33.572917	Bb3	58	68	339	29.250000	Bb3	58	80	
340	33.589844	C#4	61	58	338	29.250000	C#4	61	80	
341	33.713542	F4	65	50	340	29.375000	F4	65	80	
342	33.867188	C3	48	64	342	29.500000	C3	48	80	
343	33.875000	Eb4	63	57	341	29.500000	Eb4	63	80	
344	34.013021	C#4	61	62	343	29.625000	C#4	61	80	
345	34.154948	Eb4	63	65	344	29.750000	Eb4	63	80	
346	34.161458	A3	57	50	345	29.750000	A3	57	80	
347	34.286458	C4	60	53	346	29.875000	C4	60	80	
348	34.412760	Bb2	46	47	348	30.000000	Bb2	46	80	
349	34.430990	C#4	61	61	347	30.000000	C#4	61	80	
350	34.571615	F4	65	67	349	30.125000	F4	65	80	
351	34.705729	Bb3	58	56	351	30.250000	Bb3	58	80	
352	34.720052	F#4	66	60	350	30.250000	F#4	66	80	
353	34.828125	A3	57	57	353	30.375000	A3	57	80	
354	34.846354	F4	65	61	352	30.375000	F4	65	80	
355	34.979167	Bb3	58	56	355	30.500000	Bb3	58	80	
356	34.983073	C#5	73	79	354	30.500000	C#5	73	80	
357	35.135417	C4	60	60	356	30.625000	C4	60	80	
358	35.274740	C#4	61	61	358	30.750000	C#4	61	80	
359	35.287760	F4	65	59	357	30.750000	F4	65	80	
360	35.402344	Bb3	58	58	359	30.875000	Bb3	58	80	
361	35.554688	Bb4	70	70	360	31.000000	Bb4	70	80	
362	35.558594	G3	55	56	361	31.000000	G3	55	80	
363	35.682292	C5	72	78	362	31.125000	C5	72	80	
364	35.692708	G#3	56	59	363	31.125000	G#3	56	80	
365	35.819010	Bb3	58	65	365	31.250000	Bb3	58	80	
366	35.822917	C#5	73	81	364	31.250000	C#5	73	80	
367	35.937500	G3	55	58	367	31.375000	G3	55	80	
368	35.947917	Bb4	70	71	366	31.375000	Bb4	70	80	
369	36.102865	Bb5	82	83	368	31.500000	Bb5	82	80	
370	36.104167	Eb3	51	54	369	31.500000	Eb3	51	80	
371	36.238281	C#5	73	73	370	31.625000	C#5	73	80	
372	36.247396	F3	53	59	371	31.625000	F3	53	80	
373	36.376302	G3	55	60	373	31.750000	G3	55	80	
374	36.381510	Eb5	75	72	372	31.750000	Eb5	75	80	
375	36.481771	Bb4	70	67	374	31.875000	Bb4	70	80	
376	36.518229	Eb3	51	56	375	31.875000	Eb3	51	80	
377	36.640625	C5	72	79	376	32.000000	C5	72	80	
378	36.651042	G#2	44	59	377	32.000000	G#2	44	80	
379	36.791667	Eb4	63	66	378	32.125000	Eb4	63	80	
380	36.911458	G#3	56	57	380	32.250000	G#3	56	80	
381	36.930990	F4	65	68	379	32.250000	F4	65	80	
382	37.052083	Eb4	63	65	381	32.375000	Eb4	63	80	
383	37.069010	G3	55	57	382	32.375000	G3	55	80	
384	37.208333	G#3	56	65	384	32.500000	G#3	56	80	
385	37.213542	C5	72	80	383	32.500000	C5	72	80	
386	37.350260	Bb3	58	67	385	32.625000	Bb3	58	80	
387	37.486979	C4	60	54	387	32.750000	C4	60	80	
388	37.511719	Eb4	63	66	386	32.750000	Eb4	63	80	
389	37.634115	G#3	56	56	388	32.875000	G#3	56	80	
390	37.779948	G#4	68	70	389	33.000000	G#4	68	80	
391	37.795573	F3	53	55	390	33.000000	F3	53	80	
392	37.916667	Bb4	70	72	391	33.125000	Bb4	70	80	
393	37.924479	G3	55	62	392	33.125000	G3	55	80	
394	38.058594	G#3	56	67	394	33.250000	G#3	56	80	
395	38.059896	C5	72	79	393	33.250000	C5	72	80	
396	38.192708	G#4	68	72	395	33.375000	G#4	68	80	
397	38.199219	F3	53	60	396	33.375000	F3	53	80	
398	38.326823	G#5	80	78	397	33.500000	G#5	80	80	
399	38.360677	C#3	49	50	398	33.500000	C#3	49	80	
400	38.455729	Eb3	51	62	400	33.625000	Eb3	51	80	
401	38.455729	C5	72	66	399	33.625000	C5	72	80	
402	38.583333	F3	53	61	402	33.750000	F3	53	80	
403	38.591146	C#5	73	70	401	33.750000	C#5	73	80	
404	38.712240	G#4	68	61	403	33.875000	G#4	68	80	
405	38.720052	C#3	49	48	404	33.875000	C#3	49	80	
406	38.869792	G2	43	56	406	34.000000	G2	43	80	
407	38.871094	Bb4	70	67	405	34.000000	Bb4	70	80	
408	39.007812	C#4	61	55	407	34.125000	C#4	61	80	
409	39.151042	G3	55	48	409	34.250000	G3	55	80	
410	39.164062	Eb4	63	52	408	34.250000	Eb4	63	80	
411	39.278646	F3	53	50	411	34.375000	F3	53	80	
412	39.289062	C#4	61	40	410	34.375000	C#4	61	80	
413	39.428385	G3	55	43	413	34.500000	G3	55	80	
414	39.438802	Bb4	70	58	412	34.500000	Bb4	70	80	
415	39.548177	G#3	56	53	414	34.625000	G#3	56	80	
416	39.684896	Bb3	58	50	416	34.750000	Bb3	58	80	
417	39.725260	C#4	61	50	415	34.750000	C#4	61	80	
418	39.867188	G3	55	37	417	34.875000	G3	55	80	
419	39.966146	G4	67	48	418	35.000000	G4	67	80	
420	39.986979	E3	52	45	419	35.000000	E3	52	80	
421	40.121094	G#4	68	54	420	35.125000	G#4	68	80	
422	40.148438	F3	53	39	421	35.125000	F3	53	80	
423	40.268229	G3	55	53	423	35.250000	G3	55	80	
424	40.268229	Bb4	70	58	422	35.250000	Bb4	70	80	
425	40.406250	G4	67	52	424	35.375000	G4	67	80	
426	40.408854	E3	52	50	425	35.375000	E3	52	80	
427	40.536458	G5	79	73	426	35.500000	G5	79	80	
428	40.550781	C3	48	49	427	35.500000	C3	48	80	
429	40.690104	D3	50	59	429	35.625000	D3	50	80	
430	40.690104	Bb4	70	61	428	35.625000	Bb4	70	80	
431	40.815104	E3	52	68	431	35.750000	E3	52	80	
432	40.815104	C5	72	67	430	35.750000	C5	72	80	
433	40.919271	G4	67	61	432	35.875000	G4	67	80	
434	40.945312	C3	48	67	433	35.875000	C3	48	80	
435	41.080729	F2	41	62	435	36.000000	F2	41	80	
436	41.091146	G#4	68	78	434	36.000000	G#4	68	80	
437	41.205729	G2	43	57	437	36.125000	G2	43	80	
438	41.236979	E5	76	61	436	36.125000	E5	76	80	
439	41.247396	F5	77	59	438	36.250000	F5	77	80	
440	41.339844	G#2	44	60	439	36.250000	G#2	44	80	
441	41.475260	Bb2	46	68	441	36.375000	Bb2	46	80	
442	41.488281	C#5	73	78	440	36.375000	C#5	73	80	
443	41.631510	C3	48	69	443	36.500000	C3	48	80	
444	41.640625	Bb4	70	80	442	36.500000	Bb4	70	80	
445	41.770833	D3	50	69	444	36.625000	D3	50	80	
446	41.916667	E3	52	68	446	36.750000	E3	52	80	
447	41.919271	C4	60	75	445	36.750000	C4	60	80	
448	42.044271	C3	48	61	447	36.875000	C3	48	80	
449	42.212240	C#4	61	75	448	37.000000	C#4	61	80	
450	42.251302	F3	53	54	449	37.000000	F3	53	80	
451	42.351562	C4	60	78	450	37.125000	C4	60	80	
452	42.378906	Eb3	51	66	451	37.125000	Eb3	51	80	
453	42.498698	Bb3	58	89	452	37.250000	Bb3	58	80	
454	42.510417	C#3	49	66	453	37.250000	C#3	49	80	
455	42.631510	C4	60	85	454	37.375000	C4	60	80	
456	42.632812	Eb3	51	72	455	37.375000	Eb3	51	80	
457	42.764323	F3	53	69	458	37.500000	F3	53	80	
458	42.776042	G#4	68	89	456	37.500000	G#4	68	80	
459	42.894531	Eb3	51	75	459	37.625000	Eb3	51	80	
460	43.058594	C#3	49	68	461	37.750000	C#3	49	80	
461	43.079427	F4	65	77	460	37.750000	F4	65	80	
462	43.192708	C3	48	66	462	37.875000	C3	48	80	
463	43.352865	C#3	49	75	464	38.000000	C#3	49	80	
464	43.365885	C4	60	87	463	38.000000	C4	60	80	
465	43.670573	Bb3	58	78	465	38.250000	Bb3	58	80	
466	43.779948	G#3	56	78	466	38.375000	G#3	56	80	
467	43.941406	G4	67	83	467	38.500000	G4	67	80	
468	43.971354	B3	59	66	*	-1	*	-1	-1	
469	43.985677	Bb3	58	19	468	38.500000	Bb3	58	80	
470	44.072917	C3	48	54	469	38.625000	C3	48	80	
471	44.201823	Bb2	46	57	471	38.750000	Bb2	46	80	
472	44.239583	G4	67	85	470	38.750000	G4	67	80	
473	44.325521	C#3	49	59	472	38.875000	C#3	49	80	
474	44.511719	G#3	56	82	473	39.000000	G#3	56	80	
475	44.513021	C3	48	66	474	39.000000	C3	48	80	
476	44.660156	Bb2	46	59	475	39.125000	Bb2	46	80	
477	44.791667	F4	65	73	476	39.250000	F4	65	80	
478	44.807292	G#2	44	59	478	39.250000	G#2	44	80	
479	44.907552	C3	48	65	479	39.375000	C3	48	80	
480	45.067708	Bb2	46	62	482	39.500000	Bb2	46	80	
481	45.070312	E4	64	68	480	39.500000	E4	64	80	
482	45.076823	G3	55	58	481	39.500000	G3	55	80	
483	45.210938	G#2	44	59	483	39.625000	G#2	44	80	
484	45.317708	Bb2	46	57	486	39.750000	Bb2	46	80	
485	45.360677	E4	64	56	485	39.750000	E4	64	80	
486	45.360677	G4	67	55	484	39.750000	G4	67	80	
487	45.447917	G2	43	49	487	39.875000	G2	43	80	
488	45.589844	F3	53	45	489	40.000000	F3	53	80	
489	45.602865	G#2	44	38	490	40.000000	G#2	44	80	
490	45.635417	C5	72	59	488	40.000000	C5	72	80	
491	45.772135	Bb4	70	58	491	40.125000	Bb4	70	80	
492	45.914062	C#3	49	48	493	40.250000	C#3	49	80	
493	45.920573	G#4	68	66	492	40.250000	G#4	68	80	
494	46.054688	C5	72	63	494	40.375000	C5	72	80	
495	46.203125	G2	43	66	496	40.500000	G2	43	80	
496	46.203125	Bb4	70	67	495	40.500000	Bb4	70	80	
497	46.334635	G#4	68	72	497	40.625000	G#4	68	80	
498	46.481771	G4	67	77	498	40.750000	G4	67	80	
499	46.486979	E3	52	68	499	40.750000	E3	52	80	
500	46.494792	C3	48	61	500	40.750000	C3	48	80	
501	46.623698	Bb4	70	70	501	40.875000	Bb4	70	80	
502	46.774740	F3	53	88	503	41.000000	F3	53	80	
503	46.778646	G#4	68	81	502	41.000000	G#4	68	80	
504	46.782552	F2	41	74	504	41.000000	F2	41	80	
505	46.903646	F4	65	74	505	41.125000	F4	65	80	
506	47.074219	E3	52	88	507	41.250000	E3	52	80	
507	47.079427	C#5	73	79	506	41.250000	C#5	73	80	
508	47.084635	Bb2	46	77	508	41.250000	Bb2	46	80	
509	47.196615	Bb4	70	78	509	41.375000	Bb4	70	80	
510	47.351562	C5	72	87	510	41.500000	C5	72	80	
511	47.363281	G3	55	80	*	-1	*	-1	-1	
512	47.364583	Bb2	46	75	*	-1	*	-1	-1	
513	47.367188	F3	53	74	511	41.500000	F3	53	80	
514	47.397135	G#2	44	43	512	41.500000	G#2	44	80	
515	47.472656	G#4	68	82	513	41.625000	G#4	68	80	
516	47.615885	Bb3	58	84	515	41.750000	Bb3	58	80	
517	47.618490	F#5	78	81	514	41.750000	F#5	78	80	
518	47.643229	C#3	49	49	516	41.750000	C#3	49	80	
519	47.757812	E5	76	80	517	41.875000	E5	76	80	
520	47.899740	G#3	56	68	519	42.000000	G#3	56	80	
521	47.901042	E5	76	82	518	42.000000	E5	76	80	
522	47.929688	C3	48	52	520	42.000000	C3	48	80	
523	48.036458	F5	77	88	521	42.125000	F5	77	80	
524	48.182292	G3	55	67	523	42.250000	G3	55	80	
525	48.191406	B5	83	90	522	42.250000	B5	83	80	
526	48.317708	C6	84	83	524	42.375000	C6	84	80	
527	48.319010	F3	53	67	525	42.375000	F3	53	80	
528	48.470052	F5	77	84	*	-1	*	-1	-1	
529	48.472656	G3	55	73	527	42.500000	G3	55	80	
530	48.533854	E5	76	77	526	42.500000	E5	76	80	
531	48.600260	F5	77	78	*	-1	*	-1	-1	
532	48.690104	E5	76	83	*	-1	*	-1	-1	
533	48.776042	Bb3	58	74	528	42.750000	Bb3	58	80	
534	48.880208	F5	77	91	529	42.875000	F5	77	80	
535	49.071615	F3	53	41	532	43.000000	F3	53	80	
536	49.079427	G#3	56	46	531	43.000000	G#3	56	80	
537	49.087240	F5	77	91	530	43.000000	F5	77	80	
538	49.238281	Bb3	58	71	533	43.125000	Bb3	58	80	
539	49.372396	C4	60	64	534	43.250000	C4	60	80	
540	49.509115	G#3	56	65	535	43.375000	G#3	56	80	
541	49.667969	F3	53	66	536	43.500000	F3	53	80	
542	49.777344	F#3	54	61	537	43.625000	F#3	54	80	
543	49.876302	G#3	56	53	539	43.750000	G#3	56	80	
544	49.925781	F5	77	82	538	43.750000	F5	77	80	
545	50.016927	F3	53	57	540	43.875000	F3	53	80	
546	50.207031	D3	50	44	542	44.000000	D3	50	80	
547	50.210938	B4	71	69	541	44.000000	B4	71	80	
548	50.338542	Eb3	51	55	544	44.125000	Eb3	51	80	
549	50.354167	Bb4	70	79	543	44.125000	Bb4	70	80	
550	50.489583	G#4	68	83	545	44.250000	G#4	68	80	
551	50.490885	F3	53	54	546	44.250000	F3	53	80	
552	50.604167	Bb4	70	84	547	44.375000	Bb4	70	80	
553	50.610677	D3	50	58	548	44.375000	D3	50	80	
554	50.747396	F5	77	87	549	44.500000	F5	77	80	
555	50.770833	Bb2	46	56	550	44.500000	Bb2	46	80	
556	50.890625	D3	50	56	551	44.625000	D3	50	80	
557	51.042969	F3	53	58	553	44.750000	F3	53	80	
558	51.048177	D5	74	84	552	44.750000	D5	74	80	
559	51.151042	Bb3	58	60	554	44.875000	Bb3	58	80	
560	51.322917	G#4	68	84	555	45.000000	G#4	68	80	
561	51.341146	Eb3	51	54	556	45.000000	Eb3	51	80	
562	51.479167	F#3	54	60	557	45.125000	F#3	54	80	
563	51.596354	F#4	66	81	558	45.250000	F#4	66	80	
564	51.615885	Bb3	58	62	559	45.250000	Bb3	58	80	
565	51.734375	F4	65	80	560	45.375000	F4	65	80	
566	51.736979	D4	62	56	561	45.375000	D4	62	80	
567	51.882812	F#4	66	83	562	45.500000	F#4	66	80	
568	51.906250	Eb4	63	61	563	45.500000	Eb4	63	80	
569	52.037760	F4	65	65	564	45.625000	F4	65	80	
570	52.164062	F#4	66	59	566	45.750000	F#4	66	80	
571	52.186198	Eb5	75	62	565	45.750000	Eb5	75	80	
572	52.309896	Eb4	63	53	567	45.875000	Eb4	63	80	
573	52.460938	A4	69	56	568	46.000000	A4	69	80	
574	52.470052	C4	60	52	569	46.000000	C4	60	80	
575	52.604167	C#4	61	52	571	46.125000	C#4	61	80	
576	52.604167	G#4	68	65	570	46.125000	G#4	68	80	
577	52.750000	Eb4	63	53	573	46.250000	Eb4	63	80	
578	52.751302	F#4	66	61	572	46.250000	F#4	66	80	
579	52.875000	C4	60	51	575	46.375000	C4	60	80	
580	52.876302	G#4	68	73	574	46.375000	G#4	68	80	
581	53.019531	Eb5	75	72	576	46.500000	Eb5	75	80	
582	53.065104	G#3	56	56	577	46.500000	G#3	56	80	
583	53.183594	G#2	44	53	578	46.625000	G#2	44	80	
584	53.312500	Bb2	46	48	580	46.750000	Bb2	46	80	
585	53.332031	C5	72	68	579	46.750000	C5	72	80	
586	53.417969	C3	48	59	581	46.875000	C3	48	80	
587	53.476562	G#3	56	6	*	-1	*	-1	-1	
588	53.604167	F#4	66	65	582	47.000000	F#4	66	80	
589	53.608073	C#3	49	53	583	47.000000	C#3	49	80	
590	53.748698	G#3	56	61	584	47.125000	G#3	56	80	
591	53.876302	F4	65	65	585	47.250000	F4	65	80	
592	53.891927	Bb3	58	61	586	47.250000	Bb3	58	80	
593	54.035156	Eb4	63	69	587	47.375000	Eb4	63	80	
594	54.059896	C4	60	53	588	47.375000	C4	60	80	
595	54.167969	C#4	61	52	590	47.500000	C#4	61	80	
596	54.171875	F4	65	74	589	47.500000	F4	65	80	
597	54.305990	Eb3	51	57	592	47.625000	Eb3	51	80	
598	54.308594	G#4	68	71	591	47.625000	G#4	68	80	
599	54.428385	F3	53	56	594	47.750000	F3	53	80	
600	54.441406	C#5	73	79	593	47.750000	C#5	73	80	
601	54.561198	G3	55	68	596	47.875000	G3	55	80	
602	54.582031	Eb5	75	82	595	47.875000	Eb5	75	80	
603	54.712240	F5	77	86	597	48.000000	F5	77	80	
604	54.716146	G#3	56	73	598	48.000000	G#3	56	80	
605	54.850260	Eb5	75	89	599	48.125000	Eb5	75	80	
606	54.858073	G3	55	63	600	48.125000	G3	55	80	
607	54.992188	C#5	73	84	601	48.250000	C#5	73	80	
608	54.997396	F3	53	51	602	48.250000	F3	53	80	
609	55.125000	Eb5	75	81	603	48.375000	Eb5	75	80	
610	55.132812	G3	55	61	604	48.375000	G3	55	80	
611	55.256510	G#3	56	69	607	48.500000	G#3	56	80	
612	55.263021	C6	84	91	605	48.500000	C6	84	80	
613	55.266927	C5	72	80	606	48.500000	C5	72	80	
614	55.395833	G3	55	62	608	48.625000	G3	55	80	
615	55.549479	G#5	80	86	609	48.750000	G#5	80	80	
616	55.553385	F3	53	69	610	48.750000	F3	53	80	
617	55.580729	C5	72	37	*	-1	*	-1	-1	
618	55.687500	Eb3	51	69	611	48.875000	Eb3	51	80	
619	55.852865	F3	53	72	613	49.000000	F3	53	80	
620	55.854167	Eb5	75	88	612	49.000000	Eb5	75	80	
621	55.890625	E5	76	80	*	-1	*	-1	-1	
622	56.157552	C#5	73	78	614	49.250000	C#5	73	80	
623	56.300781	C5	72	84	615	49.375000	C5	72	80	
624	56.447917	C#5	73	88	616	49.500000	C#5	73	80	
625	56.460938	Bb4	70	69	617	49.500000	Bb4	70	80	
626	56.580729	Eb3	51	65	618	49.625000	Eb3	51	80	
627	56.722656	C#3	49	49	620	49.750000	C#3	49	80	
628	56.738281	Bb5	82	87	619	49.750000	Bb5	82	80	
629	56.843750	F3	53	58	621	49.875000	F3	53	80	
630	57.001302	Eb3	51	65	623	50.000000	Eb3	51	80	
631	57.010417	C5	72	87	622	50.000000	C5	72	80	
632	57.173177	C#3	49	53	624	50.125000	C#3	49	80	
633	57.300781	C3	48	56	627	50.250000	C3	48	80	
634	57.300781	G#4	68	80	626	50.250000	G#4	68	80	
635	57.302083	G#5	80	80	625	50.250000	G#5	80	80	
636	57.407552	Eb3	51	57	628	50.375000	Eb3	51	80	
637	57.570312	Bb4	70	76	629	50.500000	Bb4	70	80	
638	57.574219	C#3	49	55	631	50.500000	C#3	49	80	
639	57.583333	G4	67	58	630	50.500000	G4	67	80	
640	57.707031	C3	48	52	632	50.625000	C3	48	80	
641	57.855469	Bb2	46	56	635	50.750000	Bb2	46	80	
642	57.859375	Bb4	70	74	634	50.750000	Bb4	70	80	
643	57.860677	G5	79	61	633	50.750000	G5	79	80	
644	57.980469	C#3	49	51	636	50.875000	C#3	49	80	
645	58.145833	Eb4	63	63	638	51.000000	Eb4	63	80	
646	58.147135	C3	48	54	639	51.000000	C3	48	80	
647	58.152344	G#4	68	66	637	51.000000	G#4	68	80	
648	58.277344	Eb4	63	60	640	51.125000	Eb4	63	80	
649	58.436198	Eb3	51	72	642	51.250000	Eb3	51	80	
650	58.444010	F4	65	70	641	51.250000	F4	65	80	
651	58.561198	G4	67	63	643	51.375000	G4	67	80	
652	58.714844	G#4	68	68	644	51.500000	G#4	68	80	
653	58.722656	F#3	54	68	645	51.500000	F#3	54	80	
654	58.856771	Bb4	70	69	646	51.625000	Bb4	70	80	
655	59.000000	C5	72	66	647	51.750000	C5	72	80	
656	59.009115	G#3	56	69	648	51.750000	G#3	56	80	
657	59.141927	G#4	68	60	649	51.875000	G#4	68	80	
658	59.319010	C#5	73	66	650	52.000000	C#5	73	80	
659	59.326823	Bb3	58	65	651	52.000000	Bb3	58	80	
660	59.446615	C5	72	71	652	52.125000	C5	72	80	
661	59.462240	G#3	56	73	653	52.125000	G#3	56	80	
662	59.597656	Bb4	70	82	654	52.250000	Bb4	70	80	
663	59.605469	F#3	54	74	655	52.250000	F#3	54	80	
664	59.725260	G#3	56	74	657	52.375000	G#3	56	80	
665	59.733073	C5	72	81	656	52.375000	C5	72	80	
666	59.868490	F4	65	78	660	52.500000	F4	65	80	
667	59.872396	C#5	73	81	658	52.500000	C#5	73	80	
668	59.884115	F3	53	58	659	52.500000	F3	53	80	
669	60.006510	C5	72	76	661	52.625000	C5	72	80	
670	60.158854	Bb4	70	79	662	52.750000	Bb4	70	80	
671	60.160156	C#4	61	82	663	52.750000	C#4	61	80	
672	60.278646	G#4	68	76	664	52.875000	G#4	68	80	
673	60.446615	Bb4	70	73	665	53.000000	Bb4	70	80	
674	60.458333	G#3	56	77	666	53.000000	G#3	56	80	
675	60.760417	F#3	54	68	667	53.250000	F#3	54	80	
676	60.877604	F3	53	68	668	53.375000	F3	53	80	
677	61.036458	Eb3	51	65	670	53.500000	Eb3	51	80	
678	61.036458	F#3	54	80	669	53.500000	F#3	54	80	
679	61.154948	G#4	68	65	671	53.625000	G#4	68	80	
680	61.328125	Eb4	63	73	673	53.750000	Eb4	63	80	
681	61.337240	F#4	66	62	672	53.750000	F#4	66	80	
682	61.449219	Bb4	70	59	674	53.875000	Bb4	70	80	
683	61.609375	F3	53	77	676	54.000000	F3	53	80	
684	61.617188	G#4	68	68	675	54.000000	G#4	68	80	
685	61.739583	F#4	66	65	677	54.125000	F#4	66	80	
686	61.890625	F4	65	64	678	54.250000	F4	65	80	
687	61.901042	C#4	61	60	679	54.250000	C#4	61	80	
688	61.904948	C#3	49	53	680	54.250000	C#3	49	80	
689	62.018229	G#4	68	61	681	54.375000	G#4	68	80	
690	62.174479	Eb3	51	66	683	54.500000	Eb3	51	80	
691	62.177083	F#4	66	61	682	54.500000	F#4	66	80	
692	62.292969	F4	65	58	685	54.625000	F4	65	80	
693	62.457031	G#2	44	42	688	54.750000	G#2	44	80	
694	62.458333	C4	60	54	687	54.750000	C4	60	80	
695	62.463542	Eb4	63	51	686	54.750000	Eb4	63	80	
696	62.584635	F#4	66	55	689	54.875000	F#4	66	80	
697	62.709635	F4	65	60	690	55.000000	F4	65	80	
698	62.727865	C#4	61	40	691	55.000000	C#4	61	80	
699	62.830729	Eb3	51	61	693	55.125000	Eb3	51	80	
700	62.984375	F3	53	59	695	55.250000	F3	53	80	
701	62.992188	G#4	68	64	694	55.250000	G#4	68	80	
702	63.130208	F#3	54	60	696	55.375000	F#3	54	80	
703	63.266927	C#5	73	72	697	55.500000	C#5	73	80	
704	63.282552	F3	53	54	698	55.500000	F3	53	80	
705	63.414062	Eb3	51	64	699	55.625000	Eb3	51	80	
706	63.544271	G#5	80	70	700	55.750000	G#5	80	80	
707	63.558594	C#3	49	57	701	55.750000	C#3	49	80	
708	63.662760	F5	77	77	702	55.875000	F5	77	80	
709	63.669271	F3	53	61	703	55.875000	F3	53	80	
710	63.807292	Bb3	58	65	705	56.000000	Bb3	58	80	
711	63.809896	C#5	73	82	704	56.000000	C#5	73	80	
712	63.930990	G#3	56	67	706	56.125000	G#3	56	80	
713	64.108073	G3	55	69	708	56.250000	G3	55	80	
714	64.115885	E5	76	77	707	56.250000	E5	76	80	
715	64.243490	C#5	73	85	709	56.375000	C#5	73	80	
716	64.256510	Bb3	58	73	710	56.375000	Bb3	58	80	
717	64.386719	C#4	61	77	712	56.500000	C#4	61	80	
718	64.390625	Bb4	70	88	711	56.500000	Bb4	70	80	
719	64.528646	B3	59	73	713	56.625000	B3	59	80	
720	64.651042	Bb3	58	69	715	56.750000	Bb3	58	80	
721	64.652344	C#5	73	83	714	56.750000	C#5	73	80	
722	64.776042	C#4	61	79	717	56.875000	C#4	61	80	
723	64.782552	Bb4	70	84	716	56.875000	Bb4	70	80	
724	64.945312	G4	67	86	718	57.000000	G4	67	80	
725	64.953125	E4	64	85	719	57.000000	E4	64	80	
726	65.273438	Bb4	70	73	720	57.250000	Bb4	70	80	
727	65.277344	Eb4	63	66	721	57.250000	Eb4	63	80	
728	65.402344	C#5	73	80	722	57.375000	C#5	73	80	
729	65.420573	C#4	61	72	723	57.375000	C#4	61	80	
730	65.555990	E5	76	77	724	57.500000	E5	76	80	
731	65.576823	B3	59	68	725	57.500000	B3	59	80	
732	65.708333	Bb3	58	65	726	57.625000	Bb3	58	80	
733	65.847656	C#5	73	70	727	57.750000	C#5	73	80	
734	65.850260	G#3	56	65	728	57.750000	G#3	56	80	
735	65.973958	G3	55	60	729	57.875000	G3	55	80	
736	66.141927	G#3	56	67	732	58.000000	G#3	56	80	
737	66.143229	Eb5	75	79	730	58.000000	Eb5	75	80	
738	66.145833	B4	71	76	731	58.000000	B4	71	80	
739	66.266927	B3	59	68	733	58.125000	B3	59	80	
740	66.421875	G#5	80	81	734	58.250000	G#5	80	80	
741	66.436198	Bb3	58	75	735	58.250000	Bb3	58	80	
742	66.559896	G#3	56	71	736	58.375000	G#3	56	80	
743	66.705729	Bb4	70	88	738	58.500000	Bb4	70	80	
744	66.710938	C#5	73	79	737	58.500000	C#5	73	80	
745	66.716146	G3	55	77	739	58.500000	G3	55	80	
746	66.861979	F3	53	68	740	58.625000	F3	53	80	
747	66.997396	Eb3	51	79	742	58.750000	Eb3	51	80	
748	67.009115	G5	79	76	741	58.750000	G5	79	80	
749	67.154948	C#3	49	63	743	58.875000	C#3	49	80	
750	67.283854	G#4	68	77	744	59.000000	G#4	68	80	
751	67.300781	B2	47	61	746	59.000000	B2	47	80	
752	67.428385	C#3	49	62	747	59.125000	C#3	49	80	
753	67.574219	G#5	80	81	748	59.250000	G#5	80	80	
754	67.587240	Eb3	51	71	749	59.250000	Eb3	51	80	
755	67.703125	G5	79	82	750	59.375000	G5	79	80	
756	67.738281	B2	47	59	751	59.375000	B2	47	80	
757	67.846354	G#5	80	88	752	59.500000	G#5	80	80	
758	67.873698	G#2	44	65	753	59.500000	G#2	44	80	
759	67.976562	Bb5	82	84	754	59.625000	Bb5	82	80	
760	68.128906	B5	83	82	755	59.750000	B5	83	80	
761	68.148438	G#3	56	71	756	59.750000	G#3	56	80	
762	68.252604	G#5	80	81	757	59.875000	G#5	80	80	
763	68.283854	F3	53	66	758	59.875000	F3	53	80	
764	68.404948	F5	77	86	759	60.000000	F5	77	80	
765	68.407552	C#3	49	71	760	60.000000	C#3	49	80	
766	68.528646	F#5	78	86	761	60.125000	F#5	78	80	
767	68.669271	G#5	80	86	762	60.250000	G#5	80	80	
768	68.673177	B3	59	72	763	60.250000	B3	59	80	
769	68.792969	F5	77	87	764	60.375000	F5	77	80	
770	68.808594	G#3	56	77	765	60.375000	G#3	56	80	
771	68.930990	C#5	73	82	766	60.500000	C#5	73	80	
772	68.940104	F3	53	75	767	60.500000	F3	53	80	
773	69.078125	Eb5	75	84	768	60.625000	Eb5	75	80	
774	69.221354	F5	77	83	769	60.750000	F5	77	80	
775	69.227865	C#3	49	57	770	60.750000	C#3	49	80	
776	69.342448	C#5	73	82	771	60.875000	C#5	73	80	
777	69.346354	Bb2	46	62	772	60.875000	Bb2	46	80	
778	69.486979	F#2	42	66	774	61.000000	F#2	42	80	
779	69.493490	Bb4	70	80	773	61.000000	Bb4	70	80	
780	69.619792	C5	72	79	775	61.125000	C5	72	80	
781	69.763021	Bb3	58	58	777	61.250000	Bb3	58	80	
782	69.772135	C#5	73	81	776	61.250000	C#5	73	80	
783	69.890625	Bb4	70	74	778	61.375000	Bb4	70	80	
784	69.915365	F#3	54	57	779	61.375000	F#3	54	80	
785	70.032552	Eb3	51	64	781	61.500000	Eb3	51	80	
786	70.058594	F#5	78	74	780	61.500000	F#5	78	80	
787	70.186198	G#5	80	78	782	61.625000	G#5	80	80	
788	70.328125	Bb5	82	80	783	61.750000	Bb5	82	80	
789	70.337240	F#3	54	64	784	61.750000	F#3	54	80	
790	70.451823	F#5	78	82	785	61.875000	F#5	78	80	
791	70.475260	Eb3	51	66	786	61.875000	Eb3	51	80	
792	70.587240	C3	48	58	788	62.000000	C3	48	80	
793	70.596354	Eb5	75	89	787	62.000000	Eb5	75	80	
794	70.730469	F5	77	81	789	62.125000	F5	77	80	
795	70.869792	F#5	78	82	790	62.250000	F#5	78	80	
796	70.875000	Bb3	58	74	791	62.250000	Bb3	58	80	
797	70.996094	Eb5	75	82	792	62.375000	Eb5	75	80	
798	71.037760	F#3	54	67	793	62.375000	F#3	54	80	
799	71.147135	C5	72	78	794	62.500000	C5	72	80	
800	71.157552	Eb3	51	73	795	62.500000	Eb3	51	80	
801	71.272135	C#5	73	80	796	62.625000	C#5	73	80	
802	71.414062	Eb5	75	80	797	62.750000	Eb5	75	80	
803	71.419271	C3	48	62	798	62.750000	C3	48	80	
804	71.539062	C5	72	80	799	62.875000	C5	72	80	
805	71.562500	G#2	44	57	800	62.875000	G#2	44	80	
806	71.679688	F2	41	71	802	63.000000	F2	41	80	
807	71.683594	G#4	68	82	801	63.000000	G#4	68	80	
808	71.832031	Bb4	70	70	803	63.125000	Bb4	70	80	
809	71.934896	G#3	56	68	805	63.250000	G#3	56	80	
810	71.957031	C5	72	77	804	63.250000	C5	72	80	
811	72.087240	G#4	68	75	806	63.375000	G#4	68	80	
812	72.089844	F3	53	54	807	63.375000	F3	53	80	
813	72.246094	C#3	49	37	809	63.500000	D3	50	80	
814	72.252604	F5	77	72	808	63.500000	F5	77	80	
815	72.371094	F#5	78	72	810	63.625000	F#5	78	80	
816	72.484375	G#5	80	77	811	63.750000	G#5	80	80	
817	72.509115	F3	53	61	812	63.750000	F3	53	80	
818	72.630208	E5	76	52	*	-1	*	-1	-1	
819	72.644531	F5	77	55	813	63.875000	F5	77	80	
820	72.691406	D3	50	54	814	63.875000	D3	50	80	
821	72.709635	D5	74	68	815	64.000000	D5	74	80	
822	72.826823	Bb2	46	49	816	64.000000	Bb2	46	80	
823	72.829427	Eb5	75	69	817	64.125000	Eb5	75	80	
824	72.960938	F5	77	66	818	64.250000	F5	77	80	
825	73.055990	G#3	56	69	819	64.250000	G#3	56	80	
826	73.083333	D5	74	67	820	64.375000	D5	74	80	
827	73.203125	F3	53	64	821	64.375000	F3	53	80	
828	73.208333	Bb4	70	70	822	64.500000	Bb4	70	80	
829	73.319010	D3	50	64	823	64.500000	D3	50	80	
830	73.345052	C5	72	71	824	64.625000	C5	72	80	
831	73.464844	D5	74	75	825	64.750000	D5	74	80	
832	73.548177	Bb2	46	57	826	64.750000	Bb2	46	80	
833	73.589844	Bb4	70	71	827	64.875000	Bb4	70	80	
834	73.670573	F#2	42	50	828	64.875000	F#2	42	80	
835	73.747396	F#4	66	65	829	65.000000	F#4	66	80	
836	73.783854	Eb2	39	54	830	65.000000	Eb2	39	80	
837	73.864583	G#4	68	68	831	65.125000	G#4	68	80	
838	74.003906	Bb4	70	61	832	65.250000	Bb4	70	80	
839	74.046875	F#3	54	56	833	65.250000	F#3	54	80	
840	74.127604	F#4	66	60	834	65.375000	F#4	66	80	
841	74.167969	Eb3	51	59	835	65.375000	Eb3	51	80	
842	74.291667	C3	48	47	837	65.500000	C3	48	80	
843	74.302083	Eb5	75	59	836	65.500000	Eb5	75	80	
844	74.404948	F5	77	66	838	65.625000	F5	77	80	
845	74.554688	F#5	78	59	839	65.750000	F#5	78	80	
846	74.559896	Eb3	51	56	840	65.750000	Eb3	51	80	
847	74.664062	Eb5	75	64	841	65.875000	Eb5	75	80	
848	74.700521	C3	48	49	842	65.875000	C3	48	80	
849	74.812500	C5	72	61	843	66.000000	C5	72	80	
850	74.832031	G#2	44	45	844	66.000000	G#2	44	80	
851	74.940104	C#5	73	61	845	66.125000	C#5	73	80	
852	75.091146	Eb5	75	62	846	66.250000	Eb5	75	80	
853	75.102865	F#3	54	47	847	66.250000	F#3	54	80	
854	75.216146	Eb3	51	53	849	66.375000	Eb3	51	80	
855	75.218750	C5	72	64	848	66.375000	C5	72	80	
856	75.348958	G#4	68	64	850	66.500000	G#4	68	80	
857	75.358073	C3	48	50	851	66.500000	C3	48	80	
858	75.480469	Bb4	70	58	852	66.625000	Bb4	70	80	
859	75.628906	C5	72	57	853	66.750000	C5	72	80	
860	75.632812	G#2	44	35	854	66.750000	G#2	44	80	
861	75.738281	F2	41	46	856	66.875000	F2	41	80	
862	75.759115	G#4	68	58	855	66.875000	G#4	68	80	
863	75.897135	F4	65	53	857	67.000000	F4	65	80	
864	75.899740	C#2	37	46	858	67.000000	C#2	37	80	
865	76.029948	F#4	66	60	859	67.125000	F#4	66	80	
866	76.162760	G#4	68	65	860	67.250000	G#4	68	80	
867	76.287760	F4	65	68	861	67.375000	F4	65	80	
868	76.444010	C#4	61	72	862	67.500000	C#4	61	80	
869	76.575521	F4	65	73	863	67.625000	F4	65	80	
870	76.705729	G#4	68	75	864	67.750000	G#4	68	80	
871	76.837240	Bb4	70	70	865	67.875000	Bb4	70	80	
872	76.976562	B4	71	81	866	68.000000	B4	71	80	
873	77.118490	Bb4	70	80	867	68.125000	Bb4	70	80	
874	77.255208	B3	59	65	869	68.250000	B3	59	80	
875	77.256510	G#4	68	80	868	68.250000	G#4	68	80	
876	77.363281	C#3	49	54	871	68.375000	C#3	49	80	
877	77.382812	Bb4	70	77	870	68.375000	Bb4	70	80	
878	77.511719	F#5	78	90	872	68.500000	F#5	78	80	
879	77.518229	Bb3	58	61	873	68.500000	Bb3	58	80	
880	77.626302	C#3	49	58	874	68.625000	C#3	49	80	
881	77.777344	G#3	56	65	876	68.750000	G#3	56	80	
882	77.791667	C#5	73	90	875	68.750000	C#5	73	80	
883	77.911458	C#3	49	55	877	68.875000	C#3	49	80	
884	78.088542	Bb4	70	87	878	69.000000	Bb4	70	80	
885	78.093750	F#3	54	59	879	69.000000	F#3	54	80	
886	78.203125	C#3	49	61	880	69.125000	C#3	49	80	
887	78.343750	G#4	68	78	881	69.250000	G#4	68	80	
888	78.361979	F3	53	68	882	69.250000	F3	53	80	
889	78.471354	F#4	66	78	883	69.375000	F#4	66	80	
890	78.502604	Eb3	51	77	884	69.375000	C#3	49	80	
891	78.623698	G#4	68	77	885	69.500000	G#4	68	80	
892	78.632812	F3	53	82	886	69.500000	F3	53	80	
893	78.743490	C#4	61	68	887	69.625000	C#4	61	80	
894	78.904948	G#2	44	70	889	69.750000	G#2	44	80	
895	78.910156	F4	65	65	888	69.750000	F4	65	80	
896	79.042969	G#4	68	71	890	69.875000	G#4	68	80	
897	79.191406	Bb4	70	73	891	70.000000	Bb4	70	80	
898	79.330729	G#4	68	74	892	70.125000	G#4	68	80	
899	79.472656	F#4	66	68	893	70.250000	F#4	66	80	
900	79.473958	Bb3	58	58	894	70.250000	Bb3	58	80	
901	79.596354	G#4	68	74	895	70.375000	G#4	68	80	
902	79.597656	C#3	49	47	896	70.375000	C#3	49	80	
903	79.733073	F5	77	81	897	70.500000	F5	77	80	
904	79.738281	G#3	56	57	898	70.500000	G#3	56	80	
905	79.859375	C#3	49	49	899	70.625000	C#3	49	80	
906	80.006510	C#5	73	79	900	70.750000	C#5	73	80	
907	80.040365	F#3	54	55	901	70.750000	F#3	54	80	
908	80.140625	C#3	49	46	902	70.875000	C#3	49	80	
909	80.298177	F3	53	51	904	71.000000	F3	53	80	
910	80.299479	G#4	68	75	903	71.000000	G#4	68	80	
911	80.428385	C#3	49	56	905	71.125000	C#3	49	80	
912	80.570312	Eb3	51	62	907	71.250000	Eb3	51	80	
913	80.571615	F#4	66	64	906	71.250000	F#4	66	80	
914	80.703125	C#3	49	59	909	71.375000	C#3	49	80	
915	80.707031	F4	65	66	908	71.375000	F4	65	80	
916	80.850260	F#4	66	64	910	71.500000	F#4	66	80	
917	80.851562	Eb3	51	71	911	71.500000	Eb3	51	80	
918	80.983073	C4	60	52	912	71.625000	C4	60	80	
919	81.140625	Eb4	63	55	913	71.750000	Eb4	63	80	
920	81.147135	G#2	44	55	914	71.750000	G#2	44	80	
921	81.277344	F#4	66	51	915	71.875000	F#4	66	80	
922	81.428385	G#4	68	56	916	72.000000	G#4	68	80	
923	81.570312	F#4	66	55	917	72.125000	F#4	66	80	
924	81.686198	G#3	56	45	919	72.250000	G#3	56	80	
925	81.718750	F4	65	51	918	72.250000	F4	65	80	
926	81.815104	G#2	44	41	921	72.375000	G#2	44	80	
927	81.848958	F#4	66	57	920	72.375000	F#4	66	80	
928	81.981771	F#3	54	53	923	72.500000	F#3	54	80	
929	81.984375	Eb5	75	68	922	72.500000	Eb5	75	80	
930	82.108073	G#2	44	46	924	72.625000	G#2	44	80	
931	82.264323	C5	72	69	925	72.750000	C5	72	80	
932	82.298177	F3	53	47	926	72.750000	F3	53	80	
933	82.419271	G#2	44	49	927	72.875000	G#2	44	80	
934	82.544271	Eb3	51	59	929	73.000000	Eb3	51	80	
935	82.558594	F#4	66	60	928	73.000000	F#4	66	80	
936	82.680990	G#2	44	44	930	73.125000	G#2	44	80	
937	82.829427	C#3	49	55	932	73.250000	C#3	49	80	
938	82.834635	F4	65	57	931	73.250000	F4	65	80	
939	82.964844	C3	48	50	934	73.375000	C3	48	80	
940	82.964844	Eb4	63	66	933	73.375000	Eb4	63	80	
941	83.095052	C#3	49	57	936	73.500000	C#3	49	80	
942	83.131510	F4	65	69	935	73.500000	F4	65	80	
943	83.231771	G#2	44	54	938	73.625000	G#2	44	80	
944	83.257812	G#4	68	71	937	73.625000	G#4	68	80	
945	83.380208	F3	53	62	940	73.750000	F3	53	80	
946	83.385417	Bb4	70	73	939	73.750000	Bb4	70	80	
947	83.515625	Eb3	51	71	942	73.875000	Eb3	51	80	
948	83.515625	C5	72	82	941	73.875000	C5	72	80	
949	83.661458	F3	53	69	944	74.000000	F3	53	80	
950	83.662760	C#5	73	80	943	74.000000	C#5	73	80	
951	83.794271	G#2	44	66	946	74.125000	G#2	44	80	
952	83.799479	Eb5	75	85	945	74.125000	Eb5	75	80	
953	83.938802	F5	77	81	947	74.250000	F5	77	80	
954	83.949219	G#3	56	70	948	74.250000	G#3	56	80	
955	84.080729	Eb5	75	87	949	74.375000	Eb5	75	80	
956	84.091146	F3	53	65	950	74.375000	F#3	54	80	
957	84.212240	G#3	56	81	952	74.500000	G#3	56	80	
958	84.223958	F#5	78	87	951	74.500000	F#5	78	80	
959	84.350260	G#2	44	69	954	74.625000	G#2	44	80	
960	84.351562	F5	77	86	953	74.625000	F5	77	80	
961	84.490885	Bb3	58	76	956	74.750000	Bb3	58	80	
962	84.493490	Eb5	75	82	955	74.750000	Eb5	75	80	
963	84.597656	C#5	73	77	957	74.875000	C#5	73	80	
964	84.598958	G#2	44	70	958	74.875000	G#2	44	80	
965	84.764323	Bb5	82	73	959	75.000000	Bb5	82	80	
966	84.772135	C4	60	79	961	75.000000	C4	60	80	
967	84.843750	G#5	80	72	962	75.062500	G#5	80	80	
968	84.903646	C#4	61	77	964	75.125000	C#4	61	80	
969	84.907552	G5	79	75	963	75.125000	G5	79	80	
970	84.994792	G#5	80	66	965	75.187500	G#5	80	80	
971	85.035156	Eb4	63	75	967	75.250000	Eb4	63	80	
972	85.048177	Bb5	82	70	966	75.250000	Bb5	82	80	
973	85.130208	G#5	80	72	968	75.312500	G#5	80	80	
974	85.170573	C4	60	71	971	75.375000	C4	60	80	
975	85.192708	Bb5	82	54	970	75.375000	Bb5	82	80	
976	85.244792	G#5	80	49	972	75.437500	G#5	80	80	
977	85.313802	Bb5	82	67	973	75.500000	Bb5	82	80	
978	85.317708	G#3	56	80	975	75.500000	G#3	56	80	
979	85.423177	Bb5	82	70	978	75.625000	Bb5	82	80	
980	85.453125	C4	60	76	979	75.625000	C4	60	80	
981	85.494792	G#5	80	59	980	75.687500	G#5	80	80	
982	85.553385	Bb5	82	65	981	75.750000	Bb5	82	80	
983	85.585938	Eb4	63	78	983	75.750000	Eb4	63	80	
984	85.630208	G#5	80	60	984	75.812500	G#5	80	80	
985	85.690104	Bb5	82	61	986	75.875000	Bb5	82	80	
986	85.707031	F4	65	74	987	75.875000	F4	65	80	
987	85.864583	F#4	66	81	989	76.000000	F#4	66	80	
988	85.977865	G#5	80	76	990	76.125000	G#5	80	80	
989	86.006510	F4	65	81	991	76.125000	F4	65	80	
990	86.145833	F#5	78	81	992	76.250000	F#5	78	80	
991	86.157552	Eb4	63	79	993	76.250000	Eb4	63	80	
992	86.281250	F4	65	74	995	76.375000	F#4	66	80	
993	86.281250	G#5	80	83	994	76.375000	G#5	80	80	
994	86.416667	C#5	73	87	997	76.500000	C#5	73	80	
995	86.420573	F5	77	86	996	76.500000	F5	77	80	
996	86.559896	G#5	80	76	998	76.625000	G#5	80	80	
997	86.699219	G#4	68	87	1000	76.750000	G#4	68	80	
998	86.721354	Eb5	75	76	999	76.750000	Eb5	75	80	
999	86.852865	G#5	80	67	1001	76.875000	G#5	80	80	
1000	86.997396	F4	65	79	1003	77.000000	F4	65	80	
1001	87.026042	C#5	73	77	1002	77.000000	C#5	73	80	
1002	87.160156	G#5	80	69	1004	77.125000	G#5	80	80	
1003	87.242188	Eb4	63	67	1006	77.250000	Eb4	63	80	
1004	87.299479	C5	72	68	1005	77.250000	C5	72	80	
1005	87.388021	C#4	61	62	1008	77.375000	C#4	61	80	
1006	87.423177	Bb4	70	72	1007	77.375000	Bb4	70	80	
1007	87.524740	Eb4	63	64	1010	77.500000	Eb4	63	80	
1008	87.558594	C5	72	74	1009	77.500000	C5	72	80	
1009	87.634115	G#3	56	56	1012	77.625000	G#3	56	80	
1010	87.688802	Eb5	75	73	1011	77.625000	Eb5	75	80	
1011	87.789062	C4	60	60	1014	77.750000	C#4	61	80	
1012	87.816406	F5	77	77	1013	77.750000	F5	77	80	
1013	87.949219	F#5	78	77	1015	77.875000	F#5	78	80	
1014	87.955729	Eb4	63	64	1016	77.875000	Eb4	63	80	
1015	88.089844	G#5	80	82	1017	78.000000	G#5	80	80	
1016	88.100260	F4	65	67	1018	78.000000	F4	65	80	
1017	88.234375	Eb4	63	69	1020	78.125000	Eb4	63	80	
1018	88.239583	F#5	78	78	1019	78.125000	F#5	78	80	
1019	88.371094	F5	77	81	1021	78.250000	F5	77	80	
1020	88.385417	C#4	61	73	1022	78.250000	C#4	61	80	
1021	88.502604	Eb4	63	75	1024	78.375000	Eb4	63	80	
1022	88.503906	G#5	80	75	1023	78.375000	G#5	80	80	
1023	88.649740	Eb5	75	79	1025	78.500000	Eb5	75	80	
1024	88.665365	C5	72	66	1026	78.500000	C5	72	80	
1025	88.781250	G#5	80	66	1027	78.625000	G#5	80	80	
1026	88.936198	G#4	68	81	1029	78.750000	G#4	68	80	
1027	88.945312	C#5	73	70	1028	78.750000	C#5	73	80	
1028	89.080729	G#5	80	67	1030	78.875000	G#5	80	80	
1029	89.235677	Eb4	63	73	1032	79.000000	Eb4	63	80	
1030	89.243490	C5	72	74	1031	79.000000	C5	72	80	
1031	89.367188	G#5	80	64	1033	79.125000	G#5	80	80	
1032	89.498698	C#4	61	63	1035	79.250000	C#4	61	80	
1033	89.522135	Bb4	70	64	1034	79.250000	Bb4	70	80	
1034	89.638021	C4	60	60	1037	79.375000	C4	60	80	
1035	89.647135	G#4	68	61	1036	79.375000	G#4	68	80	
1036	89.713542	A4	69	37	*	-1	*	-1	-1	
1037	89.764323	C#4	61	62	1039	79.500000	C#4	61	80	
1038	89.776042	Bb4	70	74	1038	79.500000	Bb4	70	80	
1039	89.891927	G#3	56	55	1041	79.625000	G#3	56	80	
1040	89.910156	C#5	73	71	1040	79.625000	C#5	73	80	
1041	90.039062	C4	60	57	1043	79.750000	C4	60	80	
1042	90.046875	Eb5	75	73	1042	79.750000	Eb5	75	80	
1043	90.182292	C#4	61	56	1045	79.875000	C#4	61	80	
1044	90.188802	F5	77	74	1044	79.875000	F5	77	80	
1045	90.315104	Eb4	63	54	1047	80.000000	Eb4	63	80	
1046	90.329427	F#5	78	64	1046	80.000000	F#5	78	80	
1047	90.454427	C#4	61	52	1049	80.125000	C#4	61	80	
1048	90.476562	F5	77	65	1048	80.125000	F5	77	80	
1049	90.589844	Eb5	75	69	1050	80.250000	Eb5	75	80	
1050	90.600260	C4	60	56	1051	80.250000	C4	60	80	
1051	90.720052	F5	77	69	1052	80.375000	F5	77	80	
1052	90.725260	C#4	61	60	1053	80.375000	C#4	61	80	
1053	90.855469	C#5	73	69	1054	80.500000	C#5	73	80	
1054	90.859375	Bb4	70	64	1055	80.500000	Bb4	70	80	
1055	90.975260	Eb5	75	64	1056	80.625000	Eb5	75	80	
1056	91.127604	C5	72	62	1057	80.750000	C5	72	80	
1057	91.131510	G4	67	61	1058	80.750000	G4	67	80	
1058	91.261719	Eb5	75	58	1059	80.875000	Eb5	75	80	
1059	91.407552	C#4	61	52	1061	81.000000	C#4	61	80	
1060	91.425781	Bb4	70	53	1060	81.000000	Bb4	70	80	
1061	91.548177	Eb5	75	52	1062	81.125000	Eb5	75	80	
1062	91.660156	C4	60	48	1064	81.250000	C4	60	80	
1063	91.666667	G#4	68	62	1063	81.250000	G#4	68	80	
1064	91.790365	Bb3	58	51	1066	81.375000	Bb3	58	80	
1065	91.803385	G4	67	57	1065	81.375000	G4	67	80	
1066	91.932292	C4	60	44	1068	81.500000	C4	60	80	
1067	91.937500	G#4	68	66	1067	81.500000	G#4	68	80	
1068	92.078125	G#3	56	55	1070	81.625000	G#3	56	80	
1069	92.082031	C5	72	69	1069	81.625000	C5	72	80	
1070	92.220052	C#5	73	72	1071	81.750000	C#5	73	80	
1071	92.225260	Bb3	58	61	1072	81.750000	Bb3	58	80	
1072	92.352865	Eb5	75	80	1073	81.875000	Eb5	75	80	
1073	92.361979	C4	60	58	1074	81.875000	C4	60	80	
1074	92.481771	F5	77	85	1075	82.000000	F5	77	80	
1075	92.492188	C#4	61	68	1076	82.000000	C#4	61	80	
1076	92.613281	F#5	78	82	1077	82.125000	F#5	78	80	
1077	92.623698	Eb4	63	71	1078	82.125000	Eb4	63	80	
1078	92.723958	G5	79	34	*	-1	*	-1	-1	
1079	92.752604	G#5	80	81	1079	82.250000	G#5	80	80	
1080	92.761719	F4	65	69	1080	82.250000	F4	65	80	
1081	92.889323	Bb5	82	77	1081	82.375000	Bb5	82	80	
1082	92.897135	Eb4	63	61	1082	82.375000	Eb4	63	80	
1083	93.033854	C5	72	77	1083	82.500000	C5	72	80	
1084	93.045573	F#4	66	71	1084	82.500000	F#4	66	80	
1085	93.171875	F4	65	69	1085	82.625000	F4	65	80	
1086	93.315104	Eb4	63	66	1087	82.750000	Eb4	63	80	
1087	93.316406	G#4	68	85	1086	82.750000	G#4	68	80	
1088	93.425781	C#4	61	62	1088	82.875000	C#4	61	80	
1089	93.589844	Bb4	70	78	1089	83.000000	Bb4	70	80	
1090	93.592448	F#4	66	56	1090	83.000000	F#4	66	80	
1091	93.721354	G#4	68	83	1091	83.125000	G#4	68	80	
1092	93.848958	F#4	66	79	1092	83.250000	F#4	66	80	
1093	93.871094	Bb3	58	55	1093	83.250000	Bb3	58	80	
1094	93.968750	G#4	68	87	1094	83.375000	G#4	68	80	
1095	93.996094	C4	60	61	1095	83.375000	C4	60	80	
1096	94.135417	F5	77	86	1096	83.500000	F5	77	80	
1097	94.145833	C#4	61	65	1097	83.500000	C#4	61	80	
1098	94.274740	C4	60	63	1098	83.625000	C4	60	80	
1099	94.421875	C#5	73	84	1099	83.750000	C#5	73	80	
1100	94.436198	Bb3	58	64	1100	83.750000	Bb3	58	80	
1101	94.552083	G#3	56	64	1101	83.875000	G#3	56	80	
1102	94.716146	G#4	68	85	1102	84.000000	G#4	68	80	
1103	94.721354	Bb3	58	70	1103	84.000000	Bb3	58	80	
1104	95.015625	F#4	66	76	1104	84.250000	F#4	66	80	
1105	95.158854	F4	65	76	1105	84.375000	F4	65	80	
1106	95.300781	F#4	66	85	1106	84.500000	F#4	66	80	
1107	95.428385	G#3	56	58	1107	84.625000	G#3	56	80	
1108	95.595052	Eb5	75	78	1108	84.750000	Eb5	75	80	
1109	95.597656	F#3	54	57	1109	84.750000	F#3	54	80	
1110	95.710938	Bb3	58	63	1110	84.875000	Bb3	58	80	
1111	95.871094	F4	65	82	1111	85.000000	F4	65	80	
1112	95.891927	G#3	56	65	1112	85.000000	G#3	56	80	
1113	96.046875	F#3	54	58	1113	85.125000	F#3	54	80	
1114	96.177083	C#5	73	75	1114	85.250000	C#5	73	80	
1115	96.184896	F3	53	59	1115	85.250000	F3	53	80	
1116	96.304688	G#3	56	62	1116	85.375000	G#3	56	80	
1117	96.462240	Eb4	63	73	1117	85.500000	Eb4	63	80	
1118	96.464844	F#3	54	62	1118	85.500000	F#3	54	80	
1119	96.592448	F3	53	58	1119	85.625000	F3	53	80	
1120	96.742188	Eb3	51	57	1121	85.750000	F#3	54	80	
1121	96.753906	C5	72	70	1120	85.750000	C5	72	80	
1122	96.867188	F#3	54	56	1122	85.875000	Eb3	51	80	
1123	97.040365	F3	53	70	1124	86.000000	F3	53	80	
1124	97.054688	C#4	61	63	1123	86.000000	C#4	61	80	
1125	97.352865	C#5	73	66	1125	86.250000	C#5	73	80	
1126	97.444010	G#3	56	52	1127	86.375000	G#3	56	80	
1127	97.483073	C5	72	73	1126	86.375000	C5	72	80	
1128	97.611979	Bb3	58	61	1129	86.500000	Bb3	58	80	
1129	97.617188	C#5	73	75	1128	86.500000	C#5	73	80	
1130	97.731771	Eb5	75	79	1130	86.625000	Eb5	75	80	
1131	97.742188	C4	60	60	1131	86.625000	C4	60	80	
1132	97.881510	F5	77	83	1132	86.750000	F5	77	80	
1133	97.889323	C#4	61	73	1133	86.750000	C#4	61	80	
1134	98.005208	Eb4	63	69	1136	86.875000	Eb4	63	80	
1135	98.006510	F#5	78	81	1135	86.875000	F#5	78	80	
1136	98.164062	G#5	80	81	1137	87.000000	G#5	80	80	
1137	98.183594	F4	65	76	1138	87.000000	F4	65	80	
1138	98.302083	F#5	78	87	1139	87.125000	F#5	78	80	
1139	98.319010	Eb4	63	78	1140	87.125000	Eb4	63	80	
1140	98.445312	F5	77	89	1141	87.250000	F5	77	80	
1141	98.457031	C#4	61	78	1142	87.250000	C#4	61	80	
1142	98.569010	F#5	78	89	1143	87.375000	F#5	78	80	
1143	98.582031	Eb4	63	75	1144	87.375000	Eb4	63	80	
1144	98.713542	G#5	80	89	1145	87.500000	G#5	80	80	
1145	98.729167	C5	72	82	1146	87.500000	C5	72	80	
1146	98.736979	C4	60	60	1147	87.500000	C4	60	80	
1147	98.854167	F#5	78	87	1148	87.625000	F#5	78	80	
1148	99.002604	F5	77	85	1149	87.750000	F5	77	80	
1149	99.014323	G#4	68	82	1150	87.750000	G#4	68	80	
1150	99.151042	Eb5	75	78	1151	87.875000	Eb5	75	80	
1151	99.304688	F5	77	84	1152	88.000000	F5	77	80	
1152	99.317708	Eb4	63	74	1153	88.000000	Eb4	63	80	
1153	99.604167	C#4	61	66	1154	88.250000	C#4	61	80	
1154	99.716146	C4	60	70	1155	88.375000	C4	60	80	
1155	99.859375	C#4	61	78	1157	88.500000	C#4	61	80	
1156	99.867188	Bb3	58	56	1156	88.500000	Bb3	58	80	
1157	100.054688	Eb5	75	61	1158	88.625000	Eb5	75	80	
1158	100.171875	Bb4	70	74	1160	88.750000	Bb4	70	80	
1159	100.201823	C#5	73	71	1159	88.750000	C#5	73	80	
1160	100.328125	F5	77	67	1161	88.875000	F5	77	80	
1161	100.464844	C4	60	79	1163	89.000000	C4	60	80	
1162	100.466146	Eb5	75	73	1162	89.000000	Eb5	75	80	
1163	100.595052	C#5	73	73	1164	89.125000	C#5	73	80	
1164	100.735677	C5	72	73	1165	89.250000	C5	72	80	
1165	100.743490	G#4	68	67	1167	89.250000	G#4	68	80	
1166	100.756510	G#3	56	51	1166	89.250000	G#3	56	80	
1167	100.871094	Eb5	75	70	1168	89.375000	Eb5	75	80	
1168	101.011719	Bb3	58	73	1170	89.500000	Bb3	58	80	
1169	101.014323	C#5	73	75	1169	89.500000	C#5	73	80	
1170	101.147135	C5	72	78	1172	89.625000	C5	72	80	
1171	101.296875	C#5	73	73	1173	89.750000	C#5	73	80	
1172	101.307292	G4	67	72	1175	89.750000	G4	67	80	
1173	101.312500	Eb3	51	63	1174	89.750000	Eb3	51	80	
1174	101.429688	Bb4	70	79	1176	89.875000	Bb4	70	80	
1175	101.572917	G#3	56	76	1178	90.000000	G#3	56	80	
1176	101.582031	C5	72	84	1177	90.000000	C5	72	80	
1177	101.871094	G#4	68	76	1181	90.250000	G#4	68	80	
1178	101.877604	Eb5	75	80	1180	90.250000	Eb5	75	80	
1179	101.989583	F#4	66	76	1182	90.375000	G4	67	80	
1180	102.147135	F#5	78	82	1183	90.500000	F#5	78	80	
1181	102.156250	G#4	68	86	1184	90.500000	G#4	68	80	
1182	102.304688	Bb4	70	63	1185	90.625000	Bb4	70	80	
1183	102.434896	C5	72	73	1186	90.750000	C5	72	80	
1184	102.438802	G#3	56	72	1187	90.750000	G#3	56	80	
1185	102.567708	F#5	78	35	*	-1	*	-1	-1	
1186	102.578125	G#4	68	67	1188	90.875000	G#4	68	80	
1187	102.723958	Bb3	58	57	1190	91.000000	Bb3	58	80	
1188	102.730469	C#5	73	72	1189	91.000000	C#5	73	80	
1189	102.858073	C5	72	81	1191	91.125000	C5	72	80	
1190	102.875000	G#3	56	70	1192	91.125000	G#3	56	80	
1191	103.003906	Bb4	70	85	1193	91.250000	Bb4	70	80	
1192	103.011719	F#3	54	77	1194	91.250000	F#3	54	80	
1193	103.131510	G#3	56	77	1196	91.375000	G#3	56	80	
1194	103.151042	C5	72	81	1195	91.375000	C5	72	80	
1195	103.283854	F5	77	84	1197	91.500000	F5	77	80	
1196	103.286458	F4	65	73	1199	91.500000	F4	65	80	
1197	103.286458	C#5	73	82	1198	91.500000	C#5	73	80	
1198	103.429688	C5	72	65	1200	91.625000	C5	72	80	
1199	103.570312	C#4	61	80	1202	91.750000	C#4	61	80	
1200	103.615885	Bb4	70	69	1201	91.750000	Bb4	70	80	
1201	103.722656	G#4	68	62	1203	91.875000	G#4	68	80	
1202	103.864583	G#3	56	83	1205	92.000000	G#3	56	80	
1203	103.878906	Bb4	70	70	1204	92.000000	Bb4	70	80	
1204	104.164062	F#3	54	67	1206	92.250000	F#3	54	80	
1205	104.291667	F3	53	66	1207	92.375000	F3	53	80	
1206	104.447917	F#3	54	85	1209	92.500000	F#3	54	80	
1207	104.464844	Eb5	75	80	1208	92.500000	Eb5	75	80	
1208	104.571615	G#4	68	61	1210	92.625000	G#4	68	80	
1209	104.744792	Eb4	63	76	1212	92.750000	Eb4	63	80	
1210	104.753906	F#4	66	62	1211	92.750000	F#4	66	80	
1211	104.871094	Bb4	70	64	1213	92.875000	Bb4	70	80	
1212	105.037760	G#4	68	70	1214	93.000000	G#4	68	80	
1213	105.040365	F3	53	82	1215	93.000000	F3	53	80	
1214	105.169271	F#4	66	60	1216	93.125000	F#4	66	80	
1215	105.319010	C#4	61	65	1219	93.250000	C#4	61	80	
1216	105.321615	F4	65	74	1218	93.250000	F4	65	80	
1217	105.321615	C#5	73	76	1217	93.250000	C#5	73	80	
1218	105.503906	G#4	68	43	1220	93.375000	G#4	68	80	
1219	105.605469	Eb3	51	67	1223	93.500000	Eb3	51	80	
1220	105.609375	F#4	66	73	1222	93.500000	F#4	66	80	
1221	105.618490	C5	72	77	1221	93.500000	C5	72	80	
1222	105.746094	F4	65	65	1224	93.625000	F4	65	80	
1223	105.877604	C4	60	56	1227	93.750000	C4	60	80	
1224	105.886719	Eb5	75	76	1225	93.750000	Eb5	75	80	
1225	105.890625	F#4	66	45	1226	93.750000	F#4	66	80	
1226	106.000000	Eb4	63	70	1228	93.875000	Eb4	63	80	
1227	106.130208	C#3	49	47	1230	94.000000	C#3	49	80	
1228	106.173177	F4	65	71	1229	94.000000	F4	65	80	
1229	106.285156	G#2	44	51	1231	94.125000	G#2	44	80	
1230	106.417969	C#3	49	54	1233	94.250000	C#3	49	80	
1231	106.454427	G#4	68	68	1232	94.250000	G#4	68	80	
1232	106.541667	Eb3	51	62	1234	94.375000	Eb3	51	80	
1233	106.733073	C#5	73	80	1235	94.500000	C#5	73	80	
1234	106.742188	F3	53	52	1236	94.500000	F3	53	80	
1235	106.899740	F#3	54	57	1237	94.625000	F#3	54	80	
1236	107.020833	B4	71	72	1238	94.750000	B4	71	80	
1237	107.052083	G#3	56	59	1239	94.750000	G#3	56	80	
1238	107.190104	F3	53	51	1240	94.875000	F3	53	80	
1239	107.309896	Bb4	70	73	1241	95.000000	Bb4	70	80	
1240	107.326823	F#3	54	61	1242	95.000000	F#3	54	80	
1241	107.459635	F#2	42	59	1243	95.125000	F#2	42	80	
1242	107.598958	F#3	54	64	1245	95.250000	F#3	54	80	
1243	107.602865	C#4	61	62	1244	95.250000	C#4	61	80	
1244	107.729167	F3	53	57	1246	95.375000	F3	53	80	
1245	107.885417	F#3	54	56	1248	95.500000	F#3	54	80	
1246	107.885417	F#4	66	72	1247	95.500000	F#4	66	80	
1247	108.019531	G#3	56	60	1249	95.625000	G#3	56	80	
1248	108.160156	Bb3	58	61	1251	95.750000	Bb3	58	80	
1249	108.174479	F4	65	65	1250	95.750000	F4	65	80	
1250	108.216146	Bb4	70	23	*	-1	*	-1	-1	
1251	108.299479	F#3	54	51	1252	95.875000	F#3	54	80	
1252	108.451823	Eb3	51	56	1254	96.000000	Eb3	51	80	
1253	108.460938	F#4	66	74	1253	96.000000	F#4	66	80	
1254	108.592448	F3	53	53	1255	96.125000	F3	53	80	
1255	108.725260	F#3	54	58	1257	96.250000	F#3	54	80	
1256	108.752604	Bb4	70	68	1256	96.250000	Bb4	70	80	
1257	108.864583	Eb3	51	65	1259	96.375000	Eb3	51	80	
1258	108.872396	F#4	66	72	1258	96.375000	F#4	66	80	
1259	109.005208	C3	48	55	1261	96.500000	C3	48	80	
1260	109.031250	Eb4	63	74	1260	96.500000	Eb4	63	80	
1261	109.143229	C#3	49	56	1262	96.625000	C#3	49	80	
1262	109.287760	Eb3	51	64	1264	96.750000	Eb3	51	80	
1263	109.304688	F#4	66	61	1263	96.750000	F#4	66	80	
1264	109.437500	C3	48	53	1266	96.875000	C3	48	80	
1265	109.446615	Eb4	63	66	1265	96.875000	Eb4	63	80	
1266	109.593750	F2	41	55	1268	97.000000	F2	41	80	
1267	109.609375	G#3	56	68	1267	97.000000	G#3	56	80	
1268	109.894531	Eb4	63	70	1269	97.250000	Eb4	63	80	
1269	109.906250	F3	53	56	1270	97.250000	F3	53	80	
1270	110.027344	Eb3	51	54	1271	97.375000	Eb3	51	80	
1271	110.197917	G#4	68	81	1272	97.500000	G#4	68	80	
1272	110.218750	F3	53	52	1273	97.500000	F3	53	80	
1273	110.330729	F#3	54	67	1274	97.625000	F#3	54	80	
1274	110.475260	G#3	56	60	1276	97.750000	G#3	56	80	
1275	110.480469	C4	60	65	1275	97.750000	C4	60	80	
1276	110.610677	F3	53	53	1277	97.875000	F3	53	80	
1277	110.768229	F4	65	71	1278	98.000000	F4	65	80	
1278	110.773438	D3	50	46	1279	98.000000	D3	50	80	
1279	110.897135	Eb3	51	63	1280	98.125000	Eb3	51	80	
1280	111.061198	F3	53	57	1282	98.250000	F3	53	80	
1281	111.074219	G#4	68	67	1281	98.250000	G#4	68	80	
1282	111.194010	D3	50	56	1284	98.375000	D3	50	80	
1283	111.201823	F4	65	66	1283	98.375000	F4	65	80	
1284	111.339844	D4	62	64	1285	98.500000	D4	62	80	
1285	111.351562	Bb2	46	50	1286	98.500000	Bb2	46	80	
1286	111.505208	C3	48	50	1287	98.625000	C3	48	80	
1287	111.614583	D3	50	52	1289	98.750000	D3	50	80	
1288	111.651042	F4	65	56	1288	98.750000	F4	65	80	
1289	111.759115	Bb2	46	46	1291	98.875000	Bb2	46	80	
1290	111.763021	D4	62	55	1290	98.875000	D4	62	80	
1291	111.929688	F#3	54	60	1292	99.000000	F#3	54	80	
1292	111.930990	Eb2	39	45	1293	99.000000	Eb2	39	80	
1293	112.204427	Bb3	58	58	1294	99.250000	Bb3	58	80	
1294	112.208333	Eb3	51	53	1295	99.250000	Eb3	51	80	
1295	112.325521	D3	50	48	1296	99.375000	D3	50	80	
1296	112.481771	Eb3	51	48	1298	99.500000	Eb3	51	80	
1297	112.503906	F#4	66	66	1297	99.500000	F#4	66	80	
1298	112.638021	F3	53	48	1299	99.625000	F3	53	80	
1299	112.777344	Bb3	58	59	1300	99.750000	Bb3	58	80	
1300	112.778646	F#3	54	55	1301	99.750000	F#3	54	80	
1301	112.902344	Eb3	51	57	1302	99.875000	Eb3	51	80	
1302	113.079427	C3	48	48	1304	100.000000	C3	48	80	
1303	113.079427	Eb4	63	62	1303	100.000000	Eb4	63	80	
1304	113.207031	C#3	49	56	1306	100.125000	C#3	49	80	
1305	113.216146	F4	65	67	1305	100.125000	F4	65	80	
1306	113.335938	Eb3	51	61	1308	100.250000	Eb3	51	80	
1307	113.360677	F#4	66	71	1307	100.250000	F#4	66	80	
1308	113.483073	C3	48	48	1310	100.375000	C3	48	80	
1309	113.502604	Eb4	63	68	1309	100.375000	Eb4	63	80	
1310	113.626302	G#2	44	49	1312	100.500000	G#2	44	80	
1311	113.638021	Eb5	75	80	1311	100.500000	Eb5	75	80	
1312	113.764323	Bb2	46	52	1314	100.625000	Bb2	46	80	
1313	113.804688	F#4	66	69	1313	100.625000	F#4	66	80	
1314	113.895833	C3	48	61	1316	100.750000	C3	48	80	
1315	113.933594	G#4	68	68	1315	100.750000	G#4	68	80	
1316	114.032552	G#2	44	58	1318	100.875000	G#2	44	80	
1317	114.055990	Eb4	63	68	1317	100.875000	Eb4	63	80	
1318	114.182292	C#2	37	63	1320	101.000000	C#2	37	80	
1319	114.221354	E4	64	47	*	-1	*	-1	-1	
1320	114.222656	F4	65	49	1319	101.000000	F4	65	80	
1321	114.326823	C#5	73	66	1321	101.125000	C#5	73	80	
1322	114.437500	C#3	49	73	1323	101.250000	C#3	49	80	
1323	114.473958	C5	72	75	1322	101.250000	C5	72	80	
1324	114.579427	Eb3	51	72	1325	101.375000	Eb3	51	80	
1325	114.582031	Eb5	75	77	1324	101.375000	Eb5	75	80	
1326	114.721354	C#5	73	77	1326	101.500000	C#5	73	80	
1327	114.733073	F3	53	81	1327	101.500000	F3	53	80	
1328	114.863281	G#4	68	75	1328	101.625000	G#4	68	80	
1329	115.016927	Bb4	70	73	1329	101.750000	Bb4	70	80	
1330	115.046875	C#4	61	72	1330	101.750000	C#4	61	80	
1331	115.052083	C#3	49	44	1331	101.750000	C#3	49	80	
1332	115.170573	B4	71	74	1332	101.875000	B4	71	80	
1333	115.311198	F#3	54	57	1334	102.000000	F#3	54	80	
1334	115.313802	Bb4	70	76	1333	102.000000	Bb4	70	80	
1335	115.450521	G#4	68	82	1335	102.125000	G#4	68	80	
1336	115.466146	C4	60	64	1336	102.125000	C4	60	80	
1337	115.583333	F#4	66	85	1337	102.250000	F#4	66	80	
1338	115.600260	Bb3	58	68	1338	102.250000	Bb3	58	80	
1339	115.713542	G#4	68	85	1339	102.375000	G#4	68	80	
1340	115.723958	C4	60	74	1340	102.375000	C4	60	80	
1341	115.858073	F5	77	91	1341	102.500000	F5	77	80	
1342	115.885417	F3	53	64	1343	102.500000	F3	53	80	
1343	115.888021	C#4	61	74	1342	102.500000	C#4	61	80	
1344	116.013021	C4	60	72	1344	102.625000	C4	60	80	
1345	116.165365	C#5	73	84	1345	102.750000	C#5	73	80	
1346	116.180990	Bb3	58	59	1346	102.750000	Bb3	58	80	
1347	116.316406	G#3	56	58	1347	102.875000	G#3	56	80	
1348	116.464844	G#4	68	90	1348	103.000000	G#4	68	80	
1349	116.485677	Bb3	58	45	1349	103.000000	Bb3	58	80	
1350	116.492188	Eb3	51	58	1350	103.000000	Eb3	51	80	
1351	116.764323	F#4	66	80	1351	103.250000	F#4	66	80	
1352	116.765625	C#3	49	48	1352	103.250000	C#3	49	80	
1353	116.894531	F4	65	80	1353	103.375000	F4	65	80	
1354	117.052083	F#4	66	86	1354	103.500000	F#4	66	80	
1355	117.053385	C3	48	63	1355	103.500000	C3	48	80	
1356	117.188802	G#3	56	62	1356	103.625000	G#3	56	80	
1357	117.324219	F#3	54	60	1358	103.750000	F#3	54	80	
1358	117.332031	Eb5	75	83	1357	103.750000	Eb5	75	80	
1359	117.451823	Bb3	58	63	1359	103.875000	Bb3	58	80	
1360	117.604167	F4	65	82	1360	104.000000	F4	65	80	
1361	117.609375	C#3	49	61	1362	104.000000	C#3	49	80	
1362	117.618490	G#3	56	72	1361	104.000000	G#3	56	80	
1363	117.764323	F#3	54	66	1363	104.125000	F#3	54	80	
1364	117.906250	C#5	73	77	1364	104.250000	C#5	73	80	
1365	117.910156	F3	53	63	1365	104.250000	F3	53	80	
1366	118.007812	G#3	56	68	1366	104.375000	G#3	56	80	
1367	118.170573	F#3	54	68	1368	104.500000	F#3	54	80	
1368	118.191406	G#2	44	58	1369	104.500000	G#2	44	80	
1369	118.194010	Eb4	63	76	1367	104.500000	Eb4	63	80	
1370	118.290365	F3	53	64	1370	104.625000	F3	53	80	
1371	118.462240	C5	72	71	1371	104.750000	C5	72	80	
1372	118.472656	Eb3	51	62	1372	104.750000	Eb3	51	80	
1373	118.574219	F#3	54	58	1373	104.875000	F#3	54	80	
1374	118.733073	C#4	61	71	1374	105.000000	C#4	61	80	
1375	118.738281	Bb2	46	54	1376	105.000000	Bb2	46	80	
1376	118.753906	F3	53	56	1375	105.000000	F3	53	80	
1377	118.888021	F4	65	64	1377	105.125000	F4	65	80	
1378	118.902344	G#3	56	63	1378	105.125000	G#3	56	80	
1379	119.010417	F#4	66	66	1379	105.250000	F#4	66	80	
1380	119.019531	Bb3	58	64	1380	105.250000	Bb3	58	80	
1381	119.148438	G#4	68	74	1381	105.375000	G#4	68	80	
1382	119.173177	C4	60	57	1382	105.375000	C4	60	80	
1383	119.286458	Bb4	70	73	1383	105.500000	Bb4	70	80	
1384	119.298177	C#4	61	66	1384	105.500000	C#4	61	80	
1385	119.414062	C5	72	75	1385	105.625000	C5	72	80	
1386	119.430990	C4	60	60	1386	105.625000	C4	60	80	
1387	119.555990	C#5	73	78	1387	105.750000	C#5	73	80	
1388	119.561198	Bb3	58	61	1388	105.750000	Bb3	58	80	
1389	119.674479	Eb5	75	84	1389	105.875000	Eb5	75	80	
1390	119.704427	G#3	56	62	1390	105.875000	G#3	56	80	
1391	119.821615	E5	76	83	1391	106.000000	E5	76	80	
1392	119.842448	G3	55	64	1392	106.000000	G3	55	80	
1393	119.955729	Eb5	75	89	1393	106.125000	Eb5	75	80	
1394	119.981771	G#3	56	69	1394	106.125000	G#3	56	80	
1395	120.106771	C#5	73	88	1395	106.250000	C#5	73	80	
1396	120.125000	Bb3	58	64	1396	106.250000	Bb3	58	80	
1397	120.225260	G3	55	66	1398	106.375000	G3	55	80	
1398	120.233073	Eb5	75	93	1397	106.375000	Eb5	75	80	
1399	120.371094	Eb3	51	70	1400	106.500000	Eb3	51	80	
1400	120.373698	E5	76	90	1399	106.500000	E5	76	80	
1401	120.500000	G5	79	87	1401	106.625000	G5	79	80	
1402	120.514323	C#3	49	58	1402	106.625000	C#3	49	80	
1403	120.626302	C3	48	59	1404	106.750000	C3	48	80	
1404	120.640625	G#5	80	87	1403	106.750000	G#5	80	80	
1405	120.763021	Bb5	82	87	1405	106.875000	Bb5	82	80	
1406	120.855469	Bb2	46	26	1406	106.875000	Bb2	46	80	
1407	120.897135	G#2	44	59	1408	107.000000	G#2	44	80	
1408	120.902344	C#5	73	87	1407	107.000000	C#5	73	80	
1409	121.035156	C5	72	80	1409	107.125000	C5	72	80	
1410	121.048177	Eb3	51	64	1410	107.125000	Eb3	51	80	
1411	121.178385	F3	53	64	1412	107.250000	F3	53	80	
1412	121.183594	Bb4	70	84	1411	107.250000	Bb4	70	80	
1413	121.298177	G#4	68	85	1413	107.375000	G#4	68	80	
1414	121.335938	F#3	54	64	1414	107.375000	F#3	54	80	
1415	121.453125	Eb5	75	90	1415	107.500000	Eb5	75	80	
1416	121.463542	G#3	56	71	1416	107.500000	G#3	56	80	
1417	121.600260	Bb3	58	77	1417	107.625000	Bb3	58	80	
1418	121.735677	F#4	66	91	1418	107.750000	F#4	66	80	
1419	121.751302	C4	60	76	1419	107.750000	C4	60	80	
1420	121.876302	G#3	56	73	1420	107.875000	G#3	56	80	
1421	122.052083	C#4	61	84	1422	108.000000	C#4	61	80	
1422	122.059896	F4	65	96	1421	108.000000	F4	65	80	
1423	122.389323	F2	41	81	1426	108.250000	F2	41	80	
1424	122.389323	C#4	61	92	1423	108.250000	C#4	61	80	
1425	122.391927	C#5	73	86	1425	108.250000	C#5	73	80	
1426	122.446615	G#4	68	13	1424	108.250000	G#4	68	80	
1427	122.752604	F#2	42	78	1431	108.500000	F#2	42	80	
1428	122.753906	Eb4	63	93	1427	108.500000	Eb4	63	80	
1429	122.759115	Bb4	70	87	1429	108.500000	Bb4	70	80	
1430	123.205729	C5	72	92	1432	108.750000	C5	72	80	
1431	123.212240	G#2	44	71	1435	108.750000	G#2	44	80	
1432	123.226562	F#4	66	54	1433	108.750000	F#4	66	80	
1433	123.855469	C#5	73	94	1436	109.000000	C#5	73	80	
1434	123.869792	C#2	37	61	1440	109.000000	C#2	37	80	
1435	123.873698	C#4	61	75	1437	109.000000	C#4	61	80	
1436	123.876302	F4	65	72	1438	109.000000	F4	65	80	
1437	123.882812	G#4	68	66	1439	109.000000	G#4	68	80	
*	-1	*	-1	-1	295	25.500000	Bb3	58	80	
*	-1	*	-1	-1	457	37.500000	G#4	68	80	
*	-1	*	-1	-1	477	39.250000	F4	65	80	
*	-1	*	-1	-1	684	54.500000	Eb3	51	80	
*	-1	*	-1	-1	692	55.000000	C#3	49	80	
*	-1	*	-1	-1	745	59.000000	G#4	68	80	
*	-1	*	-1	-1	960	75.000000	Bb5	82	80	
*	-1	*	-1	-1	969	75.375000	G#5	80	80	
*	-1	*	-1	-1	974	75.500000	Bb5	82	80	
*	-1	*	-1	-1	977	75.625000	G#5	80	80	
*	-1	*	-1	-1	982	75.750000	Bb5	82	80	
*	-1	*	-1	-1	985	75.875000	G#5	80	80	
*	-1	*	-1	-1	988	75.937500	G#5	80	80	
*	-1	*	-1	-1	1134	86.750000	C#4	61	80	
*	-1	*	-1	-1	1171	89.500000	Bb3	58	80	
*	-1	*	-1	-1	1179	90.000000	G#3	56	80	
*	-1	*	-1	-1	1428	108.500000	F#4	66	80	
*	-1	*	-1	-1	1430	108.500000	Eb4	63	80	
*	-1	*	-1	-1	1434	108.750000	G#4	68	80	
*	-1	*	-1	-1	976	75.562500	G#5	80	80	
