// alignID alignOntime alignSitch alignPitch alignOnvel refID refOntime refSitch refPitch refOnvel
0	0.500000	G#4	68	62	0	0.750000	G#4	68	80	
1	0.855208	Bb4	70	60	1	1.000000	Bb4	70	80	
2	1.014583	G#4	68	70	2	1.125000	G#4	68	80	
3	1.191667	F#4	66	72	3	1.250000	F#4	66	80	
4	1.331250	G#4	68	73	4	1.375000	G#4	68	80	
5	1.520833	F5	77	74	5	1.500000	F5	77	80	
6	1.870833	C#5	73	65	6	1.750000	C#5	73	80	
7	2.229167	G#4	68	61	7	2.000000	G#4	68	80	
8	2.608333	F#4	66	57	8	2.250000	F#4	66	80	
9	2.759375	F4	65	46	9	2.375000	F4	65	80	
10	2.928125	F#4	66	59	10	2.500000	F#4	66	80	
11	3.287500	Eb5	75	61	11	2.750000	Eb5	75	80	
12	3.642708	F4	65	52	12	3.000000	F4	65	80	
13	4.004167	C#5	73	57	13	3.250000	C#5	73	80	
14	4.375000	Eb4	63	58	14	3.500000	Eb4	63	80	
15	4.735417	C5	72	55	15	3.750000	C5	72	80	
16	5.088542	C#4	61	49	16	4.000000	C#4	61	80	
17	5.423958	C#5	73	56	17	4.250000	C#5	73	80	
18	5.584375	C5	72	67	18	4.375000	C5	72	80	
19	5.767708	C#5	73	71	19	4.500000	C#5	73	80	
20	5.919792	Eb5	75	72	20	4.625000	Eb5	75	80	
21	6.084375	F5	77	75	21	4.750000	F5	77	80	
22	6.091667	C#4	61	78	22	4.750000	C#4	61	80	
23	6.243750	F#5	78	75	23	4.875000	F#5	78	80	
24	6.416667	F4	65	71	25	5.000000	F4	65	80	
25	6.422917	G#5	80	78	24	5.000000	G#5	80	80	
26	6.545833	Eb4	63	78	27	5.125000	Eb4	63	80	
27	6.582292	G5	79	78	26	5.125000	G5	79	80	
28	6.706250	C#4	61	68	29	5.250000	C#4	61	80	
29	6.734375	F5	77	76	28	5.250000	F5	77	80	
30	6.867708	Eb4	63	78	31	5.375000	Eb4	63	80	
31	6.881250	G5	79	82	30	5.375000	G5	79	80	
32	7.047917	C5	72	87	33	5.500000	C5	72	80	
33	7.068750	G#5	80	74	32	5.500000	G#5	80	80	
34	7.217708	F#5	78	65	34	5.625000	F#5	78	80	
35	7.385417	G#4	68	80	36	5.750000	G#4	68	80	
36	7.394792	F5	77	66	35	5.750000	F5	77	80	
37	7.545833	Eb5	75	70	37	5.875000	Eb5	75	80	
38	7.723958	F5	77	67	38	6.000000	F5	77	80	
39	7.731250	Eb4	63	65	39	6.000000	Eb4	63	80	
40	8.081250	C#4	61	64	40	6.250000	C#4	61	80	
41	8.218750	C4	60	69	41	6.375000	C4	60	80	
42	8.402083	C#4	61	73	42	6.500000	C#4	61	80	
43	8.551042	Eb5	75	67	43	6.625000	Eb5	75	80	
44	8.725000	Bb4	70	85	45	6.750000	Bb4	70	80	
45	8.736458	C#5	73	62	44	6.750000	C#5	73	80	
46	8.885417	F5	77	59	46	6.875000	F5	77	80	
47	9.061458	C4	60	74	48	7.000000	C4	60	80	
48	9.073958	Eb5	75	62	47	7.000000	Eb5	75	80	
49	9.226042	C#5	73	55	49	7.125000	C#5	73	80	
50	9.388542	G#4	68	78	51	7.250000	G#4	68	80	
51	9.405208	C5	72	63	50	7.250000	C5	72	80	
52	9.559375	Eb5	75	61	52	7.375000	Eb5	75	80	
53	9.742708	Bb3	58	65	54	7.500000	Bb3	58	80	
54	9.763542	C#5	73	53	53	7.500000	C#5	73	80	
55	9.904167	C5	72	56	55	7.625000	C5	72	80	
56	10.073958	G4	67	61	57	7.750000	G4	67	80	
57	10.083333	C#5	73	64	56	7.750000	C#5	73	80	
58	10.235417	Bb4	70	63	58	7.875000	Bb4	70	80	
59	10.400000	G#3	56	53	60	8.000000	G#3	56	80	
60	10.407292	C5	72	62	61	8.125000	C5	72	80	
61	10.737500	Eb5	75	80	62	8.250000	Eb5	75	80	
62	10.743750	G#4	68	71	63	8.250000	G#4	68	80	
63	10.888542	G4	67	64	64	8.375000	G4	67	80	
64	11.045833	G#4	68	81	66	8.500000	G#4	68	80	
65	11.052083	F#5	78	83	65	8.500000	F#5	78	80	
66	11.203125	Bb4	70	68	67	8.625000	Bb4	70	80	
67	11.369792	G#3	56	80	69	8.750000	G#3	56	80	
68	11.381250	C5	72	74	68	8.750000	C5	72	80	
69	11.525000	G#4	68	76	70	8.875000	G#4	68	80	
70	11.694792	C#5	73	72	71	9.000000	C#5	73	80	
71	11.711458	Bb3	58	75	72	9.000000	Bb3	58	80	
72	11.834375	G#3	56	81	74	9.125000	G#3	56	80	
73	11.845833	C5	72	76	73	9.125000	C5	72	80	
74	11.988542	F#3	54	72	76	9.250000	F#3	54	80	
75	12.007292	Bb4	70	77	75	9.250000	Bb4	70	80	
76	12.150000	G#3	56	76	78	9.375000	G#3	56	80	
77	12.158333	C5	72	82	77	9.375000	C5	72	80	
78	12.331250	F5	77	76	79	9.500000	F5	77	80	
79	12.332292	F4	65	77	81	9.500000	F4	65	80	
80	12.344792	C#5	73	77	80	9.500000	C#5	73	80	
81	12.488542	C5	72	77	82	9.625000	C5	72	80	
82	12.651042	C#4	61	77	84	9.750000	C#4	61	80	
83	12.659375	Bb4	70	74	83	9.750000	Bb4	70	80	
84	12.797917	G#4	68	71	85	9.875000	G#4	68	80	
85	12.983333	G#3	56	73	87	10.000000	G#3	56	80	
86	12.983333	Bb4	70	77	86	10.000000	Bb4	70	80	
87	13.310417	F#3	54	66	88	10.250000	F#3	54	80	
88	13.453125	F3	53	71	89	10.375000	F3	53	80	
89	13.621875	Eb5	75	75	90	10.500000	Eb5	75	80	
90	13.642708	F#3	54	78	91	10.500000	F#3	54	80	
91	13.778125	G#4	68	68	92	10.625000	G#4	68	80	
92	13.958333	Eb4	63	79	94	10.750000	Eb4	63	80	
93	13.978125	F#4	66	63	93	10.750000	F#4	66	80	
94	14.128125	Bb4	70	64	95	10.875000	Bb4	70	80	
95	14.284375	F3	53	72	97	11.000000	F3	53	80	
96	14.296875	G#4	68	60	96	11.000000	G#4	68	80	
97	14.455208	F#4	66	56	98	11.125000	F#4	66	80	
98	14.621875	C#4	61	76	101	11.250000	C#4	61	80	
99	14.628125	C#5	73	64	99	11.250000	C#5	73	80	
100	14.638542	F4	65	55	100	11.250000	F4	65	80	
101	14.781250	G#4	68	61	102	11.375000	G#4	68	80	
102	14.953125	Eb3	51	66	105	11.500000	Eb3	51	80	
103	14.959375	C5	72	64	103	11.500000	C5	72	80	
104	14.987500	F#4	66	53	104	11.500000	F#4	66	80	
105	15.125000	F4	65	54	106	11.625000	F4	65	80	
106	15.270833	C4	60	69	109	11.750000	C4	60	80	
107	15.291667	Eb5	75	64	107	11.750000	Eb5	75	80	
108	15.297917	F#4	66	51	108	11.750000	F#4	66	80	
109	15.432292	Eb4	63	59	110	11.875000	Eb4	63	80	
110	15.607292	C#3	49	67	112	12.000000	C#3	49	80	
111	15.618750	F4	65	52	111	12.000000	F4	65	80	
112	15.976042	G#4	68	72	113	12.250000	G#4	68	80	
113	15.989583	C#4	61	59	114	12.250000	C#4	61	80	
114	16.148958	C4	60	53	115	12.375000	C4	60	80	
115	16.292708	F5	77	80	116	12.500000	F5	77	80	
116	16.313542	C#4	61	55	117	12.500000	C#4	61	80	
117	16.456250	Eb4	63	48	118	12.625000	Eb4	63	80	
118	16.618750	G#4	68	79	119	12.750000	G#4	68	80	
119	16.629167	F4	65	37	120	12.750000	F4	65	80	
120	16.785417	C#4	61	38	121	12.875000	C#4	61	80	
121	16.956250	C#5	73	73	122	13.000000	C#5	73	80	
122	16.966667	Bb3	58	42	123	13.000000	Bb3	58	80	
123	17.122917	C4	60	54	124	13.125000	C4	60	80	
124	17.262500	C#4	61	58	126	13.250000	C#4	61	80	
125	17.283333	F5	77	76	125	13.250000	F5	77	80	
126	17.427083	Bb3	58	48	128	13.375000	Bb3	58	80	
127	17.427083	C#5	73	80	127	13.375000	C#5	73	80	
128	17.600000	G3	55	50	130	13.500000	G3	55	80	
129	17.613542	Bb4	70	74	129	13.500000	Bb4	70	80	
130	17.755208	G#3	56	55	131	13.625000	G#3	56	80	
131	17.911458	Bb3	58	52	133	13.750000	Bb3	58	80	
132	17.927083	C#5	73	65	132	13.750000	C#5	73	80	
133	18.067708	G3	55	49	135	13.875000	G3	55	80	
134	18.090625	Bb4	70	65	134	13.875000	Bb4	70	80	
135	18.268750	Eb4	63	56	136	14.000000	Eb4	63	80	
136	18.285417	C3	48	33	137	14.000000	C3	48	80	
137	18.618750	Bb4	70	73	138	14.250000	Bb4	70	80	
138	18.625000	C4	60	51	139	14.250000	C4	60	80	
139	18.771875	Bb3	58	60	140	14.375000	Bb3	58	80	
140	18.955208	Eb5	75	82	141	14.500000	Eb5	75	80	
141	18.985417	C4	60	54	142	14.500000	C4	60	80	
142	19.120833	C#4	61	59	143	14.625000	C#4	61	80	
143	19.287500	Eb4	63	57	145	14.750000	Eb4	63	80	
144	19.309375	G4	67	66	144	14.750000	G4	67	80	
145	19.450000	C4	60	46	146	14.875000	C4	60	80	
146	19.638542	G#3	56	49	148	15.000000	G#3	56	80	
147	19.652083	C5	72	64	147	15.000000	C5	72	80	
148	19.804167	Bb3	58	48	149	15.125000	Bb3	58	80	
149	19.963542	Eb5	75	71	150	15.250000	Eb5	75	80	
150	19.991667	C4	60	49	151	15.250000	C4	60	80	
151	20.131250	C5	72	72	152	15.375000	C5	72	80	
152	20.144792	G#3	56	51	153	15.375000	G#3	56	80	
153	20.312500	G#4	68	64	154	15.500000	G#4	68	80	
154	20.321875	F3	53	52	155	15.500000	F3	53	80	
155	20.470833	G3	55	51	156	15.625000	G3	55	80	
156	20.610417	C5	72	62	157	15.750000	C5	72	80	
157	20.636458	G#3	56	55	158	15.750000	G#3	56	80	
158	20.762500	G#4	68	58	159	15.875000	G#4	68	80	
159	20.787500	F3	53	45	160	15.875000	F3	53	80	
160	20.956250	C#4	61	55	161	16.000000	C#4	61	80	
161	20.958333	Bb2	46	46	162	16.000000	Bb2	46	80	
162	21.325000	G#4	68	66	163	16.250000	G#4	68	80	
163	21.342708	Bb3	58	49	164	16.250000	Bb3	58	80	
164	21.493750	G#3	56	58	165	16.375000	G#3	56	80	
165	21.650000	C#5	73	81	166	16.500000	C#5	73	80	
166	21.662500	Bb3	58	58	167	16.500000	Bb3	58	80	
167	21.805208	C4	60	64	168	16.625000	C4	60	80	
168	21.976042	C#4	61	68	170	16.750000	C#4	61	80	
169	21.976042	F4	65	72	169	16.750000	F4	65	80	
170	22.123958	Bb3	58	62	171	16.875000	Bb3	58	80	
171	22.302083	Bb4	70	81	172	17.000000	Bb4	70	80	
172	22.314583	G3	55	54	173	17.000000	G3	55	80	
173	22.442708	C5	72	86	174	17.125000	C5	72	80	
174	22.455208	G#3	56	71	175	17.125000	G#3	56	80	
175	22.598958	Bb3	58	72	177	17.250000	Bb3	58	80	
176	22.602083	C#5	73	87	176	17.250000	C#5	73	80	
177	22.753125	Bb4	70	87	178	17.375000	Bb4	70	80	
178	22.759375	G3	55	72	179	17.375000	G3	55	80	
179	22.914583	Bb5	82	91	180	17.500000	Bb5	82	80	
180	22.918750	Eb3	51	74	181	17.500000	Eb3	51	80	
181	23.075000	F3	53	69	183	17.625000	F3	53	80	
182	23.084375	C#5	73	71	182	17.625000	C#5	73	80	
183	23.231250	G3	55	68	185	17.750000	G3	55	80	
184	23.260417	Eb5	75	80	184	17.750000	Eb5	75	80	
185	23.388542	Eb3	51	68	187	17.875000	Eb3	51	80	
186	23.401042	Bb4	70	80	186	17.875000	Bb4	70	80	
187	23.558333	C5	72	84	188	18.000000	C5	72	80	
188	23.567708	G#2	44	77	189	18.000000	G#2	44	80	
189	23.713542	G#5	80	83	190	18.125000	G#5	80	80	
190	23.870833	G5	79	79	191	18.250000	G5	79	80	
191	23.875000	G#3	56	72	192	18.250000	G#3	56	80	
192	24.017708	Bb5	82	83	193	18.375000	Bb5	82	80	
193	24.018750	Bb3	58	65	194	18.375000	Bb3	58	80	
194	24.195833	G#5	80	82	195	18.500000	G#5	80	80	
195	24.202083	C4	60	76	196	18.500000	C4	60	80	
196	24.345833	Eb5	75	77	197	18.625000	Eb5	75	80	
197	24.504167	G#4	68	86	199	18.750000	G#4	68	80	
198	24.506250	G#3	56	69	200	18.750000	G#3	56	80	
199	24.523958	F5	77	71	198	18.750000	F5	77	80	
200	24.685417	F#5	78	70	201	18.875000	F#5	78	80	
201	24.844792	C#4	61	68	203	19.000000	C#4	61	80	
202	24.860417	F5	77	69	202	19.000000	F5	77	80	
203	25.009375	Eb5	75	83	204	19.125000	Eb5	75	80	
204	25.012500	G4	67	65	205	19.125000	G4	67	80	
205	25.167708	C#5	73	83	206	19.250000	C#5	73	80	
206	25.172917	F4	65	67	207	19.250000	F4	65	80	
207	25.303125	Eb5	75	87	208	19.375000	Eb5	75	80	
208	25.310417	G4	67	71	209	19.375000	G4	67	80	
209	25.480208	C6	84	91	210	19.500000	C6	84	80	
210	25.497917	G#4	68	73	211	19.500000	G#4	68	80	
211	25.502083	C4	60	65	212	19.500000	C4	60	80	
212	25.650000	G4	67	63	213	19.625000	F#4	66	80	
213	25.815625	G#5	80	85	214	19.750000	G#5	80	80	
214	25.840625	F4	65	59	215	19.750000	F4	65	80	
215	25.984375	Eb4	63	61	216	19.875000	Eb4	63	80	
216	26.152083	F4	65	55	218	20.000000	F4	65	80	
217	26.155208	Eb5	75	79	217	20.000000	Eb5	75	80	
218	26.180208	Bb3	58	52	219	20.000000	Bb3	58	80	
219	26.513542	C#5	73	71	220	20.250000	C#5	73	80	
220	26.529167	G#3	56	49	221	20.250000	G#3	56	80	
221	26.666667	C5	72	71	222	20.375000	C5	72	80	
222	26.830208	G3	55	63	224	20.500000	G3	55	80	
223	26.832292	C#5	73	75	223	20.500000	C#5	73	80	
224	26.994792	Eb4	63	72	225	20.625000	Eb4	63	80	
225	27.157292	C#4	61	68	227	20.750000	C#4	61	80	
226	27.162500	Bb5	82	77	226	20.750000	Bb5	82	80	
227	27.312500	F4	65	66	228	20.875000	F4	65	80	
228	27.478125	Eb4	63	73	230	21.000000	Eb4	63	80	
229	27.485417	C5	72	81	229	21.000000	C5	72	80	
230	27.490625	G#3	56	66	231	21.000000	G#3	56	80	
231	27.638542	C#4	61	66	232	21.125000	C#4	61	80	
232	27.800000	C4	60	62	234	21.250000	C4	60	80	
233	27.820833	G#5	80	75	233	21.250000	G#5	80	80	
234	27.971875	Eb4	63	70	235	21.375000	Eb4	63	80	
235	28.130208	Bb4	70	70	236	21.500000	Bb4	70	80	
236	28.140625	C#4	61	58	237	21.500000	C#4	61	80	
237	28.169792	Eb3	51	44	238	21.500000	Eb3	51	80	
238	28.292708	C4	60	65	239	21.625000	C4	60	80	
239	28.454167	G5	79	70	240	21.750000	G5	79	80	
240	28.458333	C#4	61	61	241	21.750000	C#4	61	80	
241	28.596875	Bb3	58	54	242	21.875000	Bb3	58	80	
242	28.777083	C4	60	49	244	22.000000	C4	60	80	
243	28.779167	G#4	68	59	243	22.000000	G#4	68	80	
244	28.804167	G#3	56	52	245	22.000000	G#3	56	80	
245	28.954167	Bb4	70	64	246	22.125000	Bb4	70	80	
246	29.121875	Eb4	63	53	248	22.250000	Eb4	63	80	
247	29.125000	C5	72	67	247	22.250000	C5	72	80	
248	29.270833	C#5	73	64	249	22.375000	C#5	73	80	
249	29.430208	G#4	68	68	251	22.500000	G#4	68	80	
250	29.455208	C5	72	63	250	22.500000	C5	72	80	
251	29.600000	Bb4	70	64	252	22.625000	Bb4	70	80	
252	29.764583	Eb4	63	54	254	22.750000	Eb4	63	80	
253	29.768750	G#4	68	62	253	22.750000	G#4	68	80	
254	29.906250	C4	60	46	256	22.875000	C4	60	80	
255	29.922917	C5	72	73	255	22.875000	C5	72	80	
256	30.079167	G#3	56	63	258	23.000000	G#3	56	80	
257	30.081250	F5	77	77	257	23.000000	F5	77	80	
258	30.229167	Eb5	75	82	259	23.125000	Eb5	75	80	
259	30.395833	D5	74	77	260	23.250000	D5	74	80	
260	30.404167	B3	59	75	261	23.250000	B3	59	80	
261	30.526042	G#3	56	63	263	23.375000	G#3	56	80	
262	30.539583	F5	77	79	262	23.375000	F5	77	80	
263	30.692708	G#5	80	84	264	23.500000	G#5	80	80	
264	30.702083	F3	53	72	265	23.500000	F3	53	80	
265	30.850000	F#5	78	84	266	23.625000	F#5	78	80	
266	30.997917	F5	77	85	267	23.750000	F5	77	80	
267	31.002083	G#3	56	73	268	23.750000	G#3	56	80	
268	31.118750	G#5	80	89	269	23.875000	G#5	80	80	
269	31.147917	F3	53	72	270	23.875000	F3	53	80	
270	31.236458	G#5	80	82	271	24.000000	G#5	80	80	
271	31.310417	Bb5	82	85	273	24.062500	Bb5	82	80	
272	31.318750	D3	50	62	272	24.000000	D3	50	80	
273	31.377083	B5	83	81	274	24.125000	B5	83	80	
274	31.716667	Bb5	82	78	275	24.250000	Bb5	82	80	
275	31.729167	F3	53	45	276	24.250000	F3	53	80	
276	31.864583	G#5	80	78	277	24.375000	G#5	80	80	
277	31.890625	G#3	56	56	278	24.375000	G#3	56	80	
278	32.032292	F#5	78	76	279	24.500000	F#5	78	80	
279	32.053125	B3	59	64	280	24.500000	B3	59	80	
280	32.193750	F5	77	71	281	24.625000	F5	77	80	
281	32.350000	F3	53	67	283	24.750000	F3	53	80	
282	32.350000	Eb5	75	74	282	24.750000	Eb5	75	80	
283	32.517708	D5	74	64	284	24.875000	D5	74	80	
284	32.676042	F#3	54	59	287	25.000000	F#3	54	80	
285	32.683333	Bb3	58	62	286	25.000000	Bb3	58	80	
286	32.688542	Eb5	75	71	285	25.000000	Eb5	75	80	
287	32.840625	F#5	78	67	288	25.125000	F#5	78	80	
288	33.011458	G#3	56	69	291	25.250000	G#3	56	80	
289	33.013542	B3	59	68	290	25.250000	B3	59	80	
290	33.020833	F5	77	63	289	25.250000	F5	77	80	
291	33.172917	Eb5	75	68	292	25.375000	Eb5	75	80	
292	33.344792	Bb3	58	59	294	25.500000	Bb3	58	80	
293	33.354167	D5	74	60	293	25.500000	D5	74	80	
294	33.493750	F5	77	68	296	25.625000	F5	77	80	
295	33.652083	D3	50	52	298	25.750000	D3	50	80	
296	33.665625	Bb2	46	48	299	25.750000	Bb2	46	80	
297	33.669792	Bb4	70	70	297	25.750000	Bb4	70	80	
298	33.810417	G#4	68	71	300	25.875000	G#4	68	80	
299	33.995833	F#4	66	67	301	26.000000	F#4	66	80	
300	34.007292	Eb3	51	59	302	26.000000	Eb3	51	80	
301	34.027083	Eb2	39	57	303	26.000000	Eb2	39	80	
302	34.165625	F4	65	67	304	26.125000	F4	65	80	
303	34.332292	Eb4	63	77	305	26.250000	Eb4	63	80	
304	34.482292	D4	62	74	306	26.375000	D4	62	80	
305	34.644792	Eb4	63	81	307	26.500000	Eb4	63	80	
306	34.784375	F4	65	77	308	26.625000	F4	65	80	
307	34.951042	Eb3	51	78	310	26.750000	Eb3	51	80	
308	34.954167	F#4	66	76	309	26.750000	F#4	66	80	
309	35.104167	G#4	68	79	311	26.875000	G#4	68	80	
310	35.268750	Bb4	70	80	312	27.000000	Bb4	70	80	
311	35.272917	F#3	54	80	313	27.000000	F#3	54	80	
312	35.406250	F3	53	79	315	27.125000	F3	53	80	
313	35.438542	G#4	68	81	314	27.125000	G#4	68	80	
314	35.581250	Eb3	51	73	317	27.250000	Eb3	51	80	
315	35.600000	F#4	66	72	316	27.250000	F#4	66	80	
316	35.747917	F3	53	82	319	27.375000	F3	53	80	
317	35.756250	G#4	68	80	318	27.375000	G#4	68	80	
318	35.916667	C#4	61	86	321	27.500000	C#4	61	80	
319	35.927083	Bb4	70	76	320	27.500000	Bb4	70	80	
320	36.080208	G#4	68	72	322	27.625000	G#4	68	80	
321	36.238542	F#4	66	69	323	27.750000	F#4	66	80	
322	36.240625	Bb3	58	78	324	27.750000	Bb3	58	80	
323	36.387500	F4	65	67	325	27.875000	F4	65	80	
324	36.577083	F3	53	81	327	28.000000	F3	53	80	
325	36.585417	F#4	66	73	326	28.000000	F#4	66	80	
326	36.938542	Eb3	51	65	328	28.250000	Eb3	51	80	
327	37.076042	C#3	49	75	329	28.375000	C#3	49	80	
328	37.263542	Eb3	51	78	330	28.500000	Eb3	51	80	
329	37.416667	F4	65	65	331	28.625000	F4	65	80	
330	37.591667	C4	60	76	333	28.750000	C4	60	80	
331	37.591667	Eb4	63	65	332	28.750000	Eb4	63	80	
332	37.753125	F#4	66	64	334	28.875000	F#4	66	80	
333	37.916667	C#3	49	76	336	29.000000	C#3	49	80	
334	37.940625	F4	65	54	335	29.000000	F4	65	80	
335	38.085417	Eb4	63	58	337	29.125000	Eb4	63	80	
336	38.251042	Bb3	58	76	339	29.250000	Bb3	58	80	
337	38.256250	C#4	61	61	338	29.250000	C#4	61	80	
338	38.423958	F4	65	52	340	29.375000	F4	65	80	
339	38.583333	C3	48	64	342	29.500000	C3	48	80	
340	38.598958	Eb4	63	57	341	29.500000	Eb4	63	80	
341	38.752083	C#4	61	55	343	29.625000	C#4	61	80	
342	38.913542	Eb4	63	52	344	29.750000	Eb4	63	80	
343	38.922917	A3	57	54	345	29.750000	A3	57	80	
344	39.064583	C4	60	55	346	29.875000	C4	60	80	
345	39.226042	Bb2	46	52	348	30.000000	Bb2	46	80	
346	39.232292	C#4	61	63	347	30.000000	C#4	61	80	
347	39.395833	F4	65	58	349	30.125000	F4	65	80	
348	39.559375	F#4	66	61	350	30.250000	F#4	66	80	
349	39.563542	Bb3	58	53	351	30.250000	Bb3	58	80	
350	39.714583	A3	57	55	353	30.375000	A3	57	80	
351	39.715625	F4	65	58	352	30.375000	F4	65	80	
352	39.882292	C#5	73	68	354	30.500000	C#5	73	80	
353	39.883333	Bb3	58	48	355	30.500000	Bb3	58	80	
354	40.064583	C4	60	45	356	30.625000	C4	60	80	
355	40.208333	F4	65	59	357	30.750000	F4	65	80	
356	40.214583	C#4	61	54	358	30.750000	C#4	61	80	
357	40.376042	Bb3	58	48	359	30.875000	Bb3	58	80	
358	40.541667	Bb4	70	65	360	31.000000	Bb4	70	80	
359	40.544792	G3	55	52	361	31.000000	G3	55	80	
360	40.694792	C5	72	77	362	31.125000	C5	72	80	
361	40.700000	G#3	56	55	363	31.125000	G#3	56	80	
362	40.841667	Bb3	58	59	365	31.250000	Bb3	58	80	
363	40.851042	C#5	73	78	364	31.250000	C#5	73	80	
364	40.988542	Bb4	70	82	366	31.375000	Bb4	70	80	
365	41.006250	G3	55	57	367	31.375000	G3	55	80	
366	41.171875	Bb5	82	82	368	31.500000	Bb5	82	80	
367	41.188542	Eb3	51	50	369	31.500000	Eb3	51	80	
368	41.320833	C#5	73	60	370	31.625000	C#5	73	80	
369	41.331250	F3	53	51	371	31.625000	F3	53	80	
370	41.483333	G3	55	48	373	31.750000	G3	55	80	
371	41.495833	Eb5	75	62	372	31.750000	Eb5	75	80	
372	41.620833	Eb3	51	56	375	31.875000	Eb3	51	80	
373	41.640625	Bb4	70	69	374	31.875000	Bb4	70	80	
374	41.806250	C5	72	67	376	32.000000	C5	72	80	
375	41.811458	G#2	44	54	377	32.000000	G#2	44	80	
376	41.953125	Eb4	63	62	378	32.125000	Eb4	63	80	
377	42.117708	G#3	56	60	380	32.250000	G#3	56	80	
378	42.125000	F4	65	64	379	32.250000	F4	65	80	
379	42.261458	G3	55	63	382	32.375000	G3	55	80	
380	42.284375	Eb4	63	68	381	32.375000	Eb4	63	80	
381	42.444792	G#3	56	71	384	32.500000	G#3	56	80	
382	42.445833	C5	72	66	383	32.500000	C5	72	80	
383	42.591667	Bb3	58	73	385	32.625000	Bb3	58	80	
384	42.761458	C4	60	68	387	32.750000	C4	60	80	
385	42.779167	Eb4	63	53	386	32.750000	Eb4	63	80	
386	42.912500	G#3	56	69	388	32.875000	G#3	56	80	
387	43.083333	G#4	68	66	389	33.000000	G#4	68	80	
388	43.091667	F3	53	60	390	33.000000	F3	53	80	
389	43.254167	Bb4	70	74	391	33.125000	Bb4	70	80	
390	43.255208	G3	55	59	392	33.125000	G3	55	80	
391	43.394792	C5	72	80	393	33.250000	C5	72	80	
392	43.403125	G#3	56	63	394	33.250000	G#3	56	80	
393	43.545833	G#4	68	86	395	33.375000	G#4	68	80	
394	43.563542	F3	53	59	396	33.375000	F3	53	80	
395	43.711458	G#5	80	84	397	33.500000	G#5	80	80	
396	43.729167	C#3	49	56	398	33.500000	C#3	49	80	
397	43.870833	C5	72	62	399	33.625000	C5	72	80	
398	43.876042	Eb3	51	50	400	33.625000	Eb3	51	80	
399	44.026042	C#5	73	64	401	33.750000	C#5	73	80	
400	44.027083	F3	53	50	402	33.750000	F3	53	80	
401	44.170833	G#4	68	63	403	33.875000	G#4	68	80	
402	44.172917	C#3	49	53	404	33.875000	C#3	49	80	
403	44.344792	Bb4	70	69	405	34.000000	Bb4	70	80	
404	44.347917	G2	43	55	406	34.000000	G2	43	80	
405	44.493750	C#4	61	62	407	34.125000	C#4	61	80	
406	44.652083	G3	55	67	409	34.250000	G3	55	80	
407	44.653125	Eb4	63	69	408	34.250000	Eb4	63	80	
408	44.806250	C#4	61	70	410	34.375000	C#4	61	80	
409	44.813542	F3	53	66	411	34.375000	F3	53	80	
410	44.973958	Bb4	70	78	412	34.500000	Bb4	70	80	
411	45.000000	G3	55	65	413	34.500000	G3	55	80	
412	45.145833	G#3	56	61	414	34.625000	G#3	56	80	
413	45.320833	Bb3	58	59	416	34.750000	Bb3	58	80	
414	45.321875	C#4	61	68	415	34.750000	C#4	61	80	
415	45.463542	G3	55	57	417	34.875000	G3	55	80	
416	45.634375	G4	67	65	418	35.000000	G4	67	80	
417	45.640625	E3	52	56	419	35.000000	E3	52	80	
418	45.784375	F3	53	70	421	35.125000	F3	53	80	
419	45.792708	G#4	68	76	420	35.125000	G#4	68	80	
420	45.944792	G3	55	77	423	35.250000	G3	55	80	
421	45.955208	Bb4	70	83	422	35.250000	Bb4	70	80	
422	46.104167	G4	67	73	424	35.375000	G4	67	80	
423	46.107292	E3	52	76	425	35.375000	E3	52	80	
424	46.269792	G5	79	88	426	35.500000	G5	79	80	
425	46.272917	C3	48	75	427	35.500000	C3	48	80	
426	46.410417	Bb4	70	73	428	35.625000	Bb4	70	80	
427	46.429167	D3	50	76	429	35.625000	D3	50	80	
428	46.590625	C5	72	74	430	35.750000	C5	72	80	
429	46.592708	E3	52	72	431	35.750000	E3	52	80	
430	46.727083	G4	67	78	432	35.875000	G4	67	80	
431	46.732292	C3	48	74	433	35.875000	C3	48	80	
432	46.893750	G#4	68	85	434	36.000000	G#4	68	80	
433	46.896875	F2	41	82	435	36.000000	F2	41	80	
434	47.056250	G2	43	78	437	36.125000	G2	43	80	
435	47.058333	E5	76	83	436	36.125000	E5	76	80	
436	47.213542	G#2	44	81	439	36.250000	G#2	44	80	
437	47.213542	F5	77	81	438	36.250000	F5	77	80	
438	47.353125	C#5	73	81	440	36.375000	C#5	73	80	
439	47.356250	Bb2	46	77	441	36.375000	Bb2	46	80	
440	47.511458	C3	48	80	443	36.500000	C3	48	80	
441	47.517708	Bb4	70	86	442	36.500000	Bb4	70	80	
442	47.675000	D3	50	78	444	36.625000	D3	50	80	
443	47.835417	C4	60	86	445	36.750000	C4	60	80	
444	47.855208	E3	52	73	446	36.750000	E3	52	80	
445	48.004167	C3	48	65	447	36.875000	C3	48	80	
446	48.195833	C#4	61	81	448	37.000000	C#4	61	80	
447	48.209375	F3	53	70	449	37.000000	F3	53	80	
448	48.348958	C4	60	81	450	37.125000	C4	60	80	
449	48.381250	E3	52	70	451	37.125000	Eb3	51	80	
450	48.526042	Bb3	58	83	452	37.250000	Bb3	58	80	
451	48.529167	D3	50	70	453	37.250000	C#3	49	80	
452	48.675000	C4	60	87	454	37.375000	C4	60	80	
453	48.681250	E3	52	72	455	37.375000	Eb3	51	80	
454	48.848958	F3	53	68	458	37.500000	F3	53	80	
455	48.851042	G#4	68	89	456	37.500000	G#4	68	80	
456	49.006250	Eb3	51	61	459	37.625000	Eb3	51	80	
457	49.190625	C#3	49	61	461	37.750000	C#3	49	80	
458	49.196875	F4	65	78	460	37.750000	F4	65	80	
459	49.371875	C3	48	64	462	37.875000	C3	48	80	
460	49.535417	C4	60	80	463	38.000000	C4	60	80	
461	49.564583	C#3	49	61	464	38.000000	C#3	49	80	
462	49.889583	Bb3	58	74	465	38.250000	Bb3	58	80	
463	50.036458	G#3	56	76	466	38.375000	G#3	56	80	
464	50.232292	Bb3	58	75	468	38.500000	Bb3	58	80	
465	50.364583	C3	48	73	469	38.625000	C3	48	80	
466	50.541667	Bb2	46	70	471	38.750000	Bb2	46	80	
467	50.548958	G4	67	75	470	38.750000	G4	67	80	
468	50.695833	C#3	49	74	472	38.875000	C#3	49	80	
469	50.875000	G#3	56	82	473	39.000000	G#3	56	80	
470	50.882292	C3	48	68	474	39.000000	C3	48	80	
471	51.040625	Bb2	46	65	475	39.125000	Bb2	46	80	
472	51.208333	G#2	44	62	478	39.250000	G#2	44	80	
473	51.208333	F4	65	79	476	39.250000	F4	65	80	
474	51.363542	C3	48	63	479	39.375000	C3	48	80	
475	51.534375	G3	55	77	481	39.500000	G3	55	80	
476	51.538542	Bb2	46	59	482	39.500000	Bb2	46	80	
477	51.550000	E4	64	68	480	39.500000	E4	64	80	
478	51.696875	G#2	44	60	483	39.625000	G#2	44	80	
479	51.859375	Bb2	46	55	486	39.750000	Bb2	46	80	
480	51.866667	E4	64	65	485	39.750000	E4	64	80	
481	51.869792	G4	67	65	484	39.750000	G4	67	80	
482	52.033333	G2	43	63	487	39.875000	G2	43	80	
483	52.251042	F3	53	61	489	40.000000	F3	53	80	
484	52.251042	C5	72	69	488	40.000000	C5	72	80	
485	52.278125	G#2	44	52	490	40.000000	G#2	44	80	
486	52.412500	Bb4	70	72	491	40.125000	Bb4	70	80	
487	52.565625	C#3	49	65	493	40.250000	C#3	49	80	
488	52.573958	G#4	68	72	492	40.250000	G#4	68	80	
489	52.728125	C5	72	71	494	40.375000	C5	72	80	
490	52.889583	G2	43	44	496	40.500000	G2	43	80	
491	52.897917	Bb4	70	61	495	40.500000	Bb4	70	80	
492	53.058333	G#4	68	57	497	40.625000	G#4	68	80	
493	53.198958	C3	48	45	500	40.750000	C3	48	80	
494	53.210417	E3	52	53	499	40.750000	E3	52	80	
495	53.229167	Bb4	70	58	498	40.750000	G4	67	80	
496	53.396875	G4	67	50	501	40.875000	Bb4	70	80	
497	53.560417	F3	53	59	503	41.000000	F3	53	80	
498	53.560417	G#4	68	66	502	41.000000	G#4	68	80	
499	53.563542	F2	41	57	504	41.000000	F2	41	80	
500	53.708333	F4	65	62	505	41.125000	F4	65	80	
501	53.871875	E3	52	72	507	41.250000	E3	52	80	
502	53.883333	C#5	73	75	506	41.250000	C#5	73	80	
503	53.892708	Bb2	46	58	508	41.250000	Bb2	46	80	
504	54.025000	Bb4	70	79	509	41.375000	Bb4	70	80	
505	54.197917	C5	72	81	510	41.500000	C5	72	80	
506	54.202083	F3	53	73	511	41.500000	F3	53	80	
507	54.208333	G#2	44	67	512	41.500000	G#2	44	80	
508	54.345833	G#4	68	85	513	41.625000	G#4	68	80	
509	54.508333	Bb3	58	69	515	41.750000	Bb3	58	80	
510	54.513542	F#5	78	85	514	41.750000	F#5	78	80	
511	54.528125	C#3	49	65	516	41.750000	C#3	49	80	
512	54.687500	E5	76	84	517	41.875000	E5	76	80	
513	54.892708	E5	76	84	518	42.000000	E5	76	80	
514	54.897917	G#3	56	65	519	42.000000	G#3	56	80	
515	54.906250	C3	48	55	520	42.000000	C3	48	80	
516	55.091667	F5	77	79	521	42.125000	F5	77	80	
517	55.215625	G3	55	65	523	42.250000	G3	55	80	
518	55.243750	B5	83	79	522	42.250000	B5	83	80	
519	55.373958	C6	84	79	524	42.375000	C6	84	80	
520	55.385417	F3	53	62	525	42.375000	F3	53	80	
521	55.506250	F5	77	70	*	-1	*	-1	-1	
522	55.550000	G3	55	51	527	42.500000	G3	55	80	
523	55.567708	E5	76	72	526	42.500000	E5	76	80	
524	55.636458	F5	77	75	*	-1	*	-1	-1	
525	55.714583	E5	76	70	*	-1	*	-1	-1	
526	55.862500	Bb3	58	44	528	42.750000	Bb3	58	80	
527	56.053125	F5	77	70	529	42.875000	F5	77	80	
528	56.284375	F3	53	49	532	43.000000	F3	53	80	
529	56.287500	G#3	56	52	531	43.000000	G#3	56	80	
530	56.287500	F5	77	60	530	43.000000	F5	77	80	
531	56.467708	Bb3	58	57	533	43.125000	Bb3	58	80	
532	56.637500	C4	60	63	534	43.250000	C4	60	80	
533	56.785417	G#3	56	58	535	43.375000	G#3	56	80	
534	56.972917	F3	53	54	536	43.500000	F3	53	80	
535	57.111458	F#3	54	58	537	43.625000	F#3	54	80	
536	57.278125	G#3	56	50	539	43.750000	G#3	56	80	
537	57.284375	F5	77	68	538	43.750000	F5	77	80	
538	57.427083	F3	53	51	540	43.875000	F3	53	80	
539	57.600000	D3	50	53	542	44.000000	D3	50	80	
540	57.616667	B4	71	58	541	44.000000	B4	71	80	
541	57.747917	Eb3	51	55	544	44.125000	Eb3	51	80	
542	57.753125	Bb4	70	68	543	44.125000	Bb4	70	80	
543	57.923958	F3	53	52	546	44.250000	F3	53	80	
544	57.942708	G#4	68	67	545	44.250000	G#4	68	80	
545	58.087500	Bb4	70	68	547	44.375000	Bb4	70	80	
546	58.098958	D3	50	48	548	44.375000	D3	50	80	
547	58.258333	F5	77	69	549	44.500000	F5	77	80	
548	58.267708	Bb2	46	46	550	44.500000	Bb2	46	80	
549	58.412500	D3	50	42	551	44.625000	D3	50	80	
550	58.584375	D5	74	60	552	44.750000	D5	74	80	
551	58.609375	F3	53	47	553	44.750000	F3	53	80	
552	58.733333	G#3	56	58	554	44.875000	Bb3	58	80	
553	58.909375	Eb3	51	51	556	45.000000	Eb3	51	80	
554	58.913542	G#4	68	63	555	45.000000	G#4	68	80	
555	59.071875	F#3	54	59	557	45.125000	F#3	54	80	
556	59.241667	Bb3	58	58	559	45.250000	Bb3	58	80	
557	59.253125	F#4	66	68	558	45.250000	F#4	66	80	
558	59.384375	F4	65	72	560	45.375000	F4	65	80	
559	59.388542	D4	62	57	561	45.375000	D4	62	80	
560	59.558333	F#4	66	70	562	45.500000	F#4	66	80	
561	59.597917	Eb4	63	53	563	45.500000	Eb4	63	80	
562	59.725000	F4	65	54	564	45.625000	F4	65	80	
563	59.894792	Eb5	75	69	565	45.750000	Eb5	75	80	
564	59.902083	F#4	66	65	566	45.750000	F#4	66	80	
565	60.042708	Eb4	63	60	567	45.875000	Eb4	63	80	
566	60.219792	A4	69	68	568	46.000000	A4	69	80	
567	60.238542	C4	60	51	569	46.000000	C4	60	80	
568	60.359375	G#4	68	70	570	46.125000	G#4	68	80	
569	60.373958	C#4	61	58	571	46.125000	C#4	61	80	
570	60.535417	Eb4	63	57	573	46.250000	Eb4	63	80	
571	60.537500	F#4	66	71	572	46.250000	F#4	66	80	
572	60.672917	G#4	68	78	574	46.375000	G#4	68	80	
573	60.692708	C4	60	62	575	46.375000	C4	60	80	
574	60.851042	Eb5	75	80	576	46.500000	Eb5	75	80	
575	60.853125	G#3	56	69	577	46.500000	G#3	56	80	
576	61.015625	G#2	44	62	578	46.625000	G#2	44	80	
577	61.163542	C5	72	75	579	46.750000	C5	72	80	
578	61.173958	Bb2	46	56	580	46.750000	Bb2	46	80	
579	61.319792	C3	48	67	581	46.875000	C3	48	80	
580	61.470833	F#4	66	73	582	47.000000	F#4	66	80	
581	61.496875	C#3	49	73	583	47.000000	C#3	49	80	
582	61.645833	G#3	56	64	584	47.125000	G#3	56	80	
583	61.813542	F4	65	80	585	47.250000	F4	65	80	
584	61.819792	Bb3	58	66	586	47.250000	Bb3	58	80	
585	61.957292	Eb4	63	78	587	47.375000	Eb4	63	80	
586	61.961458	C4	60	68	588	47.375000	C4	60	80	
587	62.128125	F4	65	82	589	47.500000	F4	65	80	
588	62.130208	C#4	61	75	590	47.500000	C#4	61	80	
589	62.286458	G#4	68	84	591	47.625000	G#4	68	80	
590	62.306250	C#3	49	81	592	47.625000	Eb3	51	80	
591	62.454167	C#5	73	85	593	47.750000	C#5	73	80	
592	62.467708	F3	53	75	594	47.750000	F3	53	80	
593	62.605208	Eb5	75	84	595	47.875000	Eb5	75	80	
594	62.611458	G3	55	83	596	47.875000	G3	55	80	
595	62.764583	F5	77	83	597	48.000000	F5	77	80	
596	62.767708	G#3	56	87	598	48.000000	G#3	56	80	
597	62.915625	Eb5	75	84	599	48.125000	Eb5	75	80	
598	62.922917	G3	55	85	600	48.125000	G3	55	80	
599	63.080208	F3	53	78	602	48.250000	F3	53	80	
600	63.082292	C#5	73	85	601	48.250000	C#5	73	80	
601	63.222917	Eb5	75	85	603	48.375000	Eb5	75	80	
602	63.233333	G3	55	81	604	48.375000	G3	55	80	
603	63.400000	G#3	56	80	607	48.500000	G#3	56	80	
604	63.408333	C5	72	96	606	48.500000	C5	72	80	
605	63.412500	C6	84	81	605	48.500000	C6	84	80	
606	63.430208	D6	86	80	*	-1	*	-1	-1	
607	63.555208	G3	55	81	608	48.625000	G3	55	80	
608	63.729167	G#5	80	91	609	48.750000	G#5	80	80	
609	63.734375	F3	53	73	610	48.750000	F3	53	80	
610	63.887500	Eb3	51	69	611	48.875000	Eb3	51	80	
611	64.097917	Eb5	75	82	612	49.000000	Eb5	75	80	
612	64.106250	F3	53	77	613	49.000000	F3	53	80	
613	64.460417	C#5	73	76	614	49.250000	C#5	73	80	
614	64.603125	C5	72	77	615	49.375000	C5	72	80	
615	64.777083	C#5	73	78	616	49.500000	C#5	73	80	
616	64.782292	Bb4	70	82	617	49.500000	Bb4	70	80	
617	64.927083	Eb3	51	71	618	49.625000	Eb3	51	80	
618	65.091667	Bb5	82	80	619	49.750000	Bb5	82	80	
619	65.101042	C#3	49	73	620	49.750000	C#3	49	80	
620	65.263542	F3	53	75	621	49.875000	F3	53	80	
621	65.425000	C5	72	83	622	50.000000	C5	72	80	
622	65.429167	Eb3	51	64	623	50.000000	Eb3	51	80	
623	65.575000	C#3	49	64	624	50.125000	C#3	49	80	
624	65.757292	G#5	80	73	625	50.250000	G#5	80	80	
625	65.763542	G#4	68	72	626	50.250000	G#4	68	80	
626	65.768750	C3	48	55	627	50.250000	C3	48	80	
627	65.926042	Eb3	51	60	628	50.375000	Eb3	51	80	
628	66.101042	Bb4	70	74	629	50.500000	Bb4	70	80	
629	66.104167	C#3	49	56	631	50.500000	C#3	49	80	
630	66.113542	G4	67	58	630	50.500000	G4	67	80	
631	66.277083	C3	48	54	632	50.625000	C3	48	80	
632	66.438542	C#3	49	47	635	50.750000	Bb2	46	80	
633	66.440625	G5	79	68	633	50.750000	G5	79	80	
634	66.458333	G4	67	50	634	50.750000	Bb4	70	80	
635	66.613542	Bb2	46	50	636	50.875000	C#3	49	80	
636	66.789583	G#4	68	63	637	51.000000	G#4	68	80	
637	66.802083	C3	48	45	639	51.000000	C3	48	80	
638	66.958333	Eb4	63	56	640	51.125000	Eb4	63	80	
639	67.102083	Eb3	51	53	642	51.250000	Eb3	51	80	
640	67.131250	F4	65	56	641	51.250000	F4	65	80	
641	67.279167	F#4	66	55	643	51.375000	G4	67	80	
642	67.454167	G#4	68	53	644	51.500000	G#4	68	80	
643	67.471875	F#3	54	53	645	51.500000	F#3	54	80	
644	67.621875	Bb4	70	47	646	51.625000	Bb4	70	80	
645	67.807292	C5	72	54	647	51.750000	C5	72	80	
646	67.809375	G#3	56	59	648	51.750000	G#3	56	80	
647	67.984375	G#4	68	50	649	51.875000	G#4	68	80	
648	68.132292	Bb3	58	67	651	52.000000	Bb3	58	80	
649	68.141667	C#5	73	62	650	52.000000	C#5	73	80	
650	68.302083	G#3	56	77	653	52.125000	G#3	56	80	
651	68.304167	C5	72	61	652	52.125000	C5	72	80	
652	68.471875	F#3	54	76	655	52.250000	F#3	54	80	
653	68.483333	Bb4	70	61	654	52.250000	Bb4	70	80	
654	68.631250	G#3	56	67	657	52.375000	G#3	56	80	
655	68.641667	C5	72	60	656	52.375000	C5	72	80	
656	68.796875	F3	53	52	659	52.500000	F3	53	80	
657	68.801042	F4	65	63	660	52.500000	F4	65	80	
658	68.818750	C#5	73	61	658	52.500000	C#5	73	80	
659	68.977083	C5	72	51	661	52.625000	C5	72	80	
660	69.137500	C#4	61	70	663	52.750000	C#4	61	80	
661	69.170833	Bb4	70	59	662	52.750000	Bb4	70	80	
662	69.321875	G#4	68	53	664	52.875000	G#4	68	80	
663	69.503125	G#3	56	69	666	53.000000	G#3	56	80	
664	69.513542	Bb4	70	53	665	53.000000	Bb4	70	80	
665	69.847917	F#3	54	65	667	53.250000	F#3	54	80	
666	70.004167	F3	53	69	668	53.375000	F3	53	80	
667	70.188542	Eb3	51	59	670	53.500000	Eb3	51	80	
668	70.196875	F#3	54	60	669	53.500000	F#3	54	80	
669	70.363542	G#4	68	57	671	53.625000	G#4	68	80	
670	70.506250	Eb4	63	73	673	53.750000	Eb4	63	80	
671	70.554167	F#4	66	53	672	53.750000	F#4	66	80	
672	70.711458	Bb4	70	54	674	53.875000	Bb4	70	80	
673	70.861458	F3	53	67	676	54.000000	F3	53	80	
674	70.880208	G#4	68	54	675	54.000000	G#4	68	80	
675	71.022917	F#4	66	48	677	54.125000	F#4	66	80	
676	71.212500	C#4	61	64	679	54.250000	C#4	61	80	
677	71.218750	C#3	49	59	680	54.250000	C#3	49	80	
678	71.238542	F4	65	47	678	54.250000	F4	65	80	
679	71.371875	G#4	68	58	681	54.375000	G#4	68	80	
680	71.529167	Eb3	51	61	683	54.500000	Eb3	51	80	
681	71.562500	F#4	66	52	682	54.500000	F#4	66	80	
682	71.705208	F4	65	51	685	54.625000	F4	65	80	
683	71.865625	G#2	44	47	688	54.750000	G#2	44	80	
684	71.873958	F#4	66	52	686	54.750000	Eb4	63	80	
685	71.883333	C4	60	53	687	54.750000	C4	60	80	
686	72.043750	Eb4	63	57	689	54.875000	F#4	66	80	
687	72.225000	C#3	49	52	692	55.000000	C#3	49	80	
688	72.230208	F4	65	57	690	55.000000	F4	65	80	
689	72.384375	Eb3	51	49	693	55.125000	Eb3	51	80	
690	72.544792	G#4	68	66	694	55.250000	G#4	68	80	
691	72.553125	F3	53	48	695	55.250000	F3	53	80	
692	72.710417	F#3	54	53	696	55.375000	F#3	54	80	
693	72.888542	C#5	73	66	697	55.500000	C#5	73	80	
694	72.892708	F3	53	52	698	55.500000	F3	53	80	
695	73.038542	Eb3	51	49	699	55.625000	Eb3	51	80	
696	73.210417	G#5	80	76	700	55.750000	G#5	80	80	
697	73.226042	C#3	49	53	701	55.750000	C#3	49	80	
698	73.357292	F5	77	64	702	55.875000	F5	77	80	
699	73.382292	F3	53	51	703	55.875000	F3	53	80	
700	73.547917	Bb3	58	51	705	56.000000	Bb3	58	80	
701	73.548958	C#5	73	65	704	56.000000	C#5	73	80	
702	73.696875	G#3	56	60	706	56.125000	G#3	56	80	
703	73.847917	E5	76	74	707	56.250000	E5	76	80	
704	73.855208	G3	55	62	708	56.250000	G3	55	80	
705	73.990625	Bb3	58	63	710	56.375000	Bb3	58	80	
706	73.997917	C#5	73	79	709	56.375000	C#5	73	80	
707	74.155208	C#4	61	70	712	56.500000	C#4	61	80	
708	74.175000	Bb4	70	81	711	56.500000	Bb4	70	80	
709	74.315625	B3	59	82	713	56.625000	B3	59	80	
710	74.479167	C#5	73	84	714	56.750000	C#5	73	80	
711	74.484375	Bb3	58	74	715	56.750000	Bb3	58	80	
712	74.622917	C#4	61	76	717	56.875000	C#4	61	80	
713	74.632292	Bb4	70	92	716	56.875000	Bb4	70	80	
714	74.835417	G4	67	81	718	57.000000	G4	67	80	
715	74.865625	E4	64	72	719	57.000000	E4	64	80	
716	75.182292	Bb4	70	87	720	57.250000	Bb4	70	80	
717	75.194792	Eb4	63	68	721	57.250000	Eb4	63	80	
718	75.335417	C#4	61	67	723	57.375000	C#4	61	80	
719	75.337500	C#5	73	85	722	57.375000	C#5	73	80	
720	75.490625	B3	59	76	725	57.500000	B3	59	80	
721	75.508333	E5	76	84	724	57.500000	E5	76	80	
722	75.650000	Bb3	58	63	726	57.625000	Bb3	58	80	
723	75.818750	G#3	56	67	728	57.750000	G#3	56	80	
724	75.836458	C#5	73	71	727	57.750000	C#5	73	80	
725	75.983333	G3	55	61	729	57.875000	G3	55	80	
726	76.147917	Eb5	75	77	730	58.000000	Eb5	75	80	
727	76.159375	B4	71	63	731	58.000000	B4	71	80	
728	76.175000	G#3	56	66	732	58.000000	G#3	56	80	
729	76.318750	B3	59	67	733	58.125000	B3	59	80	
730	76.475000	G#5	80	87	734	58.250000	G#5	80	80	
731	76.508333	Bb3	58	53	735	58.250000	Bb3	58	80	
732	76.646875	G#3	56	64	736	58.375000	G#3	56	80	
733	76.827083	C#5	73	65	737	58.500000	C#5	73	80	
734	76.831250	G3	55	53	739	58.500000	G3	55	80	
735	76.840625	Bb4	70	62	738	58.500000	Bb4	70	80	
736	76.981250	F3	53	51	740	58.625000	F3	53	80	
737	77.139583	Eb3	51	51	742	58.750000	Eb3	51	80	
738	77.155208	G5	79	73	741	58.750000	G5	79	80	
739	77.295833	C#3	49	52	743	58.875000	C#3	49	80	
740	77.475000	G#4	68	68	744	59.000000	G#4	68	80	
741	77.476042	B2	47	48	746	59.000000	B2	47	80	
742	77.607292	C#3	49	54	747	59.125000	C#3	49	80	
743	77.783333	Eb3	51	50	749	59.250000	Eb3	51	80	
744	77.807292	G#5	80	69	748	59.250000	G#5	80	80	
745	77.950000	B2	47	49	751	59.375000	B2	47	80	
746	77.958333	G5	79	62	750	59.375000	G5	79	80	
747	78.115625	G#2	44	53	753	59.500000	G#2	44	80	
748	78.139583	G#5	80	63	752	59.500000	G#5	80	80	
749	78.289583	Bb5	82	67	754	59.625000	Bb5	82	80	
750	78.451042	G#3	56	51	756	59.750000	G#3	56	80	
751	78.453125	B5	83	67	755	59.750000	B5	83	80	
752	78.597917	F3	53	47	758	59.875000	F3	53	80	
753	78.606250	G#5	80	64	757	59.875000	G#5	80	80	
754	78.757292	C#3	49	52	760	60.000000	C#3	49	80	
755	78.778125	F5	77	62	759	60.000000	F5	77	80	
756	78.929167	F#5	78	63	761	60.125000	F#5	78	80	
757	79.091667	G#5	80	67	762	60.250000	G#5	80	80	
758	79.105208	B3	59	59	763	60.250000	B3	59	80	
759	79.240625	G#3	56	58	765	60.375000	G#3	56	80	
760	79.240625	F5	77	64	764	60.375000	F5	77	80	
761	79.407292	C#5	73	69	766	60.500000	C#5	73	80	
762	79.409375	F3	53	61	767	60.500000	F3	53	80	
763	79.552083	Eb5	75	75	768	60.625000	Eb5	75	80	
764	79.711458	C#3	49	69	770	60.750000	C#3	49	80	
765	79.731250	F5	77	71	769	60.750000	F5	77	80	
766	79.862500	Bb2	46	63	772	60.875000	Bb2	46	80	
767	79.873958	C#5	73	75	771	60.875000	C#5	73	80	
768	80.032292	F#2	42	75	774	61.000000	F#2	42	80	
769	80.056250	Bb4	70	76	773	61.000000	Bb4	70	80	
770	80.204167	C5	72	77	775	61.125000	C5	72	80	
771	80.368750	C#5	73	80	776	61.250000	C#5	73	80	
772	80.376042	Bb3	58	69	777	61.250000	Bb3	58	80	
773	80.504167	Bb4	70	82	778	61.375000	Bb4	70	80	
774	80.509375	F#3	54	65	779	61.375000	F#3	54	80	
775	80.687500	F#5	78	76	780	61.500000	F#5	78	80	
776	80.692708	Eb3	51	58	781	61.500000	Eb3	51	80	
777	80.830208	G#5	80	81	782	61.625000	G#5	80	80	
778	80.991667	Bb5	82	79	783	61.750000	Bb5	82	80	
779	81.012500	F#3	54	61	784	61.750000	F#3	54	80	
780	81.142708	Eb3	51	54	786	61.875000	Eb3	51	80	
781	81.144792	F#5	78	74	785	61.875000	F#5	78	80	
782	81.312500	C3	48	52	788	62.000000	C3	48	80	
783	81.318750	Eb5	75	70	787	62.000000	Eb5	75	80	
784	81.476042	F5	77	63	789	62.125000	F5	77	80	
785	81.628125	Bb3	58	51	791	62.250000	Bb3	58	80	
786	81.634375	F#5	78	69	790	62.250000	F#5	78	80	
787	81.779167	F#3	54	51	793	62.375000	F#3	54	80	
788	81.790625	Eb5	75	69	792	62.375000	Eb5	75	80	
789	81.959375	Eb3	51	51	795	62.500000	Eb3	51	80	
790	81.966667	C5	72	66	794	62.500000	C5	72	80	
791	82.106250	C#5	73	66	796	62.625000	C#5	73	80	
792	82.275000	Eb5	75	70	797	62.750000	Eb5	75	80	
793	82.281250	C3	48	61	798	62.750000	C3	48	80	
794	82.416667	C5	72	70	799	62.875000	C5	72	80	
795	82.426042	G#2	44	56	800	62.875000	G#2	44	80	
796	82.589583	G#4	68	79	801	63.000000	G#4	68	80	
797	82.601042	F2	41	72	802	63.000000	F2	41	80	
798	82.746875	Bb4	70	77	803	63.125000	Bb4	70	80	
799	82.919792	C5	72	79	804	63.250000	C5	72	80	
800	82.935417	G#3	56	76	805	63.250000	G#3	56	80	
801	83.065625	G#4	68	80	806	63.375000	G#4	68	80	
802	83.068750	F3	53	74	807	63.375000	F3	53	80	
803	83.226042	F5	77	75	808	63.500000	F5	77	80	
804	83.227083	D3	50	68	809	63.500000	D3	50	80	
805	83.377083	F#5	78	82	810	63.625000	F#5	78	80	
806	83.530208	G#5	80	79	811	63.750000	G#5	80	80	
807	83.547917	F3	53	64	812	63.750000	F3	53	80	
808	83.682292	D3	50	62	814	63.875000	D3	50	80	
809	83.691667	F5	77	76	813	63.875000	F5	77	80	
810	83.859375	D5	74	76	815	64.000000	D5	74	80	
811	83.861458	Bb2	46	60	816	64.000000	Bb2	46	80	
812	84.027083	Eb5	75	79	817	64.125000	Eb5	75	80	
813	84.176042	F5	77	73	818	64.250000	F5	77	80	
814	84.188542	G#3	56	75	819	64.250000	G#3	56	80	
815	84.323958	F3	53	64	821	64.375000	F3	53	80	
816	84.326042	D5	74	76	820	64.375000	D5	74	80	
817	84.494792	Bb4	70	78	822	64.500000	Bb4	70	80	
818	84.495833	D3	50	61	823	64.500000	D3	50	80	
819	84.643750	C5	72	68	824	64.625000	C5	72	80	
820	84.792708	Bb2	46	57	826	64.750000	Bb2	46	80	
821	84.795833	D5	74	64	825	64.750000	D5	74	80	
822	84.946875	Bb4	70	71	827	64.875000	Bb4	70	80	
823	84.953125	F#2	42	48	828	64.875000	F#2	42	80	
824	85.115625	Eb2	39	59	830	65.000000	Eb2	39	80	
825	85.117708	F#4	66	67	829	65.000000	F#4	66	80	
826	85.296875	G#4	68	70	831	65.125000	G#4	68	80	
827	85.454167	Bb4	70	68	832	65.250000	Bb4	70	80	
828	85.476042	F#3	54	45	833	65.250000	F#3	54	80	
829	85.603125	F#4	66	57	834	65.375000	F#4	66	80	
830	85.605208	Eb3	51	50	835	65.375000	Eb3	51	80	
831	85.763542	C3	48	49	837	65.500000	C3	48	80	
832	85.791667	Eb5	75	61	836	65.500000	Eb5	75	80	
833	85.943750	F5	77	61	838	65.625000	F5	77	80	
834	86.088542	Eb3	51	51	840	65.750000	Eb3	51	80	
835	86.101042	F#5	78	70	839	65.750000	F#5	78	80	
836	86.246875	Eb5	75	69	841	65.875000	Eb5	75	80	
837	86.259375	C3	48	40	842	65.875000	C3	48	80	
838	86.412500	C5	72	60	843	66.000000	C5	72	80	
839	86.416667	G#2	44	49	844	66.000000	G#2	44	80	
840	86.573958	C#5	73	63	845	66.125000	C#5	73	80	
841	86.736458	Eb5	75	62	846	66.250000	Eb5	75	80	
842	86.747917	F#3	54	47	847	66.250000	F#3	54	80	
843	86.885417	Eb3	51	42	849	66.375000	Eb3	51	80	
844	86.903125	C5	72	62	848	66.375000	C5	72	80	
845	87.050000	C3	48	49	851	66.500000	C3	48	80	
846	87.058333	G#4	68	64	850	66.500000	G#4	68	80	
847	87.226042	Bb4	70	64	852	66.625000	Bb4	70	80	
848	87.404167	G#2	44	44	854	66.750000	G#2	44	80	
849	87.413542	C5	72	64	853	66.750000	C5	72	80	
850	87.579167	G#4	68	60	855	66.875000	G#4	68	80	
851	87.601042	F2	41	46	856	66.875000	F2	41	80	
852	87.816667	C#2	37	39	858	67.000000	C#2	37	80	
853	87.826042	F4	65	48	857	67.000000	F4	65	80	
854	88.010417	F#4	66	55	859	67.125000	F#4	66	80	
855	88.178125	G#4	68	60	860	67.250000	G#4	68	80	
856	88.326042	F4	65	53	861	67.375000	F4	65	80	
857	88.486458	C#4	61	55	862	67.500000	C#4	61	80	
858	88.641667	F4	65	55	863	67.625000	F4	65	80	
859	88.797917	G#4	68	64	864	67.750000	G#4	68	80	
860	88.968750	Bb4	70	62	865	67.875000	Bb4	70	80	
861	89.127083	B4	71	66	866	68.000000	B4	71	80	
862	89.292708	Bb4	70	63	867	68.125000	Bb4	70	80	
863	89.460417	G#4	68	79	868	68.250000	G#4	68	80	
864	89.463542	B3	59	64	869	68.250000	B3	59	80	
865	89.611458	C#3	49	53	871	68.375000	C#3	49	80	
866	89.616667	Bb4	70	72	870	68.375000	Bb4	70	80	
867	89.771875	F#5	78	74	872	68.500000	F#5	78	80	
868	89.781250	Bb3	58	55	873	68.500000	Bb3	58	80	
869	89.935417	C#3	49	55	874	68.625000	C#3	49	80	
870	90.097917	C#5	73	65	875	68.750000	C#5	73	80	
871	90.122917	G#3	56	53	876	68.750000	G#3	56	80	
872	90.269792	C#3	49	56	877	68.875000	C#3	49	80	
873	90.438542	Bb4	70	63	878	69.000000	Bb4	70	80	
874	90.444792	F#3	54	53	879	69.000000	F#3	54	80	
875	90.604167	C#3	49	53	880	69.125000	C#3	49	80	
876	90.763542	G#4	68	61	881	69.250000	G#4	68	80	
877	90.772917	F3	53	55	882	69.250000	F3	53	80	
878	90.913542	F#4	66	60	883	69.375000	F#4	66	80	
879	90.926042	Eb3	51	46	884	69.375000	C#3	49	80	
880	91.092708	F3	53	51	886	69.500000	F3	53	80	
881	91.098958	G#4	68	65	885	69.500000	G#4	68	80	
882	91.251042	C#4	61	61	887	69.625000	C#4	61	80	
883	91.412500	G#2	44	60	889	69.750000	G#2	44	80	
884	91.422917	F4	65	60	888	69.750000	F4	65	80	
885	91.567708	G#4	68	69	890	69.875000	G#4	68	80	
886	91.735417	Bb4	70	70	891	70.000000	Bb4	70	80	
887	91.883333	G#4	68	69	892	70.125000	G#4	68	80	
888	92.052083	Bb3	58	72	894	70.250000	Bb3	58	80	
889	92.065625	F#4	66	61	893	70.250000	F#4	66	80	
890	92.216667	G#4	68	59	895	70.375000	G#4	68	80	
891	92.217708	C#3	49	53	896	70.375000	C#3	49	80	
892	92.371875	G#3	56	65	898	70.500000	G#3	56	80	
893	92.387500	F5	77	60	897	70.500000	F5	77	80	
894	92.552083	C#3	49	56	899	70.625000	C#3	49	80	
895	92.706250	C#5	73	62	900	70.750000	C#5	73	80	
896	92.720833	F#3	54	58	901	70.750000	F#3	54	80	
897	92.879167	C#3	49	52	902	70.875000	C#3	49	80	
898	93.040625	G#4	68	65	903	71.000000	G#4	68	80	
899	93.054167	F3	53	52	904	71.000000	F3	53	80	
900	93.226042	C#3	49	44	905	71.125000	C#3	49	80	
901	93.383333	F#4	66	58	906	71.250000	F#4	66	80	
902	93.404167	Eb3	51	51	907	71.250000	Eb3	51	80	
903	93.562500	F4	65	49	908	71.375000	F4	65	80	
904	93.581250	C#3	49	41	909	71.375000	C#3	49	80	
905	93.725000	Eb3	51	52	911	71.500000	Eb3	51	80	
906	93.727083	F#4	66	49	910	71.500000	F#4	66	80	
907	93.893750	C4	60	53	912	71.625000	C4	60	80	
908	94.055208	G#2	44	54	914	71.750000	G#2	44	80	
909	94.079167	Eb4	63	61	913	71.750000	Eb4	63	80	
910	94.227083	F#4	66	60	915	71.875000	F#4	66	80	
911	94.382292	G#4	68	67	916	72.000000	G#4	68	80	
912	94.534375	F#4	66	66	917	72.125000	F#4	66	80	
913	94.700000	F4	65	68	918	72.250000	F4	65	80	
914	94.713542	G#3	56	71	919	72.250000	G#3	56	80	
915	94.835417	F#4	66	72	920	72.375000	F#4	66	80	
916	94.868750	G#2	44	54	921	72.375000	G#2	44	80	
917	95.025000	Eb5	75	73	922	72.500000	Eb5	75	80	
918	95.036458	F#3	54	72	923	72.500000	F#3	54	80	
919	95.189583	G#2	44	60	924	72.625000	G#2	44	80	
920	95.359375	C5	72	70	925	72.750000	C5	72	80	
921	95.360417	F3	53	69	926	72.750000	F3	53	80	
922	95.495833	G#2	44	62	927	72.875000	G#2	44	80	
923	95.678125	Eb3	51	56	929	73.000000	Eb3	51	80	
924	95.678125	F#4	66	64	928	73.000000	F#4	66	80	
925	95.850000	G#2	44	51	930	73.125000	G#2	44	80	
926	96.006250	F4	65	63	931	73.250000	F4	65	80	
927	96.018750	C#3	49	54	932	73.250000	C#3	49	80	
928	96.159375	Eb4	63	67	933	73.375000	Eb4	63	80	
929	96.162500	C3	48	58	934	73.375000	C3	48	80	
930	96.317708	C#3	49	63	936	73.500000	C#3	49	80	
931	96.335417	F4	65	67	935	73.500000	F4	65	80	
932	96.492708	G#4	68	74	937	73.625000	G#4	68	80	
933	96.497917	G#2	44	57	938	73.625000	G#2	44	80	
934	96.658333	Bb4	70	81	939	73.750000	Bb4	70	80	
935	96.670833	F3	53	73	940	73.750000	F3	53	80	
936	96.806250	C5	72	82	941	73.875000	C5	72	80	
937	96.814583	Eb3	51	72	942	73.875000	Eb3	51	80	
938	96.970833	C#5	73	81	943	74.000000	C#5	73	80	
939	96.972917	F3	53	79	944	74.000000	F3	53	80	
940	97.127083	G#2	44	74	946	74.125000	G#2	44	80	
941	97.132292	Eb5	75	86	945	74.125000	Eb5	75	80	
942	97.288542	G#3	56	84	948	74.250000	G#3	56	80	
943	97.294792	F5	77	83	947	74.250000	F5	77	80	
944	97.430208	F#3	54	79	950	74.375000	F#3	54	80	
945	97.433333	Eb5	75	86	949	74.375000	Eb5	75	80	
946	97.601042	G#3	56	85	952	74.500000	G#3	56	80	
947	97.606250	F#5	78	83	951	74.500000	F#5	78	80	
948	97.752083	G#2	44	74	954	74.625000	G#2	44	80	
949	97.755208	F5	77	84	953	74.625000	F5	77	80	
950	97.920833	Eb5	75	90	955	74.750000	Eb5	75	80	
951	97.923958	Bb3	58	84	956	74.750000	Bb3	58	80	
952	98.053125	G#2	44	78	958	74.875000	G#2	44	80	
953	98.065625	C#5	73	87	957	74.875000	C#5	73	80	
954	98.256250	Bb5	82	86	959	75.000000	Bb5	82	80	
955	98.261458	C4	60	83	961	75.000000	C4	60	80	
956	98.363542	G#5	80	77	962	75.062500	G#5	80	80	
957	98.417708	C#4	61	77	964	75.125000	C#4	61	80	
958	98.455208	G5	79	79	963	75.125000	G5	79	80	
959	98.547917	G#5	80	86	965	75.187500	G#5	80	80	
960	98.554167	Eb4	63	81	967	75.250000	Eb4	63	80	
961	98.620833	Bb5	82	82	966	75.250000	Bb5	82	80	
962	98.689583	C4	60	79	971	75.375000	C4	60	80	
963	98.689583	G#5	80	75	968	75.312500	G#5	80	80	
964	98.791667	Bb5	82	53	970	75.375000	Bb5	82	80	
965	98.797917	A5	81	70	969	75.375000	G#5	80	80	
966	98.853125	G#3	56	77	975	75.500000	G#3	56	80	
967	98.853125	G#5	80	76	972	75.437500	G#5	80	80	
968	98.936458	Bb5	82	81	973	75.500000	Bb5	82	80	
969	98.994792	C4	60	74	979	75.625000	C4	60	80	
970	99.007292	G#5	80	83	976	75.562500	G#5	80	80	
971	99.079167	Bb5	82	76	978	75.625000	Bb5	82	80	
972	99.138542	Eb4	63	78	983	75.750000	Eb4	63	80	
973	99.147917	G#5	80	77	980	75.687500	G#5	80	80	
974	99.216667	Bb5	82	80	981	75.750000	Bb5	82	80	
975	99.282292	F4	65	74	987	75.875000	F4	65	80	
976	99.283333	G#5	80	75	984	75.812500	G#5	80	80	
977	99.354167	Bb5	82	78	986	75.875000	Bb5	82	80	
978	99.419792	G#5	80	77	988	75.937500	G#5	80	80	
979	99.433333	F#4	66	82	989	76.000000	F#4	66	80	
980	99.591667	F4	65	82	991	76.125000	F4	65	80	
981	99.591667	G#5	80	84	990	76.125000	G#5	80	80	
982	99.741667	Eb4	63	79	993	76.250000	Eb4	63	80	
983	99.773958	F#5	78	78	992	76.250000	F#5	78	80	
984	99.897917	F4	65	76	995	76.375000	F#4	66	80	
985	99.918750	G#5	80	80	994	76.375000	G#5	80	80	
986	100.077083	C#5	73	87	997	76.500000	C#5	73	80	
987	100.096875	F5	77	70	996	76.500000	F5	77	80	
988	100.228125	G#5	80	69	998	76.625000	G#5	80	80	
989	100.398958	G#4	68	85	1000	76.750000	G#4	68	80	
990	100.416667	Eb5	75	72	999	76.750000	Eb5	75	80	
991	100.568750	G#5	80	72	1001	76.875000	G#5	80	80	
992	100.729167	F4	65	78	1003	77.000000	F4	65	80	
993	100.735417	C#5	73	65	1002	77.000000	C#5	73	80	
994	100.897917	G#5	80	62	1004	77.125000	G#5	80	80	
995	101.056250	Eb4	63	65	1006	77.250000	Eb4	63	80	
996	101.077083	C5	72	71	1005	77.250000	C5	72	80	
997	101.209375	C#4	61	59	1008	77.375000	C#4	61	80	
998	101.225000	Bb4	70	72	1007	77.375000	Bb4	70	80	
999	101.365625	Eb4	63	67	1010	77.500000	Eb4	63	80	
1000	101.395833	C5	72	77	1009	77.500000	C5	72	80	
1001	101.518750	G#3	56	69	1012	77.625000	G#3	56	80	
1002	101.547917	Eb5	75	82	1011	77.625000	Eb5	75	80	
1003	101.686458	C#4	61	68	1014	77.750000	C#4	61	80	
1004	101.712500	F5	77	81	1013	77.750000	F5	77	80	
1005	101.838542	Eb4	63	73	1016	77.875000	Eb4	63	80	
1006	101.856250	F#5	78	82	1015	77.875000	F#5	78	80	
1007	102.013542	F4	65	68	1018	78.000000	F4	65	80	
1008	102.022917	G#5	80	87	1017	78.000000	G#5	80	80	
1009	102.147917	Eb4	63	74	1020	78.125000	Eb4	63	80	
1010	102.173958	F#5	78	86	1019	78.125000	F#5	78	80	
1011	102.325000	C#4	61	71	1022	78.250000	C#4	61	80	
1012	102.329167	F5	77	84	1021	78.250000	F5	77	80	
1013	102.470833	G#5	80	82	1023	78.375000	G#5	80	80	
1014	102.479167	Eb4	63	68	1024	78.375000	Eb4	63	80	
1015	102.651042	C5	72	88	1026	78.500000	C5	72	80	
1016	102.651042	Eb5	75	76	1025	78.500000	Eb5	75	80	
1017	102.804167	G#5	80	70	1027	78.625000	G#5	80	80	
1018	102.978125	G#4	68	79	1029	78.750000	G#4	68	80	
1019	102.985417	C#5	73	70	1028	78.750000	C#5	73	80	
1020	103.141667	G#5	80	65	1030	78.875000	G#5	80	80	
1021	103.308333	Eb4	63	68	1032	79.000000	Eb4	63	80	
1022	103.336458	C5	72	61	1031	79.000000	C5	72	80	
1023	103.487500	G#5	80	60	1033	79.125000	G#5	80	80	
1024	103.641667	C#4	61	61	1035	79.250000	C#4	61	80	
1025	103.659375	Bb4	70	66	1034	79.250000	Bb4	70	80	
1026	103.786458	C4	60	62	1037	79.375000	C4	60	80	
1027	103.807292	G#4	68	69	1036	79.375000	G#4	68	80	
1028	103.952083	C#4	61	63	1039	79.500000	C#4	61	80	
1029	103.964583	Bb4	70	69	1038	79.500000	Bb4	70	80	
1030	104.103125	G#3	56	71	1041	79.625000	G#3	56	80	
1031	104.121875	C#5	73	69	1040	79.625000	C#5	73	80	
1032	104.280208	Eb5	75	69	1042	79.750000	Eb5	75	80	
1033	104.287500	C4	60	71	1043	79.750000	C4	60	80	
1034	104.425000	C#4	61	79	1045	79.875000	C#4	61	80	
1035	104.438542	F5	77	70	1044	79.875000	F5	77	80	
1036	104.573958	Eb4	63	83	1047	80.000000	Eb4	63	80	
1037	104.602083	F#5	78	80	1046	80.000000	F#5	78	80	
1038	104.715625	C#4	61	74	1049	80.125000	C#4	61	80	
1039	104.746875	F5	77	73	1048	80.125000	F5	77	80	
1040	104.904167	C4	60	77	1051	80.250000	C4	60	80	
1041	104.916667	Eb5	75	77	1050	80.250000	Eb5	75	80	
1042	105.062500	C#4	61	76	1053	80.375000	C#4	61	80	
1043	105.063542	F5	77	75	1052	80.375000	F5	77	80	
1044	105.223958	C#5	73	75	1054	80.500000	C#5	73	80	
1045	105.231250	Bb4	70	87	1055	80.500000	Bb4	70	80	
1046	105.382292	Eb5	75	71	1056	80.625000	Eb5	75	80	
1047	105.554167	G4	67	74	1058	80.750000	G4	67	80	
1048	105.573958	C5	72	77	1057	80.750000	C5	72	80	
1049	105.713542	Eb5	75	73	1059	80.875000	Eb5	75	80	
1050	105.881250	Bb4	70	73	1060	81.000000	Bb4	70	80	
1051	105.885417	C#4	61	73	1061	81.000000	C#4	61	80	
1052	106.033333	Eb5	75	66	1062	81.125000	Eb5	75	80	
1053	106.189583	C4	60	64	1064	81.250000	C4	60	80	
1054	106.204167	G#4	68	69	1063	81.250000	G#4	68	80	
1055	106.336458	Bb3	58	62	1066	81.375000	Bb3	58	80	
1056	106.360417	G4	67	54	1065	81.375000	G4	67	80	
1057	106.520833	C4	60	61	1068	81.500000	C4	60	80	
1058	106.523958	G#4	68	69	1067	81.500000	G#4	68	80	
1059	106.664583	G#3	56	71	1070	81.625000	G#3	56	80	
1060	106.683333	C5	72	76	1069	81.625000	C5	72	80	
1061	106.821875	Bb3	58	64	1072	81.750000	Bb3	58	80	
1062	106.834375	C#5	73	80	1071	81.750000	C#5	73	80	
1063	106.977083	C4	60	70	1074	81.875000	C4	60	80	
1064	106.980208	Eb5	75	83	1073	81.875000	Eb5	75	80	
1065	107.135417	F5	77	83	1075	82.000000	F5	77	80	
1066	107.143750	C#4	61	74	1076	82.000000	C#4	61	80	
1067	107.296875	Eb4	63	74	1078	82.125000	Eb4	63	80	
1068	107.302083	F#5	78	84	1077	82.125000	F#5	78	80	
1069	107.457292	G#5	80	83	1079	82.250000	G#5	80	80	
1070	107.463542	F4	65	74	1080	82.250000	F4	65	80	
1071	107.591667	Eb4	63	74	1082	82.375000	Eb4	63	80	
1072	107.610417	Bb5	82	80	1081	82.375000	Bb5	82	80	
1073	107.755208	F#4	66	74	1084	82.500000	F#4	66	80	
1074	107.769792	C5	72	86	1083	82.500000	C5	72	80	
1075	107.917708	F4	65	75	1085	82.625000	F4	65	80	
1076	108.081250	Eb4	63	73	1087	82.750000	Eb4	63	80	
1077	108.089583	G#4	68	79	1086	82.750000	G#4	68	80	
1078	108.231250	C#4	61	71	1088	82.875000	C#4	61	80	
1079	108.405208	F#4	66	78	1090	83.000000	F#4	66	80	
1080	108.407292	Bb4	70	82	1089	83.000000	Bb4	70	80	
1081	108.567708	G#4	68	82	1091	83.125000	G#4	68	80	
1082	108.730208	F#4	66	84	1092	83.250000	F#4	66	80	
1083	108.740625	Bb3	58	65	1093	83.250000	Bb3	58	80	
1084	108.875000	G#4	68	85	1094	83.375000	G#4	68	80	
1085	108.884375	C4	60	70	1095	83.375000	C4	60	80	
1086	109.045833	C#4	61	75	1097	83.500000	C#4	61	80	
1087	109.046875	F5	77	86	1096	83.500000	F5	77	80	
1088	109.204167	C4	60	73	1098	83.625000	C4	60	80	
1089	109.380208	C#5	73	81	1099	83.750000	C#5	73	80	
1090	109.396875	Bb3	58	64	1100	83.750000	Bb3	58	80	
1091	109.554167	G#3	56	74	1101	83.875000	G#3	56	80	
1092	109.770833	G#4	68	81	1102	84.000000	G#4	68	80	
1093	109.788542	Bb3	58	65	1103	84.000000	Bb3	58	80	
1094	110.145833	F#4	66	69	1104	84.250000	F#4	66	80	
1095	110.304167	F4	65	64	1105	84.375000	F4	65	80	
1096	110.481250	F#4	66	73	1106	84.500000	F#4	66	80	
1097	110.627083	G#3	56	75	1107	84.625000	G#3	56	80	
1098	110.800000	F#3	54	68	1109	84.750000	F#3	54	80	
1099	110.800000	Eb5	75	79	1108	84.750000	Eb5	75	80	
1100	110.975000	Bb3	58	73	1110	84.875000	Bb3	58	80	
1101	111.142708	G#3	56	69	1112	85.000000	G#3	56	80	
1102	111.143750	F4	65	77	1111	85.000000	F4	65	80	
1103	111.289583	F#3	54	68	1113	85.125000	F#3	54	80	
1104	111.462500	C#5	73	74	1114	85.250000	C#5	73	80	
1105	111.468750	F3	53	68	1115	85.250000	F3	53	80	
1106	111.620833	G#3	56	73	1116	85.375000	G#3	56	80	
1107	111.801042	F#3	54	62	1118	85.500000	F#3	54	80	
1108	111.806250	Eb4	63	75	1117	85.500000	Eb4	63	80	
1109	111.971875	F3	53	67	1119	85.625000	F3	53	80	
1110	112.132292	C5	72	74	1120	85.750000	C5	72	80	
1111	112.142708	F#3	54	63	1121	85.750000	F#3	54	80	
1112	112.300000	Eb3	51	64	1122	85.875000	Eb3	51	80	
1113	112.466667	C#4	61	73	1123	86.000000	C#4	61	80	
1114	112.472917	F3	53	67	1124	86.000000	F3	53	80	
1115	112.811458	C#5	73	77	1125	86.250000	C#5	73	80	
1116	112.961458	G#3	56	71	1127	86.375000	G#3	56	80	
1117	112.962500	C5	72	80	1126	86.375000	C5	72	80	
1118	113.118750	Bb3	58	67	1129	86.500000	Bb3	58	80	
1119	113.121875	C#5	73	82	1128	86.500000	C#5	73	80	
1120	113.269792	C4	60	73	1131	86.625000	C4	60	80	
1121	113.280208	Eb5	75	85	1130	86.625000	Eb5	75	80	
1122	113.430208	C#4	61	71	1133	86.750000	C#4	61	80	
1123	113.432292	F5	77	81	1132	86.750000	F5	77	80	
1124	113.586458	F#5	78	84	1135	86.875000	F#5	78	80	
1125	113.597917	Eb4	63	80	1136	86.875000	Eb4	63	80	
1126	113.753125	G#5	80	87	1137	87.000000	G#5	80	80	
1127	113.769792	F4	65	79	1138	87.000000	F4	65	80	
1128	113.916667	G5	79	87	1139	87.125000	F#5	78	80	
1129	113.917708	Eb4	63	78	1140	87.125000	Eb4	63	80	
1130	114.080208	F5	77	84	1141	87.250000	F5	77	80	
1131	114.083333	C#4	61	70	1142	87.250000	C#4	61	80	
1132	114.235417	G5	79	87	1143	87.375000	F#5	78	80	
1133	114.236458	Eb4	63	76	1144	87.375000	Eb4	63	80	
1134	114.414583	C5	72	94	1146	87.500000	C5	72	80	
1135	114.427083	G#5	80	82	1145	87.500000	G#5	80	80	
1136	114.429167	C4	60	79	1147	87.500000	C4	60	80	
1137	114.592708	F#5	78	73	1148	87.625000	F#5	78	80	
1138	114.743750	G#4	68	88	1150	87.750000	G#4	68	80	
1139	114.769792	F5	77	71	1149	87.750000	F5	77	80	
1140	114.918750	Eb5	75	83	1151	87.875000	Eb5	75	80	
1141	115.109375	F5	77	76	1152	88.000000	F5	77	80	
1142	115.114583	Eb4	63	77	1153	88.000000	Eb4	63	80	
1143	115.457292	C#4	61	72	1154	88.250000	C#4	61	80	
1144	115.612500	C4	60	74	1155	88.375000	C4	60	80	
1145	115.792708	C#4	61	77	1157	88.500000	C#4	61	80	
1146	115.798958	Bb3	58	56	1156	88.500000	Bb3	58	80	
1147	115.971875	Eb5	75	73	1158	88.625000	Eb5	75	80	
1148	116.121875	Bb4	70	80	1160	88.750000	Bb4	70	80	
1149	116.135417	C#5	73	71	1159	88.750000	C#5	73	80	
1150	116.300000	F5	77	73	1161	88.875000	F5	77	80	
1151	116.455208	C4	60	76	1163	89.000000	C4	60	80	
1152	116.469792	Eb5	75	74	1162	89.000000	Eb5	75	80	
1153	116.622917	C#5	73	70	1164	89.125000	C#5	73	80	
1154	116.791667	G#4	68	87	1167	89.250000	G#4	68	80	
1155	116.798958	C5	72	72	1165	89.250000	C5	72	80	
1156	116.800000	G#3	56	72	1166	89.250000	G#3	56	80	
1157	116.943750	Eb5	75	73	1168	89.375000	Eb5	75	80	
1158	117.119792	Bb3	58	74	1170	89.500000	Bb3	58	80	
1159	117.122917	C#5	73	73	1169	89.500000	C#5	73	80	
1160	117.272917	C5	72	74	1172	89.625000	C5	72	80	
1161	117.439583	G4	67	68	1175	89.750000	G4	67	80	
1162	117.441667	Eb3	51	67	1174	89.750000	Eb3	51	80	
1163	117.441667	C#5	73	75	1173	89.750000	C#5	73	80	
1164	117.585417	Bb4	70	78	1176	89.875000	Bb4	70	80	
1165	117.755208	C5	72	86	1177	90.000000	C5	72	80	
1166	117.764583	G#3	56	82	1178	90.000000	G#3	56	80	
1167	118.103125	Eb5	75	86	1180	90.250000	Eb5	75	80	
1168	118.114583	G#4	68	84	1181	90.250000	G#4	68	80	
1169	118.266667	G4	67	71	1182	90.375000	G4	67	80	
1170	118.425000	F#5	78	86	1183	90.500000	F#5	78	80	
1171	118.430208	G#4	68	89	1184	90.500000	G#4	68	80	
1172	118.570833	Bb4	70	72	1185	90.625000	Bb4	70	80	
1173	118.738542	G#3	56	79	1187	90.750000	G#3	56	80	
1174	118.753125	C5	72	73	1186	90.750000	C5	72	80	
1175	118.908333	G#4	68	74	1188	90.875000	G#4	68	80	
1176	119.084375	C#5	73	73	1189	91.000000	C#5	73	80	
1177	119.086458	Bb3	58	78	1190	91.000000	Bb3	58	80	
1178	119.234375	G#3	56	77	1192	91.125000	G#3	56	80	
1179	119.237500	C5	72	75	1191	91.125000	C5	72	80	
1180	119.400000	F#3	54	73	1194	91.250000	F#3	54	80	
1181	119.404167	Bb4	70	78	1193	91.250000	Bb4	70	80	
1182	119.555208	C5	72	86	1195	91.375000	C5	72	80	
1183	119.562500	G#3	56	73	1196	91.375000	G#3	56	80	
1184	119.718750	F5	77	78	1197	91.500000	F5	77	80	
1185	119.726042	F4	65	75	1199	91.500000	F4	65	80	
1186	119.743750	C#5	73	75	1198	91.500000	C#5	73	80	
1187	119.892708	C5	72	72	1200	91.625000	C5	72	80	
1188	120.056250	C#4	61	71	1202	91.750000	C#4	61	80	
1189	120.077083	Bb4	70	77	1201	91.750000	Bb4	70	80	
1190	120.184375	G#4	68	77	*	-1	*	-1	-1	
1191	120.297917	G#4	68	81	1203	91.875000	G#4	68	80	
1192	120.390625	Bb4	70	82	1204	92.000000	Bb4	70	80	
1193	120.397917	G#3	56	76	1205	92.000000	G#3	56	80	
1194	120.742708	F#3	54	74	1206	92.250000	F#3	54	80	
1195	120.905208	F3	53	74	1207	92.375000	F3	53	80	
1196	121.066667	Eb5	75	74	1208	92.500000	Eb5	75	80	
1197	121.079167	F#3	54	65	1209	92.500000	F#3	54	80	
1198	121.219792	G#4	68	69	1210	92.625000	G#4	68	80	
1199	121.386458	Eb4	63	62	1212	92.750000	Eb4	63	80	
1200	121.389583	F#4	66	62	1211	92.750000	F#4	66	80	
1201	121.530208	Bb4	70	72	1213	92.875000	Bb4	70	80	
1202	121.697917	G#4	68	68	1214	93.000000	G#4	68	80	
1203	121.703125	F3	53	59	1215	93.000000	F3	53	80	
1204	121.851042	F#4	66	65	1216	93.125000	F#4	66	80	
1205	122.014583	C#5	73	71	1217	93.250000	C#5	73	80	
1206	122.022917	C#4	61	54	1219	93.250000	C#4	61	80	
1207	122.028125	F4	65	55	1218	93.250000	F4	65	80	
1208	122.184375	G#4	68	64	1220	93.375000	G#4	68	80	
1209	122.337500	C5	72	69	1221	93.500000	C5	72	80	
1210	122.358333	Eb3	51	52	1223	93.500000	Eb3	51	80	
1211	122.377083	F#4	66	49	1222	93.500000	F#4	66	80	
1212	122.506250	F4	65	50	1224	93.625000	F4	65	80	
1213	122.676042	Eb5	75	64	1225	93.750000	Eb5	75	80	
1214	122.692708	C4	60	47	1227	93.750000	C4	60	80	
1215	122.710417	F#4	66	44	1226	93.750000	F#4	66	80	
1216	122.854167	Eb4	63	48	1228	93.875000	Eb4	63	80	
1217	123.026042	C#3	49	54	1230	94.000000	C#3	49	80	
1218	123.031250	F4	65	47	1229	94.000000	F4	65	80	
1219	123.194792	G#2	44	46	1231	94.125000	G#2	44	80	
1220	123.355208	G#4	68	71	1232	94.250000	G#4	68	80	
1221	123.380208	C#3	49	51	1233	94.250000	C#3	49	80	
1222	123.544792	Eb3	51	48	1234	94.375000	Eb3	51	80	
1223	123.693750	C#5	73	73	1235	94.500000	C#5	73	80	
1224	123.705208	F3	53	54	1236	94.500000	F3	53	80	
1225	123.868750	F#3	54	46	1237	94.625000	F#3	54	80	
1226	124.021875	G#3	56	57	1239	94.750000	G#3	56	80	
1227	124.037500	B4	71	66	1238	94.750000	B4	71	80	
1228	124.206250	F3	53	52	1240	94.875000	F3	53	80	
1229	124.366667	Bb4	70	66	1241	95.000000	Bb4	70	80	
1230	124.373958	F#3	54	45	1242	95.000000	F#3	54	80	
1231	124.540625	F#2	42	48	1243	95.125000	F#2	42	80	
1232	124.718750	C#4	61	66	1244	95.250000	C#4	61	80	
1233	124.732292	F#3	54	53	1245	95.250000	F#3	54	80	
1234	124.889583	F3	53	51	1246	95.375000	F3	53	80	
1235	125.064583	F#3	54	57	1248	95.500000	F#3	54	80	
1236	125.064583	F#4	66	74	1247	95.500000	F#4	66	80	
1237	125.203125	G#3	56	62	1249	95.625000	G#3	56	80	
1238	125.373958	F4	65	70	1250	95.750000	F4	65	80	
1239	125.378125	Bb3	58	51	1251	95.750000	Bb3	58	80	
1240	125.522917	F#3	54	54	1252	95.875000	F#3	54	80	
1241	125.720833	F#4	66	64	1253	96.000000	F#4	66	80	
1242	125.725000	Eb3	51	46	1254	96.000000	Eb3	51	80	
1243	125.879167	F3	53	46	1255	96.125000	F3	53	80	
1244	126.038542	F#3	54	48	1257	96.250000	F#3	54	80	
1245	126.045833	Bb4	70	71	1256	96.250000	Bb4	70	80	
1246	126.201042	Eb3	51	38	1259	96.375000	Eb3	51	80	
1247	126.202083	F#4	66	70	1258	96.375000	F#4	66	80	
1248	126.386458	Eb4	63	54	1260	96.500000	Eb4	63	80	
1249	126.388542	C3	48	45	1261	96.500000	C3	48	80	
1250	126.545833	C#3	49	48	1262	96.625000	C#3	49	80	
1251	126.710417	Eb3	51	43	1264	96.750000	Eb3	51	80	
1252	126.720833	F#4	66	57	1263	96.750000	F#4	66	80	
1253	126.867708	C#3	49	27	*	-1	*	-1	-1	
1254	126.894792	Eb4	63	57	1265	96.875000	Eb4	63	80	
1255	126.962500	C3	48	6	1266	96.875000	C3	48	80	
1256	127.056250	G#3	56	48	1267	97.000000	G#3	56	80	
1257	127.062500	F2	41	44	1268	97.000000	F2	41	80	
1258	127.414583	Eb4	63	65	1269	97.250000	Eb4	63	80	
1259	127.417708	F3	53	51	1270	97.250000	F3	53	80	
1260	127.585417	Eb3	51	56	1271	97.375000	Eb3	51	80	
1261	127.756250	G#4	68	68	1272	97.500000	G#4	68	80	
1262	127.771875	F3	53	64	1273	97.500000	F3	53	80	
1263	127.933333	F#3	54	70	1274	97.625000	F#3	54	80	
1264	128.080208	G#3	56	73	1276	97.750000	G#3	56	80	
1265	128.096875	C4	60	62	1275	97.750000	C4	60	80	
1266	128.228125	F3	53	73	1277	97.875000	F3	53	80	
1267	128.405208	D3	50	62	1279	98.000000	D3	50	80	
1268	128.429167	F4	65	54	1278	98.000000	F4	65	80	
1269	128.563542	Eb3	51	66	1280	98.125000	Eb3	51	80	
1270	128.725000	F3	53	68	1282	98.250000	F3	53	80	
1271	128.738542	G#4	68	69	1281	98.250000	G#4	68	80	
1272	128.887500	D3	50	65	1284	98.375000	D3	50	80	
1273	128.904167	F4	65	61	1283	98.375000	F4	65	80	
1274	129.068750	D4	62	58	1285	98.500000	D4	62	80	
1275	129.071875	Bb2	46	57	1286	98.500000	Bb2	46	80	
1276	129.215625	C3	48	58	1287	98.625000	C3	48	80	
1277	129.383333	D3	50	59	1289	98.750000	D3	50	80	
1278	129.383333	F4	65	52	1288	98.750000	F4	65	80	
1279	129.538542	Bb2	46	59	1291	98.875000	Bb2	46	80	
1280	129.540625	D4	62	59	1290	98.875000	D4	62	80	
1281	129.716667	F#3	54	58	1292	99.000000	F#3	54	80	
1282	129.735417	Eb2	39	51	1293	99.000000	Eb2	39	80	
1283	130.042708	Eb3	51	62	1295	99.250000	Eb3	51	80	
1284	130.060417	Bb3	58	64	1294	99.250000	Bb3	58	80	
1285	130.220833	D3	50	72	1296	99.375000	D3	50	80	
1286	130.384375	F#4	66	65	1297	99.500000	F#4	66	80	
1287	130.390625	Eb3	51	76	1298	99.500000	Eb3	51	80	
1288	130.540625	F3	53	80	1299	99.625000	F3	53	80	
1289	130.707292	F#3	54	78	1301	99.750000	F#3	54	80	
1290	130.719792	Bb3	58	60	1300	99.750000	Bb3	58	80	
1291	130.852083	Eb3	51	71	1302	99.875000	Eb3	51	80	
1292	131.052083	C3	48	68	1304	100.000000	C3	48	80	
1293	131.058333	Eb4	63	76	1303	100.000000	Eb4	63	80	
1294	131.201042	F4	65	75	1305	100.125000	F4	65	80	
1295	131.212500	C#3	49	71	1306	100.125000	C#3	49	80	
1296	131.360417	F#4	66	87	1307	100.250000	F#4	66	80	
1297	131.364583	Eb3	51	69	1308	100.250000	Eb3	51	80	
1298	131.506250	Eb4	63	87	1309	100.375000	Eb4	63	80	
1299	131.523958	C3	48	73	1310	100.375000	C3	48	80	
1300	131.663542	Eb5	75	89	1311	100.500000	Eb5	75	80	
1301	131.688542	G#2	44	74	1312	100.500000	G#2	44	80	
1302	131.841667	F#4	66	65	1313	100.625000	F#4	66	80	
1303	131.843750	Bb2	46	62	1314	100.625000	Bb2	46	80	
1304	131.991667	C3	48	69	1316	100.750000	C3	48	80	
1305	132.005208	G#4	68	77	1315	100.750000	G#4	68	80	
1306	132.143750	Eb4	63	78	1317	100.875000	Eb4	63	80	
1307	132.145833	G#2	44	70	1318	100.875000	G#2	44	80	
1308	132.309375	F4	65	78	1319	101.000000	F4	65	80	
1309	132.312500	C#2	37	80	1320	101.000000	C#2	37	80	
1310	132.463542	C#5	73	79	1321	101.125000	C#5	73	80	
1311	132.640625	C#3	49	78	1323	101.250000	C#3	49	80	
1312	132.641667	C5	72	81	1322	101.250000	C5	72	80	
1313	132.784375	Eb3	51	71	1325	101.375000	Eb3	51	80	
1314	132.786458	Eb5	75	86	1324	101.375000	Eb5	75	80	
1315	132.959375	C#5	73	83	1326	101.500000	C#5	73	80	
1316	132.971875	F3	53	74	1327	101.500000	F3	53	80	
1317	133.111458	G#4	68	77	1328	101.625000	G#4	68	80	
1318	133.275000	C#4	61	90	1330	101.750000	C#4	61	80	
1319	133.290625	C#3	49	74	1331	101.750000	C#3	49	80	
1320	133.300000	Bb4	70	80	1329	101.750000	Bb4	70	80	
1321	133.463542	B4	71	80	1332	101.875000	B4	71	80	
1322	133.641667	F#3	54	72	1334	102.000000	F#3	54	80	
1323	133.653125	Bb4	70	78	1333	102.000000	Bb4	70	80	
1324	133.830208	C4	60	74	1336	102.125000	C4	60	80	
1325	133.837500	G#4	68	81	1335	102.125000	G#4	68	80	
1326	133.981250	Bb3	58	71	1338	102.250000	Bb3	58	80	
1327	133.994792	F#4	66	78	1337	102.250000	F#4	66	80	
1328	134.114583	C4	60	72	1340	102.375000	C4	60	80	
1329	134.137500	G#4	68	84	1339	102.375000	G#4	68	80	
1330	134.296875	F5	77	83	1341	102.500000	F5	77	80	
1331	134.302083	C#4	61	81	1342	102.500000	C#4	61	80	
1332	134.328125	F3	53	55	1343	102.500000	F3	53	80	
1333	134.445833	C4	60	76	1344	102.625000	C4	60	80	
1334	134.602083	C#5	73	80	1345	102.750000	C#5	73	80	
1335	134.646875	Bb3	58	69	1346	102.750000	Bb3	58	80	
1336	134.783333	G#3	56	80	1347	102.875000	G#3	56	80	
1337	134.971875	G#4	68	81	1348	103.000000	G#4	68	80	
1338	134.978125	Bb3	58	73	1349	103.000000	Bb3	58	80	
1339	134.995833	Eb3	51	67	1350	103.000000	Eb3	51	80	
1340	135.339583	C#3	49	68	1352	103.250000	C#3	49	80	
1341	135.344792	F#4	66	74	1351	103.250000	F#4	66	80	
1342	135.495833	F4	65	74	1353	103.375000	F4	65	80	
1343	135.662500	C3	48	65	1355	103.500000	C3	48	80	
1344	135.678125	F#4	66	78	1354	103.500000	F#4	66	80	
1345	135.825000	G#3	56	79	1356	103.625000	G#3	56	80	
1346	135.995833	F#3	54	74	1358	103.750000	F#3	54	80	
1347	136.006250	Eb5	75	81	1357	103.750000	Eb5	75	80	
1348	136.167708	Bb3	58	79	1359	103.875000	Bb3	58	80	
1349	136.335417	F4	65	76	1360	104.000000	F4	65	80	
1350	136.352083	G#3	56	81	1361	104.000000	G#3	56	80	
1351	136.357292	C#3	49	75	1362	104.000000	C#3	49	80	
1352	136.511458	F#3	54	72	1363	104.125000	F#3	54	80	
1353	136.676042	F3	53	68	1365	104.250000	F3	53	80	
1354	136.680208	C#5	73	81	1364	104.250000	C#5	73	80	
1355	136.838542	G#3	56	75	1366	104.375000	G#3	56	80	
1356	137.020833	F#3	54	67	1368	104.500000	F#3	54	80	
1357	137.022917	Eb4	63	82	1367	104.500000	Eb4	63	80	
1358	137.038542	G#2	44	57	1369	104.500000	G#2	44	80	
1359	137.184375	F3	53	74	1370	104.625000	F3	53	80	
1360	137.375000	F#3	54	75	1372	104.750000	Eb3	51	80	
1361	137.382292	C5	72	79	1371	104.750000	C5	72	80	
1362	137.518750	Eb3	51	70	1373	104.875000	F#3	54	80	
1363	137.778125	C#4	61	73	1374	105.000000	C#4	61	80	
1364	137.783333	Bb2	46	56	1376	105.000000	Bb2	46	80	
1365	137.783333	F3	53	64	1375	105.000000	F3	53	80	
1366	138.013542	F4	65	70	1377	105.125000	F4	65	80	
1367	138.025000	G#3	56	65	1378	105.125000	G#3	56	80	
1368	138.182292	F#4	66	74	1379	105.250000	F#4	66	80	
1369	138.203125	Bb3	58	62	1380	105.250000	Bb3	58	80	
1370	138.333333	G#4	68	81	1381	105.375000	G#4	68	80	
1371	138.352083	C4	60	60	1382	105.375000	C4	60	80	
1372	138.509375	Bb4	70	75	1383	105.500000	Bb4	70	80	
1373	138.520833	C#4	61	63	1384	105.500000	C#4	61	80	
1374	138.661458	C4	60	65	1386	105.625000	C4	60	80	
1375	138.690625	C5	72	68	1385	105.625000	C5	72	80	
1376	138.820833	Bb3	58	60	1388	105.750000	Bb3	58	80	
1377	138.845833	C#5	73	76	1387	105.750000	C#5	73	80	
1378	138.971875	G#3	56	69	1390	105.875000	G#3	56	80	
1379	138.997917	Eb5	75	79	1389	105.875000	Eb5	75	80	
1380	139.163542	G3	55	73	1392	106.000000	G3	55	80	
1381	139.166667	E5	76	81	1391	106.000000	E5	76	80	
1382	139.308333	Eb5	75	80	1393	106.125000	Eb5	75	80	
1383	139.315625	G#3	56	78	1394	106.125000	G#3	56	80	
1384	139.472917	Bb3	58	76	1396	106.250000	Bb3	58	80	
1385	139.477083	C#5	73	83	1395	106.250000	C#5	73	80	
1386	139.630208	G3	55	75	1398	106.375000	G3	55	80	
1387	139.635417	Eb5	75	91	1397	106.375000	Eb5	75	80	
1388	139.794792	E5	76	84	1399	106.500000	E5	76	80	
1389	139.800000	Eb3	51	82	1400	106.500000	Eb3	51	80	
1390	139.951042	C#3	49	74	1402	106.625000	C#3	49	80	
1391	139.960417	G5	79	87	1401	106.625000	G5	79	80	
1392	140.110417	C3	48	66	1404	106.750000	C3	48	80	
1393	140.118750	G#5	80	89	1403	106.750000	G#5	80	80	
1394	140.272917	Bb2	46	75	1406	106.875000	Bb2	46	80	
1395	140.272917	Bb5	82	86	1405	106.875000	Bb5	82	80	
1396	140.443750	G#2	44	70	1408	107.000000	G#2	44	80	
1397	140.454167	C#5	73	81	1407	107.000000	C#5	73	80	
1398	140.603125	C5	72	84	1409	107.125000	C5	72	80	
1399	140.611458	Eb3	51	69	1410	107.125000	Eb3	51	80	
1400	140.761458	F3	53	75	1412	107.250000	F3	53	80	
1401	140.763542	Bb4	70	85	1411	107.250000	Bb4	70	80	
1402	140.917708	F#3	54	79	1414	107.375000	F#3	54	80	
1403	140.917708	G#4	68	86	1413	107.375000	G#4	68	80	
1404	141.091667	Eb5	75	88	1415	107.500000	Eb5	75	80	
1405	141.098958	G#3	56	82	1416	107.500000	G#3	56	80	
1406	141.270833	Bb3	58	82	1417	107.625000	Bb3	58	80	
1407	141.443750	F#4	66	79	1418	107.750000	F#4	66	80	
1408	141.445833	C4	60	76	1419	107.750000	C4	60	80	
1409	141.614583	G#3	56	80	1420	107.875000	G#3	56	80	
1410	141.864583	F4	65	74	1421	108.000000	F4	65	80	
1411	141.881250	C#4	61	71	1422	108.000000	C#4	61	80	
1412	142.326042	C#5	73	87	1425	108.250000	C#5	73	80	
1413	142.336458	G#4	68	74	1424	108.250000	G#4	68	80	
1414	142.346875	C#4	61	70	1423	108.250000	C#4	61	80	
1415	142.358333	F2	41	67	1426	108.250000	F2	41	80	
1416	142.791667	Bb4	70	82	1429	108.500000	Bb4	70	80	
1417	142.822917	F#2	42	65	1431	108.500000	F#2	42	80	
1418	142.848958	F#4	66	66	1428	108.500000	F#4	66	80	
1419	142.953125	Eb4	63	50	1427	108.500000	Eb4	63	80	
1420	143.438542	C5	72	76	1432	108.750000	C5	72	80	
1421	143.470833	G#2	44	54	1435	108.750000	G#2	44	80	
1422	143.476042	F#4	66	53	1433	108.750000	F#4	66	80	
1423	143.482292	G#4	68	57	1434	108.750000	G#4	68	80	
1424	144.375000	C#2	37	57	1440	109.000000	C#2	37	80	
1425	144.453125	C#4	61	60	1437	109.000000	C#4	61	80	
1426	144.531250	F4	65	64	1438	109.000000	F4	65	80	
1427	144.611458	G#4	68	76	1439	109.000000	G#4	68	80	
1428	144.695833	C#5	73	76	1436	109.000000	C#5	73	80	
*	-1	*	-1	-1	59	8.000000	Bb4	70	80	
*	-1	*	-1	-1	295	25.500000	Bb3	58	80	
*	-1	*	-1	-1	457	37.500000	G#4	68	80	
*	-1	*	-1	-1	467	38.500000	G4	67	80	
*	-1	*	-1	-1	477	39.250000	F4	65	80	
*	-1	*	-1	-1	638	51.000000	Eb4	63	80	
*	-1	*	-1	-1	684	54.500000	Eb3	51	80	
*	-1	*	-1	-1	691	55.000000	C#4	61	80	
*	-1	*	-1	-1	745	59.000000	G#4	68	80	
*	-1	*	-1	-1	960	75.000000	Bb5	82	80	
*	-1	*	-1	-1	974	75.500000	Bb5	82	80	
*	-1	*	-1	-1	977	75.625000	G#5	80	80	
*	-1	*	-1	-1	982	75.750000	Bb5	82	80	
*	-1	*	-1	-1	1134	86.750000	C#4	61	80	
*	-1	*	-1	-1	1171	89.500000	Bb3	58	80	
*	-1	*	-1	-1	1179	90.000000	G#3	56	80	
*	-1	*	-1	-1	1430	108.500000	Eb4	63	80	
*	-1	*	-1	-1	985	75.875000	G#5	80	80	
