// alignID alignOntime alignSitch alignPitch alignOnvel refID refOntime refSitch refPitch refOnvel
0	0.500000	G#4	68	72	0	0.750000	G#4	68	80	
1	0.809375	Bb4	70	64	1	1.000000	Bb4	70	80	
2	0.953125	G#4	68	69	2	1.125000	G#4	68	80	
3	1.093750	F#4	66	66	3	1.250000	F#4	66	80	
4	1.208333	G#4	68	72	4	1.375000	G#4	68	80	
5	1.368750	F5	77	86	5	1.500000	F5	77	80	
6	1.681250	C#5	73	81	6	1.750000	C#5	73	80	
7	2.009375	G#4	68	83	7	2.000000	G#4	68	80	
8	2.341667	F#4	66	70	8	2.250000	F#4	66	80	
9	2.462500	F4	65	67	9	2.375000	F4	65	80	
10	2.601042	F#4	66	75	10	2.500000	F#4	66	80	
11	2.912500	Eb5	75	74	11	2.750000	Eb5	75	80	
12	3.220833	F4	65	68	12	3.000000	F4	65	80	
13	3.529167	C#5	73	75	13	3.250000	C#5	73	80	
14	3.839583	Eb4	63	65	14	3.500000	Eb4	63	80	
15	4.166667	C5	72	74	15	3.750000	C5	72	80	
16	4.496875	C#4	61	65	16	4.000000	C#4	61	80	
17	4.839583	C#5	73	66	17	4.250000	C#5	73	80	
18	4.965625	C5	72	71	18	4.375000	C5	72	80	
19	5.119792	C#5	73	71	19	4.500000	C#5	73	80	
20	5.258333	Eb5	75	67	20	4.625000	Eb5	75	80	
21	5.412500	C#4	61	64	22	4.750000	C#4	61	80	
22	5.414583	F5	77	78	21	4.750000	F5	77	80	
23	5.548958	F#5	78	74	23	4.875000	F#5	78	80	
24	5.714583	F4	65	72	25	5.000000	F4	65	80	
25	5.719792	G#5	80	79	24	5.000000	G#5	80	80	
26	5.852083	G5	79	80	26	5.125000	G5	79	80	
27	5.865625	Eb4	63	75	27	5.125000	Eb4	63	80	
28	5.994792	F5	77	82	28	5.250000	F5	77	80	
29	6.003125	C#4	61	70	29	5.250000	C#4	61	80	
30	6.127083	G5	79	85	30	5.375000	G5	79	80	
31	6.131250	Eb4	63	79	31	5.375000	Eb4	63	80	
32	6.278125	G#5	80	83	32	5.500000	G#5	80	80	
33	6.282292	C5	72	90	33	5.500000	C5	72	80	
34	6.423958	F#5	78	82	34	5.625000	F#5	78	80	
35	6.581250	G#4	68	84	36	5.750000	G#4	68	80	
36	6.585417	F5	77	81	35	5.750000	F5	77	80	
37	6.721875	Eb5	75	71	37	5.875000	Eb5	75	80	
38	6.895833	Eb4	63	79	39	6.000000	Eb4	63	80	
39	6.903125	F5	77	75	38	6.000000	F5	77	80	
40	7.233333	C#4	61	74	40	6.250000	C#4	61	80	
41	7.370833	C4	60	73	41	6.375000	C4	60	80	
42	7.512500	C#4	61	78	42	6.500000	C#4	61	80	
43	7.652083	Eb5	75	77	43	6.625000	Eb5	75	80	
44	7.802083	Bb4	70	85	45	6.750000	Bb4	70	80	
45	7.812500	C#5	73	81	44	6.750000	C#5	73	80	
46	7.955208	F5	77	80	46	6.875000	F5	77	80	
47	8.107292	C4	60	79	48	7.000000	C4	60	80	
48	8.122917	Eb5	75	76	47	7.000000	Eb5	75	80	
49	8.253125	C#5	73	78	49	7.125000	C#5	73	80	
50	8.416667	G#4	68	77	51	7.250000	G#4	68	80	
51	8.416667	C5	72	72	50	7.250000	C5	72	80	
52	8.557292	Eb5	75	70	52	7.375000	Eb5	75	80	
53	8.717708	Bb3	58	66	54	7.500000	Bb3	58	80	
54	8.721875	C#5	73	73	53	7.500000	C#5	73	80	
55	8.865625	C5	72	72	55	7.625000	C5	72	80	
56	9.019792	G4	67	64	57	7.750000	G4	67	80	
57	9.027083	C#5	73	76	56	7.750000	C#5	73	80	
58	9.159375	Bb4	70	76	58	7.875000	Bb4	70	80	
59	9.321875	C5	72	91	59	8.000000	Bb4	70	80	
60	9.331250	G#3	56	70	60	8.000000	G#3	56	80	
61	9.664583	G#4	68	68	63	8.250000	G#4	68	80	
62	9.679167	Eb5	75	81	62	8.250000	Eb5	75	80	
63	9.802083	G4	67	76	64	8.375000	G4	67	80	
64	9.971875	G#4	68	84	66	8.500000	G#4	68	80	
65	9.971875	F#5	78	94	65	8.500000	F#5	78	80	
66	10.111458	Bb4	70	69	67	8.625000	Bb4	70	80	
67	10.279167	G#3	56	85	69	8.750000	G#3	56	80	
68	10.283333	C5	72	76	68	8.750000	C5	72	80	
69	10.398958	F#5	78	31	*	-1	*	-1	-1	
70	10.432292	G#4	68	72	70	8.875000	G#4	68	80	
71	10.600000	Bb3	58	87	72	9.000000	Bb3	58	80	
72	10.607292	C#5	73	77	71	9.000000	C#5	73	80	
73	10.737500	G#3	56	85	74	9.125000	G#3	56	80	
74	10.746875	C5	72	72	73	9.125000	C5	72	80	
75	10.880208	F#3	54	83	76	9.250000	F#3	54	80	
76	10.892708	Bb4	70	78	75	9.250000	Bb4	70	80	
77	11.015625	G#3	56	88	78	9.375000	G#3	56	80	
78	11.031250	C5	72	80	77	9.375000	C5	72	80	
79	11.184375	F4	65	86	81	9.500000	F4	65	80	
80	11.191667	C#5	73	74	80	9.500000	C#5	73	80	
81	11.203125	F5	77	75	79	9.500000	F5	77	80	
82	11.323958	C5	72	70	82	9.625000	C5	72	80	
83	11.489583	C#4	61	79	84	9.750000	C#4	61	80	
84	11.508333	Bb4	70	71	83	9.750000	Bb4	70	80	
85	11.631250	G#4	68	70	85	9.875000	G#4	68	80	
86	11.804167	G#3	56	79	87	10.000000	G#3	56	80	
87	11.823958	Bb4	70	72	86	10.000000	Bb4	70	80	
88	12.147917	F#3	54	75	88	10.250000	F#3	54	80	
89	12.282292	F3	53	76	89	10.375000	F3	53	80	
90	12.443750	F#3	54	79	91	10.500000	F#3	54	80	
91	12.457292	Eb5	75	79	90	10.500000	Eb5	75	80	
92	12.584375	G#4	68	76	92	10.625000	G#4	68	80	
93	12.750000	Eb4	63	80	94	10.750000	Eb4	63	80	
94	12.750000	F#4	66	75	93	10.750000	F#4	66	80	
95	12.892708	Bb4	70	73	95	10.875000	Bb4	70	80	
96	13.058333	F3	53	84	97	11.000000	F3	53	80	
97	13.058333	G#4	68	84	96	11.000000	G#4	68	80	
98	13.207292	F#4	66	74	98	11.125000	F#4	66	80	
99	13.368750	C#5	73	83	99	11.250000	C#5	73	80	
100	13.376042	C#4	61	76	101	11.250000	C#4	61	80	
101	13.386458	F4	65	71	100	11.250000	F4	65	80	
102	13.526042	G#4	68	80	102	11.375000	G#4	68	80	
103	13.679167	C5	72	79	103	11.500000	C5	72	80	
104	13.693750	Eb3	51	78	105	11.500000	Eb3	51	80	
105	13.693750	F#4	66	69	104	11.500000	F#4	66	80	
106	13.820833	F4	65	69	106	11.625000	F4	65	80	
107	13.982292	Eb5	75	79	107	11.750000	Eb5	75	80	
108	13.989583	F#4	66	72	108	11.750000	F#4	66	80	
109	13.993750	C4	60	74	109	11.750000	C4	60	80	
110	14.123958	Eb4	63	75	110	11.875000	Eb4	63	80	
111	14.291667	C#3	49	71	112	12.000000	C#3	49	80	
112	14.291667	F4	65	75	111	12.000000	F4	65	80	
113	14.636458	G#4	68	77	113	12.250000	G#4	68	80	
114	14.645833	C#4	61	58	114	12.250000	C#4	61	80	
115	14.770833	C4	60	58	115	12.375000	C4	60	80	
116	14.937500	F5	77	71	116	12.500000	F5	77	80	
117	14.946875	C#4	61	51	117	12.500000	C#4	61	80	
118	15.103125	Eb4	63	51	118	12.625000	Eb4	63	80	
119	15.238542	G#4	68	62	119	12.750000	G#4	68	80	
120	15.260417	F4	65	36	120	12.750000	F4	65	80	
121	15.382292	C#4	61	51	121	12.875000	C#4	61	80	
122	15.528125	C#5	73	66	122	13.000000	C#5	73	80	
123	15.543750	Bb3	58	51	123	13.000000	Bb3	58	80	
124	15.696875	C4	60	59	124	13.125000	C4	60	80	
125	15.847917	C#4	61	54	126	13.250000	C#4	61	80	
126	15.853125	F5	77	70	125	13.250000	F5	77	80	
127	15.985417	Bb3	58	58	128	13.375000	Bb3	58	80	
128	15.985417	C#5	73	70	127	13.375000	C#5	73	80	
129	16.128125	Bb4	70	70	129	13.500000	Bb4	70	80	
130	16.132292	G3	55	59	130	13.500000	G3	55	80	
131	16.273958	G#3	56	62	131	13.625000	G#3	56	80	
132	16.431250	Bb3	58	57	133	13.750000	Bb3	58	80	
133	16.431250	C#5	73	67	132	13.750000	C#5	73	80	
134	16.556250	Bb4	70	60	134	13.875000	Bb4	70	80	
135	16.561458	G3	55	52	135	13.875000	G3	55	80	
136	16.736458	Eb4	63	56	136	14.000000	Eb4	63	80	
137	16.741667	C3	48	57	137	14.000000	C3	48	80	
138	17.075000	Bb4	70	60	138	14.250000	Bb4	70	80	
139	17.078125	C4	60	41	139	14.250000	C4	60	80	
140	17.202083	Bb3	58	57	140	14.375000	Bb3	58	80	
141	17.373958	Eb5	75	62	141	14.500000	Eb5	75	80	
142	17.378125	C4	60	51	142	14.500000	C4	60	80	
143	17.525000	C#4	61	54	143	14.625000	C#4	61	80	
144	17.653125	G4	67	60	144	14.750000	G4	67	80	
145	17.684375	Eb4	63	49	145	14.750000	Eb4	63	80	
146	17.817708	C4	60	59	146	14.875000	C4	60	80	
147	17.978125	C5	72	66	147	15.000000	C5	72	80	
148	17.991667	G#3	56	59	148	15.000000	G#3	56	80	
149	18.145833	Bb3	58	60	149	15.125000	Bb3	58	80	
150	18.280208	Eb5	75	69	150	15.250000	Eb5	75	80	
151	18.297917	C4	60	56	151	15.250000	C4	60	80	
152	18.414583	C5	72	68	152	15.375000	C5	72	80	
153	18.418750	G#3	56	62	153	15.375000	G#3	56	80	
154	18.563542	G#4	68	71	154	15.500000	G#4	68	80	
155	18.576042	F3	53	65	155	15.500000	F3	53	80	
156	18.715625	G3	55	68	156	15.625000	G3	55	80	
157	18.863542	G#3	56	67	158	15.750000	G#3	56	80	
158	18.879167	C5	72	72	157	15.750000	C5	72	80	
159	18.995833	F3	53	57	160	15.875000	F3	53	80	
160	19.008333	G#4	68	70	159	15.875000	G#4	68	80	
161	19.182292	Bb2	46	62	162	16.000000	Bb2	46	80	
162	19.182292	C#4	61	65	161	16.000000	C#4	61	80	
163	19.508333	G#4	68	71	163	16.250000	G#4	68	80	
164	19.522917	Bb3	58	58	164	16.250000	Bb3	58	80	
165	19.652083	G#3	56	64	165	16.375000	G#3	56	80	
166	19.794792	Bb3	58	64	167	16.500000	Bb3	58	80	
167	19.802083	C#5	73	72	166	16.500000	C#5	73	80	
168	19.939583	C4	60	64	168	16.625000	C4	60	80	
169	20.104167	C#4	61	56	170	16.750000	C#4	61	80	
170	20.104167	F4	65	61	169	16.750000	F4	65	80	
171	20.244792	Bb3	58	66	171	16.875000	Bb3	58	80	
172	20.418750	Bb4	70	74	172	17.000000	Bb4	70	80	
173	20.430208	G3	55	66	173	17.000000	G3	55	80	
174	20.553125	C5	72	77	174	17.125000	C5	72	80	
175	20.576042	G#3	56	66	175	17.125000	G#3	56	80	
176	20.686458	Bb3	58	75	177	17.250000	Bb3	58	80	
177	20.702083	C#5	73	87	176	17.250000	C#5	73	80	
178	20.838542	G3	55	68	179	17.375000	G3	55	80	
179	20.842708	Bb4	70	84	178	17.375000	Bb4	70	80	
180	20.987500	Eb3	51	75	181	17.500000	Eb3	51	80	
181	21.001042	Bb5	82	83	180	17.500000	Bb5	82	80	
182	21.133333	F3	53	69	183	17.625000	F3	53	80	
183	21.150000	C#5	73	75	182	17.625000	C#5	73	80	
184	21.280208	G3	55	67	185	17.750000	G3	55	80	
185	21.296875	Eb5	75	73	184	17.750000	Eb5	75	80	
186	21.420833	Eb3	51	70	187	17.875000	Eb3	51	80	
187	21.437500	Bb4	70	72	186	17.875000	Bb4	70	80	
188	21.454167	Bb5	82	14	*	-1	*	-1	-1	
189	21.585417	G#2	44	75	189	18.000000	G#2	44	80	
190	21.608333	C5	72	80	188	18.000000	C5	72	80	
191	21.753125	G#5	80	73	190	18.125000	G#5	80	80	
192	21.887500	G#3	56	79	192	18.250000	G#3	56	80	
193	21.896875	G5	79	76	191	18.250000	G5	79	80	
194	22.020833	Bb3	58	80	194	18.375000	Bb3	58	80	
195	22.034375	Bb5	82	77	193	18.375000	Bb5	82	80	
196	22.179167	C4	60	83	196	18.500000	C4	60	80	
197	22.188542	G#5	80	82	195	18.500000	G#5	80	80	
198	22.328125	Eb5	75	77	197	18.625000	Eb5	75	80	
199	22.496875	G#4	68	87	199	18.750000	G#4	68	80	
200	22.496875	F5	77	82	198	18.750000	F5	77	80	
201	22.507292	G#3	56	71	200	18.750000	G#3	56	80	
202	22.643750	F#5	78	81	201	18.875000	F#5	78	80	
203	22.800000	F5	77	76	202	19.000000	F5	77	80	
204	22.819792	C#4	61	73	203	19.000000	C#4	61	80	
205	22.946875	Eb5	75	78	204	19.125000	Eb5	75	80	
206	22.954167	G4	67	76	205	19.125000	G4	67	80	
207	23.097917	F4	65	72	207	19.250000	F4	65	80	
208	23.102083	C#5	73	87	206	19.250000	C#5	73	80	
209	23.222917	G4	67	76	209	19.375000	G4	67	80	
210	23.222917	Eb5	75	83	208	19.375000	Eb5	75	80	
211	23.377083	C6	84	84	210	19.500000	C6	84	80	
212	23.381250	G#4	68	82	211	19.500000	G#4	68	80	
213	23.385417	C4	60	70	212	19.500000	C4	60	80	
214	23.527083	F#4	66	78	213	19.625000	F#4	66	80	
215	23.683333	G#5	80	85	214	19.750000	G#5	80	80	
216	23.700000	F4	65	76	215	19.750000	F4	65	80	
217	23.836458	Eb4	63	80	216	19.875000	Eb4	63	80	
218	23.996875	F4	65	73	218	20.000000	F4	65	80	
219	24.004167	Eb5	75	83	217	20.000000	Eb5	75	80	
220	24.017708	Bb3	58	73	219	20.000000	Bb3	58	80	
221	24.330208	G#3	56	72	221	20.250000	G#3	56	80	
222	24.335417	C#5	73	82	220	20.250000	C#5	73	80	
223	24.466667	C5	72	80	222	20.375000	C5	72	80	
224	24.615625	G3	55	71	224	20.500000	G3	55	80	
225	24.629167	C#5	73	85	223	20.500000	C#5	73	80	
226	24.768750	Eb4	63	79	225	20.625000	Eb4	63	80	
227	24.927083	C#4	61	72	227	20.750000	C#4	61	80	
228	24.927083	Bb5	82	84	226	20.750000	Bb5	82	80	
229	25.073958	F4	65	72	228	20.875000	F4	65	80	
230	25.234375	Eb4	63	75	230	21.000000	Eb4	63	80	
231	25.234375	C5	72	82	229	21.000000	C5	72	80	
232	25.237500	G#3	56	68	231	21.000000	G#3	56	80	
233	25.386458	C#4	61	70	232	21.125000	C#4	61	80	
234	25.538542	C4	60	73	234	21.250000	C4	60	80	
235	25.538542	G#5	80	81	233	21.250000	G#5	80	80	
236	25.685417	Eb4	63	72	235	21.375000	Eb4	63	80	
237	25.839583	Bb4	70	79	236	21.500000	Bb4	70	80	
238	25.848958	C#4	61	68	237	21.500000	C#4	61	80	
239	25.867708	Eb3	51	69	238	21.500000	Eb3	51	80	
240	25.992708	C4	60	72	239	21.625000	C4	60	80	
241	26.146875	C#4	61	72	241	21.750000	C#4	61	80	
242	26.146875	G5	79	77	240	21.750000	G5	79	80	
243	26.294792	Bb3	58	72	242	21.875000	Bb3	58	80	
244	26.446875	C4	60	63	244	22.000000	C4	60	80	
245	26.451042	G#4	68	74	243	22.000000	G#4	68	80	
246	26.456250	G#3	56	62	245	22.000000	G#3	56	80	
247	26.581250	Bb4	70	70	246	22.125000	Bb4	70	80	
248	26.732292	Eb4	63	67	248	22.250000	Eb4	63	80	
249	26.737500	C5	72	64	247	22.250000	C5	72	80	
250	26.879167	C#5	73	67	249	22.375000	C#5	73	80	
251	27.039583	C5	72	65	250	22.500000	C5	72	80	
252	27.044792	G#4	68	74	251	22.500000	G#4	68	80	
253	27.197917	Bb4	70	67	252	22.625000	Bb4	70	80	
254	27.341667	G#4	68	70	253	22.750000	G#4	68	80	
255	27.345833	Eb4	63	73	254	22.750000	Eb4	63	80	
256	27.476042	C5	72	72	255	22.875000	C5	72	80	
257	27.481250	C4	60	64	256	22.875000	C4	60	80	
258	27.622917	G#3	56	72	258	23.000000	G#3	56	80	
259	27.636458	F5	77	70	257	23.000000	F5	77	80	
260	27.775000	Eb5	75	71	259	23.125000	Eb5	75	80	
261	27.921875	B3	59	71	261	23.250000	B3	59	80	
262	27.921875	D5	74	78	260	23.250000	D5	74	80	
263	28.050000	F5	77	82	262	23.375000	F5	77	80	
264	28.054167	G#3	56	74	263	23.375000	G#3	56	80	
265	28.207292	G#5	80	82	264	23.500000	G#5	80	80	
266	28.212500	F3	53	72	265	23.500000	F3	53	80	
267	28.352083	F#5	78	85	266	23.625000	F#5	78	80	
268	28.498958	F5	77	89	267	23.750000	F5	77	80	
269	28.508333	G#3	56	76	268	23.750000	G#3	56	80	
270	28.635417	G#5	80	86	269	23.875000	G#5	80	80	
271	28.654167	F3	53	75	270	23.875000	F3	53	80	
272	28.817708	G#5	80	80	271	24.000000	G#5	80	80	
273	28.845833	D3	50	65	272	24.000000	D3	50	80	
274	28.861458	Bb5	82	74	273	24.062500	Bb5	82	80	
275	28.918750	B5	83	83	274	24.125000	B5	83	80	
276	29.213542	F3	53	69	276	24.250000	F3	53	80	
277	29.239583	Bb5	82	76	275	24.250000	Bb5	82	80	
278	29.359375	G#5	80	76	277	24.375000	G#5	80	80	
279	29.366667	G#3	56	72	278	24.375000	G#3	56	80	
280	29.502083	B3	59	78	280	24.500000	B3	59	80	
281	29.502083	F#5	78	84	279	24.500000	F#5	78	80	
282	29.642708	F5	77	84	281	24.625000	F5	77	80	
283	29.805208	F3	53	76	283	24.750000	F3	53	80	
284	29.814583	Eb5	75	82	282	24.750000	Eb5	75	80	
285	29.952083	D5	74	82	284	24.875000	D5	74	80	
286	30.100000	Bb3	58	85	286	25.000000	Bb3	58	80	
287	30.110417	Eb5	75	82	285	25.000000	Eb5	75	80	
288	30.115625	F#3	54	74	287	25.000000	F#3	54	80	
289	30.254167	F#5	78	79	288	25.125000	F#5	78	80	
290	30.408333	B3	59	85	290	25.250000	B3	59	80	
291	30.408333	F5	77	80	289	25.250000	F5	77	80	
292	30.417708	G#3	56	79	291	25.250000	G#3	56	80	
293	30.547917	Eb5	75	84	292	25.375000	Eb5	75	80	
294	30.708333	Bb3	58	86	294	25.500000	Bb3	58	80	
295	30.713542	D5	74	81	293	25.500000	D5	74	80	
296	30.856250	F5	77	76	296	25.625000	F5	77	80	
297	31.003125	D3	50	81	298	25.750000	D3	50	80	
298	31.011458	Bb2	46	78	299	25.750000	Bb2	46	80	
299	31.011458	Bb4	70	86	297	25.750000	Bb4	70	80	
300	31.143750	G#4	68	87	300	25.875000	G#4	68	80	
301	31.330208	Eb3	51	92	302	26.000000	Eb3	51	80	
302	31.341667	Eb2	39	77	303	26.000000	Eb2	39	80	
303	31.341667	F#4	66	81	301	26.000000	F#4	66	80	
304	31.476042	F4	65	77	304	26.125000	F4	65	80	
305	31.650000	Eb4	63	75	305	26.250000	Eb4	63	80	
306	31.772917	D4	62	77	306	26.375000	D4	62	80	
307	31.937500	Eb4	63	77	307	26.500000	Eb4	63	80	
308	32.073958	F4	65	69	308	26.625000	F4	65	80	
309	32.228125	Eb3	51	71	310	26.750000	Eb3	51	80	
310	32.233333	F#4	66	73	309	26.750000	F#4	66	80	
311	32.381250	G#4	68	73	311	26.875000	G#4	68	80	
312	32.545833	Bb4	70	74	312	27.000000	Bb4	70	80	
313	32.553125	F#3	54	75	313	27.000000	F#3	54	80	
314	32.675000	G#4	68	73	314	27.125000	G#4	68	80	
315	32.679167	F3	53	76	315	27.125000	F3	53	80	
316	32.817708	Eb3	51	79	317	27.250000	Eb3	51	80	
317	32.829167	F#4	66	79	316	27.250000	F#4	66	80	
318	32.955208	G#4	68	78	318	27.375000	G#4	68	80	
319	32.962500	F3	53	79	319	27.375000	F3	53	80	
320	33.107292	C#4	61	82	321	27.500000	C#4	61	80	
321	33.112500	Bb4	70	84	320	27.500000	Bb4	70	80	
322	33.244792	G#4	68	71	322	27.625000	G#4	68	80	
323	33.410417	Bb3	58	76	324	27.750000	Bb3	58	80	
324	33.425000	F#4	66	72	323	27.750000	F#4	66	80	
325	33.559375	F4	65	64	325	27.875000	F4	65	80	
326	33.716667	F3	53	74	327	28.000000	F3	53	80	
327	33.733333	F#4	66	72	326	28.000000	F#4	66	80	
328	34.070833	Eb3	51	74	328	28.250000	Eb3	51	80	
329	34.195833	C#3	49	76	329	28.375000	C#3	49	80	
330	34.341667	Eb3	51	85	330	28.500000	Eb3	51	80	
331	34.492708	F4	65	71	331	28.625000	F4	65	80	
332	34.639583	C4	60	74	333	28.750000	C4	60	80	
333	34.639583	Eb4	63	77	332	28.750000	Eb4	63	80	
334	34.785417	F#4	66	73	334	28.875000	F#4	66	80	
335	34.930208	C#3	49	66	336	29.000000	C#3	49	80	
336	34.939583	F4	65	70	335	29.000000	F4	65	80	
337	35.076042	Eb4	63	73	337	29.125000	Eb4	63	80	
338	35.230208	C#4	61	70	338	29.250000	C#4	61	80	
339	35.237500	Bb3	58	65	339	29.250000	Bb3	58	80	
340	35.378125	F4	65	69	340	29.375000	F4	65	80	
341	35.532292	C3	48	60	342	29.500000	C3	48	80	
342	35.540625	Eb4	63	71	341	29.500000	Eb4	63	80	
343	35.673958	C#4	61	68	343	29.625000	C#4	61	80	
344	35.840625	Eb4	63	68	344	29.750000	Eb4	63	80	
345	35.844792	A3	57	64	345	29.750000	A3	57	80	
346	35.968750	C4	60	69	346	29.875000	C4	60	80	
347	36.135417	Bb2	46	57	348	30.000000	Bb2	46	80	
348	36.135417	C#4	61	73	347	30.000000	C#4	61	80	
349	36.269792	F4	65	64	349	30.125000	F4	65	80	
350	36.432292	Bb3	58	48	351	30.250000	Bb3	58	80	
351	36.441667	F#4	66	58	350	30.250000	F#4	66	80	
352	36.572917	F4	65	51	352	30.375000	F4	65	80	
353	36.596875	A3	57	46	353	30.375000	A3	57	80	
354	36.729167	Bb3	58	47	355	30.500000	Bb3	58	80	
355	36.738542	C#5	73	54	354	30.500000	C#5	73	80	
356	36.897917	C4	60	45	356	30.625000	C4	60	80	
357	37.029167	C#4	61	40	358	30.750000	C#4	61	80	
358	37.029167	F4	65	51	357	30.750000	F4	65	80	
359	37.167708	Bb3	58	55	359	30.875000	Bb3	58	80	
360	37.337500	Bb4	70	62	360	31.000000	Bb4	70	80	
361	37.356250	G3	55	52	361	31.000000	G3	55	80	
362	37.483333	C5	72	69	362	31.125000	C5	72	80	
363	37.509375	G#3	56	52	363	31.125000	G#3	56	80	
364	37.615625	Bb3	58	55	365	31.250000	Bb3	58	80	
365	37.632292	C#5	73	75	364	31.250000	C#5	73	80	
366	37.752083	G3	55	47	367	31.375000	G3	55	80	
367	37.764583	Bb4	70	70	366	31.375000	Bb4	70	80	
368	37.896875	Eb3	51	53	369	31.500000	Eb3	51	80	
369	37.932292	Bb5	82	69	368	31.500000	Bb5	82	80	
370	38.071875	F3	53	50	371	31.625000	F3	53	80	
371	38.088542	C#5	73	64	370	31.625000	C#5	73	80	
372	38.214583	G3	55	55	373	31.750000	G3	55	80	
373	38.220833	Eb5	75	66	372	31.750000	Eb5	75	80	
374	38.345833	Bb4	70	71	374	31.875000	Bb4	70	80	
375	38.348958	Eb3	51	64	375	31.875000	Eb3	51	80	
376	38.504167	G#2	44	66	377	32.000000	G#2	44	80	
377	38.509375	C5	72	75	376	32.000000	C5	72	80	
378	38.658333	Eb4	63	63	378	32.125000	Eb4	63	80	
379	38.819792	G#3	56	53	380	32.250000	G#3	56	80	
380	38.828125	F4	65	55	379	32.250000	F4	65	80	
381	38.951042	Eb4	63	66	381	32.375000	Eb4	63	80	
382	38.979167	G3	55	46	382	32.375000	G3	55	80	
383	39.109375	C5	72	66	383	32.500000	C5	72	80	
384	39.130208	G#3	56	50	384	32.500000	G#3	56	80	
385	39.276042	Bb3	58	48	385	32.625000	Bb3	58	80	
386	39.422917	Eb4	63	60	386	32.750000	Eb4	63	80	
387	39.427083	C4	60	45	387	32.750000	C4	60	80	
388	39.563542	G#3	56	52	388	32.875000	G#3	56	80	
389	39.722917	F3	53	51	390	33.000000	F3	53	80	
390	39.746875	G#4	68	62	389	33.000000	G#4	68	80	
391	39.872917	G3	55	55	392	33.125000	G3	55	80	
392	39.877083	Bb4	70	62	391	33.125000	Bb4	70	80	
393	40.007292	G#3	56	56	394	33.250000	G#3	56	80	
394	40.020833	C5	72	71	393	33.250000	C5	72	80	
395	40.148958	F3	53	52	396	33.375000	F3	53	80	
396	40.148958	G#4	68	71	395	33.375000	G#4	68	80	
397	40.310417	C#3	49	49	398	33.500000	C#3	49	80	
398	40.325000	G#5	80	66	397	33.500000	G#5	80	80	
399	40.459375	C5	72	68	399	33.625000	C5	72	80	
400	40.470833	Eb3	51	57	400	33.625000	Eb3	51	80	
401	40.613542	F3	53	61	402	33.750000	F3	53	80	
402	40.615625	C#5	73	70	401	33.750000	C#5	73	80	
403	40.737500	G#4	68	70	403	33.875000	G#4	68	80	
404	40.750000	C#3	49	58	404	33.875000	C#3	49	80	
405	40.897917	Bb4	70	63	405	34.000000	Bb4	70	80	
406	40.905208	G2	43	57	406	34.000000	G2	43	80	
407	41.057292	C#4	61	52	407	34.125000	C#4	61	80	
408	41.206250	G3	55	42	409	34.250000	G3	55	80	
409	41.216667	Eb4	63	54	408	34.250000	Eb4	63	80	
410	41.339583	C#4	61	55	410	34.375000	C#4	61	80	
411	41.351042	F3	53	52	411	34.375000	F3	53	80	
412	41.498958	Bb4	70	61	412	34.500000	Bb4	70	80	
413	41.506250	G3	55	50	413	34.500000	G3	55	80	
414	41.648958	G#3	56	61	414	34.625000	G#3	56	80	
415	41.807292	C#4	61	61	415	34.750000	C#4	61	80	
416	41.812500	Bb3	58	51	416	34.750000	Bb3	58	80	
417	41.942708	G3	55	60	417	34.875000	G3	55	80	
418	42.105208	E3	52	61	419	35.000000	E3	52	80	
419	42.109375	G4	67	68	418	35.000000	G4	67	80	
420	42.238542	G#4	68	76	420	35.125000	G#4	68	80	
421	42.260417	F3	53	66	421	35.125000	F3	53	80	
422	42.392708	Bb4	70	76	422	35.250000	Bb4	70	80	
423	42.398958	G3	55	66	423	35.250000	G3	55	80	
424	42.527083	G4	67	71	424	35.375000	G4	67	80	
425	42.540625	E3	52	65	425	35.375000	E3	52	80	
426	42.696875	C3	48	61	427	35.500000	C3	48	80	
427	42.696875	G5	79	77	426	35.500000	G5	79	80	
428	42.839583	Bb4	70	69	428	35.625000	Bb4	70	80	
429	42.857292	D3	50	63	429	35.625000	D3	50	80	
430	42.991667	E3	52	66	431	35.750000	E3	52	80	
431	42.991667	C5	72	74	430	35.750000	C5	72	80	
432	43.125000	G4	67	73	432	35.875000	G4	67	80	
433	43.130208	C3	48	69	433	35.875000	C3	48	80	
434	43.290625	F2	41	71	435	36.000000	F2	41	80	
435	43.311458	G#4	68	83	434	36.000000	G#4	68	80	
436	43.456250	G2	43	71	437	36.125000	G2	43	80	
437	43.460417	E5	76	82	436	36.125000	E5	76	80	
438	43.603125	G#2	44	74	439	36.250000	G#2	44	80	
439	43.608333	F5	77	87	438	36.250000	F5	77	80	
440	43.738542	C#5	73	87	440	36.375000	C#5	73	80	
441	43.754167	Bb2	46	73	441	36.375000	Bb2	46	80	
442	43.891667	C3	48	75	443	36.500000	C3	48	80	
443	43.895833	Bb4	70	82	442	36.500000	Bb4	70	80	
444	44.028125	D3	50	79	444	36.625000	D3	50	80	
445	44.186458	E3	52	80	446	36.750000	E3	52	80	
446	44.190625	C4	60	83	445	36.750000	C4	60	80	
447	44.334375	C3	48	77	447	36.875000	C3	48	80	
448	44.512500	F3	53	76	449	37.000000	F3	53	80	
449	44.517708	C#4	61	84	448	37.000000	C#4	61	80	
450	44.647917	C4	60	83	450	37.125000	C4	60	80	
451	44.657292	Eb3	51	76	451	37.125000	Eb3	51	80	
452	44.797917	Bb3	58	85	452	37.250000	Bb3	58	80	
453	44.803125	C#3	49	75	453	37.250000	C#3	49	80	
454	44.935417	C4	60	84	454	37.375000	C4	60	80	
455	44.951042	Eb3	51	79	455	37.375000	Eb3	51	80	
456	45.081250	G#4	68	91	456	37.500000	G#4	68	80	
457	45.086458	F3	53	83	458	37.500000	F3	53	80	
458	45.248958	Eb3	51	80	459	37.625000	Eb3	51	80	
459	45.381250	F4	65	79	460	37.750000	F4	65	80	
460	45.402083	C#3	49	78	461	37.750000	C#3	49	80	
461	45.542708	C3	48	78	462	37.875000	C3	48	80	
462	45.725000	C4	60	87	463	38.000000	C4	60	80	
463	45.727083	C#3	49	75	464	38.000000	C#3	49	80	
464	46.079167	Bb3	58	79	465	38.250000	Bb3	58	80	
465	46.203125	G#3	56	84	466	38.375000	G#3	56	80	
466	46.356250	Bb3	58	77	468	38.500000	Bb3	58	80	
467	46.360417	G4	67	78	467	38.500000	G4	67	80	
468	46.525000	C3	48	78	469	38.625000	C3	48	80	
469	46.664583	G4	67	83	470	38.750000	G4	67	80	
470	46.681250	Bb2	46	75	471	38.750000	Bb2	46	80	
471	46.830208	C#3	49	80	472	38.875000	C#3	49	80	
472	46.980208	C3	48	71	474	39.000000	C3	48	80	
473	46.980208	G#3	56	83	473	39.000000	G#3	56	80	
474	47.129167	Bb2	46	80	475	39.125000	Bb2	46	80	
475	47.281250	F4	65	77	476	39.250000	F4	65	80	
476	47.290625	G#2	44	77	478	39.250000	G#2	44	80	
477	47.296875	G#3	56	63	*	-1	*	-1	-1	
478	47.434375	C3	48	72	479	39.375000	C3	48	80	
479	47.593750	G3	55	66	481	39.500000	G3	55	80	
480	47.593750	E4	64	73	480	39.500000	E4	64	80	
481	47.597917	Bb2	46	69	482	39.500000	Bb2	46	80	
482	47.732292	G#2	44	76	483	39.625000	G#2	44	80	
483	47.901042	Bb2	46	72	486	39.750000	Bb2	46	80	
484	47.901042	G4	67	69	484	39.750000	G4	67	80	
485	47.910417	E4	64	61	485	39.750000	E4	64	80	
486	48.043750	G2	43	74	487	39.875000	G2	43	80	
487	48.204167	G#2	44	73	490	40.000000	G#2	44	80	
488	48.204167	F3	53	76	489	40.000000	F3	53	80	
489	48.204167	C5	72	86	488	40.000000	C5	72	80	
490	48.347917	Bb4	70	70	491	40.125000	Bb4	70	80	
491	48.498958	C#3	49	66	493	40.250000	C#3	49	80	
492	48.498958	G#4	68	75	492	40.250000	G#4	68	80	
493	48.644792	C5	72	71	494	40.375000	C5	72	80	
494	48.795833	G2	43	67	496	40.500000	G2	43	80	
495	48.802083	Bb4	70	70	495	40.500000	Bb4	70	80	
496	48.939583	G#4	68	72	497	40.625000	G#4	68	80	
497	49.101042	E3	52	71	499	40.750000	E3	52	80	
498	49.101042	G4	67	65	498	40.750000	G4	67	80	
499	49.116667	C3	48	63	500	40.750000	C3	48	80	
500	49.243750	Bb4	70	72	501	40.875000	Bb4	70	80	
501	49.419792	F3	53	76	503	41.000000	F3	53	80	
502	49.423958	G#4	68	79	502	41.000000	G#4	68	80	
503	49.434375	F2	41	67	504	41.000000	F2	41	80	
504	49.560417	F4	65	67	505	41.125000	F4	65	80	
505	49.720833	E3	52	77	507	41.250000	E3	52	80	
506	49.730208	C#5	73	81	506	41.250000	C#5	73	80	
507	49.737500	Bb2	46	72	508	41.250000	Bb2	46	80	
508	49.864583	Bb4	70	78	509	41.375000	Bb4	70	80	
509	50.026042	F3	53	83	511	41.500000	F3	53	80	
510	50.030208	G#2	44	84	512	41.500000	G#2	44	80	
511	50.039583	C5	72	83	510	41.500000	C5	72	80	
512	50.187500	G#4	68	87	513	41.625000	G#4	68	80	
513	50.347917	Bb3	58	87	515	41.750000	Bb3	58	80	
514	50.352083	F#5	78	89	514	41.750000	F#5	78	80	
515	50.357292	C#3	49	82	516	41.750000	C#3	49	80	
516	50.504167	E5	76	83	517	41.875000	E5	76	80	
517	50.676042	C3	48	81	520	42.000000	C3	48	80	
518	50.676042	G#3	56	89	519	42.000000	G#3	56	80	
519	50.676042	E5	76	90	518	42.000000	E5	76	80	
520	50.814583	F5	77	93	521	42.125000	F5	77	80	
521	50.968750	G3	55	85	523	42.250000	G3	55	80	
522	50.976042	B5	83	81	522	42.250000	B5	83	80	
523	51.104167	C6	84	78	524	42.375000	C6	84	80	
524	51.117708	F3	53	81	525	42.375000	F3	53	80	
525	51.289583	F5	77	85	*	-1	*	-1	-1	
526	51.298958	G3	55	77	527	42.500000	G3	55	80	
527	51.344792	E5	76	84	526	42.500000	E5	76	80	
528	51.433333	F5	77	82	*	-1	*	-1	-1	
529	51.508333	E5	76	80	*	-1	*	-1	-1	
530	51.612500	Bb3	58	81	528	42.750000	Bb3	58	80	
531	51.764583	F5	77	85	529	42.875000	F5	77	80	
532	51.927083	F3	53	67	532	43.000000	F3	53	80	
533	51.927083	G#3	56	69	531	43.000000	G#3	56	80	
534	51.936458	F5	77	87	530	43.000000	F5	77	80	
535	52.094792	Bb3	58	74	533	43.125000	Bb3	58	80	
536	52.242708	C4	60	76	534	43.250000	C4	60	80	
537	52.400000	G#3	56	63	535	43.375000	G#3	56	80	
538	52.428125	A3	57	71	*	-1	*	-1	-1	
539	52.559375	F3	53	68	536	43.500000	F3	53	80	
540	52.707292	F#3	54	67	537	43.625000	F#3	54	80	
541	52.847917	F5	77	78	538	43.750000	F5	77	80	
542	52.855208	G#3	56	67	539	43.750000	G#3	56	80	
543	52.989583	F3	53	61	540	43.875000	F3	53	80	
544	53.168750	D3	50	60	542	44.000000	D3	50	80	
545	53.178125	B4	71	61	541	44.000000	B4	71	80	
546	53.316667	Eb3	51	53	544	44.125000	Eb3	51	80	
547	53.328125	Bb4	70	59	543	44.125000	Bb4	70	80	
548	53.453125	F3	53	50	546	44.250000	F3	53	80	
549	53.476042	G#4	68	54	545	44.250000	G#4	68	80	
550	53.588542	Bb4	70	64	547	44.375000	Bb4	70	80	
551	53.610417	D3	50	50	548	44.375000	D3	50	80	
552	53.753125	F5	77	75	549	44.500000	F5	77	80	
553	53.762500	Bb2	46	57	550	44.500000	Bb2	46	80	
554	53.895833	D3	50	56	551	44.625000	D3	50	80	
555	54.065625	F3	53	57	553	44.750000	F3	53	80	
556	54.065625	D5	74	73	552	44.750000	D5	74	80	
557	54.219792	Bb3	58	58	554	44.875000	Bb3	58	80	
558	54.376042	G#4	68	75	555	45.000000	G#4	68	80	
559	54.404167	Eb3	51	53	556	45.000000	Eb3	51	80	
560	54.559375	F#3	54	54	557	45.125000	F#3	54	80	
561	54.702083	F#4	66	66	558	45.250000	F#4	66	80	
562	54.704167	Bb3	58	59	559	45.250000	Bb3	58	80	
563	54.841667	F4	65	58	560	45.375000	F4	65	80	
564	54.848958	D4	62	53	561	45.375000	D4	62	80	
565	54.998958	Eb4	63	57	563	45.500000	Eb4	63	80	
566	54.998958	F#4	66	68	562	45.500000	F#4	66	80	
567	55.138542	F4	65	45	564	45.625000	F4	65	80	
568	55.303125	F#4	66	54	566	45.750000	F#4	66	80	
569	55.308333	Eb5	75	64	565	45.750000	Eb5	75	80	
570	55.452083	Eb4	63	59	567	45.875000	Eb4	63	80	
571	55.611458	A4	69	71	568	46.000000	A4	69	80	
572	55.622917	C4	60	59	569	46.000000	C4	60	80	
573	55.763542	G#4	68	72	570	46.125000	G#4	68	80	
574	55.772917	C#4	61	54	571	46.125000	C#4	61	80	
575	55.904167	Eb4	63	56	573	46.250000	Eb4	63	80	
576	55.909375	F#4	66	72	572	46.250000	F#4	66	80	
577	56.035417	C4	60	63	575	46.375000	C4	60	80	
578	56.040625	G#4	68	73	574	46.375000	G#4	68	80	
579	56.204167	G#3	56	59	577	46.500000	G#3	56	80	
580	56.213542	Eb5	75	69	576	46.500000	Eb5	75	80	
581	56.375000	G#2	44	67	578	46.625000	G#2	44	80	
582	56.504167	Bb2	46	69	580	46.750000	Bb2	46	80	
583	56.540625	C5	72	72	579	46.750000	C5	72	80	
584	56.665625	C3	48	59	581	46.875000	C3	48	80	
585	56.850000	C#3	49	64	583	47.000000	C#3	49	80	
586	56.855208	G4	67	59	582	47.000000	F#4	66	80	
587	57.010417	G#3	56	63	584	47.125000	G#3	56	80	
588	57.164583	Bb3	58	66	586	47.250000	Bb3	58	80	
589	57.168750	F4	65	62	585	47.250000	F4	65	80	
590	57.311458	C4	60	57	588	47.375000	C4	60	80	
591	57.311458	Eb4	63	65	587	47.375000	Eb4	63	80	
592	57.472917	F4	65	64	589	47.500000	F4	65	80	
593	57.617708	Eb3	51	66	592	47.625000	Eb3	51	80	
594	57.621875	G#4	68	73	591	47.625000	G#4	68	80	
595	57.775000	C#5	73	76	593	47.750000	C#5	73	80	
596	57.801042	F3	53	38	594	47.750000	F3	53	80	
597	57.805208	E3	52	38	*	-1	*	-1	-1	
598	57.897917	G3	55	67	596	47.875000	G3	55	80	
599	57.925000	Eb5	75	75	595	47.875000	Eb5	75	80	
600	58.079167	G#3	56	75	598	48.000000	G#3	56	80	
601	58.083333	F5	77	83	597	48.000000	F5	77	80	
602	58.219792	G3	55	68	600	48.125000	G3	55	80	
603	58.229167	Eb5	75	79	599	48.125000	Eb5	75	80	
604	58.366667	C#5	73	83	601	48.250000	C#5	73	80	
605	58.375000	F3	53	74	602	48.250000	F3	53	80	
606	58.512500	Eb5	75	83	603	48.375000	Eb5	75	80	
607	58.529167	G3	55	68	604	48.375000	G3	55	80	
608	58.665625	G#3	56	82	607	48.500000	G#3	56	80	
609	58.665625	C5	72	86	606	48.500000	C5	72	80	
610	58.665625	C6	84	85	605	48.500000	C6	84	80	
611	58.800000	G3	55	74	608	48.625000	G3	55	80	
612	58.977083	F3	53	75	610	48.750000	F3	53	80	
613	58.981250	G#5	80	80	609	48.750000	G#5	80	80	
614	59.114583	Eb3	51	79	611	48.875000	Eb3	51	80	
615	59.296875	Eb5	75	79	612	49.000000	Eb5	75	80	
616	59.305208	F3	53	79	613	49.000000	F3	53	80	
617	59.641667	C#5	73	78	614	49.250000	C#5	73	80	
618	59.769792	C5	72	81	615	49.375000	C5	72	80	
619	59.935417	Bb4	70	76	617	49.500000	Bb4	70	80	
620	59.935417	C#5	73	83	616	49.500000	C#5	73	80	
621	60.075000	Eb3	51	77	618	49.625000	Eb3	51	80	
622	60.227083	Bb5	82	83	619	49.750000	Bb5	82	80	
623	60.232292	C#3	49	72	620	49.750000	C#3	49	80	
624	60.371875	F3	53	76	621	49.875000	F3	53	80	
625	60.535417	C5	72	88	622	50.000000	C5	72	80	
626	60.539583	Eb3	51	78	623	50.000000	Eb3	51	80	
627	60.687500	C#3	49	76	624	50.125000	C#3	49	80	
628	60.850000	G#5	80	87	625	50.250000	G#5	80	80	
629	60.854167	C3	48	67	627	50.250000	C3	48	80	
630	60.857292	G#4	68	82	626	50.250000	G#4	68	80	
631	61.005208	Eb3	51	75	628	50.375000	Eb3	51	80	
632	61.157292	C#3	49	64	631	50.500000	C#3	49	80	
633	61.165625	G4	67	68	630	50.500000	G4	67	80	
634	61.165625	Bb4	70	74	629	50.500000	Bb4	70	80	
635	61.310417	C3	48	66	632	50.625000	C3	48	80	
636	61.473958	Bb2	46	65	635	50.750000	Bb2	46	80	
637	61.479167	G5	79	77	633	50.750000	G5	79	80	
638	61.485417	Bb4	70	76	634	50.750000	Bb4	70	80	
639	61.629167	C#3	49	70	636	50.875000	C#3	49	80	
640	61.810417	G#4	68	77	637	51.000000	G#4	68	80	
641	61.814583	C3	48	66	639	51.000000	C3	48	80	
642	61.822917	Eb4	63	65	638	51.000000	Eb4	63	80	
643	61.956250	Eb4	63	68	640	51.125000	Eb4	63	80	
644	62.115625	Eb3	51	62	642	51.250000	Eb3	51	80	
645	62.115625	F4	65	67	641	51.250000	F4	65	80	
646	62.248958	G4	67	69	643	51.375000	G4	67	80	
647	62.409375	G#4	68	74	644	51.500000	G#4	68	80	
648	62.414583	F#3	54	75	645	51.500000	F#3	54	80	
649	62.562500	Bb4	70	75	646	51.625000	Bb4	70	80	
650	62.713542	G#3	56	85	648	51.750000	G#3	56	80	
651	62.727083	C5	72	77	647	51.750000	C5	72	80	
652	62.873958	G#4	68	74	649	51.875000	G#4	68	80	
653	63.053125	Bb3	58	82	651	52.000000	Bb3	58	80	
654	63.061458	C#5	73	81	650	52.000000	C#5	73	80	
655	63.189583	C5	72	80	652	52.125000	C5	72	80	
656	63.193750	G#3	56	82	653	52.125000	G#3	56	80	
657	63.343750	F#3	54	79	655	52.250000	F#3	54	80	
658	63.343750	Bb4	70	82	654	52.250000	Bb4	70	80	
659	63.478125	G#3	56	88	657	52.375000	G#3	56	80	
660	63.480208	C5	72	82	656	52.375000	C5	72	80	
661	63.645833	F4	65	90	660	52.500000	F4	65	80	
662	63.645833	C#5	73	84	658	52.500000	C#5	73	80	
663	63.667708	F3	53	53	659	52.500000	F3	53	80	
664	63.787500	C5	72	80	661	52.625000	C5	72	80	
665	63.952083	C#4	61	78	663	52.750000	C#4	61	80	
666	63.952083	Bb4	70	74	662	52.750000	Bb4	70	80	
667	64.084375	G#4	68	78	664	52.875000	G#4	68	80	
668	64.268750	G#3	56	78	666	53.000000	G#3	56	80	
669	64.273958	Bb4	70	78	665	53.000000	Bb4	70	80	
670	64.606250	F#3	54	74	667	53.250000	F#3	54	80	
671	64.740625	F3	53	74	668	53.375000	F3	53	80	
672	64.891667	F#3	54	76	669	53.500000	F#3	54	80	
673	64.909375	Eb3	51	72	670	53.500000	Eb3	51	80	
674	65.059375	G#4	68	81	671	53.625000	G#4	68	80	
675	65.209375	Eb4	63	78	673	53.750000	Eb4	63	80	
676	65.213542	F#4	66	81	672	53.750000	F#4	66	80	
677	65.359375	Bb4	70	79	674	53.875000	Bb4	70	80	
678	65.511458	F3	53	80	676	54.000000	F3	53	80	
679	65.516667	G#4	68	84	675	54.000000	G#4	68	80	
680	65.650000	F#4	66	82	677	54.125000	F#4	66	80	
681	65.808333	F4	65	72	678	54.250000	F4	65	80	
682	65.816667	C#4	61	78	679	54.250000	C#4	61	80	
683	65.823958	C#3	49	65	680	54.250000	C#3	49	80	
684	65.942708	G#4	68	79	681	54.375000	G#4	68	80	
685	66.111458	F#4	66	78	682	54.500000	F#4	66	80	
686	66.115625	Eb3	51	80	683	54.500000	Eb3	51	80	
687	66.253125	F4	65	72	685	54.625000	F4	65	80	
688	66.411458	Eb4	63	71	686	54.750000	Eb4	63	80	
689	66.422917	C4	60	60	687	54.750000	C4	60	80	
690	66.435417	G#2	44	70	688	54.750000	G#2	44	80	
691	66.552083	F#4	66	73	689	54.875000	F#4	66	80	
692	66.706250	F4	65	72	690	55.000000	F4	65	80	
693	66.715625	C#4	61	60	691	55.000000	C#4	61	80	
694	66.719792	C#3	49	68	692	55.000000	C#3	49	80	
695	66.854167	Eb3	51	70	693	55.125000	Eb3	51	80	
696	67.015625	G#4	68	72	694	55.250000	G#4	68	80	
697	67.036458	F3	53	56	695	55.250000	F3	53	80	
698	67.169792	F#3	54	59	696	55.375000	F#3	54	80	
699	67.319792	C#5	73	67	697	55.500000	C#5	73	80	
700	67.326042	F3	53	54	698	55.500000	F3	53	80	
701	67.475000	Eb3	51	55	699	55.625000	Eb3	51	80	
702	67.633333	C#3	49	47	701	55.750000	C#3	49	80	
703	67.635417	G#5	80	61	700	55.750000	G#5	80	80	
704	67.760417	F3	53	48	703	55.875000	F3	53	80	
705	67.765625	F5	77	66	702	55.875000	F5	77	80	
706	67.925000	C#5	73	67	704	56.000000	C#5	73	80	
707	67.934375	Bb3	58	51	705	56.000000	Bb3	58	80	
708	68.076042	G#3	56	51	706	56.125000	G#3	56	80	
709	68.242708	E5	76	62	707	56.250000	E5	76	80	
710	68.258333	G3	55	42	708	56.250000	G3	55	80	
711	68.360417	C#5	73	69	709	56.375000	C#5	73	80	
712	68.396875	Bb3	58	47	710	56.375000	Bb3	58	80	
713	68.531250	Bb4	70	58	711	56.500000	Bb4	70	80	
714	68.542708	C#4	61	51	712	56.500000	C#4	61	80	
715	68.663542	B3	59	57	713	56.625000	B3	59	80	
716	68.819792	Bb3	58	62	715	56.750000	Bb3	58	80	
717	68.835417	C#5	73	70	714	56.750000	C#5	73	80	
718	68.971875	Bb4	70	62	716	56.875000	Bb4	70	80	
719	68.982292	C#4	61	53	717	56.875000	C#4	61	80	
720	69.125000	G4	67	59	718	57.000000	G4	67	80	
721	69.137500	E4	64	58	719	57.000000	E4	64	80	
722	69.469792	Eb4	63	49	721	57.250000	Eb4	63	80	
723	69.473958	Bb4	70	57	720	57.250000	Bb4	70	80	
724	69.601042	C#5	73	64	722	57.375000	C#5	73	80	
725	69.617708	C#4	61	49	723	57.375000	C#4	61	80	
726	69.766667	B3	59	54	725	57.500000	B3	59	80	
727	69.766667	E5	76	62	724	57.500000	E5	76	80	
728	69.917708	Bb3	58	54	726	57.625000	Bb3	58	80	
729	70.066667	C#5	73	70	727	57.750000	C#5	73	80	
730	70.086458	G#3	56	56	728	57.750000	G#3	56	80	
731	70.215625	G3	55	68	729	57.875000	G3	55	80	
732	70.375000	Eb5	75	79	730	58.000000	Eb5	75	80	
733	70.379167	B4	71	72	731	58.000000	B4	71	80	
734	70.381250	G#3	56	72	732	58.000000	G#3	56	80	
735	70.521875	B3	59	69	733	58.125000	B3	59	80	
736	70.685417	G#5	80	75	734	58.250000	G#5	80	80	
737	70.707292	Bb3	58	62	735	58.250000	Bb3	58	80	
738	70.841667	G#3	56	60	736	58.375000	G#3	56	80	
739	70.984375	G3	55	65	739	58.500000	G3	55	80	
740	70.992708	C#5	73	84	737	58.500000	C#5	73	80	
741	71.002083	Bb4	70	70	738	58.500000	Bb4	70	80	
742	71.134375	E3	52	57	740	58.625000	F3	53	80	
743	71.301042	Eb3	51	64	742	58.750000	Eb3	51	80	
744	71.301042	G5	79	77	741	58.750000	G5	79	80	
745	71.453125	C#3	49	60	743	58.875000	C#3	49	80	
746	71.613542	G#4	68	78	744	59.000000	G#4	68	80	
747	71.617708	B2	47	63	746	59.000000	B2	47	80	
748	71.754167	C#3	49	65	747	59.125000	C#3	49	80	
749	71.910417	Eb3	51	67	749	59.250000	Eb3	51	80	
750	71.928125	G#5	80	74	748	59.250000	G#5	80	80	
751	72.044792	B2	47	59	751	59.375000	B2	47	80	
752	72.051042	G5	79	81	750	59.375000	G5	79	80	
753	72.201042	G#2	44	61	753	59.500000	G#2	44	80	
754	72.201042	G#5	80	78	752	59.500000	G#5	80	80	
755	72.353125	Bb5	82	62	754	59.625000	Bb5	82	80	
756	72.504167	G#3	56	53	756	59.750000	G#3	56	80	
757	72.520833	B5	83	48	755	59.750000	B5	83	80	
758	72.643750	F3	53	45	758	59.875000	F3	53	80	
759	72.643750	G#5	80	55	757	59.875000	G#5	80	80	
760	72.786458	C#3	49	61	760	60.000000	C#3	49	80	
761	72.790625	F5	77	68	759	60.000000	F5	77	80	
762	72.950000	F#5	78	59	761	60.125000	F#5	78	80	
763	73.101042	G#5	80	64	762	60.250000	G#5	80	80	
764	73.105208	B3	59	64	763	60.250000	B3	59	80	
765	73.223958	G#3	56	61	765	60.375000	G#3	56	80	
766	73.231250	F5	77	62	764	60.375000	F5	77	80	
767	73.382292	F3	53	58	767	60.500000	F3	53	80	
768	73.398958	C#5	73	65	766	60.500000	C#5	73	80	
769	73.541667	Eb5	75	57	768	60.625000	Eb5	75	80	
770	73.702083	F5	77	65	769	60.750000	F5	77	80	
771	73.716667	C#3	49	66	770	60.750000	C#3	49	80	
772	73.829167	Bb2	46	69	772	60.875000	Bb2	46	80	
773	73.833333	C#5	73	70	771	60.875000	C#5	73	80	
774	73.971875	F#2	42	69	774	61.000000	F#2	42	80	
775	73.977083	Bb4	70	71	773	61.000000	Bb4	70	80	
776	74.126042	C5	72	59	775	61.125000	C5	72	80	
777	74.298958	C#5	73	63	776	61.250000	C#5	73	80	
778	74.304167	Bb3	58	56	777	61.250000	Bb3	58	80	
779	74.430208	Bb4	70	67	778	61.375000	Bb4	70	80	
780	74.444792	F#3	54	56	779	61.375000	F#3	54	80	
781	74.590625	Eb3	51	63	781	61.500000	Eb3	51	80	
782	74.595833	F#5	78	64	780	61.500000	F#5	78	80	
783	74.733333	G#5	80	66	782	61.625000	G#5	80	80	
784	74.897917	F#3	54	74	784	61.750000	F#3	54	80	
785	74.897917	Bb5	82	67	783	61.750000	Bb5	82	80	
786	75.031250	Eb3	51	66	786	61.875000	Eb3	51	80	
787	75.031250	F#5	78	71	785	61.875000	F#5	78	80	
788	75.188542	Eb5	75	66	787	62.000000	Eb5	75	80	
789	75.192708	C3	48	53	788	62.000000	C3	48	80	
790	75.334375	F5	77	62	789	62.125000	F5	77	80	
791	75.488542	F#5	78	68	790	62.250000	F#5	78	80	
792	75.500000	Bb3	58	61	791	62.250000	Bb3	58	80	
793	75.631250	Eb5	75	65	792	62.375000	Eb5	75	80	
794	75.634375	F#3	54	58	793	62.375000	F#3	54	80	
795	75.788542	Eb3	51	72	795	62.500000	Eb3	51	80	
796	75.792708	C5	72	67	794	62.500000	C5	72	80	
797	75.927083	C#5	73	72	796	62.625000	C#5	73	80	
798	76.089583	Eb5	75	69	797	62.750000	Eb5	75	80	
799	76.093750	C3	48	74	798	62.750000	C3	48	80	
800	76.228125	G#2	44	78	800	62.875000	G#2	44	80	
801	76.237500	C5	72	72	799	62.875000	C5	72	80	
802	76.382292	F2	41	73	802	63.000000	F2	41	80	
803	76.403125	G#4	68	74	801	63.000000	G#4	68	80	
804	76.551042	Bb4	70	66	803	63.125000	Bb4	70	80	
805	76.712500	C5	72	63	804	63.250000	C5	72	80	
806	76.715625	G#3	56	53	805	63.250000	G#3	56	80	
807	76.852083	G#4	68	71	806	63.375000	G#4	68	80	
808	76.857292	F3	53	57	807	63.375000	F3	53	80	
809	77.011458	D3	50	65	809	63.500000	D3	50	80	
810	77.017708	F5	77	67	808	63.500000	F5	77	80	
811	77.148958	F#5	78	68	810	63.625000	F#5	78	80	
812	77.308333	F3	53	73	812	63.750000	F3	53	80	
813	77.315625	G#5	80	71	811	63.750000	G#5	80	80	
814	77.438542	D3	50	68	814	63.875000	D3	50	80	
815	77.453125	F5	77	70	813	63.875000	F5	77	80	
816	77.616667	D5	74	65	815	64.000000	D5	74	80	
817	77.621875	Bb2	46	56	816	64.000000	Bb2	46	80	
818	77.768750	Eb5	75	67	817	64.125000	Eb5	75	80	
819	77.916667	G#3	56	62	819	64.250000	G#3	56	80	
820	77.918750	F5	77	67	818	64.250000	F5	77	80	
821	78.041667	F3	53	58	821	64.375000	F3	53	80	
822	78.051042	D5	74	68	820	64.375000	D5	74	80	
823	78.203125	D3	50	65	823	64.500000	D3	50	80	
824	78.210417	Bb4	70	70	822	64.500000	Bb4	70	80	
825	78.344792	C5	72	72	824	64.625000	C5	72	80	
826	78.501042	D5	74	75	825	64.750000	D5	74	80	
827	78.505208	Bb2	46	78	826	64.750000	Bb2	46	80	
828	78.635417	F#2	42	76	828	64.875000	F#2	42	80	
829	78.641667	Bb4	70	75	827	64.875000	Bb4	70	80	
830	78.791667	Eb2	39	76	830	65.000000	Eb2	39	80	
831	78.801042	F#4	66	73	829	65.000000	F#4	66	80	
832	78.948958	G#4	68	72	831	65.125000	G#4	68	80	
833	79.113542	F#3	54	64	833	65.250000	F#3	54	80	
834	79.118750	Bb4	70	64	832	65.250000	Bb4	70	80	
835	79.251042	Eb3	51	65	835	65.375000	Eb3	51	80	
836	79.251042	F#4	66	61	834	65.375000	F#4	66	80	
837	79.405208	C3	48	64	837	65.500000	C3	48	80	
838	79.413542	Eb5	75	70	836	65.500000	Eb5	75	80	
839	79.541667	F5	77	72	838	65.625000	F5	77	80	
840	79.701042	F#5	78	79	839	65.750000	F#5	78	80	
841	79.714583	Eb3	51	78	840	65.750000	Eb3	51	80	
842	79.842708	Eb5	75	74	841	65.875000	Eb5	75	80	
843	79.847917	C3	48	73	842	65.875000	C3	48	80	
844	80.001042	C5	72	72	843	66.000000	C5	72	80	
845	80.010417	G#2	44	70	844	66.000000	G#2	44	80	
846	80.150000	C#5	73	73	845	66.125000	C#5	73	80	
847	80.301042	F#3	54	79	847	66.250000	F#3	54	80	
848	80.305208	Eb5	75	77	846	66.250000	Eb5	75	80	
849	80.418750	Eb3	51	78	849	66.375000	Eb3	51	80	
850	80.435417	C5	72	77	848	66.375000	C5	72	80	
851	80.582292	C3	48	78	851	66.500000	C3	48	80	
852	80.590625	G#4	68	83	850	66.500000	G#4	68	80	
853	80.739583	Bb4	70	80	852	66.625000	Bb4	70	80	
854	80.896875	G#2	44	86	854	66.750000	G#2	44	80	
855	80.896875	C5	72	83	853	66.750000	C5	72	80	
856	81.030208	G#4	68	87	855	66.875000	G#4	68	80	
857	81.032292	F2	41	83	856	66.875000	F2	41	80	
858	81.198958	C#2	37	82	858	67.000000	C#2	37	80	
859	81.198958	F4	65	79	857	67.000000	F4	65	80	
860	81.358333	F#4	66	74	859	67.125000	F#4	66	80	
861	81.506250	G#4	68	82	860	67.250000	G#4	68	80	
862	81.651042	F4	65	76	861	67.375000	F4	65	80	
863	81.814583	C#4	61	77	862	67.500000	C#4	61	80	
864	81.945833	F4	65	75	863	67.625000	F4	65	80	
865	82.112500	G#4	68	83	864	67.750000	G#4	68	80	
866	82.259375	Bb4	70	80	865	67.875000	Bb4	70	80	
867	82.417708	B4	71	90	866	68.000000	B4	71	80	
868	82.566667	Bb4	70	81	867	68.125000	Bb4	70	80	
869	82.704167	B3	59	73	869	68.250000	B3	59	80	
870	82.713542	G#4	68	86	868	68.250000	G#4	68	80	
871	82.848958	C#3	49	71	871	68.375000	C#3	49	80	
872	82.854167	Bb4	70	86	870	68.375000	Bb4	70	80	
873	83.013542	F#5	78	91	872	68.500000	F#5	78	80	
874	83.020833	Bb3	58	78	873	68.500000	Bb3	58	80	
875	83.150000	C#3	49	64	874	68.625000	C#3	49	80	
876	83.327083	C#5	73	90	875	68.750000	C#5	73	80	
877	83.339583	G#3	56	76	876	68.750000	G#3	56	80	
878	83.467708	C#3	49	64	877	68.875000	C#3	49	80	
879	83.651042	Bb4	70	86	878	69.000000	Bb4	70	80	
880	83.668750	F#3	54	72	879	69.000000	F#3	54	80	
881	83.794792	C#3	49	69	880	69.125000	C#3	49	80	
882	83.975000	F3	53	65	882	69.250000	F3	53	80	
883	83.990625	G#4	68	80	881	69.250000	G#4	68	80	
884	84.119792	Eb3	51	69	884	69.375000	C#3	49	80	
885	84.119792	F#4	66	75	883	69.375000	F#4	66	80	
886	84.273958	G#4	68	75	885	69.500000	G#4	68	80	
887	84.278125	F3	53	60	886	69.500000	F3	53	80	
888	84.420833	C#4	61	69	887	69.625000	C#4	61	80	
889	84.589583	F4	65	68	888	69.750000	F4	65	80	
890	84.593750	G#2	44	65	889	69.750000	G#2	44	80	
891	84.730208	G#4	68	76	890	69.875000	G#4	68	80	
892	84.893750	Bb4	70	81	891	70.000000	Bb4	70	80	
893	85.037500	G#4	68	80	892	70.125000	G#4	68	80	
894	85.176042	F#4	66	79	893	70.250000	F#4	66	80	
895	85.187500	Bb3	58	72	894	70.250000	Bb3	58	80	
896	85.321875	G#4	68	80	895	70.375000	G#4	68	80	
897	85.337500	C#3	49	65	896	70.375000	C#3	49	80	
898	85.469792	F5	77	87	897	70.500000	F5	77	80	
899	85.483333	G#3	56	74	898	70.500000	G#3	56	80	
900	85.625000	C#3	49	72	899	70.625000	C#3	49	80	
901	85.790625	C#5	73	82	900	70.750000	C#5	73	80	
902	85.795833	F#3	54	69	901	70.750000	F#3	54	80	
903	85.940625	C#3	49	68	902	70.875000	C#3	49	80	
904	86.093750	G#4	68	77	903	71.000000	G#4	68	80	
905	86.104167	F3	53	69	904	71.000000	F3	53	80	
906	86.261458	C#3	49	58	905	71.125000	C#3	49	80	
907	86.408333	F#4	66	72	906	71.250000	F#4	66	80	
908	86.412500	Eb3	51	69	907	71.250000	Eb3	51	80	
909	86.536458	C#3	49	60	909	71.375000	C#3	49	80	
910	86.540625	F4	65	63	908	71.375000	F4	65	80	
911	86.695833	Eb3	51	59	911	71.500000	Eb3	51	80	
912	86.701042	F#4	66	64	910	71.500000	F#4	66	80	
913	86.839583	C4	60	60	912	71.625000	C4	60	80	
914	87.005208	Eb4	63	62	913	71.750000	Eb4	63	80	
915	87.016667	G#2	44	53	914	71.750000	G#2	44	80	
916	87.148958	F#4	66	70	915	71.875000	F#4	66	80	
917	87.304167	G#4	68	79	916	72.000000	G#4	68	80	
918	87.438542	F#4	66	70	917	72.125000	F#4	66	80	
919	87.589583	F4	65	62	918	72.250000	F4	65	80	
920	87.593750	G#3	56	60	919	72.250000	G#3	56	80	
921	87.728125	F#4	66	70	920	72.375000	F#4	66	80	
922	87.739583	G#2	44	62	921	72.375000	G#2	44	80	
923	87.889583	F#3	54	68	923	72.500000	F#3	54	80	
924	87.894792	Eb5	75	72	922	72.500000	Eb5	75	80	
925	88.017708	G#2	44	64	924	72.625000	G#2	44	80	
926	88.196875	C5	72	74	925	72.750000	C5	72	80	
927	88.205208	F3	53	63	926	72.750000	F3	53	80	
928	88.338542	G#2	44	63	927	72.875000	G#2	44	80	
929	88.501042	F#4	66	65	928	73.000000	F#4	66	80	
930	88.520833	Eb3	51	64	929	73.000000	Eb3	51	80	
931	88.657292	G#2	44	63	930	73.125000	G#2	44	80	
932	88.815625	C#3	49	62	932	73.250000	C#3	49	80	
933	88.822917	F4	65	60	931	73.250000	F4	65	80	
934	88.961458	C3	48	61	934	73.375000	C3	48	80	
935	88.965625	Eb4	63	68	933	73.375000	Eb4	63	80	
936	89.113542	F4	65	71	935	73.500000	F4	65	80	
937	89.115625	C#3	49	58	936	73.500000	C#3	49	80	
938	89.253125	G#4	68	75	937	73.625000	G#4	68	80	
939	89.272917	G#2	44	66	938	73.625000	G#2	44	80	
940	89.419792	Bb4	70	80	939	73.750000	Bb4	70	80	
941	89.425000	F3	53	67	940	73.750000	F3	53	80	
942	89.559375	C5	72	83	941	73.875000	C5	72	80	
943	89.567708	Eb3	51	76	942	73.875000	Eb3	51	80	
944	89.709375	F3	53	76	944	74.000000	F3	53	80	
945	89.723958	C#5	73	87	943	74.000000	C#5	73	80	
946	89.869792	G#2	44	80	946	74.125000	G#2	44	80	
947	89.875000	Eb5	75	81	945	74.125000	Eb5	75	80	
948	90.032292	G#3	56	87	948	74.250000	G#3	56	80	
949	90.037500	F5	77	82	947	74.250000	F5	77	80	
950	90.178125	F#3	54	76	950	74.375000	F#3	54	80	
951	90.183333	Eb5	75	77	949	74.375000	Eb5	75	80	
952	90.335417	G#3	56	83	952	74.500000	G#3	56	80	
953	90.356250	F#5	78	83	951	74.500000	F#5	78	80	
954	90.485417	G#2	44	80	954	74.625000	G#2	44	80	
955	90.489583	F5	77	79	953	74.625000	F5	77	80	
956	90.642708	Bb3	58	84	956	74.750000	Bb3	58	80	
957	90.647917	Eb5	75	82	955	74.750000	Eb5	75	80	
958	90.786458	G#2	44	84	958	74.875000	G#2	44	80	
959	90.793750	C#5	73	80	957	74.875000	C#5	73	80	
960	90.975000	Bb5	82	74	959	75.000000	Bb5	82	80	
961	90.983333	C4	60	85	961	75.000000	C4	60	80	
962	91.047917	G#5	80	65	962	75.062500	G#5	80	80	
963	91.118750	F#5	78	74	963	75.125000	G5	79	80	
964	91.122917	C#4	61	76	964	75.125000	C#4	61	80	
965	91.211458	G#5	80	67	965	75.187500	G#5	80	80	
966	91.292708	Eb4	63	86	967	75.250000	Eb4	63	80	
967	91.292708	Bb5	82	69	966	75.250000	Bb5	82	80	
968	91.373958	G#5	80	68	968	75.312500	G#5	80	80	
969	91.441667	C4	60	77	971	75.375000	C4	60	80	
970	91.467708	Bb5	82	62	970	75.375000	Bb5	82	80	
971	91.547917	G#5	80	64	972	75.437500	G#5	80	80	
972	91.595833	G#3	56	82	975	75.500000	G#3	56	80	
973	91.637500	Bb5	82	58	973	75.500000	Bb5	82	80	
974	91.700000	G#5	80	67	976	75.562500	G#5	80	80	
975	91.745833	C4	60	76	979	75.625000	C4	60	80	
976	91.797917	Bb5	82	56	978	75.625000	Bb5	82	80	
977	91.852083	G#5	80	61	980	75.687500	G#5	80	80	
978	91.894792	Eb4	63	78	983	75.750000	Eb4	63	80	
979	91.950000	Bb5	82	59	981	75.750000	Bb5	82	80	
980	92.012500	G#5	80	62	984	75.812500	G#5	80	80	
981	92.052083	F4	65	70	987	75.875000	F4	65	80	
982	92.094792	Bb5	82	49	986	75.875000	Bb5	82	80	
983	92.160417	G#5	80	64	988	75.937500	G#5	80	80	
984	92.239583	F#4	66	83	989	76.000000	F#4	66	80	
985	92.405208	F4	65	74	991	76.125000	F4	65	80	
986	92.429167	G#5	80	66	990	76.125000	G#5	80	80	
987	92.560417	Eb4	63	73	993	76.250000	Eb4	63	80	
988	92.569792	F#5	78	67	992	76.250000	F#5	78	80	
989	92.703125	F4	65	75	995	76.375000	F#4	66	80	
990	92.703125	G#5	80	71	994	76.375000	G#5	80	80	
991	92.867708	C#5	73	82	997	76.500000	C#5	73	80	
992	92.871875	F5	77	73	996	76.500000	F5	77	80	
993	93.020833	G#5	80	58	998	76.625000	G#5	80	80	
994	93.192708	G#4	68	73	1000	76.750000	G#4	68	80	
995	93.207292	Eb5	75	63	999	76.750000	Eb5	75	80	
996	93.348958	G#5	80	62	1001	76.875000	G#5	80	80	
997	93.519792	F4	65	67	1003	77.000000	F4	65	80	
998	93.529167	C#5	73	64	1002	77.000000	C#5	73	80	
999	93.669792	G#5	80	58	1004	77.125000	G#5	80	80	
1000	93.851042	Eb4	63	64	1006	77.250000	Eb4	63	80	
1001	93.851042	C5	72	63	1005	77.250000	C5	72	80	
1002	93.977083	Bb4	70	67	1007	77.375000	Bb4	70	80	
1003	93.993750	C#4	61	53	1008	77.375000	C#4	61	80	
1004	94.142708	Eb4	63	60	1010	77.500000	Eb4	63	80	
1005	94.142708	C5	72	65	1009	77.500000	C5	72	80	
1006	94.292708	Eb5	75	61	1011	77.625000	Eb5	75	80	
1007	94.310417	G#3	56	56	1012	77.625000	G#3	56	80	
1008	94.444792	C4	60	65	1014	77.750000	C#4	61	80	
1009	94.450000	F5	77	72	1013	77.750000	F5	77	80	
1010	94.585417	F#5	78	65	1015	77.875000	F#5	78	80	
1011	94.601042	Eb4	63	67	1016	77.875000	Eb4	63	80	
1012	94.750000	G#5	80	70	1017	78.000000	G#5	80	80	
1013	94.753125	F4	65	63	1018	78.000000	F4	65	80	
1014	94.892708	F#5	78	69	1019	78.125000	F#5	78	80	
1015	94.910417	Eb4	63	60	1020	78.125000	Eb4	63	80	
1016	95.048958	C#4	61	63	1022	78.250000	C#4	61	80	
1017	95.056250	F5	77	73	1021	78.250000	F5	77	80	
1018	95.196875	Eb4	63	67	1024	78.375000	Eb4	63	80	
1019	95.202083	G#5	80	70	1023	78.375000	G#5	80	80	
1020	95.358333	C5	72	74	1026	78.500000	C5	72	80	
1021	95.367708	Eb5	75	69	1025	78.500000	Eb5	75	80	
1022	95.506250	G#5	80	64	1027	78.625000	G#5	80	80	
1023	95.680208	G#4	68	75	1029	78.750000	G#4	68	80	
1024	95.684375	C#5	73	66	1028	78.750000	C#5	73	80	
1025	95.831250	G#5	80	61	1030	78.875000	G#5	80	80	
1026	96.010417	C5	72	60	1031	79.000000	C5	72	80	
1027	96.019792	Eb4	63	62	1032	79.000000	Eb4	63	80	
1028	96.144792	G#5	80	64	1033	79.125000	G#5	80	80	
1029	96.321875	C#4	61	65	1035	79.250000	C#4	61	80	
1030	96.337500	Bb4	70	69	1034	79.250000	Bb4	70	80	
1031	96.459375	G#4	68	69	1036	79.375000	G#4	68	80	
1032	96.468750	C4	60	63	1037	79.375000	C4	60	80	
1033	96.627083	C#4	61	57	1039	79.500000	C#4	61	80	
1034	96.627083	Bb4	70	71	1038	79.500000	Bb4	70	80	
1035	96.769792	C#5	73	77	1040	79.625000	C#5	73	80	
1036	96.784375	G#3	56	61	1041	79.625000	G#3	56	80	
1037	96.923958	Eb5	75	64	1042	79.750000	Eb5	75	80	
1038	96.939583	C4	60	63	1043	79.750000	C4	60	80	
1039	97.070833	F5	77	70	1044	79.875000	F5	77	80	
1040	97.089583	C#4	61	54	1045	79.875000	C#4	61	80	
1041	97.232292	F#5	78	71	1046	80.000000	F#5	78	80	
1042	97.248958	Eb4	63	66	1047	80.000000	Eb4	63	80	
1043	97.375000	F5	77	66	1048	80.125000	F5	77	80	
1044	97.391667	C#4	61	64	1049	80.125000	C#4	61	80	
1045	97.533333	Eb5	75	68	1050	80.250000	Eb5	75	80	
1046	97.543750	C4	60	61	1051	80.250000	C4	60	80	
1047	97.664583	C#4	61	67	1053	80.375000	C#4	61	80	
1048	97.690625	F5	77	68	1052	80.375000	F5	77	80	
1049	97.852083	Bb4	70	70	1055	80.500000	Bb4	70	80	
1050	97.860417	C#5	73	70	1054	80.500000	C#5	73	80	
1051	98.012500	Eb5	75	62	1056	80.625000	Eb5	75	80	
1052	98.161458	G4	67	65	1058	80.750000	G4	67	80	
1053	98.183333	C5	72	68	1057	80.750000	C5	72	80	
1054	98.321875	Eb5	75	56	1059	80.875000	Eb5	75	80	
1055	98.492708	Bb4	70	60	1060	81.000000	Bb4	70	80	
1056	98.496875	C#4	61	58	1061	81.000000	C#4	61	80	
1057	98.659375	Eb5	75	60	1062	81.125000	Eb5	75	80	
1058	98.808333	C4	60	65	1064	81.250000	C4	60	80	
1059	98.819792	G#4	68	67	1063	81.250000	G#4	68	80	
1060	98.950000	G4	67	67	1065	81.375000	G4	67	80	
1061	98.968750	Bb3	58	64	1066	81.375000	Bb3	58	80	
1062	99.115625	C4	60	66	1068	81.500000	C4	60	80	
1063	99.115625	G#4	68	75	1067	81.500000	G#4	68	80	
1064	99.265625	C5	72	78	1069	81.625000	C5	72	80	
1065	99.277083	G#3	56	66	1070	81.625000	G#3	56	80	
1066	99.420833	C#5	73	79	1071	81.750000	C#5	73	80	
1067	99.430208	Bb3	58	69	1072	81.750000	Bb3	58	80	
1068	99.571875	C4	60	70	1074	81.875000	C4	60	80	
1069	99.571875	Eb5	75	77	1073	81.875000	Eb5	75	80	
1070	99.727083	F5	77	84	1075	82.000000	F5	77	80	
1071	99.732292	C#4	61	68	1076	82.000000	C#4	61	80	
1072	99.869792	F#5	78	84	1077	82.125000	F#5	78	80	
1073	99.880208	Eb4	63	74	1078	82.125000	Eb4	63	80	
1074	100.025000	G#5	80	83	1079	82.250000	G#5	80	80	
1075	100.039583	F4	65	64	1080	82.250000	F4	65	80	
1076	100.176042	Eb4	63	73	1082	82.375000	Eb4	63	80	
1077	100.176042	Bb5	82	79	1081	82.375000	Bb5	82	80	
1078	100.340625	C5	72	83	1083	82.500000	C5	72	80	
1079	100.344792	F#4	66	75	1084	82.500000	F#4	66	80	
1080	100.486458	F4	65	72	1085	82.625000	F4	65	80	
1081	100.640625	G#4	68	89	1086	82.750000	G#4	68	80	
1082	100.659375	Eb4	63	78	1087	82.750000	Eb4	63	80	
1083	100.797917	C#4	61	73	1088	82.875000	C#4	61	80	
1084	100.959375	F#4	66	79	1090	83.000000	F#4	66	80	
1085	100.967708	Bb4	70	91	1089	83.000000	Bb4	70	80	
1086	101.108333	G#4	68	86	1091	83.125000	G#4	68	80	
1087	101.262500	Bb3	58	69	1093	83.250000	Bb3	58	80	
1088	101.271875	F#4	66	85	1092	83.250000	F#4	66	80	
1089	101.412500	G#4	68	84	1094	83.375000	G#4	68	80	
1090	101.421875	C4	60	77	1095	83.375000	C4	60	80	
1091	101.568750	F5	77	93	1096	83.500000	F5	77	80	
1092	101.575000	C#4	61	74	1097	83.500000	C#4	61	80	
1093	101.728125	C4	60	80	1098	83.625000	C4	60	80	
1094	101.885417	C#5	73	90	1099	83.750000	C#5	73	80	
1095	101.894792	Bb3	58	75	1100	83.750000	Bb3	58	80	
1096	102.045833	G#3	56	79	1101	83.875000	G#3	56	80	
1097	102.231250	G#4	68	89	1102	84.000000	G#4	68	80	
1098	102.240625	Bb3	58	79	1103	84.000000	Bb3	58	80	
1099	102.593750	F#4	66	77	1104	84.250000	F#4	66	80	
1100	102.732292	F4	65	69	1105	84.375000	F4	65	80	
1101	102.887500	F#4	66	84	1106	84.500000	F#4	66	80	
1102	103.039583	G#3	56	75	1107	84.625000	G#3	56	80	
1103	103.192708	F#3	54	74	1109	84.750000	F#3	54	80	
1104	103.192708	Eb5	75	84	1108	84.750000	Eb5	75	80	
1105	103.350000	Bb3	58	77	1110	84.875000	Bb3	58	80	
1106	103.508333	F4	65	77	1111	85.000000	F4	65	80	
1107	103.517708	G#3	56	72	1112	85.000000	G#3	56	80	
1108	103.659375	F#3	54	75	1113	85.125000	F#3	54	80	
1109	103.814583	F3	53	72	1115	85.250000	F3	53	80	
1110	103.818750	C#5	73	86	1114	85.250000	C#5	73	80	
1111	103.964583	G#3	56	78	1116	85.375000	G#3	56	80	
1112	104.132292	F#3	54	73	1118	85.500000	F#3	54	80	
1113	104.132292	Eb4	63	76	1117	85.500000	Eb4	63	80	
1114	104.280208	F3	53	73	1119	85.625000	F3	53	80	
1115	104.431250	F#3	54	79	1121	85.750000	F#3	54	80	
1116	104.444792	C5	72	83	1120	85.750000	C5	72	80	
1117	104.582292	Eb3	51	82	1122	85.875000	Eb3	51	80	
1118	104.756250	F3	53	84	1124	86.000000	F3	53	80	
1119	104.767708	C#4	61	78	1123	86.000000	C#4	61	80	
1120	105.114583	C#5	73	83	1125	86.250000	C#5	73	80	
1121	105.257292	C5	72	82	1126	86.375000	C5	72	80	
1122	105.270833	G#3	56	74	1127	86.375000	G#3	56	80	
1123	105.419792	Bb3	58	72	1129	86.500000	Bb3	58	80	
1124	105.420833	C#5	73	80	1128	86.500000	C#5	73	80	
1125	105.565625	Eb5	75	76	1130	86.625000	Eb5	75	80	
1126	105.569792	C4	60	72	1131	86.625000	C4	60	80	
1127	105.727083	C#4	61	74	1133	86.750000	C#4	61	80	
1128	105.727083	F5	77	83	1132	86.750000	F5	77	80	
1129	105.864583	F#5	78	88	1135	86.875000	F#5	78	80	
1130	105.868750	Eb4	63	74	1136	86.875000	Eb4	63	80	
1131	106.026042	F4	65	78	1138	87.000000	F4	65	80	
1132	106.033333	G#5	80	91	1137	87.000000	G#5	80	80	
1133	106.170833	F#5	78	88	1139	87.125000	F#5	78	80	
1134	106.187500	Eb4	63	78	1140	87.125000	Eb4	63	80	
1135	106.326042	F5	77	92	1141	87.250000	F5	77	80	
1136	106.338542	C#4	61	77	1142	87.250000	C#4	61	80	
1137	106.468750	F#5	78	93	1143	87.375000	F#5	78	80	
1138	106.477083	Eb4	63	88	1144	87.375000	Eb4	63	80	
1139	106.638542	C5	72	97	1146	87.500000	C5	72	80	
1140	106.643750	G#5	80	85	1145	87.500000	G#5	80	80	
1141	106.653125	C4	60	74	1147	87.500000	C4	60	80	
1142	106.787500	F#5	78	84	1148	87.625000	F#5	78	80	
1143	106.952083	G#4	68	86	1150	87.750000	G#4	68	80	
1144	106.959375	F5	77	88	1149	87.750000	F5	77	80	
1145	107.103125	Eb5	75	79	1151	87.875000	Eb5	75	80	
1146	107.286458	Eb4	63	81	1153	88.000000	Eb4	63	80	
1147	107.290625	F5	77	78	1152	88.000000	F5	77	80	
1148	107.629167	C#4	61	72	1154	88.250000	C#4	61	80	
1149	107.771875	C4	60	75	1155	88.375000	C4	60	80	
1150	107.922917	C#4	61	78	1157	88.500000	C#4	61	80	
1151	107.932292	Bb3	58	71	1156	88.500000	Bb3	58	80	
1152	108.088542	Eb5	75	83	1158	88.625000	Eb5	75	80	
1153	108.238542	Bb4	70	80	1160	88.750000	Bb4	70	80	
1154	108.238542	C#5	73	88	1159	88.750000	C#5	73	80	
1155	108.385417	F5	77	83	1161	88.875000	F5	77	80	
1156	108.542708	C4	60	78	1163	89.000000	C4	60	80	
1157	108.546875	Eb5	75	78	1162	89.000000	Eb5	75	80	
1158	108.692708	C#5	73	85	1164	89.125000	C#5	73	80	
1159	108.846875	G#4	68	82	1167	89.250000	G#4	68	80	
1160	108.851042	C5	72	84	1165	89.250000	C5	72	80	
1161	108.863542	G#3	56	68	1166	89.250000	G#3	56	80	
1162	108.998958	Eb5	75	75	1168	89.375000	Eb5	75	80	
1163	109.157292	Bb3	58	70	1170	89.500000	Bb3	58	80	
1164	109.157292	C#5	73	82	1169	89.500000	C#5	73	80	
1165	109.302083	C5	72	77	1172	89.625000	C5	72	80	
1166	109.467708	C#5	73	76	1173	89.750000	C#5	73	80	
1167	109.476042	G4	67	67	1175	89.750000	G4	67	80	
1168	109.490625	Eb3	51	65	1174	89.750000	Eb3	51	80	
1169	109.615625	Bb4	70	80	1176	89.875000	Bb4	70	80	
1170	109.773958	C5	72	91	1177	90.000000	C5	72	80	
1171	109.776042	G#3	56	78	1178	90.000000	G#3	56	80	
1172	110.108333	Eb5	75	81	1180	90.250000	Eb5	75	80	
1173	110.119792	G#4	68	75	1181	90.250000	G#4	68	80	
1174	110.261458	F#4	66	77	1182	90.375000	G4	67	80	
1175	110.415625	F#5	78	89	1183	90.500000	F#5	78	80	
1176	110.420833	G#4	68	83	1184	90.500000	G#4	68	80	
1177	110.567708	Bb4	70	69	1185	90.625000	Bb4	70	80	
1178	110.733333	C5	72	78	1186	90.750000	C5	72	80	
1179	110.738542	G#3	56	86	1187	90.750000	G#3	56	80	
1180	110.863542	F#5	78	36	*	-1	*	-1	-1	
1181	110.883333	G#4	68	76	1188	90.875000	G#4	68	80	
1182	111.068750	C#5	73	79	1189	91.000000	C#5	73	80	
1183	111.073958	Bb3	58	82	1190	91.000000	Bb3	58	80	
1184	111.217708	G#3	56	83	1192	91.125000	G#3	56	80	
1185	111.217708	C5	72	80	1191	91.125000	C5	72	80	
1186	111.355208	F#3	54	78	1194	91.250000	F#3	54	80	
1187	111.364583	Bb4	70	81	1193	91.250000	Bb4	70	80	
1188	111.488542	G#3	56	82	1196	91.375000	G#3	56	80	
1189	111.507292	C5	72	87	1195	91.375000	C5	72	80	
1190	111.647917	F4	65	91	1199	91.500000	F4	65	80	
1191	111.662500	C#5	73	80	1198	91.500000	C#5	73	80	
1192	111.662500	F5	77	86	1197	91.500000	F5	77	80	
1193	111.801042	C5	72	69	1200	91.625000	C5	72	80	
1194	111.963542	C#4	61	83	1202	91.750000	C#4	61	80	
1195	111.982292	Bb4	70	75	1201	91.750000	Bb4	70	80	
1196	112.116667	G#4	68	76	1203	91.875000	G#4	68	80	
1197	112.290625	Bb4	70	74	1204	92.000000	Bb4	70	80	
1198	112.294792	G#3	56	83	1205	92.000000	G#3	56	80	
1199	112.631250	F#3	54	78	1206	92.250000	F#3	54	80	
1200	112.769792	F3	53	76	1207	92.375000	F3	53	80	
1201	112.937500	F#3	54	77	1209	92.500000	F#3	54	80	
1202	112.937500	Eb5	75	79	1208	92.500000	Eb5	75	80	
1203	113.069792	G#4	68	76	1210	92.625000	G#4	68	80	
1204	113.235417	F#4	66	78	1211	92.750000	F#4	66	80	
1205	113.244792	Eb4	63	76	1212	92.750000	Eb4	63	80	
1206	113.380208	Bb4	70	76	1213	92.875000	Bb4	70	80	
1207	113.550000	G#4	68	80	1214	93.000000	G#4	68	80	
1208	113.557292	F3	53	72	1215	93.000000	F3	53	80	
1209	113.695833	F#4	66	76	1216	93.125000	F#4	66	80	
1210	113.869792	C#5	73	85	1217	93.250000	C#5	73	80	
1211	113.888542	F4	65	70	1218	93.250000	F4	65	80	
1212	113.892708	C#4	61	57	1219	93.250000	C#4	61	80	
1213	114.026042	G#4	68	80	1220	93.375000	G#4	68	80	
1214	114.179167	C5	72	87	1221	93.500000	C5	72	80	
1215	114.203125	Eb3	51	68	1223	93.500000	Eb3	51	80	
1216	114.203125	F#4	66	65	1222	93.500000	F#4	66	80	
1217	114.327083	F4	65	72	1224	93.625000	F4	65	80	
1218	114.509375	F#4	66	70	1226	93.750000	F#4	66	80	
1219	114.509375	Eb5	75	80	1225	93.750000	Eb5	75	80	
1220	114.518750	C4	60	65	1227	93.750000	C4	60	80	
1221	114.660417	Eb4	63	74	1228	93.875000	Eb4	63	80	
1222	114.855208	C#3	49	51	1230	94.000000	C#3	49	80	
1223	114.875000	E4	64	44	*	-1	*	-1	-1	
1224	114.875000	F4	65	49	1229	94.000000	F4	65	80	
1225	115.033333	G#2	44	50	1231	94.125000	G#2	44	80	
1226	115.178125	G#4	68	63	1232	94.250000	G#4	68	80	
1227	115.187500	C#3	49	47	1233	94.250000	C#3	49	80	
1228	115.348958	Eb3	51	55	1234	94.375000	Eb3	51	80	
1229	115.495833	C#5	73	64	1235	94.500000	C#5	73	80	
1230	115.500000	F3	53	49	1236	94.500000	F3	53	80	
1231	115.653125	F#3	54	47	1237	94.625000	F#3	54	80	
1232	115.795833	B4	71	64	1238	94.750000	B4	71	80	
1233	115.814583	G#3	56	52	1239	94.750000	G#3	56	80	
1234	115.971875	F3	53	54	1240	94.875000	F3	53	80	
1235	116.112500	Bb4	70	67	1241	95.000000	Bb4	70	80	
1236	116.128125	F#3	54	52	1242	95.000000	F#3	54	80	
1237	116.301042	F#2	42	56	1243	95.125000	F#2	42	80	
1238	116.428125	C#4	61	51	1244	95.250000	C#4	61	80	
1239	116.469792	F#3	54	49	1245	95.250000	F#3	54	80	
1240	116.609375	F3	53	56	1246	95.375000	F3	53	80	
1241	116.762500	F#4	66	59	1247	95.500000	F#4	66	80	
1242	116.789583	F#3	54	56	1248	95.500000	F#3	54	80	
1243	116.925000	G#3	56	58	1249	95.625000	G#3	56	80	
1244	117.072917	F4	65	55	1250	95.750000	F4	65	80	
1245	117.093750	Bb3	58	48	1251	95.750000	Bb3	58	80	
1246	117.252083	F#3	54	51	1252	95.875000	F#3	54	80	
1247	117.392708	F#4	66	60	1253	96.000000	F#4	66	80	
1248	117.417708	Eb3	51	51	1254	96.000000	Eb3	51	80	
1249	117.562500	F3	53	58	1255	96.125000	F3	53	80	
1250	117.714583	F#3	54	56	1257	96.250000	F#3	54	80	
1251	117.723958	Bb4	70	73	1256	96.250000	Bb4	70	80	
1252	117.859375	Eb3	51	62	1259	96.375000	Eb3	51	80	
1253	117.866667	F#4	66	67	1258	96.375000	F#4	66	80	
1254	118.020833	Eb4	63	64	1260	96.500000	Eb4	63	80	
1255	118.027083	C3	48	53	1261	96.500000	C3	48	80	
1256	118.165625	C#3	49	52	1262	96.625000	C#3	49	80	
1257	118.320833	Eb3	51	55	1264	96.750000	Eb3	51	80	
1258	118.350000	F#4	66	55	1263	96.750000	F#4	66	80	
1259	118.462500	C3	48	52	1266	96.875000	C3	48	80	
1260	118.489583	Eb4	63	55	1265	96.875000	Eb4	63	80	
1261	118.657292	G#3	56	56	1267	97.000000	G#3	56	80	
1262	118.661458	F2	41	53	1268	97.000000	F2	41	80	
1263	118.998958	Eb4	63	59	1269	97.250000	Eb4	63	80	
1264	119.004167	F3	53	48	1270	97.250000	F3	53	80	
1265	119.131250	Eb3	51	57	1271	97.375000	Eb3	51	80	
1266	119.300000	F3	53	47	1273	97.500000	F3	53	80	
1267	119.308333	G#4	68	71	1272	97.500000	G#4	68	80	
1268	119.469792	F#3	54	52	1274	97.625000	F#3	54	80	
1269	119.626042	C4	60	50	1275	97.750000	C4	60	80	
1270	119.631250	G#3	56	48	1276	97.750000	G#3	56	80	
1271	119.788542	F3	53	50	1277	97.875000	F3	53	80	
1272	119.959375	F4	65	64	1278	98.000000	F4	65	80	
1273	119.970833	D3	50	50	1279	98.000000	D3	50	80	
1274	120.123958	Eb3	51	63	1280	98.125000	Eb3	51	80	
1275	120.281250	F3	53	55	1282	98.250000	F3	53	80	
1276	120.281250	G#4	68	78	1281	98.250000	G#4	68	80	
1277	120.423958	D3	50	57	1284	98.375000	D3	50	80	
1278	120.433333	F4	65	70	1283	98.375000	F4	65	80	
1279	120.589583	Bb2	46	60	1286	98.500000	Bb2	46	80	
1280	120.589583	D4	62	70	1285	98.500000	D4	62	80	
1281	120.737500	C3	48	54	1287	98.625000	C3	48	80	
1282	120.880208	D3	50	55	1289	98.750000	D3	50	80	
1283	120.906250	F4	65	57	1288	98.750000	F4	65	80	
1284	121.038542	Bb2	46	55	1291	98.875000	Bb2	46	80	
1285	121.038542	D4	62	67	1290	98.875000	D4	62	80	
1286	121.202083	Eb2	39	58	1293	99.000000	Eb2	39	80	
1287	121.211458	F#3	54	64	1292	99.000000	F#3	54	80	
1288	121.560417	Bb3	58	60	1294	99.250000	Bb3	58	80	
1289	121.566667	Eb3	51	51	1295	99.250000	Eb3	51	80	
1290	121.688542	C#3	49	57	1296	99.375000	D3	50	80	
1291	121.853125	F#4	66	70	1297	99.500000	F#4	66	80	
1292	121.862500	Eb3	51	55	1298	99.500000	Eb3	51	80	
1293	122.010417	F3	53	52	1299	99.625000	F3	53	80	
1294	122.168750	F#3	54	49	1301	99.750000	F#3	54	80	
1295	122.168750	Bb3	58	62	1300	99.750000	Bb3	58	80	
1296	122.312500	Eb3	51	68	1302	99.875000	Eb3	51	80	
1297	122.489583	Eb4	63	77	1303	100.000000	Eb4	63	80	
1298	122.495833	C3	48	62	1304	100.000000	C3	48	80	
1299	122.630208	F4	65	73	1305	100.125000	F4	65	80	
1300	122.637500	C#3	49	65	1306	100.125000	C#3	49	80	
1301	122.772917	Eb3	51	74	1308	100.250000	Eb3	51	80	
1302	122.779167	F#4	66	81	1307	100.250000	F#4	66	80	
1303	122.914583	Eb4	63	80	1309	100.375000	Eb4	63	80	
1304	122.918750	C3	48	64	1310	100.375000	C3	48	80	
1305	123.077083	G#2	44	73	1312	100.500000	G#2	44	80	
1306	123.079167	Eb5	75	86	1311	100.500000	Eb5	75	80	
1307	123.230208	F#4	66	76	1313	100.625000	F#4	66	80	
1308	123.235417	Bb2	46	69	1314	100.625000	Bb2	46	80	
1309	123.372917	C3	48	70	1316	100.750000	C3	48	80	
1310	123.394792	G#4	68	76	1315	100.750000	G#4	68	80	
1311	123.521875	G#2	44	73	1318	100.875000	G#2	44	80	
1312	123.521875	Eb4	63	77	1317	100.875000	Eb4	63	80	
1313	123.690625	C#2	37	77	1320	101.000000	C#2	37	80	
1314	123.701042	F4	65	76	1319	101.000000	F4	65	80	
1315	123.850000	C#5	73	77	1321	101.125000	C#5	73	80	
1316	124.005208	C#3	49	77	1323	101.250000	C#3	49	80	
1317	124.010417	C5	72	77	1322	101.250000	C5	72	80	
1318	124.146875	Eb3	51	79	1325	101.375000	Eb3	51	80	
1319	124.146875	Eb5	75	83	1324	101.375000	Eb5	75	80	
1320	124.298958	C#5	73	85	1326	101.500000	C#5	73	80	
1321	124.303125	F3	53	86	1327	101.500000	F3	53	80	
1322	124.441667	G#4	68	84	1328	101.625000	G#4	68	80	
1323	124.622917	C#3	49	72	1331	101.750000	C#3	49	80	
1324	124.622917	C#4	61	81	1330	101.750000	C#4	61	80	
1325	124.622917	Bb4	70	85	1329	101.750000	Bb4	70	80	
1326	124.769792	B4	71	78	1332	101.875000	B4	71	80	
1327	124.925000	F#3	54	74	1334	102.000000	F#3	54	80	
1328	124.925000	Bb4	70	79	1333	102.000000	Bb4	70	80	
1329	125.071875	G#4	68	84	1335	102.125000	G#4	68	80	
1330	125.081250	C4	60	72	1336	102.125000	C4	60	80	
1331	125.217708	F#4	66	83	1337	102.250000	F#4	66	80	
1332	125.225000	Bb3	58	71	1338	102.250000	Bb3	58	80	
1333	125.354167	G#4	68	88	1339	102.375000	G#4	68	80	
1334	125.377083	C4	60	79	1340	102.375000	C4	60	80	
1335	125.506250	F5	77	91	1341	102.500000	F5	77	80	
1336	125.523958	F3	53	75	1343	102.500000	F3	53	80	
1337	125.523958	C#4	61	81	1342	102.500000	C#4	61	80	
1338	125.672917	C4	60	81	1344	102.625000	C4	60	80	
1339	125.828125	Bb3	58	76	1346	102.750000	Bb3	58	80	
1340	125.828125	C#5	73	91	1345	102.750000	C#5	73	80	
1341	125.976042	G#3	56	81	1347	102.875000	G#3	56	80	
1342	126.156250	G#4	68	89	1348	103.000000	G#4	68	80	
1343	126.162500	Bb3	58	74	1349	103.000000	Bb3	58	80	
1344	126.176042	Eb3	51	74	1350	103.000000	Eb3	51	80	
1345	126.505208	F#4	66	79	1351	103.250000	F#4	66	80	
1346	126.508333	C#3	49	64	1352	103.250000	C#3	49	80	
1347	126.633333	F4	65	76	1353	103.375000	F4	65	80	
1348	126.788542	C3	48	66	1355	103.500000	C3	48	80	
1349	126.792708	F#4	66	86	1354	103.500000	F#4	66	80	
1350	126.946875	G#3	56	75	1356	103.625000	G#3	56	80	
1351	127.095833	Eb5	75	85	1357	103.750000	Eb5	75	80	
1352	127.101042	F#3	54	73	1358	103.750000	F#3	54	80	
1353	127.246875	Bb3	58	71	1359	103.875000	Bb3	58	80	
1354	127.420833	F4	65	85	1360	104.000000	F4	65	80	
1355	127.430208	C#3	49	66	1362	104.000000	C#3	49	80	
1356	127.430208	G#3	56	74	1361	104.000000	G#3	56	80	
1357	127.585417	F#3	54	76	1363	104.125000	F#3	54	80	
1358	127.733333	F3	53	72	1365	104.250000	F3	53	80	
1359	127.742708	C#5	73	87	1364	104.250000	C#5	73	80	
1360	127.783333	C#3	49	3	*	-1	*	-1	-1	
1361	127.891667	G#3	56	73	1366	104.375000	G#3	56	80	
1362	128.057292	Eb4	63	85	1367	104.500000	Eb4	63	80	
1363	128.059375	F#3	54	73	1368	104.500000	F#3	54	80	
1364	128.097917	G#2	44	67	1369	104.500000	G#2	44	80	
1365	128.203125	F3	53	77	1370	104.625000	F3	53	80	
1366	128.363542	Eb3	51	78	1372	104.750000	Eb3	51	80	
1367	128.382292	C5	72	89	1371	104.750000	C5	72	80	
1368	128.514583	F#3	54	77	1373	104.875000	F#3	54	80	
1369	128.681250	Bb2	46	71	1376	105.000000	Bb2	46	80	
1370	128.695833	F3	53	73	1375	105.000000	F3	53	80	
1371	128.700000	C#4	61	79	1374	105.000000	C#4	61	80	
1372	128.851042	F4	65	78	1377	105.125000	F4	65	80	
1373	128.862500	G#3	56	72	1378	105.125000	G#3	56	80	
1374	129.009375	F#4	66	77	1379	105.250000	F#4	66	80	
1375	129.013542	Bb3	58	73	1380	105.250000	Bb3	58	80	
1376	129.157292	G#4	68	78	1381	105.375000	G#4	68	80	
1377	129.173958	C4	60	64	1382	105.375000	C4	60	80	
1378	129.312500	Bb4	70	76	1383	105.500000	Bb4	70	80	
1379	129.329167	C#4	61	71	1384	105.500000	C#4	61	80	
1380	129.448958	C5	72	82	1385	105.625000	C5	72	80	
1381	129.477083	C4	60	72	1386	105.625000	C4	60	80	
1382	129.606250	C#5	73	89	1387	105.750000	C#5	73	80	
1383	129.611458	Bb3	58	72	1388	105.750000	Bb3	58	80	
1384	129.763542	Eb5	75	83	1389	105.875000	Eb5	75	80	
1385	129.767708	G#3	56	76	1390	105.875000	G#3	56	80	
1386	129.925000	G3	55	80	1392	106.000000	G3	55	80	
1387	129.933333	E5	76	94	1391	106.000000	E5	76	80	
1388	130.081250	G#3	56	78	1394	106.125000	G#3	56	80	
1389	130.085417	Eb5	75	86	1393	106.125000	Eb5	75	80	
1390	130.238542	Bb3	58	78	1396	106.250000	Bb3	58	80	
1391	130.242708	C#5	73	92	1395	106.250000	C#5	73	80	
1392	130.383333	Eb5	75	81	1397	106.375000	Eb5	75	80	
1393	130.387500	G3	55	78	1398	106.375000	G3	55	80	
1394	130.545833	Eb3	51	84	1400	106.500000	Eb3	51	80	
1395	130.548958	E5	76	93	1399	106.500000	E5	76	80	
1396	130.701042	C#3	49	68	1402	106.625000	C#3	49	80	
1397	130.701042	G5	79	88	1401	106.625000	G5	79	80	
1398	130.850000	C3	48	75	1404	106.750000	C3	48	80	
1399	130.850000	G#5	80	87	1403	106.750000	G#5	80	80	
1400	130.995833	Bb5	82	86	1405	106.875000	Bb5	82	80	
1401	131.005208	Bb2	46	79	1406	106.875000	Bb2	46	80	
1402	131.178125	G#2	44	83	1408	107.000000	G#2	44	80	
1403	131.189583	C#5	73	95	1407	107.000000	C#5	73	80	
1404	131.340625	C5	72	85	1409	107.125000	C5	72	80	
1405	131.344792	Eb3	51	78	1410	107.125000	Eb3	51	80	
1406	131.486458	Bb4	70	87	1411	107.250000	Bb4	70	80	
1407	131.493750	F3	53	76	1412	107.250000	F3	53	80	
1408	131.632292	F#3	54	76	1414	107.375000	F#3	54	80	
1409	131.632292	G#4	68	91	1413	107.375000	G#4	68	80	
1410	131.786458	Eb5	75	89	1415	107.500000	Eb5	75	80	
1411	131.793750	G#3	56	83	1416	107.500000	G#3	56	80	
1412	131.816667	G#4	68	28	*	-1	*	-1	-1	
1413	131.948958	Bb3	58	82	1417	107.625000	Bb3	58	80	
1414	132.117708	F#4	66	92	1418	107.750000	F#4	66	80	
1415	132.121875	C4	60	80	1419	107.750000	C4	60	80	
1416	132.265625	G#3	56	87	1420	107.875000	G#3	56	80	
1417	132.460417	F4	65	89	1421	108.000000	F4	65	80	
1418	132.464583	C#4	61	89	1422	108.000000	C#4	61	80	
1419	132.896875	F2	41	88	1426	108.250000	F2	41	80	
1420	132.908333	C#4	61	95	1423	108.250000	C#4	61	80	
1421	132.908333	C#5	73	100	1425	108.250000	C#5	73	80	
1422	132.944792	G#4	68	52	1424	108.250000	G#4	68	80	
1423	133.443750	F#2	42	81	1431	108.500000	F#2	42	80	
1424	133.448958	Eb4	63	89	1427	108.500000	Eb4	63	80	
1425	133.448958	Bb4	70	95	1429	108.500000	Bb4	70	80	
1426	133.469792	F#4	66	61	1428	108.500000	F#4	66	80	
1427	134.150000	C5	72	96	1432	108.750000	C5	72	80	
1428	134.155208	G#2	44	87	1435	108.750000	G#2	44	80	
1429	134.155208	F#4	66	88	1433	108.750000	F#4	66	80	
1430	134.182292	G#4	68	68	1434	108.750000	G#4	68	80	
1431	134.267708	Bb4	70	14	*	-1	*	-1	-1	
1432	135.227083	C#2	37	85	1440	109.000000	C#2	37	80	
1433	135.342708	C#4	61	73	1437	109.000000	C#4	61	80	
1434	135.413542	F4	65	73	1438	109.000000	F4	65	80	
1435	135.486458	G#4	68	80	1439	109.000000	G#4	68	80	
1436	135.554167	C#5	73	95	1436	109.000000	C#5	73	80	
1437	135.616667	Bb4	70	38	*	-1	*	-1	-1	
*	-1	*	-1	-1	61	8.125000	C5	72	80	
*	-1	*	-1	-1	295	25.500000	Bb3	58	80	
*	-1	*	-1	-1	457	37.500000	G#4	68	80	
*	-1	*	-1	-1	477	39.250000	F4	65	80	
*	-1	*	-1	-1	590	47.500000	C#4	61	80	
*	-1	*	-1	-1	684	54.500000	Eb3	51	80	
*	-1	*	-1	-1	745	59.000000	G#4	68	80	
*	-1	*	-1	-1	960	75.000000	Bb5	82	80	
*	-1	*	-1	-1	969	75.375000	G#5	80	80	
*	-1	*	-1	-1	974	75.500000	Bb5	82	80	
*	-1	*	-1	-1	977	75.625000	G#5	80	80	
*	-1	*	-1	-1	982	75.750000	Bb5	82	80	
*	-1	*	-1	-1	985	75.875000	G#5	80	80	
*	-1	*	-1	-1	1134	86.750000	C#4	61	80	
*	-1	*	-1	-1	1171	89.500000	Bb3	58	80	
*	-1	*	-1	-1	1179	90.000000	G#3	56	80	
*	-1	*	-1	-1	1430	108.500000	Eb4	63	80	
