// alignID alignOntime alignSitch alignPitch alignOnvel refID refOntime refSitch refPitch refOnvel
0	0.500000	G#4	68	66	0	0.750000	G#4	68	80	
1	0.881510	Bb4	70	68	1	1.000000	Bb4	70	80	
2	1.015625	G#4	68	72	2	1.125000	G#4	68	80	
3	1.154948	F#4	66	70	3	1.250000	F#4	66	80	
4	1.292969	G#4	68	72	4	1.375000	G#4	68	80	
5	1.459635	F5	77	79	5	1.500000	F5	77	80	
6	1.789062	C#5	73	73	6	1.750000	C#5	73	80	
7	2.127604	G#4	68	77	7	2.000000	G#4	68	80	
8	2.447917	F#4	66	61	8	2.250000	F#4	66	80	
9	2.562500	F4	65	61	9	2.375000	F4	65	80	
10	2.729167	F#4	66	75	10	2.500000	F#4	66	80	
11	3.042969	Eb5	75	79	11	2.750000	Eb5	75	80	
12	3.361979	F4	65	75	12	3.000000	F4	65	80	
13	3.713542	C#5	73	74	13	3.250000	C#5	73	80	
14	4.042969	Eb4	63	70	14	3.500000	Eb4	63	80	
15	4.377604	C5	72	67	15	3.750000	C5	72	80	
16	4.718750	C#4	61	58	16	4.000000	C#4	61	80	
17	5.042969	C#5	73	70	17	4.250000	C#5	73	80	
18	5.183594	C5	72	71	18	4.375000	C5	72	80	
19	5.326823	C#5	73	78	19	4.500000	C#5	73	80	
20	5.464844	Eb5	75	76	20	4.625000	Eb5	75	80	
21	5.611979	F5	77	80	21	4.750000	F5	77	80	
22	5.617188	C#4	61	66	22	4.750000	C#4	61	80	
23	5.747396	F#5	78	76	23	4.875000	F#5	78	80	
24	5.912760	F4	65	71	25	5.000000	F4	65	80	
25	5.914062	G#5	80	80	24	5.000000	G#5	80	80	
26	6.033854	Eb4	63	71	27	5.125000	Eb4	63	80	
27	6.042969	G5	79	80	26	5.125000	G5	79	80	
28	6.178385	C#4	61	71	29	5.250000	C#4	61	80	
29	6.187500	F5	77	83	28	5.250000	F5	77	80	
30	6.312500	Eb4	63	77	31	5.375000	Eb4	63	80	
31	6.322917	G5	79	80	30	5.375000	G5	79	80	
32	6.477865	G#5	80	76	32	5.500000	G#5	80	80	
33	6.485677	C5	72	74	33	5.500000	C5	72	80	
34	6.613281	F#5	78	73	34	5.625000	F#5	78	80	
35	6.774740	F5	77	76	35	5.750000	F5	77	80	
36	6.787760	G#4	68	64	36	5.750000	G#4	68	80	
37	6.902344	Eb5	75	70	37	5.875000	Eb5	75	80	
38	7.074219	F5	77	72	38	6.000000	F5	77	80	
39	7.080729	Eb4	63	63	39	6.000000	Eb4	63	80	
40	7.390625	C#4	61	67	40	6.250000	C#4	61	80	
41	7.509115	C4	60	63	41	6.375000	C4	60	80	
42	7.674479	C#4	61	75	42	6.500000	C#4	61	80	
43	7.838542	Eb5	75	63	43	6.625000	Eb5	75	80	
44	7.990885	Bb4	70	72	45	6.750000	Bb4	70	80	
45	7.990885	C#5	73	65	44	6.750000	C#5	73	80	
46	8.131510	F5	77	68	46	6.875000	F5	77	80	
47	8.305990	C4	60	73	48	7.000000	C4	60	80	
48	8.317708	Eb5	75	65	47	7.000000	Eb5	75	80	
49	8.453125	C#5	73	63	49	7.125000	C#5	73	80	
50	8.604167	G#4	68	77	51	7.250000	G#4	68	80	
51	8.608073	C5	72	65	50	7.250000	C5	72	80	
52	8.751302	Eb5	75	66	52	7.375000	Eb5	75	80	
53	8.932292	Bb3	58	74	54	7.500000	Bb3	58	80	
54	8.942708	C#5	73	58	53	7.500000	C#5	73	80	
55	9.061198	C5	72	64	55	7.625000	C5	72	80	
56	9.222656	C#5	73	63	56	7.750000	C#5	73	80	
57	9.233073	G4	67	72	57	7.750000	G4	67	80	
58	9.376302	Bb4	70	63	58	7.875000	Bb4	70	80	
59	9.537760	G#3	56	69	60	8.000000	G#3	56	80	
60	9.555990	Bb4	70	62	59	8.000000	Bb4	70	80	
61	9.682292	C5	72	66	61	8.125000	C5	72	80	
62	9.837240	Eb5	75	70	62	8.250000	Eb5	75	80	
63	9.852865	G#4	68	66	63	8.250000	G#4	68	80	
64	9.966146	G4	67	62	64	8.375000	G4	67	80	
65	10.118490	G#4	68	75	66	8.500000	G#4	68	80	
66	10.132812	F#5	78	81	65	8.500000	F#5	78	80	
67	10.273438	Bb4	70	69	67	8.625000	Bb4	70	80	
68	10.424479	G#3	56	68	69	8.750000	G#3	56	80	
69	10.429688	C5	72	69	68	8.750000	C5	72	80	
70	10.545573	G#4	68	70	70	8.875000	G#4	68	80	
71	10.721354	Bb3	58	80	72	9.000000	Bb3	58	80	
72	10.733073	C#5	73	69	71	9.000000	C#5	73	80	
73	10.850260	G#3	56	76	74	9.125000	G#3	56	80	
74	10.860677	C5	72	69	73	9.125000	C5	72	80	
75	10.997396	F#3	54	78	76	9.250000	F#3	54	80	
76	11.007812	Bb4	70	69	75	9.250000	Bb4	70	80	
77	11.123698	C5	72	73	77	9.375000	C5	72	80	
78	11.125000	G#3	56	77	78	9.375000	G#3	56	80	
79	11.278646	C#5	73	80	80	9.500000	C#5	73	80	
80	11.279948	F4	65	82	81	9.500000	F4	65	80	
81	11.285156	F5	77	76	79	9.500000	F5	77	80	
82	11.421875	C5	72	75	82	9.625000	C5	72	80	
83	11.575521	C#4	61	70	84	9.750000	C#4	61	80	
84	11.585938	Bb4	70	69	83	9.750000	Bb4	70	80	
85	11.717448	G#4	68	75	85	9.875000	G#4	68	80	
86	11.911458	G#3	56	65	87	10.000000	G#3	56	80	
87	11.911458	Bb4	70	70	86	10.000000	Bb4	70	80	
88	12.222656	F#3	54	63	88	10.250000	F#3	54	80	
89	12.345052	F3	53	63	89	10.375000	F3	53	80	
90	12.516927	F#3	54	67	91	10.500000	F#3	54	80	
91	12.522135	Eb5	75	72	90	10.500000	Eb5	75	80	
92	12.660156	G#4	68	62	92	10.625000	G#4	68	80	
93	12.832031	F#4	66	63	93	10.750000	F#4	66	80	
94	12.839844	Eb4	63	66	94	10.750000	Eb4	63	80	
95	12.950521	Bb4	70	68	95	10.875000	Bb4	70	80	
96	13.105469	G#4	68	68	96	11.000000	G#4	68	80	
97	13.128906	F3	53	63	97	11.000000	F3	53	80	
98	13.218750	F#4	66	72	98	11.125000	F#4	66	80	
99	13.380208	C#5	73	69	99	11.250000	C#5	73	80	
100	13.397135	F4	65	68	100	11.250000	F4	65	80	
101	13.398438	C#4	61	67	101	11.250000	C#4	61	80	
102	13.520833	G#4	68	70	102	11.375000	G#4	68	80	
103	13.670573	E3	52	65	105	11.500000	Eb3	51	80	
104	13.673177	C5	72	74	103	11.500000	C5	72	80	
105	13.708333	F#4	66	59	104	11.500000	F#4	66	80	
106	13.819010	F4	65	72	106	11.625000	F4	65	80	
107	13.962240	Eb5	75	76	107	11.750000	Eb5	75	80	
108	13.967448	C4	60	59	109	11.750000	C4	60	80	
109	13.981771	F#4	66	60	108	11.750000	F#4	66	80	
110	14.100260	Eb4	63	58	110	11.875000	Eb4	63	80	
111	14.289062	C#3	49	53	112	12.000000	C#3	49	80	
112	14.299479	F4	65	58	111	12.000000	F4	65	80	
113	14.604167	C#4	61	54	114	12.250000	C#4	61	80	
114	14.638021	G#4	68	47	113	12.250000	G#4	68	80	
115	14.747396	C4	60	57	115	12.375000	C4	60	80	
116	14.911458	C#4	61	51	117	12.500000	C#4	61	80	
117	14.924479	F5	77	83	116	12.500000	F5	77	80	
118	15.050781	Eb4	63	64	118	12.625000	Eb4	63	80	
119	15.217448	F4	65	63	120	12.750000	F4	65	80	
120	15.227865	G#4	68	65	119	12.750000	G#4	68	80	
121	15.363281	C#4	61	60	121	12.875000	C#4	61	80	
122	15.500000	Bb3	58	61	123	13.000000	Bb3	58	80	
123	15.505208	C#5	73	71	122	13.000000	C#5	73	80	
124	15.657552	C4	60	62	124	13.125000	C4	60	80	
125	15.807292	F5	77	76	125	13.250000	F5	77	80	
126	15.809896	C#4	61	70	126	13.250000	C#4	61	80	
127	15.949219	Bb3	58	63	128	13.375000	Bb3	58	80	
128	15.955729	C#5	73	72	127	13.375000	C#5	73	80	
129	16.087240	G3	55	63	130	13.500000	G3	55	80	
130	16.097656	Bb4	70	77	129	13.500000	Bb4	70	80	
131	16.239583	G#3	56	62	131	13.625000	G#3	56	80	
132	16.380208	Bb3	58	63	133	13.750000	Bb3	58	80	
133	16.390625	C#5	73	61	132	13.750000	C#5	73	80	
134	16.514323	G3	55	54	135	13.875000	G3	55	80	
135	16.523438	Bb4	70	58	134	13.875000	Bb4	70	80	
136	16.690104	Eb4	63	61	136	14.000000	Eb4	63	80	
137	16.704427	C3	48	55	137	14.000000	C3	48	80	
138	17.001302	Bb4	70	63	138	14.250000	Bb4	70	80	
139	17.010417	C4	60	54	139	14.250000	C4	60	80	
140	17.160156	Bb3	58	55	140	14.375000	Bb3	58	80	
141	17.305990	Eb5	75	82	141	14.500000	Eb5	75	80	
142	17.313802	C4	60	50	142	14.500000	C4	60	80	
143	17.421875	C#4	61	64	143	14.625000	C#4	61	80	
144	17.596354	Eb4	63	62	145	14.750000	Eb4	63	80	
145	17.606771	G4	67	72	144	14.750000	G4	67	80	
146	17.746094	C4	60	58	146	14.875000	C4	60	80	
147	17.885417	G#3	56	66	148	15.000000	G#3	56	80	
148	17.894531	C5	72	79	147	15.000000	C5	72	80	
149	18.035156	Bb3	58	64	149	15.125000	Bb3	58	80	
150	18.169271	C4	60	67	151	15.250000	C4	60	80	
151	18.197917	Eb5	75	74	150	15.250000	Eb5	75	80	
152	18.317708	G#3	56	64	153	15.375000	G#3	56	80	
153	18.328125	C5	72	72	152	15.375000	C5	72	80	
154	18.477865	F3	53	58	155	15.500000	F3	53	80	
155	18.480469	G#4	68	74	154	15.500000	G#4	68	80	
156	18.621094	G3	55	54	156	15.625000	G3	55	80	
157	18.766927	G#3	56	73	158	15.750000	G#3	56	80	
158	18.778646	C5	72	60	157	15.750000	C5	72	80	
159	18.923177	G#4	68	53	159	15.875000	G#4	68	80	
160	18.938802	F3	53	34	160	15.875000	F3	53	80	
161	19.076823	Bb2	46	56	162	16.000000	Bb2	46	80	
162	19.078125	C#4	61	55	161	16.000000	C#4	61	80	
163	19.384115	G#4	68	62	163	16.250000	G#4	68	80	
164	19.416667	Bb3	58	47	164	16.250000	Bb3	58	80	
165	19.542969	G#3	56	52	165	16.375000	G#3	56	80	
166	19.674479	Bb3	58	45	167	16.500000	Bb3	58	80	
167	19.710938	C#5	73	67	166	16.500000	C#5	73	80	
168	19.821615	C4	60	55	168	16.625000	C4	60	80	
169	19.973958	C#4	61	59	170	16.750000	C#4	61	80	
170	20.000000	F4	65	66	169	16.750000	F4	65	80	
171	20.114583	Bb3	58	64	171	16.875000	Bb3	58	80	
172	20.263021	G3	55	64	173	17.000000	G3	55	80	
173	20.276042	Bb4	70	74	172	17.000000	Bb4	70	80	
174	20.403646	C5	72	83	174	17.125000	C5	72	80	
175	20.425781	G#3	56	71	175	17.125000	G#3	56	80	
176	20.548177	Bb3	58	80	177	17.250000	Bb3	58	80	
177	20.553385	C#5	73	82	176	17.250000	C#5	73	80	
178	20.680990	Bb4	70	87	178	17.375000	Bb4	70	80	
179	20.686198	G3	55	70	179	17.375000	G3	55	80	
180	20.846354	Eb3	51	69	181	17.500000	Eb3	51	80	
181	20.852865	Bb5	82	89	180	17.500000	Bb5	82	80	
182	20.988281	C#5	73	83	182	17.625000	C#5	73	80	
183	20.992188	F3	53	68	183	17.625000	F3	53	80	
184	21.130208	G3	55	78	185	17.750000	G3	55	80	
185	21.132812	Eb5	75	88	184	17.750000	Eb5	75	80	
186	21.269531	Bb4	70	87	186	17.875000	Bb4	70	80	
187	21.270833	Eb3	51	71	187	17.875000	Eb3	51	80	
188	21.429688	G#2	44	80	189	18.000000	G#2	44	80	
189	21.442708	C5	72	88	188	18.000000	C5	72	80	
190	21.617188	G#5	80	74	190	18.125000	G#5	80	80	
191	21.757812	G5	79	80	191	18.250000	G5	79	80	
192	21.765625	G#3	56	80	192	18.250000	G#3	56	80	
193	21.907552	Bb5	82	87	193	18.375000	Bb5	82	80	
194	21.944010	Bb3	58	59	194	18.375000	Bb3	58	80	
195	22.042969	C4	60	80	196	18.500000	C4	60	80	
196	22.048177	G#5	80	85	195	18.500000	G#5	80	80	
197	22.184896	Eb5	75	85	197	18.625000	Eb5	75	80	
198	22.338542	F5	77	86	198	18.750000	F5	77	80	
199	22.341146	G#3	56	64	200	18.750000	G#3	56	80	
200	22.341146	G#4	68	74	199	18.750000	G#4	68	80	
201	22.481771	F#5	78	82	201	18.875000	F#5	78	80	
202	22.617188	C#4	61	74	203	19.000000	C#4	61	80	
203	22.636719	F5	77	85	202	19.000000	F5	77	80	
204	22.772135	Eb5	75	84	204	19.125000	Eb5	75	80	
205	22.779948	G4	67	65	205	19.125000	G4	67	80	
206	22.912760	F4	65	56	207	19.250000	F4	65	80	
207	22.916667	C#5	73	84	206	19.250000	C#5	73	80	
208	23.028646	G4	67	71	209	19.375000	G4	67	80	
209	23.046875	Eb5	75	83	208	19.375000	Eb5	75	80	
210	23.192708	G#4	68	76	211	19.500000	G#4	68	80	
211	23.201823	C6	84	91	210	19.500000	C6	84	80	
212	23.212240	C4	60	56	212	19.500000	C4	60	80	
213	23.329427	G4	67	67	213	19.625000	F#4	66	80	
214	23.493490	G#5	80	87	214	19.750000	G#5	80	80	
215	23.509115	F4	65	65	215	19.750000	F4	65	80	
216	23.664062	Eb4	63	59	216	19.875000	Eb4	63	80	
217	23.812500	Eb5	75	84	217	20.000000	Eb5	75	80	
218	23.837240	Bb3	58	65	219	20.000000	Bb3	58	80	
219	23.839844	F4	65	57	218	20.000000	F4	65	80	
220	23.984375	C#5	73	75	*	-1	*	-1	-1	
221	24.057292	Eb5	75	62	*	-1	*	-1	-1	
222	24.105469	C#5	73	74	220	20.250000	C#5	73	80	
223	24.109375	G#3	56	71	221	20.250000	G#3	56	80	
224	24.229167	C5	72	69	222	20.375000	C5	72	80	
225	24.384115	C#5	73	79	223	20.500000	C#5	73	80	
226	24.385417	G3	55	66	224	20.500000	G3	55	80	
227	24.523438	Eb4	63	58	225	20.625000	Eb4	63	80	
228	24.686198	Bb5	82	76	226	20.750000	Bb5	82	80	
229	24.726562	C#4	61	52	227	20.750000	C#4	61	80	
230	24.829427	F4	65	56	228	20.875000	F4	65	80	
231	24.980469	C5	72	72	229	21.000000	C5	72	80	
232	24.986979	Eb4	63	70	230	21.000000	Eb4	63	80	
233	25.020833	G#3	56	53	231	21.000000	G#3	56	80	
234	25.126302	C#4	61	67	232	21.125000	C#4	61	80	
235	25.276042	G#5	80	72	233	21.250000	G#5	80	80	
236	25.283854	C4	60	61	234	21.250000	C4	60	80	
237	25.432292	Eb4	63	62	235	21.375000	Eb4	63	80	
238	25.566406	C#4	61	63	237	21.500000	C#4	61	80	
239	25.574219	Bb4	70	68	236	21.500000	Bb4	70	80	
240	25.636719	Eb3	51	51	238	21.500000	Eb3	51	80	
241	25.716146	C4	60	54	239	21.625000	C4	60	80	
242	25.868490	C#4	61	58	241	21.750000	C#4	61	80	
243	25.876302	G5	79	65	240	21.750000	G5	79	80	
244	26.022135	Bb3	58	57	242	21.875000	Bb3	58	80	
245	26.194010	C4	60	57	244	22.000000	C4	60	80	
246	26.195312	G#4	68	51	243	22.000000	G#4	68	80	
247	26.223958	G#3	56	48	245	22.000000	G#3	56	80	
248	26.325521	Bb4	70	56	246	22.125000	Bb4	70	80	
249	26.489583	C5	72	59	247	22.250000	C5	72	80	
250	26.493490	Eb4	63	48	248	22.250000	Eb4	63	80	
251	26.639323	C#5	73	46	249	22.375000	C#5	73	80	
252	26.794271	G#4	68	55	251	22.500000	G#4	68	80	
253	26.796875	C5	72	54	250	22.500000	C5	72	80	
254	26.917969	Bb4	70	59	252	22.625000	Bb4	70	80	
255	27.067708	Eb4	63	50	254	22.750000	Eb4	63	80	
256	27.072917	G#4	68	51	253	22.750000	G#4	68	80	
257	27.186198	C4	60	55	256	22.875000	C4	60	80	
258	27.204427	C5	72	69	255	22.875000	C5	72	80	
259	27.360677	F5	77	76	257	23.000000	F5	77	80	
260	27.365885	G#3	56	54	258	23.000000	G#3	56	80	
261	27.489583	Eb5	75	80	259	23.125000	Eb5	75	80	
262	27.630208	D5	74	82	260	23.250000	D5	74	80	
263	27.641927	A3	57	53	261	23.250000	B3	59	80	
264	27.751302	G#3	56	68	263	23.375000	G#3	56	80	
265	27.773438	F5	77	85	262	23.375000	F5	77	80	
266	27.911458	F3	53	79	265	23.500000	F3	53	80	
267	27.919271	G#5	80	89	264	23.500000	G#5	80	80	
268	28.058594	F#5	78	86	266	23.625000	F#5	78	80	
269	28.197917	F5	77	86	267	23.750000	F5	77	80	
270	28.229167	G#3	56	63	268	23.750000	G#3	56	80	
271	28.334635	G#5	80	77	269	23.875000	G#5	80	80	
272	28.403646	F3	53	64	270	23.875000	F3	53	80	
273	28.451823	G#5	80	78	271	24.000000	G#5	80	80	
274	28.507812	Bb5	82	81	273	24.062500	Bb5	82	80	
275	28.565104	B5	83	90	274	24.125000	B5	83	80	
276	28.591146	D3	50	72	272	24.000000	D3	50	80	
277	28.854167	Bb5	82	84	275	24.250000	Bb5	82	80	
278	28.858073	F3	53	60	276	24.250000	F3	53	80	
279	28.985677	G#5	80	84	277	24.375000	G#5	80	80	
280	28.989583	G#3	56	74	278	24.375000	G#3	56	80	
281	29.134115	B3	59	81	280	24.500000	B3	59	80	
282	29.140625	F#5	78	87	279	24.500000	F#5	78	80	
283	29.272135	F5	77	82	281	24.625000	F5	77	80	
284	29.417969	F3	53	80	283	24.750000	F3	53	80	
285	29.423177	Eb5	75	83	282	24.750000	Eb5	75	80	
286	29.555990	D5	74	83	284	24.875000	D5	74	80	
287	29.714844	Eb5	75	87	285	25.000000	Eb5	75	80	
288	29.718750	Bb3	58	81	286	25.000000	Bb3	58	80	
289	29.722656	F#3	54	78	287	25.000000	F#3	54	80	
290	29.848958	F#5	78	85	288	25.125000	F#5	78	80	
291	29.997396	F5	77	87	289	25.250000	F5	77	80	
292	30.005208	B3	59	84	290	25.250000	B3	59	80	
293	30.011719	G#3	56	79	291	25.250000	G#3	56	80	
294	30.131510	Eb5	75	88	292	25.375000	Eb5	75	80	
295	30.290365	D5	74	77	293	25.500000	D5	74	80	
296	30.294271	Bb3	58	80	294	25.500000	Bb3	58	80	
297	30.415365	F5	77	80	296	25.625000	F5	77	80	
298	30.580729	Bb4	70	83	297	25.750000	Bb4	70	80	
299	30.600260	D3	50	69	298	25.750000	D3	50	80	
300	30.605469	Bb2	46	71	299	25.750000	Bb2	46	80	
301	30.734375	G#4	68	81	300	25.875000	G#4	68	80	
302	30.904948	Eb3	51	74	302	26.000000	Eb3	51	80	
303	30.904948	F#4	66	78	301	26.000000	F#4	66	80	
304	30.919271	Eb2	39	68	303	26.000000	Eb2	39	80	
305	31.049479	F4	65	76	304	26.125000	F4	65	80	
306	31.200521	Eb4	63	75	305	26.250000	Eb4	63	80	
307	31.329427	D4	62	65	306	26.375000	D4	62	80	
308	31.485677	Eb4	63	68	307	26.500000	Eb4	63	80	
309	31.613281	F4	65	68	308	26.625000	F4	65	80	
310	31.773438	F#4	66	65	309	26.750000	F#4	66	80	
311	31.776042	Eb3	51	68	310	26.750000	Eb3	51	80	
312	31.903646	G#4	68	63	311	26.875000	G#4	68	80	
313	32.074219	Bb4	70	64	312	27.000000	Bb4	70	80	
314	32.083333	F#3	54	66	313	27.000000	F#3	54	80	
315	32.212240	G#4	68	70	314	27.125000	G#4	68	80	
316	32.225260	F3	53	59	315	27.125000	F3	53	80	
317	32.352865	Eb3	51	70	317	27.250000	Eb3	51	80	
318	32.352865	F#4	66	69	316	27.250000	F#4	66	80	
319	32.481771	G#4	68	72	318	27.375000	G#4	68	80	
320	32.483073	F3	53	67	319	27.375000	F3	53	80	
321	32.639323	Bb4	70	70	320	27.500000	Bb4	70	80	
322	32.643229	C#4	61	74	321	27.500000	C#4	61	80	
323	32.794271	G#4	68	70	322	27.625000	G#4	68	80	
324	32.945312	Bb3	58	73	324	27.750000	Bb3	58	80	
325	32.945312	F#4	66	61	323	27.750000	F#4	66	80	
326	33.075521	F4	65	54	325	27.875000	F4	65	80	
327	33.264323	F3	53	61	327	28.000000	F3	53	80	
328	33.277344	F#4	66	64	326	28.000000	F#4	66	80	
329	33.598958	Eb3	51	64	328	28.250000	Eb3	51	80	
330	33.736979	C#3	49	58	329	28.375000	C#3	49	80	
331	33.906250	Eb3	51	74	330	28.500000	Eb3	51	80	
332	34.032552	F4	65	56	331	28.625000	F4	65	80	
333	34.196615	C4	60	69	333	28.750000	C4	60	80	
334	34.208333	Eb4	63	63	332	28.750000	Eb4	63	80	
335	34.346354	F#4	66	63	334	28.875000	F#4	66	80	
336	34.497396	C#3	49	71	336	29.000000	C#3	49	80	
337	34.511719	F4	65	63	335	29.000000	F4	65	80	
338	34.670573	Eb4	63	51	337	29.125000	Eb4	63	80	
339	34.816406	Bb3	58	71	339	29.250000	Bb3	58	80	
340	34.830729	C#4	61	58	338	29.250000	C#4	61	80	
341	34.962240	F4	65	55	340	29.375000	F4	65	80	
342	35.135417	C3	48	67	342	29.500000	C3	48	80	
343	35.140625	Eb4	63	62	341	29.500000	Eb4	63	80	
344	35.268229	C#4	61	61	343	29.625000	C#4	61	80	
345	35.423177	Eb4	63	67	344	29.750000	Eb4	63	80	
346	35.425781	A3	57	65	345	29.750000	A3	57	80	
347	35.550781	C4	60	60	346	29.875000	C4	60	80	
348	35.714844	Bb2	46	59	348	30.000000	Bb2	46	80	
349	35.717448	C#4	61	63	347	30.000000	C#4	61	80	
350	35.852865	F4	65	62	349	30.125000	F4	65	80	
351	36.007812	F#4	66	64	350	30.250000	F#4	66	80	
352	36.015625	Bb3	58	60	351	30.250000	Bb3	58	80	
353	36.131510	A3	57	57	353	30.375000	A3	57	80	
354	36.131510	F4	65	64	352	30.375000	F4	65	80	
355	36.286458	Bb3	58	56	355	30.500000	Bb3	58	80	
356	36.296875	C#5	73	80	354	30.500000	C#5	73	80	
357	36.395833	C4	60	63	356	30.625000	C4	60	80	
358	36.570312	C#4	61	68	358	30.750000	C#4	61	80	
359	36.598958	F4	65	67	357	30.750000	F4	65	80	
360	36.720052	Bb3	58	58	359	30.875000	Bb3	58	80	
361	36.861979	Bb4	70	70	360	31.000000	Bb4	70	80	
362	36.873698	G3	55	61	361	31.000000	G3	55	80	
363	36.985677	C5	72	78	362	31.125000	C5	72	80	
364	37.026042	G#3	56	68	363	31.125000	G#3	56	80	
365	37.134115	C#5	73	77	364	31.250000	C#5	73	80	
366	37.135417	Bb3	58	77	365	31.250000	Bb3	58	80	
367	37.264323	Bb4	70	82	366	31.375000	Bb4	70	80	
368	37.278646	G3	55	65	367	31.375000	G3	55	80	
369	37.432292	Bb5	82	82	368	31.500000	Bb5	82	80	
370	37.438802	Eb3	51	60	369	31.500000	Eb3	51	80	
371	37.554688	F3	53	58	371	31.625000	F3	53	80	
372	37.563802	C#5	73	74	370	31.625000	C#5	73	80	
373	37.678385	G3	55	76	373	31.750000	G3	55	80	
374	37.729167	Eb5	75	73	372	31.750000	Eb5	75	80	
375	37.848958	Eb3	51	62	375	31.875000	Eb3	51	80	
376	37.854167	Bb4	70	67	374	31.875000	Bb4	70	80	
377	37.988281	G#2	44	63	377	32.000000	G#2	44	80	
378	37.994792	C5	72	72	376	32.000000	C5	72	80	
379	38.139323	Eb4	63	69	378	32.125000	Eb4	63	80	
380	38.277344	F4	65	61	379	32.250000	F4	65	80	
381	38.285156	G#3	56	52	380	32.250000	G#3	56	80	
382	38.398438	Eb4	63	66	381	32.375000	Eb4	63	80	
383	38.434896	G3	55	38	382	32.375000	G3	55	80	
384	38.565104	G#3	56	49	384	32.500000	G#3	56	80	
385	38.574219	C5	72	75	383	32.500000	C5	72	80	
386	38.729167	Bb3	58	61	385	32.625000	Bb3	58	80	
387	38.878906	Eb4	63	63	386	32.750000	Eb4	63	80	
388	38.885417	C4	60	60	387	32.750000	C4	60	80	
389	39.022135	G#3	56	56	388	32.875000	G#3	56	80	
390	39.154948	F3	53	60	390	33.000000	F3	53	80	
391	39.165365	G#4	68	69	389	33.000000	G#4	68	80	
392	39.304688	Bb4	70	76	391	33.125000	Bb4	70	80	
393	39.321615	G3	55	68	392	33.125000	G3	55	80	
394	39.438802	C5	72	76	393	33.250000	C5	72	80	
395	39.446615	G#3	56	73	394	33.250000	G#3	56	80	
396	39.559896	G#4	68	80	395	33.375000	G#4	68	80	
397	39.580729	F#3	54	55	*	-1	*	-1	-1	
398	39.621094	F3	53	66	396	33.375000	F3	53	80	
399	39.743490	G#5	80	82	397	33.500000	G#5	80	80	
400	39.755208	C#3	49	61	398	33.500000	C#3	49	80	
401	39.873698	C5	72	71	399	33.625000	C5	72	80	
402	39.885417	Eb3	51	68	400	33.625000	Eb3	51	80	
403	40.014323	F3	53	74	402	33.750000	F3	53	80	
404	40.029948	C#5	73	72	401	33.750000	C#5	73	80	
405	40.149740	G#4	68	72	403	33.875000	G#4	68	80	
406	40.151042	C#3	49	56	404	33.875000	C#3	49	80	
407	40.287760	G2	43	70	406	34.000000	G2	43	80	
408	40.307292	Bb4	70	70	405	34.000000	Bb4	70	80	
409	40.436198	C#4	61	74	407	34.125000	C#4	61	80	
410	40.583333	G3	55	57	409	34.250000	G3	55	80	
411	40.600260	Eb4	63	72	408	34.250000	Eb4	63	80	
412	40.710938	C#4	61	75	410	34.375000	C#4	61	80	
413	40.742188	F3	53	59	411	34.375000	F3	53	80	
414	40.876302	Bb4	70	86	412	34.500000	Bb4	70	80	
415	40.895833	G3	55	63	413	34.500000	G3	55	80	
416	41.026042	G#3	56	71	414	34.625000	G#3	56	80	
417	41.170573	C#4	61	76	415	34.750000	C#4	61	80	
418	41.171875	Bb3	58	79	416	34.750000	Bb3	58	80	
419	41.299479	G3	55	70	417	34.875000	G3	55	80	
420	41.449219	G4	67	76	418	35.000000	G4	67	80	
421	41.455729	E3	52	74	419	35.000000	E3	52	80	
422	41.580729	G#4	68	83	420	35.125000	G#4	68	80	
423	41.593750	F3	53	78	421	35.125000	F3	53	80	
424	41.727865	G3	55	84	423	35.250000	G3	55	80	
425	41.736979	Bb4	70	85	422	35.250000	Bb4	70	80	
426	41.860677	E3	52	76	425	35.375000	E3	52	80	
427	41.864583	G4	67	84	424	35.375000	G4	67	80	
428	42.000000	C3	48	76	427	35.500000	C3	48	80	
429	42.016927	G5	79	90	426	35.500000	G5	79	80	
430	42.143229	D3	50	77	429	35.625000	D3	50	80	
431	42.151042	Bb4	70	80	428	35.625000	Bb4	70	80	
432	42.278646	E3	52	82	431	35.750000	E3	52	80	
433	42.290365	C5	72	89	430	35.750000	C5	72	80	
434	42.414062	C3	48	77	433	35.875000	C3	48	80	
435	42.429688	G4	67	84	432	35.875000	G4	67	80	
436	42.571615	F2	41	82	435	36.000000	F2	41	80	
437	42.588542	G#4	68	89	434	36.000000	G#4	68	80	
438	42.765625	G2	43	73	437	36.125000	G2	43	80	
439	42.776042	E5	76	85	436	36.125000	E5	76	80	
440	42.899740	F5	77	88	438	36.250000	F5	77	80	
441	42.903646	G#2	44	78	439	36.250000	G#2	44	80	
442	43.029948	Bb2	46	80	441	36.375000	Bb2	46	80	
443	43.033854	C#5	73	81	440	36.375000	C#5	73	80	
444	43.162760	C3	48	80	443	36.500000	C3	48	80	
445	43.179688	Bb4	70	87	442	36.500000	Bb4	70	80	
446	43.313802	D3	50	76	444	36.625000	D3	50	80	
447	43.472656	E3	52	77	446	36.750000	E3	52	80	
448	43.476562	C4	60	81	445	36.750000	C4	60	80	
449	43.587240	C3	48	67	447	36.875000	C3	48	80	
450	43.751302	F3	53	76	449	37.000000	F3	53	80	
451	43.773438	C#4	61	78	448	37.000000	C#4	61	80	
452	43.878906	Eb3	51	75	451	37.125000	Eb3	51	80	
453	43.885417	C4	60	78	450	37.125000	C4	60	80	
454	44.022135	C#3	49	72	453	37.250000	C#3	49	80	
455	44.028646	Bb3	58	83	452	37.250000	Bb3	58	80	
456	44.154948	Eb3	51	80	455	37.375000	Eb3	51	80	
457	44.174479	C4	60	76	454	37.375000	C4	60	80	
458	44.325521	F3	53	71	458	37.500000	F3	53	80	
459	44.334635	G#4	68	86	456	37.500000	G#4	68	80	
460	44.460938	Eb3	51	76	459	37.625000	Eb3	51	80	
461	44.615885	C#3	49	73	461	37.750000	C#3	49	80	
462	44.632812	F4	65	79	460	37.750000	F4	65	80	
463	44.683594	F#4	66	7	*	-1	*	-1	-1	
464	44.759115	C3	48	72	462	37.875000	C3	48	80	
465	44.951823	C#3	49	78	464	38.000000	C#3	49	80	
466	44.962240	C4	60	82	463	38.000000	C4	60	80	
467	45.261719	Bb3	58	73	465	38.250000	Bb3	58	80	
468	45.382812	G#3	56	81	466	38.375000	G#3	56	80	
469	45.544271	Bb3	58	83	468	38.500000	Bb3	58	80	
470	45.555990	G4	67	65	467	38.500000	G4	67	80	
471	45.697917	C3	48	76	469	38.625000	C3	48	80	
472	45.851562	Bb2	46	75	471	38.750000	Bb2	46	80	
473	45.855469	G4	67	77	470	38.750000	G4	67	80	
474	45.994792	C#3	49	76	472	38.875000	C#3	49	80	
475	46.145833	G#3	56	85	473	39.000000	G#3	56	80	
476	46.147135	C3	48	79	474	39.000000	C3	48	80	
477	46.283854	Bb2	46	73	475	39.125000	Bb2	46	80	
478	46.436198	F4	65	79	476	39.250000	F4	65	80	
479	46.444010	G#2	44	73	478	39.250000	G#2	44	80	
480	46.446615	G#3	56	80	*	-1	*	-1	-1	
481	46.606771	C3	48	68	479	39.375000	C3	48	80	
482	46.748698	E4	64	73	480	39.500000	E4	64	80	
483	46.750000	G3	55	76	481	39.500000	G3	55	80	
484	46.756510	Bb2	46	72	482	39.500000	Bb2	46	80	
485	46.902344	G#2	44	76	483	39.625000	G#2	44	80	
486	47.065104	E4	64	63	485	39.750000	E4	64	80	
487	47.066406	G4	67	60	484	39.750000	G4	67	80	
488	47.067708	A4	69	70	*	-1	*	-1	-1	
489	47.071615	F4	65	67	*	-1	*	-1	-1	
490	47.075521	Bb2	46	76	486	39.750000	Bb2	46	80	
491	47.207031	G2	43	67	487	39.875000	G2	43	80	
492	47.358073	G#2	44	82	490	40.000000	G#2	44	80	
493	47.369792	C5	72	88	488	40.000000	C5	72	80	
494	47.388021	F3	53	76	489	40.000000	F3	53	80	
495	47.510417	Bb4	70	80	491	40.125000	Bb4	70	80	
496	47.666667	G#4	68	81	492	40.250000	G#4	68	80	
497	47.673177	C#3	49	74	493	40.250000	C#3	49	80	
498	47.815104	C5	72	84	494	40.375000	C5	72	80	
499	47.958333	G2	43	75	496	40.500000	G2	43	80	
500	47.973958	Bb4	70	84	495	40.500000	Bb4	70	80	
501	48.100260	G#4	68	81	497	40.625000	G#4	68	80	
502	48.257812	C3	48	64	500	40.750000	C3	48	80	
503	48.261719	E3	52	77	499	40.750000	E3	52	80	
504	48.261719	G4	67	79	498	40.750000	G4	67	80	
505	48.398438	Bb4	70	77	501	40.875000	Bb4	70	80	
506	48.537760	G#4	68	82	502	41.000000	G#4	68	80	
507	48.552083	F2	41	71	504	41.000000	F2	41	80	
508	48.562500	F3	53	76	503	41.000000	F3	53	80	
509	48.708333	F4	65	78	505	41.125000	F4	65	80	
510	48.854167	C#5	73	81	506	41.250000	C#5	73	80	
511	48.855469	E3	52	81	507	41.250000	E3	52	80	
512	48.867188	Bb2	46	77	508	41.250000	Bb2	46	80	
513	48.979167	Bb4	70	86	509	41.375000	Bb4	70	80	
514	49.130208	C5	72	84	510	41.500000	C5	72	80	
515	49.141927	F3	53	83	511	41.500000	F3	53	80	
516	49.149740	G#2	44	74	512	41.500000	G#2	44	80	
517	49.269531	G#4	68	89	513	41.625000	G#4	68	80	
518	49.421875	Bb3	58	85	515	41.750000	Bb3	58	80	
519	49.427083	C#3	49	67	516	41.750000	C#3	49	80	
520	49.428385	F#5	78	82	514	41.750000	F#5	78	80	
521	49.555990	E5	76	84	517	41.875000	E5	76	80	
522	49.726562	E5	76	92	518	42.000000	E5	76	80	
523	49.734375	G#3	56	87	519	42.000000	G#3	56	80	
524	49.738281	C3	48	71	520	42.000000	C3	48	80	
525	49.873698	F5	77	92	521	42.125000	F5	77	80	
526	50.022135	B5	83	92	522	42.250000	B5	83	80	
527	50.037760	G3	55	75	523	42.250000	G3	55	80	
528	50.154948	C6	84	87	524	42.375000	C6	84	80	
529	50.173177	F3	53	69	525	42.375000	F3	53	80	
530	50.330729	F5	77	82	*	-1	*	-1	-1	
531	50.335938	G3	55	73	527	42.500000	G3	55	80	
532	50.419271	E5	76	77	526	42.500000	E5	76	80	
533	50.493490	F5	77	79	*	-1	*	-1	-1	
534	50.570312	E5	76	66	*	-1	*	-1	-1	
535	50.609375	Bb3	58	73	528	42.750000	Bb3	58	80	
536	50.630208	F5	77	74	*	-1	*	-1	-1	
537	50.680990	E5	76	78	*	-1	*	-1	-1	
538	50.807292	F5	77	79	529	42.875000	F5	77	80	
539	50.907552	F3	53	42	532	43.000000	F3	53	80	
540	50.932292	G#3	56	55	531	43.000000	G#3	56	80	
541	50.970052	F5	77	85	530	43.000000	F5	77	80	
542	51.118490	Bb3	58	66	533	43.125000	Bb3	58	80	
543	51.247396	C4	60	68	534	43.250000	C4	60	80	
544	51.381510	G#3	56	57	535	43.375000	G#3	56	80	
545	51.498698	F3	53	53	536	43.500000	F3	53	80	
546	51.652344	F#3	54	60	537	43.625000	F#3	54	80	
547	51.811198	G#3	56	63	539	43.750000	G#3	56	80	
548	51.812500	F5	77	68	538	43.750000	F5	77	80	
549	51.937500	F3	53	61	540	43.875000	F3	53	80	
550	52.087240	D3	50	60	542	44.000000	D3	50	80	
551	52.098958	B4	71	67	541	44.000000	B4	71	80	
552	52.222656	Bb4	70	69	543	44.125000	Bb4	70	80	
553	52.229167	Eb3	51	64	544	44.125000	Eb3	51	80	
554	52.361979	G#4	68	69	545	44.250000	G#4	68	80	
555	52.369792	F3	53	63	546	44.250000	F3	53	80	
556	52.494792	Bb4	70	65	547	44.375000	Bb4	70	80	
557	52.509115	D3	50	51	548	44.375000	D3	50	80	
558	52.661458	F5	77	73	549	44.500000	F5	77	80	
559	52.671875	Bb2	46	66	550	44.500000	Bb2	46	80	
560	52.828125	D3	50	51	551	44.625000	D3	50	80	
561	52.970052	D5	74	69	552	44.750000	D5	74	80	
562	52.984375	F3	53	59	553	44.750000	F3	53	80	
563	53.123698	Bb3	58	62	554	44.875000	Bb3	58	80	
564	53.257812	Eb3	51	66	556	45.000000	Eb3	51	80	
565	53.260417	G#4	68	69	555	45.000000	G#4	68	80	
566	53.401042	F#3	54	56	557	45.125000	F#3	54	80	
567	53.540365	Bb3	58	63	559	45.250000	Bb3	58	80	
568	53.540365	F#4	66	66	558	45.250000	F#4	66	80	
569	53.669271	F4	65	69	560	45.375000	F4	65	80	
570	53.682292	D4	62	64	561	45.375000	D4	62	80	
571	53.830729	F#4	66	72	562	45.500000	F#4	66	80	
572	53.983073	F4	65	63	564	45.625000	F4	65	80	
573	54.109375	F#4	66	60	566	45.750000	F#4	66	80	
574	54.113281	Eb5	75	69	565	45.750000	Eb5	75	80	
575	54.266927	Eb4	63	56	567	45.875000	Eb4	63	80	
576	54.393229	A4	69	68	568	46.000000	A4	69	80	
577	54.404948	C4	60	63	569	46.000000	C4	60	80	
578	54.526042	G#4	68	73	570	46.125000	G#4	68	80	
579	54.548177	C#4	61	64	571	46.125000	C#4	61	80	
580	54.669271	F#4	66	73	572	46.250000	F#4	66	80	
581	54.680990	Eb4	63	67	573	46.250000	Eb4	63	80	
582	54.815104	G#4	68	73	574	46.375000	G#4	68	80	
583	54.838542	B3	59	50	575	46.375000	C4	60	80	
584	54.951823	G#3	56	73	577	46.500000	G#3	56	80	
585	54.953125	Eb5	75	78	576	46.500000	Eb5	75	80	
586	55.076823	G#2	44	58	578	46.625000	G#2	44	80	
587	55.207031	Bb2	46	52	580	46.750000	Bb2	46	80	
588	55.244792	C5	72	69	579	46.750000	C5	72	80	
589	55.339844	C3	48	62	581	46.875000	C3	48	80	
590	55.498698	C#3	49	58	583	47.000000	C#3	49	80	
591	55.523438	F#4	66	63	582	47.000000	F#4	66	80	
592	55.649740	G#3	56	61	584	47.125000	G#3	56	80	
593	55.805990	F4	65	55	585	47.250000	F4	65	80	
594	55.812500	Bb3	58	64	586	47.250000	Bb3	58	80	
595	55.941406	Eb4	63	63	587	47.375000	Eb4	63	80	
596	55.958333	C4	60	61	588	47.375000	C4	60	80	
597	56.084635	F4	65	71	589	47.500000	F4	65	80	
598	56.144531	C#4	61	58	590	47.500000	C#4	61	80	
599	56.208333	Eb3	51	65	592	47.625000	Eb3	51	80	
600	56.222656	G#4	68	75	591	47.625000	G#4	68	80	
601	56.339844	F3	53	56	594	47.750000	F3	53	80	
602	56.359375	C#5	73	80	593	47.750000	C#5	73	80	
603	56.498698	Eb5	75	85	595	47.875000	Eb5	75	80	
604	56.509115	G3	55	51	596	47.875000	G3	55	80	
605	56.632812	F5	77	89	597	48.000000	F5	77	80	
606	56.636719	G#3	56	73	598	48.000000	G#3	56	80	
607	56.787760	Eb5	75	85	599	48.125000	Eb5	75	80	
608	56.798177	G3	55	68	600	48.125000	G3	55	80	
609	56.930990	F3	53	69	602	48.250000	F3	53	80	
610	56.930990	C#5	73	86	601	48.250000	C#5	73	80	
611	57.062500	Eb5	75	84	603	48.375000	Eb5	75	80	
612	57.072917	G3	55	67	604	48.375000	G3	55	80	
613	57.218750	G#3	56	75	607	48.500000	G#3	56	80	
614	57.222656	C6	84	96	605	48.500000	C6	84	80	
615	57.234375	C5	72	90	606	48.500000	C5	72	80	
616	57.359375	G3	55	73	608	48.625000	G3	55	80	
617	57.531250	G#5	80	86	609	48.750000	G#5	80	80	
618	57.539062	F3	53	69	610	48.750000	F3	53	80	
619	57.688802	Eb3	51	67	611	48.875000	Eb3	51	80	
620	57.861979	Eb5	75	89	612	49.000000	Eb5	75	80	
621	57.863281	F3	53	79	613	49.000000	F3	53	80	
622	58.180990	C#5	73	76	614	49.250000	C#5	73	80	
623	58.299479	C5	72	81	615	49.375000	C5	72	80	
624	58.459635	Bb4	70	74	617	49.500000	Bb4	70	80	
625	58.460938	C#5	73	77	616	49.500000	C#5	73	80	
626	58.576823	Eb3	51	59	618	49.625000	Eb3	51	80	
627	58.747396	C#3	49	52	620	49.750000	C#3	49	80	
628	58.752604	Bb5	82	79	619	49.750000	Bb5	82	80	
629	58.903646	F3	53	59	621	49.875000	F3	53	80	
630	59.053385	Eb3	51	67	623	50.000000	Eb3	51	80	
631	59.054688	C5	72	80	622	50.000000	C5	72	80	
632	59.186198	C#3	49	60	624	50.125000	C#3	49	80	
633	59.356771	C3	48	22	627	50.250000	C3	48	80	
634	59.367188	G#5	80	65	625	50.250000	G#5	80	80	
635	59.371094	G#4	68	76	626	50.250000	G#4	68	80	
636	59.476562	Eb3	51	61	628	50.375000	Eb3	51	80	
637	59.634115	C#3	49	63	631	50.500000	C#3	49	80	
638	59.648438	Bb4	70	71	629	50.500000	Bb4	70	80	
639	59.699219	G4	67	14	630	50.500000	G4	67	80	
640	59.824219	C3	48	27	632	50.625000	C3	48	80	
641	59.941406	Bb2	46	62	635	50.750000	Bb2	46	80	
642	59.962240	G5	79	68	633	50.750000	G5	79	80	
643	59.970052	Bb4	70	65	634	50.750000	Bb4	70	80	
644	60.114583	C#3	49	51	636	50.875000	C#3	49	80	
645	60.253906	C3	48	56	639	51.000000	C3	48	80	
646	60.272135	G#4	68	66	637	51.000000	G#4	68	80	
647	60.388021	Eb4	63	59	640	51.125000	Eb4	63	80	
648	60.544271	Eb3	51	73	642	51.250000	Eb3	51	80	
649	60.552083	F4	65	54	641	51.250000	F4	65	80	
650	60.674479	G4	67	56	643	51.375000	G4	67	80	
651	60.832031	G#4	68	60	644	51.500000	G#4	68	80	
652	60.845052	F#3	54	84	645	51.500000	F#3	54	80	
653	60.985677	Bb4	70	58	646	51.625000	Bb4	70	80	
654	61.139323	G#3	56	71	648	51.750000	G#3	56	80	
655	61.143229	C5	72	60	647	51.750000	C5	72	80	
656	61.283854	G#4	68	53	649	51.875000	G#4	68	80	
657	61.437500	Bb3	58	73	651	52.000000	Bb3	58	80	
658	61.455729	C#5	73	65	650	52.000000	C#5	73	80	
659	61.546875	G#3	56	74	653	52.125000	G#3	56	80	
660	61.585938	C5	72	64	652	52.125000	C5	72	80	
661	61.709635	F#3	54	77	655	52.250000	F#3	54	80	
662	61.727865	Bb4	70	72	654	52.250000	Bb4	70	80	
663	61.841146	G#3	56	78	657	52.375000	G#3	56	80	
664	61.863281	C5	72	75	656	52.375000	C5	72	80	
665	62.001302	F3	53	75	659	52.500000	F3	53	80	
666	62.014323	F4	65	77	660	52.500000	F4	65	80	
667	62.023438	C#5	73	75	658	52.500000	C#5	73	80	
668	62.152344	C5	72	75	661	52.625000	C5	72	80	
669	62.307292	Bb4	70	66	662	52.750000	Bb4	70	80	
670	62.325521	C#4	61	73	663	52.750000	C#4	61	80	
671	62.441406	G#4	68	72	664	52.875000	G#4	68	80	
672	62.610677	Bb4	70	70	665	53.000000	Bb4	70	80	
673	62.619792	G#3	56	74	666	53.000000	G#3	56	80	
674	62.954427	F#3	54	65	667	53.250000	F#3	54	80	
675	63.093750	F3	53	61	668	53.375000	F3	53	80	
676	63.247396	Eb3	51	74	670	53.500000	Eb3	51	80	
677	63.250000	F#3	54	68	669	53.500000	F#3	54	80	
678	63.384115	G#4	68	61	671	53.625000	G#4	68	80	
679	63.540365	F#4	66	69	672	53.750000	F#4	66	80	
680	63.546875	Eb4	63	69	673	53.750000	Eb4	63	80	
681	63.703125	Bb4	70	68	674	53.875000	Bb4	70	80	
682	63.859375	F3	53	71	676	54.000000	F3	53	80	
683	63.860677	G#4	68	70	675	54.000000	G#4	68	80	
684	63.990885	F#4	66	68	677	54.125000	F#4	66	80	
685	64.138021	F4	65	68	678	54.250000	F4	65	80	
686	64.149740	C#3	49	63	680	54.250000	C#3	49	80	
687	64.157552	C#4	61	56	679	54.250000	C#4	61	80	
688	64.272135	G#4	68	68	681	54.375000	G#4	68	80	
689	64.420573	F#4	66	66	682	54.500000	F#4	66	80	
690	64.427083	Eb3	51	69	683	54.500000	Eb3	51	80	
691	64.548177	F4	65	67	685	54.625000	F4	65	80	
692	64.726562	Eb4	63	60	686	54.750000	Eb4	63	80	
693	64.729167	G#2	44	55	688	54.750000	G#2	44	80	
694	64.742188	C4	60	48	687	54.750000	C4	60	80	
695	64.854167	F#4	66	63	689	54.875000	F#4	66	80	
696	65.011719	F4	65	69	690	55.000000	F4	65	80	
697	65.018229	C#3	49	47	692	55.000000	C#3	49	80	
698	65.022135	C#4	61	59	691	55.000000	C#4	61	80	
699	65.175781	Eb3	51	62	693	55.125000	Eb3	51	80	
700	65.307292	F3	53	60	695	55.250000	F3	53	80	
701	65.312500	G#4	68	63	694	55.250000	G#4	68	80	
702	65.459635	F#3	54	59	696	55.375000	F#3	54	80	
703	65.605469	C#5	73	71	697	55.500000	C#5	73	80	
704	65.610677	F3	53	51	698	55.500000	F3	53	80	
705	65.750000	Eb3	51	63	699	55.625000	Eb3	51	80	
706	65.888021	C#3	49	52	701	55.750000	C#3	49	80	
707	65.920573	G#5	80	69	700	55.750000	G#5	80	80	
708	66.027344	F3	53	58	703	55.875000	F3	53	80	
709	66.058594	F5	77	69	702	55.875000	F5	77	80	
710	66.195312	C#5	73	75	704	56.000000	C#5	73	80	
711	66.196615	Bb3	58	72	705	56.000000	Bb3	58	80	
712	66.325521	G#3	56	64	706	56.125000	G#3	56	80	
713	66.473958	G3	55	63	708	56.250000	G3	55	80	
714	66.484375	E5	76	78	707	56.250000	E5	76	80	
715	66.611979	C#5	73	82	709	56.375000	C#5	73	80	
716	66.617188	Bb3	58	74	710	56.375000	Bb3	58	80	
717	66.768229	C#4	61	85	712	56.500000	C#4	61	80	
718	66.769531	Bb4	70	88	711	56.500000	Bb4	70	80	
719	66.898438	B3	59	64	713	56.625000	B3	59	80	
720	67.009115	Bb3	58	69	715	56.750000	Bb3	58	80	
721	67.104167	C#5	73	77	714	56.750000	C#5	73	80	
722	67.156250	C#4	61	72	717	56.875000	C#4	61	80	
723	67.235677	Bb4	70	80	716	56.875000	Bb4	70	80	
724	67.243490	Eb4	63	75	*	-1	*	-1	-1	
725	67.354167	E4	64	90	719	57.000000	E4	64	80	
726	67.358073	G4	67	81	718	57.000000	G4	67	80	
727	67.654948	Eb4	63	71	721	57.250000	Eb4	63	80	
728	67.662760	Bb4	70	81	720	57.250000	Bb4	70	80	
729	67.792969	C#4	61	74	723	57.375000	C#4	61	80	
730	67.794271	C#5	73	82	722	57.375000	C#5	73	80	
731	67.936198	B3	59	81	725	57.500000	B3	59	80	
732	67.951823	E5	76	87	724	57.500000	E5	76	80	
733	68.076823	Bb3	58	77	726	57.625000	Bb3	58	80	
734	68.233073	G#3	56	76	728	57.750000	G#3	56	80	
735	68.242188	C#5	73	83	727	57.750000	C#5	73	80	
736	68.368490	G3	55	72	729	57.875000	G3	55	80	
737	68.532552	G#3	56	79	732	58.000000	G#3	56	80	
738	68.537760	B4	71	91	731	58.000000	B4	71	80	
739	68.540365	Eb5	75	86	730	58.000000	Eb5	75	80	
740	68.665365	B3	59	70	733	58.125000	B3	59	80	
741	68.832031	Bb3	58	78	735	58.250000	Bb3	58	80	
742	68.848958	G#5	80	85	734	58.250000	G#5	80	80	
743	68.963542	G#3	56	80	736	58.375000	G#3	56	80	
744	69.114583	G3	55	83	739	58.500000	G3	55	80	
745	69.136719	C#5	73	84	737	58.500000	C#5	73	80	
746	69.140625	Bb4	70	83	738	58.500000	Bb4	70	80	
747	69.252604	E3	52	73	740	58.625000	F3	53	80	
748	69.401042	Eb3	51	82	742	58.750000	Eb3	51	80	
749	69.420573	G5	79	90	741	58.750000	G5	79	80	
750	69.537760	C#3	49	75	743	58.875000	C#3	49	80	
751	69.700521	B2	47	85	746	59.000000	B2	47	80	
752	69.705729	G#4	68	93	744	59.000000	G#4	68	80	
753	69.830729	C#3	49	82	747	59.125000	C#3	49	80	
754	69.977865	Eb3	51	94	749	59.250000	Eb3	51	80	
755	69.989583	G#5	80	84	748	59.250000	G#5	80	80	
756	70.095052	B2	47	73	751	59.375000	B2	47	80	
757	70.109375	G5	79	89	750	59.375000	G5	79	80	
758	70.252604	G#2	44	88	753	59.500000	G#2	44	80	
759	70.266927	G#5	80	92	752	59.500000	G#5	80	80	
760	70.412760	Bb5	82	80	754	59.625000	Bb5	82	80	
761	70.557292	B5	83	81	755	59.750000	B5	83	80	
762	70.558594	G#3	56	69	756	59.750000	G#3	56	80	
763	70.674479	F3	53	69	758	59.875000	F3	53	80	
764	70.678385	G#5	80	74	757	59.875000	G#5	80	80	
765	70.821615	C#3	49	72	760	60.000000	C#3	49	80	
766	70.835938	F5	77	78	759	60.000000	F5	77	80	
767	70.972656	F#5	78	73	761	60.125000	F#5	78	80	
768	71.119792	B3	59	75	763	60.250000	B3	59	80	
769	71.122396	G#5	80	74	762	60.250000	G#5	80	80	
770	71.236979	F5	77	74	764	60.375000	F5	77	80	
771	71.238281	G#3	56	73	765	60.375000	G#3	56	80	
772	71.386719	F3	53	77	767	60.500000	F3	53	80	
773	71.394531	C#5	73	72	766	60.500000	C#5	73	80	
774	71.535156	Eb5	75	71	768	60.625000	Eb5	75	80	
775	71.683594	C#3	49	58	770	60.750000	C#3	49	80	
776	71.714844	F5	77	68	769	60.750000	F5	77	80	
777	71.809896	Bb2	46	59	772	60.875000	Bb2	46	80	
778	71.846354	C#5	73	64	771	60.875000	C#5	73	80	
779	71.959635	F#2	42	69	774	61.000000	F#2	42	80	
780	71.988281	Bb4	70	58	773	61.000000	Bb4	70	80	
781	72.118490	C5	72	67	775	61.125000	C5	72	80	
782	72.270833	Bb3	58	79	777	61.250000	Bb3	58	80	
783	72.273438	C#5	73	70	776	61.250000	C#5	73	80	
784	72.385417	F#3	54	72	779	61.375000	F#3	54	80	
785	72.404948	Bb4	70	77	778	61.375000	Bb4	70	80	
786	72.524740	Eb3	51	76	781	61.500000	Eb3	51	80	
787	72.557292	F#5	78	76	780	61.500000	F#5	78	80	
788	72.709635	G#5	80	69	782	61.625000	G#5	80	80	
789	72.850260	F#3	54	55	784	61.750000	F#3	54	80	
790	72.871094	Bb5	82	69	783	61.750000	Bb5	82	80	
791	72.945312	Eb3	51	60	786	61.875000	Eb3	51	80	
792	72.993490	F#5	78	68	785	61.875000	F#5	78	80	
793	73.104167	C3	48	56	788	62.000000	C3	48	80	
794	73.135417	Eb5	75	68	787	62.000000	Eb5	75	80	
795	73.274740	F5	77	66	789	62.125000	F5	77	80	
796	73.408854	Bb3	58	78	791	62.250000	Bb3	58	80	
797	73.428385	F#5	78	71	790	62.250000	F#5	78	80	
798	73.532552	F#3	54	73	793	62.375000	F#3	54	80	
799	73.553385	Eb5	75	73	792	62.375000	Eb5	75	80	
800	73.679688	Eb3	51	72	795	62.500000	Eb3	51	80	
801	73.720052	C5	72	63	794	62.500000	C5	72	80	
802	73.830729	C#5	73	63	796	62.625000	C#5	73	80	
803	73.998698	Eb5	75	60	797	62.750000	Eb5	75	80	
804	74.013021	C3	48	45	798	62.750000	C3	48	80	
805	74.113281	G#2	44	53	800	62.875000	G#2	44	80	
806	74.132812	C5	72	51	799	62.875000	C5	72	80	
807	74.260417	F2	41	65	802	63.000000	F2	41	80	
808	74.270833	G#4	68	56	801	63.000000	G#4	68	80	
809	74.411458	Bb4	70	55	803	63.125000	Bb4	70	80	
810	74.559896	C5	72	62	804	63.250000	C5	72	80	
811	74.561198	G#3	56	70	805	63.250000	G#3	56	80	
812	74.678385	F3	53	69	807	63.375000	F3	53	80	
813	74.710938	G#4	68	77	806	63.375000	G#4	68	80	
814	74.834635	D3	50	74	809	63.500000	D3	50	80	
815	74.869792	F5	77	68	808	63.500000	F5	77	80	
816	75.002604	F#5	78	70	810	63.625000	F#5	78	80	
817	75.140625	F3	53	64	812	63.750000	F3	53	80	
818	75.156250	G#5	80	66	811	63.750000	G#5	80	80	
819	75.279948	D3	50	53	814	63.875000	D3	50	80	
820	75.283854	F5	77	70	813	63.875000	F5	77	80	
821	75.430990	Bb2	46	57	816	64.000000	Bb2	46	80	
822	75.447917	D5	74	68	815	64.000000	D5	74	80	
823	75.569010	Eb5	75	70	817	64.125000	Eb5	75	80	
824	75.730469	G#3	56	67	819	64.250000	G#3	56	80	
825	75.739583	F5	77	71	818	64.250000	F5	77	80	
826	75.846354	F3	53	64	821	64.375000	F3	53	80	
827	75.863281	D5	74	68	820	64.375000	D5	74	80	
828	76.002604	D3	50	67	823	64.500000	D3	50	80	
829	76.016927	Bb4	70	66	822	64.500000	Bb4	70	80	
830	76.143229	C5	72	67	824	64.625000	C5	72	80	
831	76.294271	D5	74	64	825	64.750000	D5	74	80	
832	76.307292	Bb2	46	56	826	64.750000	Bb2	46	80	
833	76.407552	F#2	42	56	828	64.875000	F#2	42	80	
834	76.432292	Bb4	70	58	827	64.875000	Bb4	70	80	
835	76.572917	Eb2	39	59	830	65.000000	Eb2	39	80	
836	76.578125	F#4	66	55	829	65.000000	F#4	66	80	
837	76.712240	G#4	68	60	831	65.125000	G#4	68	80	
838	76.856771	Bb4	70	55	832	65.250000	Bb4	70	80	
839	76.869792	F#3	54	70	833	65.250000	F#3	54	80	
840	76.975260	F#4	66	63	834	65.375000	F#4	66	80	
841	76.992188	Eb3	51	72	835	65.375000	Eb3	51	80	
842	77.126302	C3	48	71	837	65.500000	C3	48	80	
843	77.134115	Eb5	75	62	836	65.500000	Eb5	75	80	
844	77.255208	F5	77	68	838	65.625000	F5	77	80	
845	77.408854	Eb3	51	65	840	65.750000	Eb3	51	80	
846	77.417969	F#5	78	66	839	65.750000	F#5	78	80	
847	77.535156	C3	48	56	842	65.875000	C3	48	80	
848	77.542969	Eb5	75	66	841	65.875000	Eb5	75	80	
849	77.678385	C5	72	59	843	66.000000	C5	72	80	
850	77.700521	G#2	44	63	844	66.000000	G#2	44	80	
851	77.815104	C#5	73	64	845	66.125000	C#5	73	80	
852	77.989583	F#3	54	66	847	66.250000	F#3	54	80	
853	77.994792	Eb5	75	64	846	66.250000	Eb5	75	80	
854	78.111979	Eb3	51	64	849	66.375000	Eb3	51	80	
855	78.115885	C5	72	60	848	66.375000	C5	72	80	
856	78.259115	G#4	68	64	850	66.500000	G#4	68	80	
857	78.260417	C3	48	65	851	66.500000	C3	48	80	
858	78.391927	Bb4	70	58	852	66.625000	Bb4	70	80	
859	78.567708	G#2	44	53	854	66.750000	G#2	44	80	
860	78.570312	C5	72	52	853	66.750000	C5	72	80	
861	78.657552	F2	41	51	856	66.875000	F2	41	80	
862	78.710938	G#4	68	53	855	66.875000	G#4	68	80	
863	78.850260	C#2	37	42	858	67.000000	C#2	37	80	
864	78.876302	F4	65	45	857	67.000000	F4	65	80	
865	79.011719	F#4	66	46	859	67.125000	F#4	66	80	
866	79.140625	G#4	68	57	860	67.250000	G#4	68	80	
867	79.268229	F4	65	56	861	67.375000	F4	65	80	
868	79.420573	C#4	61	56	862	67.500000	C#4	61	80	
869	79.563802	F4	65	52	863	67.625000	F4	65	80	
870	79.707031	G#4	68	61	864	67.750000	G#4	68	80	
871	79.841146	Bb4	70	65	865	67.875000	Bb4	70	80	
872	79.993490	B4	71	68	866	68.000000	B4	71	80	
873	80.119792	Bb4	70	68	867	68.125000	Bb4	70	80	
874	80.261719	G#4	68	67	868	68.250000	G#4	68	80	
875	80.265625	B3	59	45	869	68.250000	B3	59	80	
876	80.386719	C#3	49	45	871	68.375000	C#3	49	80	
877	80.397135	Bb4	70	56	870	68.375000	Bb4	70	80	
878	80.550781	F#5	78	70	872	68.500000	F#5	78	80	
879	80.553385	Bb3	58	60	873	68.500000	Bb3	58	80	
880	80.680990	C#3	49	50	874	68.625000	C#3	49	80	
881	80.858073	C#5	73	63	875	68.750000	C#5	73	80	
882	80.863281	G#3	56	58	876	68.750000	G#3	56	80	
883	80.992188	C#3	49	50	877	68.875000	C#3	49	80	
884	81.143229	Bb4	70	75	878	69.000000	Bb4	70	80	
885	81.160156	F#3	54	59	879	69.000000	F#3	54	80	
886	81.295573	C#3	49	56	880	69.125000	C#3	49	80	
887	81.423177	G#4	68	63	881	69.250000	G#4	68	80	
888	81.424479	F3	53	72	882	69.250000	F3	53	80	
889	81.541667	F#4	66	64	883	69.375000	F#4	66	80	
890	81.587240	Eb3	51	52	884	69.375000	C#3	49	80	
891	81.705729	F3	53	68	886	69.500000	F3	53	80	
892	81.708333	G#4	68	75	885	69.500000	G#4	68	80	
893	81.852865	C#4	61	64	887	69.625000	C#4	61	80	
894	81.994792	G#2	44	64	889	69.750000	G#2	44	80	
895	81.994792	F4	65	59	888	69.750000	F4	65	80	
896	82.119792	G#4	68	68	890	69.875000	G#4	68	80	
897	82.259115	Bb4	70	76	891	70.000000	Bb4	70	80	
898	82.390625	G#4	68	75	892	70.125000	G#4	68	80	
899	82.526042	Bb3	58	58	894	70.250000	Bb3	58	80	
900	82.529948	F#4	66	71	893	70.250000	F#4	66	80	
901	82.657552	C#3	49	52	896	70.375000	C#3	49	80	
902	82.660156	G#4	68	72	895	70.375000	G#4	68	80	
903	82.822917	G#3	56	66	898	70.500000	G#3	56	80	
904	82.828125	F5	77	73	897	70.500000	F5	77	80	
905	82.950521	C#3	49	58	899	70.625000	C#3	49	80	
906	83.118490	C#5	73	69	900	70.750000	C#5	73	80	
907	83.121094	F#3	54	60	901	70.750000	F#3	54	80	
908	83.234375	C#3	49	62	902	70.875000	C#3	49	80	
909	83.395833	F3	53	54	904	71.000000	F3	53	80	
910	83.404948	G#4	68	73	903	71.000000	G#4	68	80	
911	83.527344	C#3	49	60	905	71.125000	C#3	49	80	
912	83.666667	Eb3	51	71	907	71.250000	Eb3	51	80	
913	83.680990	F#4	66	70	906	71.250000	F#4	66	80	
914	83.811198	F4	65	69	908	71.375000	F4	65	80	
915	83.828125	C#3	49	56	909	71.375000	C#3	49	80	
916	83.954427	F#4	66	71	910	71.500000	F#4	66	80	
917	83.971354	Eb3	51	72	911	71.500000	Eb3	51	80	
918	84.080729	C4	60	69	912	71.625000	C4	60	80	
919	84.235677	Eb4	63	73	913	71.750000	Eb4	63	80	
920	84.252604	G#2	44	67	914	71.750000	G#2	44	80	
921	84.371094	F#4	66	75	915	71.875000	F#4	66	80	
922	84.510417	G#4	68	78	916	72.000000	G#4	68	80	
923	84.641927	F#4	66	72	917	72.125000	F#4	66	80	
924	84.798177	F4	65	74	918	72.250000	F4	65	80	
925	84.812500	G#3	56	67	919	72.250000	G#3	56	80	
926	84.927083	F#4	66	75	920	72.375000	F#4	66	80	
927	84.946615	G#2	44	65	921	72.375000	G#2	44	80	
928	85.076823	Eb5	75	88	922	72.500000	Eb5	75	80	
929	85.093750	F#3	54	68	923	72.500000	F#3	54	80	
930	85.214844	G#2	44	67	924	72.625000	G#2	44	80	
931	85.367188	F3	53	69	926	72.750000	F3	53	80	
932	85.380208	C5	72	79	925	72.750000	C5	72	80	
933	85.522135	G#2	44	69	927	72.875000	G#2	44	80	
934	85.644531	Eb3	51	72	929	73.000000	Eb3	51	80	
935	85.662760	F#4	66	80	928	73.000000	F#4	66	80	
936	85.804688	G#2	44	67	930	73.125000	G#2	44	80	
937	85.958333	F4	65	74	931	73.250000	F4	65	80	
938	85.968750	C#3	49	65	932	73.250000	C#3	49	80	
939	86.096354	Eb4	63	75	933	73.375000	Eb4	63	80	
940	86.117188	C3	48	55	934	73.375000	C3	48	80	
941	86.238281	C#3	49	70	936	73.500000	C#3	49	80	
942	86.243490	F4	65	77	935	73.500000	F4	65	80	
943	86.373698	G4	67	65	937	73.625000	G#4	68	80	
944	86.376302	G#2	44	69	938	73.625000	G#2	44	80	
945	86.506510	Bb4	70	76	939	73.750000	Bb4	70	80	
946	86.518229	F3	53	73	940	73.750000	F3	53	80	
947	86.632812	C5	72	82	941	73.875000	C5	72	80	
948	86.652344	Eb3	51	75	942	73.875000	Eb3	51	80	
949	86.782552	C#5	73	81	943	74.000000	C#5	73	80	
950	86.796875	F3	53	74	944	74.000000	F3	53	80	
951	86.912760	Eb5	75	84	945	74.125000	Eb5	75	80	
952	86.919271	G#2	44	80	946	74.125000	G#2	44	80	
953	87.048177	F5	77	85	947	74.250000	F5	77	80	
954	87.079427	G#3	56	77	948	74.250000	G#3	56	80	
955	87.184896	F#3	54	71	950	74.375000	F#3	54	80	
956	87.190104	Eb5	75	83	949	74.375000	Eb5	75	80	
957	87.321615	G#3	56	90	952	74.500000	G#3	56	80	
958	87.326823	F#5	78	84	951	74.500000	F#5	78	80	
959	87.458333	F5	77	89	953	74.625000	F5	77	80	
960	87.462240	G#2	44	80	954	74.625000	G#2	44	80	
961	87.595052	Eb5	75	87	955	74.750000	Eb5	75	80	
962	87.600260	Bb3	58	81	956	74.750000	Bb3	58	80	
963	87.733073	C#5	73	84	957	74.875000	C#5	73	80	
964	87.736979	G#2	44	82	958	74.875000	G#2	44	80	
965	87.902344	G5	79	80	963	75.125000	G5	79	80	
966	87.912760	C4	60	72	961	75.000000	C4	60	80	
967	88.031250	G#5	80	75	965	75.187500	G#5	80	80	
968	88.052083	C#4	61	76	964	75.125000	C#4	61	80	
969	88.121094	Bb5	82	73	966	75.250000	Bb5	82	80	
970	88.180990	Eb4	63	79	967	75.250000	Eb4	63	80	
971	88.192708	G#5	80	68	968	75.312500	G#5	80	80	
972	88.273438	Bb5	82	60	970	75.375000	Bb5	82	80	
973	88.303385	C4	60	71	971	75.375000	C4	60	80	
974	88.315104	G#5	80	70	972	75.437500	G#5	80	80	
975	88.389323	Bb5	82	75	973	75.500000	Bb5	82	80	
976	88.447917	G#3	56	80	975	75.500000	G#3	56	80	
977	88.449219	G#5	80	71	976	75.562500	G#5	80	80	
978	88.523438	Bb5	82	75	978	75.625000	Bb5	82	80	
979	88.569010	G#5	80	78	980	75.687500	G#5	80	80	
980	88.583333	C4	60	75	979	75.625000	C4	60	80	
981	88.639323	Bb5	82	74	981	75.750000	Bb5	82	80	
982	88.705729	G#5	80	75	984	75.812500	G#5	80	80	
983	88.727865	Eb4	63	81	983	75.750000	Eb4	63	80	
984	88.796875	Bb5	82	65	986	75.875000	Bb5	82	80	
985	88.839844	G#5	80	74	988	75.937500	G#5	80	80	
986	88.847656	F4	65	82	987	75.875000	F4	65	80	
987	88.994792	F#4	66	83	989	76.000000	F#4	66	80	
988	89.134115	F4	65	78	991	76.125000	F4	65	80	
989	89.160156	G#5	80	80	990	76.125000	G#5	80	80	
990	89.277344	F#5	78	81	992	76.250000	F#5	78	80	
991	89.282552	Eb4	63	78	993	76.250000	Eb4	63	80	
992	89.406250	F4	65	68	995	76.375000	F#4	66	80	
993	89.408854	G#5	80	83	994	76.375000	G#5	80	80	
994	89.555990	F5	77	84	996	76.500000	F5	77	80	
995	89.563802	C#5	73	91	997	76.500000	C#5	73	80	
996	89.710938	G#5	80	77	998	76.625000	G#5	80	80	
997	89.869792	G#4	68	84	1000	76.750000	G#4	68	80	
998	89.869792	Eb5	75	79	999	76.750000	Eb5	75	80	
999	89.994792	G#5	80	77	1001	76.875000	G#5	80	80	
1000	90.170573	C#5	73	68	1002	77.000000	C#5	73	80	
1001	90.173177	F4	65	85	1003	77.000000	F4	65	80	
1002	90.324219	G#5	80	74	1004	77.125000	G#5	80	80	
1003	90.477865	C5	72	75	1005	77.250000	C5	72	80	
1004	90.479167	Eb4	63	73	1006	77.250000	Eb4	63	80	
1005	90.606771	Bb4	70	73	1007	77.375000	Bb4	70	80	
1006	90.622396	C#4	61	73	1008	77.375000	C#4	61	80	
1007	90.764323	Eb4	63	79	1010	77.500000	Eb4	63	80	
1008	90.764323	C5	72	77	1009	77.500000	C5	72	80	
1009	90.888021	G#3	56	75	1012	77.625000	G#3	56	80	
1010	90.897135	Eb5	75	77	1011	77.625000	Eb5	75	80	
1011	91.026042	C4	60	72	1014	77.750000	C#4	61	80	
1012	91.037760	F5	77	78	1013	77.750000	F5	77	80	
1013	91.165365	Eb4	63	77	1016	77.875000	Eb4	63	80	
1014	91.173177	F#5	78	81	1015	77.875000	F#5	78	80	
1015	91.308594	F4	65	76	1018	78.000000	F4	65	80	
1016	91.319010	G#5	80	79	1017	78.000000	G#5	80	80	
1017	91.451823	F#5	78	78	1019	78.125000	F#5	78	80	
1018	91.455729	Eb4	63	76	1020	78.125000	Eb4	63	80	
1019	91.591146	C#4	61	77	1022	78.250000	C#4	61	80	
1020	91.595052	F5	77	82	1021	78.250000	F5	77	80	
1021	91.722656	Eb4	63	81	1024	78.375000	Eb4	63	80	
1022	91.734375	G#5	80	82	1023	78.375000	G#5	80	80	
1023	91.894531	C5	72	91	1026	78.500000	C5	72	80	
1024	91.894531	Eb5	75	81	1025	78.500000	Eb5	75	80	
1025	92.013021	G#5	80	79	1027	78.625000	G#5	80	80	
1026	92.187500	G#4	68	82	1029	78.750000	G#4	68	80	
1027	92.191406	C#5	73	76	1028	78.750000	C#5	73	80	
1028	92.324219	G#5	80	72	1030	78.875000	G#5	80	80	
1029	92.493490	Eb4	63	84	1032	79.000000	Eb4	63	80	
1030	92.506510	C5	72	74	1031	79.000000	C5	72	80	
1031	92.631510	G#5	80	71	1033	79.125000	G#5	80	80	
1032	92.790365	C#4	61	77	1035	79.250000	C#4	61	80	
1033	92.812500	Bb4	70	68	1034	79.250000	Bb4	70	80	
1034	92.929688	G#4	68	72	1036	79.375000	G#4	68	80	
1035	92.933594	C4	60	73	1037	79.375000	C4	60	80	
1036	93.070312	C#4	61	63	1039	79.500000	C#4	61	80	
1037	93.071615	Bb4	70	82	1038	79.500000	Bb4	70	80	
1038	93.196615	C#5	73	75	1040	79.625000	C#5	73	80	
1039	93.212240	G#3	56	70	1041	79.625000	G#3	56	80	
1040	93.334635	C4	60	73	1043	79.750000	C4	60	80	
1041	93.337240	Eb5	75	82	1042	79.750000	Eb5	75	80	
1042	93.471354	F5	77	80	1044	79.875000	F5	77	80	
1043	93.472656	C#4	61	77	1045	79.875000	C#4	61	80	
1044	93.602865	F#5	78	81	1046	80.000000	F#5	78	80	
1045	93.606771	Eb4	63	84	1047	80.000000	Eb4	63	80	
1046	93.742188	F5	77	74	1048	80.125000	F5	77	80	
1047	93.763021	C#4	61	72	1049	80.125000	C#4	61	80	
1048	93.891927	Eb5	75	83	1050	80.250000	Eb5	75	80	
1049	93.895833	C4	60	72	1051	80.250000	C4	60	80	
1050	94.031250	C#4	61	72	1053	80.375000	C#4	61	80	
1051	94.031250	F5	77	79	1052	80.375000	F5	77	80	
1052	94.179688	Bb4	70	81	1055	80.500000	Bb4	70	80	
1053	94.187500	C#5	73	79	1054	80.500000	C#5	73	80	
1054	94.321615	Eb5	75	73	1056	80.625000	Eb5	75	80	
1055	94.476562	G4	67	75	1058	80.750000	G4	67	80	
1056	94.479167	C5	72	77	1057	80.750000	C5	72	80	
1057	94.615885	Eb5	75	79	1059	80.875000	Eb5	75	80	
1058	94.778646	C#4	61	78	1061	81.000000	C#4	61	80	
1059	94.778646	Bb4	70	77	1060	81.000000	Bb4	70	80	
1060	94.917969	Eb5	75	78	1062	81.125000	Eb5	75	80	
1061	95.036458	C4	60	70	1064	81.250000	C4	60	80	
1062	95.054688	G#4	68	76	1063	81.250000	G#4	68	80	
1063	95.170573	Bb3	58	68	1066	81.375000	Bb3	58	80	
1064	95.171875	G4	67	71	1065	81.375000	G4	67	80	
1065	95.295573	C4	60	76	1068	81.500000	C4	60	80	
1066	95.312500	G#4	68	76	1067	81.500000	G#4	68	80	
1067	95.427083	G#3	56	69	1070	81.625000	G#3	56	80	
1068	95.449219	C5	72	79	1069	81.625000	C5	72	80	
1069	95.567708	Bb3	58	70	1072	81.750000	Bb3	58	80	
1070	95.582031	C#5	73	80	1071	81.750000	C#5	73	80	
1071	95.696615	C4	60	73	1074	81.875000	C4	60	80	
1072	95.726562	Eb5	75	83	1073	81.875000	Eb5	75	80	
1073	95.850260	C#4	61	68	1076	82.000000	C#4	61	80	
1074	95.863281	F5	77	87	1075	82.000000	F5	77	80	
1075	95.973958	Eb4	63	70	1078	82.125000	Eb4	63	80	
1076	95.988281	F#5	78	85	1077	82.125000	F#5	78	80	
1077	96.110677	F4	65	71	1080	82.250000	F4	65	80	
1078	96.119792	G#5	80	81	1079	82.250000	G#5	80	80	
1079	96.247396	Bb5	82	81	1081	82.375000	Bb5	82	80	
1080	96.256510	Eb4	63	72	1082	82.375000	Eb4	63	80	
1081	96.394531	F#4	66	81	1084	82.500000	F#4	66	80	
1082	96.403646	C5	72	86	1083	82.500000	C5	72	80	
1083	96.516927	F4	65	69	1085	82.625000	F4	65	80	
1084	96.647135	Eb4	63	68	1087	82.750000	Eb4	63	80	
1085	96.662760	G#4	68	84	1086	82.750000	G#4	68	80	
1086	96.816406	C#4	61	62	1088	82.875000	C#4	61	80	
1087	96.947917	F#4	66	75	1090	83.000000	F#4	66	80	
1088	96.954427	Bb4	70	85	1089	83.000000	Bb4	70	80	
1089	97.092448	G#4	68	89	1091	83.125000	G#4	68	80	
1090	97.231771	F#4	66	86	1092	83.250000	F#4	66	80	
1091	97.235677	Bb3	58	71	1093	83.250000	Bb3	58	80	
1092	97.347656	C4	60	69	1095	83.375000	C4	60	80	
1093	97.363281	G#4	68	80	1094	83.375000	G#4	68	80	
1094	97.511719	C#4	61	78	1097	83.500000	C#4	61	80	
1095	97.519531	F5	77	90	1096	83.500000	F5	77	80	
1096	97.632812	C4	60	74	1098	83.625000	C4	60	80	
1097	97.796875	C#5	73	83	1099	83.750000	C#5	73	80	
1098	97.804688	Bb3	58	72	1100	83.750000	Bb3	58	80	
1099	97.950521	G#3	56	74	1101	83.875000	G#3	56	80	
1100	98.152344	Bb3	58	76	1103	84.000000	Bb3	58	80	
1101	98.156250	G#4	68	79	1102	84.000000	G#4	68	80	
1102	98.475260	F#4	66	80	1104	84.250000	F#4	66	80	
1103	98.596354	F4	65	77	1105	84.375000	F4	65	80	
1104	98.755208	F#4	66	82	1106	84.500000	F#4	66	80	
1105	98.891927	G#3	56	75	1107	84.625000	G#3	56	80	
1106	99.044271	Eb5	75	81	1108	84.750000	Eb5	75	80	
1107	99.045573	F#3	54	67	1109	84.750000	F#3	54	80	
1108	99.180990	Bb3	58	74	1110	84.875000	Bb3	58	80	
1109	99.321615	G#3	56	72	1112	85.000000	G#3	56	80	
1110	99.330729	F4	65	82	1111	85.000000	F4	65	80	
1111	99.466146	F#3	54	69	1113	85.125000	F#3	54	80	
1112	99.617188	F3	53	67	1115	85.250000	F3	53	80	
1113	99.623698	C#5	73	78	1114	85.250000	C#5	73	80	
1114	99.752604	G#3	56	66	1116	85.375000	G#3	56	80	
1115	99.919271	F#3	54	67	1118	85.500000	F#3	54	80	
1116	99.921875	Eb4	63	71	1117	85.500000	Eb4	63	80	
1117	100.048177	F3	53	61	1119	85.625000	F3	53	80	
1118	100.209635	C5	72	72	1120	85.750000	C5	72	80	
1119	100.210938	F#3	54	66	1121	85.750000	F#3	54	80	
1120	100.351562	Eb3	51	58	1122	85.875000	Eb3	51	80	
1121	100.518229	C#4	61	65	1123	86.000000	C#4	61	80	
1122	100.533854	F3	53	47	1124	86.000000	F3	53	80	
1123	100.846354	C#5	73	69	1125	86.250000	C#5	73	80	
1124	100.972656	C5	72	70	1126	86.375000	C5	72	80	
1125	101.027344	G#3	56	64	1127	86.375000	G#3	56	80	
1126	101.114583	C#5	73	77	1128	86.500000	C#5	73	80	
1127	101.160156	Bb3	58	74	1129	86.500000	Bb3	58	80	
1128	101.253906	Eb5	75	82	1130	86.625000	Eb5	75	80	
1129	101.286458	C4	60	74	1131	86.625000	C4	60	80	
1130	101.394531	F5	77	87	1132	86.750000	F5	77	80	
1131	101.411458	C#4	61	71	1133	86.750000	C#4	61	80	
1132	101.506510	Eb4	63	73	1136	86.875000	Eb4	63	80	
1133	101.516927	F#5	78	82	1135	86.875000	F#5	78	80	
1134	101.645833	F4	65	80	1138	87.000000	F4	65	80	
1135	101.658854	G#5	80	86	1137	87.000000	G#5	80	80	
1136	101.782552	Eb4	63	76	1140	87.125000	Eb4	63	80	
1137	101.786458	G5	79	84	1139	87.125000	F#5	78	80	
1138	101.925781	C#4	61	72	1142	87.250000	C#4	61	80	
1139	101.934896	F5	77	86	1141	87.250000	F5	77	80	
1140	101.993490	C6	84	35	*	-1	*	-1	-1	
1141	102.053385	Eb4	63	80	1144	87.375000	Eb4	63	80	
1142	102.069010	G5	79	84	1143	87.375000	F#5	78	80	
1143	102.214844	G#5	80	85	1145	87.500000	G#5	80	80	
1144	102.222656	C4	60	69	1147	87.500000	C4	60	80	
1145	102.225260	C5	72	77	1146	87.500000	C5	72	80	
1146	102.354167	F#5	78	79	1148	87.625000	F#5	78	80	
1147	102.505208	G#4	68	73	1150	87.750000	G#4	68	80	
1148	102.507812	F5	77	79	1149	87.750000	F5	77	80	
1149	102.625000	Eb5	75	77	1151	87.875000	Eb5	75	80	
1150	102.807292	Eb4	63	73	1153	88.000000	Eb4	63	80	
1151	102.808594	F5	77	78	1152	88.000000	F5	77	80	
1152	103.118490	C#4	61	68	1154	88.250000	C#4	61	80	
1153	103.243490	C4	60	68	1155	88.375000	C4	60	80	
1154	103.403646	C#4	61	71	1157	88.500000	C#4	61	80	
1155	103.408854	Bb3	58	76	1156	88.500000	Bb3	58	80	
1156	103.561198	Eb5	75	75	1158	88.625000	Eb5	75	80	
1157	103.713542	Bb4	70	79	1160	88.750000	Bb4	70	80	
1158	103.713542	C#5	73	75	1159	88.750000	C#5	73	80	
1159	103.845052	F5	77	80	1161	88.875000	F5	77	80	
1160	104.000000	Eb5	75	80	1162	89.000000	Eb5	75	80	
1161	104.003906	C4	60	73	1163	89.000000	C4	60	80	
1162	104.125000	C#5	73	74	1164	89.125000	C#5	73	80	
1163	104.283854	G#3	56	71	1166	89.250000	G#3	56	80	
1164	104.290365	G#4	68	73	1167	89.250000	G#4	68	80	
1165	104.292969	C5	72	77	1165	89.250000	C5	72	80	
1166	104.415365	Eb5	75	78	1168	89.375000	Eb5	75	80	
1167	104.570312	C#5	73	77	1169	89.500000	C#5	73	80	
1168	104.578125	Bb3	58	63	1170	89.500000	Bb3	58	80	
1169	104.707031	C5	72	77	1172	89.625000	C5	72	80	
1170	104.855469	C#5	73	75	1173	89.750000	C#5	73	80	
1171	104.861979	Eb3	51	69	1174	89.750000	Eb3	51	80	
1172	104.993490	Bb4	70	76	1176	89.875000	Bb4	70	80	
1173	105.145833	Bb4	70	76	*	-1	*	-1	-1	
1174	105.147135	G#3	56	73	1178	90.000000	G#3	56	80	
1175	105.264323	C5	72	77	1177	90.000000	C5	72	80	
1176	105.410156	G#4	68	63	1181	90.250000	G#4	68	80	
1177	105.411458	Eb5	75	70	1180	90.250000	Eb5	75	80	
1178	105.555990	F#4	66	63	1182	90.375000	G4	67	80	
1179	105.708333	G#4	68	79	1184	90.500000	G#4	68	80	
1180	105.709635	F#5	78	83	1183	90.500000	F#5	78	80	
1181	105.859375	Bb4	70	69	1185	90.625000	Bb4	70	80	
1182	105.996094	C5	72	73	1186	90.750000	C5	72	80	
1183	106.003906	G#3	56	70	1187	90.750000	G#3	56	80	
1184	106.131510	G#4	68	69	1188	90.875000	G#4	68	80	
1185	106.265625	Bb3	58	76	1190	91.000000	Bb3	58	80	
1186	106.286458	C#5	73	71	1189	91.000000	C#5	73	80	
1187	106.394531	G#3	56	70	1192	91.125000	G#3	56	80	
1188	106.401042	C5	72	75	1191	91.125000	C5	72	80	
1189	106.544271	Bb4	70	78	1193	91.250000	Bb4	70	80	
1190	106.545573	F#3	54	73	1194	91.250000	F#3	54	80	
1191	106.674479	G#3	56	72	1196	91.375000	G#3	56	80	
1192	106.680990	C5	72	82	1195	91.375000	C5	72	80	
1193	106.829427	C#5	73	81	1198	91.500000	C#5	73	80	
1194	106.841146	F4	65	70	1199	91.500000	F4	65	80	
1195	106.845052	F5	77	72	1197	91.500000	F5	77	80	
1196	106.972656	C5	72	73	1200	91.625000	C5	72	80	
1197	107.119792	C#4	61	67	1202	91.750000	C#4	61	80	
1198	107.131510	Bb4	70	70	1201	91.750000	Bb4	70	80	
1199	107.244792	G#4	68	75	1203	91.875000	G#4	68	80	
1200	107.437500	G#3	56	65	1205	92.000000	G#3	56	80	
1201	107.449219	Bb4	70	67	1204	92.000000	Bb4	70	80	
1202	107.765625	F#3	54	64	1206	92.250000	F#3	54	80	
1203	107.899740	F3	53	58	1207	92.375000	F3	53	80	
1204	108.042969	Eb5	75	73	1208	92.500000	Eb5	75	80	
1205	108.058594	F#3	54	64	1209	92.500000	F#3	54	80	
1206	108.199219	G#4	68	62	1210	92.625000	G#4	68	80	
1207	108.346354	Eb4	63	65	1212	92.750000	Eb4	63	80	
1208	108.350260	F#4	66	65	1211	92.750000	F#4	66	80	
1209	108.466146	Bb4	70	69	1213	92.875000	Bb4	70	80	
1210	108.617188	G#4	68	75	1214	93.000000	G#4	68	80	
1211	108.632812	F3	53	59	1215	93.000000	F3	53	80	
1212	108.755208	F#4	66	75	1216	93.125000	F#4	66	80	
1213	108.898438	C#5	73	76	1217	93.250000	C#5	73	80	
1214	108.904948	C#4	61	72	1219	93.250000	C#4	61	80	
1215	108.916667	F4	65	70	1218	93.250000	F4	65	80	
1216	109.035156	G#4	68	75	1220	93.375000	G#4	68	80	
1217	109.179688	C5	72	75	1221	93.500000	C5	72	80	
1218	109.188802	Eb3	51	69	1223	93.500000	Eb3	51	80	
1219	109.194010	F#4	66	70	1222	93.500000	F#4	66	80	
1220	109.312500	F4	65	76	1224	93.625000	F4	65	80	
1221	109.466146	C4	60	57	1227	93.750000	C4	60	80	
1222	109.471354	F#4	66	65	1226	93.750000	F#4	66	80	
1223	109.475260	Eb5	75	64	1225	93.750000	Eb5	75	80	
1224	109.600260	Eb4	63	58	1228	93.875000	Eb4	63	80	
1225	109.817708	C#3	49	23	1230	94.000000	C#3	49	80	
1226	109.819010	F4	65	49	1229	94.000000	F4	65	80	
1227	109.941406	G#2	44	40	1231	94.125000	G#2	44	80	
1228	110.088542	G#4	68	71	1232	94.250000	G#4	68	80	
1229	110.101562	C#3	49	48	1233	94.250000	C#3	49	80	
1230	110.229167	Eb3	51	68	1234	94.375000	Eb3	51	80	
1231	110.380208	C#5	73	81	1235	94.500000	C#5	73	80	
1232	110.388021	F3	53	65	1236	94.500000	F3	53	80	
1233	110.537760	F#3	54	70	1237	94.625000	F#3	54	80	
1234	110.670573	B4	71	76	1238	94.750000	B4	71	80	
1235	110.708333	G#3	56	64	1239	94.750000	G#3	56	80	
1236	110.834635	F3	53	63	1240	94.875000	F3	53	80	
1237	110.979167	Bb4	70	67	1241	95.000000	Bb4	70	80	
1238	111.009115	F#3	54	64	1242	95.000000	F#3	54	80	
1239	111.156250	F#2	42	53	1243	95.125000	F#2	42	80	
1240	111.295573	C#4	61	55	1244	95.250000	C#4	61	80	
1241	111.303385	F#3	54	62	1245	95.250000	F#3	54	80	
1242	111.440104	F3	53	53	1246	95.375000	F3	53	80	
1243	111.563802	F#3	54	50	1248	95.500000	F#3	54	80	
1244	111.595052	F#4	66	70	1247	95.500000	F#4	66	80	
1245	111.730469	G#3	56	69	1249	95.625000	G#3	56	80	
1246	111.886719	Bb3	58	72	1251	95.750000	Bb3	58	80	
1247	111.889323	F4	65	64	1250	95.750000	F4	65	80	
1248	112.031250	F#3	54	65	1252	95.875000	F#3	54	80	
1249	112.170573	Eb3	51	67	1254	96.000000	Eb3	51	80	
1250	112.178385	F#4	66	71	1253	96.000000	F#4	66	80	
1251	112.330729	F3	53	58	1255	96.125000	F3	53	80	
1252	112.466146	F#3	54	67	1257	96.250000	F#3	54	80	
1253	112.470052	Bb4	70	71	1256	96.250000	Bb4	70	80	
1254	112.596354	Eb3	51	67	1259	96.375000	Eb3	51	80	
1255	112.597656	F#4	66	65	1258	96.375000	F#4	66	80	
1256	112.756510	C3	48	63	1261	96.500000	C3	48	80	
1257	112.765625	Eb4	63	67	1260	96.500000	Eb4	63	80	
1258	112.911458	C#3	49	64	1262	96.625000	C#3	49	80	
1259	113.054688	F#4	66	61	1263	96.750000	F#4	66	80	
1260	113.059896	Eb3	51	63	1264	96.750000	Eb3	51	80	
1261	113.183594	C3	48	53	1266	96.875000	C3	48	80	
1262	113.195312	Eb4	63	60	1265	96.875000	Eb4	63	80	
1263	113.346354	F2	41	61	1268	97.000000	F2	41	80	
1264	113.347656	G#3	56	62	1267	97.000000	G#3	56	80	
1265	113.661458	F3	53	54	1270	97.250000	F3	53	80	
1266	113.662760	Eb4	63	62	1269	97.250000	Eb4	63	80	
1267	113.807292	Eb3	51	59	1271	97.375000	Eb3	51	80	
1268	113.960938	F3	53	60	1273	97.500000	F3	53	80	
1269	113.966146	G#4	68	83	1272	97.500000	G#4	68	80	
1270	114.078125	F#3	54	63	1274	97.625000	F#3	54	80	
1271	114.256510	G#3	56	67	1276	97.750000	G#3	56	80	
1272	114.260417	C4	60	79	1275	97.750000	C4	60	80	
1273	114.401042	F3	53	61	1277	97.875000	F3	53	80	
1274	114.559896	F4	65	80	1278	98.000000	F4	65	80	
1275	114.575521	D3	50	61	1279	98.000000	D3	50	80	
1276	114.734375	Eb3	51	73	1280	98.125000	Eb3	51	80	
1277	114.868490	F3	53	73	1282	98.250000	F3	53	80	
1278	114.869792	G#4	68	78	1281	98.250000	G#4	68	80	
1279	115.001302	F4	65	77	1283	98.375000	F4	65	80	
1280	115.003906	D3	50	69	1284	98.375000	D3	50	80	
1281	115.148438	Bb2	46	61	1286	98.500000	Bb2	46	80	
1282	115.148438	D4	62	76	1285	98.500000	D4	62	80	
1283	115.268229	C3	48	63	1287	98.625000	C3	48	80	
1284	115.419271	D3	50	66	1289	98.750000	D3	50	80	
1285	115.464844	F4	65	63	1288	98.750000	F4	65	80	
1286	115.570312	Bb2	46	44	1291	98.875000	Bb2	46	80	
1287	115.602865	D4	62	63	1290	98.875000	D4	62	80	
1288	115.766927	F#3	54	58	1292	99.000000	F#3	54	80	
1289	115.786458	Eb2	39	25	1293	99.000000	Eb2	39	80	
1290	116.063802	Bb3	58	65	1294	99.250000	Bb3	58	80	
1291	116.070312	Eb3	51	50	1295	99.250000	Eb3	51	80	
1292	116.199219	D3	50	43	1296	99.375000	D3	50	80	
1293	116.388021	Eb3	51	51	1298	99.500000	Eb3	51	80	
1294	116.412760	F#4	66	60	1297	99.500000	F#4	66	80	
1295	116.537760	F3	53	55	1299	99.625000	F3	53	80	
1296	116.684896	Bb3	58	66	1300	99.750000	Bb3	58	80	
1297	116.687500	F#3	54	57	1301	99.750000	F#3	54	80	
1298	116.828125	Eb3	51	61	1302	99.875000	Eb3	51	80	
1299	116.964844	C3	48	65	1304	100.000000	C3	48	80	
1300	116.977865	Eb4	63	72	1303	100.000000	Eb4	63	80	
1301	117.105469	F4	65	80	1305	100.125000	F4	65	80	
1302	117.121094	C#3	49	68	1306	100.125000	C#3	49	80	
1303	117.242188	Eb3	51	81	1308	100.250000	Eb3	51	80	
1304	117.253906	F#4	66	80	1307	100.250000	F#4	66	80	
1305	117.373698	Eb4	63	85	1309	100.375000	Eb4	63	80	
1306	117.378906	C3	48	70	1310	100.375000	C3	48	80	
1307	117.522135	G#2	44	71	1312	100.500000	G#2	44	80	
1308	117.537760	Eb5	75	92	1311	100.500000	Eb5	75	80	
1309	117.660156	Bb2	46	76	1314	100.625000	Bb2	46	80	
1310	117.671875	F#4	66	85	1313	100.625000	F#4	66	80	
1311	117.828125	G#4	68	89	1315	100.750000	G#4	68	80	
1312	117.830729	C3	48	82	1316	100.750000	C3	48	80	
1313	117.958333	Eb4	63	95	1317	100.875000	Eb4	63	80	
1314	117.988281	G#2	44	72	1318	100.875000	G#2	44	80	
1315	117.996094	C#5	73	42	*	-1	*	-1	-1	
1316	118.164062	C#2	37	84	1320	101.000000	C#2	37	80	
1317	118.165365	F4	65	91	1319	101.000000	F4	65	80	
1318	118.365885	C#5	73	77	1321	101.125000	C#5	73	80	
1319	118.496094	C#3	49	75	1323	101.250000	C#3	49	80	
1320	118.498698	C5	72	83	1322	101.250000	C5	72	80	
1321	118.639323	Eb5	75	92	1324	101.375000	Eb5	75	80	
1322	118.670573	Eb3	51	75	1325	101.375000	Eb3	51	80	
1323	118.783854	C#5	73	83	1326	101.500000	C#5	73	80	
1324	118.787760	F3	53	86	1327	101.500000	F3	53	80	
1325	118.923177	G#4	68	85	1328	101.625000	G#4	68	80	
1326	119.067708	C#3	49	69	1331	101.750000	C#3	49	80	
1327	119.070312	Bb4	70	88	1329	101.750000	Bb4	70	80	
1328	119.075521	C#4	61	80	1330	101.750000	C#4	61	80	
1329	119.208333	B4	71	86	1332	101.875000	B4	71	80	
1330	119.352865	F#3	54	79	1334	102.000000	F#3	54	80	
1331	119.364583	Bb4	70	87	1333	102.000000	Bb4	70	80	
1332	119.490885	G#4	68	82	1335	102.125000	G#4	68	80	
1333	119.501302	C4	60	71	1336	102.125000	C4	60	80	
1334	119.639323	F#4	66	82	1337	102.250000	F#4	66	80	
1335	119.660156	Bb3	58	68	1338	102.250000	Bb3	58	80	
1336	119.792969	G#4	68	86	1339	102.375000	G#4	68	80	
1337	119.819010	C4	60	64	1340	102.375000	C4	60	80	
1338	119.949219	F5	77	92	1341	102.500000	F5	77	80	
1339	119.962240	F3	53	62	1343	102.500000	F3	53	80	
1340	119.962240	C#4	61	78	1342	102.500000	C#4	61	80	
1341	120.088542	C4	60	70	1344	102.625000	C4	60	80	
1342	120.240885	C#5	73	87	1345	102.750000	C#5	73	80	
1343	120.243490	Bb3	58	73	1346	102.750000	Bb3	58	80	
1344	120.389323	G#3	56	65	1347	102.875000	G#3	56	80	
1345	120.554688	G#4	68	83	1348	103.000000	G#4	68	80	
1346	120.562500	Bb3	58	74	1349	103.000000	Bb3	58	80	
1347	120.563802	Eb3	51	75	1350	103.000000	Eb3	51	80	
1348	120.709635	F#4	66	77	*	-1	*	-1	-1	
1349	120.796875	G#4	68	65	*	-1	*	-1	-1	
1350	120.847656	F#4	66	74	1351	103.250000	F#4	66	80	
1351	120.867188	C#3	49	66	1352	103.250000	C#3	49	80	
1352	120.988281	F4	65	79	1353	103.375000	F4	65	80	
1353	121.152344	F#4	66	83	1354	103.500000	F#4	66	80	
1354	121.157552	C3	48	72	1355	103.500000	C3	48	80	
1355	121.287760	G#3	56	72	1356	103.625000	G#3	56	80	
1356	121.451823	F#3	54	71	1358	103.750000	F#3	54	80	
1357	121.457031	Eb5	75	86	1357	103.750000	Eb5	75	80	
1358	121.588542	Bb3	58	75	1359	103.875000	Bb3	58	80	
1359	121.734375	C#3	49	74	1362	104.000000	C#3	49	80	
1360	121.743490	F4	65	84	1360	104.000000	F4	65	80	
1361	121.746094	G#3	56	77	1361	104.000000	G#3	56	80	
1362	121.889323	F#3	54	80	1363	104.125000	F#3	54	80	
1363	122.037760	F3	53	78	1365	104.250000	F3	53	80	
1364	122.048177	C#5	73	82	1364	104.250000	C#5	73	80	
1365	122.180990	G#3	56	78	1366	104.375000	G#3	56	80	
1366	122.330729	F#3	54	84	1368	104.500000	F#3	54	80	
1367	122.345052	Eb4	63	75	1367	104.500000	Eb4	63	80	
1368	122.377604	G#2	44	63	1369	104.500000	G#2	44	80	
1369	122.485677	F3	53	69	1370	104.625000	F3	53	80	
1370	122.643229	Eb3	51	71	1372	104.750000	Eb3	51	80	
1371	122.643229	C5	72	73	1371	104.750000	C5	72	80	
1372	122.828125	F#3	54	70	1373	104.875000	F#3	54	80	
1373	122.990885	C#4	61	67	1374	105.000000	C#4	61	80	
1374	123.002604	Bb2	46	44	1376	105.000000	Bb2	46	80	
1375	123.010417	F3	53	64	1375	105.000000	F3	53	80	
1376	123.152344	F4	65	71	1377	105.125000	F4	65	80	
1377	123.157552	G#3	56	72	1378	105.125000	G#3	56	80	
1378	123.282552	F#4	66	77	1379	105.250000	F#4	66	80	
1379	123.308594	Bb3	58	73	1380	105.250000	Bb3	58	80	
1380	123.419271	G#4	68	82	1381	105.375000	G#4	68	80	
1381	123.441406	C4	60	74	1382	105.375000	C4	60	80	
1382	123.561198	Bb4	70	77	1383	105.500000	Bb4	70	80	
1383	123.562500	C#4	61	82	1384	105.500000	C#4	61	80	
1384	123.684896	C5	72	85	1385	105.625000	C5	72	80	
1385	123.703125	C4	60	81	1386	105.625000	C4	60	80	
1386	123.835938	C#5	73	83	1387	105.750000	C#5	73	80	
1387	123.841146	Bb3	58	81	1388	105.750000	Bb3	58	80	
1388	123.967448	Eb5	75	86	1389	105.875000	Eb5	75	80	
1389	123.983073	G#3	56	79	1390	105.875000	G#3	56	80	
1390	124.111979	G3	55	78	1392	106.000000	G3	55	80	
1391	124.113281	E5	76	83	1391	106.000000	E5	76	80	
1392	124.242188	Eb5	75	88	1393	106.125000	Eb5	75	80	
1393	124.257812	G#3	56	80	1394	106.125000	G#3	56	80	
1394	124.368490	Bb3	58	79	1396	106.250000	Bb3	58	80	
1395	124.382812	C#5	73	83	1395	106.250000	C#5	73	80	
1396	124.496094	G3	55	77	1398	106.375000	G3	55	80	
1397	124.514323	Eb5	75	85	1397	106.375000	Eb5	75	80	
1398	124.631510	Eb3	51	77	1400	106.500000	Eb3	51	80	
1399	124.647135	E5	76	87	1399	106.500000	E5	76	80	
1400	124.782552	C#3	49	72	1402	106.625000	C#3	49	80	
1401	124.790365	G5	79	79	1401	106.625000	G5	79	80	
1402	124.800781	F#5	78	44	*	-1	*	-1	-1	
1403	124.914062	G#5	80	84	1403	106.750000	G#5	80	80	
1404	124.917969	C3	48	71	1404	106.750000	C3	48	80	
1405	125.046875	Bb2	46	70	1406	106.875000	Bb2	46	80	
1406	125.048177	Bb5	82	88	1405	106.875000	Bb5	82	80	
1407	125.182292	G#2	44	76	1408	107.000000	G#2	44	80	
1408	125.209635	C#5	73	86	1407	107.000000	C#5	73	80	
1409	125.328125	Eb3	51	76	1410	107.125000	Eb3	51	80	
1410	125.338542	C5	72	87	1409	107.125000	C5	72	80	
1411	125.455729	F3	53	75	1412	107.250000	F3	53	80	
1412	125.468750	Bb4	70	84	1411	107.250000	Bb4	70	80	
1413	125.582031	F#3	54	78	1414	107.375000	F#3	54	80	
1414	125.587240	G#4	68	85	1413	107.375000	G#4	68	80	
1415	125.764323	Eb5	75	91	1415	107.500000	Eb5	75	80	
1416	125.765625	G#3	56	79	1416	107.500000	G#3	56	80	
1417	125.894531	Bb3	58	82	1417	107.625000	Bb3	58	80	
1418	126.053385	C4	60	83	1419	107.750000	C4	60	80	
1419	126.070312	F#4	66	86	1418	107.750000	F#4	66	80	
1420	126.213542	G#3	56	83	1420	107.875000	G#3	56	80	
1421	126.414062	F4	65	80	1421	108.000000	F4	65	80	
1422	126.420573	C#4	61	92	1422	108.000000	C#4	61	80	
1423	126.790365	F2	41	75	1426	108.250000	F2	41	80	
1424	126.794271	C#5	73	91	1425	108.250000	C#5	73	80	
1425	126.803385	C#4	61	88	1423	108.250000	C#4	61	80	
1426	126.803385	G#4	68	81	1424	108.250000	G#4	68	80	
1427	127.233073	Bb4	70	88	1429	108.500000	Bb4	70	80	
1428	127.243490	F#2	42	71	1431	108.500000	F#2	42	80	
1429	127.243490	Eb4	63	87	1427	108.500000	Eb4	63	80	
1430	127.252604	F#4	66	80	1428	108.500000	F#4	66	80	
1431	127.764323	C5	72	92	1432	108.750000	C5	72	80	
1432	127.766927	G#2	44	71	1435	108.750000	G#2	44	80	
1433	127.781250	F#4	66	72	1433	108.750000	F#4	66	80	
1434	127.781250	G#4	68	79	1434	108.750000	G#4	68	80	
1435	128.356771	C#2	37	79	1440	109.000000	C#2	37	80	
1436	128.468750	C#4	61	76	1437	109.000000	C#4	61	80	
1437	128.557292	F4	65	76	1438	109.000000	F4	65	80	
1438	128.643229	G#4	68	83	1439	109.000000	G#4	68	80	
1439	128.765625	C#5	73	89	1436	109.000000	C#5	73	80	
*	-1	*	-1	-1	295	25.500000	Bb3	58	80	
*	-1	*	-1	-1	457	37.500000	G#4	68	80	
*	-1	*	-1	-1	477	39.250000	F4	65	80	
*	-1	*	-1	-1	563	45.500000	Eb4	63	80	
*	-1	*	-1	-1	638	51.000000	Eb4	63	80	
*	-1	*	-1	-1	684	54.500000	Eb3	51	80	
*	-1	*	-1	-1	745	59.000000	G#4	68	80	
*	-1	*	-1	-1	959	75.000000	Bb5	82	80	
*	-1	*	-1	-1	969	75.375000	G#5	80	80	
*	-1	*	-1	-1	974	75.500000	Bb5	82	80	
*	-1	*	-1	-1	982	75.750000	Bb5	82	80	
*	-1	*	-1	-1	1134	86.750000	C#4	61	80	
*	-1	*	-1	-1	1171	89.500000	Bb3	58	80	
*	-1	*	-1	-1	1175	89.750000	G4	67	80	
*	-1	*	-1	-1	1430	108.500000	Eb4	63	80	
*	-1	*	-1	-1	960	75.000000	Bb5	82	80	
*	-1	*	-1	-1	962	75.062500	G#5	80	80	
*	-1	*	-1	-1	977	75.625000	G#5	80	80	
*	-1	*	-1	-1	985	75.875000	G#5	80	80	
*	-1	*	-1	-1	1179	90.000000	G#3	56	80	
