// alignID alignOntime alignSitch alignPitch alignOnvel refID refOntime refSitch refPitch refOnvel
0	0.500000	G#4	68	64	0	0.750000	G#4	68	80	
1	0.822917	Bb4	70	74	1	1.000000	Bb4	70	80	
2	0.946875	G#4	68	70	2	1.125000	G#4	68	80	
3	1.082292	F#4	66	65	3	1.250000	F#4	66	80	
4	1.214583	G#4	68	71	4	1.375000	G#4	68	80	
5	1.368750	F5	77	79	5	1.500000	F5	77	80	
6	1.655208	C#5	73	77	6	1.750000	C#5	73	80	
7	1.965625	G#4	68	81	7	2.000000	G#4	68	80	
8	2.283333	F#4	66	64	8	2.250000	F#4	66	80	
9	2.405208	F4	65	66	9	2.375000	F4	65	80	
10	2.545833	F#4	66	79	10	2.500000	F#4	66	80	
11	2.836458	Eb5	75	77	11	2.750000	Eb5	75	80	
12	3.133333	F4	65	75	12	3.000000	F4	65	80	
13	3.427083	C#5	73	73	13	3.250000	C#5	73	80	
14	3.723958	Eb4	63	72	14	3.500000	Eb4	63	80	
15	4.020833	C5	72	70	15	3.750000	C5	72	80	
16	4.312500	C#4	61	75	16	4.000000	C#4	61	80	
17	4.618750	C#5	73	66	17	4.250000	C#5	73	80	
18	4.748958	C5	72	59	18	4.375000	C5	72	80	
19	4.890625	C#5	73	63	19	4.500000	C#5	73	80	
20	5.018750	Eb5	75	67	20	4.625000	Eb5	75	80	
21	5.159375	C#4	61	63	22	4.750000	C#4	61	80	
22	5.167708	F5	77	62	21	4.750000	F5	77	80	
23	5.300000	F#5	78	61	23	4.875000	F#5	78	80	
24	5.454167	F4	65	65	25	5.000000	F4	65	80	
25	5.454167	G#5	80	63	24	5.000000	G#5	80	80	
26	5.585417	G5	79	71	26	5.125000	G5	79	80	
27	5.590625	Eb4	63	75	27	5.125000	Eb4	63	80	
28	5.718750	C#4	61	71	29	5.250000	C#4	61	80	
29	5.725000	F5	77	69	28	5.250000	F5	77	80	
30	5.848958	G5	79	77	30	5.375000	G5	79	80	
31	5.850000	Eb4	63	76	31	5.375000	Eb4	63	80	
32	5.989583	G#5	80	80	32	5.500000	G#5	80	80	
33	5.995833	C5	72	57	33	5.500000	C5	72	80	
34	6.121875	F#5	78	79	34	5.625000	F#5	78	80	
35	6.245833	F5	77	72	35	5.750000	F5	77	80	
36	6.255208	G#4	68	68	36	5.750000	G#4	68	80	
37	6.381250	Eb5	75	73	37	5.875000	Eb5	75	80	
38	6.523958	Eb4	63	75	39	6.000000	Eb4	63	80	
39	6.527083	F5	77	74	38	6.000000	F5	77	80	
40	6.823958	C#4	61	61	40	6.250000	C#4	61	80	
41	6.948958	C4	60	61	41	6.375000	C4	60	80	
42	7.084375	C#4	61	80	42	6.500000	C#4	61	80	
43	7.236458	Eb5	75	66	43	6.625000	Eb5	75	80	
44	7.362500	Bb4	70	67	45	6.750000	Bb4	70	80	
45	7.375000	C#5	73	69	44	6.750000	C#5	73	80	
46	7.511458	F5	77	70	46	6.875000	F5	77	80	
47	7.642708	C4	60	65	48	7.000000	C4	60	80	
48	7.648958	Eb5	75	77	47	7.000000	Eb5	75	80	
49	7.766667	C#5	73	76	49	7.125000	C#5	73	80	
50	7.903125	C5	72	72	50	7.250000	C5	72	80	
51	7.916667	G#4	68	60	51	7.250000	G#4	68	80	
52	8.034375	Eb5	75	74	52	7.375000	Eb5	75	80	
53	8.172917	Bb3	58	56	54	7.500000	Bb3	58	80	
54	8.173958	C#5	73	68	53	7.500000	C#5	73	80	
55	8.293750	C5	72	74	55	7.625000	C5	72	80	
56	8.428125	G4	67	53	57	7.750000	G4	67	80	
57	8.436458	C#5	73	71	56	7.750000	C#5	73	80	
58	8.559375	Bb4	70	73	58	7.875000	Bb4	70	80	
59	8.684375	Bb4	70	78	59	8.000000	Bb4	70	80	
60	8.685417	G#3	56	61	60	8.000000	G#3	56	80	
61	8.823958	C5	72	70	61	8.125000	C5	72	80	
62	8.961458	G#4	68	68	63	8.250000	G#4	68	80	
63	8.961458	Eb5	75	77	62	8.250000	Eb5	75	80	
64	9.086458	G4	67	65	64	8.375000	G4	67	80	
65	9.222917	F#5	78	86	65	8.500000	F#5	78	80	
66	9.231250	G#4	68	74	66	8.500000	G#4	68	80	
67	9.364583	Bb4	70	62	67	8.625000	Bb4	70	80	
68	9.498958	C5	72	65	68	8.750000	C5	72	80	
69	9.509375	G#3	56	76	69	8.750000	G#3	56	80	
70	9.638542	G#4	68	61	70	8.875000	G#4	68	80	
71	9.796875	C#5	73	66	71	9.000000	C#5	73	80	
72	9.797917	Bb3	58	79	72	9.000000	Bb3	58	80	
73	9.934375	C5	72	62	73	9.125000	C5	72	80	
74	9.936458	G#3	56	75	74	9.125000	G#3	56	80	
75	10.068750	Bb4	70	69	75	9.250000	Bb4	70	80	
76	10.073958	F#3	54	70	76	9.250000	F#3	54	80	
77	10.198958	C5	72	71	77	9.375000	C5	72	80	
78	10.206250	G#3	56	78	78	9.375000	G#3	56	80	
79	10.337500	F4	65	74	81	9.500000	F4	65	80	
80	10.347917	C#5	73	80	80	9.500000	C#5	73	80	
81	10.347917	F5	77	82	79	9.500000	F5	77	80	
82	10.480208	C5	72	67	82	9.625000	C5	72	80	
83	10.621875	C#4	61	71	84	9.750000	C#4	61	80	
84	10.623958	Bb4	70	74	83	9.750000	Bb4	70	80	
85	10.767708	G#4	68	71	85	9.875000	G#4	68	80	
86	10.918750	G#3	56	84	87	10.000000	G#3	56	80	
87	10.929167	Bb4	70	79	86	10.000000	Bb4	70	80	
88	11.218750	F#3	54	66	88	10.250000	F#3	54	80	
89	11.348958	F3	53	66	89	10.375000	F3	53	80	
90	11.485417	F#3	54	74	91	10.500000	F#3	54	80	
91	11.487500	Eb5	75	84	90	10.500000	Eb5	75	80	
92	11.636458	G#4	68	67	92	10.625000	G#4	68	80	
93	11.777083	F#4	66	65	93	10.750000	F#4	66	80	
94	11.782292	Eb4	63	60	94	10.750000	Eb4	63	80	
95	11.908333	Bb4	70	62	95	10.875000	Bb4	70	80	
96	12.052083	G#4	68	66	96	11.000000	G#4	68	80	
97	12.063542	F3	53	41	97	11.000000	F3	53	80	
98	12.180208	F#4	66	61	98	11.125000	F#4	66	80	
99	12.309375	C#4	61	47	101	11.250000	C#4	61	80	
100	12.316667	C#5	73	66	99	11.250000	C#5	73	80	
101	12.335417	F4	65	57	100	11.250000	F4	65	80	
102	12.457292	G#4	68	67	102	11.375000	G#4	68	80	
103	12.582292	F#4	66	63	104	11.500000	F#4	66	80	
104	12.591667	Eb3	51	47	105	11.500000	Eb3	51	80	
105	12.592708	C5	72	74	103	11.500000	C5	72	80	
106	12.721875	F4	65	63	106	11.625000	F4	65	80	
107	12.853125	Eb5	75	74	107	11.750000	Eb5	75	80	
108	12.857292	F#4	66	62	108	11.750000	F#4	66	80	
109	12.864583	C4	60	30	109	11.750000	C4	60	80	
110	12.992708	Eb4	63	62	110	11.875000	Eb4	63	80	
111	13.133333	C#3	49	50	112	12.000000	C#3	49	80	
112	13.133333	F4	65	52	111	12.000000	F4	65	80	
113	13.423958	G#4	68	58	113	12.250000	G#4	68	80	
114	13.435417	C#4	61	57	114	12.250000	C#4	61	80	
115	13.579167	C4	60	52	115	12.375000	C4	60	80	
116	13.698958	F5	77	73	116	12.500000	F5	77	80	
117	13.719792	C#4	61	58	117	12.500000	C#4	61	80	
118	13.841667	Eb4	63	65	118	12.625000	Eb4	63	80	
119	13.979167	F4	65	59	120	12.750000	F4	65	80	
120	13.980208	G#4	68	72	119	12.750000	G#4	68	80	
121	14.117708	C#4	61	64	121	12.875000	C#4	61	80	
122	14.244792	Bb3	58	55	123	13.000000	Bb3	58	80	
123	14.247917	C#5	73	68	122	13.000000	C#5	73	80	
124	14.385417	C4	60	63	124	13.125000	C4	60	80	
125	14.514583	F5	77	80	125	13.250000	F5	77	80	
126	14.523958	C#4	61	65	126	13.250000	C#4	61	80	
127	14.645833	C#5	73	82	127	13.375000	C#5	73	80	
128	14.654167	Bb3	58	64	128	13.375000	Bb3	58	80	
129	14.788542	Bb4	70	79	129	13.500000	Bb4	70	80	
130	14.807292	G3	55	54	130	13.500000	G3	55	80	
131	14.934375	G#3	56	61	131	13.625000	G#3	56	80	
132	15.047917	Bb3	58	63	133	13.750000	Bb3	58	80	
133	15.053125	C#5	73	73	132	13.750000	C#5	73	80	
134	15.184375	Bb4	70	70	134	13.875000	Bb4	70	80	
135	15.203125	G3	55	52	135	13.875000	G3	55	80	
136	15.323958	Eb4	63	60	136	14.000000	Eb4	63	80	
137	15.333333	C3	48	49	137	14.000000	C3	48	80	
138	15.615625	Bb4	70	66	138	14.250000	Bb4	70	80	
139	15.627083	C4	60	48	139	14.250000	C4	60	80	
140	15.756250	Bb3	58	55	140	14.375000	Bb3	58	80	
141	15.898958	Eb5	75	80	141	14.500000	Eb5	75	80	
142	15.909375	C4	60	53	142	14.500000	C4	60	80	
143	16.041667	C#4	61	57	143	14.625000	C#4	61	80	
144	16.169792	G4	67	59	144	14.750000	G4	67	80	
145	16.170833	Eb4	63	44	145	14.750000	Eb4	63	80	
146	16.320833	C4	60	55	146	14.875000	C4	60	80	
147	16.452083	G#3	56	55	148	15.000000	G#3	56	80	
148	16.464583	C5	72	69	147	15.000000	C5	72	80	
149	16.595833	Bb3	58	61	149	15.125000	Bb3	58	80	
150	16.730208	Eb5	75	80	150	15.250000	Eb5	75	80	
151	16.742708	C4	60	60	151	15.250000	C4	60	80	
152	16.866667	G#3	56	69	153	15.375000	G#3	56	80	
153	16.870833	C5	72	80	152	15.375000	C5	72	80	
154	16.995833	G#4	68	79	154	15.500000	G#4	68	80	
155	17.007292	F3	53	62	155	15.500000	F3	53	80	
156	17.133333	G3	55	69	156	15.625000	G3	55	80	
157	17.259375	G#3	56	65	158	15.750000	G#3	56	80	
158	17.264583	C5	72	72	157	15.750000	C5	72	80	
159	17.397917	G#4	68	77	159	15.875000	G#4	68	80	
160	17.402083	F3	53	60	160	15.875000	F3	53	80	
161	17.534375	C#4	61	66	161	16.000000	C#4	61	80	
162	17.550000	Bb2	46	56	162	16.000000	Bb2	46	80	
163	17.827083	G#4	68	63	163	16.250000	G#4	68	80	
164	17.836458	Bb3	58	55	164	16.250000	Bb3	58	80	
165	17.961458	G#3	56	61	165	16.375000	G#3	56	80	
166	18.102083	Bb3	58	54	167	16.500000	Bb3	58	80	
167	18.114583	C#5	73	73	166	16.500000	C#5	73	80	
168	18.225000	C4	60	57	168	16.625000	C4	60	80	
169	18.370833	C#4	61	62	170	16.750000	C#4	61	80	
170	18.398958	F4	65	57	169	16.750000	F4	65	80	
171	18.509375	Bb3	58	54	171	16.875000	Bb3	58	80	
172	18.660417	Bb4	70	70	172	17.000000	Bb4	70	80	
173	18.673958	G3	55	49	173	17.000000	G3	55	80	
174	18.795833	C5	72	81	174	17.125000	C5	72	80	
175	18.805208	G#3	56	68	175	17.125000	G#3	56	80	
176	18.928125	Bb3	58	71	177	17.250000	Bb3	58	80	
177	18.936458	C#5	73	89	176	17.250000	C#5	73	80	
178	19.061458	G3	55	68	179	17.375000	G3	55	80	
179	19.062500	Bb4	70	94	178	17.375000	Bb4	70	80	
180	19.190625	Eb3	51	60	181	17.500000	Eb3	51	80	
181	19.200000	Bb5	82	95	180	17.500000	Bb5	82	80	
182	19.336458	F3	53	65	183	17.625000	F3	53	80	
183	19.340625	C#5	73	80	182	17.625000	C#5	73	80	
184	19.478125	Eb5	75	70	184	17.750000	Eb5	75	80	
185	19.482292	G3	55	59	185	17.750000	G3	55	80	
186	19.592708	Eb3	51	60	187	17.875000	Eb3	51	80	
187	19.608333	Bb4	70	72	186	17.875000	Bb4	70	80	
188	19.753125	G#2	44	55	189	18.000000	G#2	44	80	
189	19.760417	C5	72	70	188	18.000000	C5	72	80	
190	19.901042	G#5	80	68	190	18.125000	G#5	80	80	
191	20.007292	G#3	56	66	192	18.250000	G#3	56	80	
192	20.034375	G5	79	80	191	18.250000	G5	79	80	
193	20.161458	Bb5	82	85	193	18.375000	Bb5	82	80	
194	20.166667	Bb3	58	62	194	18.375000	Bb3	58	80	
195	20.290625	C4	60	60	196	18.500000	C4	60	80	
196	20.295833	G#5	80	86	195	18.500000	G#5	80	80	
197	20.423958	Eb5	75	79	197	18.625000	Eb5	75	80	
198	20.562500	F5	77	80	198	18.750000	F5	77	80	
199	20.573958	G#4	68	84	199	18.750000	G#4	68	80	
200	20.586458	G#3	56	68	200	18.750000	G#3	56	80	
201	20.702083	F#5	78	82	201	18.875000	F#5	78	80	
202	20.841667	C#4	61	59	203	19.000000	C#4	61	80	
203	20.860417	F5	77	71	202	19.000000	F5	77	80	
204	20.982292	Eb5	75	82	204	19.125000	Eb5	75	80	
205	20.998958	G4	67	53	205	19.125000	G4	67	80	
206	21.115625	F4	65	59	207	19.250000	F4	65	80	
207	21.117708	C#5	73	82	206	19.250000	C#5	73	80	
208	21.238542	Eb5	75	86	208	19.375000	Eb5	75	80	
209	21.245833	G4	67	71	209	19.375000	G4	67	80	
210	21.383333	C6	84	91	210	19.500000	C6	84	80	
211	21.385417	G#4	68	66	211	19.500000	G#4	68	80	
212	21.401042	C4	60	54	212	19.500000	C4	60	80	
213	21.516667	F#4	66	67	213	19.625000	F#4	66	80	
214	21.654167	G#5	80	91	214	19.750000	G#5	80	80	
215	21.665625	F4	65	61	215	19.750000	F4	65	80	
216	21.795833	Eb4	63	70	216	19.875000	Eb4	63	80	
217	21.934375	Eb5	75	91	217	20.000000	Eb5	75	80	
218	21.939583	F4	65	53	218	20.000000	F4	65	80	
219	21.958333	Bb3	58	54	219	20.000000	Bb3	58	80	
220	22.234375	G#3	56	63	221	20.250000	G#3	56	80	
221	22.241667	C#5	73	77	220	20.250000	C#5	73	80	
222	22.369792	C5	72	79	222	20.375000	C5	72	80	
223	22.510417	G3	55	55	224	20.500000	G3	55	80	
224	22.512500	C#5	73	77	223	20.500000	C#5	73	80	
225	22.644792	Eb4	63	63	225	20.625000	Eb4	63	80	
226	22.785417	Bb5	82	86	226	20.750000	Bb5	82	80	
227	22.806250	C#4	61	50	227	20.750000	C#4	61	80	
228	22.935417	F4	65	66	228	20.875000	F4	65	80	
229	23.059375	C5	72	80	229	21.000000	C5	72	80	
230	23.076042	Eb4	63	64	230	21.000000	Eb4	63	80	
231	23.100000	G#3	56	53	231	21.000000	G#3	56	80	
232	23.214583	C#4	61	64	232	21.125000	C#4	61	80	
233	23.350000	C4	60	62	234	21.250000	C4	60	80	
234	23.352083	G#5	80	80	233	21.250000	G#5	80	80	
235	23.482292	Eb4	63	70	235	21.375000	Eb4	63	80	
236	23.616667	Bb4	70	69	236	21.500000	Bb4	70	80	
237	23.623958	C#4	61	59	237	21.500000	C#4	61	80	
238	23.625000	Eb3	51	51	238	21.500000	Eb3	51	80	
239	23.817708	D4	62	22	*	-1	*	-1	-1	
240	23.818750	C4	60	25	239	21.625000	C4	60	80	
241	23.890625	C#4	61	59	241	21.750000	C#4	61	80	
242	23.897917	G5	79	73	240	21.750000	G5	79	80	
243	24.044792	Bb3	58	60	242	21.875000	Bb3	58	80	
244	24.181250	G#3	56	53	245	22.000000	G#3	56	80	
245	24.185417	G#4	68	62	243	22.000000	G#4	68	80	
246	24.209375	C4	60	42	244	22.000000	C4	60	80	
247	24.315625	Bb4	70	72	246	22.125000	Bb4	70	80	
248	24.457292	Eb4	63	58	248	22.250000	Eb4	63	80	
249	24.459375	C5	72	68	247	22.250000	C5	72	80	
250	24.595833	C#5	73	64	249	22.375000	C#5	73	80	
251	24.734375	C5	72	60	250	22.500000	C5	72	80	
252	24.743750	G#4	68	56	251	22.500000	G#4	68	80	
253	24.869792	Bb4	70	70	252	22.625000	Bb4	70	80	
254	25.012500	G#4	68	73	253	22.750000	G#4	68	80	
255	25.018750	Eb4	63	58	254	22.750000	Eb4	63	80	
256	25.131250	C5	72	74	255	22.875000	C5	72	80	
257	25.152083	C4	60	53	256	22.875000	C4	60	80	
258	25.279167	F5	77	69	257	23.000000	F5	77	80	
259	25.295833	G#3	56	55	258	23.000000	G#3	56	80	
260	25.420833	Eb5	75	78	259	23.125000	Eb5	75	80	
261	25.550000	D5	74	80	260	23.250000	D5	74	80	
262	25.562500	B3	59	64	261	23.250000	B3	59	80	
263	25.678125	F5	77	88	262	23.375000	F5	77	80	
264	25.688542	G#3	56	68	263	23.375000	G#3	56	80	
265	25.822917	F3	53	63	265	23.500000	F3	53	80	
266	25.822917	G#5	80	92	264	23.500000	G#5	80	80	
267	25.953125	F#5	78	89	266	23.625000	F#5	78	80	
268	26.062500	G#3	56	68	268	23.750000	G#3	56	80	
269	26.071875	F5	77	86	267	23.750000	F5	77	80	
270	26.206250	G#5	80	84	269	23.875000	G#5	80	80	
271	26.225000	F3	53	51	270	23.875000	F3	53	80	
272	26.364583	D3	50	56	272	24.000000	D3	50	80	
273	26.364583	G#5	80	78	271	24.000000	G#5	80	80	
274	26.420833	Bb5	82	78	273	24.062500	Bb5	82	80	
275	26.477083	B5	83	80	274	24.125000	B5	83	80	
276	26.670833	F3	53	55	276	24.250000	F3	53	80	
277	26.676042	Bb5	82	78	275	24.250000	Bb5	82	80	
278	26.804167	G#3	56	64	278	24.375000	G#3	56	80	
279	26.812500	G#5	80	87	277	24.375000	G#5	80	80	
280	26.948958	B3	59	64	280	24.500000	B3	59	80	
281	26.950000	F#5	78	77	279	24.500000	F#5	78	80	
282	27.073958	F5	77	76	281	24.625000	F5	77	80	
283	27.206250	F3	53	44	283	24.750000	F3	53	80	
284	27.230208	Eb5	75	74	282	24.750000	Eb5	75	80	
285	27.353125	D5	74	62	284	24.875000	D5	74	80	
286	27.471875	F#3	54	52	287	25.000000	F#3	54	80	
287	27.485417	Bb3	58	48	286	25.000000	Bb3	58	80	
288	27.496875	Eb5	75	69	285	25.000000	Eb5	75	80	
289	27.626042	F#5	78	72	288	25.125000	F#5	78	80	
290	27.761458	G#3	56	55	291	25.250000	G#3	56	80	
291	27.764583	F5	77	70	289	25.250000	F5	77	80	
292	27.778125	B3	59	38	290	25.250000	B3	59	80	
293	27.884375	Eb5	75	81	292	25.375000	Eb5	75	80	
294	28.018750	D5	74	69	293	25.500000	D5	74	80	
295	28.044792	Bb3	58	39	294	25.500000	Bb3	58	80	
296	28.150000	F5	77	64	296	25.625000	F5	77	80	
297	28.291667	Bb4	70	69	297	25.750000	Bb4	70	80	
298	28.302083	D3	50	50	298	25.750000	D3	50	80	
299	28.318750	Bb2	46	42	299	25.750000	Bb2	46	80	
300	28.425000	G#4	68	64	300	25.875000	G#4	68	80	
301	28.569792	F#4	66	58	301	26.000000	F#4	66	80	
302	28.579167	Eb3	51	44	302	26.000000	Eb3	51	80	
303	28.585417	Eb2	39	52	303	26.000000	Eb2	39	80	
304	28.706250	F4	65	58	304	26.125000	F4	65	80	
305	28.843750	Eb4	63	57	305	26.250000	Eb4	63	80	
306	28.970833	D4	62	56	306	26.375000	D4	62	80	
307	29.108333	Eb4	63	65	307	26.500000	Eb4	63	80	
308	29.254167	F4	65	34	308	26.625000	F4	65	80	
309	29.383333	F#4	66	61	309	26.750000	F#4	66	80	
310	29.400000	Eb3	51	64	310	26.750000	Eb3	51	80	
311	29.534375	G#4	68	59	311	26.875000	G#4	68	80	
312	29.682292	F#3	54	71	313	27.000000	F#3	54	80	
313	29.689583	Bb4	70	68	312	27.000000	Bb4	70	80	
314	29.814583	F3	53	68	315	27.125000	F3	53	80	
315	29.819792	G#4	68	75	314	27.125000	G#4	68	80	
316	29.948958	Eb3	51	67	317	27.250000	Eb3	51	80	
317	29.962500	F#4	66	76	316	27.250000	F#4	66	80	
318	30.079167	F3	53	73	319	27.375000	F3	53	80	
319	30.085417	G#4	68	83	318	27.375000	G#4	68	80	
320	30.225000	Bb4	70	80	320	27.500000	Bb4	70	80	
321	30.226042	C#4	61	77	321	27.500000	C#4	61	80	
322	30.353125	G#4	68	75	322	27.625000	G#4	68	80	
323	30.493750	F#4	66	75	323	27.750000	F#4	66	80	
324	30.497917	Bb3	58	71	324	27.750000	Bb3	58	80	
325	30.630208	F4	65	69	325	27.875000	F4	65	80	
326	30.790625	F3	53	72	327	28.000000	F3	53	80	
327	30.790625	F#4	66	76	326	28.000000	F#4	66	80	
328	31.086458	Eb3	51	69	328	28.250000	Eb3	51	80	
329	31.228125	C#3	49	66	329	28.375000	C#3	49	80	
330	31.360417	Eb3	51	66	330	28.500000	Eb3	51	80	
331	31.493750	F4	65	62	331	28.625000	F4	65	80	
332	31.631250	Eb4	63	67	332	28.750000	Eb4	63	80	
333	31.634375	C4	60	60	333	28.750000	C4	60	80	
334	31.756250	F#4	66	70	334	28.875000	F#4	66	80	
335	31.896875	C#3	49	64	336	29.000000	C#3	49	80	
336	31.902083	F4	65	67	335	29.000000	F4	65	80	
337	32.040625	Eb4	63	65	337	29.125000	Eb4	63	80	
338	32.176042	Bb3	58	53	339	29.250000	Bb3	58	80	
339	32.177083	C#4	61	63	338	29.250000	C#4	61	80	
340	32.303125	F4	65	66	340	29.375000	F4	65	80	
341	32.450000	Eb4	63	62	341	29.500000	Eb4	63	80	
342	32.465625	C3	48	48	342	29.500000	C3	48	80	
343	32.579167	C#4	61	63	343	29.625000	C#4	61	80	
344	32.729167	Eb4	63	60	344	29.750000	Eb4	63	80	
345	32.735417	A3	57	50	345	29.750000	A3	57	80	
346	32.851042	C4	60	56	346	29.875000	C4	60	80	
347	33.002083	C#4	61	56	347	30.000000	C#4	61	80	
348	33.008333	Bb2	46	39	348	30.000000	Bb2	46	80	
349	33.150000	F4	65	54	349	30.125000	F4	65	80	
350	33.290625	F#4	66	60	350	30.250000	F#4	66	80	
351	33.295833	Bb3	58	57	351	30.250000	Bb3	58	80	
352	33.423958	A3	57	51	353	30.375000	A3	57	80	
353	33.426042	F4	65	66	352	30.375000	F4	65	80	
354	33.563542	Bb3	58	59	355	30.500000	Bb3	58	80	
355	33.565625	C#5	73	75	354	30.500000	C#5	73	80	
356	33.688542	C4	60	65	356	30.625000	C4	60	80	
357	33.837500	F4	65	60	357	30.750000	F4	65	80	
358	33.845833	C#4	61	63	358	30.750000	C#4	61	80	
359	33.973958	Bb3	58	61	359	30.875000	Bb3	58	80	
360	34.100000	Bb4	70	75	360	31.000000	Bb4	70	80	
361	34.126042	G3	55	49	361	31.000000	G3	55	80	
362	34.230208	C5	72	76	362	31.125000	C5	72	80	
363	34.260417	G#3	56	67	363	31.125000	G#3	56	80	
364	34.364583	C#5	73	83	364	31.250000	C#5	73	80	
365	34.392708	Bb3	58	68	365	31.250000	Bb3	58	80	
366	34.482292	Bb4	70	87	366	31.375000	Bb4	70	80	
367	34.515625	G3	55	65	367	31.375000	G3	55	80	
368	34.633333	Bb5	82	89	368	31.500000	Bb5	82	80	
369	34.643750	Eb3	51	54	369	31.500000	Eb3	51	80	
370	34.777083	F3	53	62	371	31.625000	F3	53	80	
371	34.777083	C#5	73	80	370	31.625000	C#5	73	80	
372	34.907292	Eb5	75	75	372	31.750000	Eb5	75	80	
373	34.925000	G3	55	56	373	31.750000	G3	55	80	
374	35.041667	Bb4	70	72	374	31.875000	Bb4	70	80	
375	35.043750	Eb3	51	54	375	31.875000	Eb3	51	80	
376	35.179167	C5	72	67	376	32.000000	C5	72	80	
377	35.197917	G#2	44	49	377	32.000000	G#2	44	80	
378	35.323958	Eb4	63	60	378	32.125000	Eb4	63	80	
379	35.476042	F4	65	61	379	32.250000	F4	65	80	
380	35.477083	G#3	56	65	380	32.250000	G#3	56	80	
381	35.600000	Eb4	63	72	381	32.375000	Eb4	63	80	
382	35.605208	G3	55	57	382	32.375000	G3	55	80	
383	35.747917	C5	72	78	383	32.500000	C5	72	80	
384	35.750000	G#3	56	64	384	32.500000	G#3	56	80	
385	35.881250	Bb3	58	59	385	32.625000	Bb3	58	80	
386	36.036458	Eb4	63	64	386	32.750000	Eb4	63	80	
387	36.048958	C4	60	58	387	32.750000	C4	60	80	
388	36.171875	G#3	56	65	388	32.875000	G#3	56	80	
389	36.314583	F3	53	53	390	33.000000	F3	53	80	
390	36.314583	G#4	68	69	389	33.000000	G#4	68	80	
391	36.441667	Bb4	70	78	391	33.125000	Bb4	70	80	
392	36.448958	G3	55	62	392	33.125000	G3	55	80	
393	36.572917	G#3	56	69	394	33.250000	G#3	56	80	
394	36.584375	C5	72	85	393	33.250000	C5	72	80	
395	36.712500	F3	53	59	396	33.375000	F3	53	80	
396	36.712500	G#4	68	85	395	33.375000	G#4	68	80	
397	36.843750	C#3	49	58	398	33.500000	C#3	49	80	
398	36.856250	G#5	80	84	397	33.500000	G#5	80	80	
399	36.988542	C5	72	68	399	33.625000	C5	72	80	
400	36.991667	Eb3	51	59	400	33.625000	Eb3	51	80	
401	37.126042	C#5	73	69	401	33.750000	C#5	73	80	
402	37.155208	F3	53	53	402	33.750000	F3	53	80	
403	37.269792	G#4	68	65	403	33.875000	G#4	68	80	
404	37.297917	C#3	49	54	404	33.875000	C#3	49	80	
405	37.412500	G2	43	51	406	34.000000	G2	43	80	
406	37.419792	Bb4	70	68	405	34.000000	Bb4	70	80	
407	37.559375	C#4	61	69	407	34.125000	C#4	61	80	
408	37.706250	Eb4	63	65	408	34.250000	Eb4	63	80	
409	37.721875	G3	55	56	409	34.250000	G3	55	80	
410	37.819792	C#4	61	66	410	34.375000	C#4	61	80	
411	37.854167	F3	53	57	411	34.375000	F3	53	80	
412	37.981250	Bb4	70	77	412	34.500000	Bb4	70	80	
413	37.995833	G3	55	53	413	34.500000	G3	55	80	
414	38.134375	G#3	56	64	414	34.625000	G#3	56	80	
415	38.272917	Bb3	58	57	416	34.750000	Bb3	58	80	
416	38.277083	C#4	61	62	415	34.750000	C#4	61	80	
417	38.400000	G3	55	60	417	34.875000	G3	55	80	
418	38.547917	E3	52	51	419	35.000000	E3	52	80	
419	38.569792	G4	67	59	418	35.000000	G4	67	80	
420	38.673958	F3	53	62	421	35.125000	F3	53	80	
421	38.694792	G#4	68	79	420	35.125000	G#4	68	80	
422	38.818750	G3	55	64	423	35.250000	G3	55	80	
423	38.831250	Bb4	70	74	422	35.250000	Bb4	70	80	
424	38.955208	E3	52	63	425	35.375000	E3	52	80	
425	38.961458	G4	67	62	424	35.375000	G4	67	80	
426	39.106250	G5	79	79	426	35.500000	G5	79	80	
427	39.107292	C3	48	50	427	35.500000	C3	48	80	
428	39.238542	Bb4	70	74	428	35.625000	Bb4	70	80	
429	39.248958	D3	50	58	429	35.625000	D3	50	80	
430	39.372917	C5	72	65	430	35.750000	C5	72	80	
431	39.388542	E3	52	56	431	35.750000	E3	52	80	
432	39.498958	C3	48	52	433	35.875000	C3	48	80	
433	39.526042	G4	67	57	432	35.875000	G4	67	80	
434	39.648958	G#4	68	68	434	36.000000	G#4	68	80	
435	39.656250	F2	41	43	435	36.000000	F2	41	80	
436	39.791667	E5	76	64	436	36.125000	E5	76	80	
437	39.796875	G2	43	61	437	36.125000	G2	43	80	
438	39.917708	G#2	44	65	439	36.250000	G#2	44	80	
439	39.922917	F5	77	77	438	36.250000	F5	77	80	
440	40.047917	C#5	73	81	440	36.375000	C#5	73	80	
441	40.057292	Bb2	46	75	441	36.375000	Bb2	46	80	
442	40.201042	Bb4	70	85	442	36.500000	Bb4	70	80	
443	40.213542	C3	48	71	443	36.500000	C3	48	80	
444	40.314583	D3	50	80	444	36.625000	D3	50	80	
445	40.471875	E3	52	71	446	36.750000	E3	52	80	
446	40.473958	C4	60	73	445	36.750000	C4	60	80	
447	40.608333	C3	48	72	447	36.875000	C3	48	80	
448	40.756250	C#4	61	75	448	37.000000	C#4	61	80	
449	40.759375	F3	53	68	449	37.000000	F3	53	80	
450	40.895833	C4	60	77	450	37.125000	C4	60	80	
451	40.901042	Eb3	51	70	451	37.125000	Eb3	51	80	
452	41.037500	Bb3	58	80	452	37.250000	Bb3	58	80	
453	41.038542	C#3	49	66	453	37.250000	C#3	49	80	
454	41.161458	Eb3	51	72	455	37.375000	Eb3	51	80	
455	41.161458	C4	60	75	454	37.375000	C4	60	80	
456	41.308333	G#4	68	84	456	37.500000	G#4	68	80	
457	41.310417	F3	53	74	458	37.500000	F3	53	80	
458	41.439583	Eb3	51	69	459	37.625000	Eb3	51	80	
459	41.580208	F4	65	68	460	37.750000	F4	65	80	
460	41.592708	C#3	49	71	461	37.750000	C#3	49	80	
461	41.728125	C3	48	68	462	37.875000	C3	48	80	
462	41.893750	C#3	49	81	464	38.000000	C#3	49	80	
463	41.895833	C4	60	74	463	38.000000	C4	60	80	
464	42.215625	Bb3	58	65	465	38.250000	Bb3	58	80	
465	42.342708	G#3	56	73	466	38.375000	G#3	56	80	
466	42.482292	Bb3	58	67	468	38.500000	Bb3	58	80	
467	42.484375	G4	67	81	467	38.500000	G4	67	80	
468	42.607292	C3	48	63	469	38.625000	C3	48	80	
469	42.751042	G4	67	86	470	38.750000	G4	67	80	
470	42.752083	Bb2	46	65	471	38.750000	Bb2	46	80	
471	42.898958	C#3	49	73	472	38.875000	C#3	49	80	
472	43.027083	G#3	56	90	473	39.000000	G#3	56	80	
473	43.034375	C3	48	67	474	39.000000	C3	48	80	
474	43.166667	Bb2	46	71	475	39.125000	Bb2	46	80	
475	43.312500	G#2	44	60	478	39.250000	G#2	44	80	
476	43.318750	F4	65	82	476	39.250000	F4	65	80	
477	43.442708	C3	48	69	479	39.375000	C3	48	80	
478	43.587500	Bb2	46	63	482	39.500000	Bb2	46	80	
479	43.595833	G3	55	75	481	39.500000	G3	55	80	
480	43.598958	E4	64	70	480	39.500000	E4	64	80	
481	43.723958	G#2	44	63	483	39.625000	G#2	44	80	
482	43.877083	Bb2	46	64	486	39.750000	Bb2	46	80	
483	43.880208	G4	67	66	484	39.750000	G4	67	80	
484	43.893750	E4	64	40	485	39.750000	E4	64	80	
485	44.007292	G2	43	61	487	39.875000	G2	43	80	
486	44.171875	C5	72	70	488	40.000000	C5	72	80	
487	44.184375	G#2	44	50	490	40.000000	G#2	44	80	
488	44.212500	F3	53	28	489	40.000000	F3	53	80	
489	44.310417	Bb4	70	78	491	40.125000	Bb4	70	80	
490	44.458333	G#4	68	79	492	40.250000	G#4	68	80	
491	44.476042	C3	48	58	493	40.250000	C#3	49	80	
492	44.591667	C5	72	84	494	40.375000	C5	72	80	
493	44.742708	G2	43	52	496	40.500000	G2	43	80	
494	44.743750	Bb4	70	79	495	40.500000	Bb4	70	80	
495	44.875000	G#4	68	75	497	40.625000	G#4	68	80	
496	45.009375	C3	48	49	500	40.750000	C3	48	80	
497	45.014583	E3	52	46	499	40.750000	E3	52	80	
498	45.015625	G4	67	61	498	40.750000	G4	67	80	
499	45.148958	Bb4	70	68	501	40.875000	Bb4	70	80	
500	45.297917	F2	41	46	504	41.000000	F2	41	80	
501	45.304167	G#4	68	66	502	41.000000	G#4	68	80	
502	45.323958	F3	53	23	503	41.000000	F3	53	80	
503	45.433333	F4	65	62	505	41.125000	F4	65	80	
504	45.558333	E3	52	60	507	41.250000	E3	52	80	
505	45.566667	Bb2	46	55	508	41.250000	Bb2	46	80	
506	45.570833	C#5	73	73	506	41.250000	C#5	73	80	
507	45.696875	Bb4	70	78	509	41.375000	Bb4	70	80	
508	45.835417	C5	72	86	510	41.500000	C5	72	80	
509	45.840625	F3	53	78	511	41.500000	F3	53	80	
510	45.850000	G#2	44	68	512	41.500000	G#2	44	80	
511	45.975000	G#4	68	79	513	41.625000	G#4	68	80	
512	46.118750	F#5	78	83	514	41.750000	F#5	78	80	
513	46.122917	Bb3	58	77	515	41.750000	Bb3	58	80	
514	46.126042	C#3	49	69	516	41.750000	C#3	49	80	
515	46.247917	E5	76	83	517	41.875000	E5	76	80	
516	46.405208	C3	48	44	520	42.000000	C3	48	80	
517	46.405208	E5	76	76	518	42.000000	E5	76	80	
518	46.417708	G#3	56	59	519	42.000000	G#3	56	80	
519	46.539583	F5	77	82	521	42.125000	F5	77	80	
520	46.669792	G3	55	52	523	42.250000	G3	55	80	
521	46.682292	B5	83	77	522	42.250000	B5	83	80	
522	46.803125	F3	53	47	525	42.375000	F3	53	80	
523	46.809375	C6	84	71	524	42.375000	C6	84	80	
524	46.950000	G3	55	53	527	42.500000	G3	55	80	
525	46.969792	F5	77	66	*	-1	*	-1	-1	
526	47.017708	E5	76	70	526	42.500000	E5	76	80	
527	47.077083	F5	77	77	*	-1	*	-1	-1	
528	47.128125	E5	76	78	*	-1	*	-1	-1	
529	47.280208	Bb3	58	58	528	42.750000	Bb3	58	80	
530	47.416667	F5	77	71	529	42.875000	F5	77	80	
531	47.544792	G#3	56	51	531	43.000000	G#3	56	80	
532	47.567708	F5	77	66	530	43.000000	F5	77	80	
533	47.580208	F3	53	42	532	43.000000	F3	53	80	
534	47.686458	Bb3	58	55	533	43.125000	Bb3	58	80	
535	47.841667	C4	60	57	534	43.250000	C4	60	80	
536	47.998958	G#3	56	44	535	43.375000	G#3	56	80	
537	48.142708	F3	53	41	536	43.500000	F3	53	80	
538	48.268750	F#3	54	64	537	43.625000	F#3	54	80	
539	48.403125	F5	77	73	538	43.750000	F5	77	80	
540	48.408333	G#3	56	60	539	43.750000	G#3	56	80	
541	48.526042	F3	53	68	540	43.875000	F3	53	80	
542	48.678125	D3	50	47	542	44.000000	D3	50	80	
543	48.685417	B4	71	61	541	44.000000	B4	71	80	
544	48.804167	Eb3	51	57	544	44.125000	Eb3	51	80	
545	48.815625	Bb4	70	65	543	44.125000	Bb4	70	80	
546	48.943750	F3	53	66	546	44.250000	F3	53	80	
547	48.950000	G#4	68	74	545	44.250000	G#4	68	80	
548	49.088542	Bb4	70	68	547	44.375000	Bb4	70	80	
549	49.100000	C#3	49	39	548	44.375000	D3	50	80	
550	49.220833	F5	77	76	549	44.500000	F5	77	80	
551	49.273958	Bb2	46	57	550	44.500000	Bb2	46	80	
552	49.387500	D3	50	62	551	44.625000	D3	50	80	
553	49.505208	D5	74	65	552	44.750000	D5	74	80	
554	49.519792	F3	53	66	553	44.750000	F3	53	80	
555	49.656250	Bb3	58	59	554	44.875000	Bb3	58	80	
556	49.796875	Eb3	51	45	556	45.000000	Eb3	51	80	
557	49.807292	G#4	68	72	555	45.000000	G#4	68	80	
558	49.913542	F#3	54	66	557	45.125000	F#3	54	80	
559	50.052083	Bb3	58	61	559	45.250000	Bb3	58	80	
560	50.087500	F#4	66	76	558	45.250000	F#4	66	80	
561	50.205208	D4	62	55	561	45.375000	D4	62	80	
562	50.213542	F4	65	66	560	45.375000	F4	65	80	
563	50.356250	F#4	66	65	562	45.500000	F#4	66	80	
564	50.368750	Eb4	63	49	563	45.500000	Eb4	63	80	
565	50.491667	F4	65	57	564	45.625000	F4	65	80	
566	50.631250	Eb5	75	73	565	45.750000	Eb5	75	80	
567	50.642708	F#4	66	61	566	45.750000	F#4	66	80	
568	50.775000	Eb4	63	62	567	45.875000	Eb4	63	80	
569	50.898958	A4	69	79	568	46.000000	A4	69	80	
570	50.908333	C4	60	55	569	46.000000	C4	60	80	
571	51.032292	G#4	68	69	570	46.125000	G#4	68	80	
572	51.039583	C#4	61	63	571	46.125000	C#4	61	80	
573	51.168750	Eb4	63	66	573	46.250000	Eb4	63	80	
574	51.168750	F#4	66	74	572	46.250000	F#4	66	80	
575	51.303125	G#4	68	83	574	46.375000	G#4	68	80	
576	51.313542	C4	60	51	575	46.375000	C4	60	80	
577	51.431250	Eb5	75	84	576	46.500000	Eb5	75	80	
578	51.444792	G#3	56	68	577	46.500000	G#3	56	80	
579	51.566667	G#2	44	52	578	46.625000	G#2	44	80	
580	51.707292	C5	72	73	579	46.750000	C5	72	80	
581	51.712500	Bb2	46	55	580	46.750000	Bb2	46	80	
582	51.846875	C3	48	61	581	46.875000	C3	48	80	
583	51.993750	F#4	66	60	582	47.000000	F#4	66	80	
584	52.003125	C#3	49	66	583	47.000000	C#3	49	80	
585	52.138542	G#3	56	67	584	47.125000	G#3	56	80	
586	52.247917	F4	65	59	585	47.250000	F4	65	80	
587	52.283333	Bb3	58	65	586	47.250000	Bb3	58	80	
588	52.394792	Eb4	63	76	587	47.375000	Eb4	63	80	
589	52.406250	C4	60	69	588	47.375000	C4	60	80	
590	52.533333	F4	65	70	589	47.500000	F4	65	80	
591	52.536458	C#4	61	70	590	47.500000	C#4	61	80	
592	52.660417	G#4	68	77	591	47.625000	G#4	68	80	
593	52.667708	Eb3	51	65	592	47.625000	Eb3	51	80	
594	52.807292	C#5	73	80	593	47.750000	C#5	73	80	
595	52.809375	F3	53	69	594	47.750000	F3	53	80	
596	52.939583	Eb5	75	88	595	47.875000	Eb5	75	80	
597	52.943750	G3	55	74	596	47.875000	G3	55	80	
598	53.071875	G#3	56	80	598	48.000000	G#3	56	80	
599	53.075000	F5	77	89	597	48.000000	F5	77	80	
600	53.207292	Eb5	75	88	599	48.125000	Eb5	75	80	
601	53.211458	G3	55	79	600	48.125000	G3	55	80	
602	53.337500	C#5	73	92	601	48.250000	C#5	73	80	
603	53.341667	F3	53	70	602	48.250000	F3	53	80	
604	53.466667	G3	55	80	604	48.375000	G3	55	80	
605	53.466667	Eb5	75	95	603	48.375000	Eb5	75	80	
606	53.604167	G#3	56	83	607	48.500000	G#3	56	80	
607	53.607292	C5	72	87	606	48.500000	C5	72	80	
608	53.608333	C6	84	94	605	48.500000	C6	84	80	
609	53.735417	G3	55	77	608	48.625000	G3	55	80	
610	53.881250	G#5	80	89	609	48.750000	G#5	80	80	
611	53.887500	F3	53	77	610	48.750000	F3	53	80	
612	54.004167	Eb3	51	73	611	48.875000	Eb3	51	80	
613	54.156250	F3	53	84	613	49.000000	F3	53	80	
614	54.165625	Eb5	75	93	612	49.000000	Eb5	75	80	
615	54.483333	C#5	73	84	614	49.250000	C#5	73	80	
616	54.607292	C5	72	87	615	49.375000	C5	72	80	
617	54.756250	Bb4	70	78	617	49.500000	Bb4	70	80	
618	54.757292	C#5	73	76	616	49.500000	C#5	73	80	
619	54.900000	Eb3	51	68	618	49.625000	Eb3	51	80	
620	55.037500	C#3	49	70	620	49.750000	C#3	49	80	
621	55.037500	Bb5	82	85	619	49.750000	Bb5	82	80	
622	55.178125	F3	53	72	621	49.875000	F3	53	80	
623	55.310417	C5	72	79	622	50.000000	C5	72	80	
624	55.312500	Eb3	51	70	623	50.000000	Eb3	51	80	
625	55.456250	C#3	49	68	624	50.125000	C#3	49	80	
626	55.587500	C3	48	62	627	50.250000	C3	48	80	
627	55.588542	G#5	80	81	625	50.250000	G#5	80	80	
628	55.596875	G#4	68	77	626	50.250000	G#4	68	80	
629	55.730208	Eb3	51	64	628	50.375000	Eb3	51	80	
630	55.857292	G4	67	66	630	50.500000	G4	67	80	
631	55.865625	Bb4	70	67	629	50.500000	Bb4	70	80	
632	55.866667	C#3	49	66	631	50.500000	C#3	49	80	
633	55.989583	C3	48	58	632	50.625000	C3	48	80	
634	56.133333	Bb2	46	63	635	50.750000	Bb2	46	80	
635	56.152083	Bb4	70	65	634	50.750000	Bb4	70	80	
636	56.291667	C#3	49	58	636	50.875000	C#3	49	80	
637	56.419792	G#4	68	58	637	51.000000	G#4	68	80	
638	56.421875	C3	48	52	639	51.000000	C3	48	80	
639	56.423958	Eb4	63	54	638	51.000000	Eb4	63	80	
640	56.566667	Eb4	63	60	640	51.125000	Eb4	63	80	
641	56.681250	Eb3	51	60	642	51.250000	Eb3	51	80	
642	56.686458	F4	65	63	641	51.250000	F4	65	80	
643	56.821875	G4	67	61	643	51.375000	G4	67	80	
644	56.968750	F#3	54	67	645	51.500000	F#3	54	80	
645	56.972917	G#4	68	60	644	51.500000	G#4	68	80	
646	57.103125	Bb4	70	58	646	51.625000	Bb4	70	80	
647	57.243750	G#3	56	76	648	51.750000	G#3	56	80	
648	57.257292	C5	72	65	647	51.750000	C5	72	80	
649	57.391667	G#4	68	71	649	51.875000	G#4	68	80	
650	57.543750	C#5	73	64	650	52.000000	C#5	73	80	
651	57.544792	Bb3	58	70	651	52.000000	Bb3	58	80	
652	57.683333	G#3	56	82	653	52.125000	G#3	56	80	
653	57.683333	C5	72	73	652	52.125000	C5	72	80	
654	57.815625	Bb4	70	84	654	52.250000	Bb4	70	80	
655	57.821875	F#3	54	81	655	52.250000	F#3	54	80	
656	57.946875	C5	72	89	656	52.375000	C5	72	80	
657	57.948958	G#3	56	77	657	52.375000	G#3	56	80	
658	58.081250	F4	65	74	660	52.500000	F4	65	80	
659	58.082292	F3	53	73	659	52.500000	F3	53	80	
660	58.088542	C#5	73	85	658	52.500000	C#5	73	80	
661	58.219792	C5	72	77	661	52.625000	C5	72	80	
662	58.375000	C#4	61	62	663	52.750000	C#4	61	80	
663	58.382292	Bb4	70	81	662	52.750000	Bb4	70	80	
664	58.512500	G#4	68	76	664	52.875000	G#4	68	80	
665	58.655208	G#3	56	70	666	53.000000	G#3	56	80	
666	58.665625	Bb4	70	81	665	53.000000	Bb4	70	80	
667	58.968750	F#3	54	71	667	53.250000	F#3	54	80	
668	59.094792	F3	53	69	668	53.375000	F3	53	80	
669	59.240625	F#3	54	62	669	53.500000	F#3	54	80	
670	59.251042	Eb3	51	54	670	53.500000	Eb3	51	80	
671	59.357292	G#4	68	64	671	53.625000	G#4	68	80	
672	59.503125	F#4	66	65	672	53.750000	F#4	66	80	
673	59.517708	Eb4	63	57	673	53.750000	Eb4	63	80	
674	59.637500	Bb4	70	67	674	53.875000	Bb4	70	80	
675	59.782292	F3	53	50	676	54.000000	F3	53	80	
676	59.791667	G#4	68	68	675	54.000000	G#4	68	80	
677	59.932292	F#4	66	60	677	54.125000	F#4	66	80	
678	60.047917	C#3	49	58	680	54.250000	C#3	49	80	
679	60.059375	C#4	61	45	679	54.250000	C#4	61	80	
680	60.069792	F4	65	58	678	54.250000	F4	65	80	
681	60.207292	G#4	68	65	681	54.375000	G#4	68	80	
682	60.333333	Eb3	51	57	683	54.500000	Eb3	51	80	
683	60.351042	F#4	66	65	682	54.500000	F#4	66	80	
684	60.484375	F4	65	57	685	54.625000	F4	65	80	
685	60.616667	Eb4	63	65	686	54.750000	Eb4	63	80	
686	60.619792	G#2	44	52	688	54.750000	G#2	44	80	
687	60.666667	C4	60	41	687	54.750000	C4	60	80	
688	60.761458	F#4	66	61	689	54.875000	F#4	66	80	
689	60.913542	C#3	49	47	692	55.000000	C#3	49	80	
690	60.913542	C#4	61	53	691	55.000000	C#4	61	80	
691	60.921875	F4	65	42	690	55.000000	F4	65	80	
692	61.050000	Eb3	51	57	693	55.125000	Eb3	51	80	
693	61.184375	G#4	68	77	694	55.250000	G#4	68	80	
694	61.188542	F3	53	62	695	55.250000	F3	53	80	
695	61.325000	F#3	54	69	696	55.375000	F#3	54	80	
696	61.466667	C#5	73	77	697	55.500000	C#5	73	80	
697	61.473958	F3	53	62	698	55.500000	F3	53	80	
698	61.602083	Eb3	51	71	699	55.625000	Eb3	51	80	
699	61.740625	C#3	49	71	701	55.750000	C#3	49	80	
700	61.748958	G#5	80	83	700	55.750000	G#5	80	80	
701	61.871875	F3	53	71	703	55.875000	F3	53	80	
702	61.873958	F5	77	84	702	55.875000	F5	77	80	
703	62.016667	Bb3	58	72	705	56.000000	Bb3	58	80	
704	62.019792	C#5	73	84	704	56.000000	C#5	73	80	
705	62.139583	G#3	56	76	706	56.125000	G#3	56	80	
706	62.275000	G3	55	75	708	56.250000	G3	55	80	
707	62.293750	E5	76	82	707	56.250000	E5	76	80	
708	62.412500	Bb3	58	78	710	56.375000	Bb3	58	80	
709	62.431250	C#5	73	89	709	56.375000	C#5	73	80	
710	62.564583	C#4	61	81	712	56.500000	C#4	61	80	
711	62.564583	Bb4	70	91	711	56.500000	Bb4	70	80	
712	62.697917	B3	59	81	713	56.625000	B3	59	80	
713	62.828125	Bb3	58	79	715	56.750000	Bb3	58	80	
714	62.844792	C#5	73	85	714	56.750000	C#5	73	80	
715	62.971875	C#4	61	76	717	56.875000	C#4	61	80	
716	62.976042	Bb4	70	92	716	56.875000	Bb4	70	80	
717	63.121875	E4	64	74	719	57.000000	E4	64	80	
718	63.129167	G4	67	81	718	57.000000	G4	67	80	
719	63.441667	Bb4	70	89	720	57.250000	Bb4	70	80	
720	63.443750	Eb4	63	76	721	57.250000	Eb4	63	80	
721	63.570833	C#4	61	74	723	57.375000	C#4	61	80	
722	63.570833	C#5	73	93	722	57.375000	C#5	73	80	
723	63.707292	B3	59	70	725	57.500000	B3	59	80	
724	63.709375	E5	76	86	724	57.500000	E5	76	80	
725	63.851042	Bb3	58	68	726	57.625000	Bb3	58	80	
726	63.982292	G#3	56	70	728	57.750000	G#3	56	80	
727	63.995833	C#5	73	66	727	57.750000	C#5	73	80	
728	64.122917	G3	55	62	729	57.875000	G3	55	80	
729	64.264583	Eb5	75	86	730	58.000000	Eb5	75	80	
730	64.265625	B4	71	85	731	58.000000	B4	71	80	
731	64.272917	G#3	56	71	732	58.000000	G#3	56	80	
732	64.407292	B3	59	70	733	58.125000	B3	59	80	
733	64.560417	Bb3	58	70	735	58.250000	Bb3	58	80	
734	64.566667	G#5	80	68	734	58.250000	G#5	80	80	
735	64.694792	G#3	56	67	736	58.375000	G#3	56	80	
736	64.837500	Bb4	70	77	738	58.500000	Bb4	70	80	
737	64.841667	G3	55	64	739	58.500000	G3	55	80	
738	64.847917	C#5	73	71	737	58.500000	C#5	73	80	
739	64.972917	F3	53	68	740	58.625000	F3	53	80	
740	65.106250	Eb3	51	63	742	58.750000	Eb3	51	80	
741	65.130208	G5	79	67	741	58.750000	G5	79	80	
742	65.240625	C#3	49	65	743	58.875000	C#3	49	80	
743	65.394792	G#4	68	72	744	59.000000	G#4	68	80	
744	65.396875	B2	47	60	746	59.000000	B2	47	80	
745	65.534375	C#3	49	73	747	59.125000	C#3	49	80	
746	65.681250	Eb3	51	66	749	59.250000	Eb3	51	80	
747	65.689583	G#5	80	77	748	59.250000	G#5	80	80	
748	65.811458	G5	79	87	750	59.375000	G5	79	80	
749	65.819792	B2	47	72	751	59.375000	B2	47	80	
750	65.952083	G#5	80	90	752	59.500000	G#5	80	80	
751	65.961458	G#2	44	66	753	59.500000	G#2	44	80	
752	66.085417	Bb5	82	92	754	59.625000	Bb5	82	80	
753	66.220833	B5	83	84	755	59.750000	B5	83	80	
754	66.229167	G#3	56	73	756	59.750000	G#3	56	80	
755	66.348958	F3	53	70	758	59.875000	F3	53	80	
756	66.354167	G#5	80	94	757	59.875000	G#5	80	80	
757	66.493750	C#3	49	71	760	60.000000	C#3	49	80	
758	66.494792	F5	77	78	759	60.000000	F5	77	80	
759	66.633333	F#5	78	85	761	60.125000	F#5	78	80	
760	66.769792	G#5	80	85	762	60.250000	G#5	80	80	
761	66.780208	B3	59	65	763	60.250000	B3	59	80	
762	66.898958	F5	77	77	764	60.375000	F5	77	80	
763	66.907292	G#3	56	73	765	60.375000	G#3	56	80	
764	67.040625	C#5	73	75	766	60.500000	C#5	73	80	
765	67.044792	F3	53	64	767	60.500000	F3	53	80	
766	67.171875	Eb5	75	80	768	60.625000	Eb5	75	80	
767	67.308333	C#3	49	67	770	60.750000	C#3	49	80	
768	67.317708	F5	77	70	769	60.750000	F5	77	80	
769	67.438542	C#5	73	72	771	60.875000	C#5	73	80	
770	67.447917	Bb2	46	59	772	60.875000	Bb2	46	80	
771	67.576042	F#2	42	66	774	61.000000	F#2	42	80	
772	67.579167	Bb4	70	69	773	61.000000	Bb4	70	80	
773	67.703125	C5	72	68	775	61.125000	C5	72	80	
774	67.844792	Bb3	58	62	777	61.250000	Bb3	58	80	
775	67.856250	C#5	73	73	776	61.250000	C#5	73	80	
776	67.977083	F#3	54	66	779	61.375000	F#3	54	80	
777	67.992708	Bb4	70	76	778	61.375000	Bb4	70	80	
778	68.106250	Eb3	51	51	781	61.500000	Eb3	51	80	
779	68.137500	F#5	78	76	780	61.500000	F#5	78	80	
780	68.272917	G#5	80	88	782	61.625000	G#5	80	80	
781	68.398958	Bb5	82	92	783	61.750000	Bb5	82	80	
782	68.413542	F#3	54	66	784	61.750000	F#3	54	80	
783	68.529167	F#5	78	84	785	61.875000	F#5	78	80	
784	68.537500	Eb3	51	65	786	61.875000	Eb3	51	80	
785	68.668750	C3	48	59	788	62.000000	C3	48	80	
786	68.675000	Eb5	75	88	787	62.000000	Eb5	75	80	
787	68.689583	Bb5	82	52	*	-1	*	-1	-1	
788	68.810417	F5	77	77	789	62.125000	F5	77	80	
789	68.950000	F#5	78	86	790	62.250000	F#5	78	80	
790	68.951042	Bb3	58	56	791	62.250000	Bb3	58	80	
791	69.067708	Eb5	75	80	792	62.375000	Eb5	75	80	
792	69.082292	F#3	54	64	793	62.375000	F#3	54	80	
793	69.212500	Eb3	51	60	795	62.500000	Eb3	51	80	
794	69.218750	C5	72	73	794	62.500000	C5	72	80	
795	69.356250	C#5	73	77	796	62.625000	C#5	73	80	
796	69.493750	C3	48	49	798	62.750000	C3	48	80	
797	69.494792	Eb5	75	77	797	62.750000	Eb5	75	80	
798	69.617708	G#2	44	57	800	62.875000	G#2	44	80	
799	69.620833	C5	72	66	799	62.875000	C5	72	80	
800	69.759375	F2	41	46	802	63.000000	F2	41	80	
801	69.763542	G#4	68	68	801	63.000000	G#4	68	80	
802	69.879167	Bb4	70	70	803	63.125000	Bb4	70	80	
803	70.017708	C5	72	65	804	63.250000	C5	72	80	
804	70.019792	G#3	56	61	805	63.250000	G#3	56	80	
805	70.155208	F3	53	58	807	63.375000	F3	53	80	
806	70.155208	G#4	68	68	806	63.375000	G#4	68	80	
807	70.282292	D3	50	56	809	63.500000	D3	50	80	
808	70.309375	F5	77	70	808	63.500000	F5	77	80	
809	70.436458	F#5	78	73	810	63.625000	F#5	78	80	
810	70.547917	F3	53	66	812	63.750000	F3	53	80	
811	70.576042	G#5	80	80	811	63.750000	G#5	80	80	
812	70.684375	D3	50	59	814	63.875000	D3	50	80	
813	70.701042	F5	77	77	813	63.875000	F5	77	80	
814	70.822917	Bb2	46	62	816	64.000000	Bb2	46	80	
815	70.836458	D5	74	76	815	64.000000	D5	74	80	
816	70.968750	Eb5	75	77	817	64.125000	Eb5	75	80	
817	71.103125	F5	77	73	818	64.250000	F5	77	80	
818	71.116667	G#3	56	63	819	64.250000	G#3	56	80	
819	71.232292	D5	74	69	820	64.375000	D5	74	80	
820	71.241667	F3	53	63	821	64.375000	F3	53	80	
821	71.376042	Bb4	70	73	822	64.500000	Bb4	70	80	
822	71.377083	D3	50	58	823	64.500000	D3	50	80	
823	71.514583	C5	72	66	824	64.625000	C5	72	80	
824	71.639583	Bb2	46	55	826	64.750000	Bb2	46	80	
825	71.648958	D5	74	66	825	64.750000	D5	74	80	
826	71.776042	Bb4	70	70	827	64.875000	Bb4	70	80	
827	71.782292	F#2	42	52	828	64.875000	F#2	42	80	
828	71.896875	Eb2	39	59	830	65.000000	Eb2	39	80	
829	71.930208	F#4	66	61	829	65.000000	F#4	66	80	
830	72.056250	G#4	68	68	831	65.125000	G#4	68	80	
831	72.188542	Bb4	70	71	832	65.250000	Bb4	70	80	
832	72.206250	F#3	54	55	833	65.250000	F#3	54	80	
833	72.321875	F#4	66	71	834	65.375000	F#4	66	80	
834	72.343750	Eb3	51	57	835	65.375000	Eb3	51	80	
835	72.470833	C3	48	55	837	65.500000	C3	48	80	
836	72.472917	Eb5	75	68	836	65.500000	Eb5	75	80	
837	72.603125	F5	77	68	838	65.625000	F5	77	80	
838	72.736458	F#5	78	67	839	65.750000	F#5	78	80	
839	72.751042	Eb3	51	56	840	65.750000	Eb3	51	80	
840	72.862500	Eb5	75	70	841	65.875000	Eb5	75	80	
841	72.883333	C3	48	50	842	65.875000	C3	48	80	
842	73.006250	C5	72	66	843	66.000000	C5	72	80	
843	73.010417	G#2	44	51	844	66.000000	G#2	44	80	
844	73.136458	C#5	73	60	845	66.125000	C#5	73	80	
845	73.283333	Eb5	75	66	846	66.250000	Eb5	75	80	
846	73.297917	F#3	54	51	847	66.250000	F#3	54	80	
847	73.400000	Eb3	51	59	849	66.375000	Eb3	51	80	
848	73.418750	C5	72	70	848	66.375000	C5	72	80	
849	73.551042	C3	48	46	851	66.500000	C3	48	80	
850	73.561458	G#4	68	63	850	66.500000	G#4	68	80	
851	73.691667	Bb4	70	61	852	66.625000	Bb4	70	80	
852	73.822917	G#2	44	50	854	66.750000	G#2	44	80	
853	73.838542	C5	72	62	853	66.750000	C5	72	80	
854	73.961458	F2	41	47	856	66.875000	F2	41	80	
855	73.963542	G#4	68	58	855	66.875000	G#4	68	80	
856	74.103125	C#2	37	43	858	67.000000	C#2	37	80	
857	74.118750	F4	65	46	857	67.000000	F4	65	80	
858	74.230208	F#4	66	59	859	67.125000	F#4	66	80	
859	74.363542	G#4	68	58	860	67.250000	G#4	68	80	
860	74.510417	F4	65	57	861	67.375000	F4	65	80	
861	74.642708	C#4	61	63	862	67.500000	C#4	61	80	
862	74.775000	F4	65	59	863	67.625000	F4	65	80	
863	74.904167	G#4	68	66	864	67.750000	G#4	68	80	
864	75.042708	Bb4	70	69	865	67.875000	Bb4	70	80	
865	75.179167	B4	71	68	866	68.000000	B4	71	80	
866	75.306250	Bb4	70	62	867	68.125000	Bb4	70	80	
867	75.446875	B3	59	62	869	68.250000	B3	59	80	
868	75.447917	G#4	68	69	868	68.250000	G#4	68	80	
869	75.573958	Bb4	70	65	870	68.375000	Bb4	70	80	
870	75.575000	C#3	49	58	871	68.375000	C#3	49	80	
871	75.706250	F#5	78	64	872	68.500000	F#5	78	80	
872	75.729167	Bb3	58	62	873	68.500000	Bb3	58	80	
873	75.856250	C#3	49	59	874	68.625000	C#3	49	80	
874	75.996875	C#5	73	67	875	68.750000	C#5	73	80	
875	76.022917	G#3	56	57	876	68.750000	G#3	56	80	
876	76.153125	C#3	49	58	877	68.875000	C#3	49	80	
877	76.280208	Bb4	70	74	878	69.000000	Bb4	70	80	
878	76.301042	F#3	54	53	879	69.000000	F#3	54	80	
879	76.441667	C#3	49	58	880	69.125000	C#3	49	80	
880	76.575000	F3	53	58	882	69.250000	F3	53	80	
881	76.587500	G#4	68	71	881	69.250000	G#4	68	80	
882	76.703125	Eb3	51	55	884	69.375000	C#3	49	80	
883	76.715625	F#4	66	74	883	69.375000	F#4	66	80	
884	76.839583	F3	53	58	886	69.500000	F3	53	80	
885	76.854167	G#4	68	75	885	69.500000	G#4	68	80	
886	76.981250	C#4	61	65	887	69.625000	C#4	61	80	
887	77.116667	G#2	44	52	889	69.750000	G#2	44	80	
888	77.127083	F4	65	59	888	69.750000	F4	65	80	
889	77.257292	G#4	68	73	890	69.875000	G#4	68	80	
890	77.397917	Bb4	70	75	891	70.000000	Bb4	70	80	
891	77.529167	G#4	68	78	892	70.125000	G#4	68	80	
892	77.651042	Bb3	58	59	894	70.250000	Bb3	58	80	
893	77.659375	F#4	66	71	893	70.250000	F#4	66	80	
894	77.784375	G#4	68	73	895	70.375000	G#4	68	80	
895	77.793750	C#3	49	52	896	70.375000	C#3	49	80	
896	77.928125	F5	77	72	897	70.500000	F5	77	80	
897	77.940625	G#3	56	67	898	70.500000	G#3	56	80	
898	78.073958	C#3	49	62	899	70.625000	C#3	49	80	
899	78.206250	C#5	73	81	900	70.750000	C#5	73	80	
900	78.227083	F#3	54	57	901	70.750000	F#3	54	80	
901	78.350000	C#3	49	60	902	70.875000	C#3	49	80	
902	78.496875	F3	53	55	904	71.000000	F3	53	80	
903	78.497917	G#4	68	78	903	71.000000	G#4	68	80	
904	78.638542	C#3	49	58	905	71.125000	C#3	49	80	
905	78.777083	F#4	66	70	906	71.250000	F#4	66	80	
906	78.781250	Eb3	51	61	907	71.250000	Eb3	51	80	
907	78.897917	F4	65	70	908	71.375000	F4	65	80	
908	78.914583	C#3	49	66	909	71.375000	C#3	49	80	
909	79.040625	F#4	66	67	910	71.500000	F#4	66	80	
910	79.046875	Eb3	51	61	911	71.500000	Eb3	51	80	
911	79.178125	C4	60	61	912	71.625000	C4	60	80	
912	79.311458	G#2	44	51	914	71.750000	G#2	44	80	
913	79.322917	Eb4	63	61	913	71.750000	Eb4	63	80	
914	79.457292	F#4	66	61	915	71.875000	F#4	66	80	
915	79.598958	G#4	68	72	916	72.000000	G#4	68	80	
916	79.734375	F#4	66	72	917	72.125000	F#4	66	80	
917	79.862500	F4	65	69	918	72.250000	F4	65	80	
918	79.866667	G#3	56	62	919	72.250000	G#3	56	80	
919	79.990625	F#4	66	68	920	72.375000	F#4	66	80	
920	80.016667	G#2	44	49	921	72.375000	G#2	44	80	
921	80.118750	Eb5	75	77	922	72.500000	Eb5	75	80	
922	80.148958	F#3	54	65	923	72.500000	F#3	54	80	
923	80.272917	G#2	44	63	924	72.625000	G#2	44	80	
924	80.389583	C5	72	74	925	72.750000	C5	72	80	
925	80.418750	F3	53	59	926	72.750000	F3	53	80	
926	80.564583	G#2	44	54	927	72.875000	G#2	44	80	
927	80.673958	F#4	66	61	928	73.000000	F#4	66	80	
928	80.679167	Eb3	51	52	929	73.000000	Eb3	51	80	
929	80.818750	G#2	44	58	930	73.125000	G#2	44	80	
930	80.946875	C#3	49	60	932	73.250000	C#3	49	80	
931	80.961458	F4	65	54	931	73.250000	F4	65	80	
932	81.076042	C3	48	59	934	73.375000	C3	48	80	
933	81.090625	Eb4	63	64	933	73.375000	Eb4	63	80	
934	81.217708	C#3	49	65	936	73.500000	C#3	49	80	
935	81.229167	F4	65	65	935	73.500000	F4	65	80	
936	81.351042	G#4	68	72	937	73.625000	G#4	68	80	
937	81.356250	G#2	44	53	938	73.625000	G#2	44	80	
938	81.486458	Bb4	70	73	939	73.750000	Bb4	70	80	
939	81.496875	F3	53	65	940	73.750000	F3	53	80	
940	81.616667	C5	72	76	941	73.875000	C5	72	80	
941	81.617708	Eb3	51	65	942	73.875000	Eb3	51	80	
942	81.757292	C#5	73	75	943	74.000000	C#5	73	80	
943	81.760417	F3	53	67	944	74.000000	F3	53	80	
944	81.879167	Eb5	75	86	945	74.125000	Eb5	75	80	
945	81.880208	G#2	44	68	946	74.125000	G#2	44	80	
946	82.014583	F5	77	82	947	74.250000	F5	77	80	
947	82.023958	G#3	56	74	948	74.250000	G#3	56	80	
948	82.141667	F#3	54	74	950	74.375000	F#3	54	80	
949	82.150000	Eb5	75	85	949	74.375000	Eb5	75	80	
950	82.279167	G#3	56	81	952	74.500000	G#3	56	80	
951	82.287500	F#5	78	83	951	74.500000	F#5	78	80	
952	82.396875	G#2	44	74	954	74.625000	G#2	44	80	
953	82.409375	F5	77	82	953	74.625000	F5	77	80	
954	82.540625	Eb5	75	82	955	74.750000	Eb5	75	80	
955	82.557292	Bb3	58	70	956	74.750000	Bb3	58	80	
956	82.647917	C#5	73	73	957	74.875000	C#5	73	80	
957	82.679167	G#2	44	74	958	74.875000	G#2	44	80	
958	82.832292	C4	60	68	961	75.000000	C4	60	80	
959	82.837500	G5	79	67	960	75.000000	Bb5	82	80	
960	82.894792	G#5	80	77	962	75.062500	G#5	80	80	
961	82.940625	C#4	61	65	964	75.125000	C#4	61	80	
962	82.965625	Bb5	82	70	963	75.125000	G5	79	80	
963	83.023958	G#5	80	79	965	75.187500	G#5	80	80	
964	83.076042	Eb4	63	70	967	75.250000	Eb4	63	80	
965	83.092708	Bb5	82	74	966	75.250000	Bb5	82	80	
966	83.157292	G#5	80	78	968	75.312500	G#5	80	80	
967	83.201042	C4	60	69	971	75.375000	C4	60	80	
968	83.219792	Bb5	82	69	970	75.375000	Bb5	82	80	
969	83.276042	G#5	80	72	972	75.437500	G#5	80	80	
970	83.338542	G#3	56	75	975	75.500000	G#3	56	80	
971	83.345833	Bb5	82	81	973	75.500000	Bb5	82	80	
972	83.411458	G#5	80	74	976	75.562500	G#5	80	80	
973	83.470833	C4	60	74	979	75.625000	C4	60	80	
974	83.475000	Bb5	82	66	978	75.625000	Bb5	82	80	
975	83.521875	G#5	80	69	977	75.625000	G#5	80	80	
976	83.582292	Bb5	82	77	*	-1	*	-1	-1	
977	83.607292	Eb4	63	82	983	75.750000	Eb4	63	80	
978	83.651042	G#5	80	75	980	75.687500	G#5	80	80	
979	83.707292	Bb5	82	79	981	75.750000	Bb5	82	80	
980	83.728125	F4	65	78	987	75.875000	F4	65	80	
981	83.771875	G#5	80	66	984	75.812500	G#5	80	80	
982	83.830208	Bb5	82	79	986	75.875000	Bb5	82	80	
983	83.860417	F#4	66	83	989	76.000000	F#4	66	80	
984	83.912500	G#5	80	82	988	75.937500	G#5	80	80	
985	83.994792	F4	65	76	991	76.125000	F4	65	80	
986	84.019792	G#5	80	84	990	76.125000	G#5	80	80	
987	84.120833	Eb4	63	71	993	76.250000	Eb4	63	80	
988	84.148958	F#5	78	87	992	76.250000	F#5	78	80	
989	84.268750	F4	65	71	995	76.375000	F#4	66	80	
990	84.270833	G#5	80	90	994	76.375000	G#5	80	80	
991	84.404167	F5	77	82	996	76.500000	F5	77	80	
992	84.416667	C#5	73	73	997	76.500000	C#5	73	80	
993	84.534375	G#5	80	83	998	76.625000	G#5	80	80	
994	84.665625	G#4	68	73	1000	76.750000	G#4	68	80	
995	84.679167	Eb5	75	83	999	76.750000	Eb5	75	80	
996	84.821875	G#5	80	80	1001	76.875000	G#5	80	80	
997	84.960417	C#5	73	67	1002	77.000000	C#5	73	80	
998	84.964583	F4	65	64	1003	77.000000	F4	65	80	
999	85.096875	G#5	80	78	1004	77.125000	G#5	80	80	
1000	85.242708	C5	72	76	1005	77.250000	C5	72	80	
1001	85.250000	Eb4	63	68	1006	77.250000	Eb4	63	80	
1002	85.367708	Bb4	70	80	1007	77.375000	Bb4	70	80	
1003	85.393750	C#4	61	63	1008	77.375000	C#4	61	80	
1004	85.498958	C5	72	79	1009	77.500000	C5	72	80	
1005	85.518750	Eb4	63	72	1010	77.500000	Eb4	63	80	
1006	85.630208	Eb5	75	75	1011	77.625000	Eb5	75	80	
1007	85.647917	G#3	56	59	1012	77.625000	G#3	56	80	
1008	85.776042	C4	60	65	1014	77.750000	C#4	61	80	
1009	85.776042	F5	77	71	1013	77.750000	F5	77	80	
1010	85.909375	F#5	78	77	1015	77.875000	F#5	78	80	
1011	85.919792	Eb4	63	77	1016	77.875000	Eb4	63	80	
1012	86.044792	G#5	80	81	1017	78.000000	G#5	80	80	
1013	86.059375	F4	65	82	1018	78.000000	F4	65	80	
1014	86.173958	F#5	78	77	1019	78.125000	F#5	78	80	
1015	86.194792	Eb4	63	82	1020	78.125000	Eb4	63	80	
1016	86.317708	F5	77	73	1021	78.250000	F5	77	80	
1017	86.323958	C#4	61	82	1022	78.250000	C#4	61	80	
1018	86.446875	G#5	80	82	1023	78.375000	G#5	80	80	
1019	86.452083	Eb4	63	79	1024	78.375000	Eb4	63	80	
1020	86.584375	Eb5	75	84	1025	78.500000	Eb5	75	80	
1021	86.591667	C5	72	83	1026	78.500000	C5	72	80	
1022	86.716667	G#5	80	80	1027	78.625000	G#5	80	80	
1023	86.853125	C#5	73	77	1028	78.750000	C#5	73	80	
1024	86.867708	G#4	68	79	1029	78.750000	G#4	68	80	
1025	87.028125	G5	79	55	1030	78.875000	G#5	80	80	
1026	87.140625	C5	72	69	1031	79.000000	C5	72	80	
1027	87.147917	Eb4	63	66	1032	79.000000	Eb4	63	80	
1028	87.270833	G#5	80	78	1033	79.125000	G#5	80	80	
1029	87.408333	Bb4	70	79	1034	79.250000	Bb4	70	80	
1030	87.429167	C#4	61	69	1035	79.250000	C#4	61	80	
1031	87.539583	G#4	68	76	1036	79.375000	G#4	68	80	
1032	87.545833	C4	60	66	1037	79.375000	C4	60	80	
1033	87.672917	Bb4	70	69	1038	79.500000	Bb4	70	80	
1034	87.685417	C#4	61	64	1039	79.500000	C#4	61	80	
1035	87.813542	C#5	73	64	1040	79.625000	C#5	73	80	
1036	87.822917	G#3	56	53	1041	79.625000	G#3	56	80	
1037	87.939583	Eb5	75	70	1042	79.750000	Eb5	75	80	
1038	87.955208	C4	60	55	1043	79.750000	C4	60	80	
1039	88.068750	F5	77	67	1044	79.875000	F5	77	80	
1040	88.072917	C#4	61	67	1045	79.875000	C#4	61	80	
1041	88.214583	Eb4	63	66	1047	80.000000	Eb4	63	80	
1042	88.217708	F#5	78	68	1046	80.000000	F#5	78	80	
1043	88.337500	F5	77	66	1048	80.125000	F5	77	80	
1044	88.353125	C#4	61	59	1049	80.125000	C#4	61	80	
1045	88.481250	Eb5	75	63	1050	80.250000	Eb5	75	80	
1046	88.488542	C4	60	56	1051	80.250000	C4	60	80	
1047	88.613542	F5	77	59	1052	80.375000	F5	77	80	
1048	88.620833	C#4	61	59	1053	80.375000	C#4	61	80	
1049	88.756250	C#5	73	59	1054	80.500000	C#5	73	80	
1050	88.780208	Bb4	70	42	1055	80.500000	Bb4	70	80	
1051	88.891667	Eb5	75	60	1056	80.625000	Eb5	75	80	
1052	89.021875	C5	72	67	1057	80.750000	C5	72	80	
1053	89.035417	G4	67	59	1058	80.750000	G4	67	80	
1054	89.154167	Eb5	75	62	1059	80.875000	Eb5	75	80	
1055	89.304167	C#4	61	52	1061	81.000000	C#4	61	80	
1056	89.304167	Bb4	70	54	1060	81.000000	Bb4	70	80	
1057	89.435417	Eb5	75	59	1062	81.125000	Eb5	75	80	
1058	89.598958	C4	60	46	1064	81.250000	C4	60	80	
1059	89.602083	G#4	68	57	1063	81.250000	G#4	68	80	
1060	89.706250	Bb3	58	52	1066	81.375000	Bb3	58	80	
1061	89.729167	G4	67	54	1065	81.375000	G4	67	80	
1062	89.837500	C4	60	47	1068	81.500000	C4	60	80	
1063	89.861458	G#4	68	52	1067	81.500000	G#4	68	80	
1064	89.977083	C5	72	66	1069	81.625000	C5	72	80	
1065	89.982292	G#3	56	55	1070	81.625000	G#3	56	80	
1066	90.104167	C#5	73	66	1071	81.750000	C#5	73	80	
1067	90.115625	Bb3	58	57	1072	81.750000	Bb3	58	80	
1068	90.225000	Eb5	75	72	1073	81.875000	Eb5	75	80	
1069	90.252083	C4	60	54	1074	81.875000	C4	60	80	
1070	90.357292	F5	77	62	1075	82.000000	F5	77	80	
1071	90.368750	C#4	61	57	1076	82.000000	C#4	61	80	
1072	90.483333	F#5	78	68	1077	82.125000	F#5	78	80	
1073	90.495833	Eb4	63	60	1078	82.125000	Eb4	63	80	
1074	90.622917	G#5	80	61	1079	82.250000	G#5	80	80	
1075	90.643750	F4	65	49	1080	82.250000	F4	65	80	
1076	90.744792	Bb5	82	66	1081	82.375000	Bb5	82	80	
1077	90.753125	Eb4	63	51	1082	82.375000	Eb4	63	80	
1078	90.893750	C5	72	67	1083	82.500000	C5	72	80	
1079	90.911458	F#4	66	56	1084	82.500000	F#4	66	80	
1080	91.026042	F4	65	56	1085	82.625000	F4	65	80	
1081	91.160417	Eb4	63	61	1087	82.750000	Eb4	63	80	
1082	91.168750	G#4	68	57	1086	82.750000	G#4	68	80	
1083	91.296875	C#4	61	52	1088	82.875000	C#4	61	80	
1084	91.451042	Bb4	70	73	1089	83.000000	Bb4	70	80	
1085	91.455208	F#4	66	44	1090	83.000000	F#4	66	80	
1086	91.582292	G#4	68	68	1091	83.125000	G#4	68	80	
1087	91.728125	F#4	66	60	1092	83.250000	F#4	66	80	
1088	91.730208	Bb3	58	48	1093	83.250000	Bb3	58	80	
1089	91.852083	G#4	68	70	1094	83.375000	G#4	68	80	
1090	91.869792	C4	60	54	1095	83.375000	C4	60	80	
1091	91.986458	C#4	61	57	1097	83.500000	C#4	61	80	
1092	92.002083	F5	77	71	1096	83.500000	F5	77	80	
1093	92.127083	C4	60	53	1098	83.625000	C4	60	80	
1094	92.273958	C#5	73	76	1099	83.750000	C#5	73	80	
1095	92.278125	Bb3	58	55	1100	83.750000	Bb3	58	80	
1096	92.407292	G#3	56	57	1101	83.875000	G#3	56	80	
1097	92.570833	G#4	68	80	1102	84.000000	G#4	68	80	
1098	92.576042	Bb3	58	51	1103	84.000000	Bb3	58	80	
1099	92.886458	F#4	66	69	1104	84.250000	F#4	66	80	
1100	93.014583	F4	65	70	1105	84.375000	F4	65	80	
1101	93.159375	F#4	66	71	1106	84.500000	F#4	66	80	
1102	93.302083	G#3	56	57	1107	84.625000	G#3	56	80	
1103	93.428125	Eb5	75	80	1108	84.750000	Eb5	75	80	
1104	93.439583	F#3	54	53	1109	84.750000	F#3	54	80	
1105	93.562500	Bb3	58	58	1110	84.875000	Bb3	58	80	
1106	93.700000	G#3	56	65	1112	85.000000	G#3	56	80	
1107	93.713542	F4	65	66	1111	85.000000	F4	65	80	
1108	93.829167	F#3	54	60	1113	85.125000	F#3	54	80	
1109	93.970833	F3	53	55	1115	85.250000	F3	53	80	
1110	93.989583	C#5	73	68	1114	85.250000	C#5	73	80	
1111	94.105208	G#3	56	60	1116	85.375000	G#3	56	80	
1112	94.246875	F#3	54	59	1118	85.500000	F#3	54	80	
1113	94.266667	Eb4	63	62	1117	85.500000	Eb4	63	80	
1114	94.392708	F3	53	41	1119	85.625000	F3	53	80	
1115	94.534375	F#3	54	63	1121	85.750000	F#3	54	80	
1116	94.541667	C5	72	72	1120	85.750000	C5	72	80	
1117	94.683333	Eb3	51	46	1122	85.875000	Eb3	51	80	
1118	94.808333	C#4	61	66	1123	86.000000	C#4	61	80	
1119	94.818750	F3	53	57	1124	86.000000	F3	53	80	
1120	95.128125	C#5	73	62	1125	86.250000	C#5	73	80	
1121	95.250000	G#3	56	53	1127	86.375000	G#3	56	80	
1122	95.258333	C5	72	60	1126	86.375000	C5	72	80	
1123	95.391667	C#5	73	67	1128	86.500000	C#5	73	80	
1124	95.395833	Bb3	58	55	1129	86.500000	Bb3	58	80	
1125	95.519792	Eb5	75	62	1130	86.625000	Eb5	75	80	
1126	95.541667	C4	60	56	1131	86.625000	C4	60	80	
1127	95.652083	F5	77	67	1132	86.750000	F5	77	80	
1128	95.665625	C#4	61	64	1133	86.750000	C#4	61	80	
1129	95.791667	F#5	78	71	1135	86.875000	F#5	78	80	
1130	95.808333	Eb4	63	66	1136	86.875000	Eb4	63	80	
1131	95.927083	G#5	80	74	1137	87.000000	G#5	80	80	
1132	95.933333	F4	65	67	1138	87.000000	F4	65	80	
1133	96.057292	F#5	78	83	1139	87.125000	F#5	78	80	
1134	96.063542	Eb4	63	82	1140	87.125000	Eb4	63	80	
1135	96.185417	F5	77	84	1141	87.250000	F5	77	80	
1136	96.213542	C#4	61	78	1142	87.250000	C#4	61	80	
1137	96.320833	F#5	78	85	1143	87.375000	F#5	78	80	
1138	96.335417	Eb4	63	78	1144	87.375000	Eb4	63	80	
1139	96.459375	G#5	80	88	1145	87.500000	G#5	80	80	
1140	96.465625	C5	72	79	1146	87.500000	C5	72	80	
1141	96.484375	C4	60	63	1147	87.500000	C4	60	80	
1142	96.591667	F#5	78	82	1148	87.625000	F#5	78	80	
1143	96.730208	F5	77	75	1149	87.750000	F5	77	80	
1144	96.748958	G#4	68	75	1150	87.750000	G#4	68	80	
1145	96.871875	Eb5	75	80	1151	87.875000	Eb5	75	80	
1146	97.018750	F5	77	76	1152	88.000000	F5	77	80	
1147	97.033333	Eb4	63	72	1153	88.000000	Eb4	63	80	
1148	97.344792	C#4	61	70	1154	88.250000	C#4	61	80	
1149	97.511458	C4	60	57	1155	88.375000	C4	60	80	
1150	97.610417	C#4	61	49	1157	88.500000	C#4	61	80	
1151	97.642708	Bb3	58	35	1156	88.500000	Bb3	58	80	
1152	97.751042	Eb5	75	69	1158	88.625000	Eb5	75	80	
1153	97.889583	C#5	73	75	1159	88.750000	C#5	73	80	
1154	97.905208	Bb4	70	58	1160	88.750000	Bb4	70	80	
1155	98.031250	F5	77	74	1161	88.875000	F5	77	80	
1156	98.171875	C4	60	56	1163	89.000000	C4	60	80	
1157	98.172917	Eb5	75	77	1162	89.000000	Eb5	75	80	
1158	98.298958	C#5	73	74	1164	89.125000	C#5	73	80	
1159	98.428125	G#4	68	62	1167	89.250000	G#4	68	80	
1160	98.435417	C5	72	72	1165	89.250000	C5	72	80	
1161	98.437500	G#3	56	61	1166	89.250000	G#3	56	80	
1162	98.575000	Eb5	75	75	1168	89.375000	Eb5	75	80	
1163	98.714583	Bb3	58	56	1170	89.500000	Bb3	58	80	
1164	98.720833	C#5	73	72	1169	89.500000	C#5	73	80	
1165	98.832292	C5	72	74	1172	89.625000	C5	72	80	
1166	98.978125	C#5	73	71	1173	89.750000	C#5	73	80	
1167	98.992708	Eb3	51	52	1174	89.750000	Eb3	51	80	
1168	98.998958	G4	67	57	1175	89.750000	G4	67	80	
1169	99.095833	Bb4	70	76	1176	89.875000	Bb4	70	80	
1170	99.239583	G#3	56	70	1178	90.000000	G#3	56	80	
1171	99.240625	C5	72	79	1177	90.000000	C5	72	80	
1172	99.244792	G#4	68	68	1179	90.000000	G#3	56	80	
1173	99.537500	G#4	68	67	1181	90.250000	G#4	68	80	
1174	99.542708	Eb5	75	83	1180	90.250000	Eb5	75	80	
1175	99.672917	F#4	66	74	1182	90.375000	G4	67	80	
1176	99.813542	F#5	78	82	1183	90.500000	F#5	78	80	
1177	99.821875	G#4	68	72	1184	90.500000	G#4	68	80	
1178	99.962500	Bb4	70	65	1185	90.625000	Bb4	70	80	
1179	100.108333	G#3	56	74	1187	90.750000	G#3	56	80	
1180	100.113542	C5	72	71	1186	90.750000	C5	72	80	
1181	100.240625	G#4	68	72	1188	90.875000	G#4	68	80	
1182	100.389583	Bb3	58	73	1190	91.000000	Bb3	58	80	
1183	100.395833	C#5	73	70	1189	91.000000	C#5	73	80	
1184	100.527083	C5	72	75	1191	91.125000	C5	72	80	
1185	100.532292	G#3	56	78	1192	91.125000	G#3	56	80	
1186	100.666667	F#3	54	78	1194	91.250000	F#3	54	80	
1187	100.668750	Bb4	70	79	1193	91.250000	Bb4	70	80	
1188	100.793750	G#3	56	77	1196	91.375000	G#3	56	80	
1189	100.797917	C5	72	81	1195	91.375000	C5	72	80	
1190	100.928125	F4	65	70	1199	91.500000	F4	65	80	
1191	100.930208	F5	77	86	1197	91.500000	F5	77	80	
1192	100.937500	C#5	73	81	1198	91.500000	C#5	73	80	
1193	101.065625	C5	72	75	1200	91.625000	C5	72	80	
1194	101.228125	Bb4	70	78	1201	91.750000	Bb4	70	80	
1195	101.229167	C#4	61	71	1202	91.750000	C#4	61	80	
1196	101.351042	G#4	68	82	1203	91.875000	G#4	68	80	
1197	101.510417	G#3	56	84	1205	92.000000	G#3	56	80	
1198	101.515625	Bb4	70	86	1204	92.000000	Bb4	70	80	
1199	101.813542	F#3	54	73	1206	92.250000	F#3	54	80	
1200	101.952083	F3	53	67	1207	92.375000	F3	53	80	
1201	102.090625	F#3	54	74	1209	92.500000	F#3	54	80	
1202	102.108333	Eb5	75	87	1208	92.500000	Eb5	75	80	
1203	102.252083	G#4	68	71	1210	92.625000	G#4	68	80	
1204	102.379167	F#4	66	71	1211	92.750000	F#4	66	80	
1205	102.382292	Eb4	63	58	1212	92.750000	Eb4	63	80	
1206	102.504167	Bb4	70	72	1213	92.875000	Bb4	70	80	
1207	102.655208	G#4	68	71	1214	93.000000	G#4	68	80	
1208	102.656250	F3	53	44	1215	93.000000	F3	53	80	
1209	102.791667	F#4	66	68	1216	93.125000	F#4	66	80	
1210	102.923958	C#5	73	72	1217	93.250000	C#5	73	80	
1211	102.932292	C#4	61	47	1219	93.250000	C#4	61	80	
1212	102.943750	F4	65	61	1218	93.250000	F4	65	80	
1213	103.061458	G#4	68	68	1220	93.375000	G#4	68	80	
1214	103.186458	F#4	66	58	1222	93.500000	F#4	66	80	
1215	103.209375	Eb3	51	50	1223	93.500000	Eb3	51	80	
1216	103.213542	C5	72	71	1221	93.500000	C5	72	80	
1217	103.344792	F4	65	58	1224	93.625000	F4	65	80	
1218	103.464583	Eb5	75	76	1225	93.750000	Eb5	75	80	
1219	103.529167	F#4	66	49	1226	93.750000	F#4	66	80	
1220	103.629167	Eb4	63	62	1228	93.875000	Eb4	63	80	
1221	103.762500	C#3	49	49	1230	94.000000	C#3	49	80	
1222	103.768750	F4	65	50	1229	94.000000	F4	65	80	
1223	103.916667	G#2	44	51	1231	94.125000	G#2	44	80	
1224	104.046875	G#4	68	69	1232	94.250000	G#4	68	80	
1225	104.063542	C#3	49	61	1233	94.250000	C#3	49	80	
1226	104.191667	Eb3	51	66	1234	94.375000	Eb3	51	80	
1227	104.323958	C#5	73	77	1235	94.500000	C#5	73	80	
1228	104.328125	F3	53	74	1236	94.500000	F3	53	80	
1229	104.454167	F#3	54	79	1237	94.625000	F#3	54	80	
1230	104.600000	G#3	56	72	1239	94.750000	G#3	56	80	
1231	104.606250	B4	71	82	1238	94.750000	B4	71	80	
1232	104.727083	F3	53	76	1240	94.875000	F3	53	80	
1233	104.882292	F#3	54	70	1242	95.000000	F#3	54	80	
1234	104.902083	Bb4	70	79	1241	95.000000	Bb4	70	80	
1235	105.021875	F#2	42	67	1243	95.125000	F#2	42	80	
1236	105.166667	F#3	54	69	1245	95.250000	F#3	54	80	
1237	105.198958	C#4	61	61	1244	95.250000	C#4	61	80	
1238	105.287500	F3	53	62	1246	95.375000	F3	53	80	
1239	105.459375	F#3	54	66	1248	95.500000	F#3	54	80	
1240	105.459375	F#4	66	71	1247	95.500000	F#4	66	80	
1241	105.605208	G#3	56	67	1249	95.625000	G#3	56	80	
1242	105.737500	F4	65	64	1250	95.750000	F4	65	80	
1243	105.750000	Bb3	58	55	1251	95.750000	Bb3	58	80	
1244	105.881250	F#3	54	65	1252	95.875000	F#3	54	80	
1245	106.018750	Eb3	51	54	1254	96.000000	Eb3	51	80	
1246	106.029167	F#4	66	69	1253	96.000000	F#4	66	80	
1247	106.165625	F3	53	60	1255	96.125000	F3	53	80	
1248	106.303125	F#3	54	65	1257	96.250000	F#3	54	80	
1249	106.305208	Bb4	70	80	1256	96.250000	Bb4	70	80	
1250	106.444792	Eb3	51	58	1259	96.375000	Eb3	51	80	
1251	106.444792	F#4	66	77	1258	96.375000	F#4	66	80	
1252	106.581250	Eb4	63	76	1260	96.500000	Eb4	63	80	
1253	106.605208	C3	48	51	1261	96.500000	C3	48	80	
1254	106.728125	C#3	49	66	1262	96.625000	C#3	49	80	
1255	106.865625	Eb3	51	58	1264	96.750000	Eb3	51	80	
1256	106.867708	F#4	66	72	1263	96.750000	F#4	66	80	
1257	106.997917	C3	48	53	1266	96.875000	C3	48	80	
1258	107.003125	Eb4	63	76	1265	96.875000	Eb4	63	80	
1259	107.139583	G#3	56	72	1267	97.000000	G#3	56	80	
1260	107.151042	F2	41	62	1268	97.000000	F2	41	80	
1261	107.436458	F3	53	59	1270	97.250000	F3	53	80	
1262	107.442708	Eb4	63	66	1269	97.250000	Eb4	63	80	
1263	107.570833	Eb3	51	60	1271	97.375000	Eb3	51	80	
1264	107.719792	G#4	68	85	1272	97.500000	G#4	68	80	
1265	107.732292	F3	53	57	1273	97.500000	F3	53	80	
1266	107.875000	F#3	54	62	1274	97.625000	F#3	54	80	
1267	108.008333	G#3	56	65	1276	97.750000	G#3	56	80	
1268	108.010417	C4	60	62	1275	97.750000	C4	60	80	
1269	108.151042	F3	53	66	1277	97.875000	F3	53	80	
1270	108.306250	D3	50	55	1279	98.000000	D3	50	80	
1271	108.312500	F4	65	67	1278	98.000000	F4	65	80	
1272	108.442708	Eb3	51	64	1280	98.125000	Eb3	51	80	
1273	108.573958	F3	53	67	1282	98.250000	F3	53	80	
1274	108.590625	G#4	68	84	1281	98.250000	G#4	68	80	
1275	108.710417	F4	65	74	1283	98.375000	F4	65	80	
1276	108.714583	D3	50	76	1284	98.375000	D3	50	80	
1277	108.843750	D4	62	69	1285	98.500000	D4	62	80	
1278	108.851042	Bb2	46	67	1286	98.500000	Bb2	46	80	
1279	108.978125	C3	48	70	1287	98.625000	C3	48	80	
1280	109.097917	D3	50	68	1289	98.750000	D3	50	80	
1281	109.130208	F4	65	59	1288	98.750000	F4	65	80	
1282	109.260417	D4	62	62	1290	98.875000	D4	62	80	
1283	109.401042	Eb2	39	60	1293	99.000000	Eb2	39	80	
1284	109.407292	F#3	54	68	1292	99.000000	F#3	54	80	
1285	109.704167	Bb3	58	66	1294	99.250000	Bb3	58	80	
1286	109.710417	Eb3	51	56	1295	99.250000	Eb3	51	80	
1287	109.841667	D3	50	57	1296	99.375000	D3	50	80	
1288	109.986458	F#4	66	71	1297	99.500000	F#4	66	80	
1289	110.000000	Eb3	51	59	1298	99.500000	Eb3	51	80	
1290	110.137500	F3	53	63	1299	99.625000	F3	53	80	
1291	110.277083	F#3	54	64	1301	99.750000	F#3	54	80	
1292	110.277083	Bb3	58	63	1300	99.750000	Bb3	58	80	
1293	110.417708	Eb3	51	61	1302	99.875000	Eb3	51	80	
1294	110.551042	Eb4	63	66	1303	100.000000	Eb4	63	80	
1295	110.564583	C3	48	50	1304	100.000000	C3	48	80	
1296	110.686458	F4	65	69	1305	100.125000	F4	65	80	
1297	110.698958	C#3	49	68	1306	100.125000	C#3	49	80	
1298	110.820833	F#4	66	77	1307	100.250000	F#4	66	80	
1299	110.830208	Eb3	51	67	1308	100.250000	Eb3	51	80	
1300	110.954167	C3	48	69	1310	100.375000	C3	48	80	
1301	110.960417	Eb4	63	80	1309	100.375000	Eb4	63	80	
1302	111.087500	G#2	44	65	1312	100.500000	G#2	44	80	
1303	111.104167	Eb5	75	86	1311	100.500000	Eb5	75	80	
1304	111.230208	Bb2	46	65	1314	100.625000	Bb2	46	80	
1305	111.245833	F#4	66	71	1313	100.625000	F#4	66	80	
1306	111.366667	C3	48	60	1316	100.750000	C3	48	80	
1307	111.375000	G#4	68	68	1315	100.750000	G#4	68	80	
1308	111.506250	G#2	44	58	1318	100.875000	G#2	44	80	
1309	111.515625	Eb4	63	59	1317	100.875000	Eb4	63	80	
1310	111.651042	C#2	37	59	1320	101.000000	C#2	37	80	
1311	111.657292	F4	65	61	1319	101.000000	F4	65	80	
1312	111.806250	C#5	73	69	1321	101.125000	C#5	73	80	
1313	111.931250	C#3	49	66	1323	101.250000	C#3	49	80	
1314	111.934375	C5	72	75	1322	101.250000	C5	72	80	
1315	112.053125	Eb5	75	82	1324	101.375000	Eb5	75	80	
1316	112.088542	Eb3	51	57	1325	101.375000	Eb3	51	80	
1317	112.198958	C#5	73	84	1326	101.500000	C#5	73	80	
1318	112.204167	F3	53	69	1327	101.500000	F3	53	80	
1319	112.343750	G#4	68	76	1328	101.625000	G#4	68	80	
1320	112.480208	Bb4	70	76	1329	101.750000	Bb4	70	80	
1321	112.484375	C#4	61	83	1330	101.750000	C#4	61	80	
1322	112.497917	C#3	49	64	1331	101.750000	C#3	49	80	
1323	112.617708	B4	71	74	1332	101.875000	B4	71	80	
1324	112.771875	F#3	54	58	1334	102.000000	F#3	54	80	
1325	112.780208	Bb4	70	73	1333	102.000000	Bb4	70	80	
1326	112.915625	G#4	68	78	1335	102.125000	G#4	68	80	
1327	112.932292	C4	60	53	1336	102.125000	C4	60	80	
1328	113.041667	Bb3	58	63	1338	102.250000	Bb3	58	80	
1329	113.052083	F#4	66	81	1337	102.250000	F#4	66	80	
1330	113.180208	C4	60	70	1340	102.375000	C4	60	80	
1331	113.192708	G#4	68	84	1339	102.375000	G#4	68	80	
1332	113.325000	C#4	61	63	1342	102.500000	C#4	61	80	
1333	113.326042	F5	77	89	1341	102.500000	F5	77	80	
1334	113.337500	F3	53	51	1343	102.500000	F3	53	80	
1335	113.468750	C4	60	59	1344	102.625000	C4	60	80	
1336	113.595833	Bb3	58	59	1346	102.750000	Bb3	58	80	
1337	113.605208	C#5	73	75	1345	102.750000	C#5	73	80	
1338	113.732292	G#3	56	67	1347	102.875000	G#3	56	80	
1339	113.883333	G#4	68	84	1348	103.000000	G#4	68	80	
1340	113.886458	Eb3	51	54	1350	103.000000	Eb3	51	80	
1341	113.889583	Bb3	58	59	1349	103.000000	Bb3	58	80	
1342	114.187500	C#3	49	58	1352	103.250000	C#3	49	80	
1343	114.187500	F#4	66	77	1351	103.250000	F#4	66	80	
1344	114.323958	F4	65	69	1353	103.375000	F4	65	80	
1345	114.458333	C3	48	54	1355	103.500000	C3	48	80	
1346	114.462500	F#4	66	73	1354	103.500000	F#4	66	80	
1347	114.601042	G#3	56	67	1356	103.625000	G#3	56	80	
1348	114.743750	Eb5	75	76	1357	103.750000	Eb5	75	80	
1349	114.746875	F#3	54	58	1358	103.750000	F#3	54	80	
1350	114.878125	Bb3	58	68	1359	103.875000	Bb3	58	80	
1351	115.010417	G#3	56	67	1361	104.000000	G#3	56	80	
1352	115.022917	F4	65	67	1360	104.000000	F4	65	80	
1353	115.043750	C#3	49	52	1362	104.000000	C#3	49	80	
1354	115.148958	F#3	54	60	1363	104.125000	F#3	54	80	
1355	115.298958	C#5	73	74	1364	104.250000	C#5	73	80	
1356	115.300000	F3	53	48	1365	104.250000	F3	53	80	
1357	115.438542	G#3	56	65	1366	104.375000	G#3	56	80	
1358	115.563542	Eb4	63	62	1367	104.500000	Eb4	63	80	
1359	115.568750	F#3	54	67	1368	104.500000	F#3	54	80	
1360	115.588542	G#2	44	48	1369	104.500000	G#2	44	80	
1361	115.725000	F3	53	60	1370	104.625000	F3	53	80	
1362	115.859375	C5	72	68	1371	104.750000	C5	72	80	
1363	115.861458	Eb3	51	60	1372	104.750000	Eb3	51	80	
1364	116.003125	F#3	54	60	1373	104.875000	F#3	54	80	
1365	116.150000	F3	53	59	1375	105.000000	F3	53	80	
1366	116.152083	C#4	61	54	1374	105.000000	C#4	61	80	
1367	116.157292	Bb2	46	37	1376	105.000000	Bb2	46	80	
1368	116.285417	F4	65	59	1377	105.125000	F4	65	80	
1369	116.298958	G#3	56	63	1378	105.125000	G#3	56	80	
1370	116.416667	F#4	66	70	1379	105.250000	F#4	66	80	
1371	116.440625	Bb3	58	60	1380	105.250000	Bb3	58	80	
1372	116.548958	G#4	68	81	1381	105.375000	G#4	68	80	
1373	116.569792	C4	60	68	1382	105.375000	C4	60	80	
1374	116.683333	Bb4	70	82	1383	105.500000	Bb4	70	80	
1375	116.701042	C#4	61	72	1384	105.500000	C#4	61	80	
1376	116.822917	C5	72	89	1385	105.625000	C5	72	80	
1377	116.842708	C4	60	72	1386	105.625000	C4	60	80	
1378	116.968750	C#5	73	86	1387	105.750000	C#5	73	80	
1379	116.975000	Bb3	58	69	1388	105.750000	Bb3	58	80	
1380	117.095833	Eb5	75	91	1389	105.875000	Eb5	75	80	
1381	117.105208	G#3	56	72	1390	105.875000	G#3	56	80	
1382	117.232292	E5	76	83	1391	106.000000	E5	76	80	
1383	117.245833	G3	55	71	1392	106.000000	G3	55	80	
1384	117.373958	G#3	56	77	1394	106.125000	G#3	56	80	
1385	117.375000	Eb5	75	92	1393	106.125000	Eb5	75	80	
1386	117.502083	Bb3	58	80	1396	106.250000	Bb3	58	80	
1387	117.509375	C#5	73	89	1395	106.250000	C#5	73	80	
1388	117.631250	G3	55	79	1398	106.375000	G3	55	80	
1389	117.648958	Eb5	75	98	1397	106.375000	Eb5	75	80	
1390	117.778125	E5	76	89	1399	106.500000	E5	76	80	
1391	117.792708	Eb3	51	75	1400	106.500000	Eb3	51	80	
1392	117.906250	C#3	49	73	1402	106.625000	C#3	49	80	
1393	117.913542	G5	79	90	1401	106.625000	G5	79	80	
1394	118.052083	C3	48	69	1404	106.750000	C3	48	80	
1395	118.056250	G#5	80	89	1403	106.750000	G#5	80	80	
1396	118.184375	Bb5	82	83	1405	106.875000	Bb5	82	80	
1397	118.198958	Bb2	46	72	1406	106.875000	Bb2	46	80	
1398	118.335417	C#5	73	79	1407	107.000000	C#5	73	80	
1399	118.345833	G#2	44	68	1408	107.000000	G#2	44	80	
1400	118.464583	C5	72	83	1409	107.125000	C5	72	80	
1401	118.476042	Eb3	51	72	1410	107.125000	Eb3	51	80	
1402	118.608333	Bb4	70	88	1411	107.250000	Bb4	70	80	
1403	118.617708	F3	53	75	1412	107.250000	F3	53	80	
1404	118.738542	G#4	68	90	1413	107.375000	G#4	68	80	
1405	118.753125	F#3	54	74	1414	107.375000	F#3	54	80	
1406	118.886458	G#3	56	78	1416	107.500000	G#3	56	80	
1407	118.888542	Eb5	75	90	1415	107.500000	Eb5	75	80	
1408	119.011458	Bb3	58	81	1417	107.625000	Bb3	58	80	
1409	119.156250	C4	60	65	1419	107.750000	C4	60	80	
1410	119.156250	F#4	66	89	1418	107.750000	F#4	66	80	
1411	119.318750	G#3	56	78	1420	107.875000	G#3	56	80	
1412	119.457292	F4	65	80	1421	108.000000	F4	65	80	
1413	119.467708	C#4	61	74	1422	108.000000	C#4	61	80	
1414	119.785417	G#4	68	80	1424	108.250000	G#4	68	80	
1415	119.786458	F2	41	71	1426	108.250000	F2	41	80	
1416	119.788542	C#5	73	80	1425	108.250000	C#5	73	80	
1417	119.791667	C#4	61	72	1423	108.250000	C#4	61	80	
1418	120.144792	F#2	42	70	1431	108.500000	F#2	42	80	
1419	120.144792	Bb4	70	80	1429	108.500000	Bb4	70	80	
1420	120.145833	Eb4	63	71	1427	108.500000	Eb4	63	80	
1421	120.148958	F#4	66	72	1428	108.500000	F#4	66	80	
1422	120.567708	C5	72	80	1432	108.750000	C5	72	80	
1423	120.569792	G#4	68	70	1434	108.750000	G#4	68	80	
1424	120.572917	F#4	66	68	1433	108.750000	F#4	66	80	
1425	120.573958	G#2	44	70	1435	108.750000	G#2	44	80	
1426	121.288542	C#5	73	79	1436	109.000000	C#5	73	80	
1427	121.300000	G#4	68	66	1439	109.000000	G#4	68	80	
1428	121.304167	C#2	37	67	1440	109.000000	C#2	37	80	
1429	121.309375	F4	65	61	1438	109.000000	F4	65	80	
1430	121.313542	C#4	61	68	1437	109.000000	C#4	61	80	
*	-1	*	-1	-1	295	25.500000	Bb3	58	80	
*	-1	*	-1	-1	457	37.500000	G#4	68	80	
*	-1	*	-1	-1	477	39.250000	F4	65	80	
*	-1	*	-1	-1	633	50.750000	G5	79	80	
*	-1	*	-1	-1	684	54.500000	Eb3	51	80	
*	-1	*	-1	-1	745	59.000000	G#4	68	80	
*	-1	*	-1	-1	959	75.000000	Bb5	82	80	
*	-1	*	-1	-1	969	75.375000	G#5	80	80	
*	-1	*	-1	-1	974	75.500000	Bb5	82	80	
*	-1	*	-1	-1	982	75.750000	Bb5	82	80	
*	-1	*	-1	-1	985	75.875000	G#5	80	80	
*	-1	*	-1	-1	1134	86.750000	C#4	61	80	
*	-1	*	-1	-1	1171	89.500000	Bb3	58	80	
*	-1	*	-1	-1	1227	93.750000	C4	60	80	
*	-1	*	-1	-1	1291	98.875000	Bb2	46	80	
*	-1	*	-1	-1	1430	108.500000	Eb4	63	80	
