// alignID alignOntime alignSitch alignPitch alignOnvel refID refOntime refSitch refPitch refOnvel
0	0.500000	G#4	68	55	0	0.750000	G#4	68	80	
1	0.873698	Bb4	70	52	1	1.000000	Bb4	70	80	
2	1.020833	G#4	68	65	2	1.125000	G#4	68	80	
3	1.180990	F#4	66	66	3	1.250000	F#4	66	80	
4	1.343750	G#4	68	74	4	1.375000	G#4	68	80	
5	1.514323	F5	77	82	5	1.500000	F5	77	80	
6	1.858073	C#5	73	79	6	1.750000	C#5	73	80	
7	2.230469	G#4	68	72	7	2.000000	G#4	68	80	
8	2.589844	F#4	66	65	8	2.250000	F#4	66	80	
9	2.725260	F4	65	71	9	2.375000	F4	65	80	
10	2.885417	F#4	66	75	10	2.500000	F#4	66	80	
11	3.222656	Eb5	75	70	11	2.750000	Eb5	75	80	
12	3.557292	F4	65	68	12	3.000000	F4	65	80	
13	3.881510	C#5	73	56	13	3.250000	C#5	73	80	
14	4.190104	Eb4	63	62	14	3.500000	Eb4	63	80	
15	4.540365	C5	72	61	15	3.750000	C5	72	80	
16	4.871094	C#4	61	58	16	4.000000	C#4	61	80	
17	5.205729	C#5	73	63	17	4.250000	C#5	73	80	
18	5.361979	C5	72	64	18	4.375000	C5	72	80	
19	5.520833	C#5	73	65	19	4.500000	C#5	73	80	
20	5.667969	Eb5	75	70	20	4.625000	Eb5	75	80	
21	5.833333	C#4	61	59	22	4.750000	C#4	61	80	
22	5.834635	F5	77	60	21	4.750000	F5	77	80	
23	5.997396	F#5	78	62	23	4.875000	F#5	78	80	
24	6.161458	G#5	80	67	24	5.000000	G#5	80	80	
25	6.171875	F4	65	58	25	5.000000	F4	65	80	
26	6.322917	Eb4	63	67	27	5.125000	Eb4	63	80	
27	6.325521	G5	79	70	26	5.125000	G5	79	80	
28	6.483073	F5	77	74	28	5.250000	F5	77	80	
29	6.485677	C#4	61	71	29	5.250000	C#4	61	80	
30	6.622396	Eb4	63	76	31	5.375000	Eb4	63	80	
31	6.627604	G5	79	73	30	5.375000	G5	79	80	
32	6.789062	C5	72	80	33	5.500000	C5	72	80	
33	6.795573	G#5	80	78	32	5.500000	G#5	80	80	
34	6.946615	F#5	78	81	34	5.625000	F#5	78	80	
35	7.106771	G#4	68	80	36	5.750000	G#4	68	80	
36	7.109375	F5	77	72	35	5.750000	F5	77	80	
37	7.273438	Eb5	75	69	37	5.875000	Eb5	75	80	
38	7.444010	F5	77	78	38	6.000000	F5	77	80	
39	7.445312	Eb4	63	72	39	6.000000	Eb4	63	80	
40	7.792969	C#4	61	66	40	6.250000	C#4	61	80	
41	7.942708	C4	60	70	41	6.375000	C4	60	80	
42	8.104167	C#4	61	77	42	6.500000	C#4	61	80	
43	8.268229	Eb5	75	73	43	6.625000	Eb5	75	80	
44	8.430990	C#5	73	71	44	6.750000	C#5	73	80	
45	8.433594	Bb4	70	73	45	6.750000	Bb4	70	80	
46	8.583333	F5	77	75	46	6.875000	F5	77	80	
47	8.742188	Eb5	75	74	47	7.000000	Eb5	75	80	
48	8.748698	C4	60	65	48	7.000000	C4	60	80	
49	8.884115	C#5	73	74	49	7.125000	C#5	73	80	
50	9.057292	C5	72	67	50	7.250000	C5	72	80	
51	9.065104	G#4	68	64	51	7.250000	G#4	68	80	
52	9.201823	Eb5	75	70	52	7.375000	Eb5	75	80	
53	9.361979	Bb3	58	58	54	7.500000	Bb3	58	80	
54	9.371094	C#5	73	65	53	7.500000	C#5	73	80	
55	9.524740	C5	72	62	55	7.625000	C5	72	80	
56	9.670573	C#5	73	65	56	7.750000	C#5	73	80	
57	9.678385	G4	67	56	57	7.750000	G4	67	80	
58	9.825521	Bb4	70	59	58	7.875000	Bb4	70	80	
59	9.958333	G#3	56	44	60	8.000000	G#3	56	80	
60	9.986979	Bb4	70	61	59	8.000000	Bb4	70	80	
61	10.126302	C5	72	68	61	8.125000	C5	72	80	
62	10.298177	G#4	68	65	63	8.250000	G#4	68	80	
63	10.298177	Eb5	75	73	62	8.250000	Eb5	75	80	
64	10.447917	G4	67	71	64	8.375000	G4	67	80	
65	10.593750	F#5	78	81	65	8.500000	F#5	78	80	
66	10.602865	G#4	68	68	66	8.500000	G#4	68	80	
67	10.753906	Bb4	70	64	67	8.625000	Bb4	70	80	
68	10.907552	G#3	56	73	69	8.750000	G#3	56	80	
69	10.910156	C5	72	69	68	8.750000	C5	72	80	
70	11.069010	G#4	68	69	70	8.875000	G#4	68	80	
71	11.229167	Bb3	58	78	72	9.000000	Bb3	58	80	
72	11.244792	C#5	73	67	71	9.000000	C#5	73	80	
73	11.394531	G#3	56	73	74	9.125000	G#3	56	80	
74	11.394531	C5	72	69	73	9.125000	C5	72	80	
75	11.550781	F#3	54	78	76	9.250000	F#3	54	80	
76	11.558594	Bb4	70	73	75	9.250000	Bb4	70	80	
77	11.686198	G#3	56	77	78	9.375000	G#3	56	80	
78	11.687500	C5	72	79	77	9.375000	C5	72	80	
79	11.847656	C#5	73	73	80	9.500000	C#5	73	80	
80	11.851562	F5	77	84	79	9.500000	F5	77	80	
81	11.854167	F4	65	74	81	9.500000	F4	65	80	
82	11.994792	C5	72	76	82	9.625000	C5	72	80	
83	12.162760	C#4	61	75	84	9.750000	C#4	61	80	
84	12.166667	Bb4	70	73	83	9.750000	Bb4	70	80	
85	12.313802	G#4	68	73	85	9.875000	G#4	68	80	
86	12.483073	G#3	56	76	87	10.000000	G#3	56	80	
87	12.490885	Bb4	70	73	86	10.000000	Bb4	70	80	
88	12.822917	F#3	54	66	88	10.250000	F#3	54	80	
89	12.963542	F3	53	73	89	10.375000	F3	53	80	
90	13.117188	F#3	54	79	91	10.500000	F#3	54	80	
91	13.128906	Eb5	75	75	90	10.500000	Eb5	75	80	
92	13.291667	G#4	68	64	92	10.625000	G#4	68	80	
93	13.449219	Eb4	63	69	94	10.750000	Eb4	63	80	
94	13.450521	F#4	66	59	93	10.750000	F#4	66	80	
95	13.598958	Bb4	70	60	95	10.875000	Bb4	70	80	
96	13.750000	G#4	68	64	96	11.000000	G#4	68	80	
97	13.753906	F3	53	60	97	11.000000	F3	53	80	
98	13.903646	F#4	66	60	98	11.125000	F#4	66	80	
99	14.053385	C#5	73	66	99	11.250000	C#5	73	80	
100	14.059896	C#4	61	55	101	11.250000	C#4	61	80	
101	14.070312	F4	65	60	100	11.250000	F4	65	80	
102	14.199219	G#4	68	67	102	11.375000	G#4	68	80	
103	14.338542	Eb3	51	57	105	11.500000	Eb3	51	80	
104	14.368490	C5	72	62	103	11.500000	C5	72	80	
105	14.531250	F4	65	52	106	11.625000	F4	65	80	
106	14.635417	Eb5	75	77	107	11.750000	Eb5	75	80	
107	14.673177	F#4	66	53	108	11.750000	F#4	66	80	
108	14.674479	C4	60	53	109	11.750000	C4	60	80	
109	14.813802	Eb4	63	53	110	11.875000	Eb4	63	80	
110	14.967448	C#3	49	56	112	12.000000	C#3	49	80	
111	14.977865	F4	65	67	111	12.000000	F4	65	80	
112	15.317708	C#4	61	53	114	12.250000	C#4	61	80	
113	15.319010	G#4	68	68	113	12.250000	G#4	68	80	
114	15.464844	C4	60	56	115	12.375000	C4	60	80	
115	15.622396	F5	77	74	116	12.500000	F5	77	80	
116	15.632812	C#4	61	54	117	12.500000	C#4	61	80	
117	15.779948	Eb4	63	57	118	12.625000	Eb4	63	80	
118	15.938802	F4	65	51	120	12.750000	F4	65	80	
119	15.951823	G#4	68	61	119	12.750000	G#4	68	80	
120	16.084635	C#4	61	53	121	12.875000	C#4	61	80	
121	16.265625	C#5	73	64	122	13.000000	C#5	73	80	
122	16.277344	Bb3	58	51	123	13.000000	Bb3	58	80	
123	16.404948	C4	60	57	124	13.125000	C4	60	80	
124	16.567708	C#4	61	54	126	13.250000	C#4	61	80	
125	16.576823	F5	77	67	125	13.250000	F5	77	80	
126	16.718750	Bb3	58	56	128	13.375000	Bb3	58	80	
127	16.725260	C#5	73	67	127	13.375000	C#5	73	80	
128	16.880208	G3	55	54	130	13.500000	G3	55	80	
129	16.886719	Bb4	70	64	129	13.500000	Bb4	70	80	
130	17.013021	G#3	56	60	131	13.625000	G#3	56	80	
131	17.182292	C#5	73	66	132	13.750000	C#5	73	80	
132	17.190104	Bb3	58	59	133	13.750000	Bb3	58	80	
133	17.341146	Bb4	70	65	134	13.875000	Bb4	70	80	
134	17.346354	G3	55	51	135	13.875000	G3	55	80	
135	17.514323	Eb4	63	58	136	14.000000	Eb4	63	80	
136	17.519531	C3	48	49	137	14.000000	C3	48	80	
137	17.843750	Bb4	70	58	138	14.250000	Bb4	70	80	
138	17.852865	C4	60	48	139	14.250000	C4	60	80	
139	17.998698	Bb3	58	46	140	14.375000	Bb3	58	80	
140	18.171875	C4	60	53	142	14.500000	C4	60	80	
141	18.173177	Eb5	75	67	141	14.500000	Eb5	75	80	
142	18.338542	C#4	61	54	143	14.625000	C#4	61	80	
143	18.490885	Eb4	63	52	145	14.750000	Eb4	63	80	
144	18.502604	G4	67	59	144	14.750000	G4	67	80	
145	18.644531	C4	60	50	146	14.875000	C4	60	80	
146	18.811198	G#3	56	50	148	15.000000	G#3	56	80	
147	18.832031	C5	72	62	147	15.000000	C5	72	80	
148	18.970052	Bb3	58	54	149	15.125000	Bb3	58	80	
149	19.136719	Eb5	75	65	150	15.250000	Eb5	75	80	
150	19.140625	C4	60	52	151	15.250000	C4	60	80	
151	19.289062	C5	72	70	152	15.375000	C5	72	80	
152	19.290365	G#3	56	54	153	15.375000	G#3	56	80	
153	19.446615	G#4	68	60	154	15.500000	G#4	68	80	
154	19.462240	F3	53	50	155	15.500000	F3	53	80	
155	19.585938	G3	55	55	156	15.625000	G3	55	80	
156	19.747396	G#3	56	55	158	15.750000	G#3	56	80	
157	19.750000	C5	72	59	157	15.750000	C5	72	80	
158	19.891927	F3	53	44	160	15.875000	F3	53	80	
159	19.903646	G#4	68	64	159	15.875000	G#4	68	80	
160	20.075521	Bb2	46	45	162	16.000000	Bb2	46	80	
161	20.075521	C#4	61	55	161	16.000000	C#4	61	80	
162	20.403646	G#4	68	58	163	16.250000	G#4	68	80	
163	20.410156	Bb3	58	52	164	16.250000	Bb3	58	80	
164	20.561198	G#3	56	47	165	16.375000	G#3	56	80	
165	20.731771	Bb3	58	42	167	16.500000	Bb3	58	80	
166	20.742188	C#5	73	61	166	16.500000	C#5	73	80	
167	20.890625	C4	60	48	168	16.625000	C4	60	80	
168	21.048177	C#4	61	53	170	16.750000	C#4	61	80	
169	21.061198	F4	65	56	169	16.750000	F4	65	80	
170	21.210938	Bb3	58	52	171	16.875000	Bb3	58	80	
171	21.381510	G3	55	40	173	17.000000	G3	55	80	
172	21.381510	Bb4	70	62	172	17.000000	Bb4	70	80	
173	21.527344	G#3	56	59	175	17.125000	G#3	56	80	
174	21.535156	C5	72	71	174	17.125000	C5	72	80	
175	21.682292	Bb3	58	56	177	17.250000	Bb3	58	80	
176	21.688802	C#5	73	73	176	17.250000	C#5	73	80	
177	21.815104	G3	55	59	179	17.375000	G3	55	80	
178	21.829427	Bb4	70	75	178	17.375000	Bb4	70	80	
179	21.984375	Bb5	82	84	180	17.500000	Bb5	82	80	
180	21.985677	Eb3	51	71	181	17.500000	Eb3	51	80	
181	22.134115	C#5	73	78	182	17.625000	C#5	73	80	
182	22.138021	F3	53	70	183	17.625000	F3	53	80	
183	22.295573	Eb5	75	76	184	17.750000	Eb5	75	80	
184	22.299479	G3	55	64	185	17.750000	G3	55	80	
185	22.445312	Eb3	51	68	187	17.875000	Eb3	51	80	
186	22.445312	Bb4	70	76	186	17.875000	Bb4	70	80	
187	22.593750	G#2	44	79	189	18.000000	G#2	44	80	
188	22.618490	C5	72	81	188	18.000000	C5	72	80	
189	22.768229	G#5	80	76	190	18.125000	G#5	80	80	
190	22.919271	G5	79	76	191	18.250000	G5	79	80	
191	22.924479	G#3	56	74	192	18.250000	G#3	56	80	
192	23.067708	Bb5	82	83	193	18.375000	Bb5	82	80	
193	23.079427	Bb3	58	83	194	18.375000	Bb3	58	80	
194	23.222656	G#5	80	82	195	18.500000	G#5	80	80	
195	23.225260	C4	60	91	196	18.500000	C4	60	80	
196	23.385417	Eb5	75	83	197	18.625000	Eb5	75	80	
197	23.559896	F5	77	81	198	18.750000	F5	77	80	
198	23.563802	G#4	68	85	199	18.750000	G#4	68	80	
199	23.571615	G#3	56	67	200	18.750000	G#3	56	80	
200	23.714844	F#5	78	82	201	18.875000	F#5	78	80	
201	23.835938	C#4	61	69	203	19.000000	C#4	61	80	
202	23.861979	F5	77	83	202	19.000000	F5	77	80	
203	23.998698	G4	67	71	205	19.125000	G4	67	80	
204	24.006510	Eb5	75	85	204	19.125000	Eb5	75	80	
205	24.153646	F4	65	62	207	19.250000	F4	65	80	
206	24.161458	C#5	73	82	206	19.250000	C#5	73	80	
207	24.302083	G4	67	64	209	19.375000	G4	67	80	
208	24.313802	Eb5	75	86	208	19.375000	Eb5	75	80	
209	24.463542	C6	84	94	210	19.500000	C6	84	80	
210	24.476562	G#4	68	75	211	19.500000	G#4	68	80	
211	24.479167	C4	60	56	212	19.500000	C4	60	80	
212	24.625000	F#4	66	73	213	19.625000	F#4	66	80	
213	24.783854	F4	65	70	215	19.750000	F4	65	80	
214	24.787760	G#5	80	88	214	19.750000	G#5	80	80	
215	24.928385	Eb4	63	69	216	19.875000	Eb4	63	80	
216	25.144531	Eb5	75	82	217	20.000000	Eb5	75	80	
217	25.157552	Bb3	58	65	219	20.000000	Bb3	58	80	
218	25.157552	F4	65	67	218	20.000000	F4	65	80	
219	25.501302	C#5	73	72	220	20.250000	C#5	73	80	
220	25.503906	G#3	56	59	221	20.250000	G#3	56	80	
221	25.640625	C5	72	73	222	20.375000	C5	72	80	
222	25.791667	G3	55	61	224	20.500000	G3	55	80	
223	25.798177	C#5	73	77	223	20.500000	C#5	73	80	
224	25.947917	Eb4	63	67	225	20.625000	Eb4	63	80	
225	26.098958	Bb5	82	78	226	20.750000	Bb5	82	80	
226	26.108073	C#4	61	64	227	20.750000	C#4	61	80	
227	26.265625	F4	65	63	228	20.875000	F4	65	80	
228	26.428385	Eb4	63	67	230	21.000000	Eb4	63	80	
229	26.429688	C5	72	74	229	21.000000	C5	72	80	
230	26.432292	G#3	56	58	231	21.000000	G#3	56	80	
231	26.575521	C#4	61	67	232	21.125000	C#4	61	80	
232	26.736979	C4	60	69	234	21.250000	C4	60	80	
233	26.736979	G#5	80	71	233	21.250000	G#5	80	80	
234	26.869792	Eb4	63	68	235	21.375000	Eb4	63	80	
235	27.039062	Bb4	70	70	236	21.500000	Bb4	70	80	
236	27.044271	C#4	61	65	237	21.500000	C#4	61	80	
237	27.049479	Eb3	51	62	238	21.500000	Eb3	51	80	
238	27.194010	C4	60	68	239	21.625000	C4	60	80	
239	27.377604	C#4	61	62	241	21.750000	C#4	61	80	
240	27.386719	G5	79	62	240	21.750000	G5	79	80	
241	27.518229	Bb3	58	57	242	21.875000	Bb3	58	80	
242	27.684896	G#3	56	49	245	22.000000	G#3	56	80	
243	27.694010	G#4	68	53	243	22.000000	G#4	68	80	
244	27.700521	C4	60	50	244	22.000000	C4	60	80	
245	27.845052	Bb4	70	60	246	22.125000	Bb4	70	80	
246	27.996094	C5	72	64	247	22.250000	C5	72	80	
247	28.011719	Eb4	63	54	248	22.250000	Eb4	63	80	
248	28.149740	C#5	73	66	249	22.375000	C#5	73	80	
249	28.316406	C5	72	64	250	22.500000	C5	72	80	
250	28.330729	G#4	68	63	251	22.500000	G#4	68	80	
251	28.470052	Bb4	70	65	252	22.625000	Bb4	70	80	
252	28.625000	G#4	68	62	253	22.750000	G#4	68	80	
253	28.627604	Eb4	63	62	254	22.750000	Eb4	63	80	
254	28.773438	C5	72	67	255	22.875000	C5	72	80	
255	28.799479	C4	60	56	256	22.875000	C4	60	80	
256	28.936198	G#3	56	63	258	23.000000	G#3	56	80	
257	28.936198	F5	77	75	257	23.000000	F5	77	80	
258	29.085938	Eb5	75	74	259	23.125000	Eb5	75	80	
259	29.234375	D5	74	70	260	23.250000	D5	74	80	
260	29.235677	B3	59	65	261	23.250000	B3	59	80	
261	29.393229	F5	77	77	262	23.375000	F5	77	80	
262	29.412760	G#3	56	57	263	23.375000	G#3	56	80	
263	29.550781	G#5	80	80	264	23.500000	G#5	80	80	
264	29.557292	F3	53	72	265	23.500000	F3	53	80	
265	29.704427	F#5	78	84	266	23.625000	F#5	78	80	
266	29.848958	G#3	56	68	268	23.750000	G#3	56	80	
267	29.851562	F5	77	82	267	23.750000	F5	77	80	
268	29.990885	G#5	80	78	269	23.875000	G#5	80	80	
269	29.994792	F3	53	71	270	23.875000	F3	53	80	
270	30.152344	D3	50	63	272	24.000000	D3	50	80	
271	30.160156	G#5	80	77	271	24.000000	G#5	80	80	
272	30.246094	Bb5	82	75	273	24.062500	Bb5	82	80	
273	30.326823	B5	83	85	274	24.125000	B5	83	80	
274	30.503906	F3	53	61	276	24.250000	F3	53	80	
275	30.510417	Bb5	82	73	275	24.250000	Bb5	82	80	
276	30.654948	G#5	80	69	277	24.375000	G#5	80	80	
277	30.665365	G#3	56	63	278	24.375000	G#3	56	80	
278	30.817708	F#5	78	67	279	24.500000	F#5	78	80	
279	30.821615	B3	59	66	280	24.500000	B3	59	80	
280	30.959635	F5	77	66	281	24.625000	F5	77	80	
281	31.122396	Eb5	75	62	282	24.750000	Eb5	75	80	
282	31.123698	F3	53	55	283	24.750000	F3	53	80	
283	31.272135	D5	74	63	284	24.875000	D5	74	80	
284	31.440104	Eb5	75	64	285	25.000000	Eb5	75	80	
285	31.444010	Bb3	58	57	286	25.000000	Bb3	58	80	
286	31.450521	F#3	54	52	287	25.000000	F#3	54	80	
287	31.588542	F#5	78	68	288	25.125000	F#5	78	80	
288	31.746094	F5	77	69	289	25.250000	F5	77	80	
289	31.759115	G#3	56	63	291	25.250000	G#3	56	80	
290	31.759115	B3	59	58	290	25.250000	B3	59	80	
291	31.891927	Eb5	75	70	292	25.375000	Eb5	75	80	
292	32.040365	D5	74	60	293	25.500000	D5	74	80	
293	32.066406	Bb3	58	74	294	25.500000	Bb3	58	80	
294	32.200521	F5	77	66	296	25.625000	F5	77	80	
295	32.369792	D3	50	59	298	25.750000	D3	50	80	
296	32.376302	Bb2	46	56	299	25.750000	Bb2	46	80	
297	32.382812	Bb4	70	68	297	25.750000	Bb4	70	80	
298	32.535156	G#4	68	69	300	25.875000	G#4	68	80	
299	32.684896	Eb3	51	70	302	26.000000	Eb3	51	80	
300	32.688802	Eb2	39	57	303	26.000000	Eb2	39	80	
301	32.700521	F#4	66	66	301	26.000000	F#4	66	80	
302	32.852865	F4	65	68	304	26.125000	F4	65	80	
303	33.014323	Eb4	63	67	305	26.250000	Eb4	63	80	
304	33.162760	D4	62	71	306	26.375000	D4	62	80	
305	33.335938	Eb4	63	70	307	26.500000	Eb4	63	80	
306	33.489583	F4	65	57	308	26.625000	F4	65	80	
307	33.636719	Eb3	51	71	310	26.750000	Eb3	51	80	
308	33.639323	F#4	66	66	309	26.750000	F#4	66	80	
309	33.791667	G#4	68	71	311	26.875000	G#4	68	80	
310	33.942708	F#3	54	77	313	27.000000	F#3	54	80	
311	33.951823	Bb4	70	67	312	27.000000	Bb4	70	80	
312	34.093750	F3	53	76	315	27.125000	F3	53	80	
313	34.102865	G#4	68	72	314	27.125000	G#4	68	80	
314	34.256510	F#4	66	71	316	27.250000	F#4	66	80	
315	34.261719	Eb3	51	73	317	27.250000	Eb3	51	80	
316	34.402344	F3	53	78	319	27.375000	F3	53	80	
317	34.402344	G#4	68	78	318	27.375000	G#4	68	80	
318	34.570312	Bb4	70	76	320	27.500000	Bb4	70	80	
319	34.576823	C#4	61	78	321	27.500000	C#4	61	80	
320	34.723958	G#4	68	80	322	27.625000	G#4	68	80	
321	34.888021	Bb3	58	78	324	27.750000	Bb3	58	80	
322	34.893229	F#4	66	75	323	27.750000	F#4	66	80	
323	35.042969	F4	65	76	325	27.875000	F4	65	80	
324	35.222656	F3	53	71	327	28.000000	F3	53	80	
325	35.222656	F#4	66	71	326	28.000000	F#4	66	80	
326	35.544271	Eb3	51	69	328	28.250000	Eb3	51	80	
327	35.703125	C#3	49	62	329	28.375000	C#3	49	80	
328	35.856771	Eb3	51	73	330	28.500000	Eb3	51	80	
329	36.005208	F4	65	66	331	28.625000	F4	65	80	
330	36.161458	Eb4	63	65	332	28.750000	Eb4	63	80	
331	36.164062	C4	60	63	333	28.750000	C4	60	80	
332	36.320312	F#4	66	64	334	28.875000	F#4	66	80	
333	36.467448	C#3	49	58	336	29.000000	C#3	49	80	
334	36.479167	F4	65	62	335	29.000000	F4	65	80	
335	36.631510	Eb4	63	66	337	29.125000	Eb4	63	80	
336	36.777344	C#4	61	60	338	29.250000	C#4	61	80	
337	36.791667	Bb3	58	62	339	29.250000	Bb3	58	80	
338	36.945312	F4	65	58	340	29.375000	F4	65	80	
339	37.097656	C3	48	52	342	29.500000	C3	48	80	
340	37.101562	Eb4	63	59	341	29.500000	Eb4	63	80	
341	37.257812	C#4	61	59	343	29.625000	C#4	61	80	
342	37.412760	Eb4	63	57	344	29.750000	Eb4	63	80	
343	37.430990	A3	57	49	345	29.750000	A3	57	80	
344	37.562500	C4	60	58	346	29.875000	C4	60	80	
345	37.717448	C#4	61	59	347	30.000000	C#4	61	80	
346	37.726562	Bb2	46	41	348	30.000000	Bb2	46	80	
347	37.876302	F4	65	63	349	30.125000	F4	65	80	
348	38.018229	Bb3	58	53	351	30.250000	Bb3	58	80	
349	38.024740	F#4	66	63	350	30.250000	F#4	66	80	
350	38.174479	F4	65	63	352	30.375000	F4	65	80	
351	38.179688	A3	57	57	353	30.375000	A3	57	80	
352	38.365885	C#5	73	63	354	30.500000	C#5	73	80	
353	38.367188	Bb3	58	53	355	30.500000	Bb3	58	80	
354	38.524740	C4	60	56	356	30.625000	C4	60	80	
355	38.677083	C#4	61	50	358	30.750000	C#4	61	80	
356	38.684896	F4	65	55	357	30.750000	F4	65	80	
357	38.820312	Bb3	58	54	359	30.875000	Bb3	58	80	
358	38.984375	Bb4	70	63	360	31.000000	Bb4	70	80	
359	38.988281	G3	55	47	361	31.000000	G3	55	80	
360	39.135417	G#3	56	57	363	31.125000	G#3	56	80	
361	39.143229	C5	72	72	362	31.125000	C5	72	80	
362	39.302083	C#5	73	68	364	31.250000	C#5	73	80	
363	39.303385	Bb3	58	56	365	31.250000	Bb3	58	80	
364	39.436198	Bb4	70	69	366	31.375000	Bb4	70	80	
365	39.438802	G3	55	54	367	31.375000	G3	55	80	
366	39.595052	Eb3	51	61	369	31.500000	Eb3	51	80	
367	39.605469	Bb5	82	73	368	31.500000	Bb5	82	80	
368	39.753906	F3	53	55	371	31.625000	F3	53	80	
369	39.776042	C#5	73	58	370	31.625000	C#5	73	80	
370	39.898438	G3	55	56	373	31.750000	G3	55	80	
371	39.916667	Eb5	75	65	372	31.750000	Eb5	75	80	
372	40.024740	Eb3	51	57	375	31.875000	Eb3	51	80	
373	40.057292	Bb4	70	64	374	31.875000	Bb4	70	80	
374	40.205729	C5	72	69	376	32.000000	C5	72	80	
375	40.212240	G#2	44	54	377	32.000000	G#2	44	80	
376	40.364583	Eb4	63	65	378	32.125000	Eb4	63	80	
377	40.515625	F4	65	62	379	32.250000	F4	65	80	
378	40.526042	G#3	56	57	380	32.250000	G#3	56	80	
379	40.666667	Eb4	63	61	381	32.375000	Eb4	63	80	
380	40.687500	G3	55	52	382	32.375000	G3	55	80	
381	40.837240	C5	72	65	383	32.500000	C5	72	80	
382	40.842448	G#3	56	56	384	32.500000	G#3	56	80	
383	40.993490	Bb3	58	52	385	32.625000	Bb3	58	80	
384	41.145833	C4	60	50	387	32.750000	C4	60	80	
385	41.183594	Eb4	63	45	386	32.750000	Eb4	63	80	
386	41.311198	G#3	56	50	388	32.875000	G#3	56	80	
387	41.473958	F3	53	46	390	33.000000	F3	53	80	
388	41.473958	G#4	68	58	389	33.000000	G#4	68	80	
389	41.625000	G3	55	54	392	33.125000	G3	55	80	
390	41.628906	Bb4	70	66	391	33.125000	Bb4	70	80	
391	41.777344	C5	72	67	393	33.250000	C5	72	80	
392	41.786458	G#3	56	54	394	33.250000	G#3	56	80	
393	41.924479	F3	53	54	396	33.375000	F3	53	80	
394	41.928385	G#4	68	69	395	33.375000	G#4	68	80	
395	42.084635	C#3	49	55	398	33.500000	C#3	49	80	
396	42.087240	G#5	80	71	397	33.500000	G#5	80	80	
397	42.244792	Eb3	51	54	400	33.625000	Eb3	51	80	
398	42.270833	C5	72	59	399	33.625000	C5	72	80	
399	42.395833	F3	53	58	402	33.750000	F3	53	80	
400	42.415365	C#5	73	64	401	33.750000	C#5	73	80	
401	42.535156	C#3	49	54	404	33.875000	C#3	49	80	
402	42.558594	G#4	68	62	403	33.875000	G#4	68	80	
403	42.697917	G2	43	58	406	34.000000	G2	43	80	
404	42.708333	Bb4	70	63	405	34.000000	Bb4	70	80	
405	42.848958	C#4	61	66	407	34.125000	C#4	61	80	
406	43.007812	G3	55	47	409	34.250000	G3	55	80	
407	43.019531	Eb4	63	65	408	34.250000	Eb4	63	80	
408	43.162760	F3	53	50	411	34.375000	F3	53	80	
409	43.170573	C#4	61	55	410	34.375000	C#4	61	80	
410	43.338542	G3	55	54	413	34.500000	G3	55	80	
411	43.348958	Bb4	70	53	412	34.500000	Bb4	70	80	
412	43.505208	G#3	56	49	414	34.625000	G#3	56	80	
413	43.666667	Bb3	58	52	416	34.750000	Bb3	58	80	
414	43.675781	C#4	61	54	415	34.750000	C#4	61	80	
415	43.822917	G3	55	42	417	34.875000	G3	55	80	
416	43.970052	E3	52	51	419	35.000000	E3	52	80	
417	43.973958	G4	67	56	418	35.000000	G4	67	80	
418	44.123698	G#4	68	62	420	35.125000	G#4	68	80	
419	44.126302	F3	53	53	421	35.125000	F3	53	80	
420	44.286458	G3	55	53	423	35.250000	G3	55	80	
421	44.287760	Bb4	70	63	422	35.250000	Bb4	70	80	
422	44.432292	E3	52	54	425	35.375000	E3	52	80	
423	44.436198	G4	67	65	424	35.375000	G4	67	80	
424	44.601562	G5	79	73	426	35.500000	G5	79	80	
425	44.604167	C3	48	57	427	35.500000	C3	48	80	
426	44.750000	D3	50	59	429	35.625000	D3	50	80	
427	44.759115	Bb4	70	63	428	35.625000	Bb4	70	80	
428	44.902344	E3	52	58	431	35.750000	E3	52	80	
429	44.907552	C5	72	70	430	35.750000	C5	72	80	
430	45.037760	G4	67	71	432	35.875000	G4	67	80	
431	45.045573	C3	48	58	433	35.875000	C3	48	80	
432	45.197917	F2	41	62	435	36.000000	F2	41	80	
433	45.203125	G#4	68	79	434	36.000000	G#4	68	80	
434	45.355469	E5	76	74	436	36.125000	E5	76	80	
435	45.358073	G2	43	61	437	36.125000	G2	43	80	
436	45.519531	G#2	44	69	439	36.250000	G#2	44	80	
437	45.519531	F5	77	87	438	36.250000	F5	77	80	
438	45.662760	Bb2	46	72	441	36.375000	Bb2	46	80	
439	45.662760	C#5	73	84	440	36.375000	C#5	73	80	
440	45.808594	C3	48	63	443	36.500000	C3	48	80	
441	45.826823	Bb4	70	74	442	36.500000	Bb4	70	80	
442	45.951823	D3	50	65	444	36.625000	D3	50	80	
443	46.132812	E3	52	69	446	36.750000	E3	52	80	
444	46.140625	C4	60	77	445	36.750000	C4	60	80	
445	46.282552	C3	48	69	447	36.875000	C3	48	80	
446	46.468750	C#4	61	80	448	37.000000	C#4	61	80	
447	46.476562	F3	53	65	449	37.000000	F3	53	80	
448	46.623698	C4	60	81	450	37.125000	C4	60	80	
449	46.630208	Eb3	51	71	451	37.125000	Eb3	51	80	
450	46.779948	C#3	49	64	453	37.250000	C#3	49	80	
451	46.781250	Bb3	58	83	452	37.250000	Bb3	58	80	
452	46.916667	C4	60	84	454	37.375000	C4	60	80	
453	46.923177	Eb3	51	75	455	37.375000	Eb3	51	80	
454	47.089844	G#4	68	86	456	37.500000	G#4	68	80	
455	47.092448	F3	53	66	458	37.500000	F3	53	80	
456	47.251302	Eb3	51	72	459	37.625000	Eb3	51	80	
457	47.415365	F4	65	76	460	37.750000	F4	65	80	
458	47.434896	C#3	49	66	461	37.750000	C#3	49	80	
459	47.604167	C3	48	77	462	37.875000	C3	48	80	
460	47.785156	C4	60	77	463	38.000000	C4	60	80	
461	47.794271	C#3	49	73	464	38.000000	C#3	49	80	
462	48.140625	Bb3	58	70	465	38.250000	Bb3	58	80	
463	48.291667	G#3	56	77	466	38.375000	G#3	56	80	
464	48.464844	Bb3	58	67	468	38.500000	Bb3	58	80	
465	48.470052	G4	67	77	467	38.500000	G4	67	80	
466	48.600260	C3	48	66	469	38.625000	C3	48	80	
467	48.769531	Bb2	46	66	471	38.750000	Bb2	46	80	
468	48.774740	G4	67	80	470	38.750000	G4	67	80	
469	48.916667	C#3	49	66	472	38.875000	C#3	49	80	
470	49.078125	C3	48	66	474	39.000000	C3	48	80	
471	49.092448	G#3	56	75	473	39.000000	G#3	56	80	
472	49.223958	Bb2	46	68	475	39.125000	Bb2	46	80	
473	49.406250	F4	65	81	476	39.250000	F4	65	80	
474	49.411458	G#2	44	69	478	39.250000	G#2	44	80	
475	49.546875	C3	48	70	479	39.375000	C3	48	80	
476	49.712240	Bb2	46	71	482	39.500000	Bb2	46	80	
477	49.713542	E4	64	78	480	39.500000	E4	64	80	
478	49.714844	G3	55	61	481	39.500000	G3	55	80	
479	49.848958	G#2	44	70	483	39.625000	G#2	44	80	
480	50.009115	Bb2	46	73	486	39.750000	Bb2	46	80	
481	50.019531	G4	67	80	484	39.750000	G4	67	80	
482	50.024740	E4	64	74	485	39.750000	E4	64	80	
483	50.166667	G2	43	77	487	39.875000	G2	43	80	
484	50.361979	C5	72	86	488	40.000000	C5	72	80	
485	50.363281	G#2	44	75	490	40.000000	G#2	44	80	
486	50.364583	F3	53	74	489	40.000000	F3	53	80	
487	50.515625	Bb4	70	76	491	40.125000	Bb4	70	80	
488	50.678385	G#4	68	74	492	40.250000	G#4	68	80	
489	50.680990	C#3	49	64	493	40.250000	C#3	49	80	
490	50.828125	C5	72	76	494	40.375000	C5	72	80	
491	50.971354	G2	43	63	496	40.500000	G2	43	80	
492	50.980469	Bb4	70	73	495	40.500000	Bb4	70	80	
493	51.128906	G#4	68	75	497	40.625000	G#4	68	80	
494	51.295573	G4	67	66	498	40.750000	G4	67	80	
495	51.299479	C3	48	42	500	40.750000	C3	48	80	
496	51.299479	E3	52	55	499	40.750000	E3	52	80	
497	51.450521	Bb4	70	70	501	40.875000	Bb4	70	80	
498	51.605469	F2	41	50	504	41.000000	F2	41	80	
499	51.618490	G#4	68	64	502	41.000000	G#4	68	80	
500	51.677083	F3	53	3	503	41.000000	F3	53	80	
501	51.769531	F4	65	60	505	41.125000	F4	65	80	
502	51.897135	E3	52	53	507	41.250000	E3	52	80	
503	51.916667	Bb2	46	38	508	41.250000	Bb2	46	80	
504	51.924479	C#5	73	61	506	41.250000	C#5	73	80	
505	52.057292	Bb4	70	66	509	41.375000	Bb4	70	80	
506	52.227865	C5	72	69	510	41.500000	C5	72	80	
507	52.243490	G#2	44	51	512	41.500000	G#2	44	80	
508	52.246094	F3	53	57	511	41.500000	F3	53	80	
509	52.372396	G#4	68	78	513	41.625000	G#4	68	80	
510	52.528646	F#5	78	85	514	41.750000	F#5	78	80	
511	52.539062	C#3	49	61	516	41.750000	C#3	49	80	
512	52.548177	Bb3	58	63	515	41.750000	Bb3	58	80	
513	52.683594	E5	76	86	517	41.875000	E5	76	80	
514	52.837240	E5	76	88	518	42.000000	E5	76	80	
515	52.850260	G#3	56	65	519	42.000000	G#3	56	80	
516	52.851562	C3	48	59	520	42.000000	C3	48	80	
517	52.985677	F5	77	93	521	42.125000	F5	77	80	
518	53.141927	G3	55	68	523	42.250000	G3	55	80	
519	53.152344	B5	83	89	522	42.250000	B5	83	80	
520	53.303385	C6	84	87	524	42.375000	C6	84	80	
521	53.308594	F3	53	63	525	42.375000	F3	53	80	
522	53.467448	G3	55	64	527	42.500000	G3	55	80	
523	53.468750	F5	77	71	*	-1	*	-1	-1	
524	53.559896	E5	76	65	526	42.500000	E5	76	80	
525	53.622396	F5	77	65	*	-1	*	-1	-1	
526	53.700521	E5	76	62	*	-1	*	-1	-1	
527	53.740885	F5	77	74	*	-1	*	-1	-1	
528	53.785156	Bb3	58	62	528	42.750000	Bb3	58	80	
529	53.808594	E5	76	75	*	-1	*	-1	-1	
530	54.042969	F5	77	65	529	42.875000	F5	77	80	
531	54.227865	G#3	56	39	531	43.000000	G#3	56	80	
532	54.251302	F3	53	35	532	43.000000	F3	53	80	
533	54.273438	F5	77	68	530	43.000000	F5	77	80	
534	54.436198	Bb3	58	48	533	43.125000	Bb3	58	80	
535	54.583333	C4	60	46	534	43.250000	C4	60	80	
536	54.731771	G#3	56	49	535	43.375000	G#3	56	80	
537	54.910156	F3	53	55	536	43.500000	F3	53	80	
538	55.042969	F#3	54	58	537	43.625000	F#3	54	80	
539	55.207031	G#3	56	54	539	43.750000	G#3	56	80	
540	55.222656	F5	77	68	538	43.750000	F5	77	80	
541	55.376302	F3	53	49	540	43.875000	F3	53	80	
542	55.548177	D3	50	51	542	44.000000	D3	50	80	
543	55.557292	B4	71	61	541	44.000000	B4	71	80	
544	55.695312	Eb3	51	60	544	44.125000	Eb3	51	80	
545	55.712240	Bb4	70	67	543	44.125000	Bb4	70	80	
546	55.861979	G#4	68	72	545	44.250000	G#4	68	80	
547	55.867188	F3	53	53	546	44.250000	F3	53	80	
548	56.015625	Bb4	70	71	547	44.375000	Bb4	70	80	
549	56.018229	D3	50	49	548	44.375000	D3	50	80	
550	56.179688	Bb2	46	51	550	44.500000	Bb2	46	80	
551	56.180990	F5	77	75	549	44.500000	F5	77	80	
552	56.342448	D3	50	49	551	44.625000	D3	50	80	
553	56.505208	D5	74	64	552	44.750000	D5	74	80	
554	56.522135	F3	53	51	553	44.750000	F3	53	80	
555	56.670573	Bb3	58	55	554	44.875000	Bb3	58	80	
556	56.832031	G#4	68	67	555	45.000000	G#4	68	80	
557	56.837240	Eb3	51	56	556	45.000000	Eb3	51	80	
558	56.994792	F#3	54	56	557	45.125000	F#3	54	80	
559	57.160156	F#4	66	64	558	45.250000	F#4	66	80	
560	57.167969	Bb3	58	54	559	45.250000	Bb3	58	80	
561	57.312500	F4	65	68	560	45.375000	F4	65	80	
562	57.317708	D4	62	50	561	45.375000	D4	62	80	
563	57.475260	F#4	66	66	562	45.500000	F#4	66	80	
564	57.480469	Eb4	63	55	563	45.500000	Eb4	63	80	
565	57.626302	F4	65	57	564	45.625000	F4	65	80	
566	57.777344	F#4	66	59	566	45.750000	F#4	66	80	
567	57.785156	Eb5	75	75	565	45.750000	Eb5	75	80	
568	57.927083	Eb4	63	60	567	45.875000	Eb4	63	80	
569	58.091146	A4	69	65	568	46.000000	A4	69	80	
570	58.092448	C4	60	55	569	46.000000	C4	60	80	
571	58.255208	C#4	61	54	571	46.125000	C#4	61	80	
572	58.257812	G#4	68	75	570	46.125000	G#4	68	80	
573	58.406250	F#4	66	75	572	46.250000	F#4	66	80	
574	58.412760	Eb4	63	54	573	46.250000	Eb4	63	80	
575	58.553385	G#4	68	79	574	46.375000	G#4	68	80	
576	58.565104	C4	60	64	575	46.375000	C4	60	80	
577	58.721354	Eb5	75	84	576	46.500000	Eb5	75	80	
578	58.736979	G#3	56	68	577	46.500000	G#3	56	80	
579	58.858073	G#2	44	66	578	46.625000	G#2	44	80	
580	59.027344	Bb2	46	65	580	46.750000	Bb2	46	80	
581	59.041667	C5	72	76	579	46.750000	C5	72	80	
582	59.166667	C3	48	73	581	46.875000	C3	48	80	
583	59.361979	C#3	49	65	583	47.000000	C#3	49	80	
584	59.375000	F#4	66	60	582	47.000000	F#4	66	80	
585	59.535156	G#3	56	58	584	47.125000	G#3	56	80	
586	59.694010	F4	65	65	585	47.250000	F4	65	80	
587	59.705729	Bb3	58	59	586	47.250000	Bb3	58	80	
588	59.838542	Eb4	63	67	587	47.375000	Eb4	63	80	
589	59.858073	C4	60	63	588	47.375000	C4	60	80	
590	60.019531	F4	65	60	589	47.500000	F4	65	80	
591	60.023438	C#4	61	51	590	47.500000	C#4	61	80	
592	60.153646	Eb3	51	57	592	47.625000	Eb3	51	80	
593	60.157552	G#4	68	65	591	47.625000	G#4	68	80	
594	60.322917	F3	53	57	594	47.750000	F3	53	80	
595	60.329427	C#5	73	71	593	47.750000	C#5	73	80	
596	60.470052	Eb5	75	80	595	47.875000	Eb5	75	80	
597	60.476562	G3	55	58	596	47.875000	G3	55	80	
598	60.634115	G#3	56	68	598	48.000000	G#3	56	80	
599	60.636719	F5	77	86	597	48.000000	F5	77	80	
600	60.782552	Eb5	75	84	599	48.125000	Eb5	75	80	
601	60.796875	G3	55	66	600	48.125000	G3	55	80	
602	60.929688	C#5	73	79	601	48.250000	C#5	73	80	
603	60.937500	F3	53	68	602	48.250000	F3	53	80	
604	61.074219	Eb5	75	84	603	48.375000	Eb5	75	80	
605	61.079427	G3	55	71	604	48.375000	G3	55	80	
606	61.230469	C6	84	91	605	48.500000	C6	84	80	
607	61.231771	C5	72	72	606	48.500000	C5	72	80	
608	61.264323	G#3	56	69	607	48.500000	G#3	56	80	
609	61.428385	G3	55	67	608	48.625000	G3	55	80	
610	61.566406	G#5	80	85	609	48.750000	G#5	80	80	
611	61.584635	F3	53	74	610	48.750000	F3	53	80	
612	61.725260	Eb3	51	79	611	48.875000	Eb3	51	80	
613	61.923177	Eb5	75	84	612	49.000000	Eb5	75	80	
614	61.927083	F3	53	74	613	49.000000	F3	53	80	
615	62.279948	C#5	73	76	614	49.250000	C#5	73	80	
616	62.430990	C5	72	80	615	49.375000	C5	72	80	
617	62.589844	C#5	73	78	616	49.500000	C#5	73	80	
618	62.593750	Bb4	70	67	617	49.500000	Bb4	70	80	
619	62.736979	Eb3	51	69	618	49.625000	Eb3	51	80	
620	62.884115	C#3	49	67	620	49.750000	C#3	49	80	
621	62.889323	Bb5	82	78	619	49.750000	Bb5	82	80	
622	63.044271	F3	53	67	621	49.875000	F3	53	80	
623	63.207031	Eb3	51	69	623	50.000000	Eb3	51	80	
624	63.207031	C5	72	72	622	50.000000	C5	72	80	
625	63.356771	C#3	49	60	624	50.125000	C#3	49	80	
626	63.526042	G#5	80	70	625	50.250000	G#5	80	80	
627	63.531250	C3	48	62	627	50.250000	C3	48	80	
628	63.532552	G#4	68	64	626	50.250000	G#4	68	80	
629	63.674479	Eb3	51	67	628	50.375000	Eb3	51	80	
630	63.835938	Bb4	70	67	629	50.500000	Bb4	70	80	
631	63.838542	C#3	49	62	631	50.500000	C#3	49	80	
632	63.846354	G4	67	58	630	50.500000	G4	67	80	
633	63.994792	C3	48	61	632	50.625000	C3	48	80	
634	64.140625	Bb2	46	56	635	50.750000	Bb2	46	80	
635	64.170573	G5	79	66	633	50.750000	G5	79	80	
636	64.174479	Bb4	70	62	634	50.750000	Bb4	70	80	
637	64.305990	C#3	49	58	636	50.875000	C#3	49	80	
638	64.490885	C3	48	63	639	51.000000	C3	48	80	
639	64.496094	Eb4	63	56	638	51.000000	Eb4	63	80	
640	64.497396	G#4	68	61	637	51.000000	G#4	68	80	
641	64.652344	Eb4	63	62	640	51.125000	Eb4	63	80	
642	64.816406	F4	65	66	641	51.250000	F4	65	80	
643	64.819010	Eb3	51	80	642	51.250000	Eb3	51	80	
644	64.966146	G4	67	66	643	51.375000	G4	67	80	
645	65.119792	G#4	68	76	644	51.500000	G#4	68	80	
646	65.125000	F#3	54	78	645	51.500000	F#3	54	80	
647	65.299479	Bb4	70	67	646	51.625000	Bb4	70	80	
648	65.466146	C5	72	74	647	51.750000	C5	72	80	
649	65.471354	G#3	56	71	648	51.750000	G#3	56	80	
650	65.621094	G#4	68	74	649	51.875000	G#4	68	80	
651	65.783854	C#5	73	67	650	52.000000	C#5	73	80	
652	65.787760	Bb3	58	80	651	52.000000	Bb3	58	80	
653	65.933594	C5	72	72	652	52.125000	C5	72	80	
654	65.944010	G#3	56	73	653	52.125000	G#3	56	80	
655	66.102865	F#3	54	74	655	52.250000	F#3	54	80	
656	66.110677	Bb4	70	75	654	52.250000	Bb4	70	80	
657	66.248698	G#3	56	73	657	52.375000	G#3	56	80	
658	66.265625	C5	72	84	656	52.375000	C5	72	80	
659	66.424479	F4	65	76	660	52.500000	F4	65	80	
660	66.424479	C#5	73	79	658	52.500000	C#5	73	80	
661	66.428385	F3	53	72	659	52.500000	F3	53	80	
662	66.566406	C5	72	80	661	52.625000	C5	72	80	
663	66.733073	Bb4	70	69	662	52.750000	Bb4	70	80	
664	66.740885	C#4	61	74	663	52.750000	C#4	61	80	
665	66.876302	G#4	68	69	664	52.875000	G#4	68	80	
666	67.053385	Bb4	70	68	665	53.000000	Bb4	70	80	
667	67.062500	G#3	56	69	666	53.000000	G#3	56	80	
668	67.403646	F#3	54	66	667	53.250000	F#3	54	80	
669	67.539062	F3	53	62	668	53.375000	F3	53	80	
670	67.690104	F#3	54	64	669	53.500000	F#3	54	80	
671	67.703125	Eb3	51	72	670	53.500000	Eb3	51	80	
672	67.872396	G#4	68	60	671	53.625000	G#4	68	80	
673	68.028646	Eb4	63	69	673	53.750000	Eb4	63	80	
674	68.035156	F#4	66	58	672	53.750000	F#4	66	80	
675	68.182292	Bb4	70	64	674	53.875000	Bb4	70	80	
676	68.338542	F3	53	70	676	54.000000	F3	53	80	
677	68.347656	G#4	68	72	675	54.000000	G#4	68	80	
678	68.493490	F#4	66	65	677	54.125000	F#4	66	80	
679	68.647135	F4	65	63	678	54.250000	F4	65	80	
680	68.651042	C#4	61	61	679	54.250000	C#4	61	80	
681	68.654948	C#3	49	55	680	54.250000	C#3	49	80	
682	68.796875	G#4	68	65	681	54.375000	G#4	68	80	
683	68.953125	Eb3	51	60	683	54.500000	Eb3	51	80	
684	68.959635	F#4	66	67	682	54.500000	F#4	66	80	
685	69.106771	F4	65	63	685	54.625000	F4	65	80	
686	69.261719	G#2	44	52	688	54.750000	G#2	44	80	
687	69.289062	Eb4	63	54	686	54.750000	Eb4	63	80	
688	69.294271	C4	60	48	687	54.750000	C4	60	80	
689	69.424479	F#4	66	60	689	54.875000	F#4	66	80	
690	69.591146	F4	65	60	690	55.000000	F4	65	80	
691	69.598958	C#4	61	46	691	55.000000	C#4	61	80	
692	69.609375	C#3	49	52	692	55.000000	C#3	49	80	
693	69.757812	Eb3	51	58	693	55.125000	Eb3	51	80	
694	69.919271	F3	53	55	695	55.250000	F3	53	80	
695	69.919271	G#4	68	64	694	55.250000	G#4	68	80	
696	70.063802	F#3	54	60	696	55.375000	F#3	54	80	
697	70.233073	F3	53	54	698	55.500000	F3	53	80	
698	70.250000	C#5	73	60	697	55.500000	C#5	73	80	
699	70.394531	Eb3	51	57	699	55.625000	Eb3	51	80	
700	70.550781	C#3	49	47	701	55.750000	C#3	49	80	
701	70.567708	G#5	80	61	700	55.750000	G#5	80	80	
702	70.696615	F3	53	55	703	55.875000	F3	53	80	
703	70.707031	F5	77	68	702	55.875000	F5	77	80	
704	70.864583	C#5	73	59	704	56.000000	C#5	73	80	
705	70.875000	Bb3	58	56	705	56.000000	Bb3	58	80	
706	71.013021	G#3	56	55	706	56.125000	G#3	56	80	
707	71.180990	E5	76	62	707	56.250000	E5	76	80	
708	71.184896	G3	55	49	708	56.250000	G3	55	80	
709	71.330729	C#5	73	64	709	56.375000	C#5	73	80	
710	71.334635	Bb3	58	56	710	56.375000	Bb3	58	80	
711	71.492188	Bb4	70	61	711	56.500000	Bb4	70	80	
712	71.496094	C#4	61	53	712	56.500000	C#4	61	80	
713	71.654948	B3	59	56	713	56.625000	B3	59	80	
714	71.802083	C#5	73	61	714	56.750000	C#5	73	80	
715	71.811198	Bb3	58	55	715	56.750000	Bb3	58	80	
716	71.938802	Bb4	70	66	716	56.875000	Bb4	70	80	
717	71.953125	C#4	61	57	717	56.875000	C#4	61	80	
718	72.121094	G4	67	64	718	57.000000	G4	67	80	
719	72.134115	E4	64	54	719	57.000000	E4	64	80	
720	72.464844	Bb4	70	66	720	57.250000	Bb4	70	80	
721	72.467448	Eb4	63	56	721	57.250000	Eb4	63	80	
722	72.598958	C#5	73	78	722	57.375000	C#5	73	80	
723	72.609375	C#4	61	62	723	57.375000	C#4	61	80	
724	72.761719	B3	59	64	725	57.500000	B3	59	80	
725	72.768229	E5	76	78	724	57.500000	E5	76	80	
726	72.916667	Bb3	58	67	726	57.625000	Bb3	58	80	
727	73.071615	G#3	56	66	728	57.750000	G#3	56	80	
728	73.075521	C#5	73	78	727	57.750000	C#5	73	80	
729	73.216146	G3	55	64	729	57.875000	G3	55	80	
730	73.395833	G#3	56	58	732	58.000000	G#3	56	80	
731	73.411458	B4	71	61	731	58.000000	B4	71	80	
732	73.412760	Eb5	75	67	730	58.000000	Eb5	75	80	
733	73.537760	B3	59	60	733	58.125000	B3	59	80	
734	73.707031	Bb3	58	64	735	58.250000	Bb3	58	80	
735	73.708333	G#5	80	68	734	58.250000	G#5	80	80	
736	73.854167	G#3	56	60	736	58.375000	G#3	56	80	
737	74.009115	C#5	73	63	737	58.500000	C#5	73	80	
738	74.018229	G3	55	56	739	58.500000	G3	55	80	
739	74.018229	Bb4	70	56	738	58.500000	Bb4	70	80	
740	74.158854	F3	53	61	740	58.625000	F3	53	80	
741	74.333333	Eb3	51	63	742	58.750000	Eb3	51	80	
742	74.342448	G5	79	66	741	58.750000	G5	79	80	
743	74.476562	C#3	49	60	743	58.875000	C#3	49	80	
744	74.653646	G#4	68	63	744	59.000000	G#4	68	80	
745	74.660156	B2	47	52	746	59.000000	B2	47	80	
746	74.786458	C#3	49	57	747	59.125000	C#3	49	80	
747	74.950521	Eb3	51	67	749	59.250000	Eb3	51	80	
748	74.970052	G#5	80	62	748	59.250000	G#5	80	80	
749	75.097656	G5	79	64	750	59.375000	G5	79	80	
750	75.122396	B2	47	53	751	59.375000	B2	47	80	
751	75.270833	G#5	80	66	752	59.500000	G#5	80	80	
752	75.273438	G#2	44	57	753	59.500000	G#2	44	80	
753	75.421875	Bb5	82	75	754	59.625000	Bb5	82	80	
754	75.589844	G#3	56	63	756	59.750000	G#3	56	80	
755	75.589844	B5	83	76	755	59.750000	B5	83	80	
756	75.733073	G#5	80	77	757	59.875000	G#5	80	80	
757	75.739583	F3	53	62	758	59.875000	F3	53	80	
758	75.882812	C#3	49	70	760	60.000000	C#3	49	80	
759	75.886719	F5	77	76	759	60.000000	F5	77	80	
760	76.028646	F#5	78	78	761	60.125000	F#5	78	80	
761	76.184896	G#5	80	78	762	60.250000	G#5	80	80	
762	76.190104	B3	59	71	763	60.250000	B3	59	80	
763	76.338542	F5	77	79	764	60.375000	F5	77	80	
764	76.343750	G#3	56	61	765	60.375000	G#3	56	80	
765	76.497396	F3	53	69	767	60.500000	F3	53	80	
766	76.507812	C#5	73	66	766	60.500000	C#5	73	80	
767	76.644531	Eb5	75	68	768	60.625000	Eb5	75	80	
768	76.804688	F5	77	62	769	60.750000	F5	77	80	
769	76.816406	C#3	49	51	770	60.750000	C#3	49	80	
770	76.938802	Bb2	46	51	772	60.875000	Bb2	46	80	
771	76.953125	C#5	73	61	771	60.875000	C#5	73	80	
772	77.098958	F#2	42	60	774	61.000000	F#2	42	80	
773	77.109375	Bb4	70	51	773	61.000000	Bb4	70	80	
774	77.287760	C5	72	32	775	61.125000	C5	72	80	
775	77.420573	C#5	73	63	776	61.250000	C#5	73	80	
776	77.441406	Bb3	58	59	777	61.250000	Bb3	58	80	
777	77.579427	Bb4	70	68	778	61.375000	Bb4	70	80	
778	77.591146	F#3	54	56	779	61.375000	F#3	54	80	
779	77.717448	Eb3	51	68	781	61.500000	Eb3	51	80	
780	77.735677	F#5	78	67	780	61.500000	F#5	78	80	
781	77.886719	G#5	80	73	782	61.625000	G#5	80	80	
782	78.028646	Bb5	82	71	783	61.750000	Bb5	82	80	
783	78.036458	F#3	54	59	784	61.750000	F#3	54	80	
784	78.160156	Eb3	51	55	786	61.875000	Eb3	51	80	
785	78.180990	F#5	78	69	785	61.875000	F#5	78	80	
786	78.332031	Eb5	75	59	787	62.000000	Eb5	75	80	
787	78.333333	C3	48	56	788	62.000000	C3	48	80	
788	78.473958	F5	77	67	789	62.125000	F5	77	80	
789	78.630208	F#5	78	67	790	62.250000	F#5	78	80	
790	78.656250	Bb3	58	56	791	62.250000	Bb3	58	80	
791	78.773438	Eb5	75	68	792	62.375000	Eb5	75	80	
792	78.789062	F#3	54	53	793	62.375000	F#3	54	80	
793	78.932292	C5	72	61	794	62.500000	C5	72	80	
794	78.933594	Eb3	51	62	795	62.500000	Eb3	51	80	
795	79.066406	C#5	73	59	796	62.625000	C#5	73	80	
796	79.216146	Eb5	75	58	797	62.750000	Eb5	75	80	
797	79.253906	C3	48	46	798	62.750000	C3	48	80	
798	79.367188	C5	72	61	799	62.875000	C5	72	80	
799	79.375000	G#2	44	46	800	62.875000	G#2	44	80	
800	79.519531	F2	41	58	802	63.000000	F2	41	80	
801	79.522135	G#4	68	57	801	63.000000	G#4	68	80	
802	79.669271	Bb4	70	57	803	63.125000	Bb4	70	80	
803	79.808594	C5	72	62	804	63.250000	C5	72	80	
804	79.855469	G#3	56	48	805	63.250000	G#3	56	80	
805	79.963542	G#4	68	66	806	63.375000	G#4	68	80	
806	79.967448	F3	53	50	807	63.375000	F3	53	80	
807	80.113281	D3	50	55	809	63.500000	D3	50	80	
808	80.118490	F5	77	65	808	63.500000	F5	77	80	
809	80.281250	F#5	78	73	810	63.625000	F#5	78	80	
810	80.425781	G#5	80	67	811	63.750000	G#5	80	80	
811	80.445312	F3	53	50	812	63.750000	F3	53	80	
812	80.570312	F5	77	69	813	63.875000	F5	77	80	
813	80.582031	D3	50	47	814	63.875000	D3	50	80	
814	80.727865	Bb2	46	53	816	64.000000	Bb2	46	80	
815	80.739583	D5	74	57	815	64.000000	D5	74	80	
816	80.875000	Eb5	75	61	817	64.125000	Eb5	75	80	
817	81.031250	G#3	56	54	819	64.250000	G#3	56	80	
818	81.041667	F5	77	53	818	64.250000	F5	77	80	
819	81.174479	D5	74	61	820	64.375000	D5	74	80	
820	81.184896	F3	53	45	821	64.375000	F3	53	80	
821	81.333333	Bb4	70	53	822	64.500000	Bb4	70	80	
822	81.335938	D3	50	53	823	64.500000	D3	50	80	
823	81.464844	C5	72	62	824	64.625000	C5	72	80	
824	81.634115	D5	74	57	825	64.750000	D5	74	80	
825	81.639323	Bb2	46	40	826	64.750000	Bb2	46	80	
826	81.761719	F#2	42	52	828	64.875000	F#2	42	80	
827	81.777344	Bb4	70	57	827	64.875000	Bb4	70	80	
828	81.920573	Eb2	39	50	830	65.000000	Eb2	39	80	
829	81.924479	F#4	66	54	829	65.000000	F#4	66	80	
830	82.074219	G#4	68	62	831	65.125000	G#4	68	80	
831	82.221354	F#3	54	52	833	65.250000	F#3	54	80	
832	82.230469	Bb4	70	59	832	65.250000	Bb4	70	80	
833	82.363281	Eb3	51	58	835	65.375000	Eb3	51	80	
834	82.375000	F#4	66	64	834	65.375000	F#4	66	80	
835	82.526042	C3	48	57	837	65.500000	C3	48	80	
836	82.531250	Eb5	75	66	836	65.500000	Eb5	75	80	
837	82.675781	F5	77	75	838	65.625000	F5	77	80	
838	82.832031	F#5	78	78	839	65.750000	F#5	78	80	
839	82.833333	Eb3	51	70	840	65.750000	Eb3	51	80	
840	82.977865	C3	48	54	842	65.875000	C3	48	80	
841	82.981771	Eb5	75	76	841	65.875000	Eb5	75	80	
842	83.131510	G#2	44	67	844	66.000000	G#2	44	80	
843	83.136719	C5	72	72	843	66.000000	C5	72	80	
844	83.291667	C#5	73	71	845	66.125000	C#5	73	80	
845	83.446615	Eb5	75	70	846	66.250000	Eb5	75	80	
846	83.455729	F#3	54	67	847	66.250000	F#3	54	80	
847	83.580729	Eb3	51	68	849	66.375000	Eb3	51	80	
848	83.592448	C5	72	67	848	66.375000	C5	72	80	
849	83.746094	C3	48	67	851	66.500000	C3	48	80	
850	83.750000	G#4	68	66	850	66.500000	G#4	68	80	
851	83.888021	Bb4	70	69	852	66.625000	Bb4	70	80	
852	84.050781	C5	72	73	853	66.750000	C5	72	80	
853	84.063802	G#2	44	63	854	66.750000	G#2	44	80	
854	84.174479	F2	41	68	856	66.875000	F2	41	80	
855	84.197917	G#4	68	71	855	66.875000	G#4	68	80	
856	84.359375	C#2	37	71	858	67.000000	C#2	37	80	
857	84.364583	F4	65	69	857	67.000000	F4	65	80	
858	84.509115	F#4	66	68	859	67.125000	F#4	66	80	
859	84.667969	G#4	68	73	860	67.250000	G#4	68	80	
860	84.813802	F4	65	74	861	67.375000	F4	65	80	
861	84.959635	C#4	61	71	862	67.500000	C#4	61	80	
862	85.095052	F4	65	75	863	67.625000	F4	65	80	
863	85.252604	G#4	68	77	864	67.750000	G#4	68	80	
864	85.393229	Bb4	70	81	865	67.875000	Bb4	70	80	
865	85.540365	B4	71	84	866	68.000000	B4	71	80	
866	85.682292	Bb4	70	79	867	68.125000	Bb4	70	80	
867	85.835938	G#4	68	82	868	68.250000	G#4	68	80	
868	85.839844	B3	59	68	869	68.250000	B3	59	80	
869	85.963542	C#3	49	62	871	68.375000	C#3	49	80	
870	85.992188	Bb4	70	78	870	68.375000	Bb4	70	80	
871	86.149740	F#5	78	84	872	68.500000	F#5	78	80	
872	86.165365	Bb3	58	69	873	68.500000	Bb3	58	80	
873	86.302083	C#3	49	61	874	68.625000	C#3	49	80	
874	86.470052	C#5	73	82	875	68.750000	C#5	73	80	
875	86.485677	G#3	56	66	876	68.750000	G#3	56	80	
876	86.611979	C#3	49	61	877	68.875000	C#3	49	80	
877	86.799479	Bb4	70	79	878	69.000000	Bb4	70	80	
878	86.804688	F#3	54	66	879	69.000000	F#3	54	80	
879	86.934896	C#3	49	57	880	69.125000	C#3	49	80	
880	87.098958	G#4	68	71	881	69.250000	G#4	68	80	
881	87.117188	F3	53	61	882	69.250000	F3	53	80	
882	87.252604	F#4	66	72	883	69.375000	F#4	66	80	
883	87.253906	Eb3	51	63	884	69.375000	C#3	49	80	
884	87.411458	G#4	68	72	885	69.500000	G#4	68	80	
885	87.423177	F3	53	69	886	69.500000	F3	53	80	
886	87.563802	C#4	61	60	887	69.625000	C#4	61	80	
887	87.722656	F4	65	64	888	69.750000	F4	65	80	
888	87.734375	G#2	44	53	889	69.750000	G#2	44	80	
889	87.869792	G#4	68	71	890	69.875000	G#4	68	80	
890	88.032552	Bb4	70	73	891	70.000000	Bb4	70	80	
891	88.170573	G#4	68	74	892	70.125000	G#4	68	80	
892	88.334635	F#4	66	73	893	70.250000	F#4	66	80	
893	88.345052	Bb3	58	70	894	70.250000	Bb3	58	80	
894	88.479167	C#3	49	60	896	70.375000	C#3	49	80	
895	88.483073	G#4	68	75	895	70.375000	G#4	68	80	
896	88.639323	F5	77	84	897	70.500000	F5	77	80	
897	88.658854	G#3	56	70	898	70.500000	G#3	56	80	
898	88.789062	C#3	49	62	899	70.625000	C#3	49	80	
899	88.955729	C#5	73	82	900	70.750000	C#5	73	80	
900	88.968750	F#3	54	69	901	70.750000	F#3	54	80	
901	89.105469	C#3	49	62	902	70.875000	C#3	49	80	
902	89.277344	G#4	68	81	903	71.000000	G#4	68	80	
903	89.282552	F3	53	67	904	71.000000	F3	53	80	
904	89.429688	C#3	49	56	905	71.125000	C#3	49	80	
905	89.585938	Eb3	51	68	907	71.250000	Eb3	51	80	
906	89.589844	F#4	66	65	906	71.250000	F#4	66	80	
907	89.727865	F4	65	68	908	71.375000	F4	65	80	
908	89.729167	C#3	49	61	909	71.375000	C#3	49	80	
909	89.875000	Eb3	51	68	911	71.500000	Eb3	51	80	
910	89.884115	F#4	66	66	910	71.500000	F#4	66	80	
911	90.027344	C4	60	61	912	71.625000	C4	60	80	
912	90.175781	G#2	44	57	914	71.750000	G#2	44	80	
913	90.187500	Eb4	63	61	913	71.750000	Eb4	63	80	
914	90.339844	F#4	66	59	915	71.875000	F#4	66	80	
915	90.505208	G#4	68	66	916	72.000000	G#4	68	80	
916	90.643229	F#4	66	70	917	72.125000	F#4	66	80	
917	90.794271	F4	65	74	918	72.250000	F4	65	80	
918	90.805990	G#3	56	66	919	72.250000	G#3	56	80	
919	90.925781	G#2	44	64	921	72.375000	G#2	44	80	
920	90.928385	F#4	66	74	920	72.375000	F#4	66	80	
921	91.097656	Eb5	75	84	922	72.500000	Eb5	75	80	
922	91.105469	F#3	54	73	923	72.500000	F#3	54	80	
923	91.251302	G#2	44	68	924	72.625000	G#2	44	80	
924	91.430990	C5	72	78	925	72.750000	C5	72	80	
925	91.436198	F3	53	69	926	72.750000	F3	53	80	
926	91.574219	G#2	44	67	927	72.875000	G#2	44	80	
927	91.751302	Eb3	51	66	929	73.000000	Eb3	51	80	
928	91.760417	F#4	66	65	928	73.000000	F#4	66	80	
929	91.890625	G#2	44	62	930	73.125000	G#2	44	80	
930	92.055990	C#3	49	55	932	73.250000	C#3	49	80	
931	92.058594	F4	65	58	931	73.250000	F4	65	80	
932	92.195312	C3	48	56	934	73.375000	C3	48	80	
933	92.214844	Eb4	63	62	933	73.375000	Eb4	63	80	
934	92.359375	C#3	49	57	936	73.500000	C#3	49	80	
935	92.378906	F4	65	61	935	73.500000	F4	65	80	
936	92.510417	G#2	44	56	938	73.625000	G#2	44	80	
937	92.522135	G#4	68	68	937	73.625000	G#4	68	80	
938	92.662760	Bb4	70	68	939	73.750000	Bb4	70	80	
939	92.680990	F3	53	61	940	73.750000	F3	53	80	
940	92.809896	Eb3	51	69	942	73.875000	Eb3	51	80	
941	92.813802	C5	72	77	941	73.875000	C5	72	80	
942	92.967448	F3	53	63	944	74.000000	F3	53	80	
943	92.967448	C#5	73	79	943	74.000000	C#5	73	80	
944	93.117188	Eb5	75	84	945	74.125000	Eb5	75	80	
945	93.122396	G#2	44	66	946	74.125000	G#2	44	80	
946	93.276042	F5	77	86	947	74.250000	F5	77	80	
947	93.289062	G#3	56	69	948	74.250000	G#3	56	80	
948	93.421875	Eb5	75	86	949	74.375000	Eb5	75	80	
949	93.433594	F#3	54	70	950	74.375000	F#3	54	80	
950	93.575521	F#5	78	90	951	74.500000	F#5	78	80	
951	93.579427	G#3	56	78	952	74.500000	G#3	56	80	
952	93.717448	F5	77	87	953	74.625000	F5	77	80	
953	93.723958	G#2	44	69	954	74.625000	G#2	44	80	
954	93.858073	Eb5	75	87	955	74.750000	Eb5	75	80	
955	93.868490	Bb3	58	78	956	74.750000	Bb3	58	80	
956	93.994792	C#5	73	77	957	74.875000	C#5	73	80	
957	94.009115	G#2	44	79	958	74.875000	G#2	44	80	
958	94.178385	G5	79	79	962	75.062500	G#5	80	80	
959	94.187500	C4	60	80	961	75.000000	C4	60	80	
960	94.330729	G#5	80	76	965	75.187500	G#5	80	80	
961	94.415365	C#4	61	67	964	75.125000	C#4	61	80	
962	94.438802	Bb5	82	69	966	75.250000	Bb5	82	80	
963	94.526042	G#5	80	70	968	75.312500	G#5	80	80	
964	94.571615	Eb4	63	68	967	75.250000	Eb4	63	80	
965	94.597656	Bb5	82	66	970	75.375000	Bb5	82	80	
966	94.699219	G#5	80	69	972	75.437500	G#5	80	80	
967	94.701823	C4	60	59	971	75.375000	C4	60	80	
968	94.772135	Bb5	82	72	973	75.500000	Bb5	82	80	
969	94.822917	G#3	56	72	975	75.500000	G#3	56	80	
970	94.847656	G#5	80	67	976	75.562500	G#5	80	80	
971	94.914062	Bb5	82	75	978	75.625000	Bb5	82	80	
972	94.963542	C4	60	69	979	75.625000	C4	60	80	
973	95.009115	G#5	80	65	980	75.687500	G#5	80	80	
974	95.076823	Bb5	82	70	981	75.750000	Bb5	82	80	
975	95.095052	Eb4	63	67	983	75.750000	Eb4	63	80	
976	95.157552	G#5	80	61	984	75.812500	G#5	80	80	
977	95.212240	Bb5	82	70	986	75.875000	Bb5	82	80	
978	95.234375	F4	65	66	987	75.875000	F4	65	80	
979	95.290365	G#5	80	76	988	75.937500	G#5	80	80	
980	95.403646	F#4	66	64	989	76.000000	F#4	66	80	
981	95.557292	G#5	80	67	990	76.125000	G#5	80	80	
982	95.565104	F4	65	60	991	76.125000	F4	65	80	
983	95.712240	F#5	78	69	992	76.250000	F#5	78	80	
984	95.721354	Eb4	63	58	993	76.250000	Eb4	63	80	
985	95.860677	G#5	80	64	994	76.375000	G#5	80	80	
986	95.872396	F4	65	55	995	76.375000	F#4	66	80	
987	96.022135	F5	77	66	996	76.500000	F5	77	80	
988	96.035156	C#5	73	67	997	76.500000	C#5	73	80	
989	96.178385	G#5	80	59	998	76.625000	G#5	80	80	
990	96.356771	G#4	68	65	1000	76.750000	G#4	68	80	
991	96.365885	Eb5	75	62	999	76.750000	Eb5	75	80	
992	96.509115	G#5	80	56	1001	76.875000	G#5	80	80	
993	96.669271	F4	65	63	1003	77.000000	F4	65	80	
994	96.677083	C#5	73	64	1002	77.000000	C#5	73	80	
995	96.822917	G#5	80	58	1004	77.125000	G#5	80	80	
996	96.990885	C5	72	62	1005	77.250000	C5	72	80	
997	96.993490	Eb4	63	59	1006	77.250000	Eb4	63	80	
998	97.136719	C#4	61	59	1008	77.375000	C#4	61	80	
999	97.138021	Bb4	70	62	1007	77.375000	Bb4	70	80	
1000	97.299479	Eb4	63	62	1010	77.500000	Eb4	63	80	
1001	97.304688	C5	72	57	1009	77.500000	C5	72	80	
1002	97.442708	G#3	56	59	1012	77.625000	G#3	56	80	
1003	97.451823	Eb5	75	62	1011	77.625000	Eb5	75	80	
1004	97.602865	F5	77	62	1013	77.750000	F5	77	80	
1005	97.604167	C4	60	59	1014	77.750000	C#4	61	80	
1006	97.760417	Eb4	63	59	1016	77.875000	Eb4	63	80	
1007	97.763021	F#5	78	65	1015	77.875000	F#5	78	80	
1008	97.923177	F4	65	59	1018	78.000000	F4	65	80	
1009	97.924479	G#5	80	59	1017	78.000000	G#5	80	80	
1010	98.069010	F#5	78	63	1019	78.125000	F#5	78	80	
1011	98.071615	Eb4	63	51	1020	78.125000	Eb4	63	80	
1012	98.226562	F5	77	61	1021	78.250000	F5	77	80	
1013	98.246094	C#4	61	55	1022	78.250000	C#4	61	80	
1014	98.381510	Eb4	63	58	1024	78.375000	Eb4	63	80	
1015	98.399740	G#5	80	54	1023	78.375000	G#5	80	80	
1016	98.558594	C5	72	64	1026	78.500000	C5	72	80	
1017	98.561198	Eb5	75	65	1025	78.500000	Eb5	75	80	
1018	98.712240	G#5	80	55	1027	78.625000	G#5	80	80	
1019	98.868490	G#4	68	65	1029	78.750000	G#4	68	80	
1020	98.884115	C#5	73	61	1028	78.750000	C#5	73	80	
1021	99.031250	G#5	80	59	1030	78.875000	G#5	80	80	
1022	99.200521	Eb4	63	61	1032	79.000000	Eb4	63	80	
1023	99.209635	C5	72	60	1031	79.000000	C5	72	80	
1024	99.390625	G#5	80	54	1033	79.125000	G#5	80	80	
1025	99.523438	C#4	61	56	1035	79.250000	C#4	61	80	
1026	99.533854	Bb4	70	62	1034	79.250000	Bb4	70	80	
1027	99.675781	C4	60	62	1037	79.375000	C4	60	80	
1028	99.677083	G#4	68	59	1036	79.375000	G#4	68	80	
1029	99.824219	Bb4	70	66	1038	79.500000	Bb4	70	80	
1030	99.825521	C#4	61	59	1039	79.500000	C#4	61	80	
1031	99.963542	G#3	56	53	1041	79.625000	G#3	56	80	
1032	99.972656	C#5	73	66	1040	79.625000	C#5	73	80	
1033	100.118490	C4	60	63	1043	79.750000	C4	60	80	
1034	100.122396	Eb5	75	72	1042	79.750000	Eb5	75	80	
1035	100.279948	F5	77	70	1044	79.875000	F5	77	80	
1036	100.281250	C#4	61	62	1045	79.875000	C#4	61	80	
1037	100.446615	Eb4	63	58	1047	80.000000	Eb4	63	80	
1038	100.451823	F#5	78	62	1046	80.000000	F#5	78	80	
1039	100.592448	C#4	61	58	1049	80.125000	C#4	61	80	
1040	100.605469	F5	77	63	1048	80.125000	F5	77	80	
1041	100.760417	Eb5	75	60	1050	80.250000	Eb5	75	80	
1042	100.774740	C4	60	52	1051	80.250000	C4	60	80	
1043	100.906250	C#4	61	60	1053	80.375000	C#4	61	80	
1044	100.914062	F5	77	62	1052	80.375000	F5	77	80	
1045	101.076823	Bb4	70	62	1055	80.500000	Bb4	70	80	
1046	101.078125	C#5	73	57	1054	80.500000	C#5	73	80	
1047	101.222656	Eb5	75	61	1056	80.625000	Eb5	75	80	
1048	101.399740	G4	67	64	1058	80.750000	G4	67	80	
1049	101.401042	C5	72	58	1057	80.750000	C5	72	80	
1050	101.563802	Eb5	75	57	1059	80.875000	Eb5	75	80	
1051	101.722656	C#4	61	54	1061	81.000000	C#4	61	80	
1052	101.731771	Bb4	70	56	1060	81.000000	Bb4	70	80	
1053	101.877604	Eb5	75	56	1062	81.125000	Eb5	75	80	
1054	102.049479	G#4	68	60	1063	81.250000	G#4	68	80	
1055	102.053385	C4	60	60	1064	81.250000	C4	60	80	
1056	102.197917	G4	67	64	1065	81.375000	G4	67	80	
1057	102.203125	Bb3	58	61	1066	81.375000	Bb3	58	80	
1058	102.354167	G#4	68	67	1067	81.500000	G#4	68	80	
1059	102.365885	C4	60	61	1068	81.500000	C4	60	80	
1060	102.506510	G#3	56	60	1070	81.625000	G#3	56	80	
1061	102.511719	C5	72	72	1069	81.625000	C5	72	80	
1062	102.666667	C#5	73	74	1071	81.750000	C#5	73	80	
1063	102.674479	Bb3	58	64	1072	81.750000	Bb3	58	80	
1064	102.802083	C4	60	61	1074	81.875000	C4	60	80	
1065	102.813802	Eb5	75	80	1073	81.875000	Eb5	75	80	
1066	102.968750	F5	77	85	1075	82.000000	F5	77	80	
1067	102.976562	C#4	61	65	1076	82.000000	C#4	61	80	
1068	103.126302	Eb4	63	68	1078	82.125000	Eb4	63	80	
1069	103.126302	F5	77	74	1077	82.125000	F#5	78	80	
1070	103.285156	F4	65	68	1080	82.250000	F4	65	80	
1071	103.296875	G#5	80	85	1079	82.250000	G#5	80	80	
1072	103.429688	Eb4	63	61	1082	82.375000	Eb4	63	80	
1073	103.467448	Bb5	82	87	1081	82.375000	Bb5	82	80	
1074	103.608073	F#4	66	61	1084	82.500000	F#4	66	80	
1075	103.619792	C5	72	79	1083	82.500000	C5	72	80	
1076	103.778646	F4	65	62	1085	82.625000	F4	65	80	
1077	103.924479	G#4	68	74	1086	82.750000	G#4	68	80	
1078	103.941406	Eb4	63	66	1087	82.750000	Eb4	63	80	
1079	104.083333	C#4	61	64	1088	82.875000	C#4	61	80	
1080	104.250000	F#4	66	71	1090	83.000000	F#4	66	80	
1081	104.253906	Bb4	70	73	1089	83.000000	Bb4	70	80	
1082	104.395833	G#4	68	72	1091	83.125000	G#4	68	80	
1083	104.549479	Bb3	58	58	1093	83.250000	Bb3	58	80	
1084	104.558594	F#4	66	67	1092	83.250000	F#4	66	80	
1085	104.704427	G#4	68	76	1094	83.375000	G#4	68	80	
1086	104.708333	C4	60	70	1095	83.375000	C4	60	80	
1087	104.876302	F5	77	84	1096	83.500000	F5	77	80	
1088	104.880208	C#4	61	66	1097	83.500000	C#4	61	80	
1089	105.003906	C4	60	66	1098	83.625000	C4	60	80	
1090	105.197917	Bb3	58	68	1100	83.750000	Bb3	58	80	
1091	105.200521	C#5	73	86	1099	83.750000	C#5	73	80	
1092	105.367188	G#3	56	75	1101	83.875000	G#3	56	80	
1093	105.555990	G#4	68	78	1102	84.000000	G#4	68	80	
1094	105.563802	Bb3	58	68	1103	84.000000	Bb3	58	80	
1095	105.903646	F#4	66	66	1104	84.250000	F#4	66	80	
1096	106.053385	F4	65	70	1105	84.375000	F4	65	80	
1097	106.209635	F#4	66	76	1106	84.500000	F#4	66	80	
1098	106.368490	G#3	56	73	1107	84.625000	G#3	56	80	
1099	106.545573	Eb5	75	82	1108	84.750000	Eb5	75	80	
1100	106.546875	F#3	54	72	1109	84.750000	F#3	54	80	
1101	106.707031	Bb3	58	72	1110	84.875000	Bb3	58	80	
1102	106.868490	G#3	56	67	1112	85.000000	G#3	56	80	
1103	106.871094	F4	65	71	1111	85.000000	F4	65	80	
1104	107.015625	F#3	54	70	1113	85.125000	F#3	54	80	
1105	107.180990	F3	53	67	1115	85.250000	F3	53	80	
1106	107.192708	C#5	73	71	1114	85.250000	C#5	73	80	
1107	107.341146	G#3	56	63	1116	85.375000	G#3	56	80	
1108	107.513021	F#3	54	63	1118	85.500000	F#3	54	80	
1109	107.516927	Eb4	63	62	1117	85.500000	Eb4	63	80	
1110	107.652344	F3	53	58	1119	85.625000	F3	53	80	
1111	107.805990	F#3	54	61	1121	85.750000	F#3	54	80	
1112	107.834635	C5	72	64	1120	85.750000	C5	72	80	
1113	107.972656	Eb3	51	58	1122	85.875000	Eb3	51	80	
1114	108.177083	F3	53	50	1124	86.000000	F3	53	80	
1115	108.177083	C#4	61	50	1123	86.000000	C#4	61	80	
1116	108.527344	C#5	73	61	1125	86.250000	C#5	73	80	
1117	108.657552	G#3	56	57	1127	86.375000	G#3	56	80	
1118	108.674479	C5	72	61	1126	86.375000	C5	72	80	
1119	108.824219	C#5	73	66	1128	86.500000	C#5	73	80	
1120	108.833333	Bb3	58	66	1129	86.500000	Bb3	58	80	
1121	108.973958	Eb5	75	67	1130	86.625000	Eb5	75	80	
1122	108.980469	C4	60	59	1131	86.625000	C4	60	80	
1123	109.132812	C#4	61	61	1133	86.750000	C#4	61	80	
1124	109.134115	F5	77	62	1132	86.750000	F5	77	80	
1125	109.307292	Eb4	63	58	1136	86.875000	Eb4	63	80	
1126	109.307292	F#5	78	65	1135	86.875000	F#5	78	80	
1127	109.464844	G#5	80	70	1137	87.000000	G#5	80	80	
1128	109.466146	F4	65	62	1138	87.000000	F4	65	80	
1129	109.615885	F#5	78	76	1139	87.125000	F#5	78	80	
1130	109.618490	Eb4	63	68	1140	87.125000	Eb4	63	80	
1131	109.773438	F5	77	77	1141	87.250000	F5	77	80	
1132	109.778646	C#4	61	69	1142	87.250000	C#4	61	80	
1133	109.919271	Eb4	63	69	1144	87.375000	Eb4	63	80	
1134	109.923177	F#5	78	83	1143	87.375000	F#5	78	80	
1135	110.088542	G#5	80	84	1145	87.500000	G#5	80	80	
1136	110.093750	C5	72	83	1146	87.500000	C5	72	80	
1137	110.098958	C4	60	73	1147	87.500000	C4	60	80	
1138	110.250000	F#5	78	87	1148	87.625000	F#5	78	80	
1139	110.417969	F5	77	78	1149	87.750000	F5	77	80	
1140	110.419271	G#4	68	76	1150	87.750000	G#4	68	80	
1141	110.575521	C4	60	15	*	-1	*	-1	-1	
1142	110.578125	Eb5	75	74	1151	87.875000	Eb5	75	80	
1143	110.739583	Eb4	63	71	1153	88.000000	Eb4	63	80	
1144	110.756510	F5	77	76	1152	88.000000	F5	77	80	
1145	111.085938	C#4	61	68	1154	88.250000	C#4	61	80	
1146	111.221354	C4	60	64	1155	88.375000	C4	60	80	
1147	111.393229	C#4	61	63	1157	88.500000	C#4	61	80	
1148	111.401042	Bb3	58	67	1156	88.500000	Bb3	58	80	
1149	111.562500	Eb5	75	68	1158	88.625000	Eb5	75	80	
1150	111.716146	C#5	73	69	1159	88.750000	C#5	73	80	
1151	111.720052	Bb4	70	75	1160	88.750000	Bb4	70	80	
1152	111.871094	F5	77	76	1161	88.875000	F5	77	80	
1153	112.026042	C4	60	79	1163	89.000000	C4	60	80	
1154	112.031250	Eb5	75	74	1162	89.000000	Eb5	75	80	
1155	112.175781	C#5	73	67	1164	89.125000	C#5	73	80	
1156	112.348958	C5	72	68	1165	89.250000	C5	72	80	
1157	112.352865	G#4	68	68	1167	89.250000	G#4	68	80	
1158	112.375000	G#3	56	45	1166	89.250000	G#3	56	80	
1159	112.500000	Eb5	75	69	1168	89.375000	Eb5	75	80	
1160	112.661458	Bb3	58	59	1170	89.500000	Bb3	58	80	
1161	112.666667	C#5	73	70	1169	89.500000	C#5	73	80	
1162	112.805990	C5	72	70	1172	89.625000	C5	72	80	
1163	112.959635	Eb3	51	59	1174	89.750000	Eb3	51	80	
1164	112.966146	C#5	73	65	1173	89.750000	C#5	73	80	
1165	112.976562	G4	67	51	1175	89.750000	G4	67	80	
1166	113.121094	Bb4	70	63	1176	89.875000	Bb4	70	80	
1167	113.298177	G#3	56	46	1178	90.000000	G#3	56	80	
1168	113.309896	C5	72	61	1177	90.000000	C5	72	80	
1169	113.631510	Eb5	75	70	1180	90.250000	Eb5	75	80	
1170	113.638021	G#4	68	59	1181	90.250000	G#4	68	80	
1171	113.778646	F#4	66	73	1182	90.375000	G4	67	80	
1172	113.937500	F#5	78	81	1183	90.500000	F#5	78	80	
1173	113.944010	G#4	68	74	1184	90.500000	G#4	68	80	
1174	114.100260	Bb4	70	67	1185	90.625000	Bb4	70	80	
1175	114.253906	G#3	56	75	1187	90.750000	G#3	56	80	
1176	114.273438	C5	72	73	1186	90.750000	C5	72	80	
1177	114.423177	G#4	68	73	1188	90.875000	G#4	68	80	
1178	114.575521	Bb3	58	82	1190	91.000000	Bb3	58	80	
1179	114.583333	C#5	73	68	1189	91.000000	C#5	73	80	
1180	114.725260	C5	72	74	1191	91.125000	C5	72	80	
1181	114.729167	G#3	56	77	1192	91.125000	G#3	56	80	
1182	114.880208	F#3	54	77	1194	91.250000	F#3	54	80	
1183	114.890625	Bb4	70	76	1193	91.250000	Bb4	70	80	
1184	115.011719	G#3	56	79	1196	91.375000	G#3	56	80	
1185	115.018229	C5	72	83	1195	91.375000	C5	72	80	
1186	115.173177	C#5	73	76	1198	91.500000	C#5	73	80	
1187	115.173177	F5	77	91	1197	91.500000	F5	77	80	
1188	115.179688	F4	65	82	1199	91.500000	F4	65	80	
1189	115.324219	C5	72	76	1200	91.625000	C5	72	80	
1190	115.489583	C#4	61	80	1202	91.750000	C#4	61	80	
1191	115.505208	Bb4	70	78	1201	91.750000	Bb4	70	80	
1192	115.640625	G#4	68	75	1203	91.875000	G#4	68	80	
1193	115.829427	G#3	56	78	1205	92.000000	G#3	56	80	
1194	115.835938	Bb4	70	79	1204	92.000000	Bb4	70	80	
1195	116.166667	F#3	54	69	1206	92.250000	F#3	54	80	
1196	116.317708	F3	53	73	1207	92.375000	F3	53	80	
1197	116.467448	Eb5	75	76	1208	92.500000	Eb5	75	80	
1198	116.476562	F#3	54	78	1209	92.500000	F#3	54	80	
1199	116.618490	G#4	68	71	1210	92.625000	G#4	68	80	
1200	116.790365	Eb4	63	69	1212	92.750000	Eb4	63	80	
1201	116.790365	F#4	66	65	1211	92.750000	F#4	66	80	
1202	116.928385	Bb4	70	66	1213	92.875000	Bb4	70	80	
1203	117.089844	G#4	68	70	1214	93.000000	G#4	68	80	
1204	117.092448	F3	53	70	1215	93.000000	F3	53	80	
1205	117.244792	F#4	66	61	1216	93.125000	F#4	66	80	
1206	117.395833	F4	65	63	1218	93.250000	F4	65	80	
1207	117.397135	C#5	73	64	1217	93.250000	C#5	73	80	
1208	117.408854	C#4	61	62	1219	93.250000	C#4	61	80	
1209	117.536458	G#4	68	70	1220	93.375000	G#4	68	80	
1210	117.686198	Eb3	51	59	1223	93.500000	Eb3	51	80	
1211	117.691406	F#4	66	60	1222	93.500000	F#4	66	80	
1212	117.695312	C5	72	67	1221	93.500000	C5	72	80	
1213	117.825521	F4	65	66	1224	93.625000	F4	65	80	
1214	117.994792	F#4	66	63	1226	93.750000	F#4	66	80	
1215	118.005208	Eb5	75	70	1225	93.750000	Eb5	75	80	
1216	118.010417	C4	60	56	1227	93.750000	C4	60	80	
1217	118.164062	Eb4	63	54	1228	93.875000	Eb4	63	80	
1218	118.355469	C#3	49	44	1230	94.000000	C#3	49	80	
1219	118.355469	F4	65	65	1229	94.000000	F4	65	80	
1220	118.502604	G#2	44	52	1231	94.125000	G#2	44	80	
1221	118.677083	G#4	68	64	1232	94.250000	G#4	68	80	
1222	118.684896	C#3	49	49	1233	94.250000	C#3	49	80	
1223	118.845052	Eb3	51	58	1234	94.375000	Eb3	51	80	
1224	118.997396	C#5	73	69	1235	94.500000	C#5	73	80	
1225	119.018229	F3	53	52	1236	94.500000	F3	53	80	
1226	119.154948	F#3	54	51	1237	94.625000	F#3	54	80	
1227	119.319010	B4	71	69	1238	94.750000	B4	71	80	
1228	119.330729	G#3	56	52	1239	94.750000	G#3	56	80	
1229	119.479167	F3	53	57	1240	94.875000	F3	53	80	
1230	119.643229	F#3	54	52	1242	95.000000	F#3	54	80	
1231	119.643229	Bb4	70	68	1241	95.000000	Bb4	70	80	
1232	119.792969	F#2	42	59	1243	95.125000	F#2	42	80	
1233	119.973958	C#4	61	64	1244	95.250000	C#4	61	80	
1234	119.976562	F#3	54	56	1245	95.250000	F#3	54	80	
1235	120.125000	F3	53	59	1246	95.375000	F3	53	80	
1236	120.305990	F#3	54	60	1248	95.500000	F#3	54	80	
1237	120.309896	F#4	66	59	1247	95.500000	F#4	66	80	
1238	120.462240	G#3	56	57	1249	95.625000	G#3	56	80	
1239	120.617188	F4	65	65	1250	95.750000	F4	65	80	
1240	120.626302	Bb3	58	52	1251	95.750000	Bb3	58	80	
1241	120.768229	F#3	54	53	1252	95.875000	F#3	54	80	
1242	120.923177	F#4	66	63	1253	96.000000	F#4	66	80	
1243	120.927083	Eb3	51	57	1254	96.000000	Eb3	51	80	
1244	121.088542	F3	53	47	1255	96.125000	F3	53	80	
1245	121.234375	F#3	54	53	1257	96.250000	F#3	54	80	
1246	121.265625	Bb4	70	69	1256	96.250000	Bb4	70	80	
1247	121.394531	Eb3	51	57	1259	96.375000	Eb3	51	80	
1248	121.415365	F#4	66	68	1258	96.375000	F#4	66	80	
1249	121.561198	C3	48	53	1261	96.500000	C3	48	80	
1250	121.565104	Eb4	63	64	1260	96.500000	Eb4	63	80	
1251	121.697917	C#3	49	55	1262	96.625000	C#3	49	80	
1252	121.868490	Eb3	51	58	1264	96.750000	Eb3	51	80	
1253	121.871094	F#4	66	58	1263	96.750000	F#4	66	80	
1254	122.005208	C3	48	49	1266	96.875000	C3	48	80	
1255	122.022135	Eb4	63	59	1265	96.875000	Eb4	63	80	
1256	122.188802	F2	41	51	1268	97.000000	F2	41	80	
1257	122.192708	G#3	56	59	1267	97.000000	G#3	56	80	
1258	122.526042	F3	53	42	1270	97.250000	F3	53	80	
1259	122.541667	Eb4	63	60	1269	97.250000	Eb4	63	80	
1260	122.674479	Eb3	51	54	1271	97.375000	Eb3	51	80	
1261	122.856771	G#4	68	69	1272	97.500000	G#4	68	80	
1262	122.858073	F3	53	54	1273	97.500000	F3	53	80	
1263	123.010417	F#3	54	59	1274	97.625000	F#3	54	80	
1264	123.186198	G#3	56	51	1276	97.750000	G#3	56	80	
1265	123.196615	C4	60	62	1275	97.750000	C4	60	80	
1266	123.348958	F3	53	48	1277	97.875000	F3	53	80	
1267	123.522135	D3	50	49	1279	98.000000	D3	50	80	
1268	123.555990	F4	65	58	1278	98.000000	F4	65	80	
1269	123.678385	Eb3	51	57	1280	98.125000	Eb3	51	80	
1270	123.861979	F3	53	52	1282	98.250000	F3	53	80	
1271	123.869792	G#4	68	67	1281	98.250000	G#4	68	80	
1272	124.013021	F4	65	73	1283	98.375000	F4	65	80	
1273	124.016927	D3	50	46	1284	98.375000	D3	50	80	
1274	124.162760	D4	62	68	1285	98.500000	D4	62	80	
1275	124.173177	Bb2	46	57	1286	98.500000	Bb2	46	80	
1276	124.328125	C3	48	58	1287	98.625000	C3	48	80	
1277	124.480469	D3	50	56	1289	98.750000	D3	50	80	
1278	124.489583	F4	65	66	1288	98.750000	F4	65	80	
1279	124.626302	Bb2	46	53	1291	98.875000	Bb2	46	80	
1280	124.635417	D4	62	70	1290	98.875000	D4	62	80	
1281	124.803385	Eb2	39	55	1293	99.000000	Eb2	39	80	
1282	124.803385	F#3	54	68	1292	99.000000	F#3	54	80	
1283	125.130208	Bb3	58	67	1294	99.250000	Bb3	58	80	
1284	125.134115	Eb3	51	60	1295	99.250000	Eb3	51	80	
1285	125.295573	D3	50	54	1296	99.375000	D3	50	80	
1286	125.466146	Eb3	51	56	1298	99.500000	Eb3	51	80	
1287	125.489583	F#4	66	66	1297	99.500000	F#4	66	80	
1288	125.641927	F3	53	55	1299	99.625000	F3	53	80	
1289	125.813802	F#3	54	48	1301	99.750000	F#3	54	80	
1290	125.816406	Bb3	58	58	1300	99.750000	Bb3	58	80	
1291	125.959635	Eb3	51	54	1302	99.875000	Eb3	51	80	
1292	126.130208	Eb4	63	55	1303	100.000000	Eb4	63	80	
1293	126.136719	C3	48	37	1304	100.000000	C3	48	80	
1294	126.299479	C#3	49	51	1306	100.125000	C#3	49	80	
1295	126.300781	F4	65	64	1305	100.125000	F4	65	80	
1296	126.457031	Eb3	51	65	1308	100.250000	Eb3	51	80	
1297	126.457031	F#4	66	72	1307	100.250000	F#4	66	80	
1298	126.591146	C3	48	61	1310	100.375000	C3	48	80	
1299	126.602865	Eb4	63	81	1309	100.375000	Eb4	63	80	
1300	126.757812	G#2	44	67	1312	100.500000	G#2	44	80	
1301	126.770833	Eb5	75	87	1311	100.500000	Eb5	75	80	
1302	126.915365	F#4	66	79	1313	100.625000	F#4	66	80	
1303	126.927083	Bb2	46	67	1314	100.625000	Bb2	46	80	
1304	127.067708	G#4	68	76	1315	100.750000	G#4	68	80	
1305	127.069010	C3	48	63	1316	100.750000	C3	48	80	
1306	127.218750	Eb4	63	76	1317	100.875000	Eb4	63	80	
1307	127.222656	G#2	44	66	1318	100.875000	G#2	44	80	
1308	127.394531	C#2	37	76	1320	101.000000	C#2	37	80	
1309	127.399740	F4	65	77	1319	101.000000	F4	65	80	
1310	127.555990	C#5	73	73	1321	101.125000	C#5	73	80	
1311	127.714844	C5	72	77	1322	101.250000	C5	72	80	
1312	127.722656	C#3	49	70	1323	101.250000	C#3	49	80	
1313	127.861979	Eb5	75	86	1324	101.375000	Eb5	75	80	
1314	127.863281	Eb3	51	81	1325	101.375000	Eb3	51	80	
1315	128.014323	C#5	73	78	1326	101.500000	C#5	73	80	
1316	128.016927	F3	53	86	1327	101.500000	F3	53	80	
1317	128.175781	G#4	68	78	1328	101.625000	G#4	68	80	
1318	128.356771	C#4	61	80	1330	101.750000	C#4	61	80	
1319	128.356771	Bb4	70	74	1329	101.750000	Bb4	70	80	
1320	128.364583	C#3	49	70	1331	101.750000	C#3	49	80	
1321	128.515625	B4	71	78	1332	101.875000	B4	71	80	
1322	128.665365	F#3	54	70	1334	102.000000	F#3	54	80	
1323	128.671875	Bb4	70	71	1333	102.000000	Bb4	70	80	
1324	128.821615	G#4	68	79	1335	102.125000	G#4	68	80	
1325	128.832031	C4	60	65	1336	102.125000	C4	60	80	
1326	128.977865	Bb3	58	71	1338	102.250000	Bb3	58	80	
1327	128.981771	F#4	66	74	1337	102.250000	F#4	66	80	
1328	129.131510	C4	60	73	1340	102.375000	C4	60	80	
1329	129.131510	G#4	68	79	1339	102.375000	G#4	68	80	
1330	129.299479	F5	77	90	1341	102.500000	F5	77	80	
1331	129.309896	C#4	61	72	1342	102.500000	C#4	61	80	
1332	129.337240	F3	53	36	1343	102.500000	F3	53	80	
1333	129.438802	C4	60	74	1344	102.625000	C4	60	80	
1334	129.619792	C#5	73	84	1345	102.750000	C#5	73	80	
1335	129.621094	Bb3	58	72	1346	102.750000	Bb3	58	80	
1336	129.773438	G#3	56	79	1347	102.875000	G#3	56	80	
1337	129.976562	G#4	68	81	1348	103.000000	G#4	68	80	
1338	129.980469	Eb3	51	62	1350	103.000000	Eb3	51	80	
1339	129.980469	Bb3	58	60	1349	103.000000	Bb3	58	80	
1340	130.321615	F#4	66	72	1351	103.250000	F#4	66	80	
1341	130.324219	C#3	49	61	1352	103.250000	C#3	49	80	
1342	130.468750	F4	65	72	1353	103.375000	F4	65	80	
1343	130.623698	C3	48	63	1355	103.500000	C3	48	80	
1344	130.628906	F#4	66	72	1354	103.500000	F#4	66	80	
1345	130.770833	G#3	56	76	1356	103.625000	G#3	56	80	
1346	130.936198	Eb5	75	81	1357	103.750000	Eb5	75	80	
1347	130.937500	F#3	54	69	1358	103.750000	F#3	54	80	
1348	131.079427	Bb3	58	78	1359	103.875000	Bb3	58	80	
1349	131.250000	G#3	56	75	1361	104.000000	G#3	56	80	
1350	131.257812	F4	65	75	1360	104.000000	F4	65	80	
1351	131.269531	C#3	49	54	1362	104.000000	C#3	49	80	
1352	131.404948	F#3	54	72	1363	104.125000	F#3	54	80	
1353	131.562500	F3	53	76	1365	104.250000	F3	53	80	
1354	131.566406	C#5	73	75	1364	104.250000	C#5	73	80	
1355	131.729167	G#3	56	59	1366	104.375000	G#3	56	80	
1356	131.807292	F#3	54	3	*	-1	*	-1	-1	
1357	131.894531	F#3	54	55	1368	104.500000	F#3	54	80	
1358	131.898438	Eb4	63	72	1367	104.500000	Eb4	63	80	
1359	131.904948	G#2	44	61	1369	104.500000	G#2	44	80	
1360	132.070312	F3	53	55	1370	104.625000	F3	53	80	
1361	132.225260	Eb3	51	68	1372	104.750000	Eb3	51	80	
1362	132.256510	C5	72	70	1371	104.750000	C5	72	80	
1363	132.415365	F#3	54	75	1373	104.875000	F#3	54	80	
1364	132.627604	C#4	61	70	1374	105.000000	C#4	61	80	
1365	132.632812	Bb2	46	48	1376	105.000000	Bb2	46	80	
1366	132.634115	F3	53	59	1375	105.000000	F3	53	80	
1367	132.804688	F4	65	69	1377	105.125000	F4	65	80	
1368	132.809896	G#3	56	67	1378	105.125000	G#3	56	80	
1369	132.957031	Bb3	58	67	1380	105.250000	Bb3	58	80	
1370	132.962240	F#4	66	74	1379	105.250000	F#4	66	80	
1371	133.096354	G#4	68	82	1381	105.375000	G#4	68	80	
1372	133.108073	C4	60	71	1382	105.375000	C4	60	80	
1373	133.260417	Bb4	70	76	1383	105.500000	Bb4	70	80	
1374	133.268229	C#4	61	66	1384	105.500000	C#4	61	80	
1375	133.407552	C5	72	71	1385	105.625000	C5	72	80	
1376	133.411458	C4	60	66	1386	105.625000	C4	60	80	
1377	133.572917	C#5	73	77	1387	105.750000	C#5	73	80	
1378	133.579427	Bb3	58	67	1388	105.750000	Bb3	58	80	
1379	133.714844	Eb5	75	79	1389	105.875000	Eb5	75	80	
1380	133.723958	G#3	56	64	1390	105.875000	G#3	56	80	
1381	133.889323	E5	76	79	1391	106.000000	E5	76	80	
1382	133.890625	G3	55	67	1392	106.000000	G3	55	80	
1383	134.039062	Eb5	75	79	1393	106.125000	Eb5	75	80	
1384	134.041667	G#3	56	68	1394	106.125000	G#3	56	80	
1385	134.200521	C#5	73	77	1395	106.250000	C#5	73	80	
1386	134.351562	G#3	56	67	1398	106.375000	G3	55	80	
1387	134.365885	Eb5	75	84	1397	106.375000	Eb5	75	80	
1388	134.505208	E5	76	76	1399	106.500000	E5	76	80	
1389	134.529948	Eb3	51	76	1400	106.500000	Eb3	51	80	
1390	134.657552	G5	79	78	1401	106.625000	G5	79	80	
1391	134.666667	C#3	49	70	1402	106.625000	C#3	49	80	
1392	134.821615	C3	48	72	1404	106.750000	C3	48	80	
1393	134.832031	G#5	80	83	1403	106.750000	G#5	80	80	
1394	134.962240	Eb3	51	3	*	-1	*	-1	-1	
1395	134.966146	Bb2	46	66	1406	106.875000	Bb2	46	80	
1396	134.985677	Bb5	82	85	1405	106.875000	Bb5	82	80	
1397	135.121094	G#2	44	59	1408	107.000000	G#2	44	80	
1398	135.151042	C#5	73	77	1407	107.000000	C#5	73	80	
1399	135.292969	Eb3	51	63	1410	107.125000	Eb3	51	80	
1400	135.317708	C5	72	75	1409	107.125000	C5	72	80	
1401	135.466146	F3	53	69	1412	107.250000	F3	53	80	
1402	135.466146	Bb4	70	76	1411	107.250000	Bb4	70	80	
1403	135.611979	F#3	54	69	1414	107.375000	F#3	54	80	
1404	135.617188	G#4	68	80	1413	107.375000	G#4	68	80	
1405	135.778646	G#3	56	69	1416	107.500000	G#3	56	80	
1406	135.783854	Eb5	75	78	1415	107.500000	Eb5	75	80	
1407	135.936198	Bb3	58	72	1417	107.625000	Bb3	58	80	
1408	136.110677	C4	60	64	1419	107.750000	C4	60	80	
1409	136.110677	F#4	66	73	1418	107.750000	F#4	66	80	
1410	136.264323	G#3	56	67	1420	107.875000	G#3	56	80	
1411	136.454427	C#4	61	63	1422	108.000000	C#4	61	80	
1412	136.454427	F4	65	68	1421	108.000000	F4	65	80	
1413	136.826823	F2	41	58	1426	108.250000	F2	41	80	
1414	136.835938	C#5	73	82	1425	108.250000	C#5	73	80	
1415	136.841146	G#4	68	72	1424	108.250000	G#4	68	80	
1416	136.846354	C#4	61	68	1423	108.250000	C#4	61	80	
1417	137.265625	F#2	42	56	1431	108.500000	F#2	42	80	
1418	137.273438	Bb4	70	74	1429	108.500000	Bb4	70	80	
1419	137.276042	F#4	66	64	1428	108.500000	F#4	66	80	
1420	137.278646	Eb4	63	64	1427	108.500000	Eb4	63	80	
1421	137.735677	C5	72	82	1432	108.750000	C5	72	80	
1422	137.739583	G#4	68	71	1434	108.750000	G#4	68	80	
1423	137.740885	F#4	66	63	1433	108.750000	F#4	66	80	
1424	137.743490	G#2	44	55	1435	108.750000	G#2	44	80	
1425	138.346354	C#2	37	47	1440	109.000000	C#2	37	80	
1426	138.360677	C#4	61	69	1437	109.000000	C#4	61	80	
1427	138.455729	F4	65	71	1438	109.000000	F4	65	80	
1428	138.540365	G#4	68	80	1439	109.000000	G#4	68	80	
1429	138.639323	C#5	73	81	1436	109.000000	C#5	73	80	
*	-1	*	-1	-1	104	11.500000	F#4	66	80	
*	-1	*	-1	-1	295	25.500000	Bb3	58	80	
*	-1	*	-1	-1	457	37.500000	G#4	68	80	
*	-1	*	-1	-1	477	39.250000	F4	65	80	
*	-1	*	-1	-1	684	54.500000	Eb3	51	80	
*	-1	*	-1	-1	745	59.000000	G#4	68	80	
*	-1	*	-1	-1	959	75.000000	Bb5	82	80	
*	-1	*	-1	-1	963	75.125000	G5	79	80	
*	-1	*	-1	-1	969	75.375000	G#5	80	80	
*	-1	*	-1	-1	974	75.500000	Bb5	82	80	
*	-1	*	-1	-1	977	75.625000	G#5	80	80	
*	-1	*	-1	-1	982	75.750000	Bb5	82	80	
*	-1	*	-1	-1	985	75.875000	G#5	80	80	
*	-1	*	-1	-1	1134	86.750000	C#4	61	80	
*	-1	*	-1	-1	1171	89.500000	Bb3	58	80	
*	-1	*	-1	-1	1179	90.000000	G#3	56	80	
*	-1	*	-1	-1	1396	106.250000	Bb3	58	80	
*	-1	*	-1	-1	1430	108.500000	Eb4	63	80	
*	-1	*	-1	-1	960	75.000000	Bb5	82	80	
