// alignID alignOntime alignSitch alignPitch alignOnvel refID refOntime refSitch refPitch refOnvel
0	0.500000	E4	64	79	0	0.750000	E4	64	80	
1	0.809375	F#4	66	85	1	1.000000	F#4	66	80	
2	1.570833	B3	59	56	2	1.625000	B3	59	80	
3	1.721875	C#4	61	54	3	1.750000	C#4	61	80	
4	1.871875	Eb4	63	62	4	1.875000	Eb4	63	80	
5	2.017708	E4	64	61	5	2.000000	E4	64	80	
6	2.165625	Eb4	63	61	6	2.125000	Eb4	63	80	
7	2.298958	E4	64	68	7	2.250000	E4	64	80	
8	2.431250	F#4	66	71	8	2.375000	F#4	66	80	
9	2.581250	G#4	68	73	9	2.500000	G#4	68	80	
10	2.718750	A4	69	73	10	2.625000	A4	69	80	
11	2.848958	B4	71	81	11	2.750000	B4	71	80	
12	2.991667	G#4	68	70	13	2.875000	G#4	68	80	
13	3.155208	C#5	73	90	14	3.000000	C#5	73	80	
14	3.173958	E4	64	60	15	3.000000	E4	64	80	
15	3.304167	Eb4	63	63	16	3.125000	Eb4	63	80	
16	3.466667	E4	64	64	17	3.250000	E4	64	80	
17	3.614583	F#4	66	59	18	3.375000	F#4	66	80	
18	3.772917	E4	64	61	19	3.500000	E4	64	80	
19	3.903125	Eb4	63	60	21	3.625000	Eb4	63	80	
20	3.903125	F#4	66	62	20	3.625000	F#4	66	80	
21	4.035417	E4	64	58	23	3.750000	E4	64	80	
22	4.045833	G#4	68	64	22	3.750000	G#4	68	80	
23	4.170833	Bb4	70	67	24	3.875000	Bb4	70	80	
24	4.195833	F#4	66	58	25	3.875000	F#4	66	80	
25	4.329167	Eb4	63	64	27	4.000000	Eb4	63	80	
26	4.329167	B4	71	65	26	4.000000	B4	71	80	
27	4.455208	Bb4	70	68	28	4.125000	Bb4	70	80	
28	4.467708	C#4	61	56	29	4.125000	C#4	61	80	
29	4.597917	Eb4	63	63	31	4.250000	Eb4	63	80	
30	4.604167	B4	71	76	30	4.250000	B4	71	80	
31	4.751042	C#5	73	83	32	4.375000	C#5	73	80	
32	4.760417	E4	64	60	33	4.375000	E4	64	80	
33	4.886458	Eb5	75	85	34	4.500000	Eb5	75	80	
34	4.904167	F#4	66	60	35	4.500000	F#4	66	80	
35	5.020833	E5	76	87	36	4.625000	E5	76	80	
36	5.033333	G#4	68	70	37	4.625000	G#4	68	80	
37	5.165625	A4	69	63	39	4.750000	A4	69	80	
38	5.169792	F#5	78	85	38	4.750000	F#5	78	80	
39	5.304167	Eb5	75	71	40	4.875000	Eb5	75	80	
40	5.315625	F#4	66	38	41	4.875000	F#4	66	80	
41	5.433333	G#4	68	70	43	5.000000	G#4	68	80	
42	5.454167	B4	71	68	42	5.000000	B4	71	80	
43	5.589583	A4	69	53	44	5.125000	A4	69	80	
44	5.737500	B3	59	58	46	5.250000	B3	59	80	
45	5.757292	B4	71	53	45	5.250000	B4	71	80	
46	5.900000	C#5	73	54	47	5.375000	C#5	73	80	
47	6.033333	E4	64	61	49	5.500000	E4	64	80	
48	6.054167	B4	71	55	48	5.500000	B4	71	80	
49	6.188542	A4	69	53	50	5.625000	A4	69	80	
50	6.313542	E3	52	78	52	5.750000	E3	52	80	
51	6.335417	B4	71	67	51	5.750000	B4	71	80	
52	6.471875	C#5	73	62	53	5.875000	C#5	73	80	
53	6.612500	F#3	54	89	55	6.000000	F#3	54	80	
54	6.621875	A4	69	63	54	6.000000	A4	69	80	
55	6.754167	G#4	68	75	56	6.125000	G#4	68	80	
56	6.913542	Eb4	63	73	58	6.250000	Eb4	63	80	
57	6.922917	A4	69	67	57	6.250000	A4	69	80	
58	7.077083	B4	71	70	59	6.375000	B4	71	80	
59	7.220833	F#4	66	64	61	6.500000	F#4	66	80	
60	7.220833	A4	69	54	60	6.500000	A4	69	80	
61	7.337500	B2	47	62	63	6.625000	B2	47	80	
62	7.351042	G#4	68	73	62	6.625000	G#4	68	80	
63	7.477083	C#3	49	58	65	6.750000	C#3	49	80	
64	7.514583	A4	69	57	64	6.750000	A4	69	80	
65	7.606250	Eb3	51	68	67	6.875000	Eb3	51	80	
66	7.628125	B4	71	72	66	6.875000	B4	71	80	
67	7.762500	E3	52	71	69	7.000000	E3	52	80	
68	7.777083	G#4	68	72	68	7.000000	G#4	68	80	
69	7.894792	F#4	66	73	70	7.125000	F#4	66	80	
70	7.900000	Eb3	51	74	71	7.125000	Eb3	51	80	
71	8.056250	E3	52	72	74	7.250000	E3	52	80	
72	8.056250	G#4	68	79	72	7.250000	G#4	68	80	
73	8.067708	B3	59	67	73	7.250000	B3	59	80	
74	8.175000	Bb4	70	75	75	7.375000	Bb4	70	80	
75	8.183333	F#3	54	75	76	7.375000	F#3	54	80	
76	8.326042	G#3	56	76	79	7.500000	G#3	56	80	
77	8.346875	B4	71	77	77	7.500000	B4	71	80	
78	8.367708	E4	64	65	78	7.500000	E4	64	80	
79	8.476042	A3	57	78	80	7.625000	A3	57	80	
80	8.634375	Eb4	63	82	81	7.750000	Eb4	63	80	
81	8.639583	B3	59	75	82	7.750000	B3	59	80	
82	8.781250	G#3	56	69	83	7.875000	G#3	56	80	
83	8.938542	C#4	61	69	84	8.000000	C#4	61	80	
84	8.943750	E3	52	59	85	8.000000	E3	52	80	
85	9.071875	Eb3	51	62	86	8.125000	Eb3	51	80	
86	9.223958	E3	52	57	87	8.250000	E3	52	80	
87	9.368750	F#3	54	53	88	8.375000	F#3	54	80	
88	9.533333	E3	52	53	90	8.500000	E3	52	80	
89	9.540625	Bb4	70	63	89	8.500000	Bb4	70	80	
90	9.681250	Eb3	51	58	91	8.625000	Eb3	51	80	
91	9.837500	E3	52	55	92	8.750000	E3	52	80	
92	9.966667	F#3	54	55	93	8.875000	F#3	54	80	
93	10.117708	Eb3	51	65	96	9.000000	Eb3	51	80	
94	10.117708	B3	59	61	95	9.000000	B3	59	80	
95	10.126042	B4	71	73	94	9.000000	B4	71	80	
96	10.265625	C#3	49	55	97	9.125000	C#3	49	80	
97	10.394792	B5	83	89	98	9.250000	B5	83	80	
98	10.400000	Eb3	51	68	99	9.250000	Eb3	51	80	
99	10.554167	E3	52	52	100	9.375000	E3	52	80	
100	10.691667	Eb5	75	77	101	9.500000	Eb5	75	80	
101	10.709375	F#3	54	53	102	9.500000	F#3	54	80	
102	10.842708	G#3	56	57	103	9.625000	G#3	56	80	
103	10.962500	F#5	78	87	104	9.750000	F#5	78	80	
104	10.988542	A3	57	65	105	9.750000	A3	57	80	
105	11.103125	F#3	54	59	106	9.875000	F#3	54	80	
106	11.268750	G#3	56	60	108	10.000000	G#3	56	80	
107	11.272917	B4	71	83	107	10.000000	B4	71	80	
108	11.419792	F#3	54	62	109	10.125000	F#3	54	80	
109	11.573958	E5	76	74	110	10.250000	E5	76	80	
110	11.587500	G#3	56	60	111	10.250000	G#3	56	80	
111	11.741667	A3	57	60	112	10.375000	A3	57	80	
112	11.889583	G#4	68	73	113	10.500000	G#4	68	80	
113	11.897917	B3	59	59	114	10.500000	B3	59	80	
114	12.040625	C#4	61	52	115	10.625000	C#4	61	80	
115	12.180208	B4	71	76	116	10.750000	B4	71	80	
116	12.213542	D4	62	45	117	10.750000	D4	62	80	
117	12.350000	B3	59	52	118	10.875000	B3	59	80	
118	12.484375	E4	64	61	119	11.000000	E4	64	80	
119	12.488542	C#4	61	58	120	11.000000	C#4	61	80	
120	12.651042	B3	59	47	121	11.125000	B3	59	80	
121	12.763542	C#4	61	57	124	11.250000	C#4	61	80	
122	12.780208	A4	69	65	122	11.250000	A4	69	80	
123	12.790625	F#4	66	51	123	11.250000	F#4	66	80	
124	12.921875	Eb4	63	61	125	11.375000	Eb4	63	80	
125	13.059375	G#4	68	83	126	11.500000	G#4	68	80	
126	13.069792	E4	64	71	127	11.500000	E4	64	80	
127	13.200000	Eb4	63	68	128	11.625000	Eb4	63	80	
128	13.331250	E5	76	95	129	11.750000	E5	76	80	
129	13.340625	C#4	61	67	131	11.750000	C#4	61	80	
130	13.340625	E4	64	71	130	11.750000	E4	64	80	
131	13.466667	B3	59	51	132	11.875000	B3	59	80	
132	13.622917	F#5	78	98	133	12.000000	F#5	78	80	
133	13.634375	A3	57	56	135	12.000000	A3	57	80	
134	13.634375	E4	64	75	134	12.000000	E4	64	80	
135	13.786458	G#3	56	66	136	12.125000	G#3	56	80	
136	13.953125	A3	57	73	137	12.250000	A3	57	80	
137	14.090625	B3	59	65	138	12.375000	B3	59	80	
138	14.214583	Eb4	63	82	139	12.500000	Eb4	63	80	
139	14.234375	A3	57	78	140	12.500000	A3	57	80	
140	14.348958	B4	71	79	141	12.625000	B4	71	80	
141	14.360417	G#3	56	72	142	12.625000	G#3	56	80	
142	14.480208	C#5	73	85	143	12.750000	C#5	73	80	
143	14.491667	A3	57	76	145	12.750000	A3	57	80	
144	14.508333	F#4	66	61	144	12.750000	F#4	66	80	
145	14.615625	B3	59	62	147	12.875000	B3	59	80	
146	14.615625	Eb5	75	75	146	12.875000	Eb5	75	80	
147	14.780208	G#3	56	68	150	13.000000	G#3	56	80	
148	14.780208	B3	59	53	149	13.000000	B3	59	80	
149	14.784375	E5	76	71	148	13.000000	E5	76	80	
150	14.914583	Eb5	75	67	151	13.125000	Eb5	75	80	
151	15.070833	E5	76	83	152	13.250000	E5	76	80	
152	15.078125	F#3	54	58	153	13.250000	F#3	54	80	
153	15.218750	F#5	78	87	154	13.375000	F#5	78	80	
154	15.356250	G#5	80	85	155	13.500000	G#5	80	80	
155	15.366667	E3	52	61	156	13.500000	E3	52	80	
156	15.482292	A5	81	78	157	13.625000	A5	81	80	
157	15.635417	Eb3	51	69	160	13.750000	Eb3	51	80	
158	15.635417	B5	83	78	158	13.750000	B5	83	80	
159	15.642708	B4	71	82	159	13.750000	B4	71	80	
160	15.767708	G#5	80	76	161	13.875000	G#5	80	80	
161	15.921875	C#3	49	62	164	14.000000	C#3	49	80	
162	15.928125	C#5	73	90	163	14.000000	C#5	73	80	
163	15.958333	E5	76	69	162	14.000000	E5	76	80	
164	16.096875	Eb5	75	65	165	14.125000	Eb5	75	80	
165	16.237500	B3	59	59	167	14.250000	B3	59	80	
166	16.237500	E5	76	78	166	14.250000	E5	76	80	
167	16.373958	F#5	78	73	168	14.375000	F#5	78	80	
168	16.493750	Bb3	58	62	170	14.500000	Bb3	58	80	
169	16.513542	E5	76	79	169	14.500000	E5	76	80	
170	16.647917	Eb5	75	79	171	14.625000	Eb5	75	80	
171	16.656250	F#4	66	77	172	14.625000	F#4	66	80	
172	16.764583	F#3	54	65	175	14.750000	F#3	54	80	
173	16.788542	G#4	68	75	174	14.750000	G#4	68	80	
174	16.796875	E5	76	82	173	14.750000	E5	76	80	
175	16.922917	Bb4	70	69	177	14.875000	Bb4	70	80	
176	16.922917	F#5	78	75	176	14.875000	F#5	78	80	
177	17.059375	B4	71	73	179	15.000000	B4	71	80	
178	17.073958	B3	59	47	180	15.000000	B3	59	80	
179	17.081250	Eb5	75	55	178	15.000000	Eb5	75	80	
180	17.214583	Bb4	70	79	182	15.125000	Bb4	70	80	
181	17.232292	C#5	73	70	181	15.125000	C#5	73	80	
182	17.354167	Eb5	75	86	183	15.250000	Eb5	75	80	
183	17.356250	B4	71	75	184	15.250000	B4	71	80	
184	17.466667	C#5	73	85	186	15.375000	C#5	73	80	
185	17.501042	E5	76	73	185	15.375000	E5	76	80	
186	17.594792	Eb5	75	56	188	15.500000	Eb5	75	80	
187	17.615625	F#5	78	94	187	15.500000	F#5	78	80	
188	17.742708	E5	76	72	190	15.625000	E5	76	80	
189	17.742708	G#5	80	88	189	15.625000	G#5	80	80	
190	17.893750	F#5	78	72	192	15.750000	F#5	78	80	
191	17.897917	A5	81	93	191	15.750000	A5	81	80	
192	18.037500	Eb5	75	64	193	15.875000	Eb5	75	80	
193	18.242708	B4	71	41	194	16.000000	B4	71	80	
194	18.282292	C5	72	7	*	-1	*	-1	-1	
195	18.332292	A4	69	54	195	16.125000	A4	69	80	
196	18.482292	B4	71	54	197	16.250000	B4	71	80	
197	18.494792	Eb5	75	59	196	16.250000	Eb5	75	80	
198	18.615625	C#5	73	61	198	16.375000	C#5	73	80	
199	18.775000	G#5	80	87	199	16.500000	G#5	80	80	
200	18.787500	B4	71	53	200	16.500000	B4	71	80	
201	18.932292	A4	69	57	201	16.625000	A4	69	80	
202	19.078125	B4	71	59	202	16.750000	B4	71	80	
203	19.204167	C#5	73	63	203	16.875000	C#5	73	80	
204	19.359375	A4	69	57	204	17.000000	A4	69	80	
205	19.506250	G#4	68	60	205	17.125000	G#4	68	80	
206	19.627083	F#5	78	67	206	17.250000	F#5	78	80	
207	19.657292	A4	69	47	207	17.250000	A4	69	80	
208	19.759375	E5	76	70	208	17.375000	E5	76	80	
209	19.762500	B4	71	49	209	17.375000	B4	71	80	
210	19.878125	A4	69	44	211	17.500000	A4	69	80	
211	19.904167	Eb5	75	62	210	17.500000	Eb5	75	80	
212	19.993750	G#4	68	68	212	17.625000	G#4	68	80	
213	20.152083	B3	59	79	214	17.750000	B3	59	80	
214	20.179167	A4	69	64	213	17.750000	A4	69	80	
215	20.285417	B4	71	67	215	17.875000	B4	71	80	
216	20.440625	C#4	61	83	218	18.000000	C#4	61	80	
217	20.447917	G#4	68	61	217	18.000000	G#4	68	80	
218	20.493750	E5	76	66	216	18.000000	E5	76	80	
219	20.614583	Eb5	75	66	219	18.125000	Eb5	75	80	
220	20.747917	E4	64	63	221	18.250000	E4	64	80	
221	20.777083	E5	76	71	220	18.250000	E5	76	80	
222	20.911458	F#5	78	72	222	18.375000	F#5	78	80	
223	21.058333	E5	76	68	223	18.500000	E5	76	80	
224	21.069792	A4	69	51	224	18.500000	A4	69	80	
225	21.191667	F#3	54	58	226	18.625000	F#3	54	80	
226	21.201042	Eb5	75	68	225	18.625000	Eb5	75	80	
227	21.335417	G#3	56	59	228	18.750000	G#3	56	80	
228	21.344792	E5	76	61	227	18.750000	E5	76	80	
229	21.469792	A3	57	63	230	18.875000	A3	57	80	
230	21.479167	F#5	78	72	229	18.875000	F#5	78	80	
231	21.608333	B3	59	68	232	19.000000	B3	59	80	
232	21.612500	Eb5	75	71	231	19.000000	Eb5	75	80	
233	21.750000	A3	57	71	234	19.125000	A3	57	80	
234	21.755208	C#5	73	79	233	19.125000	C#5	73	80	
235	21.884375	B3	59	72	236	19.250000	B3	59	80	
236	21.889583	Eb5	75	77	235	19.250000	Eb5	75	80	
237	22.017708	C#4	61	63	238	19.375000	C#4	61	80	
238	22.020833	E5	76	83	237	19.375000	E5	76	80	
239	22.159375	Eb4	63	70	240	19.500000	Eb4	63	80	
240	22.163542	F#5	78	86	239	19.500000	F#5	78	80	
241	22.289583	E4	64	68	242	19.625000	E4	64	80	
242	22.304167	C5	72	75	241	19.625000	C5	72	80	
243	22.415625	Eb4	63	66	244	19.750000	Eb4	63	80	
244	22.456250	C#5	73	65	243	19.750000	C#5	73	80	
245	22.558333	C#4	61	58	246	19.875000	C#4	61	80	
246	22.564583	Eb5	75	66	245	19.875000	Eb5	75	80	
247	22.717708	G#4	68	71	247	20.000000	G#4	68	80	
248	22.738542	C4	60	43	248	20.000000	C4	60	80	
249	22.872917	G#3	56	59	249	20.125000	G#3	56	80	
250	23.017708	Bb3	58	61	251	20.250000	Bb3	58	80	
251	23.032292	E5	76	70	250	20.250000	E5	76	80	
252	23.140625	C4	60	62	253	20.375000	C4	60	80	
253	23.144792	Eb5	75	72	252	20.375000	Eb5	75	80	
254	23.282292	E5	76	81	254	20.500000	E5	76	80	
255	23.284375	C#4	61	59	255	20.500000	C#4	61	80	
256	23.435417	Eb4	63	56	256	20.625000	Eb4	63	80	
257	23.576042	C#5	73	67	257	20.750000	C#5	73	80	
258	23.606250	E4	64	60	258	20.750000	E4	64	80	
259	23.746875	C#4	61	50	259	20.875000	C#4	61	80	
260	23.873958	F#4	66	65	260	21.000000	F#4	66	80	
261	23.889583	A3	57	52	261	21.000000	A3	57	80	
262	24.040625	G#3	56	54	262	21.125000	G#3	56	80	
263	24.178125	E5	76	65	263	21.250000	E5	76	80	
264	24.203125	A3	57	52	264	21.250000	A3	57	80	
265	24.342708	B3	59	49	265	21.375000	B3	59	80	
266	24.488542	A3	57	57	267	21.500000	A3	57	80	
267	24.488542	Eb5	75	62	266	21.500000	Eb5	75	80	
268	24.626042	G#3	56	56	268	21.625000	G#3	56	80	
269	24.760417	A3	57	53	270	21.750000	A3	57	80	
270	24.777083	C#5	73	66	269	21.750000	C#5	73	80	
271	24.902083	B3	59	46	271	21.875000	B3	59	80	
272	25.045833	C5	72	77	272	22.000000	C5	72	80	
273	25.056250	G#3	56	54	273	22.000000	G#3	56	80	
274	25.201042	E3	52	46	274	22.125000	E3	52	80	
275	25.339583	G#4	68	73	275	22.250000	G#4	68	80	
276	25.345833	F#3	54	57	276	22.250000	F#3	54	80	
277	25.459375	G#3	56	62	277	22.375000	G#3	56	80	
278	25.620833	C#5	73	75	278	22.500000	C#5	73	80	
279	25.622917	A3	57	59	280	22.500000	A3	57	80	
280	25.640625	E4	64	52	279	22.500000	E4	64	80	
281	25.763542	B3	59	53	281	22.625000	B3	59	80	
282	25.926042	C#4	61	52	283	22.750000	C#4	61	80	
283	25.933333	A4	69	57	282	22.750000	A4	69	80	
284	26.069792	A3	57	56	284	22.875000	A3	57	80	
285	26.214583	F#3	54	60	286	23.000000	F#3	54	80	
286	26.234375	Eb4	63	55	285	23.000000	Eb4	63	80	
287	26.359375	E3	52	55	287	23.125000	E3	52	80	
288	26.485417	Eb5	75	88	288	23.250000	Eb5	75	80	
289	26.500000	F#4	66	72	289	23.250000	F#4	66	80	
290	26.518750	F#3	54	59	290	23.250000	F#3	54	80	
291	26.637500	G#3	56	62	291	23.375000	G#3	56	80	
292	26.791667	F#3	54	69	294	23.500000	F#3	54	80	
293	26.794792	G#4	68	81	292	23.500000	G#4	68	80	
294	26.801042	C4	60	81	293	23.500000	C4	60	80	
295	26.920833	E3	52	68	295	23.625000	E3	52	80	
296	27.069792	F#3	54	71	298	23.750000	F#3	54	80	
297	27.083333	Eb4	63	56	297	23.750000	Eb4	63	80	
298	27.088542	Bb4	70	71	296	23.750000	Bb4	70	80	
299	27.181250	G#3	56	73	300	23.875000	G#3	56	80	
300	27.235417	C5	72	72	299	23.875000	C5	72	80	
301	27.362500	G#3	56	69	302	24.000000	G#3	56	80	
302	27.364583	C#5	73	82	301	24.000000	C#5	73	80	
303	27.379167	E3	52	55	303	24.000000	E3	52	80	
304	27.485417	C5	72	72	304	24.125000	C5	72	80	
305	27.672917	Eb3	51	59	306	24.250000	Eb3	51	80	
306	27.672917	C#5	73	78	305	24.250000	C#5	73	80	
307	27.793750	Eb5	75	79	307	24.375000	Eb5	75	80	
308	27.944792	E5	76	86	308	24.500000	E5	76	80	
309	27.956250	C#3	49	56	309	24.500000	C#3	49	80	
310	28.082292	F#5	78	84	310	24.625000	F#5	78	80	
311	28.212500	E3	52	66	312	24.750000	E3	52	80	
312	28.223958	G#5	80	81	311	24.750000	G#5	80	80	
313	28.350000	E5	76	73	313	24.875000	E5	76	80	
314	28.510417	Bb2	46	54	315	25.000000	Bb2	46	80	
315	28.517708	C#5	73	71	314	25.000000	C#5	73	80	
316	28.644792	B4	71	59	316	25.125000	B4	71	80	
317	28.777083	G#3	56	79	318	25.250000	G#3	56	80	
318	28.794792	C#5	73	64	317	25.250000	C#5	73	80	
319	28.925000	Eb5	75	64	319	25.375000	Eb5	75	80	
320	29.084375	G3	55	60	322	25.500000	G3	55	80	
321	29.086458	Bb3	58	79	321	25.500000	Bb3	58	80	
322	29.096875	C#5	73	70	320	25.500000	C#5	73	80	
323	29.258333	B4	71	64	323	25.625000	B4	71	80	
324	29.376042	Eb3	51	58	325	25.750000	Eb3	51	80	
325	29.415625	C#5	73	62	324	25.750000	C#5	73	80	
326	29.556250	Eb5	75	54	326	25.875000	Eb5	75	80	
327	29.658333	G#2	44	50	328	26.000000	G#2	44	80	
328	29.710417	B4	71	56	327	26.000000	B4	71	80	
329	29.841667	Bb4	70	62	329	26.125000	Bb4	70	80	
330	29.958333	Bb2	46	43	331	26.250000	Bb2	46	80	
331	29.977083	B4	71	75	330	26.250000	B4	71	80	
332	30.108333	C#5	73	75	332	26.375000	C#5	73	80	
333	30.243750	B2	47	44	335	26.500000	B2	47	80	
334	30.253125	Eb5	75	63	333	26.500000	Eb5	75	80	
335	30.269792	G#3	56	33	334	26.500000	G#3	56	80	
336	30.390625	E5	76	61	336	26.625000	E5	76	80	
337	30.521875	Bb2	46	49	338	26.750000	Bb2	46	80	
338	30.533333	F#5	78	62	337	26.750000	F#5	78	80	
339	30.684375	Eb5	75	50	339	26.875000	Eb5	75	80	
340	30.807292	G#2	44	53	341	27.000000	G#2	44	80	
341	30.843750	B4	71	48	340	27.000000	B4	71	80	
342	30.971875	A4	69	43	342	27.125000	A4	69	80	
343	31.091667	F#3	54	65	344	27.250000	F#3	54	80	
344	31.101042	B4	71	51	343	27.250000	B4	71	80	
345	31.242708	C#5	73	55	345	27.375000	C#5	73	80	
346	31.410417	F3	53	42	348	27.500000	F3	53	80	
347	31.410417	G#3	56	58	347	27.500000	G#3	56	80	
348	31.415625	B4	71	53	346	27.500000	B4	71	80	
349	31.540625	A4	69	46	349	27.625000	A4	69	80	
350	31.673958	C#3	49	52	351	27.750000	C#3	49	80	
351	31.707292	B4	71	46	350	27.750000	B4	71	80	
352	31.836458	C#5	73	50	352	27.875000	C#5	73	80	
353	31.967708	F#2	42	51	354	28.000000	F#2	42	80	
354	32.005208	A4	69	47	353	28.000000	A4	69	80	
355	32.151042	G#4	68	55	355	28.125000	G#4	68	80	
356	32.257292	G#2	44	55	357	28.250000	G#2	44	80	
357	32.289583	A4	69	54	356	28.250000	A4	69	80	
358	32.405208	B4	71	59	358	28.375000	B4	71	80	
359	32.548958	C#5	73	53	359	28.500000	C#5	73	80	
360	32.566667	A2	45	39	361	28.500000	A2	45	80	
361	32.566667	F#3	54	37	360	28.500000	F#3	54	80	
362	32.691667	Eb5	75	50	362	28.625000	Eb5	75	80	
363	32.832292	E5	76	55	363	28.750000	E5	76	80	
364	32.841667	G#2	44	52	364	28.750000	G#2	44	80	
365	32.959375	C#5	73	48	365	28.875000	C#5	73	80	
366	33.097917	F#2	42	42	367	29.000000	F#2	42	80	
367	33.105208	Eb5	75	51	366	29.000000	Eb5	75	80	
368	33.260417	C#5	73	53	368	29.125000	C#5	73	80	
369	33.397917	E3	52	58	370	29.250000	E3	52	80	
370	33.397917	Eb5	75	53	369	29.250000	Eb5	75	80	
371	33.529167	E5	76	60	371	29.375000	E5	76	80	
372	33.679167	Eb3	51	49	374	29.500000	Eb3	51	80	
373	33.682292	F#3	54	51	373	29.500000	F#3	54	80	
374	33.686458	F#5	78	60	372	29.500000	F#5	78	80	
375	33.807292	G#5	80	55	375	29.625000	G#5	80	80	
376	33.958333	C#3	49	48	377	29.750000	C#3	49	80	
377	33.976042	A5	81	51	376	29.750000	A5	81	80	
378	34.103125	F#5	78	60	378	29.875000	F#5	78	80	
379	34.256250	C3	48	54	380	30.000000	C3	48	80	
380	34.256250	G#5	80	66	379	30.000000	G#5	80	80	
381	34.407292	F#5	78	72	381	30.125000	F#5	78	80	
382	34.544792	E5	76	74	382	30.250000	E5	76	80	
383	34.547917	G#2	44	65	383	30.250000	G#2	44	80	
384	34.692708	Eb5	75	71	384	30.375000	Eb5	75	80	
385	34.843750	E3	52	75	386	30.500000	E3	52	80	
386	34.847917	A2	45	65	387	30.500000	A2	45	80	
387	34.847917	C#5	73	86	385	30.500000	C#5	73	80	
388	34.987500	B4	71	78	388	30.625000	B4	71	80	
389	35.116667	C#4	61	86	390	30.750000	C#4	61	80	
390	35.122917	E3	52	76	391	30.750000	E3	52	80	
391	35.129167	A4	69	79	389	30.750000	A4	69	80	
392	35.267708	G#4	68	82	392	30.875000	G#4	68	80	
393	35.407292	Eb4	63	84	394	31.000000	Eb4	63	80	
394	35.411458	F#3	54	78	395	31.000000	F#3	54	80	
395	35.435417	F#4	66	84	393	31.000000	F#4	66	80	
396	35.560417	E3	52	75	397	31.125000	E3	52	80	
397	35.570833	G#4	68	85	396	31.125000	G#4	68	80	
398	35.710417	A4	69	75	398	31.250000	A4	69	80	
399	35.714583	F#3	54	81	399	31.250000	F#3	54	80	
400	35.836458	F#4	66	79	400	31.375000	F#4	66	80	
401	35.972917	G#3	56	88	402	31.500000	G#3	56	80	
402	35.980208	Eb4	63	81	401	31.500000	Eb4	63	80	
403	36.126042	G#3	56	82	403	31.625000	G#3	56	80	
404	36.266667	Bb3	58	78	405	31.750000	Bb3	58	80	
405	36.273958	G#2	44	78	406	31.750000	G#2	44	80	
406	36.279167	G#4	68	80	404	31.750000	G#4	68	80	
407	36.387500	C4	60	72	407	31.875000	C4	60	80	
408	36.532292	E4	64	80	408	32.000000	E4	64	80	
409	36.537500	C#4	61	70	409	32.000000	C#4	61	80	
410	36.551042	C#3	49	72	410	32.000000	C#3	49	80	
411	36.701042	C4	60	69	411	32.125000	C4	60	80	
412	36.838542	C#4	61	76	413	32.250000	C#4	61	80	
413	36.843750	G#4	68	88	412	32.250000	G#4	68	80	
414	36.997917	Eb4	63	75	414	32.375000	Eb4	63	80	
415	37.114583	C#5	73	93	415	32.500000	C#5	73	80	
416	37.146875	E4	64	77	416	32.500000	E4	64	80	
417	37.278125	F#4	66	79	417	32.625000	F#4	66	80	
418	37.414583	B4	71	87	418	32.750000	B4	71	80	
419	37.418750	G#4	68	84	419	32.750000	G#4	68	80	
420	37.537500	E4	64	70	420	32.875000	E4	64	80	
421	37.688542	E5	76	86	421	33.000000	E5	76	80	
422	37.701042	C#4	61	66	422	33.000000	C#4	61	80	
423	37.833333	Eb5	75	84	423	33.125000	Eb5	75	80	
424	37.853125	B3	59	49	424	33.125000	B3	59	80	
425	37.890625	C4	60	38	*	-1	*	-1	-1	
426	37.982292	C#5	73	90	425	33.250000	C#5	73	80	
427	37.984375	C#4	61	67	426	33.250000	C#4	61	80	
428	38.125000	Eb4	63	63	428	33.375000	Eb4	63	80	
429	38.125000	B4	71	87	427	33.375000	B4	71	80	
430	38.276042	A4	69	81	429	33.500000	A4	69	80	
431	38.283333	C#4	61	68	430	33.500000	C#4	61	80	
432	38.425000	B3	59	68	431	33.625000	B3	59	80	
433	38.571875	C#4	61	66	432	33.750000	C#4	61	80	
434	38.705208	Eb4	63	67	433	33.875000	Eb4	63	80	
435	38.863542	B3	59	69	434	34.000000	B3	59	80	
436	38.968750	G#3	56	69	435	34.125000	G#3	56	80	
437	39.132292	A3	57	72	437	34.250000	A3	57	80	
438	39.136458	Eb4	63	82	436	34.250000	Eb4	63	80	
439	39.254167	B3	59	67	438	34.375000	B3	59	80	
440	39.402083	C#4	61	63	440	34.500000	C#4	61	80	
441	39.420833	A4	69	79	439	34.500000	A4	69	80	
442	39.551042	Eb4	63	64	441	34.625000	Eb4	63	80	
443	39.698958	G#4	68	77	442	34.750000	G#4	68	80	
444	39.719792	E4	64	64	443	34.750000	E4	64	80	
445	39.842708	C#4	61	56	444	34.875000	C#4	61	80	
446	39.973958	C#5	73	66	445	35.000000	C#5	73	80	
447	39.996875	A3	57	52	446	35.000000	A3	57	80	
448	40.126042	B4	71	59	447	35.125000	B4	71	80	
449	40.146875	G#3	56	55	448	35.125000	G#3	56	80	
450	40.257292	A4	69	58	449	35.250000	A4	69	80	
451	40.297917	A3	57	55	450	35.250000	A3	57	80	
452	40.414583	G#4	68	59	451	35.375000	G#4	68	80	
453	40.451042	B3	59	48	452	35.375000	B3	59	80	
454	40.563542	F#4	66	57	453	35.500000	F#4	66	80	
455	40.591667	A3	57	57	454	35.500000	A3	57	80	
456	40.729167	G#3	56	61	455	35.625000	G#3	56	80	
457	40.867708	A3	57	60	456	35.750000	A3	57	80	
458	40.995833	B3	59	57	457	35.875000	B3	59	80	
459	41.151042	G#3	56	54	458	36.000000	G#3	56	80	
460	41.264583	F#3	54	60	459	36.125000	F#3	54	80	
461	41.408333	G#3	56	60	461	36.250000	G#3	56	80	
462	41.439583	E4	64	67	460	36.250000	E4	64	80	
463	41.545833	A3	57	53	463	36.375000	A3	57	80	
464	41.580208	Eb4	63	62	462	36.375000	Eb4	63	80	
465	41.682292	G#3	56	70	465	36.500000	G#3	56	80	
466	41.725000	E4	64	71	464	36.500000	E4	64	80	
467	41.855208	F#4	66	66	466	36.625000	F#4	66	80	
468	41.987500	E3	52	68	469	36.750000	E3	52	80	
469	41.987500	B3	59	75	468	36.750000	B3	59	80	
470	41.989583	G#4	68	76	467	36.750000	G#4	68	80	
471	42.126042	E4	64	72	470	36.875000	E4	64	80	
472	42.278125	F#3	54	83	472	37.000000	F#3	54	80	
473	42.295833	C#4	61	54	471	37.000000	C#4	61	80	
474	42.427083	G#4	68	64	473	37.125000	G#4	68	80	
475	42.575000	A3	57	71	475	37.250000	A3	57	80	
476	42.580208	F#4	66	67	474	37.250000	F#4	66	80	
477	42.711458	G#3	56	67	477	37.375000	G#3	56	80	
478	42.711458	E4	64	73	476	37.375000	E4	64	80	
479	42.838542	A3	57	63	479	37.500000	A3	57	80	
480	42.857292	Eb4	63	69	478	37.500000	Eb4	63	80	
481	42.981250	B2	47	68	481	37.625000	B2	47	80	
482	42.990625	C#4	61	65	480	37.625000	C#4	61	80	
483	43.115625	C#3	49	62	483	37.750000	C#3	49	80	
484	43.139583	B3	59	69	482	37.750000	B3	59	80	
485	43.247917	Eb3	51	69	485	37.875000	Eb3	51	80	
486	43.258333	A3	57	71	484	37.875000	A3	57	80	
487	43.388542	E3	52	64	487	38.000000	E3	52	80	
488	43.401042	G#3	56	75	486	38.000000	G#3	56	80	
489	43.518750	Eb3	51	70	489	38.125000	Eb3	51	80	
490	43.550000	B3	59	72	488	38.125000	B3	59	80	
491	43.653125	E3	52	61	491	38.250000	E3	52	80	
492	43.684375	C#4	61	71	490	38.250000	C#4	61	80	
493	43.827083	Eb4	63	75	492	38.375000	Eb4	63	80	
494	43.834375	F#3	54	48	493	38.375000	F#3	54	80	
495	43.944792	G#3	56	53	495	38.500000	G#3	56	80	
496	43.957292	E4	64	76	494	38.500000	E4	64	80	
497	44.089583	A3	57	60	497	38.625000	A3	57	80	
498	44.091667	F#4	66	77	496	38.625000	F#4	66	80	
499	44.230208	G#4	68	89	498	38.750000	G#4	68	80	
500	44.247917	B3	59	62	499	38.750000	B3	59	80	
501	44.362500	E4	64	74	500	38.875000	E4	64	80	
502	44.376042	G#3	56	61	501	38.875000	G#3	56	80	
503	44.518750	C#5	73	97	502	39.000000	C#5	73	80	
504	44.539583	E3	52	61	503	39.000000	E3	52	80	
505	44.675000	Eb3	51	61	504	39.125000	Eb3	51	80	
506	44.836458	E3	52	57	505	39.250000	E3	52	80	
507	44.944792	F#3	54	57	506	39.375000	F#3	54	80	
508	45.086458	E3	52	62	507	39.500000	E3	52	80	
509	45.206250	Eb3	51	67	509	39.625000	Eb3	51	80	
510	45.242708	F#4	66	61	508	39.625000	F#4	66	80	
511	45.336458	E3	52	58	511	39.750000	E3	52	80	
512	45.358333	G#4	68	65	510	39.750000	G#4	68	80	
513	45.459375	F#3	54	53	513	39.875000	F#3	54	80	
514	45.502083	Bb4	70	60	512	39.875000	Bb4	70	80	
515	45.616667	Eb3	51	66	515	40.000000	Eb3	51	80	
516	45.630208	B4	71	68	514	40.000000	B4	71	80	
517	45.757292	Bb4	70	69	516	40.125000	Bb4	70	80	
518	45.915625	F#3	54	65	518	40.250000	F#3	54	80	
519	45.915625	B4	71	74	517	40.250000	B4	71	80	
520	46.042708	C#5	73	78	519	40.375000	C#5	73	80	
521	46.188542	Eb5	75	81	520	40.500000	Eb5	75	80	
522	46.195833	B2	47	77	521	40.500000	B2	47	80	
523	46.337500	E5	76	67	522	40.625000	E5	76	80	
524	46.354167	F5	77	61	*	-1	*	-1	-1	
525	46.472917	E4	64	93	524	40.750000	E4	64	80	
526	46.475000	F#5	78	80	523	40.750000	F#5	78	80	
527	46.488542	E3	52	74	525	40.750000	E3	52	80	
528	46.586458	G#5	80	78	526	40.875000	G#5	80	80	
529	46.771875	F#4	66	88	528	41.000000	F#4	66	80	
530	46.778125	A4	69	70	527	41.000000	A4	69	80	
531	46.927083	G#4	68	83	529	41.125000	G#4	68	80	
532	47.061458	Eb3	51	77	531	41.250000	Eb3	51	80	
533	47.061458	A4	69	74	530	41.250000	A4	69	80	
534	47.196875	C#3	49	74	533	41.375000	C#3	49	80	
535	47.200000	B4	71	77	532	41.375000	B4	71	80	
536	47.346875	A4	69	78	534	41.500000	A4	69	80	
537	47.351042	Eb3	51	74	535	41.500000	Eb3	51	80	
538	47.471875	G#4	68	86	536	41.625000	G#4	68	80	
539	47.476042	B3	59	79	537	41.625000	B3	59	80	
540	47.612500	A4	69	79	538	41.750000	A4	69	80	
541	47.616667	C#4	61	70	539	41.750000	C#4	61	80	
542	47.621875	B3	59	61	540	41.750000	B3	59	80	
543	47.732292	Eb4	63	77	542	41.875000	Eb4	63	80	
544	47.736458	B4	71	73	541	41.875000	B4	71	80	
545	47.894792	E4	64	82	544	42.000000	E4	64	80	
546	47.909375	G#4	68	72	543	42.000000	G#4	68	80	
547	47.922917	C#4	61	82	545	42.000000	C#4	61	80	
548	48.034375	Eb4	63	78	547	42.125000	Eb4	63	80	
549	48.038542	F#4	66	71	546	42.125000	F#4	66	80	
550	48.167708	G#4	68	83	548	42.250000	G#4	68	80	
551	48.188542	E4	64	65	549	42.250000	E4	64	80	
552	48.289583	F#4	66	78	551	42.375000	F#4	66	80	
553	48.315625	A4	69	65	550	42.375000	A4	69	80	
554	48.456250	G#4	68	91	553	42.500000	G#4	68	80	
555	48.467708	B4	71	76	552	42.500000	B4	71	80	
556	48.576042	C#5	73	81	554	42.625000	C#5	73	80	
557	48.587500	A4	69	68	555	42.625000	A4	69	80	
558	48.723958	B4	71	81	557	42.750000	B4	71	80	
559	48.733333	D5	74	84	556	42.750000	D5	74	80	
560	48.737500	G#3	56	81	558	42.750000	G#3	56	80	
561	48.868750	G#4	68	79	559	42.875000	G#4	68	80	
562	49.014583	E4	64	84	560	43.000000	E4	64	80	
563	49.036458	A3	57	69	561	43.000000	A3	57	80	
564	49.152083	Eb4	63	79	562	43.125000	Eb4	63	80	
565	49.293750	C#5	73	90	563	43.250000	C#5	73	80	
566	49.301042	E4	64	79	564	43.250000	E4	64	80	
567	49.305208	G#3	56	70	565	43.250000	G#3	56	80	
568	49.414583	F#4	66	75	567	43.375000	F#4	66	80	
569	49.423958	B4	71	72	566	43.375000	B4	71	80	
570	49.583333	C#5	73	91	568	43.500000	C#5	73	80	
571	49.588542	E4	64	83	569	43.500000	E4	64	80	
572	49.597917	A3	57	67	570	43.500000	A3	57	80	
573	49.742708	Eb4	63	61	571	43.625000	Eb4	63	80	
574	49.880208	E4	64	56	572	43.750000	E4	64	80	
575	49.907292	E3	52	62	573	43.750000	E3	52	80	
576	50.034375	F#4	66	59	574	43.875000	F#4	66	80	
577	50.187500	F#3	54	65	576	44.000000	F#3	54	80	
578	50.187500	Eb4	63	60	575	44.000000	Eb4	63	80	
579	50.317708	C#4	61	48	577	44.125000	C#4	61	80	
580	50.483333	Eb4	63	56	578	44.250000	Eb4	63	80	
581	50.519792	A3	57	43	579	44.250000	Eb3	51	80	
582	50.604167	E4	64	63	580	44.375000	E4	64	80	
583	50.783333	B4	71	70	581	44.500000	B4	71	80	
584	50.785417	G#3	56	55	583	44.500000	G#3	56	80	
585	50.794792	F#4	66	66	582	44.500000	F#4	66	80	
586	50.927083	G#4	68	62	584	44.625000	G#4	68	80	
587	51.072917	F#3	54	60	586	44.750000	F#3	54	80	
588	51.102083	A4	69	45	585	44.750000	A4	69	80	
589	51.210417	F#4	66	55	587	44.875000	F#4	66	80	
590	51.360417	E3	52	59	589	45.000000	E3	52	80	
591	51.375000	D4	62	59	588	45.000000	D4	62	80	
592	51.515625	C#4	61	59	590	45.125000	C#4	61	80	
593	51.659375	F#3	54	57	592	45.250000	F#3	54	80	
594	51.663542	D4	62	66	591	45.250000	D4	62	80	
595	51.797917	E4	64	72	593	45.375000	E4	64	80	
596	51.948958	G#3	56	55	596	45.500000	G#3	56	80	
597	51.956250	B4	71	84	594	45.500000	B4	71	80	
598	51.979167	D4	62	64	595	45.500000	D4	62	80	
599	52.120833	C#4	61	60	597	45.625000	C#4	61	80	
600	52.230208	E3	52	60	599	45.750000	E3	52	80	
601	52.267708	D4	62	49	598	45.750000	D4	62	80	
602	52.418750	E4	64	55	600	45.875000	E4	64	80	
603	52.526042	A3	57	63	602	46.000000	A3	57	80	
604	52.553125	C#4	61	56	601	46.000000	C#4	61	80	
605	52.672917	B3	59	50	603	46.125000	B3	59	80	
606	52.809375	B3	59	66	605	46.250000	B3	59	80	
607	52.825000	C#4	61	51	604	46.250000	C#4	61	80	
608	52.946875	D4	62	57	606	46.375000	D4	62	80	
609	53.109375	A4	69	59	607	46.500000	A4	69	80	
610	53.115625	C#4	61	57	609	46.500000	C#4	61	80	
611	53.137500	E4	64	47	608	46.500000	E4	64	80	
612	53.277083	F#4	66	50	610	46.625000	F#4	66	80	
613	53.416667	B3	59	60	612	46.750000	B3	59	80	
614	53.416667	G#4	68	53	611	46.750000	G#4	68	80	
615	53.554167	E4	64	57	613	46.875000	E4	64	80	
616	53.716667	A3	57	55	615	47.000000	A3	57	80	
617	53.723958	C#4	61	48	614	47.000000	C#4	61	80	
618	53.854167	B3	59	61	616	47.125000	B3	59	80	
619	53.991667	E3	52	65	618	47.250000	E3	52	80	
620	54.004167	C#4	61	49	617	47.250000	C#4	61	80	
621	54.112500	D4	62	67	619	47.375000	D4	62	80	
622	54.283333	F#3	54	66	622	47.500000	F#3	54	80	
623	54.285417	A4	69	71	620	47.500000	A4	69	80	
624	54.298958	C#4	61	58	621	47.500000	C#4	61	80	
625	54.438542	B3	59	64	623	47.625000	B3	59	80	
626	54.581250	C#3	49	64	625	47.750000	C#3	49	80	
627	54.584375	C#4	61	63	624	47.750000	C#4	61	80	
628	54.718750	D4	62	70	626	47.875000	D4	62	80	
629	54.866667	B3	59	77	627	48.000000	B3	59	80	
630	54.883333	Eb3	51	69	628	48.000000	Eb3	51	80	
631	55.011458	A3	57	76	629	48.125000	A3	57	80	
632	55.142708	B2	47	73	631	48.250000	B2	47	80	
633	55.156250	B3	59	76	630	48.250000	B3	59	80	
634	55.300000	C#4	61	58	632	48.375000	C#4	61	80	
635	55.430208	B3	59	68	634	48.500000	B3	59	80	
636	55.430208	G#4	68	89	633	48.500000	G#4	68	80	
637	55.441667	E3	52	54	635	48.500000	E3	52	80	
638	55.580208	A3	57	60	636	48.625000	A3	57	80	
639	55.712500	E5	76	95	637	48.750000	E5	76	80	
640	55.721875	B3	59	62	638	48.750000	B3	59	80	
641	55.853125	C#4	61	62	639	48.875000	C#4	61	80	
642	56.033333	F#5	78	94	640	49.000000	F#5	78	80	
643	56.046875	A3	57	59	641	49.000000	A3	57	80	
644	56.175000	G#3	56	60	642	49.125000	G#3	56	80	
645	56.323958	A3	57	67	643	49.250000	A3	57	80	
646	56.454167	B3	59	62	644	49.375000	B3	59	80	
647	56.591667	Eb3	51	61	646	49.500000	Eb3	51	80	
648	56.607292	A3	57	60	645	49.500000	A3	57	80	
649	56.741667	G#3	56	54	648	49.625000	G#3	56	80	
650	56.750000	B4	71	61	647	49.625000	B4	71	80	
651	56.870833	A3	57	55	650	49.750000	A3	57	80	
652	56.887500	C#5	73	66	649	49.750000	C#5	73	80	
653	57.031250	Eb5	75	59	651	49.875000	Eb5	75	80	
654	57.044792	B3	59	44	652	49.875000	B3	59	80	
655	57.161458	G#3	56	62	654	50.000000	G#3	56	80	
656	57.176042	E5	76	65	653	50.000000	E5	76	80	
657	57.307292	Eb5	75	70	655	50.125000	Eb5	75	80	
658	57.469792	B3	59	63	657	50.250000	B3	59	80	
659	57.469792	E5	76	84	656	50.250000	E5	76	80	
660	57.603125	F#5	78	81	658	50.375000	F#5	78	80	
661	57.748958	G#5	80	84	659	50.500000	G#5	80	80	
662	57.756250	C#3	49	54	661	50.500000	C#3	49	80	
663	57.758333	E3	52	52	660	50.500000	E3	52	80	
664	57.877083	A5	81	80	662	50.625000	A5	81	80	
665	58.032292	B5	83	83	663	50.750000	B5	83	80	
666	58.044792	G#3	56	64	664	50.750000	G#3	56	80	
667	58.164583	G#5	80	86	665	50.875000	G#5	80	80	
668	58.325000	F#2	42	56	667	51.000000	F#2	42	80	
669	58.330208	A5	81	84	666	51.000000	A5	81	80	
670	58.496875	G#5	80	91	668	51.125000	G#5	80	80	
671	58.641667	F#3	54	67	670	51.250000	F#3	54	80	
672	58.663542	A5	81	89	669	51.250000	A5	81	80	
673	58.794792	B5	83	86	671	51.375000	B5	83	80	
674	58.804167	C#3	49	57	672	51.375000	C#3	49	80	
675	58.939583	Eb3	51	67	674	51.500000	Eb3	51	80	
676	58.939583	A5	81	87	673	51.500000	A5	81	80	
677	59.082292	G#5	80	90	675	51.625000	G#5	80	80	
678	59.233333	B2	47	60	677	51.750000	B2	47	80	
679	59.233333	A5	81	84	676	51.750000	A5	81	80	
680	59.350000	B5	83	85	678	51.875000	B5	83	80	
681	59.505208	E3	52	69	680	52.000000	E3	52	80	
682	59.512500	G#5	80	90	679	52.000000	G#5	80	80	
683	59.651042	F#5	78	88	681	52.125000	F#5	78	80	
684	59.793750	G#5	80	84	682	52.250000	G#5	80	80	
685	59.803125	B2	47	67	683	52.250000	B2	47	80	
686	59.912500	A5	81	81	684	52.375000	A5	81	80	
687	60.092708	E3	52	74	686	52.500000	E3	52	80	
688	60.092708	G#5	80	90	685	52.500000	G#5	80	80	
689	60.112500	C#3	49	43	687	52.500000	C#3	49	80	
690	60.231250	F#5	78	88	688	52.625000	F#5	78	80	
691	60.382292	E5	76	81	689	52.750000	E5	76	80	
692	60.394792	G#2	44	89	690	52.750000	G#2	44	80	
693	60.516667	Eb5	75	76	691	52.875000	Eb5	75	80	
694	60.694792	A2	45	93	693	53.000000	A2	45	80	
695	60.696875	C#5	73	74	692	53.000000	C#5	73	80	
696	60.812500	B4	71	79	694	53.125000	B4	71	80	
697	60.980208	C#5	73	84	695	53.250000	C#5	73	80	
698	60.984375	E4	64	85	696	53.250000	E4	64	80	
699	61.119792	D5	74	82	697	53.375000	D5	74	80	
700	61.123958	E2	40	78	698	53.375000	E2	40	80	
701	61.303125	A4	69	90	700	53.500000	A4	69	80	
702	61.312500	F#2	42	70	701	53.500000	F#2	42	80	
703	61.317708	C#5	73	72	699	53.500000	C#5	73	80	
704	61.472917	B4	71	80	702	53.625000	B4	71	80	
705	61.605208	C#2	37	70	704	53.750000	C#2	37	80	
706	61.627083	C#5	73	85	703	53.750000	C#5	73	80	
707	61.755208	D5	74	77	705	53.875000	D5	74	80	
708	61.890625	Eb2	39	76	707	54.000000	Eb2	39	80	
709	61.912500	B4	71	83	706	54.000000	B4	71	80	
710	62.037500	C#5	73	84	708	54.125000	C#5	73	80	
711	62.198958	Eb5	75	89	709	54.250000	Eb5	75	80	
712	62.207292	B3	59	78	710	54.250000	B3	59	80	
713	62.356250	B4	71	74	711	54.375000	B4	71	80	
714	62.559375	C#4	61	73	714	54.500000	C#4	61	80	
715	62.559375	E5	76	93	712	54.500000	E5	76	80	
716	62.570833	G#4	68	68	713	54.500000	G#4	68	80	
717	62.741667	E4	64	78	715	54.625000	E4	64	80	
718	62.900000	F#4	66	79	716	54.750000	F#4	66	80	
719	63.048958	G#4	68	85	717	54.875000	G#4	68	80	
720	63.190625	A4	69	82	718	55.000000	A4	69	80	
721	63.346875	B4	71	89	719	55.125000	B4	71	80	
722	63.361458	F#3	54	57	720	55.125000	F#3	54	80	
723	63.528125	C#5	73	97	721	55.250000	C#5	73	80	
724	63.544792	G#3	56	67	722	55.250000	G#3	56	80	
725	63.692708	A3	57	73	723	55.375000	A3	57	80	
726	63.888542	B3	59	81	725	55.500000	B3	59	80	
727	63.905208	Eb5	75	90	724	55.500000	Eb5	75	80	
728	64.087500	C#5	73	87	726	55.625000	C#5	73	80	
729	64.312500	B2	47	70	728	55.750000	B2	47	80	
730	64.316667	B4	71	87	727	55.750000	B4	71	80	
731	64.526042	A4	69	83	729	55.875000	A4	69	80	
732	64.862500	E5	76	95	731	56.000000	E5	76	80	
733	64.876042	E2	40	62	732	56.000000	E2	40	80	
734	65.250000	G#4	68	81	*	-1	*	-1	-1	
735	65.539583	F#4	66	86	*	-1	*	-1	-1	
736	65.876042	G#4	68	82	*	-1	*	-1	-1	
737	65.962500	F#4	66	83	*	-1	*	-1	-1	
738	66.059375	G#4	68	80	*	-1	*	-1	-1	
*	-1	*	-1	-1	12	2.750000	B4	71	80	
*	-1	*	-1	-1	730	56.000000	G#4	68	80	
