// alignID alignOntime alignSitch alignPitch alignOnvel refID refOntime refSitch refPitch refOnvel
0	0.500000	E4	64	81	0	0.750000	E4	64	80	
1	0.813802	F#4	66	84	1	1.000000	F#4	66	80	
2	1.523438	B3	59	41	2	1.625000	B3	59	80	
3	1.657552	C#4	61	57	3	1.750000	C#4	61	80	
4	1.772135	Eb4	63	61	4	1.875000	Eb4	63	80	
5	1.890625	E4	64	63	5	2.000000	E4	64	80	
6	2.015625	Eb4	63	62	6	2.125000	Eb4	63	80	
7	2.136719	E4	64	67	7	2.250000	E4	64	80	
8	2.253906	F#4	66	72	8	2.375000	F#4	66	80	
9	2.376302	G#4	68	79	9	2.500000	G#4	68	80	
10	2.483073	A4	69	81	10	2.625000	A4	69	80	
11	2.602865	B4	71	88	11	2.750000	B4	71	80	
12	2.773438	G#4	68	49	13	2.875000	G#4	68	80	
13	2.885417	C#5	73	89	14	3.000000	C#5	73	80	
14	2.902344	E4	64	58	15	3.000000	E4	64	80	
15	3.050781	Eb4	63	56	16	3.125000	Eb4	63	80	
16	3.170573	E4	64	70	17	3.250000	E4	64	80	
17	3.283854	F#4	66	63	18	3.375000	F#4	66	80	
18	3.420573	E4	64	65	19	3.500000	E4	64	80	
19	3.523438	Eb4	63	55	21	3.625000	Eb4	63	80	
20	3.542969	F#4	66	66	20	3.625000	F#4	66	80	
21	3.661458	E4	64	58	23	3.750000	E4	64	80	
22	3.670573	G#4	68	68	22	3.750000	G#4	68	80	
23	3.768229	F#4	66	52	25	3.875000	F#4	66	80	
24	3.779948	Bb4	70	72	24	3.875000	Bb4	70	80	
25	3.906250	Eb4	63	55	27	4.000000	Eb4	63	80	
26	3.906250	B4	71	73	26	4.000000	B4	71	80	
27	4.006510	C#4	61	49	29	4.125000	C#4	61	80	
28	4.029948	Bb4	70	70	28	4.125000	Bb4	70	80	
29	4.152344	Eb4	63	53	31	4.250000	Eb4	63	80	
30	4.156250	B4	71	76	30	4.250000	B4	71	80	
31	4.246094	E4	64	56	33	4.375000	E4	64	80	
32	4.266927	C#5	73	74	32	4.375000	C#5	73	80	
33	4.376302	F#4	66	68	35	4.500000	F#4	66	80	
34	4.381510	Eb5	75	80	34	4.500000	Eb5	75	80	
35	4.486979	E5	76	77	36	4.625000	E5	76	80	
36	4.500000	G#4	68	75	37	4.625000	G#4	68	80	
37	4.613281	F#5	78	87	38	4.750000	F#5	78	80	
38	4.615885	A4	69	74	39	4.750000	A4	69	80	
39	4.738281	F#4	66	66	41	4.875000	F#4	66	80	
40	4.740885	Eb5	75	79	40	4.875000	Eb5	75	80	
41	4.867188	G#4	68	80	43	5.000000	G#4	68	80	
42	4.872396	B4	71	82	42	5.000000	B4	71	80	
43	4.986979	A4	69	73	44	5.125000	A4	69	80	
44	5.115885	B4	71	75	45	5.250000	B4	71	80	
45	5.118490	B3	59	90	46	5.250000	B3	59	80	
46	5.250000	C#5	73	63	47	5.375000	C#5	73	80	
47	5.375000	E4	64	88	49	5.500000	E4	64	80	
48	5.389323	B4	71	69	48	5.500000	B4	71	80	
49	5.514323	A4	69	66	50	5.625000	A4	69	80	
50	5.638021	E3	52	82	52	5.750000	E3	52	80	
51	5.653646	B4	71	67	51	5.750000	B4	71	80	
52	5.753906	C#5	73	62	53	5.875000	C#5	73	80	
53	5.912760	F#3	54	88	55	6.000000	F#3	54	80	
54	5.932292	A4	69	69	54	6.000000	A4	69	80	
55	6.046875	G#4	68	60	56	6.125000	G#4	68	80	
56	6.170573	A4	69	62	57	6.250000	A4	69	80	
57	6.179688	Eb4	63	64	58	6.250000	Eb4	63	80	
58	6.276042	B4	71	65	59	6.375000	B4	71	80	
59	6.440104	A4	69	69	60	6.500000	A4	69	80	
60	6.446615	F#4	66	72	61	6.500000	F#4	66	80	
61	6.563802	B2	47	60	63	6.625000	B2	47	80	
62	6.571615	G#4	68	66	62	6.625000	G#4	68	80	
63	6.690104	C#3	49	65	65	6.750000	C#3	49	80	
64	6.694010	A4	69	56	64	6.750000	A4	69	80	
65	6.777344	B4	71	53	66	6.875000	B4	71	80	
66	6.807292	Eb3	51	79	67	6.875000	Eb3	51	80	
67	6.928385	E3	52	75	69	7.000000	E3	52	80	
68	6.932292	G#4	68	64	68	7.000000	G#4	68	80	
69	7.035156	F#4	66	71	70	7.125000	F#4	66	80	
70	7.041667	Eb3	51	74	71	7.125000	Eb3	51	80	
71	7.167969	E3	52	63	74	7.250000	E3	52	80	
72	7.167969	G#4	68	83	72	7.250000	G#4	68	80	
73	7.171875	B3	59	68	73	7.250000	B3	59	80	
74	7.283854	Bb4	70	76	75	7.375000	Bb4	70	80	
75	7.295573	F#3	54	57	76	7.375000	F#3	54	80	
76	7.407552	G#3	56	67	79	7.500000	G#3	56	80	
77	7.408854	E4	64	74	78	7.500000	E4	64	80	
78	7.408854	B4	71	85	77	7.500000	B4	71	80	
79	7.541667	A3	57	62	80	7.625000	A3	57	80	
80	7.666667	Eb4	63	85	81	7.750000	Eb4	63	80	
81	7.690104	B3	59	62	82	7.750000	B3	59	80	
82	7.798177	G#3	56	61	83	7.875000	G#3	56	80	
83	7.944010	E3	52	56	85	8.000000	E3	52	80	
84	7.951823	C#4	61	85	84	8.000000	C#4	61	80	
85	8.084635	Eb3	51	60	86	8.125000	Eb3	51	80	
86	8.214844	E3	52	57	87	8.250000	E3	52	80	
87	8.325521	F#3	54	58	88	8.375000	F#3	54	80	
88	8.473958	E3	52	52	90	8.500000	E3	52	80	
89	8.476562	Bb4	70	66	89	8.500000	Bb4	70	80	
90	8.587240	Eb3	51	61	91	8.625000	Eb3	51	80	
91	8.718750	E3	52	55	92	8.750000	E3	52	80	
92	8.845052	F#3	54	59	93	8.875000	F#3	54	80	
93	9.001302	Eb3	51	46	96	9.000000	Eb3	51	80	
94	9.026042	B4	71	65	94	9.000000	B4	71	80	
95	9.032552	B3	59	44	95	9.000000	B3	59	80	
96	9.113281	C#3	49	46	97	9.125000	C#3	49	80	
97	9.240885	Eb3	51	47	99	9.250000	Eb3	51	80	
98	9.283854	B5	83	64	98	9.250000	B5	83	80	
99	9.380208	E3	52	37	100	9.375000	E3	52	80	
100	9.531250	F#3	54	40	102	9.500000	F#3	54	80	
101	9.533854	Eb5	75	81	101	9.500000	Eb5	75	80	
102	9.662760	G#3	56	52	103	9.625000	G#3	56	80	
103	9.792969	F#5	78	86	104	9.750000	F#5	78	80	
104	9.794271	A3	57	49	105	9.750000	A3	57	80	
105	9.910156	F#3	54	58	106	9.875000	F#3	54	80	
106	10.054688	G#3	56	52	108	10.000000	G#3	56	80	
107	10.061198	B4	71	90	107	10.000000	B4	71	80	
108	10.183594	F#3	54	48	109	10.125000	F#3	54	80	
109	10.303385	G#3	56	50	111	10.250000	G#3	56	80	
110	10.311198	E5	76	65	110	10.250000	E5	76	80	
111	10.414062	A3	57	57	112	10.375000	A3	57	80	
112	10.554688	B3	59	62	114	10.500000	B3	59	80	
113	10.561198	G#4	68	77	113	10.500000	G#4	68	80	
114	10.686198	C#4	61	61	115	10.625000	C#4	61	80	
115	10.813802	B4	71	65	116	10.750000	B4	71	80	
116	10.815104	D4	62	55	117	10.750000	D4	62	80	
117	10.937500	B3	59	55	118	10.875000	B3	59	80	
118	11.049479	C#4	61	52	120	11.000000	C#4	61	80	
119	11.080729	E4	64	67	119	11.000000	E4	64	80	
120	11.183594	B3	59	56	121	11.125000	B3	59	80	
121	11.315104	C#4	61	54	124	11.250000	C#4	61	80	
122	11.324219	F#4	66	78	123	11.250000	F#4	66	80	
123	11.329427	A4	69	75	122	11.250000	A4	69	80	
124	11.444010	Eb4	63	66	125	11.375000	Eb4	63	80	
125	11.565104	G#4	68	87	126	11.500000	G#4	68	80	
126	11.569010	E4	64	73	127	11.500000	E4	64	80	
127	11.694010	Eb4	63	73	128	11.625000	Eb4	63	80	
128	11.809896	C#4	61	67	131	11.750000	C#4	61	80	
129	11.824219	E4	64	86	130	11.750000	E4	64	80	
130	11.824219	E5	76	92	129	11.750000	E5	76	80	
131	11.936198	B3	59	69	132	11.875000	B3	59	80	
132	12.101562	A3	57	60	135	12.000000	A3	57	80	
133	12.108073	E4	64	66	134	12.000000	E4	64	80	
134	12.118490	F#5	78	93	133	12.000000	F#5	78	80	
135	12.261719	G#3	56	60	136	12.125000	G#3	56	80	
136	12.385417	A3	57	58	137	12.250000	A3	57	80	
137	12.501302	B3	59	61	138	12.375000	B3	59	80	
138	12.635417	A3	57	68	140	12.500000	A3	57	80	
139	12.636719	Eb4	63	63	139	12.500000	Eb4	63	80	
140	12.742188	G#3	56	64	142	12.625000	G#3	56	80	
141	12.755208	B4	71	59	141	12.625000	B4	71	80	
142	12.868490	C#5	73	75	143	12.750000	C#5	73	80	
143	12.877604	F#4	66	64	144	12.750000	F#4	66	80	
144	12.886719	A3	57	56	145	12.750000	A3	57	80	
145	12.971354	B3	59	64	147	12.875000	B3	59	80	
146	12.980469	Eb5	75	78	146	12.875000	Eb5	75	80	
147	13.123698	E5	76	74	148	13.000000	E5	76	80	
148	13.134115	B3	59	77	149	13.000000	B3	59	80	
149	13.147135	G#3	56	61	150	13.000000	G#3	56	80	
150	13.235677	Eb5	75	72	151	13.125000	Eb5	75	80	
151	13.369792	E5	76	86	152	13.250000	E5	76	80	
152	13.377604	F#3	54	80	153	13.250000	F#3	54	80	
153	13.483073	F#5	78	89	154	13.375000	F#5	78	80	
154	13.621094	E3	52	91	156	13.500000	E3	52	80	
155	13.626302	G#5	80	85	155	13.500000	G#5	80	80	
156	13.761719	A5	81	72	157	13.625000	A5	81	80	
157	13.875000	Eb3	51	85	160	13.750000	Eb3	51	80	
158	13.882812	B4	71	91	159	13.750000	B4	71	80	
159	13.885417	B5	83	89	158	13.750000	B5	83	80	
160	14.020833	G#5	80	70	161	13.875000	G#5	80	80	
161	14.141927	C#3	49	82	164	14.000000	C#3	49	80	
162	14.145833	C#5	73	88	163	14.000000	C#5	73	80	
163	14.158854	E5	76	74	162	14.000000	E5	76	80	
164	14.281250	Eb5	75	70	165	14.125000	Eb5	75	80	
165	14.395833	B3	59	80	167	14.250000	B3	59	80	
166	14.411458	E5	76	71	166	14.250000	E5	76	80	
167	14.527344	F#5	78	69	168	14.375000	F#5	78	80	
168	14.649740	Bb3	58	70	170	14.500000	Bb3	58	80	
169	14.666667	E5	76	77	169	14.500000	E5	76	80	
170	14.772135	Eb5	75	80	171	14.625000	Eb5	75	80	
171	14.774740	F#4	66	64	172	14.625000	F#4	66	80	
172	14.894531	E5	76	73	173	14.750000	E5	76	80	
173	14.897135	G#4	68	72	174	14.750000	G#4	68	80	
174	14.904948	F#3	54	58	175	14.750000	F#3	54	80	
175	15.001302	F#5	78	71	176	14.875000	F#5	78	80	
176	15.014323	Bb4	70	67	177	14.875000	Bb4	70	80	
177	15.134115	B3	59	63	180	15.000000	B3	59	80	
178	15.135417	B4	71	74	179	15.000000	B4	71	80	
179	15.147135	Eb5	75	69	178	15.000000	Eb5	75	80	
180	15.247396	C#5	73	68	181	15.125000	C#5	73	80	
181	15.256510	Bb4	70	63	182	15.125000	Bb4	70	80	
182	15.367188	B4	71	64	184	15.250000	B4	71	80	
183	15.371094	Eb5	75	66	183	15.250000	Eb5	75	80	
184	15.496094	E5	76	74	185	15.375000	E5	76	80	
185	15.502604	C#5	73	52	186	15.375000	C#5	73	80	
186	15.623698	Eb5	75	60	188	15.500000	Eb5	75	80	
187	15.653646	F#5	78	80	187	15.500000	F#5	78	80	
188	15.755208	E5	76	61	190	15.625000	E5	76	80	
189	15.759115	G#5	80	79	189	15.625000	G#5	80	80	
190	15.878906	F#5	78	59	192	15.750000	F#5	78	80	
191	15.893229	A5	81	83	191	15.750000	A5	81	80	
192	16.010417	Eb5	75	66	193	15.875000	Eb5	75	80	
193	16.143229	B4	71	71	194	16.000000	B4	71	80	
194	16.253906	A4	69	71	195	16.125000	A4	69	80	
195	16.364583	Eb5	75	86	196	16.250000	Eb5	75	80	
196	16.394531	B4	71	57	197	16.250000	B4	71	80	
197	16.479167	C#5	73	60	198	16.375000	C#5	73	80	
198	16.654948	B4	71	44	200	16.500000	B4	71	80	
199	16.657552	G#5	80	84	199	16.500000	G#5	80	80	
200	16.765625	A4	69	47	201	16.625000	A4	69	80	
201	16.886719	B4	71	59	202	16.750000	B4	71	80	
202	17.005208	C#5	73	62	203	16.875000	C#5	73	80	
203	17.157552	A4	69	53	204	17.000000	A4	69	80	
204	17.263021	G#4	68	57	205	17.125000	G#4	68	80	
205	17.408854	A4	69	58	207	17.250000	A4	69	80	
206	17.408854	F#5	78	69	206	17.250000	F#5	78	80	
207	17.515625	E5	76	62	208	17.375000	E5	76	80	
208	17.518229	B4	71	54	209	17.375000	B4	71	80	
209	17.648438	A4	69	51	211	17.500000	A4	69	80	
210	17.667969	Eb5	75	62	210	17.500000	Eb5	75	80	
211	17.779948	G#4	68	59	212	17.625000	G#4	68	80	
212	17.904948	B3	59	76	214	17.750000	B3	59	80	
213	17.945312	A4	69	45	213	17.750000	A4	69	80	
214	18.005208	B4	71	53	215	17.875000	B4	71	80	
215	18.166667	C#4	61	77	218	18.000000	C#4	61	80	
216	18.178385	G#4	68	57	217	18.000000	G#4	68	80	
217	18.186198	E5	76	53	216	18.000000	E5	76	80	
218	18.290365	Eb5	75	66	219	18.125000	Eb5	75	80	
219	18.421875	E4	64	63	221	18.250000	E4	64	80	
220	18.434896	E5	76	61	220	18.250000	E5	76	80	
221	18.548177	F#5	78	57	222	18.375000	F#5	78	80	
222	18.697917	A4	69	64	224	18.500000	A4	69	80	
223	18.718750	E5	76	58	223	18.500000	E5	76	80	
224	18.820312	F#3	54	45	226	18.625000	F#3	54	80	
225	18.828125	Eb5	75	61	225	18.625000	Eb5	75	80	
226	18.936198	E5	76	58	227	18.750000	E5	76	80	
227	18.946615	G#3	56	58	228	18.750000	G#3	56	80	
228	19.039062	F#5	78	61	229	18.875000	F#5	78	80	
229	19.076823	A3	57	54	230	18.875000	A3	57	80	
230	19.190104	Eb5	75	57	231	19.000000	Eb5	75	80	
231	19.199219	B3	59	57	232	19.000000	B3	59	80	
232	19.302083	C#5	73	67	233	19.125000	C#5	73	80	
233	19.317708	A3	57	53	234	19.125000	A3	57	80	
234	19.428385	B3	59	61	236	19.250000	B3	59	80	
235	19.429688	Eb5	75	81	235	19.250000	Eb5	75	80	
236	19.546875	E5	76	74	237	19.375000	E5	76	80	
237	19.555990	C#4	61	60	238	19.375000	C#4	61	80	
238	19.683594	F#5	78	87	239	19.500000	F#5	78	80	
239	19.694010	Eb4	63	59	240	19.500000	Eb4	63	80	
240	19.812500	C5	72	74	241	19.625000	C5	72	80	
241	19.822917	E4	64	61	242	19.625000	E4	64	80	
242	19.933594	C#5	73	84	243	19.750000	C#5	73	80	
243	19.937500	Eb4	63	62	244	19.750000	Eb4	63	80	
244	20.044271	Eb5	75	81	245	19.875000	Eb5	75	80	
245	20.049479	C#4	61	60	246	19.875000	C#4	61	80	
246	20.167969	G#4	68	85	247	20.000000	G#4	68	80	
247	20.184896	C4	60	64	248	20.000000	C4	60	80	
248	20.296875	G#3	56	66	249	20.125000	G#3	56	80	
249	20.430990	Bb3	58	70	251	20.250000	Bb3	58	80	
250	20.446615	E5	76	83	250	20.250000	E5	76	80	
251	20.557292	C4	60	69	253	20.375000	C4	60	80	
252	20.561198	Eb5	75	85	252	20.375000	Eb5	75	80	
253	20.687500	C#4	61	72	255	20.500000	C#4	61	80	
254	20.704427	E5	76	89	254	20.500000	E5	76	80	
255	20.826823	Eb4	63	68	256	20.625000	Eb4	63	80	
256	20.967448	E4	64	55	258	20.750000	E4	64	80	
257	20.967448	C#5	73	77	257	20.750000	C#5	73	80	
258	21.055990	C#4	61	59	259	20.875000	C#4	61	80	
259	21.207031	A3	57	54	261	21.000000	A3	57	80	
260	21.227865	F#4	66	81	260	21.000000	F#4	66	80	
261	21.351562	G#3	56	54	262	21.125000	G#3	56	80	
262	21.488281	A3	57	62	264	21.250000	A3	57	80	
263	21.498698	E5	76	74	263	21.250000	E5	76	80	
264	21.611979	B3	59	61	265	21.375000	B3	59	80	
265	21.750000	Eb5	75	77	266	21.500000	Eb5	75	80	
266	21.761719	A3	57	64	267	21.500000	A3	57	80	
267	21.871094	G#3	56	66	268	21.625000	G#3	56	80	
268	22.002604	C#5	73	84	269	21.750000	C#5	73	80	
269	22.006510	A3	57	63	270	21.750000	A3	57	80	
270	22.111979	B3	59	64	271	21.875000	B3	59	80	
271	22.250000	G#3	56	62	273	22.000000	G#3	56	80	
272	22.250000	C5	72	79	272	22.000000	C5	72	80	
273	22.376302	E3	52	54	274	22.125000	E3	52	80	
274	22.493490	F#3	54	65	276	22.250000	F#3	54	80	
275	22.505208	G#4	68	84	275	22.250000	G#4	68	80	
276	22.632812	G#3	56	66	277	22.375000	G#3	56	80	
277	22.766927	A3	57	61	280	22.500000	A3	57	80	
278	22.776042	C#5	73	82	278	22.500000	C#5	73	80	
279	22.779948	E4	64	66	279	22.500000	E4	64	80	
280	22.895833	B3	59	67	281	22.625000	B3	59	80	
281	23.026042	C#4	61	66	283	22.750000	C#4	61	80	
282	23.028646	A4	69	80	282	22.750000	A4	69	80	
283	23.143229	A3	57	67	284	22.875000	A3	57	80	
284	23.273438	F#3	54	60	286	23.000000	F#3	54	80	
285	23.277344	Eb4	63	78	285	23.000000	Eb4	63	80	
286	23.401042	E3	52	44	287	23.125000	E3	52	80	
287	23.527344	F#3	54	63	290	23.250000	F#3	54	80	
288	23.536458	Eb5	75	76	288	23.250000	Eb5	75	80	
289	23.544271	F#4	66	68	289	23.250000	F#4	66	80	
290	23.644531	G#3	56	58	291	23.375000	G#3	56	80	
291	23.789062	F#3	54	62	294	23.500000	F#3	54	80	
292	23.800781	G#4	68	74	292	23.500000	G#4	68	80	
293	23.803385	C4	60	67	293	23.500000	C4	60	80	
294	23.907552	E3	52	58	295	23.625000	E3	52	80	
295	24.058594	F#3	54	57	298	23.750000	F#3	54	80	
296	24.058594	Bb4	70	68	296	23.750000	Bb4	70	80	
297	24.072917	Eb4	63	49	297	23.750000	Eb4	63	80	
298	24.144531	G#3	56	67	300	23.875000	G#3	56	80	
299	24.165365	C5	72	66	299	23.875000	C5	72	80	
300	24.296875	C#5	73	64	301	24.000000	C#5	73	80	
301	24.311198	G#3	56	64	302	24.000000	G#3	56	80	
302	24.332031	E3	52	36	303	24.000000	E3	52	80	
303	24.441406	C5	72	59	304	24.125000	C5	72	80	
304	24.558594	Eb3	51	64	306	24.250000	Eb3	51	80	
305	24.570312	C#5	73	61	305	24.250000	C#5	73	80	
306	24.705729	Eb5	75	64	307	24.375000	Eb5	75	80	
307	24.819010	C#3	49	58	309	24.500000	C#3	49	80	
308	24.838542	E5	76	61	308	24.500000	E5	76	80	
309	24.962240	F#5	78	58	310	24.625000	F#5	78	80	
310	25.078125	E3	52	51	312	24.750000	E3	52	80	
311	25.088542	G#5	80	65	311	24.750000	G#5	80	80	
312	25.225260	E5	76	53	313	24.875000	E5	76	80	
313	25.326823	Bb2	46	47	315	25.000000	Bb2	46	80	
314	25.358073	C#5	73	57	314	25.000000	C#5	73	80	
315	25.457031	B4	71	56	316	25.125000	B4	71	80	
316	25.579427	G#3	56	63	318	25.250000	G#3	56	80	
317	25.583333	C#5	73	62	317	25.250000	C#5	73	80	
318	25.695312	Eb5	75	64	319	25.375000	Eb5	75	80	
319	25.845052	Bb3	58	80	321	25.500000	Bb3	58	80	
320	25.852865	G3	55	38	322	25.500000	G3	55	80	
321	25.854167	C#5	73	59	320	25.500000	C#5	73	80	
322	25.970052	B4	71	57	323	25.625000	B4	71	80	
323	26.095052	Eb3	51	60	325	25.750000	Eb3	51	80	
324	26.098958	C#5	73	54	324	25.750000	C#5	73	80	
325	26.207031	Eb5	75	58	326	25.875000	Eb5	75	80	
326	26.350260	B4	71	61	327	26.000000	B4	71	80	
327	26.367188	G#2	44	55	328	26.000000	G#2	44	80	
328	26.470052	Bb4	70	66	329	26.125000	Bb4	70	80	
329	26.605469	B4	71	69	330	26.250000	B4	71	80	
330	26.614583	Bb2	46	52	331	26.250000	Bb2	46	80	
331	26.721354	C#5	73	76	332	26.375000	C#5	73	80	
332	26.863281	Eb5	75	72	333	26.500000	Eb5	75	80	
333	26.865885	B2	47	58	335	26.500000	B2	47	80	
334	26.868490	G#3	56	68	334	26.500000	G#3	56	80	
335	26.985677	E5	76	67	336	26.625000	E5	76	80	
336	27.119792	F#5	78	78	337	26.750000	F#5	78	80	
337	27.122396	Bb2	46	59	338	26.750000	Bb2	46	80	
338	27.242188	Eb5	75	70	339	26.875000	Eb5	75	80	
339	27.372396	G#2	44	72	341	27.000000	G#2	44	80	
340	27.377604	B4	71	67	340	27.000000	B4	71	80	
341	27.497396	A4	69	62	342	27.125000	A4	69	80	
342	27.621094	F#3	54	72	344	27.250000	F#3	54	80	
343	27.635417	B4	71	68	343	27.250000	B4	71	80	
344	27.748698	C#5	73	58	345	27.375000	C#5	73	80	
345	27.895833	G#3	56	70	347	27.500000	G#3	56	80	
346	27.898438	F3	53	51	348	27.500000	F3	53	80	
347	27.915365	B4	71	56	346	27.500000	B4	71	80	
348	28.033854	A4	69	52	349	27.625000	A4	69	80	
349	28.165365	C#3	49	49	351	27.750000	C#3	49	80	
350	28.173177	B4	71	54	350	27.750000	B4	71	80	
351	28.292969	C#5	73	53	352	27.875000	C#5	73	80	
352	28.417969	F#2	42	56	354	28.000000	F#2	42	80	
353	28.425781	A4	69	53	353	28.000000	A4	69	80	
354	28.549479	G#4	68	51	355	28.125000	G#4	68	80	
355	28.678385	A4	69	53	356	28.250000	A4	69	80	
356	28.694010	G#2	44	46	357	28.250000	G#2	44	80	
357	28.791667	B4	71	61	358	28.375000	B4	71	80	
358	28.930990	A2	45	48	361	28.500000	A2	45	80	
359	28.942708	F#3	54	51	360	28.500000	F#3	54	80	
360	28.942708	C#5	73	57	359	28.500000	C#5	73	80	
361	29.076823	Eb5	75	54	362	28.625000	Eb5	75	80	
362	29.197917	G#2	44	53	364	28.750000	G#2	44	80	
363	29.205729	E5	76	58	363	28.750000	E5	76	80	
364	29.325521	C#5	73	64	365	28.875000	C#5	73	80	
365	29.441406	F#2	42	71	367	29.000000	F#2	42	80	
366	29.464844	Eb5	75	72	366	29.000000	Eb5	75	80	
367	29.583333	C#5	73	74	368	29.125000	C#5	73	80	
368	29.707031	E3	52	79	370	29.250000	E3	52	80	
369	29.726562	Eb5	75	82	369	29.250000	Eb5	75	80	
370	29.838542	E5	76	80	371	29.375000	E5	76	80	
371	29.953125	F#3	54	79	373	29.500000	F#3	54	80	
372	29.963542	Eb3	51	70	374	29.500000	Eb3	51	80	
373	29.979167	F#5	78	84	372	29.500000	F#5	78	80	
374	30.097656	G#5	80	75	375	29.625000	G#5	80	80	
375	30.200521	C#3	49	68	377	29.750000	C#3	49	80	
376	30.220052	A5	81	75	376	29.750000	A5	81	80	
377	30.337240	F#5	78	76	378	29.875000	F#5	78	80	
378	30.451823	C3	48	62	380	30.000000	C3	48	80	
379	30.462240	G#5	80	77	379	30.000000	G#5	80	80	
380	30.585938	F#5	78	81	381	30.125000	F#5	78	80	
381	30.717448	E5	76	82	382	30.250000	E5	76	80	
382	30.718750	G#2	44	62	383	30.250000	G#2	44	80	
383	30.834635	Eb5	75	81	384	30.375000	Eb5	75	80	
384	30.951823	E3	52	75	386	30.500000	E3	52	80	
385	30.959635	A2	45	70	387	30.500000	A2	45	80	
386	30.963542	C#5	73	81	385	30.500000	C#5	73	80	
387	31.079427	B4	71	80	388	30.625000	B4	71	80	
388	31.210938	C#4	61	91	390	30.750000	C#4	61	80	
389	31.220052	A4	69	78	389	30.750000	A4	69	80	
390	31.230469	E3	52	77	391	30.750000	E3	52	80	
391	31.343750	G#4	68	66	392	30.875000	G#4	68	80	
392	31.492188	F#3	54	69	395	31.000000	F#3	54	80	
393	31.494792	Eb4	63	86	394	31.000000	Eb4	63	80	
394	31.502604	F#4	66	74	393	31.000000	F#4	66	80	
395	31.635417	G#4	68	71	396	31.125000	G#4	68	80	
396	31.647135	E3	52	54	397	31.125000	E3	52	80	
397	31.760417	A4	69	75	398	31.250000	A4	69	80	
398	31.761719	F#3	54	74	399	31.250000	F#3	54	80	
399	31.880208	F#4	66	71	400	31.375000	F#4	66	80	
400	32.013021	G#3	56	75	402	31.500000	G#3	56	80	
401	32.019531	Eb4	63	69	401	31.500000	Eb4	63	80	
402	32.138021	G#3	56	67	403	31.625000	G#3	56	80	
403	32.260417	G#2	44	62	406	31.750000	G#2	44	80	
404	32.266927	G#4	68	64	404	31.750000	G#4	68	80	
405	32.270833	Bb3	58	67	405	31.750000	Bb3	58	80	
406	32.385417	C4	60	63	407	31.875000	C4	60	80	
407	32.505208	C#3	49	52	410	32.000000	C#3	49	80	
408	32.514323	E4	64	57	408	32.000000	E4	64	80	
409	32.515625	C#4	61	60	409	32.000000	C#4	61	80	
410	32.656250	C4	60	65	411	32.125000	C4	60	80	
411	32.774740	C#4	61	66	413	32.250000	C#4	61	80	
412	32.776042	G#4	68	72	412	32.250000	G#4	68	80	
413	32.897135	Eb4	63	70	414	32.375000	Eb4	63	80	
414	33.028646	E4	64	66	416	32.500000	E4	64	80	
415	33.029948	C#5	73	86	415	32.500000	C#5	73	80	
416	33.143229	F#4	66	67	417	32.625000	F#4	66	80	
417	33.278646	G#4	68	64	419	32.750000	G#4	68	80	
418	33.289062	B4	71	81	418	32.750000	B4	71	80	
419	33.407552	E4	64	56	420	32.875000	E4	64	80	
420	33.557292	C#4	61	48	422	33.000000	C#4	61	80	
421	33.569010	E5	76	70	421	33.000000	E5	76	80	
422	33.700521	B3	59	51	424	33.125000	B3	59	80	
423	33.701823	Eb5	75	75	423	33.125000	Eb5	75	80	
424	33.835938	C#5	73	76	425	33.250000	C#5	73	80	
425	33.847656	C#4	61	59	426	33.250000	C#4	61	80	
426	33.954427	Eb4	63	57	428	33.375000	Eb4	63	80	
427	33.958333	B4	71	79	427	33.375000	B4	71	80	
428	34.085938	A4	69	76	429	33.500000	A4	69	80	
429	34.088542	C#4	61	54	430	33.500000	C#4	61	80	
430	34.199219	B3	59	54	431	33.625000	B3	59	80	
431	34.348958	C#4	61	56	432	33.750000	C#4	61	80	
432	34.451823	Eb4	63	60	433	33.875000	Eb4	63	80	
433	34.588542	B3	59	60	434	34.000000	B3	59	80	
434	34.714844	G#3	56	64	435	34.125000	G#3	56	80	
435	34.820312	A3	57	59	437	34.250000	A3	57	80	
436	34.826823	Eb4	63	75	436	34.250000	Eb4	63	80	
437	34.941406	B3	59	62	438	34.375000	B3	59	80	
438	35.075521	C#4	61	62	440	34.500000	C#4	61	80	
439	35.082031	A4	69	76	439	34.500000	A4	69	80	
440	35.210938	Eb4	63	64	441	34.625000	Eb4	63	80	
441	35.332031	G#4	68	72	442	34.750000	G#4	68	80	
442	35.351562	E4	64	49	443	34.750000	E4	64	80	
443	35.458333	C#4	61	47	444	34.875000	C#4	61	80	
444	35.596354	A3	57	45	446	35.000000	A3	57	80	
445	35.596354	C#5	73	55	445	35.000000	C#5	73	80	
446	35.714844	B4	71	57	447	35.125000	B4	71	80	
447	35.766927	G#3	56	44	448	35.125000	G#3	56	80	
448	35.842448	A4	69	57	449	35.250000	A4	69	80	
449	35.910156	A3	57	44	450	35.250000	A3	57	80	
450	35.972656	G#4	68	62	451	35.375000	G#4	68	80	
451	36.002604	B3	59	44	452	35.375000	B3	59	80	
452	36.118490	F#4	66	54	453	35.500000	F#4	66	80	
453	36.121094	A3	57	40	454	35.500000	A3	57	80	
454	36.257812	G#3	56	47	455	35.625000	G#3	56	80	
455	36.378906	A3	57	51	456	35.750000	A3	57	80	
456	36.505208	B3	59	44	457	35.875000	B3	59	80	
457	36.661458	G#3	56	53	458	36.000000	G#3	56	80	
458	36.773438	F#3	54	50	459	36.125000	F#3	54	80	
459	36.904948	E4	64	52	460	36.250000	E4	64	80	
460	36.906250	G#3	56	51	461	36.250000	G#3	56	80	
461	37.007812	A3	57	49	463	36.375000	A3	57	80	
462	37.022135	Eb4	63	56	462	36.375000	Eb4	63	80	
463	37.138021	G#3	56	67	465	36.500000	G#3	56	80	
464	37.151042	E4	64	64	464	36.500000	E4	64	80	
465	37.253906	F#4	66	65	466	36.625000	F#4	66	80	
466	37.395833	E3	52	78	469	36.750000	E3	52	80	
467	37.399740	G#4	68	66	467	36.750000	G#4	68	80	
468	37.406250	B3	59	59	468	36.750000	B3	59	80	
469	37.505208	E4	64	64	470	36.875000	E4	64	80	
470	37.678385	F#3	54	78	472	37.000000	F#3	54	80	
471	37.683594	C#4	61	56	471	37.000000	C#4	61	80	
472	37.802083	G#4	68	64	473	37.125000	G#4	68	80	
473	37.938802	F#4	66	61	474	37.250000	F#4	66	80	
474	37.946615	A3	57	43	475	37.250000	A3	57	80	
475	38.062500	G#3	56	51	477	37.375000	G#3	56	80	
476	38.069010	E4	64	53	476	37.375000	E4	64	80	
477	38.184896	A3	57	46	479	37.500000	A3	57	80	
478	38.220052	Eb4	63	46	478	37.500000	Eb4	63	80	
479	38.324219	C#4	61	47	480	37.625000	C#4	61	80	
480	38.339844	B2	47	50	481	37.625000	B2	47	80	
481	38.455729	C#3	49	56	483	37.750000	C#3	49	80	
482	38.459635	B3	59	58	482	37.750000	B3	59	80	
483	38.566406	A3	57	48	484	37.875000	A3	57	80	
484	38.571615	Eb3	51	60	485	37.875000	Eb3	51	80	
485	38.710938	E3	52	57	487	38.000000	E3	52	80	
486	38.716146	G#3	56	53	486	38.000000	G#3	56	80	
487	38.847656	Eb3	51	56	489	38.125000	Eb3	51	80	
488	38.855469	B3	59	52	488	38.125000	B3	59	80	
489	38.955729	C#4	61	62	490	38.250000	C#4	61	80	
490	38.966146	E3	52	54	491	38.250000	E3	52	80	
491	39.088542	Eb4	63	67	492	38.375000	Eb4	63	80	
492	39.104167	F#3	54	56	493	38.375000	F#3	54	80	
493	39.208333	G#3	56	59	495	38.500000	G#3	56	80	
494	39.220052	E4	64	64	494	38.500000	E4	64	80	
495	39.328125	A3	57	63	497	38.625000	A3	57	80	
496	39.339844	F#4	66	75	496	38.625000	F#4	66	80	
497	39.454427	G#4	68	83	498	38.750000	G#4	68	80	
498	39.455729	B3	59	61	499	38.750000	B3	59	80	
499	39.570312	E4	64	77	500	38.875000	E4	64	80	
500	39.575521	G#3	56	56	501	38.875000	G#3	56	80	
501	39.730469	E3	52	49	503	39.000000	E3	52	80	
502	39.736979	C#5	73	82	502	39.000000	C#5	73	80	
503	39.869792	Eb3	51	61	504	39.125000	Eb3	51	80	
504	39.994792	E3	52	62	505	39.250000	E3	52	80	
505	40.115885	F#3	54	67	506	39.375000	F#3	54	80	
506	40.255208	E3	52	72	507	39.500000	E3	52	80	
507	40.351562	Eb3	51	71	509	39.625000	Eb3	51	80	
508	40.385417	F#4	66	72	508	39.625000	F#4	66	80	
509	40.493490	E3	52	68	511	39.750000	E3	52	80	
510	40.498698	G#4	68	83	510	39.750000	G#4	68	80	
511	40.597656	F#3	54	76	513	39.875000	F#3	54	80	
512	40.617188	Bb4	70	81	512	39.875000	Bb4	70	80	
513	40.746094	Eb3	51	81	515	40.000000	Eb3	51	80	
514	40.752604	B4	71	85	514	40.000000	B4	71	80	
515	40.868490	Bb4	70	84	516	40.125000	Bb4	70	80	
516	41.000000	F#3	54	77	518	40.250000	F#3	54	80	
517	41.003906	B4	71	86	517	40.250000	B4	71	80	
518	41.115885	C#5	73	87	519	40.375000	C#5	73	80	
519	41.236979	B2	47	83	521	40.500000	B2	47	80	
520	41.242188	Eb5	75	84	520	40.500000	Eb5	75	80	
521	41.365885	E5	76	82	522	40.625000	E5	76	80	
522	41.502604	E4	64	90	524	40.750000	E4	64	80	
523	41.505208	E3	52	86	525	40.750000	E3	52	80	
524	41.507812	F#5	78	74	523	40.750000	F#5	78	80	
525	41.647135	G#5	80	65	526	40.875000	G#5	80	80	
526	41.842448	F#4	66	91	528	41.000000	F#4	66	80	
527	41.861979	A4	69	75	527	41.000000	A4	69	80	
528	41.992188	G#4	68	71	529	41.125000	G#4	68	80	
529	42.118490	Eb3	51	63	531	41.250000	Eb3	51	80	
530	42.141927	A4	69	62	530	41.250000	A4	69	80	
531	42.250000	B4	71	61	532	41.375000	B4	71	80	
532	42.252604	C#3	49	64	533	41.375000	C#3	49	80	
533	42.377604	A4	69	74	534	41.500000	A4	69	80	
534	42.386719	Eb3	51	78	535	41.500000	Eb3	51	80	
535	42.492188	G#4	68	76	536	41.625000	G#4	68	80	
536	42.500000	B3	59	64	537	41.625000	B3	59	80	
537	42.639323	B3	59	55	540	41.750000	B3	59	80	
538	42.651042	C#4	61	77	539	41.750000	C#4	61	80	
539	42.656250	A4	69	69	538	41.750000	A4	69	80	
540	42.742188	B4	71	64	541	41.875000	B4	71	80	
541	42.763021	Eb4	63	70	542	41.875000	Eb4	63	80	
542	42.904948	C#4	61	71	545	42.000000	C#4	61	80	
543	42.906250	E4	64	72	544	42.000000	E4	64	80	
544	42.908854	G#4	68	73	543	42.000000	G#4	68	80	
545	43.036458	Eb4	63	72	547	42.125000	Eb4	63	80	
546	43.037760	F#4	66	70	546	42.125000	F#4	66	80	
547	43.157552	E4	64	68	549	42.250000	E4	64	80	
548	43.161458	G#4	68	81	548	42.250000	G#4	68	80	
549	43.272135	A4	69	86	550	42.375000	A4	69	80	
550	43.276042	F#4	66	62	551	42.375000	F#4	66	80	
551	43.406250	B4	71	76	552	42.500000	B4	71	80	
552	43.412760	G#4	68	75	553	42.500000	G#4	68	80	
553	43.513021	C#5	73	73	554	42.625000	C#5	73	80	
554	43.546875	A4	69	67	555	42.625000	A4	69	80	
555	43.683594	D5	74	82	556	42.750000	D5	74	80	
556	43.687500	G#3	56	55	558	42.750000	G#3	56	80	
557	43.695312	B4	71	57	557	42.750000	B4	71	80	
558	43.805990	G#4	68	62	559	42.875000	G#4	68	80	
559	43.927083	E4	64	52	560	43.000000	E4	64	80	
560	43.957031	A3	57	64	561	43.000000	A3	57	80	
561	44.065104	Eb4	63	64	562	43.125000	Eb4	63	80	
562	44.208333	G#3	56	67	565	43.250000	G#3	56	80	
563	44.220052	E4	64	48	564	43.250000	E4	64	80	
564	44.226562	C#5	73	78	563	43.250000	C#5	73	80	
565	44.339844	B4	71	69	566	43.375000	B4	71	80	
566	44.347656	F#4	66	54	567	43.375000	F#4	66	80	
567	44.471354	C#5	73	81	568	43.500000	C#5	73	80	
568	44.472656	A3	57	60	570	43.500000	A3	57	80	
569	44.476562	E4	64	53	569	43.500000	E4	64	80	
570	44.610677	Eb4	63	63	571	43.625000	Eb4	63	80	
571	44.739583	E3	52	63	573	43.750000	E3	52	80	
572	44.744792	E4	64	55	572	43.750000	E4	64	80	
573	44.868490	F#4	66	58	574	43.875000	F#4	66	80	
574	44.996094	F#3	54	67	576	44.000000	F#3	54	80	
575	45.020833	Eb4	63	61	575	44.000000	Eb4	63	80	
576	45.135417	C#4	61	60	577	44.125000	C#4	61	80	
577	45.255208	A3	57	64	579	44.250000	Eb3	51	80	
578	45.277344	Eb4	63	64	578	44.250000	Eb4	63	80	
579	45.378906	E4	64	57	580	44.375000	E4	64	80	
580	45.510417	G#3	56	62	583	44.500000	G#3	56	80	
581	45.522135	B4	71	65	581	44.500000	B4	71	80	
582	45.526042	F#4	66	54	582	44.500000	F#4	66	80	
583	45.664062	G#4	68	57	584	44.625000	G#4	68	80	
584	45.783854	A4	69	58	585	44.750000	A4	69	80	
585	45.787760	F#3	54	63	586	44.750000	F#3	54	80	
586	45.924479	F#4	66	52	587	44.875000	F#4	66	80	
587	46.031250	E3	52	62	589	45.000000	E3	52	80	
588	46.058594	D4	62	60	588	45.000000	D4	62	80	
589	46.174479	C#4	61	60	590	45.125000	C#4	61	80	
590	46.295573	F#3	54	58	592	45.250000	F#3	54	80	
591	46.322917	D4	62	56	591	45.250000	D4	62	80	
592	46.412760	E4	64	56	593	45.375000	E4	64	80	
593	46.563802	G#3	56	50	596	45.500000	G#3	56	80	
594	46.563802	B4	71	68	594	45.500000	B4	71	80	
595	46.572917	D4	62	50	595	45.500000	D4	62	80	
596	46.696615	C#4	61	56	597	45.625000	C#4	61	80	
597	46.817708	E3	52	53	599	45.750000	E3	52	80	
598	46.838542	D4	62	40	598	45.750000	D4	62	80	
599	46.940104	E4	64	49	600	45.875000	E4	64	80	
600	47.084635	A3	57	55	602	46.000000	A3	57	80	
601	47.093750	C#4	61	54	601	46.000000	C#4	61	80	
602	47.233073	B3	59	56	603	46.125000	B3	59	80	
603	47.337240	B3	59	53	605	46.250000	B3	59	80	
604	47.361979	C#4	61	58	604	46.250000	C#4	61	80	
605	47.480469	D4	62	53	606	46.375000	D4	62	80	
606	47.596354	C#4	61	64	609	46.500000	C#4	61	80	
607	47.596354	A4	69	62	607	46.500000	A4	69	80	
608	47.600260	E4	64	53	608	46.500000	E4	64	80	
609	47.740885	F#4	66	52	610	46.625000	F#4	66	80	
610	47.858073	G#4	68	57	611	46.750000	G#4	68	80	
611	47.865885	B3	59	68	612	46.750000	B3	59	80	
612	48.000000	E4	64	59	613	46.875000	E4	64	80	
613	48.118490	A3	57	69	615	47.000000	A3	57	80	
614	48.130208	C#4	61	63	614	47.000000	C#4	61	80	
615	48.247396	B3	59	66	616	47.125000	B3	59	80	
616	48.378906	C#4	61	75	617	47.250000	C#4	61	80	
617	48.380208	E3	52	68	618	47.250000	E3	52	80	
618	48.485677	D4	62	69	619	47.375000	D4	62	80	
619	48.619792	A4	69	86	620	47.500000	A4	69	80	
620	48.632812	F#3	54	74	622	47.500000	F#3	54	80	
621	48.651042	C#4	61	66	621	47.500000	C#4	61	80	
622	48.761719	B3	59	69	623	47.625000	B3	59	80	
623	48.878906	C#4	61	65	624	47.750000	C#4	61	80	
624	48.885417	C#3	49	77	625	47.750000	C#3	49	80	
625	48.998698	D4	62	61	626	47.875000	D4	62	80	
626	49.145833	Eb3	51	93	628	48.000000	Eb3	51	80	
627	49.157552	B3	59	74	627	48.000000	B3	59	80	
628	49.268229	A3	57	70	629	48.125000	A3	57	80	
629	49.407552	B2	47	80	631	48.250000	B2	47	80	
630	49.415365	B3	59	72	630	48.250000	B3	59	80	
631	49.542969	C#4	61	73	632	48.375000	C#4	61	80	
632	49.687500	E3	52	70	635	48.500000	E3	52	80	
633	49.691406	G#4	68	89	633	48.500000	G#4	68	80	
634	49.697917	B3	59	70	634	48.500000	B3	59	80	
635	49.805990	A3	57	77	636	48.625000	A3	57	80	
636	49.945312	E5	76	98	637	48.750000	E5	76	80	
637	49.955729	B3	59	77	638	48.750000	B3	59	80	
638	50.072917	C#4	61	72	639	48.875000	C#4	61	80	
639	50.263021	A3	57	59	641	49.000000	A3	57	80	
640	50.266927	F#5	78	98	640	49.000000	F#5	78	80	
641	50.390625	G#3	56	57	642	49.125000	G#3	56	80	
642	50.497396	G5	79	21	*	-1	*	-1	-1	
643	50.532552	A3	57	68	643	49.250000	A3	57	80	
644	50.652344	B3	59	77	644	49.375000	B3	59	80	
645	50.809896	Eb3	51	77	646	49.500000	Eb3	51	80	
646	50.820312	A3	57	76	645	49.500000	A3	57	80	
647	50.944010	G#3	56	74	648	49.625000	G#3	56	80	
648	50.954427	B4	71	79	647	49.625000	B4	71	80	
649	51.065104	A3	57	78	650	49.750000	A3	57	80	
650	51.071615	C#5	73	81	649	49.750000	C#5	73	80	
651	51.180990	Eb5	75	86	651	49.875000	Eb5	75	80	
652	51.190104	B3	59	71	652	49.875000	B3	59	80	
653	51.309896	G#3	56	68	654	50.000000	G#3	56	80	
654	51.313802	E5	76	83	653	50.000000	E5	76	80	
655	51.429688	Eb5	75	83	655	50.125000	Eb5	75	80	
656	51.569010	E5	76	90	656	50.250000	E5	76	80	
657	51.572917	B3	59	69	657	50.250000	B3	59	80	
658	51.695312	F#5	78	87	658	50.375000	F#5	78	80	
659	51.819010	C#3	49	71	661	50.500000	C#3	49	80	
660	51.820312	G#5	80	85	659	50.500000	G#5	80	80	
661	51.830729	E3	52	61	660	50.500000	E3	52	80	
662	51.934896	A5	81	76	662	50.625000	A5	81	80	
663	52.072917	B5	83	85	663	50.750000	B5	83	80	
664	52.075521	G#3	56	86	664	50.750000	G#3	56	80	
665	52.194010	G#5	80	80	665	50.875000	G#5	80	80	
666	52.320312	F#2	42	69	667	51.000000	F#2	42	80	
667	52.332031	A5	81	79	666	51.000000	A5	81	80	
668	52.463542	G#5	80	79	668	51.125000	G#5	80	80	
669	52.583333	F#3	54	80	670	51.250000	F#3	54	80	
670	52.591146	A5	81	74	669	51.250000	A5	81	80	
671	52.716146	C#3	49	71	672	51.375000	C#3	49	80	
672	52.718750	B5	83	84	671	51.375000	B5	83	80	
673	52.822917	Eb3	51	77	674	51.500000	Eb3	51	80	
674	52.855469	A5	81	80	673	51.500000	A5	81	80	
675	52.968750	G#5	80	80	675	51.625000	G#5	80	80	
676	53.079427	B2	47	79	677	51.750000	B2	47	80	
677	53.098958	A5	81	69	676	51.750000	A5	81	80	
678	53.222656	B5	83	76	678	51.875000	B5	83	80	
679	53.348958	E3	52	77	680	52.000000	E3	52	80	
680	53.356771	G#5	80	71	679	52.000000	G#5	80	80	
681	53.464844	F#5	78	72	681	52.125000	F#5	78	80	
682	53.600260	B2	47	73	683	52.250000	B2	47	80	
683	53.605469	G#5	80	75	682	52.250000	G#5	80	80	
684	53.725260	A5	81	72	684	52.375000	A5	81	80	
685	53.855469	C#3	49	68	687	52.500000	C#3	49	80	
686	53.859375	E3	52	77	686	52.500000	E3	52	80	
687	53.860677	G#5	80	77	685	52.500000	G#5	80	80	
688	53.979167	F#5	78	78	688	52.625000	F#5	78	80	
689	54.100260	G#2	44	83	690	52.750000	G#2	44	80	
690	54.113281	E5	76	73	689	52.750000	E5	76	80	
691	54.221354	Eb5	75	78	691	52.875000	Eb5	75	80	
692	54.364583	A2	45	83	693	53.000000	A2	45	80	
693	54.368490	E3	52	80	*	-1	*	-1	-1	
694	54.380208	C#5	73	62	692	53.000000	C#5	73	80	
695	54.488281	B4	71	71	694	53.125000	B4	71	80	
696	54.644531	C#5	73	80	695	53.250000	C#5	73	80	
697	54.645833	E4	64	83	696	53.250000	E4	64	80	
698	54.740885	E2	40	67	698	53.375000	E2	40	80	
699	54.755208	D5	74	74	697	53.375000	D5	74	80	
700	54.884115	F#2	42	84	701	53.500000	F#2	42	80	
701	54.904948	A4	69	90	700	53.500000	A4	69	80	
702	54.925781	C#5	73	73	699	53.500000	C#5	73	80	
703	55.039062	B4	71	74	702	53.625000	B4	71	80	
704	55.165365	C#2	37	88	704	53.750000	C#2	37	80	
705	55.177083	C#5	73	78	703	53.750000	C#5	73	80	
706	55.278646	D5	74	75	705	53.875000	D5	74	80	
707	55.424479	Eb2	39	81	707	54.000000	Eb2	39	80	
708	55.433594	B4	71	85	706	54.000000	B4	71	80	
709	55.562500	C#5	73	80	708	54.125000	C#5	73	80	
710	55.700521	B3	59	89	710	54.250000	B3	59	80	
711	55.707031	Eb5	75	85	709	54.250000	Eb5	75	80	
712	55.833333	B4	71	77	711	54.375000	B4	71	80	
713	55.996094	E5	76	88	712	54.500000	E5	76	80	
714	56.000000	C#4	61	76	714	54.500000	C#4	61	80	
715	56.002604	G#4	68	74	713	54.500000	G#4	68	80	
716	56.162760	E4	64	54	715	54.625000	E4	64	80	
717	56.296875	F#4	66	68	716	54.750000	F#4	66	80	
718	56.423177	G#4	68	65	717	54.875000	G#4	68	80	
719	56.550781	A4	69	76	718	55.000000	A4	69	80	
720	56.675781	F#3	54	60	720	55.125000	F#3	54	80	
721	56.682292	B4	71	75	719	55.125000	B4	71	80	
722	56.813802	G#3	56	75	722	55.250000	G#3	56	80	
723	56.822917	C#5	73	80	721	55.250000	C#5	73	80	
724	56.932292	A3	57	80	723	55.375000	A3	57	80	
725	57.076823	B3	59	81	725	55.500000	B3	59	80	
726	57.085938	Eb5	75	89	724	55.500000	Eb5	75	80	
727	57.226562	C#5	73	66	726	55.625000	C#5	73	80	
728	57.393229	B2	47	86	728	55.750000	B2	47	80	
729	57.393229	B4	71	77	727	55.750000	B4	71	80	
730	57.570312	A4	69	81	729	55.875000	A4	69	80	
731	57.842448	E2	40	69	732	56.000000	E2	40	80	
732	57.845052	E5	76	87	731	56.000000	E5	76	80	
733	57.846354	G#4	68	72	730	56.000000	G#4	68	80	
*	-1	*	-1	-1	12	2.750000	B4	71	80	
