// alignID alignOntime alignSitch alignPitch alignOnvel refID refOntime refSitch refPitch refOnvel
0	0.500000	E4	64	54	0	0.750000	E4	64	80	
1	0.808594	F#4	66	62	1	1.000000	F#4	66	80	
2	1.434896	B3	59	51	2	1.625000	B3	59	80	
3	1.550781	C#4	61	58	3	1.750000	C#4	61	80	
4	1.669271	Eb4	63	60	4	1.875000	Eb4	63	80	
5	1.790365	E4	64	71	5	2.000000	E4	64	80	
6	1.904948	Eb4	63	62	6	2.125000	Eb4	63	80	
7	2.032552	E4	64	62	7	2.250000	E4	64	80	
8	2.158854	F#4	66	64	8	2.375000	F#4	66	80	
9	2.281250	G#4	68	70	9	2.500000	G#4	68	80	
10	2.404948	A4	69	59	10	2.625000	A4	69	80	
11	2.523438	B4	71	85	11	2.750000	B4	71	80	
12	2.680990	G#4	68	60	13	2.875000	G#4	68	80	
13	2.800781	C#5	73	80	14	3.000000	C#5	73	80	
14	2.829427	E4	64	67	15	3.000000	E4	64	80	
15	2.941406	Eb4	63	56	16	3.125000	Eb4	63	80	
16	3.058594	E4	64	61	17	3.250000	E4	64	80	
17	3.179688	F#4	66	58	18	3.375000	F#4	66	80	
18	3.304688	E4	64	66	19	3.500000	E4	64	80	
19	3.417969	F#4	66	71	20	3.625000	F#4	66	80	
20	3.419271	Eb4	63	63	21	3.625000	Eb4	63	80	
21	3.532552	E4	64	53	23	3.750000	E4	64	80	
22	3.546875	G#4	68	66	22	3.750000	G#4	68	80	
23	3.661458	F#4	66	56	25	3.875000	F#4	66	80	
24	3.671875	Bb4	70	64	24	3.875000	Bb4	70	80	
25	3.805990	Eb4	63	66	27	4.000000	Eb4	63	80	
26	3.808594	B4	71	77	26	4.000000	B4	71	80	
27	3.924479	C#4	61	59	29	4.125000	C#4	61	80	
28	3.929688	Bb4	70	68	28	4.125000	Bb4	70	80	
29	4.040365	Eb4	63	59	31	4.250000	Eb4	63	80	
30	4.065104	B4	71	76	30	4.250000	B4	71	80	
31	4.165365	E4	64	69	33	4.375000	E4	64	80	
32	4.180990	C#5	73	74	32	4.375000	C#5	73	80	
33	4.305990	F#4	66	74	35	4.500000	F#4	66	80	
34	4.311198	Eb5	75	74	34	4.500000	Eb5	75	80	
35	4.425781	G#4	68	71	37	4.625000	G#4	68	80	
36	4.425781	E5	76	68	36	4.625000	E5	76	80	
37	4.559896	A4	69	68	39	4.750000	A4	69	80	
38	4.559896	F#5	78	76	38	4.750000	F#5	78	80	
39	4.667969	F#4	66	71	41	4.875000	F#4	66	80	
40	4.677083	Eb5	75	69	40	4.875000	Eb5	75	80	
41	4.832031	G#4	68	65	43	5.000000	G#4	68	80	
42	4.834635	B4	71	72	42	5.000000	B4	71	80	
43	4.945312	A4	69	62	44	5.125000	A4	69	80	
44	5.092448	B3	59	62	46	5.250000	B3	59	80	
45	5.100260	B4	71	75	45	5.250000	B4	71	80	
46	5.200521	C#5	73	55	47	5.375000	C#5	73	80	
47	5.348958	E4	64	78	49	5.500000	E4	64	80	
48	5.359375	B4	71	64	48	5.500000	B4	71	80	
49	5.475260	A4	69	57	50	5.625000	A4	69	80	
50	5.618490	B4	71	67	51	5.750000	B4	71	80	
51	5.622396	E3	52	62	52	5.750000	E3	52	80	
52	5.889323	F#3	54	74	55	6.000000	F#3	54	80	
53	5.910156	A4	69	52	54	6.000000	A4	69	80	
54	6.022135	G#4	68	55	56	6.125000	G#4	68	80	
55	6.140625	Eb4	63	72	58	6.250000	Eb4	63	80	
56	6.153646	A4	69	65	57	6.250000	A4	69	80	
57	6.291667	B4	71	65	59	6.375000	B4	71	80	
58	6.410156	F#4	66	81	61	6.500000	F#4	66	80	
59	6.424479	A4	69	75	60	6.500000	A4	69	80	
60	6.550781	G#4	68	66	62	6.625000	G#4	68	80	
61	6.572917	B2	47	56	63	6.625000	B2	47	80	
62	6.675781	A4	69	73	64	6.750000	A4	69	80	
63	6.697917	C#3	49	60	65	6.750000	C#3	49	80	
64	6.809896	B4	71	72	66	6.875000	B4	71	80	
65	6.889323	D3	50	24	67	6.875000	Eb3	51	80	
66	6.941406	E3	52	69	69	7.000000	E3	52	80	
67	6.945312	G#4	68	77	68	7.000000	G#4	68	80	
68	7.053385	F#4	66	72	70	7.125000	F#4	66	80	
69	7.059896	Eb3	51	63	71	7.125000	Eb3	51	80	
70	7.183594	E3	52	62	74	7.250000	E3	52	80	
71	7.195312	G#4	68	78	72	7.250000	G#4	68	80	
72	7.205729	B3	59	79	73	7.250000	B3	59	80	
73	7.317708	F#3	54	64	76	7.375000	F#3	54	80	
74	7.320312	Bb4	70	72	75	7.375000	Bb4	70	80	
75	7.450521	G#3	56	71	79	7.500000	G#3	56	80	
76	7.468750	E4	64	72	78	7.500000	E4	64	80	
77	7.468750	B4	71	74	77	7.500000	B4	71	80	
78	7.572917	A3	57	67	80	7.625000	A3	57	80	
79	7.705729	B3	59	62	82	7.750000	B3	59	80	
80	7.727865	Eb4	63	69	81	7.750000	Eb4	63	80	
81	7.837240	G#3	56	68	83	7.875000	G#3	56	80	
82	7.993490	E3	52	66	85	8.000000	E3	52	80	
83	8.003906	C#4	61	71	84	8.000000	C#4	61	80	
84	8.126302	Eb3	51	52	86	8.125000	Eb3	51	80	
85	8.247396	E3	52	62	87	8.250000	E3	52	80	
86	8.393229	F#3	54	61	88	8.375000	F#3	54	80	
87	8.528646	E3	52	61	90	8.500000	E3	52	80	
88	8.532552	Bb4	70	76	89	8.500000	Bb4	70	80	
89	8.653646	Eb3	51	57	91	8.625000	Eb3	51	80	
90	8.787760	E3	52	51	92	8.750000	E3	52	80	
91	8.902344	F#3	54	54	93	8.875000	F#3	54	80	
92	9.054688	B4	71	70	94	9.000000	B4	71	80	
93	9.055990	B3	59	60	95	9.000000	B3	59	80	
94	9.059896	Eb3	51	59	96	9.000000	Eb3	51	80	
95	9.195312	C#3	49	53	97	9.125000	C#3	49	80	
96	9.313802	Eb3	51	65	99	9.250000	Eb3	51	80	
97	9.341146	B5	83	48	98	9.250000	B5	83	80	
98	9.441406	E3	52	64	100	9.375000	E3	52	80	
99	9.557292	Eb5	75	73	101	9.500000	Eb5	75	80	
100	9.571615	F#3	54	68	102	9.500000	F#3	54	80	
101	9.688802	G#3	56	66	103	9.625000	G#3	56	80	
102	9.817708	A3	57	66	105	9.750000	A3	57	80	
103	9.820312	F#5	78	85	104	9.750000	F#5	78	80	
104	9.951823	F#3	54	61	106	9.875000	F#3	54	80	
105	10.084635	B4	71	83	107	10.000000	B4	71	80	
106	10.097656	G#3	56	67	108	10.000000	G#3	56	80	
107	10.240885	F#3	54	66	109	10.125000	F#3	54	80	
108	10.342448	E5	76	69	110	10.250000	E5	76	80	
109	10.381510	G#3	56	67	111	10.250000	G#3	56	80	
110	10.509115	A3	57	63	112	10.375000	A3	57	80	
111	10.602865	G#4	68	84	113	10.500000	G#4	68	80	
112	10.622396	B3	59	67	114	10.500000	B3	59	80	
113	10.743490	C#4	61	67	115	10.625000	C#4	61	80	
114	10.869792	B4	71	81	116	10.750000	B4	71	80	
115	10.877604	D4	62	72	117	10.750000	D4	62	80	
116	11.011719	B3	59	59	118	10.875000	B3	59	80	
117	11.132812	E4	64	77	119	11.000000	E4	64	80	
118	11.136719	C#4	61	78	120	11.000000	C#4	61	80	
119	11.283854	B3	59	65	121	11.125000	B3	59	80	
120	11.385417	A4	69	66	122	11.250000	A4	69	80	
121	11.386719	F#4	66	82	123	11.250000	F#4	66	80	
122	11.395833	C#4	61	77	124	11.250000	C#4	61	80	
123	11.466146	B4	71	6	*	-1	*	-1	-1	
124	11.527344	Eb4	63	77	125	11.375000	Eb4	63	80	
125	11.643229	G#4	68	80	126	11.500000	G#4	68	80	
126	11.675781	E4	64	76	127	11.500000	E4	64	80	
127	11.773438	Eb4	63	76	128	11.625000	Eb4	63	80	
128	11.901042	C#4	61	73	131	11.750000	C#4	61	80	
129	11.914062	E5	76	86	129	11.750000	E5	76	80	
130	11.924479	E4	64	66	130	11.750000	E4	64	80	
131	12.029948	B3	59	64	132	11.875000	B3	59	80	
132	12.184896	A3	57	66	135	12.000000	A3	57	80	
133	12.197917	F#5	78	86	133	12.000000	F#5	78	80	
134	12.204427	E4	64	68	134	12.000000	E4	64	80	
135	12.324219	G#3	56	71	136	12.125000	G#3	56	80	
136	12.441406	A3	57	68	137	12.250000	A3	57	80	
137	12.553385	B3	59	70	138	12.375000	B3	59	80	
138	12.695312	Eb4	63	78	139	12.500000	Eb4	63	80	
139	12.704427	G#3	56	68	*	-1	*	-1	-1	
140	12.734375	A3	57	68	140	12.500000	A3	57	80	
141	12.821615	B4	71	65	141	12.625000	B4	71	80	
142	12.829427	G#3	56	73	142	12.625000	G#3	56	80	
143	12.940104	F#4	66	74	144	12.750000	F#4	66	80	
144	12.942708	C#5	73	85	143	12.750000	C#5	73	80	
145	12.951823	A3	57	57	145	12.750000	A3	57	80	
146	13.046875	B3	59	74	147	12.875000	B3	59	80	
147	13.067708	Eb5	75	80	146	12.875000	Eb5	75	80	
148	13.218750	G#3	56	74	150	13.000000	G#3	56	80	
149	13.218750	B3	59	62	149	13.000000	B3	59	80	
150	13.227865	E5	76	74	148	13.000000	E5	76	80	
151	13.363281	Eb5	75	77	151	13.125000	Eb5	75	80	
152	13.496094	F#3	54	72	153	13.250000	F#3	54	80	
153	13.500000	E5	76	81	152	13.250000	E5	76	80	
154	13.621094	F#5	78	74	154	13.375000	F#5	78	80	
155	13.757812	G#5	80	79	155	13.500000	G#5	80	80	
156	13.761719	E3	52	64	156	13.500000	E3	52	80	
157	13.889323	A5	81	77	157	13.625000	A5	81	80	
158	14.018229	Eb3	51	57	160	13.750000	Eb3	51	80	
159	14.031250	B4	71	85	159	13.750000	B4	71	80	
160	14.031250	B5	83	78	158	13.750000	B5	83	80	
161	14.154948	G#5	80	77	161	13.875000	G#5	80	80	
162	14.294271	C#3	49	59	164	14.000000	C#3	49	80	
163	14.303385	C#5	73	85	163	14.000000	C#5	73	80	
164	14.320312	E5	76	70	162	14.000000	E5	76	80	
165	14.466146	Eb5	75	63	165	14.125000	Eb5	75	80	
166	14.567708	B3	59	70	167	14.250000	B3	59	80	
167	14.576823	E5	76	79	166	14.250000	E5	76	80	
168	14.708333	F#5	78	75	168	14.375000	F#5	78	80	
169	14.841146	Bb3	58	71	170	14.500000	Bb3	58	80	
170	14.842448	E5	76	82	169	14.500000	E5	76	80	
171	14.954427	F#4	66	67	172	14.625000	F#4	66	80	
172	14.966146	Eb5	75	77	171	14.625000	Eb5	75	80	
173	15.082031	G#4	68	75	174	14.750000	G#4	68	80	
174	15.084635	E5	76	81	173	14.750000	E5	76	80	
175	15.087240	F#3	54	60	175	14.750000	F#3	54	80	
176	15.222656	Bb4	70	73	177	14.875000	Bb4	70	80	
177	15.226562	F#5	78	66	176	14.875000	F#5	78	80	
178	15.364583	B3	59	61	180	15.000000	B3	59	80	
179	15.367188	Eb5	75	69	178	15.000000	Eb5	75	80	
180	15.368490	B4	71	67	179	15.000000	B4	71	80	
181	15.500000	C#5	73	80	181	15.125000	C#5	73	80	
182	15.515625	Bb4	70	69	182	15.125000	Bb4	70	80	
183	15.622396	B4	71	74	184	15.250000	B4	71	80	
184	15.626302	Eb5	75	79	183	15.250000	Eb5	75	80	
185	15.756510	E5	76	76	185	15.375000	E5	76	80	
186	15.766927	C#5	73	73	186	15.375000	C#5	73	80	
187	15.881510	Eb5	75	74	188	15.500000	Eb5	75	80	
188	15.885417	F#5	78	82	187	15.500000	F#5	78	80	
189	15.993490	G#5	80	77	189	15.625000	G#5	80	80	
190	16.009115	E5	76	70	190	15.625000	E5	76	80	
191	16.130208	F#5	78	70	192	15.750000	F#5	78	80	
192	16.130208	A5	81	88	191	15.750000	A5	81	80	
193	16.239583	Eb5	75	70	193	15.875000	Eb5	75	80	
194	16.365885	B4	71	76	194	16.000000	B4	71	80	
195	16.472656	A4	69	68	195	16.125000	A4	69	80	
196	16.602865	B4	71	72	197	16.250000	B4	71	80	
197	16.625000	Eb5	75	81	196	16.250000	Eb5	75	80	
198	16.716146	C#5	73	70	198	16.375000	C#5	73	80	
199	16.867188	B4	71	61	200	16.500000	B4	71	80	
200	16.884115	G#5	80	83	199	16.500000	G#5	80	80	
201	17.003906	A4	69	58	201	16.625000	A4	69	80	
202	17.131510	B4	71	59	202	16.750000	B4	71	80	
203	17.231771	C#5	73	69	203	16.875000	C#5	73	80	
204	17.372396	A4	69	66	204	17.000000	A4	69	80	
205	17.489583	G#4	68	65	205	17.125000	G#4	68	80	
206	17.619792	F#5	78	73	206	17.250000	F#5	78	80	
207	17.622396	A4	69	60	207	17.250000	A4	69	80	
208	17.735677	E5	76	66	208	17.375000	E5	76	80	
209	17.744792	B4	71	65	209	17.375000	B4	71	80	
210	17.889323	Eb5	75	74	210	17.500000	Eb5	75	80	
211	17.902344	A4	69	53	211	17.500000	A4	69	80	
212	18.022135	G#4	68	54	212	17.625000	G#4	68	80	
213	18.162760	B3	59	72	214	17.750000	B3	59	80	
214	18.166667	A4	69	68	213	17.750000	A4	69	80	
215	18.289062	B4	71	66	215	17.875000	B4	71	80	
216	18.437500	C#4	61	81	218	18.000000	C#4	61	80	
217	18.449219	E5	76	69	216	18.000000	E5	76	80	
218	18.454427	G#4	68	66	217	18.000000	G#4	68	80	
219	18.574219	Eb5	75	74	219	18.125000	Eb5	75	80	
220	18.708333	E4	64	75	221	18.250000	E4	64	80	
221	18.708333	E5	76	79	220	18.250000	E5	76	80	
222	18.850260	F#5	78	73	222	18.375000	F#5	78	80	
223	18.986979	A4	69	79	224	18.500000	A4	69	80	
224	18.989583	E5	76	76	223	18.500000	E5	76	80	
225	19.110677	Eb5	75	73	225	18.625000	Eb5	75	80	
226	19.113281	F#3	54	68	226	18.625000	F#3	54	80	
227	19.218750	G#3	56	67	228	18.750000	G#3	56	80	
228	19.226562	E5	76	79	227	18.750000	E5	76	80	
229	19.348958	F#5	78	79	229	18.875000	F#5	78	80	
230	19.355469	A3	57	68	230	18.875000	A3	57	80	
231	19.471354	B3	59	70	232	19.000000	B3	59	80	
232	19.480469	Eb5	75	80	231	19.000000	Eb5	75	80	
233	19.589844	A3	57	70	234	19.125000	A3	57	80	
234	19.602865	C#5	73	79	233	19.125000	C#5	73	80	
235	19.722656	B3	59	71	236	19.250000	B3	59	80	
236	19.729167	Eb5	75	86	235	19.250000	Eb5	75	80	
237	19.851562	C#4	61	72	238	19.375000	C#4	61	80	
238	19.851562	E5	76	77	237	19.375000	E5	76	80	
239	19.989583	F#5	78	83	239	19.500000	F#5	78	80	
240	19.990885	Eb4	63	73	240	19.500000	Eb4	63	80	
241	20.097656	E4	64	78	242	19.625000	E4	64	80	
242	20.104167	C5	72	74	241	19.625000	C5	72	80	
243	20.225260	Eb4	63	73	244	19.750000	Eb4	63	80	
244	20.234375	C#5	73	79	243	19.750000	C#5	73	80	
245	20.346354	C#4	61	71	246	19.875000	C#4	61	80	
246	20.351562	Eb5	75	76	245	19.875000	Eb5	75	80	
247	20.479167	C4	60	73	248	20.000000	C4	60	80	
248	20.492188	G#4	68	74	247	20.000000	G#4	68	80	
249	20.608073	G#3	56	56	249	20.125000	G#3	56	80	
250	20.729167	Bb3	58	71	251	20.250000	Bb3	58	80	
251	20.789062	E5	76	69	250	20.250000	E5	76	80	
252	20.869792	C4	60	70	253	20.375000	C4	60	80	
253	20.897135	Eb5	75	77	252	20.375000	Eb5	75	80	
254	21.011719	C#4	61	74	255	20.500000	C#4	61	80	
255	21.026042	E5	76	78	254	20.500000	E5	76	80	
256	21.149740	Eb4	63	70	256	20.625000	Eb4	63	80	
257	21.270833	C#5	73	71	257	20.750000	C#5	73	80	
258	21.274740	E4	64	68	258	20.750000	E4	64	80	
259	21.412760	C#4	61	57	259	20.875000	C#4	61	80	
260	21.527344	F#4	66	73	260	21.000000	F#4	66	80	
261	21.549479	A3	57	57	261	21.000000	A3	57	80	
262	21.653646	G#3	56	60	262	21.125000	G#3	56	80	
263	21.809896	A3	57	53	264	21.250000	A3	57	80	
264	21.813802	E5	76	68	263	21.250000	E5	76	80	
265	21.917969	B3	59	57	265	21.375000	B3	59	80	
266	22.062500	A3	57	50	267	21.500000	A3	57	80	
267	22.070312	Eb5	75	72	266	21.500000	Eb5	75	80	
268	22.186198	G#3	56	57	268	21.625000	G#3	56	80	
269	22.309896	A3	57	58	270	21.750000	A3	57	80	
270	22.324219	C#5	73	75	269	21.750000	C#5	73	80	
271	22.437500	B3	59	54	271	21.875000	B3	59	80	
272	22.561198	C5	72	71	272	22.000000	C5	72	80	
273	22.567708	G#3	56	67	273	22.000000	G#3	56	80	
274	22.759115	E3	52	27	274	22.125000	E3	52	80	
275	22.792969	F3	53	10	*	-1	*	-1	-1	
276	22.822917	G#4	68	72	275	22.250000	G#4	68	80	
277	22.854167	F#3	54	60	276	22.250000	F#3	54	80	
278	22.947917	G#3	56	67	277	22.375000	G#3	56	80	
279	23.072917	C#5	73	81	278	22.500000	C#5	73	80	
280	23.082031	A3	57	64	280	22.500000	A3	57	80	
281	23.085938	E4	64	71	279	22.500000	E4	64	80	
282	23.191406	B3	59	65	281	22.625000	B3	59	80	
283	23.324219	C#4	61	71	283	22.750000	C#4	61	80	
284	23.328125	Bb4	70	72	*	-1	*	-1	-1	
285	23.360677	A4	69	67	282	22.750000	A4	69	80	
286	23.449219	A3	57	66	284	22.875000	A3	57	80	
287	23.580729	F#3	54	73	286	23.000000	F#3	54	80	
288	23.602865	Eb4	63	66	285	23.000000	Eb4	63	80	
289	23.716146	E3	52	60	287	23.125000	E3	52	80	
290	23.841146	Eb5	75	74	288	23.250000	Eb5	75	80	
291	23.843750	F#3	54	70	290	23.250000	F#3	54	80	
292	23.851562	F#4	66	71	289	23.250000	F#4	66	80	
293	23.966146	G#3	56	63	291	23.375000	G#3	56	80	
294	24.115885	F#3	54	61	294	23.500000	F#3	54	80	
295	24.125000	G#4	68	68	292	23.500000	G#4	68	80	
296	24.135417	C4	60	67	293	23.500000	C4	60	80	
297	24.242188	E3	52	52	295	23.625000	E3	52	80	
298	24.375000	F#3	54	60	298	23.750000	F#3	54	80	
299	24.401042	Eb4	63	38	297	23.750000	Eb4	63	80	
300	24.404948	Bb4	70	54	296	23.750000	Bb4	70	80	
301	24.486979	G#3	56	63	300	23.875000	G#3	56	80	
302	24.532552	C5	72	59	299	23.875000	C5	72	80	
303	24.651042	G#3	56	61	302	24.000000	G#3	56	80	
304	24.670573	C#5	73	64	301	24.000000	C#5	73	80	
305	24.673177	E3	52	52	303	24.000000	E3	52	80	
306	24.815104	C5	72	66	304	24.125000	C5	72	80	
307	24.938802	Eb3	51	60	306	24.250000	Eb3	51	80	
308	24.946615	C#5	73	76	305	24.250000	C#5	73	80	
309	25.065104	Eb5	75	76	307	24.375000	Eb5	75	80	
310	25.204427	C#3	49	63	309	24.500000	C#3	49	80	
311	25.212240	E5	76	71	308	24.500000	E5	76	80	
312	25.341146	F#5	78	76	310	24.625000	F#5	78	80	
313	25.463542	E3	52	73	312	24.750000	E3	52	80	
314	25.472656	G#5	80	78	311	24.750000	G#5	80	80	
315	25.600260	E5	76	71	313	24.875000	E5	76	80	
316	25.717448	Bb2	46	79	315	25.000000	Bb2	46	80	
317	25.742188	C#5	73	74	314	25.000000	C#5	73	80	
318	25.869792	B4	71	72	316	25.125000	B4	71	80	
319	25.986979	G#3	56	81	318	25.250000	G#3	56	80	
320	26.001302	C#5	73	76	317	25.250000	C#5	73	80	
321	26.119792	Eb5	75	75	319	25.375000	Eb5	75	80	
322	26.289062	Bb3	58	80	321	25.500000	Bb3	58	80	
323	26.307292	G3	55	67	322	25.500000	G3	55	80	
324	26.307292	C#5	73	65	320	25.500000	C#5	73	80	
325	26.442708	B4	71	67	323	25.625000	B4	71	80	
326	26.571615	Eb3	51	61	325	25.750000	Eb3	51	80	
327	26.571615	C#5	73	65	324	25.750000	C#5	73	80	
328	26.687500	Eb5	75	64	326	25.875000	Eb5	75	80	
329	26.842448	G#2	44	69	328	26.000000	G#2	44	80	
330	26.854167	B4	71	62	327	26.000000	B4	71	80	
331	26.972656	Bb4	70	61	329	26.125000	Bb4	70	80	
332	27.108073	Bb2	46	66	331	26.250000	Bb2	46	80	
333	27.119792	B4	71	63	330	26.250000	B4	71	80	
334	27.239583	C#5	73	59	332	26.375000	C#5	73	80	
335	27.390625	G#3	56	72	334	26.500000	G#3	56	80	
336	27.398438	B2	47	64	335	26.500000	B2	47	80	
337	27.402344	Eb5	75	62	333	26.500000	Eb5	75	80	
338	27.545573	E5	76	63	336	26.625000	E5	76	80	
339	27.677083	Bb2	46	63	338	26.750000	Bb2	46	80	
340	27.682292	F#5	78	69	337	26.750000	F#5	78	80	
341	27.817708	Eb5	75	67	339	26.875000	Eb5	75	80	
342	27.954427	G#2	44	76	341	27.000000	G#2	44	80	
343	27.970052	B4	71	66	340	27.000000	B4	71	80	
344	28.095052	A4	69	57	342	27.125000	A4	69	80	
345	28.222656	F#3	54	85	344	27.250000	F#3	54	80	
346	28.234375	B4	71	72	343	27.250000	B4	71	80	
347	28.369792	C#5	73	67	345	27.375000	C#5	73	80	
348	28.518229	G#3	56	74	347	27.500000	G#3	56	80	
349	28.533854	F3	53	58	348	27.500000	F3	53	80	
350	28.544271	B4	71	65	346	27.500000	B4	71	80	
351	28.684896	A4	69	65	349	27.625000	A4	69	80	
352	28.817708	C#3	49	56	351	27.750000	C#3	49	80	
353	28.830729	B4	71	65	350	27.750000	B4	71	80	
354	28.933594	C#5	73	65	352	27.875000	C#5	73	80	
355	29.079427	F#2	42	64	354	28.000000	F#2	42	80	
356	29.079427	A4	69	61	353	28.000000	A4	69	80	
357	29.197917	G#4	68	58	355	28.125000	G#4	68	80	
358	29.343750	A4	69	63	356	28.250000	A4	69	80	
359	29.346354	G#2	44	62	357	28.250000	G#2	44	80	
360	29.470052	B4	71	64	358	28.375000	B4	71	80	
361	29.619792	F#3	54	69	360	28.500000	F#3	54	80	
362	29.630208	A2	45	57	361	28.500000	A2	45	80	
363	29.632812	C#5	73	71	359	28.500000	C#5	73	80	
364	29.785156	Eb5	75	70	362	28.625000	Eb5	75	80	
365	29.911458	G#2	44	65	364	28.750000	G#2	44	80	
366	29.923177	E5	76	72	363	28.750000	E5	76	80	
367	30.049479	C#5	73	71	365	28.875000	C#5	73	80	
368	30.186198	F#2	42	73	367	29.000000	F#2	42	80	
369	30.196615	Eb5	75	79	366	29.000000	Eb5	75	80	
370	30.328125	C#5	73	80	368	29.125000	C#5	73	80	
371	30.444010	E3	52	72	370	29.250000	E3	52	80	
372	30.451823	Eb5	75	88	369	29.250000	Eb5	75	80	
373	30.593750	E5	76	77	371	29.375000	E5	76	80	
374	30.713542	F#3	54	67	373	29.500000	F#3	54	80	
375	30.722656	Eb3	51	63	374	29.500000	Eb3	51	80	
376	30.733073	F#5	78	81	372	29.500000	F#5	78	80	
377	30.877604	G#5	80	83	375	29.625000	G#5	80	80	
378	30.979167	C#3	49	60	377	29.750000	C#3	49	80	
379	31.000000	A5	81	83	376	29.750000	A5	81	80	
380	31.127604	F#5	78	79	378	29.875000	F#5	78	80	
381	31.260417	C3	48	66	380	30.000000	C3	48	80	
382	31.269531	G#5	80	87	379	30.000000	G#5	80	80	
383	31.411458	F#5	78	79	381	30.125000	F#5	78	80	
384	31.535156	G#2	44	66	383	30.250000	G#2	44	80	
385	31.542969	E5	76	79	382	30.250000	E5	76	80	
386	31.662760	Eb5	75	77	384	30.375000	Eb5	75	80	
387	31.817708	C#5	73	79	385	30.500000	C#5	73	80	
388	31.824219	A2	45	64	387	30.500000	A2	45	80	
389	31.826823	E3	52	70	386	30.500000	E3	52	80	
390	31.932292	B4	71	75	388	30.625000	B4	71	80	
391	32.084635	C#4	61	84	390	30.750000	C#4	61	80	
392	32.089844	E3	52	70	391	30.750000	E3	52	80	
393	32.092448	A4	69	74	389	30.750000	A4	69	80	
394	32.214844	G#4	68	66	392	30.875000	G#4	68	80	
395	32.372396	F#4	66	71	393	31.000000	F#4	66	80	
396	32.378906	F#3	54	75	395	31.000000	F#3	54	80	
397	32.382812	Eb4	63	81	394	31.000000	Eb4	63	80	
398	32.480469	E3	52	65	397	31.125000	E3	52	80	
399	32.484375	G#4	68	71	396	31.125000	G#4	68	80	
400	32.613281	A4	69	71	398	31.250000	A4	69	80	
401	32.636719	F#3	54	71	399	31.250000	F#3	54	80	
402	32.764323	F#4	66	76	400	31.375000	F#4	66	80	
403	32.923177	G#3	56	65	402	31.500000	G#3	56	80	
404	32.937500	Eb4	63	70	401	31.500000	Eb4	63	80	
405	33.057292	G#3	56	72	403	31.625000	G#3	56	80	
406	33.178385	Bb3	58	68	405	31.750000	Bb3	58	80	
407	33.182292	G#2	44	58	406	31.750000	G#2	44	80	
408	33.195312	G#4	68	74	404	31.750000	G#4	68	80	
409	33.328125	C4	60	68	407	31.875000	C4	60	80	
410	33.446615	C#3	49	60	410	32.000000	C#3	49	80	
411	33.459635	E4	64	69	408	32.000000	E4	64	80	
412	33.472656	C#4	61	58	409	32.000000	C#4	61	80	
413	33.604167	C4	60	61	411	32.125000	C4	60	80	
414	33.716146	G#4	68	69	412	32.250000	G#4	68	80	
415	33.723958	C#4	61	69	413	32.250000	C#4	61	80	
416	33.856771	Eb4	63	74	414	32.375000	Eb4	63	80	
417	33.983073	E4	64	68	416	32.500000	E4	64	80	
418	33.984375	C#5	73	85	415	32.500000	C#5	73	80	
419	34.108073	F#4	66	65	417	32.625000	F#4	66	80	
420	34.236979	B4	71	84	418	32.750000	B4	71	80	
421	34.246094	G#4	68	68	419	32.750000	G#4	68	80	
422	34.365885	E4	64	69	420	32.875000	E4	64	80	
423	34.507812	C#4	61	69	422	33.000000	C#4	61	80	
424	34.509115	E5	76	72	421	33.000000	E5	76	80	
425	34.627604	Eb5	75	74	423	33.125000	Eb5	75	80	
426	34.680990	B3	59	17	424	33.125000	B3	59	80	
427	34.709635	C4	60	19	*	-1	*	-1	-1	
428	34.763021	C#5	73	80	425	33.250000	C#5	73	80	
429	34.773438	C#4	61	66	426	33.250000	C#4	61	80	
430	34.884115	B4	71	76	427	33.375000	B4	71	80	
431	34.897135	Eb4	63	62	428	33.375000	Eb4	63	80	
432	35.027344	C#4	61	64	430	33.500000	C#4	61	80	
433	35.037760	A4	69	66	429	33.500000	A4	69	80	
434	35.153646	B3	59	56	431	33.625000	B3	59	80	
435	35.260417	C#4	61	59	432	33.750000	C#4	61	80	
436	35.385417	Eb4	63	64	433	33.875000	Eb4	63	80	
437	35.511719	B3	59	61	434	34.000000	B3	59	80	
438	35.630208	G#3	56	55	435	34.125000	G#3	56	80	
439	35.770833	A3	57	58	437	34.250000	A3	57	80	
440	35.808594	Eb4	63	66	436	34.250000	Eb4	63	80	
441	35.901042	B3	59	59	438	34.375000	B3	59	80	
442	36.052083	A4	69	72	439	34.500000	A4	69	80	
443	36.054688	C#4	61	62	440	34.500000	C#4	61	80	
444	36.188802	Eb4	63	61	441	34.625000	Eb4	63	80	
445	36.300781	G#4	68	71	442	34.750000	G#4	68	80	
446	36.320312	E4	64	64	443	34.750000	E4	64	80	
447	36.445312	C#4	61	55	444	34.875000	C#4	61	80	
448	36.558594	C#5	73	74	445	35.000000	C#5	73	80	
449	36.570312	A3	57	59	446	35.000000	A3	57	80	
450	36.673177	G#3	56	53	448	35.125000	G#3	56	80	
451	36.694010	B4	71	62	447	35.125000	B4	71	80	
452	36.808594	A3	57	54	450	35.250000	A3	57	80	
453	36.816406	A4	69	67	449	35.250000	A4	69	80	
454	36.942708	B3	59	56	452	35.375000	B3	59	80	
455	36.954427	G#4	68	47	451	35.375000	G#4	68	80	
456	37.072917	A3	57	55	454	35.500000	A3	57	80	
457	37.075521	F#4	66	64	453	35.500000	F#4	66	80	
458	37.212240	G#3	56	56	455	35.625000	G#3	56	80	
459	37.337240	A3	57	57	456	35.750000	A3	57	80	
460	37.447917	B3	59	59	457	35.875000	B3	59	80	
461	37.582031	G#3	56	68	458	36.000000	G#3	56	80	
462	37.700521	F#3	54	66	459	36.125000	F#3	54	80	
463	37.820312	G#3	56	64	461	36.250000	G#3	56	80	
464	37.842448	E4	64	73	460	36.250000	E4	64	80	
465	37.940104	A3	57	65	463	36.375000	A3	57	80	
466	37.959635	Eb4	63	67	462	36.375000	Eb4	63	80	
467	38.091146	G#3	56	73	465	36.500000	G#3	56	80	
468	38.092448	E4	64	73	464	36.500000	E4	64	80	
469	38.225260	F#4	66	60	466	36.625000	F#4	66	80	
470	38.365885	G#4	68	65	467	36.750000	G#4	68	80	
471	38.372396	B3	59	73	468	36.750000	B3	59	80	
472	38.377604	E3	52	67	469	36.750000	E3	52	80	
473	38.485677	E4	64	60	470	36.875000	E4	64	80	
474	38.648438	F#3	54	81	472	37.000000	F#3	54	80	
475	38.665365	C#4	61	61	471	37.000000	C#4	61	80	
476	38.803385	G#4	68	58	473	37.125000	G#4	68	80	
477	38.934896	A3	57	64	475	37.250000	A3	57	80	
478	38.950521	F#4	66	63	474	37.250000	F#4	66	80	
479	39.057292	G#3	56	72	477	37.375000	G#3	56	80	
480	39.069010	E4	64	69	476	37.375000	E4	64	80	
481	39.199219	A3	57	75	479	37.500000	A3	57	80	
482	39.213542	Eb4	63	68	478	37.500000	Eb4	63	80	
483	39.339844	B2	47	63	481	37.625000	B2	47	80	
484	39.341146	C#4	61	75	480	37.625000	C#4	61	80	
485	39.468750	C#3	49	64	483	37.750000	C#3	49	80	
486	39.475260	B3	59	73	482	37.750000	B3	59	80	
487	39.589844	Eb3	51	73	485	37.875000	Eb3	51	80	
488	39.595052	A3	57	67	484	37.875000	A3	57	80	
489	39.718750	E3	52	71	487	38.000000	E3	52	80	
490	39.733073	G#3	56	76	486	38.000000	G#3	56	80	
491	39.854167	Eb3	51	72	489	38.125000	Eb3	51	80	
492	39.865885	B3	59	74	488	38.125000	B3	59	80	
493	39.975260	E3	52	72	491	38.250000	E3	52	80	
494	39.986979	C#4	61	80	490	38.250000	C#4	61	80	
495	40.108073	Eb4	63	81	492	38.375000	Eb4	63	80	
496	40.113281	F#3	54	68	493	38.375000	F#3	54	80	
497	40.233073	G#3	56	73	495	38.500000	G#3	56	80	
498	40.242188	E4	64	80	494	38.500000	E4	64	80	
499	40.360677	A3	57	72	497	38.625000	A3	57	80	
500	40.364583	F#4	66	77	496	38.625000	F#4	66	80	
501	40.488281	B3	59	68	499	38.750000	B3	59	80	
502	40.488281	G#4	68	82	498	38.750000	G#4	68	80	
503	40.604167	G#3	56	70	501	38.875000	G#3	56	80	
504	40.604167	E4	64	84	500	38.875000	E4	64	80	
505	40.773438	E3	52	65	503	39.000000	E3	52	80	
506	40.787760	C#5	73	91	502	39.000000	C#5	73	80	
507	40.908854	Eb3	51	58	504	39.125000	Eb3	51	80	
508	41.037760	E3	52	66	505	39.250000	E3	52	80	
509	41.169271	F#3	54	69	506	39.375000	F#3	54	80	
510	41.296875	E3	52	72	507	39.500000	E3	52	80	
511	41.423177	Eb3	51	74	509	39.625000	Eb3	51	80	
512	41.444010	F#4	66	78	508	39.625000	F#4	66	80	
513	41.542969	E3	52	68	511	39.750000	E3	52	80	
514	41.562500	G#4	68	80	510	39.750000	G#4	68	80	
515	41.656250	F#3	54	78	513	39.875000	F#3	54	80	
516	41.683594	Bb4	70	75	512	39.875000	Bb4	70	80	
517	41.821615	Eb3	51	71	515	40.000000	Eb3	51	80	
518	41.834635	B4	71	80	514	40.000000	B4	71	80	
519	41.954427	Bb4	70	73	516	40.125000	Bb4	70	80	
520	42.085938	F#3	54	71	518	40.250000	F#3	54	80	
521	42.087240	B4	71	81	517	40.250000	B4	71	80	
522	42.243490	C5	72	59	519	40.375000	C#5	73	80	
523	42.338542	Eb5	75	79	520	40.500000	Eb5	75	80	
524	42.346354	B2	47	71	521	40.500000	B2	47	80	
525	42.466146	E5	76	72	522	40.625000	E5	76	80	
526	42.604167	E4	64	83	524	40.750000	E4	64	80	
527	42.614583	F#5	78	75	523	40.750000	F#5	78	80	
528	42.626302	E3	52	68	525	40.750000	E3	52	80	
529	42.766927	G#5	80	38	526	40.875000	G#5	80	80	
530	42.776042	G5	79	48	*	-1	*	-1	-1	
531	42.924479	F#4	66	84	528	41.000000	F#4	66	80	
532	42.947917	A4	69	67	527	41.000000	A4	69	80	
533	43.101562	G#4	68	70	529	41.125000	G#4	68	80	
534	43.212240	Eb3	51	70	531	41.250000	Eb3	51	80	
535	43.220052	A4	69	74	530	41.250000	A4	69	80	
536	43.354167	B4	71	75	532	41.375000	B4	71	80	
537	43.365885	C#3	49	69	533	41.375000	C#3	49	80	
538	43.483073	Eb3	51	76	535	41.500000	Eb3	51	80	
539	43.493490	A4	69	77	534	41.500000	A4	69	80	
540	43.606771	B3	59	75	537	41.625000	B3	59	80	
541	43.615885	G#4	68	72	536	41.625000	G#4	68	80	
542	43.755208	B3	59	65	540	41.750000	B3	59	80	
543	43.759115	A4	69	76	538	41.750000	A4	69	80	
544	43.766927	C#4	61	81	539	41.750000	C#4	61	80	
545	43.884115	Eb4	63	77	542	41.875000	Eb4	63	80	
546	43.888021	B4	71	73	541	41.875000	B4	71	80	
547	44.023438	E4	64	79	544	42.000000	E4	64	80	
548	44.033854	G#4	68	79	543	42.000000	G#4	68	80	
549	44.072917	C4	60	48	545	42.000000	C#4	61	80	
550	44.153646	F#4	66	76	546	42.125000	F#4	66	80	
551	44.179688	Eb4	63	53	547	42.125000	Eb4	63	80	
552	44.274740	G#4	68	81	548	42.250000	G#4	68	80	
553	44.282552	E4	64	72	549	42.250000	E4	64	80	
554	44.411458	F#4	66	77	551	42.375000	F#4	66	80	
555	44.416667	A4	69	75	550	42.375000	A4	69	80	
556	44.533854	G#4	68	77	553	42.500000	G#4	68	80	
557	44.549479	B4	71	83	552	42.500000	B4	71	80	
558	44.665365	A4	69	73	555	42.625000	A4	69	80	
559	44.675781	C#5	73	80	554	42.625000	C#5	73	80	
560	44.807292	G#3	56	76	558	42.750000	G#3	56	80	
561	44.816406	D5	74	68	556	42.750000	D5	74	80	
562	44.822917	B4	71	85	557	42.750000	B4	71	80	
563	44.946615	G#4	68	75	559	42.875000	G#4	68	80	
564	45.082031	A3	57	80	561	43.000000	A3	57	80	
565	45.087240	E4	64	82	560	43.000000	E4	64	80	
566	45.205729	Eb4	63	81	562	43.125000	Eb4	63	80	
567	45.352865	G#3	56	74	565	43.250000	G#3	56	80	
568	45.356771	C#5	73	85	563	43.250000	C#5	73	80	
569	45.358073	E4	64	81	564	43.250000	E4	64	80	
570	45.471354	B4	71	76	566	43.375000	B4	71	80	
571	45.493490	F#4	66	70	567	43.375000	F#4	66	80	
572	45.636719	C#5	73	86	568	43.500000	C#5	73	80	
573	45.649740	E4	64	78	569	43.500000	E4	64	80	
574	45.654948	A3	57	54	570	43.500000	A3	57	80	
575	45.808594	Eb4	63	64	571	43.625000	Eb4	63	80	
576	45.912760	E3	52	71	573	43.750000	E3	52	80	
577	45.917969	E4	64	76	572	43.750000	E4	64	80	
578	46.046875	F#4	66	73	574	43.875000	F#4	66	80	
579	46.188802	F#3	54	79	576	44.000000	F#3	54	80	
580	46.213542	Eb4	63	69	575	44.000000	Eb4	63	80	
581	46.330729	C#4	61	70	577	44.125000	C#4	61	80	
582	46.467448	Eb4	63	70	578	44.250000	Eb4	63	80	
583	46.475260	A3	57	76	579	44.250000	Eb3	51	80	
584	46.591146	E4	64	69	580	44.375000	E4	64	80	
585	46.738281	B4	71	76	581	44.500000	B4	71	80	
586	46.747396	F#4	66	62	582	44.500000	F#4	66	80	
587	46.764323	G#3	56	75	583	44.500000	G#3	56	80	
588	46.893229	G#4	68	64	584	44.625000	G#4	68	80	
589	47.028646	A4	69	70	585	44.750000	A4	69	80	
590	47.031250	F#3	54	79	586	44.750000	F#3	54	80	
591	47.165365	F#4	66	58	587	44.875000	F#4	66	80	
592	47.308594	E3	52	59	589	45.000000	E3	52	80	
593	47.322917	D4	62	66	588	45.000000	D4	62	80	
594	47.458333	C#4	61	63	590	45.125000	C#4	61	80	
595	47.582031	F#3	54	75	592	45.250000	F#3	54	80	
596	47.605469	D4	62	69	591	45.250000	D4	62	80	
597	47.731771	E4	64	66	593	45.375000	E4	64	80	
598	47.881510	G#3	56	71	596	45.500000	G#3	56	80	
599	47.889323	B4	71	80	594	45.500000	B4	71	80	
600	47.912760	D4	62	62	595	45.500000	D4	62	80	
601	48.039062	C#4	61	59	597	45.625000	C#4	61	80	
602	48.144531	E3	52	76	599	45.750000	E3	52	80	
603	48.169271	D4	62	70	598	45.750000	D4	62	80	
604	48.282552	E4	64	74	600	45.875000	E4	64	80	
605	48.436198	A3	57	77	602	46.000000	A3	57	80	
606	48.466146	C#4	61	67	601	46.000000	C#4	61	80	
607	48.567708	B3	59	74	603	46.125000	B3	59	80	
608	48.729167	C#4	61	69	604	46.250000	C#4	61	80	
609	48.733073	B3	59	83	605	46.250000	B3	59	80	
610	48.873698	D4	62	74	606	46.375000	D4	62	80	
611	49.022135	A4	69	78	607	46.500000	A4	69	80	
612	49.023438	C#4	61	78	609	46.500000	C#4	61	80	
613	49.031250	E4	64	66	608	46.500000	E4	64	80	
614	49.167969	F#4	66	70	610	46.625000	F#4	66	80	
615	49.286458	G#4	68	74	611	46.750000	G#4	68	80	
616	49.298177	B3	59	79	612	46.750000	B3	59	80	
617	49.433594	E4	64	72	613	46.875000	E4	64	80	
618	49.578125	C#4	61	70	614	47.000000	C#4	61	80	
619	49.582031	A3	57	76	615	47.000000	A3	57	80	
620	49.716146	B3	59	61	616	47.125000	B3	59	80	
621	49.851562	E3	52	70	618	47.250000	E3	52	80	
622	49.854167	C#4	61	69	617	47.250000	C#4	61	80	
623	50.000000	D4	62	65	619	47.375000	D4	62	80	
624	50.131510	F#3	54	75	622	47.500000	F#3	54	80	
625	50.140625	A4	69	72	620	47.500000	A4	69	80	
626	50.141927	C#4	61	66	621	47.500000	C#4	61	80	
627	50.272135	B3	59	56	623	47.625000	B3	59	80	
628	50.402344	C#3	49	61	625	47.750000	C#3	49	80	
629	50.404948	C#4	61	64	624	47.750000	C#4	61	80	
630	50.546875	D4	62	57	626	47.875000	D4	62	80	
631	50.686198	Eb3	51	60	628	48.000000	Eb3	51	80	
632	50.704427	B3	59	63	627	48.000000	B3	59	80	
633	50.837240	A3	57	62	629	48.125000	A3	57	80	
634	50.960938	B2	47	57	631	48.250000	B2	47	80	
635	50.970052	B3	59	63	630	48.250000	B3	59	80	
636	51.088542	C#4	61	70	632	48.375000	C#4	61	80	
637	51.229167	G#4	68	70	633	48.500000	G#4	68	80	
638	51.247396	B3	59	61	634	48.500000	B3	59	80	
639	51.251302	E3	52	54	635	48.500000	E3	52	80	
640	51.375000	A3	57	55	636	48.625000	A3	57	80	
641	51.492188	B3	59	64	638	48.750000	B3	59	80	
642	51.506510	E5	76	80	637	48.750000	E5	76	80	
643	51.625000	C#4	61	59	639	48.875000	C#4	61	80	
644	51.680990	G#5	80	41	*	-1	*	-1	-1	
645	51.800781	A3	57	62	641	49.000000	A3	57	80	
646	51.816406	F#5	78	86	640	49.000000	F#5	78	80	
647	51.936198	G#3	56	63	642	49.125000	G#3	56	80	
648	52.072917	A3	57	66	643	49.250000	A3	57	80	
649	52.203125	B3	59	63	644	49.375000	B3	59	80	
650	52.348958	A3	57	77	645	49.500000	A3	57	80	
651	52.354167	Eb3	51	76	646	49.500000	Eb3	51	80	
652	52.470052	G#3	56	73	648	49.625000	G#3	56	80	
653	52.489583	B4	71	78	647	49.625000	B4	71	80	
654	52.592448	A3	57	74	650	49.750000	A3	57	80	
655	52.605469	C#5	73	88	649	49.750000	C#5	73	80	
656	52.726562	Eb5	75	89	651	49.875000	Eb5	75	80	
657	52.743490	B3	59	69	652	49.875000	B3	59	80	
658	52.881510	E5	76	83	653	50.000000	E5	76	80	
659	52.891927	G#3	56	77	654	50.000000	G#3	56	80	
660	53.014323	Eb5	75	83	655	50.125000	Eb5	75	80	
661	53.144531	B3	59	79	657	50.250000	B3	59	80	
662	53.147135	E5	76	84	656	50.250000	E5	76	80	
663	53.276042	F#5	78	84	658	50.375000	F#5	78	80	
664	53.415365	E3	52	69	660	50.500000	E3	52	80	
665	53.416667	C#3	49	69	661	50.500000	C#3	49	80	
666	53.416667	G#5	80	87	659	50.500000	G#5	80	80	
667	53.552083	A5	81	81	662	50.625000	A5	81	80	
668	53.683594	G#3	56	80	664	50.750000	G#3	56	80	
669	53.695312	B5	83	85	663	50.750000	B5	83	80	
670	53.833333	G#5	80	87	665	50.875000	G#5	80	80	
671	53.983073	F#2	42	72	667	51.000000	F#2	42	80	
672	54.000000	A5	81	89	666	51.000000	A5	81	80	
673	54.154948	G#5	80	85	668	51.125000	G#5	80	80	
674	54.281250	F#3	54	81	670	51.250000	F#3	54	80	
675	54.291667	A5	81	91	669	51.250000	A5	81	80	
676	54.397135	C#3	49	74	672	51.375000	C#3	49	80	
677	54.416667	B5	83	89	671	51.375000	B5	83	80	
678	54.527344	Eb3	51	76	674	51.500000	Eb3	51	80	
679	54.552083	A5	81	92	673	51.500000	A5	81	80	
680	54.679688	G#5	80	82	675	51.625000	G#5	80	80	
681	54.812500	B2	47	62	677	51.750000	B2	47	80	
682	54.817708	A5	81	84	676	51.750000	A5	81	80	
683	54.945312	B5	83	86	678	51.875000	B5	83	80	
684	55.080729	E3	52	71	680	52.000000	E3	52	80	
685	55.087240	G#5	80	86	679	52.000000	G#5	80	80	
686	55.212240	F#5	78	78	681	52.125000	F#5	78	80	
687	55.355469	B2	47	59	683	52.250000	B2	47	80	
688	55.355469	G#5	80	75	682	52.250000	G#5	80	80	
689	55.498698	A5	81	72	684	52.375000	A5	81	80	
690	55.630208	C#3	49	67	687	52.500000	C#3	49	80	
691	55.632812	E3	52	69	686	52.500000	E3	52	80	
692	55.644531	G#5	80	84	685	52.500000	G#5	80	80	
693	55.770833	F#5	78	69	688	52.625000	F#5	78	80	
694	55.903646	G#2	44	72	690	52.750000	G#2	44	80	
695	55.910156	E5	76	73	689	52.750000	E5	76	80	
696	56.036458	Eb5	75	70	691	52.875000	Eb5	75	80	
697	56.180990	C#5	73	85	692	53.000000	C#5	73	80	
698	56.192708	A2	45	71	693	53.000000	A2	45	80	
699	56.320312	B4	71	76	694	53.125000	B4	71	80	
700	56.462240	C#5	73	80	695	53.250000	C#5	73	80	
701	56.470052	E4	64	77	696	53.250000	E4	64	80	
702	56.589844	D5	74	76	697	53.375000	D5	74	80	
703	56.595052	E2	40	62	698	53.375000	E2	40	80	
704	56.726562	F#2	42	80	701	53.500000	F#2	42	80	
705	56.742188	A4	69	72	700	53.500000	A4	69	80	
706	56.743490	C#5	73	83	699	53.500000	C#5	73	80	
707	56.886719	B4	71	71	702	53.625000	B4	71	80	
708	57.016927	C#2	37	76	704	53.750000	C#2	37	80	
709	57.024740	C#5	73	80	703	53.750000	C#5	73	80	
710	57.170573	D5	74	69	705	53.875000	D5	74	80	
711	57.298177	Eb2	39	81	707	54.000000	Eb2	39	80	
712	57.317708	B4	71	79	706	54.000000	B4	71	80	
713	57.450521	C#5	73	82	708	54.125000	C#5	73	80	
714	57.605469	B3	59	86	710	54.250000	B3	59	80	
715	57.617188	Eb5	75	86	709	54.250000	Eb5	75	80	
716	57.777344	B4	71	83	711	54.375000	B4	71	80	
717	57.958333	C#4	61	78	714	54.500000	C#4	61	80	
718	57.971354	E5	76	84	712	54.500000	E5	76	80	
719	57.996094	G#4	68	62	713	54.500000	G#4	68	80	
720	58.123698	E4	64	75	715	54.625000	E4	64	80	
721	58.252604	F#4	66	79	716	54.750000	F#4	66	80	
722	58.384115	G#4	68	79	717	54.875000	G#4	68	80	
723	58.537760	A4	69	77	718	55.000000	A4	69	80	
724	58.673177	F#3	54	69	720	55.125000	F#3	54	80	
725	58.688802	B4	71	83	719	55.125000	B4	71	80	
726	58.864583	G#3	56	74	722	55.250000	G#3	56	80	
727	58.865885	C#5	73	88	721	55.250000	C#5	73	80	
728	59.067708	A3	57	60	723	55.375000	A3	57	80	
729	59.324219	B3	59	71	725	55.500000	B3	59	80	
730	59.324219	Eb5	75	86	724	55.500000	Eb5	75	80	
731	59.561198	C#5	73	81	726	55.625000	C#5	73	80	
732	59.834635	B2	47	57	728	55.750000	B2	47	80	
733	59.834635	B4	71	77	727	55.750000	B4	71	80	
734	60.118490	A4	69	71	729	55.875000	A4	69	80	
735	60.605469	E2	40	54	732	56.000000	E2	40	80	
736	60.611979	E5	76	72	731	56.000000	E5	76	80	
737	60.615885	G#4	68	61	730	56.000000	G#4	68	80	
*	-1	*	-1	-1	12	2.750000	B4	71	80	
*	-1	*	-1	-1	53	5.875000	C#5	73	80	
