// alignID alignOntime alignSitch alignPitch alignOnvel refID refOntime refSitch refPitch refOnvel
0	0.500000	E4	64	72	0	0.750000	E4	64	80	
1	0.808333	F#4	66	79	1	1.000000	F#4	66	80	
2	1.513542	B3	59	78	2	1.625000	B3	59	80	
3	1.659375	C#4	61	72	3	1.750000	C#4	61	80	
4	1.784375	Eb4	63	75	4	1.875000	Eb4	63	80	
5	1.906250	E4	64	76	5	2.000000	E4	64	80	
6	2.030208	Eb4	63	84	6	2.125000	Eb4	63	80	
7	2.171875	E4	64	77	7	2.250000	E4	64	80	
8	2.291667	F#4	66	81	8	2.375000	F#4	66	80	
9	2.426042	G#4	68	82	9	2.500000	G#4	68	80	
10	2.550000	A4	69	81	10	2.625000	A4	69	80	
11	2.684375	B4	71	89	11	2.750000	B4	71	80	
12	2.815625	G#4	68	70	13	2.875000	G#4	68	80	
13	2.964583	C#5	73	91	14	3.000000	C#5	73	80	
14	2.979167	E4	64	51	15	3.000000	E4	64	80	
15	3.108333	Eb4	63	67	16	3.125000	Eb4	63	80	
16	3.254167	E4	64	62	17	3.250000	E4	64	80	
17	3.373958	F#4	66	71	18	3.375000	F#4	66	80	
18	3.511458	E4	64	63	19	3.500000	E4	64	80	
19	3.623958	F#4	66	72	20	3.625000	F#4	66	80	
20	3.643750	Eb4	63	61	21	3.625000	Eb4	63	80	
21	3.747917	G#4	68	77	22	3.750000	G#4	68	80	
22	3.766667	E4	64	64	23	3.750000	E4	64	80	
23	3.873958	Bb4	70	81	24	3.875000	Bb4	70	80	
24	3.892708	F#4	66	64	25	3.875000	F#4	66	80	
25	4.010417	B4	71	82	26	4.000000	B4	71	80	
26	4.013542	Eb4	63	71	27	4.000000	Eb4	63	80	
27	4.137500	C#4	61	71	29	4.125000	C#4	61	80	
28	4.140625	Bb4	70	81	28	4.125000	Bb4	70	80	
29	4.266667	Eb4	63	74	31	4.250000	Eb4	63	80	
30	4.273958	B4	71	77	30	4.250000	B4	71	80	
31	4.400000	C#5	73	82	32	4.375000	C#5	73	80	
32	4.401042	E4	64	72	33	4.375000	E4	64	80	
33	4.523958	F#4	66	74	35	4.500000	F#4	66	80	
34	4.523958	Eb5	75	83	34	4.500000	Eb5	75	80	
35	4.640625	G#4	68	79	37	4.625000	G#4	68	80	
36	4.646875	E5	76	79	36	4.625000	E5	76	80	
37	4.775000	A4	69	74	39	4.750000	A4	69	80	
38	4.784375	F#5	78	83	38	4.750000	F#5	78	80	
39	4.901042	F#4	66	74	41	4.875000	F#4	66	80	
40	4.905208	Eb5	75	83	40	4.875000	Eb5	75	80	
41	5.033333	G#4	68	77	43	5.000000	G#4	68	80	
42	5.040625	B4	71	79	42	5.000000	B4	71	80	
43	5.164583	A4	69	72	44	5.125000	A4	69	80	
44	5.297917	B3	59	72	46	5.250000	B3	59	80	
45	5.303125	B4	71	70	45	5.250000	B4	71	80	
46	5.426042	C#5	73	63	47	5.375000	C#5	73	80	
47	5.565625	E4	64	75	49	5.500000	E4	64	80	
48	5.580208	B4	71	56	48	5.500000	B4	71	80	
49	5.702083	A4	69	62	50	5.625000	A4	69	80	
50	5.850000	E3	52	75	52	5.750000	E3	52	80	
51	5.853125	B4	71	58	51	5.750000	B4	71	80	
52	5.973958	C#5	73	58	53	5.875000	C#5	73	80	
53	6.131250	F#3	54	84	55	6.000000	F#3	54	80	
54	6.150000	A4	69	56	54	6.000000	A4	69	80	
55	6.260417	G#4	68	67	56	6.125000	G#4	68	80	
56	6.410417	Eb4	63	67	58	6.250000	Eb4	63	80	
57	6.414583	A4	69	75	57	6.250000	A4	69	80	
58	6.548958	B4	71	74	59	6.375000	B4	71	80	
59	6.695833	F#4	66	78	61	6.500000	F#4	66	80	
60	6.700000	A4	69	76	60	6.500000	A4	69	80	
61	6.827083	B2	47	66	63	6.625000	B2	47	80	
62	6.830208	G#4	68	77	62	6.625000	G#4	68	80	
63	6.953125	A4	69	74	64	6.750000	A4	69	80	
64	6.963542	C#3	49	75	65	6.750000	C#3	49	80	
65	7.088542	B4	71	73	66	6.875000	B4	71	80	
66	7.095833	Eb3	51	68	67	6.875000	Eb3	51	80	
67	7.219792	E3	52	72	69	7.000000	E3	52	80	
68	7.226042	G#4	68	78	68	7.000000	G#4	68	80	
69	7.346875	Eb3	51	76	71	7.125000	Eb3	51	80	
70	7.350000	F#4	66	76	70	7.125000	F#4	66	80	
71	7.480208	E3	52	73	74	7.250000	E3	52	80	
72	7.483333	G#4	68	79	72	7.250000	G#4	68	80	
73	7.487500	B3	59	77	73	7.250000	B3	59	80	
74	7.605208	Bb4	70	83	75	7.375000	Bb4	70	80	
75	7.612500	F#3	54	79	76	7.375000	F#3	54	80	
76	7.743750	G#3	56	84	79	7.500000	G#3	56	80	
77	7.746875	B4	71	87	77	7.500000	B4	71	80	
78	7.750000	E4	64	83	78	7.500000	E4	64	80	
79	7.869792	A3	57	76	80	7.625000	A3	57	80	
80	8.019792	Eb4	63	87	81	7.750000	Eb4	63	80	
81	8.020833	B3	59	72	82	7.750000	B3	59	80	
82	8.143750	G#3	56	64	83	7.875000	G#3	56	80	
83	8.290625	C#4	61	81	84	8.000000	C#4	61	80	
84	8.297917	E3	52	56	85	8.000000	E3	52	80	
85	8.437500	Eb3	51	59	86	8.125000	Eb3	51	80	
86	8.580208	E3	52	58	87	8.250000	E3	52	80	
87	8.734375	F#3	54	46	88	8.375000	F#3	54	80	
88	8.856250	E3	52	52	90	8.500000	E3	52	80	
89	8.859375	Bb4	70	75	89	8.500000	Bb4	70	80	
90	8.996875	Eb3	51	49	91	8.625000	Eb3	51	80	
91	9.142708	E3	52	52	92	8.750000	E3	52	80	
92	9.261458	F#3	54	57	93	8.875000	F#3	54	80	
93	9.397917	Eb3	51	56	96	9.000000	Eb3	51	80	
94	9.406250	B3	59	63	95	9.000000	B3	59	80	
95	9.406250	B4	71	68	94	9.000000	B4	71	80	
96	9.525000	C#3	49	62	97	9.125000	C#3	49	80	
97	9.666667	Eb3	51	65	99	9.250000	Eb3	51	80	
98	9.667708	B5	83	91	98	9.250000	B5	83	80	
99	9.787500	E3	52	67	100	9.375000	E3	52	80	
100	9.942708	F#3	54	65	102	9.500000	F#3	54	80	
101	9.943750	Eb5	75	88	101	9.500000	Eb5	75	80	
102	10.081250	G#3	56	63	103	9.625000	G#3	56	80	
103	10.208333	F#5	78	86	104	9.750000	F#5	78	80	
104	10.220833	A3	57	66	105	9.750000	A3	57	80	
105	10.340625	F#3	54	60	106	9.875000	F#3	54	80	
106	10.487500	G#3	56	60	108	10.000000	G#3	56	80	
107	10.491667	B4	71	80	107	10.000000	B4	71	80	
108	10.617708	F#3	54	57	109	10.125000	F#3	54	80	
109	10.756250	G#3	56	61	111	10.250000	G#3	56	80	
110	10.765625	E5	76	66	110	10.250000	E5	76	80	
111	10.877083	A3	57	62	112	10.375000	A3	57	80	
112	11.027083	G#4	68	72	113	10.500000	G#4	68	80	
113	11.037500	B3	59	58	114	10.500000	B3	59	80	
114	11.147917	C#4	61	62	115	10.625000	C#4	61	80	
115	11.306250	D4	62	55	117	10.750000	D4	62	80	
116	11.306250	B4	71	78	116	10.750000	B4	71	80	
117	11.447917	B3	59	56	118	10.875000	B3	59	80	
118	11.560417	E4	64	80	119	11.000000	E4	64	80	
119	11.580208	C#4	61	60	120	11.000000	C#4	61	80	
120	11.714583	B3	59	60	121	11.125000	B3	59	80	
121	11.843750	F#4	66	82	123	11.250000	F#4	66	80	
122	11.846875	C#4	61	59	124	11.250000	C#4	61	80	
123	11.846875	A4	69	80	122	11.250000	A4	69	80	
124	11.986458	Eb4	63	58	125	11.375000	Eb4	63	80	
125	12.112500	G#4	68	73	126	11.500000	G#4	68	80	
126	12.120833	E4	64	60	127	11.500000	E4	64	80	
127	12.241667	Eb4	63	60	128	11.625000	Eb4	63	80	
128	12.375000	C#4	61	66	131	11.750000	C#4	61	80	
129	12.382292	E5	76	86	129	11.750000	E5	76	80	
130	12.396875	E4	64	53	130	11.750000	E4	64	80	
131	12.501042	B3	59	72	132	11.875000	B3	59	80	
132	12.654167	A3	57	64	135	12.000000	A3	57	80	
133	12.659375	F#5	78	93	133	12.000000	F#5	78	80	
134	12.676042	E4	64	48	134	12.000000	E4	64	80	
135	12.784375	G#3	56	63	136	12.125000	G#3	56	80	
136	12.918750	A3	57	67	137	12.250000	A3	57	80	
137	13.046875	B3	59	72	138	12.375000	B3	59	80	
138	13.186458	A3	57	69	140	12.500000	A3	57	80	
139	13.190625	Eb4	63	68	139	12.500000	Eb4	63	80	
140	13.310417	G#3	56	75	142	12.625000	G#3	56	80	
141	13.313542	B4	71	76	141	12.625000	B4	71	80	
142	13.438542	A3	57	62	145	12.750000	A3	57	80	
143	13.451042	F#4	66	73	144	12.750000	F#4	66	80	
144	13.454167	C#5	73	76	143	12.750000	C#5	73	80	
145	13.566667	B3	59	69	147	12.875000	B3	59	80	
146	13.573958	Eb5	75	81	146	12.875000	Eb5	75	80	
147	13.701042	B3	59	68	149	13.000000	B3	59	80	
148	13.713542	G#3	56	69	150	13.000000	G#3	56	80	
149	13.714583	E5	76	83	148	13.000000	E5	76	80	
150	13.843750	Eb5	75	79	151	13.125000	Eb5	75	80	
151	13.973958	F#3	54	73	153	13.250000	F#3	54	80	
152	13.977083	E5	76	74	152	13.250000	E5	76	80	
153	14.096875	F#5	78	74	154	13.375000	F#5	78	80	
154	14.234375	G#5	80	76	155	13.500000	G#5	80	80	
155	14.236458	E3	52	70	156	13.500000	E3	52	80	
156	14.363542	A5	81	75	157	13.625000	A5	81	80	
157	14.500000	B4	71	83	159	13.750000	B4	71	80	
158	14.503125	B5	83	76	158	13.750000	B5	83	80	
159	14.512500	Eb3	51	76	160	13.750000	Eb3	51	80	
160	14.626042	G#5	80	80	161	13.875000	G#5	80	80	
161	14.782292	C#5	73	86	163	14.000000	C#5	73	80	
162	14.784375	C#3	49	87	164	14.000000	C#3	49	80	
163	14.812500	E5	76	62	162	14.000000	E5	76	80	
164	14.922917	Eb5	75	68	165	14.125000	Eb5	75	80	
165	15.044792	E5	76	70	166	14.250000	E5	76	80	
166	15.063542	B3	59	75	167	14.250000	B3	59	80	
167	15.177083	F#5	78	68	168	14.375000	F#5	78	80	
168	15.318750	E5	76	77	169	14.500000	E5	76	80	
169	15.319792	Bb3	58	69	170	14.500000	Bb3	58	80	
170	15.451042	Eb5	75	75	171	14.625000	Eb5	75	80	
171	15.453125	F#4	66	72	172	14.625000	F#4	66	80	
172	15.583333	F#3	54	74	175	14.750000	F#3	54	80	
173	15.583333	E5	76	78	173	14.750000	E5	76	80	
174	15.594792	G#4	68	69	174	14.750000	G#4	68	80	
175	15.711458	F#5	78	73	176	14.875000	F#5	78	80	
176	15.718750	Bb4	70	77	177	14.875000	Bb4	70	80	
177	15.850000	Eb5	75	78	178	15.000000	Eb5	75	80	
178	15.857292	B4	71	71	179	15.000000	B4	71	80	
179	15.861458	B3	59	81	180	15.000000	B3	59	80	
180	15.992708	Bb4	70	73	182	15.125000	Bb4	70	80	
181	15.994792	C#5	73	74	181	15.125000	C#5	73	80	
182	16.128125	Eb5	75	80	183	15.250000	Eb5	75	80	
183	16.142708	B4	71	55	184	15.250000	B4	71	80	
184	16.257292	E5	76	85	185	15.375000	E5	76	80	
185	16.279167	C#5	73	74	186	15.375000	C#5	73	80	
186	16.404167	F#5	78	86	187	15.500000	F#5	78	80	
187	16.410417	Eb5	75	63	188	15.500000	Eb5	75	80	
188	16.519792	E5	76	67	190	15.625000	E5	76	80	
189	16.529167	G#5	80	93	189	15.625000	G#5	80	80	
190	16.663542	F#5	78	63	192	15.750000	F#5	78	80	
191	16.673958	A5	81	99	191	15.750000	A5	81	80	
192	16.817708	Eb5	75	55	193	15.875000	Eb5	75	80	
193	16.944792	B4	71	69	194	16.000000	B4	71	80	
194	17.068750	A4	69	69	195	16.125000	A4	69	80	
195	17.203125	B4	71	63	197	16.250000	B4	71	80	
196	17.205208	Eb5	75	93	196	16.250000	Eb5	75	80	
197	17.343750	C#5	73	58	198	16.375000	C#5	73	80	
198	17.493750	G#5	80	93	199	16.500000	G#5	80	80	
199	17.503125	B4	71	53	200	16.500000	B4	71	80	
200	17.614583	A4	69	62	201	16.625000	A4	69	80	
201	17.753125	B4	71	64	202	16.750000	B4	71	80	
202	17.894792	C#5	73	58	203	16.875000	C#5	73	80	
203	18.040625	A4	69	60	204	17.000000	A4	69	80	
204	18.170833	G#4	68	63	205	17.125000	G#4	68	80	
205	18.282292	F#5	78	70	206	17.250000	F#5	78	80	
206	18.295833	A4	69	65	207	17.250000	A4	69	80	
207	18.401042	B4	71	69	209	17.375000	B4	71	80	
208	18.420833	E5	76	69	208	17.375000	E5	76	80	
209	18.538542	A4	69	66	211	17.500000	A4	69	80	
210	18.551042	Eb5	75	75	210	17.500000	Eb5	75	80	
211	18.660417	G#4	68	61	212	17.625000	G#4	68	80	
212	18.811458	B3	59	68	214	17.750000	B3	59	80	
213	18.827083	A4	69	60	213	17.750000	A4	69	80	
214	18.952083	B4	71	50	215	17.875000	B4	71	80	
215	19.095833	C#4	61	78	218	18.000000	C#4	61	80	
216	19.106250	G#4	68	65	217	18.000000	G#4	68	80	
217	19.108333	E5	76	63	216	18.000000	E5	76	80	
218	19.252083	Eb5	75	66	219	18.125000	Eb5	75	80	
219	19.377083	E4	64	76	221	18.250000	E4	64	80	
220	19.394792	E5	76	65	220	18.250000	E5	76	80	
221	19.517708	F#5	78	74	222	18.375000	F#5	78	80	
222	19.656250	A4	69	84	224	18.500000	A4	69	80	
223	19.671875	E5	76	66	223	18.500000	E5	76	80	
224	19.795833	Eb5	75	73	225	18.625000	Eb5	75	80	
225	19.797917	F#3	54	66	226	18.625000	F#3	54	80	
226	19.916667	G#3	56	74	228	18.750000	G#3	56	80	
227	19.925000	E5	76	71	227	18.750000	E5	76	80	
228	20.047917	A3	57	72	230	18.875000	A3	57	80	
229	20.055208	F#5	78	80	229	18.875000	F#5	78	80	
230	20.184375	B3	59	75	232	19.000000	B3	59	80	
231	20.191667	Eb5	75	86	231	19.000000	Eb5	75	80	
232	20.314583	A3	57	71	234	19.125000	A3	57	80	
233	20.316667	C#5	73	79	233	19.125000	C#5	73	80	
234	20.455208	Eb5	75	81	235	19.250000	Eb5	75	80	
235	20.462500	B3	59	71	236	19.250000	B3	59	80	
236	20.573958	C#4	61	74	238	19.375000	C#4	61	80	
237	20.582292	E5	76	79	237	19.375000	E5	76	80	
238	20.711458	Eb4	63	70	240	19.500000	Eb4	63	80	
239	20.722917	F#5	78	88	239	19.500000	F#5	78	80	
240	20.839583	E4	64	68	242	19.625000	E4	64	80	
241	20.847917	C5	72	81	241	19.625000	C5	72	80	
242	20.981250	Eb4	63	65	244	19.750000	Eb4	63	80	
243	20.987500	C#5	73	81	243	19.750000	C#5	73	80	
244	21.105208	C#4	61	73	246	19.875000	C#4	61	80	
245	21.110417	Eb5	75	85	245	19.875000	Eb5	75	80	
246	21.247917	G#4	68	90	247	20.000000	G#4	68	80	
247	21.265625	C4	60	62	248	20.000000	C4	60	80	
248	21.384375	G#3	56	69	249	20.125000	G#3	56	80	
249	21.522917	Bb3	58	64	251	20.250000	Bb3	58	80	
250	21.525000	E5	76	82	250	20.250000	E5	76	80	
251	21.645833	C4	60	65	253	20.375000	C4	60	80	
252	21.650000	Eb5	75	86	252	20.375000	Eb5	75	80	
253	21.770833	C#4	61	65	255	20.500000	C#4	61	80	
254	21.788542	E5	76	87	254	20.500000	E5	76	80	
255	21.910417	Eb4	63	59	256	20.625000	Eb4	63	80	
256	22.066667	C#5	73	80	257	20.750000	C#5	73	80	
257	22.070833	E4	64	58	258	20.750000	E4	64	80	
258	22.192708	C#4	61	54	259	20.875000	C#4	61	80	
259	22.332292	A3	57	58	261	21.000000	A3	57	80	
260	22.355208	F#4	66	79	260	21.000000	F#4	66	80	
261	22.480208	G#3	56	58	262	21.125000	G#3	56	80	
262	22.627083	A3	57	62	264	21.250000	A3	57	80	
263	22.641667	E5	76	85	263	21.250000	E5	76	80	
264	22.784375	B3	59	62	265	21.375000	B3	59	80	
265	22.912500	A3	57	63	267	21.500000	A3	57	80	
266	22.922917	Eb5	75	80	266	21.500000	Eb5	75	80	
267	23.034375	G#3	56	67	268	21.625000	G#3	56	80	
268	23.166667	A3	57	63	270	21.750000	A3	57	80	
269	23.186458	C#5	73	70	269	21.750000	C#5	73	80	
270	23.308333	B3	59	62	271	21.875000	B3	59	80	
271	23.431250	G#3	56	57	273	22.000000	G#3	56	80	
272	23.453125	C5	72	68	272	22.000000	C5	72	80	
273	23.570833	E3	52	54	274	22.125000	E3	52	80	
274	23.712500	G#4	68	83	275	22.250000	G#4	68	80	
275	23.720833	F#3	54	52	276	22.250000	F#3	54	80	
276	23.857292	G#3	56	55	277	22.375000	G#3	56	80	
277	23.978125	C#5	73	90	278	22.500000	C#5	73	80	
278	23.987500	E4	64	75	279	22.500000	E4	64	80	
279	23.994792	A3	57	67	280	22.500000	A3	57	80	
280	24.113542	B3	59	73	281	22.625000	B3	59	80	
281	24.253125	C#4	61	66	283	22.750000	C#4	61	80	
282	24.259375	A4	69	76	282	22.750000	A4	69	80	
283	24.367708	A3	57	70	284	22.875000	A3	57	80	
284	24.504167	F#3	54	70	286	23.000000	F#3	54	80	
285	24.520833	Eb4	63	74	285	23.000000	Eb4	63	80	
286	24.626042	E3	52	71	287	23.125000	E3	52	80	
287	24.770833	F#3	54	65	290	23.250000	F#3	54	80	
288	24.781250	Eb5	75	93	288	23.250000	Eb5	75	80	
289	24.801042	F#4	66	78	289	23.250000	F#4	66	80	
290	24.919792	G#3	56	59	291	23.375000	G#3	56	80	
291	25.052083	G#4	68	94	292	23.500000	G#4	68	80	
292	25.065625	C4	60	72	293	23.500000	C4	60	80	
293	25.066667	F#3	54	64	294	23.500000	F#3	54	80	
294	25.185417	E3	52	67	295	23.625000	E3	52	80	
295	25.342708	Bb4	70	79	296	23.750000	Bb4	70	80	
296	25.344792	F#3	54	70	298	23.750000	F#3	54	80	
297	25.354167	Eb4	63	67	297	23.750000	Eb4	63	80	
298	25.468750	G#3	56	73	300	23.875000	G#3	56	80	
299	25.469792	C5	72	78	299	23.875000	C5	72	80	
300	25.590625	G#3	56	73	302	24.000000	G#3	56	80	
301	25.590625	C#5	73	88	301	24.000000	C#5	73	80	
302	25.594792	E3	52	76	303	24.000000	E3	52	80	
303	25.722917	C5	72	80	304	24.125000	C5	72	80	
304	25.858333	Eb3	51	80	306	24.250000	Eb3	51	80	
305	25.860417	C#5	73	79	305	24.250000	C#5	73	80	
306	25.989583	Eb5	75	84	307	24.375000	Eb5	75	80	
307	26.123958	C#3	49	77	309	24.500000	C#3	49	80	
308	26.126042	E5	76	82	308	24.500000	E5	76	80	
309	26.260417	F#5	78	82	310	24.625000	F#5	78	80	
310	26.382292	E3	52	76	312	24.750000	E3	52	80	
311	26.396875	G#5	80	87	311	24.750000	G#5	80	80	
312	26.522917	E5	76	76	313	24.875000	E5	76	80	
313	26.652083	C#5	73	76	314	25.000000	C#5	73	80	
314	26.666667	Bb2	46	74	315	25.000000	Bb2	46	80	
315	26.783333	B4	71	75	316	25.125000	B4	71	80	
316	26.912500	C#5	73	73	317	25.250000	C#5	73	80	
317	26.914583	G#3	56	78	318	25.250000	G#3	56	80	
318	27.046875	Eb5	75	72	319	25.375000	Eb5	75	80	
319	27.186458	Bb3	58	93	321	25.500000	Bb3	58	80	
320	27.190625	G3	55	44	322	25.500000	G3	55	80	
321	27.197917	C#5	73	69	320	25.500000	C#5	73	80	
322	27.352083	B4	71	59	323	25.625000	B4	71	80	
323	27.439583	Eb3	51	65	325	25.750000	Eb3	51	80	
324	27.470833	C#5	73	64	324	25.750000	C#5	73	80	
325	27.606250	Eb5	75	65	326	25.875000	Eb5	75	80	
326	27.727083	G#2	44	76	328	26.000000	G#2	44	80	
327	27.732292	B4	71	68	327	26.000000	B4	71	80	
328	27.869792	Bb4	70	68	329	26.125000	Bb4	70	80	
329	28.004167	B4	71	66	330	26.250000	B4	71	80	
330	28.014583	Bb2	46	60	331	26.250000	Bb2	46	80	
331	28.136458	C#5	73	66	332	26.375000	C#5	73	80	
332	28.254167	B2	47	60	335	26.500000	B2	47	80	
333	28.279167	G#3	56	77	334	26.500000	G#3	56	80	
334	28.279167	Eb5	75	71	333	26.500000	Eb5	75	80	
335	28.414583	E5	76	69	336	26.625000	E5	76	80	
336	28.532292	Bb2	46	64	338	26.750000	Bb2	46	80	
337	28.559375	F#5	78	66	337	26.750000	F#5	78	80	
338	28.677083	Eb5	75	63	339	26.875000	Eb5	75	80	
339	28.795833	G#2	44	59	341	27.000000	G#2	44	80	
340	28.802083	B4	71	66	340	27.000000	B4	71	80	
341	28.930208	A4	69	60	342	27.125000	A4	69	80	
342	29.063542	B4	71	65	343	27.250000	B4	71	80	
343	29.078125	F#3	54	61	344	27.250000	F#3	54	80	
344	29.189583	C#5	73	62	345	27.375000	C#5	73	80	
345	29.328125	B4	71	62	346	27.500000	B4	71	80	
346	29.329167	G#3	56	73	347	27.500000	G#3	56	80	
347	29.332292	F3	53	61	348	27.500000	F3	53	80	
348	29.455208	A4	69	63	349	27.625000	A4	69	80	
349	29.586458	B4	71	60	350	27.750000	B4	71	80	
350	29.600000	C#3	49	66	351	27.750000	C#3	49	80	
351	29.714583	C#5	73	68	352	27.875000	C#5	73	80	
352	29.848958	A4	69	60	353	28.000000	A4	69	80	
353	29.864583	F#2	42	62	354	28.000000	F#2	42	80	
354	29.971875	G#4	68	66	355	28.125000	G#4	68	80	
355	30.113542	A4	69	60	356	28.250000	A4	69	80	
356	30.122917	G#2	44	60	357	28.250000	G#2	44	80	
357	30.233333	B4	71	64	358	28.375000	B4	71	80	
358	30.368750	A2	45	54	361	28.500000	A2	45	80	
359	30.373958	C#5	73	61	359	28.500000	C#5	73	80	
360	30.383333	F#3	54	56	360	28.500000	F#3	54	80	
361	30.505208	Eb5	75	67	362	28.625000	Eb5	75	80	
362	30.636458	G#2	44	60	364	28.750000	G#2	44	80	
363	30.641667	E5	76	67	363	28.750000	E5	76	80	
364	30.767708	C#5	73	62	365	28.875000	C#5	73	80	
365	30.895833	Eb5	75	66	366	29.000000	Eb5	75	80	
366	30.908333	F#2	42	61	367	29.000000	F#2	42	80	
367	31.019792	C#5	73	67	368	29.125000	C#5	73	80	
368	31.168750	E3	52	56	370	29.250000	E3	52	80	
369	31.177083	Eb5	75	69	369	29.250000	Eb5	75	80	
370	31.296875	E5	76	69	371	29.375000	E5	76	80	
371	31.422917	Eb3	51	51	374	29.500000	Eb3	51	80	
372	31.428125	F#3	54	67	373	29.500000	F#3	54	80	
373	31.431250	F#5	78	71	372	29.500000	F#5	78	80	
374	31.547917	G#5	80	74	375	29.625000	G#5	80	80	
375	31.685417	A5	81	75	376	29.750000	A5	81	80	
376	31.706250	C#3	49	49	377	29.750000	C#3	49	80	
377	31.812500	F#5	78	75	378	29.875000	F#5	78	80	
378	31.944792	G#5	80	76	379	30.000000	G#5	80	80	
379	31.954167	C3	48	55	380	30.000000	C3	48	80	
380	32.066667	F#5	78	74	381	30.125000	F#5	78	80	
381	32.204167	E5	76	68	382	30.250000	E5	76	80	
382	32.206250	G#2	44	53	383	30.250000	G#2	44	80	
383	32.317708	Eb5	75	72	384	30.375000	Eb5	75	80	
384	32.459375	C#5	73	68	385	30.500000	C#5	73	80	
385	32.470833	A2	45	59	387	30.500000	A2	45	80	
386	32.471875	E3	52	61	386	30.500000	E3	52	80	
387	32.579167	B4	71	76	388	30.625000	B4	71	80	
388	32.728125	C#4	61	91	390	30.750000	C#4	61	80	
389	32.728125	A4	69	71	389	30.750000	A4	69	80	
390	32.752083	E3	52	58	391	30.750000	E3	52	80	
391	32.854167	G#4	68	77	392	30.875000	G#4	68	80	
392	33.014583	Eb4	63	92	394	31.000000	Eb4	63	80	
393	33.015625	F#4	66	75	393	31.000000	F#4	66	80	
394	33.022917	F#3	54	81	395	31.000000	F#3	54	80	
395	33.143750	G#4	68	76	396	31.125000	G#4	68	80	
396	33.147917	E3	52	71	397	31.125000	E3	52	80	
397	33.277083	A4	69	74	398	31.250000	A4	69	80	
398	33.289583	F#3	54	84	399	31.250000	F#3	54	80	
399	33.421875	F#4	66	66	400	31.375000	F#4	66	80	
400	33.551042	G#3	56	88	402	31.500000	G#3	56	80	
401	33.557292	Eb4	63	71	401	31.500000	Eb4	63	80	
402	33.691667	G#3	56	74	403	31.625000	G#3	56	80	
403	33.820833	G#2	44	72	406	31.750000	G#2	44	80	
404	33.820833	G#4	68	83	404	31.750000	G#4	68	80	
405	33.822917	Bb3	58	81	405	31.750000	Bb3	58	80	
406	33.946875	C4	60	73	407	31.875000	C4	60	80	
407	34.085417	C#3	49	86	410	32.000000	C#3	49	80	
408	34.086458	C#4	61	77	409	32.000000	C#4	61	80	
409	34.094792	E4	64	82	408	32.000000	E4	64	80	
410	34.222917	C4	60	74	411	32.125000	C4	60	80	
411	34.343750	G#4	68	84	412	32.250000	G#4	68	80	
412	34.357292	C#4	61	73	413	32.250000	C#4	61	80	
413	34.475000	Eb4	63	80	414	32.375000	Eb4	63	80	
414	34.608333	E4	64	80	416	32.500000	E4	64	80	
415	34.608333	C#5	73	90	415	32.500000	C#5	73	80	
416	34.738542	F#4	66	80	417	32.625000	F#4	66	80	
417	34.867708	G#4	68	84	419	32.750000	G#4	68	80	
418	34.872917	B4	71	89	418	32.750000	B4	71	80	
419	34.996875	E4	64	77	420	32.875000	E4	64	80	
420	35.145833	C#4	61	72	422	33.000000	C#4	61	80	
421	35.151042	E5	76	86	421	33.000000	E5	76	80	
422	35.270833	B3	59	74	424	33.125000	B3	59	80	
423	35.278125	Eb5	75	83	423	33.125000	Eb5	75	80	
424	35.403125	C#4	61	70	426	33.250000	C#4	61	80	
425	35.415625	C#5	73	79	425	33.250000	C#5	73	80	
426	35.530208	B4	71	88	427	33.375000	B4	71	80	
427	35.550000	Eb4	63	64	428	33.375000	Eb4	63	80	
428	35.676042	C#4	61	65	430	33.500000	C#4	61	80	
429	35.682292	A4	69	90	429	33.500000	A4	69	80	
430	35.816667	B3	59	63	431	33.625000	B3	59	80	
431	35.954167	C#4	61	59	432	33.750000	C#4	61	80	
432	36.095833	Eb4	63	57	433	33.875000	Eb4	63	80	
433	36.235417	B3	59	61	434	34.000000	B3	59	80	
434	36.343750	G#3	56	64	435	34.125000	G#3	56	80	
435	36.475000	A3	57	60	437	34.250000	A3	57	80	
436	36.488542	Eb4	63	69	436	34.250000	Eb4	63	80	
437	36.597917	B3	59	70	438	34.375000	B3	59	80	
438	36.737500	C#4	61	66	440	34.500000	C#4	61	80	
439	36.742708	A4	69	78	439	34.500000	A4	69	80	
440	36.875000	Eb4	63	62	441	34.625000	Eb4	63	80	
441	37.010417	E4	64	59	443	34.750000	E4	64	80	
442	37.018750	G#4	68	76	442	34.750000	G#4	68	80	
443	37.140625	C#4	61	57	444	34.875000	C#4	61	80	
444	37.272917	A3	57	62	446	35.000000	A3	57	80	
445	37.295833	C#5	73	71	445	35.000000	C#5	73	80	
446	37.407292	G#3	56	62	448	35.125000	G#3	56	80	
447	37.417708	B4	71	72	447	35.125000	B4	71	80	
448	37.540625	A3	57	64	450	35.250000	A3	57	80	
449	37.551042	A4	69	72	449	35.250000	A4	69	80	
450	37.668750	G#4	68	72	451	35.375000	G#4	68	80	
451	37.670833	B3	59	63	452	35.375000	B3	59	80	
452	37.801042	A3	57	63	454	35.500000	A3	57	80	
453	37.814583	F#4	66	68	453	35.500000	F#4	66	80	
454	37.934375	G#3	56	62	455	35.625000	G#3	56	80	
455	38.054167	A3	57	58	456	35.750000	A3	57	80	
456	38.204167	B3	59	60	457	35.875000	B3	59	80	
457	38.328125	G#3	56	62	458	36.000000	G#3	56	80	
458	38.457292	F#3	54	60	459	36.125000	F#3	54	80	
459	38.583333	G#3	56	65	461	36.250000	G#3	56	80	
460	38.597917	E4	64	49	460	36.250000	E4	64	80	
461	38.706250	A3	57	61	463	36.375000	A3	57	80	
462	38.713542	Eb4	63	58	462	36.375000	Eb4	63	80	
463	38.834375	G#3	56	69	465	36.500000	G#3	56	80	
464	38.843750	E4	64	55	464	36.500000	E4	64	80	
465	38.971875	F#4	66	60	466	36.625000	F#4	66	80	
466	39.103125	G#4	68	64	467	36.750000	G#4	68	80	
467	39.115625	E3	52	68	469	36.750000	E3	52	80	
468	39.119792	B3	59	66	468	36.750000	B3	59	80	
469	39.243750	E4	64	56	470	36.875000	E4	64	80	
470	39.408333	F#3	54	77	472	37.000000	F#3	54	80	
471	39.412500	C#4	61	61	471	37.000000	C#4	61	80	
472	39.555208	G#4	68	66	473	37.125000	G#4	68	80	
473	39.703125	F#4	66	63	474	37.250000	F#4	66	80	
474	39.704167	A3	57	61	475	37.250000	A3	57	80	
475	39.840625	G#3	56	64	477	37.375000	G#3	56	80	
476	39.842708	E4	64	58	476	37.375000	E4	64	80	
477	39.969792	A3	57	67	479	37.500000	A3	57	80	
478	39.977083	Eb4	63	67	478	37.500000	Eb4	63	80	
479	40.107292	B2	47	69	481	37.625000	B2	47	80	
480	40.120833	C#4	61	63	480	37.625000	C#4	61	80	
481	40.248958	C#3	49	70	483	37.750000	C#3	49	80	
482	40.248958	B3	59	72	482	37.750000	B3	59	80	
483	40.368750	Eb3	51	69	485	37.875000	Eb3	51	80	
484	40.391667	A3	57	64	484	37.875000	A3	57	80	
485	40.504167	E3	52	70	487	38.000000	E3	52	80	
486	40.519792	G#3	56	75	486	38.000000	G#3	56	80	
487	40.635417	Eb3	51	69	489	38.125000	Eb3	51	80	
488	40.654167	B3	59	72	488	38.125000	B3	59	80	
489	40.780208	E3	52	71	491	38.250000	E3	52	80	
490	40.785417	C#4	61	74	490	38.250000	C#4	61	80	
491	40.906250	F#3	54	79	493	38.375000	F#3	54	80	
492	40.908333	Eb4	63	80	492	38.375000	Eb4	63	80	
493	41.042708	E4	64	81	494	38.500000	E4	64	80	
494	41.046875	G#3	56	80	495	38.500000	G#3	56	80	
495	41.171875	A3	57	78	497	38.625000	A3	57	80	
496	41.172917	F#4	66	81	496	38.625000	F#4	66	80	
497	41.300000	G#4	68	82	498	38.750000	G#4	68	80	
498	41.305208	B3	59	78	499	38.750000	B3	59	80	
499	41.418750	E4	64	84	500	38.875000	E4	64	80	
500	41.429167	G#3	56	73	501	38.875000	G#3	56	80	
501	41.568750	C#5	73	89	502	39.000000	C#5	73	80	
502	41.571875	E3	52	66	503	39.000000	E3	52	80	
503	41.705208	Eb3	51	66	504	39.125000	Eb3	51	80	
504	41.867708	E3	52	61	505	39.250000	E3	52	80	
505	41.977083	F#3	54	70	506	39.375000	F#3	54	80	
506	42.108333	Eb3	51	60	*	-1	*	-1	-1	
507	42.150000	E3	52	56	507	39.500000	E3	52	80	
508	42.240625	Eb3	51	74	509	39.625000	Eb3	51	80	
509	42.252083	F#4	66	69	508	39.625000	F#4	66	80	
510	42.368750	E3	52	72	511	39.750000	E3	52	80	
511	42.381250	G#4	68	81	510	39.750000	G#4	68	80	
512	42.505208	F#3	54	73	513	39.875000	F#3	54	80	
513	42.509375	Bb4	70	83	512	39.875000	Bb4	70	80	
514	42.629167	Eb3	51	78	515	40.000000	Eb3	51	80	
515	42.640625	B4	71	84	514	40.000000	B4	71	80	
516	42.771875	Bb4	70	85	516	40.125000	Bb4	70	80	
517	42.898958	F#3	54	82	518	40.250000	F#3	54	80	
518	42.915625	B4	71	83	517	40.250000	B4	71	80	
519	43.037500	C#5	73	83	519	40.375000	C#5	73	80	
520	43.171875	B2	47	80	521	40.500000	B2	47	80	
521	43.173958	Eb5	75	86	520	40.500000	Eb5	75	80	
522	43.296875	E5	76	81	522	40.625000	E5	76	80	
523	43.430208	F#5	78	86	523	40.750000	F#5	78	80	
524	43.436458	E4	64	91	524	40.750000	E4	64	80	
525	43.443750	E3	52	84	525	40.750000	E3	52	80	
526	43.548958	G#5	80	90	526	40.875000	G#5	80	80	
527	43.701042	F#4	66	97	528	41.000000	F#4	66	80	
528	43.715625	A4	69	82	527	41.000000	A4	69	80	
529	43.857292	G#4	68	69	529	41.125000	G#4	68	80	
530	44.002083	A4	69	80	530	41.250000	A4	69	80	
531	44.122917	B4	71	88	532	41.375000	B4	71	80	
532	44.125000	C#3	49	73	533	41.375000	C#3	49	80	
533	44.235417	Eb3	51	88	535	41.500000	Eb3	51	80	
534	44.246875	A4	69	84	534	41.500000	A4	69	80	
535	44.380208	G#4	68	86	536	41.625000	G#4	68	80	
536	44.385417	B3	59	79	537	41.625000	B3	59	80	
537	44.514583	B3	59	100	540	41.750000	B3	59	80	
538	44.516667	C#4	61	80	539	41.750000	C#4	61	80	
539	44.518750	A4	69	86	538	41.750000	A4	69	80	
540	44.655208	Eb4	63	76	542	41.875000	Eb4	63	80	
541	44.655208	B4	71	81	541	41.875000	B4	71	80	
542	44.801042	C#4	61	88	545	42.000000	C#4	61	80	
543	44.810417	E4	64	78	544	42.000000	E4	64	80	
544	44.811458	G#4	68	83	543	42.000000	G#4	68	80	
545	44.939583	F#4	66	80	546	42.125000	F#4	66	80	
546	44.946875	Eb4	63	74	547	42.125000	Eb4	63	80	
547	45.080208	G#4	68	85	548	42.250000	G#4	68	80	
548	45.088542	E4	64	83	549	42.250000	E4	64	80	
549	45.198958	A4	69	86	550	42.375000	A4	69	80	
550	45.206250	F#4	66	87	551	42.375000	F#4	66	80	
551	45.332292	B4	71	89	552	42.500000	B4	71	80	
552	45.340625	G#4	68	71	553	42.500000	G#4	68	80	
553	45.458333	C#5	73	88	554	42.625000	C#5	73	80	
554	45.593750	G#3	56	63	558	42.750000	G#3	56	80	
555	45.601042	D5	74	94	556	42.750000	D5	74	80	
556	45.614583	B4	71	88	557	42.750000	B4	71	80	
557	45.752083	G#4	68	76	559	42.875000	G#4	68	80	
558	45.890625	A3	57	67	561	43.000000	A3	57	80	
559	45.893750	E4	64	80	560	43.000000	E4	64	80	
560	46.028125	Eb4	63	84	562	43.125000	Eb4	63	80	
561	46.134375	G#3	56	62	565	43.250000	G#3	56	80	
562	46.150000	C#5	73	94	563	43.250000	C#5	73	80	
563	46.165625	E4	64	69	564	43.250000	E4	64	80	
564	46.291667	F#4	66	71	567	43.375000	F#4	66	80	
565	46.291667	B4	71	79	566	43.375000	B4	71	80	
566	46.421875	A3	57	73	570	43.500000	A3	57	80	
567	46.427083	C#5	73	97	568	43.500000	C#5	73	80	
568	46.441667	E4	64	77	569	43.500000	E4	64	80	
569	46.565625	Eb4	63	78	571	43.625000	Eb4	63	80	
570	46.701042	E4	64	67	572	43.750000	E4	64	80	
571	46.726042	E3	52	47	573	43.750000	E3	52	80	
572	46.819792	F#4	66	71	574	43.875000	F#4	66	80	
573	46.958333	Eb4	63	72	575	44.000000	Eb4	63	80	
574	46.961458	F#3	54	70	576	44.000000	F#3	54	80	
575	47.095833	C#4	61	72	577	44.125000	C#4	61	80	
576	47.225000	Eb4	63	69	578	44.250000	Eb4	63	80	
577	47.245833	A3	57	54	579	44.250000	Eb3	51	80	
578	47.345833	E4	64	74	580	44.375000	E4	64	80	
579	47.484375	B4	71	85	581	44.500000	B4	71	80	
580	47.493750	F#4	66	70	582	44.500000	F#4	66	80	
581	47.494792	G#3	56	69	583	44.500000	G#3	56	80	
582	47.621875	G#4	68	71	584	44.625000	G#4	68	80	
583	47.757292	A4	69	66	585	44.750000	A4	69	80	
584	47.766667	F#3	54	62	586	44.750000	F#3	54	80	
585	47.886458	F#4	66	64	587	44.875000	F#4	66	80	
586	48.019792	D4	62	62	588	45.000000	D4	62	80	
587	48.029167	E3	52	59	589	45.000000	E3	52	80	
588	48.144792	C#4	61	66	590	45.125000	C#4	61	80	
589	48.277083	D4	62	60	591	45.250000	D4	62	80	
590	48.286458	F#3	54	58	592	45.250000	F#3	54	80	
591	48.409375	E4	64	63	593	45.375000	E4	64	80	
592	48.536458	B4	71	85	594	45.500000	B4	71	80	
593	48.540625	G#3	56	64	596	45.500000	G#3	56	80	
594	48.552083	D4	62	64	595	45.500000	D4	62	80	
595	48.685417	C#4	61	63	597	45.625000	C#4	61	80	
596	48.812500	D4	62	61	598	45.750000	D4	62	80	
597	48.820833	E3	52	53	599	45.750000	E3	52	80	
598	48.940625	E4	64	65	600	45.875000	E4	64	80	
599	49.080208	C#4	61	65	601	46.000000	C#4	61	80	
600	49.091667	A3	57	68	602	46.000000	A3	57	80	
601	49.200000	B3	59	67	603	46.125000	B3	59	80	
602	49.344792	B3	59	76	605	46.250000	B3	59	80	
603	49.344792	C#4	61	59	604	46.250000	C#4	61	80	
604	49.462500	D4	62	66	606	46.375000	D4	62	80	
605	49.598958	C#4	61	74	609	46.500000	C#4	61	80	
606	49.598958	E4	64	69	608	46.500000	E4	64	80	
607	49.607292	A4	69	68	607	46.500000	A4	69	80	
608	49.732292	F#4	66	58	610	46.625000	F#4	66	80	
609	49.875000	G#4	68	57	611	46.750000	G#4	68	80	
610	49.878125	B3	59	63	612	46.750000	B3	59	80	
611	49.990625	E4	64	58	613	46.875000	E4	64	80	
612	50.126042	C#4	61	60	614	47.000000	C#4	61	80	
613	50.144792	A3	57	50	615	47.000000	A3	57	80	
614	50.256250	B3	59	61	616	47.125000	B3	59	80	
615	50.382292	E3	52	54	618	47.250000	E3	52	80	
616	50.382292	C#4	61	57	617	47.250000	C#4	61	80	
617	50.508333	D4	62	62	619	47.375000	D4	62	80	
618	50.635417	A4	69	74	620	47.500000	A4	69	80	
619	50.637500	F#3	54	59	622	47.500000	F#3	54	80	
620	50.657292	C#4	61	59	621	47.500000	C#4	61	80	
621	50.780208	B3	59	56	623	47.625000	B3	59	80	
622	50.893750	C#3	49	58	625	47.750000	C#3	49	80	
623	50.925000	C#4	61	51	624	47.750000	C#4	61	80	
624	51.039583	D4	62	59	626	47.875000	D4	62	80	
625	51.167708	Eb3	51	49	628	48.000000	Eb3	51	80	
626	51.190625	B3	59	49	627	48.000000	B3	59	80	
627	51.318750	A3	57	58	629	48.125000	A3	57	80	
628	51.426042	B2	47	54	631	48.250000	B2	47	80	
629	51.439583	B3	59	64	630	48.250000	B3	59	80	
630	51.572917	C#4	61	65	632	48.375000	C#4	61	80	
631	51.689583	B3	59	56	634	48.500000	B3	59	80	
632	51.697917	G#4	68	71	633	48.500000	G#4	68	80	
633	51.703125	E3	52	47	635	48.500000	E3	52	80	
634	51.802083	A3	57	63	636	48.625000	A3	57	80	
635	51.958333	E5	76	87	637	48.750000	E5	76	80	
636	51.973958	B3	59	60	638	48.750000	B3	59	80	
637	52.100000	C#4	61	58	639	48.875000	C#4	61	80	
638	52.235417	F#5	78	90	640	49.000000	F#5	78	80	
639	52.245833	A3	57	61	641	49.000000	A3	57	80	
640	52.385417	G#3	56	61	642	49.125000	G#3	56	80	
641	52.525000	A3	57	65	643	49.250000	A3	57	80	
642	52.647917	B3	59	73	644	49.375000	B3	59	80	
643	52.779167	Eb3	51	68	646	49.500000	Eb3	51	80	
644	52.782292	A3	57	68	645	49.500000	A3	57	80	
645	52.921875	G#3	56	66	648	49.625000	G#3	56	80	
646	52.923958	B4	71	65	647	49.625000	B4	71	80	
647	53.040625	C#5	73	74	649	49.750000	C#5	73	80	
648	53.044792	A3	57	59	650	49.750000	A3	57	80	
649	53.167708	Eb5	75	80	651	49.875000	Eb5	75	80	
650	53.169792	B3	59	72	652	49.875000	B3	59	80	
651	53.304167	E5	76	77	653	50.000000	E5	76	80	
652	53.305208	G#3	56	73	654	50.000000	G#3	56	80	
653	53.427083	Eb5	75	84	655	50.125000	Eb5	75	80	
654	53.563542	E5	76	85	656	50.250000	E5	76	80	
655	53.578125	B3	59	69	657	50.250000	B3	59	80	
656	53.692708	F#5	78	84	658	50.375000	F#5	78	80	
657	53.831250	G#5	80	87	659	50.500000	G#5	80	80	
658	53.833333	C#3	49	80	661	50.500000	C#3	49	80	
659	53.834375	E3	52	69	660	50.500000	E3	52	80	
660	53.959375	A5	81	89	662	50.625000	A5	81	80	
661	54.102083	B5	83	86	663	50.750000	B5	83	80	
662	54.113542	G#3	56	81	664	50.750000	G#3	56	80	
663	54.235417	G#5	80	87	665	50.875000	G#5	80	80	
664	54.362500	F#2	42	89	667	51.000000	F#2	42	80	
665	54.379167	A5	81	91	666	51.000000	A5	81	80	
666	54.507292	G#5	80	85	668	51.125000	G#5	80	80	
667	54.651042	A5	81	90	669	51.250000	A5	81	80	
668	54.658333	F#3	54	76	670	51.250000	F#3	54	80	
669	54.772917	C#3	49	80	672	51.375000	C#3	49	80	
670	54.778125	B5	83	91	671	51.375000	B5	83	80	
671	54.904167	Eb3	51	82	674	51.500000	Eb3	51	80	
672	54.909375	A5	81	93	673	51.500000	A5	81	80	
673	55.036458	G#5	80	94	675	51.625000	G#5	80	80	
674	55.187500	A5	81	91	676	51.750000	A5	81	80	
675	55.188542	B2	47	79	677	51.750000	B2	47	80	
676	55.309375	B5	83	88	678	51.875000	B5	83	80	
677	55.447917	G#5	80	90	679	52.000000	G#5	80	80	
678	55.457292	E3	52	73	680	52.000000	E3	52	80	
679	55.584375	F#5	78	84	681	52.125000	F#5	78	80	
680	55.710417	B2	47	78	683	52.250000	B2	47	80	
681	55.718750	G#5	80	86	682	52.250000	G#5	80	80	
682	55.842708	A5	81	86	684	52.375000	A5	81	80	
683	55.977083	E3	52	74	686	52.500000	E3	52	80	
684	55.977083	G#5	80	79	685	52.500000	G#5	80	80	
685	55.981250	C#3	49	82	687	52.500000	C#3	49	80	
686	56.097917	F#5	78	83	688	52.625000	F#5	78	80	
687	56.237500	G#2	44	85	690	52.750000	G#2	44	80	
688	56.238542	E5	76	77	689	52.750000	E5	76	80	
689	56.373958	Eb5	75	77	691	52.875000	Eb5	75	80	
690	56.521875	E3	52	76	*	-1	*	-1	-1	
691	56.523958	A2	45	77	693	53.000000	A2	45	80	
692	56.526042	C#5	73	82	692	53.000000	C#5	73	80	
693	56.646875	B4	71	81	694	53.125000	B4	71	80	
694	56.781250	C#5	73	81	695	53.250000	C#5	73	80	
695	56.789583	E4	64	77	696	53.250000	E4	64	80	
696	56.895833	E2	40	71	698	53.375000	E2	40	80	
697	56.905208	D5	74	85	697	53.375000	D5	74	80	
698	57.034375	A4	69	89	700	53.500000	A4	69	80	
699	57.037500	F#2	42	94	701	53.500000	F#2	42	80	
700	57.037500	C#5	73	85	699	53.500000	C#5	73	80	
701	57.176042	B4	71	80	702	53.625000	B4	71	80	
702	57.309375	C#2	37	87	704	53.750000	C#2	37	80	
703	57.327083	C#5	73	81	703	53.750000	C#5	73	80	
704	57.454167	D5	74	77	705	53.875000	D5	74	80	
705	57.584375	Eb2	39	89	707	54.000000	Eb2	39	80	
706	57.593750	B4	71	84	706	54.000000	B4	71	80	
707	57.730208	C#5	73	84	708	54.125000	C#5	73	80	
708	57.868750	Eb5	75	94	709	54.250000	Eb5	75	80	
709	57.884375	B3	59	84	710	54.250000	B3	59	80	
710	58.027083	B4	71	80	711	54.375000	B4	71	80	
711	58.197917	E5	76	90	712	54.500000	E5	76	80	
712	58.202083	C#4	61	80	714	54.500000	C#4	61	80	
713	58.217708	G#4	68	77	713	54.500000	G#4	68	80	
714	58.358333	E4	64	73	715	54.625000	E4	64	80	
715	58.492708	F#4	66	78	716	54.750000	F#4	66	80	
716	58.626042	G#4	68	87	717	54.875000	G#4	68	80	
717	58.761458	A4	69	90	718	55.000000	A4	69	80	
718	58.897917	B4	71	90	719	55.125000	B4	71	80	
719	58.903125	F#3	54	82	720	55.125000	F#3	54	80	
720	59.037500	G#3	56	88	722	55.250000	G#3	56	80	
721	59.052083	C#5	73	86	721	55.250000	C#5	73	80	
722	59.184375	A3	57	88	723	55.375000	A3	57	80	
723	59.344792	Eb5	75	96	724	55.500000	Eb5	75	80	
724	59.363542	B3	59	82	725	55.500000	B3	59	80	
725	59.522917	C#5	73	82	726	55.625000	C#5	73	80	
726	59.716667	B4	71	81	727	55.750000	B4	71	80	
727	59.726042	B2	47	76	728	55.750000	B2	47	80	
728	59.919792	A4	69	88	729	55.875000	A4	69	80	
729	60.310417	E5	76	90	731	56.000000	E5	76	80	
730	60.327083	E2	40	43	732	56.000000	E2	40	80	
731	60.930208	G#4	68	79	730	56.000000	G#4	68	80	
732	61.316667	F#4	66	74	*	-1	*	-1	-1	
733	61.736458	G#4	68	67	*	-1	*	-1	-1	
734	61.807292	F#4	66	58	*	-1	*	-1	-1	
735	61.858333	G#4	68	71	*	-1	*	-1	-1	
*	-1	*	-1	-1	12	2.750000	B4	71	80	
*	-1	*	-1	-1	531	41.250000	Eb3	51	80	
*	-1	*	-1	-1	555	42.625000	A4	69	80	
