// alignID alignOntime alignSitch alignPitch alignOnvel refID refOntime refSitch refPitch refOnvel
0	1.087240	D4	62	45	0	0.000000	D4	62	80	
1	1.100260	B2	47	42	1	0.000000	B2	47	80	
2	1.343750	F#4	66	46	2	0.208334	F#4	66	80	
3	1.552083	D3	50	55	4	0.416667	D3	50	80	
4	1.554688	B3	59	52	3	0.416667	B3	59	80	
5	1.774740	C#4	61	63	5	0.625001	C#4	61	80	
6	1.996094	F#3	54	63	7	0.833334	F#3	54	80	
7	1.996094	D4	62	67	6	0.833334	D4	62	80	
8	2.209635	F#4	66	65	8	1.041667	F#4	66	80	
9	2.421875	B3	59	62	9	1.250001	B3	59	80	
10	2.523438	G3	55	67	10	1.354168	G3	55	80	
11	2.625000	F#3	54	61	12	1.458335	F#3	54	80	
12	2.625000	D4	62	59	11	1.458335	D4	62	80	
13	2.722656	F3	53	65	13	1.562501	F3	53	80	
14	2.847656	C#4	61	64	14	1.666668	C#4	61	80	
15	2.858073	F#3	54	62	15	1.666668	F#3	54	80	
16	3.079427	F#4	66	63	16	1.875001	F#4	66	80	
17	3.295573	G4	67	60	17	2.083335	G4	67	80	
18	3.309896	Bb2	46	54	18	2.083335	Bb2	46	80	
19	3.419271	F#4	66	54	19	2.187502	F#4	66	80	
20	3.502604	F4	65	68	20	2.291669	F4	65	80	
21	3.597656	F#4	66	73	21	2.395835	F#4	66	80	
22	3.716146	C#3	49	53	23	2.500002	C#3	49	80	
23	3.727865	Bb4	70	67	22	2.500002	Bb4	70	80	
24	3.958333	F#4	66	69	24	2.708336	F#4	66	80	
25	4.208333	F#3	54	48	26	2.916669	F#3	54	80	
26	4.209635	C#5	73	66	25	2.916669	C#5	73	80	
27	4.420573	E4	64	67	27	3.125002	E4	64	80	
28	4.673177	D4	62	63	28	3.333336	D4	62	80	
29	4.677083	B2	47	62	29	3.333336	B2	47	80	
30	4.907552	F#4	66	66	30	3.541670	F#4	66	80	
31	5.117188	B3	59	66	31	3.750003	B3	59	80	
32	5.131510	D3	50	55	32	3.750003	D3	50	80	
33	5.337240	C#4	61	69	33	3.958337	C#4	61	80	
34	5.561198	F#3	54	62	35	4.166670	F#3	54	80	
35	5.563802	D4	62	63	34	4.166670	D4	62	80	
36	5.789062	F#4	66	60	36	4.375004	F#4	66	80	
37	6.000000	B3	59	59	37	4.583337	B3	59	80	
38	6.092448	G3	55	60	38	4.687504	G3	55	80	
39	6.182292	F#3	54	56	40	4.791671	F#3	54	80	
40	6.214844	D4	62	54	39	4.791671	D4	62	80	
41	6.285156	F3	53	61	41	4.895837	F3	53	80	
42	6.419271	C#4	61	59	42	5.000004	C#4	61	80	
43	6.432292	F#3	54	60	43	5.000004	F#3	54	80	
44	6.652344	F#4	66	54	44	5.208337	F#4	66	80	
45	6.886719	C#4	61	52	45	5.416671	C#4	61	80	
46	6.906250	F#2	42	41	46	5.416671	F#2	42	80	
47	7.105469	Bb3	58	56	47	5.625005	Bb3	58	80	
48	7.348958	F#3	54	55	48	5.833338	F#3	54	80	
49	7.570312	E3	52	59	49	6.041672	E3	52	80	
50	7.799479	D3	50	58	50	6.250005	D3	50	80	
51	8.028646	C#3	49	61	51	6.458338	C#3	49	80	
52	8.253906	D3	50	61	52	6.666672	D3	50	80	
53	8.460938	F#3	54	59	53	6.875006	F#3	54	80	
54	8.721354	D5	74	63	54	7.083339	D5	74	80	
55	8.733073	B2	47	47	55	7.083339	B2	47	80	
56	8.933594	C#3	49	54	56	7.291672	C#3	49	80	
57	9.177083	B4	71	62	57	7.500006	B4	71	80	
58	9.182292	D3	50	50	58	7.500006	D3	50	80	
59	9.394531	F#3	54	50	59	7.708340	F#3	54	80	
60	9.615885	F#4	66	58	60	7.916673	F#4	66	80	
61	9.625000	B2	47	51	61	7.916673	B2	47	80	
62	9.839844	D3	50	61	62	8.125006	D3	50	80	
63	10.067708	C#3	49	65	63	8.333340	C#3	49	80	
64	10.265625	F#3	54	67	64	8.541673	F#3	54	80	
65	10.506510	E5	76	68	65	8.750007	E5	76	80	
66	10.509115	G3	55	66	66	8.750007	G3	55	80	
67	10.615885	F#3	54	60	67	8.854174	F#3	54	80	
68	10.694010	F3	53	68	68	8.958341	F3	53	80	
69	10.822917	F#3	54	65	69	9.062507	F#3	54	80	
70	10.950521	C#5	73	67	70	9.166674	C#5	73	80	
71	10.951823	Bb3	58	63	71	9.166674	Bb3	58	80	
72	11.169271	F#3	54	60	72	9.375008	F#3	54	80	
73	11.389323	F#4	66	66	73	9.583341	F#4	66	80	
74	11.401042	C#4	61	59	74	9.583341	C#4	61	80	
75	11.608073	E3	52	66	75	9.791675	E3	52	80	
76	11.841146	D3	50	68	76	10.000008	D3	50	80	
77	12.055990	F#3	54	62	77	10.208341	F#3	54	80	
78	12.321615	F#5	78	74	78	10.416675	F#5	78	80	
79	12.325521	B2	47	52	79	10.416675	B2	47	80	
80	12.553385	C#3	49	59	80	10.625008	C#3	49	80	
81	12.781250	D3	50	58	81	10.833342	D3	50	80	
82	12.996094	F#3	54	55	83	11.041676	F#3	54	80	
83	12.996094	E5	76	61	82	11.041676	E5	76	80	
84	13.096354	D5	74	63	84	11.145842	D5	74	80	
85	13.204427	B2	47	51	86	11.250009	B2	47	80	
86	13.216146	E5	76	58	85	11.250009	E5	76	80	
87	13.320312	D5	74	63	87	11.354176	D5	74	80	
88	13.404948	D3	50	49	89	11.458343	D3	50	80	
89	13.412760	C#5	73	67	88	11.458343	C#5	73	80	
90	13.516927	B4	71	68	90	11.562509	B4	71	80	
91	13.667969	B4	71	57	91	11.666676	B4	71	80	
92	13.671875	C#3	49	51	92	11.666676	C#3	49	80	
93	13.899740	F#3	54	55	93	11.875010	F#3	54	80	
94	14.119792	Bb4	70	53	94	12.083343	Bb4	70	80	
95	14.144531	C#3	49	43	95	12.083343	C#3	49	80	
96	14.351562	Bb2	46	50	96	12.291676	Bb2	46	80	
97	14.613281	F#2	42	45	97	12.500010	F#2	42	80	
98	14.856771	E4	64	44	98	12.708343	E4	64	80	
99	14.971354	D4	62	48	99	12.812510	D4	62	80	
100	15.074219	C#4	61	57	100	12.916677	C#4	61	80	
101	15.076823	Bb3	58	44	101	12.916677	Bb3	58	80	
102	15.183594	D4	62	54	102	13.020844	D4	62	80	
103	15.302083	E4	64	51	103	13.125011	E4	64	80	
104	15.569010	D4	62	53	104	13.333344	D4	62	80	
105	15.574219	B2	47	36	105	13.333344	B2	47	80	
106	15.851562	B4	71	53	106	13.541678	B4	71	80	
107	15.947917	C#5	73	66	107	13.645844	C#5	73	80	
108	16.075521	D5	74	67	108	13.750011	D5	74	80	
109	16.084635	B3	59	52	109	13.750011	B3	59	80	
110	16.183594	C#5	73	70	110	13.854178	C#5	73	80	
111	16.319010	B4	71	65	111	13.958345	B4	71	80	
112	16.528646	C#4	61	58	112	14.166678	C#4	61	80	
113	16.773438	F#5	78	72	113	14.375012	F#5	78	80	
114	16.998698	Eb4	63	62	114	14.583345	Eb4	63	80	
115	17.227865	A4	69	67	115	14.791678	A4	69	80	
116	17.462240	E4	64	63	116	15.000012	E4	64	80	
117	17.684896	B4	71	60	117	15.208346	B4	71	80	
118	17.796875	A4	69	72	118	15.312512	A4	69	80	
119	17.916667	G#4	68	68	119	15.416679	G#4	68	80	
120	17.921875	E3	52	48	120	15.416679	E3	52	80	
121	18.024740	A4	69	67	121	15.520846	A4	69	80	
122	18.157552	B4	71	56	122	15.625013	B4	71	80	
123	18.385417	F#3	54	48	123	15.833346	F#3	54	80	
124	18.617188	D4	62	55	124	16.041680	D4	62	80	
125	18.852865	G#3	56	47	125	16.250013	G#3	56	80	
126	19.067708	B4	71	52	126	16.458347	B4	71	80	
127	19.347656	A2	45	44	128	16.666680	A2	45	80	
128	19.347656	C#4	61	50	127	16.666680	C#4	61	80	
129	19.582031	A4	69	64	129	16.875014	A4	69	80	
130	19.682292	B4	71	63	130	16.979180	B4	71	80	
131	19.820312	C#5	73	65	131	17.083347	C#5	73	80	
132	19.833333	A3	57	56	132	17.083347	A3	57	80	
133	19.921875	B4	71	64	133	17.187514	B4	71	80	
134	20.055990	A4	69	65	134	17.291681	A4	69	80	
135	20.279948	B3	59	60	135	17.500014	B3	59	80	
136	20.515625	E5	76	70	136	17.708348	E5	76	80	
137	20.744792	C#4	61	60	137	17.916681	C#4	61	80	
138	20.964844	G4	67	69	138	18.125014	G4	67	80	
139	21.213542	D4	62	65	139	18.333348	D4	62	80	
140	21.437500	A4	69	64	140	18.541681	A4	69	80	
141	21.548177	G4	67	65	141	18.645848	G4	67	80	
142	21.661458	F#4	66	70	142	18.750015	F#4	66	80	
143	21.671875	D3	50	50	143	18.750015	D3	50	80	
144	21.776042	G4	67	67	144	18.854182	G4	67	80	
145	21.911458	A4	69	61	145	18.958348	A4	69	80	
146	22.148438	E3	52	55	146	19.166682	E3	52	80	
147	22.373698	C#4	61	57	147	19.375015	C#4	61	80	
148	22.596354	F#3	54	54	148	19.583349	F#3	54	80	
149	22.850260	A4	69	54	149	19.791683	A4	69	80	
150	23.110677	B3	59	55	150	20.000016	B3	59	80	
151	23.128906	G2	43	47	151	20.000016	G2	43	80	
152	23.367188	F#4	66	60	152	20.208350	F#4	66	80	
153	23.588542	B2	47	58	153	20.416683	B2	47	80	
154	23.842448	A4	69	63	154	20.625017	A4	69	80	
155	24.069010	D3	50	63	155	20.833350	D3	50	80	
156	24.290365	G4	67	60	156	21.041684	G4	67	80	
157	24.391927	F#4	66	66	157	21.145850	F#4	66	80	
158	24.507812	G4	67	59	158	21.250017	G4	67	80	
159	24.518229	E3	52	61	159	21.250017	E3	52	80	
160	24.614583	F#4	66	69	160	21.354184	F#4	66	80	
161	24.733073	E4	64	65	161	21.458351	E4	64	80	
162	24.830729	D4	62	71	162	21.562517	D4	62	80	
163	24.972656	C#4	61	67	163	21.666684	C#4	61	80	
164	24.973958	A2	45	51	164	21.666684	A2	45	80	
165	25.227865	G4	67	64	165	21.875018	G4	67	80	
166	25.434896	C#3	49	60	166	22.083351	C#3	49	80	
167	25.679688	B4	71	68	167	22.291684	B4	71	80	
168	25.907552	E3	52	63	168	22.500018	E3	52	80	
169	26.110677	A4	69	67	169	22.708351	A4	69	80	
170	26.214844	G4	67	68	170	22.812518	G4	67	80	
171	26.319010	F#3	54	57	172	22.916685	F#3	54	80	
172	26.322917	A4	69	72	171	22.916685	A4	69	80	
173	26.440104	G4	67	70	173	23.020852	G4	67	80	
174	26.544271	F#4	66	70	174	23.125018	F#4	66	80	
175	26.631510	E4	64	71	175	23.229185	E4	64	80	
176	26.783854	B2	47	59	177	23.333352	B2	47	80	
177	26.787760	D4	62	70	176	23.333352	D4	62	80	
178	27.040365	A4	69	70	178	23.541685	A4	69	80	
179	27.250000	D3	50	66	179	23.750019	D3	50	80	
180	27.501302	C5	72	74	180	23.958353	C5	72	80	
181	27.738281	F#3	54	73	181	24.166686	F#3	54	80	
182	27.960938	B4	71	66	182	24.375020	B4	71	80	
183	28.061198	A4	69	77	183	24.479186	A4	69	80	
184	28.182292	B4	71	71	184	24.583353	B4	71	80	
185	28.188802	G3	55	62	185	24.583353	G3	55	80	
186	28.296875	A4	69	77	186	24.687520	A4	69	80	
187	28.401042	G4	67	74	187	24.791687	G4	67	80	
188	28.493490	F#4	66	80	188	24.895853	F#4	66	80	
189	28.643229	C#3	49	58	190	25.000020	C#3	49	80	
190	28.647135	E4	64	73	189	25.000020	E4	64	80	
191	28.919271	B4	71	70	191	25.208354	B4	71	80	
192	29.143229	E3	52	66	192	25.416687	E3	52	80	
193	29.378906	D5	74	67	193	25.625021	D5	74	80	
194	29.619792	G3	55	58	194	25.833354	G3	55	80	
195	29.859375	C#5	73	61	195	26.041688	C#5	73	80	
196	29.966146	B4	71	67	196	26.145854	B4	71	80	
197	30.082031	C#5	73	69	197	26.250021	C#5	73	80	
198	30.089844	A3	57	57	198	26.250021	A3	57	80	
199	30.191406	B4	71	67	199	26.354188	B4	71	80	
200	30.302083	A4	69	73	200	26.458355	A4	69	80	
201	30.411458	G4	67	68	201	26.562521	G4	67	80	
202	30.591146	D3	50	58	203	26.666688	D3	50	80	
203	30.605469	F#4	66	68	202	26.666688	F#4	66	80	
204	30.876302	A4	69	62	204	26.875021	A4	69	80	
205	31.098958	F#3	54	60	206	27.083355	F#3	54	80	
206	31.098958	D4	62	67	205	27.083355	D4	62	80	
207	31.329427	E4	64	67	207	27.291688	E4	64	80	
208	31.557292	A3	57	60	209	27.500022	A3	57	80	
209	31.566406	F#4	66	72	208	27.500022	F#4	66	80	
210	31.799479	A4	69	63	210	27.708355	A4	69	80	
211	32.013021	D4	62	67	211	27.916689	D4	62	80	
212	32.108073	B3	59	60	212	28.020856	B3	59	80	
213	32.205729	A3	57	60	214	28.125023	A3	57	80	
214	32.222656	F#4	66	63	213	28.125023	F#4	66	80	
215	32.325521	G#3	56	63	215	28.229189	G#3	56	80	
216	32.451823	E4	64	59	216	28.333356	E4	64	80	
217	32.457031	A3	57	65	217	28.333356	A3	57	80	
218	32.718750	A4	69	62	218	28.541690	A4	69	80	
219	32.927083	C#3	49	49	220	28.750023	C#3	49	80	
220	32.934896	B4	71	62	219	28.750023	B4	71	80	
221	33.031250	A4	69	69	221	28.854190	A4	69	80	
222	33.131510	G#4	68	72	222	28.958357	G#4	68	80	
223	33.233073	A4	69	68	223	29.062523	A4	69	80	
224	33.358073	C#5	73	67	224	29.166690	C#5	73	80	
225	33.364583	E3	52	52	225	29.166690	E3	52	80	
226	33.610677	A4	69	66	226	29.375024	A4	69	80	
227	33.860677	A3	57	52	228	29.583357	A3	57	80	
228	33.869792	E5	76	63	227	29.583357	E5	76	80	
229	34.092448	G4	67	67	229	29.791691	G4	67	80	
230	34.329427	F#4	66	63	230	30.000024	F#4	66	80	
231	34.339844	D3	50	56	231	30.000024	D3	50	80	
232	34.575521	A4	69	64	232	30.208358	A4	69	80	
233	34.786458	D4	62	65	233	30.416691	D4	62	80	
234	34.795573	F#3	54	60	234	30.416691	F#3	54	80	
235	35.014323	E4	64	66	235	30.625025	E4	64	80	
236	35.247396	A3	57	63	237	30.833358	A3	57	80	
237	35.255208	F#4	66	69	236	30.833358	F#4	66	80	
238	35.471354	A4	69	60	238	31.041692	A4	69	80	
239	35.671875	D4	62	58	239	31.250025	D4	62	80	
240	35.815104	B3	59	56	240	31.354192	B3	59	80	
241	35.899740	A3	57	59	242	31.458358	A3	57	80	
242	35.916667	F#4	66	57	241	31.458358	F#4	66	80	
243	36.010417	G#3	56	63	243	31.562525	G#3	56	80	
244	36.132812	A3	57	60	245	31.666692	A3	57	80	
245	36.139323	E4	64	60	244	31.666692	E4	64	80	
246	36.389323	A4	69	55	246	31.875025	A4	69	80	
247	36.625000	A2	45	42	248	32.083359	A2	45	80	
248	36.625000	E4	64	53	247	32.083359	E4	64	80	
249	36.863281	C#4	61	52	249	32.291693	C#4	61	80	
250	37.100260	A3	57	54	250	32.500026	A3	57	80	
251	37.316406	G3	55	54	251	32.708360	G3	55	80	
252	37.546875	F#3	54	62	252	32.916693	F#3	54	80	
253	37.782552	E3	52	64	253	33.125027	E3	52	80	
254	38.014323	F#3	54	60	254	33.333360	F#3	54	80	
255	38.242188	A3	57	55	255	33.541694	A3	57	80	
256	38.471354	A4	69	60	256	33.750027	A4	69	80	
257	38.500000	D3	50	44	257	33.750027	D3	50	80	
258	38.683594	E3	52	56	258	33.958360	E3	52	80	
259	38.901042	B4	71	59	259	34.166694	B4	71	80	
260	38.904948	F#3	54	54	260	34.166694	F#3	54	80	
261	39.001302	A4	69	64	261	34.270861	A4	69	80	
262	39.097656	G#4	68	68	262	34.375028	G#4	68	80	
263	39.128906	A3	57	50	263	34.375028	A3	57	80	
264	39.200521	A4	69	69	264	34.479194	A4	69	80	
265	39.350260	F#5	78	66	265	34.583361	F#5	78	80	
266	39.359375	D3	50	44	266	34.583361	D3	50	80	
267	39.588542	F#3	54	55	267	34.791694	F#3	54	80	
268	39.825521	E3	52	62	268	35.000028	E3	52	80	
269	40.052083	A3	57	62	269	35.208362	A3	57	80	
270	40.253906	A4	69	62	270	35.416695	A4	69	80	
271	40.272135	B3	59	66	271	35.416695	B3	59	80	
272	40.380208	A3	57	60	272	35.520862	A3	57	80	
273	40.470052	G#3	56	64	273	35.625028	G#3	56	80	
274	40.557292	A3	57	68	274	35.729195	A3	57	80	
275	40.692708	B4	71	65	275	35.833362	B4	71	80	
276	40.697917	C#4	61	72	276	35.833362	C#4	61	80	
277	40.800781	A4	69	73	277	35.937529	A4	69	80	
278	40.899740	A3	57	56	279	36.041696	A3	57	80	
279	40.901042	G#4	68	73	278	36.041696	G#4	68	80	
280	40.994792	A4	69	72	280	36.145862	A4	69	80	
281	41.158854	G5	79	73	281	36.250029	G5	79	80	
282	41.160156	E4	64	55	282	36.250029	E4	64	80	
283	41.378906	G3	55	59	283	36.458362	G3	55	80	
284	41.623698	F#3	54	66	284	36.666696	F#3	54	80	
285	41.856771	A3	57	66	285	36.875030	A3	57	80	
286	42.066406	A4	69	69	286	37.083363	A4	69	80	
287	42.087240	D3	50	54	287	37.083363	D3	50	80	
288	42.290365	E3	52	63	288	37.291697	E3	52	80	
289	42.522135	B4	71	67	289	37.500030	B4	71	80	
290	42.536458	F#3	54	52	290	37.500030	F#3	54	80	
291	42.617188	A4	69	70	291	37.604197	A4	69	80	
292	42.717448	G#4	68	73	292	37.708364	G#4	68	80	
293	42.760417	A3	57	53	293	37.708364	A3	57	80	
294	42.816406	A4	69	71	294	37.812530	A4	69	80	
295	42.966146	D3	50	48	296	37.916697	D3	50	80	
296	42.966146	A5	81	72	295	37.916697	A5	81	80	
297	43.178385	F#3	54	51	298	38.125031	F#3	54	80	
298	43.190104	D5	74	62	297	38.125031	D5	74	80	
299	43.445312	D5	74	64	299	38.333364	D5	74	80	
300	43.460938	E3	52	53	300	38.333364	E3	52	80	
301	43.670573	A3	57	55	301	38.541697	A3	57	80	
302	43.894531	E3	52	52	303	38.750031	E3	52	80	
303	43.907552	C#5	73	65	302	38.750031	C#5	73	80	
304	44.123698	C#3	49	51	304	38.958365	C#3	49	80	
305	44.335938	A2	45	54	305	39.166698	A2	45	80	
306	44.453125	B4	71	56	306	39.270865	B4	71	80	
307	44.571615	A3	57	48	308	39.375031	A3	57	80	
308	44.571615	C#5	73	64	307	39.375031	C#5	73	80	
309	44.671875	Eb5	75	67	309	39.479198	Eb5	75	80	
310	44.770833	G3	55	52	311	39.583365	G3	55	80	
311	44.805990	E5	76	65	310	39.583365	E5	76	80	
312	44.901042	Eb5	75	64	312	39.687532	Eb5	75	80	
313	44.980469	F#3	54	59	314	39.791699	F#3	54	80	
314	45.009115	C#5	73	74	313	39.791699	C#5	73	80	
315	45.089844	Eb5	75	74	315	39.895865	Eb5	75	80	
316	45.180990	G3	55	58	317	40.000032	G3	55	80	
317	45.212240	E5	76	71	316	40.000032	E5	76	80	
318	45.444010	B3	59	51	319	40.208365	B3	59	80	
319	45.447917	G5	79	67	318	40.208365	G5	79	80	
320	45.666667	E3	52	54	321	40.416699	E3	52	80	
321	45.673177	B4	71	64	320	40.416699	B4	71	80	
322	45.895833	F#3	54	52	323	40.625033	F#3	54	80	
323	45.910156	Eb5	75	71	322	40.625033	Eb5	75	80	
324	46.128906	E5	76	76	324	40.833366	E5	76	80	
325	46.135417	G3	55	54	325	40.833366	G3	55	80	
326	46.345052	G5	79	71	326	41.041700	G5	79	80	
327	46.359375	B3	59	52	327	41.041700	B3	59	80	
328	46.563802	B4	71	69	328	41.250033	B4	71	80	
329	46.566406	E3	52	54	329	41.250033	E3	52	80	
330	46.800781	G3	55	47	331	41.458367	G3	55	80	
331	46.800781	E5	76	66	330	41.458367	E5	76	80	
332	47.053385	E5	76	66	332	41.666700	E5	76	80	
333	47.059896	F#3	54	56	333	41.666700	F#3	54	80	
334	47.278646	B3	59	62	334	41.875034	B3	59	80	
335	47.489583	C4	60	62	336	42.083367	C4	60	80	
336	47.518229	Eb5	75	61	335	42.083367	Eb5	75	80	
337	47.597656	B3	59	60	337	42.187534	B3	59	80	
338	47.710938	Bb3	58	70	339	42.291700	Bb3	58	80	
339	47.723958	F#5	78	67	338	42.291700	F#5	78	80	
340	47.837240	B3	59	68	340	42.395867	B3	59	80	
341	47.964844	B4	71	68	341	42.500034	B4	71	80	
342	47.986979	Eb4	63	60	342	42.500034	Eb4	63	80	
343	48.204427	B3	59	53	343	42.708368	B3	59	80	
344	48.427083	F#4	66	55	345	42.916701	F#4	66	80	
345	48.437500	A4	69	70	344	42.916701	A4	69	80	
346	48.648438	A3	57	55	347	43.125034	A3	57	80	
347	48.660156	F#5	78	66	346	43.125034	F#5	78	80	
348	48.891927	F#5	78	71	348	43.333368	F#5	78	80	
349	48.906250	G3	55	49	349	43.333368	G3	55	80	
350	48.998698	E5	76	72	350	43.437535	E5	76	80	
351	49.105469	B3	59	50	352	43.541702	B3	59	80	
352	49.117188	Eb5	75	72	351	43.541702	Eb5	75	80	
353	49.361979	E5	76	65	353	43.750035	E5	76	80	
354	49.381510	E3	52	44	354	43.750035	E3	52	80	
355	49.595052	F#3	54	48	356	43.958368	F#3	54	80	
356	49.595052	A4	69	64	355	43.958368	A4	69	80	
357	49.834635	G3	55	50	358	44.166702	G3	55	80	
358	49.842448	A4	69	61	357	44.166702	A4	69	80	
359	50.070312	B3	59	48	359	44.375036	B3	59	80	
360	50.286458	G4	67	60	360	44.583369	G4	67	80	
361	50.300781	E3	52	46	361	44.583369	E3	52	80	
362	50.506510	G3	55	45	363	44.791702	G3	55	80	
363	50.519531	E5	76	68	362	44.791702	E5	76	80	
364	50.761719	F#3	54	50	365	45.000036	F#3	54	80	
365	50.773438	E5	76	76	364	45.000036	E5	76	80	
366	50.992188	Eb5	75	67	366	45.208370	Eb5	75	80	
367	51.002604	B3	59	45	367	45.208370	B3	59	80	
368	51.273438	A5	81	74	368	45.416703	A5	81	80	
369	51.309896	F#3	54	46	369	45.416703	F#3	54	80	
370	51.529948	Eb3	51	43	370	45.625037	Eb3	51	80	
371	51.768229	B2	47	44	371	45.833370	B2	47	80	
372	51.878906	G5	79	53	372	45.937537	G5	79	80	
373	51.984375	F#5	78	66	373	46.041704	F#5	78	80	
374	52.108073	E5	76	62	374	46.145870	E5	76	80	
375	52.222656	Eb5	75	63	375	46.250037	Eb5	75	80	
376	52.334635	C#5	73	60	376	46.354204	C#5	73	80	
377	52.444010	B4	71	59	377	46.458371	B4	71	80	
378	52.535156	A4	69	62	378	46.562537	A4	69	80	
379	52.684896	G4	67	62	379	46.666704	G4	67	80	
380	52.959635	B4	71	51	380	46.875037	B4	71	80	
381	53.178385	E4	64	56	381	47.083371	E4	64	80	
382	53.199219	G3	55	44	382	47.083371	G3	55	80	
383	53.428385	F#4	66	57	383	47.291705	F#4	66	80	
384	53.652344	G4	67	61	384	47.500038	G4	67	80	
385	53.661458	E3	52	49	385	47.500038	E3	52	80	
386	53.898438	B4	71	58	386	47.708371	B4	71	80	
387	54.121094	E4	64	65	387	47.916705	E4	64	80	
388	54.126302	B2	47	49	388	47.916705	B2	47	80	
389	54.355469	G4	67	64	389	48.125039	G4	67	80	
390	54.591146	F#4	66	65	390	48.333372	F#4	66	80	
391	54.834635	B4	71	59	391	48.541705	B4	71	80	
392	55.045573	A3	57	51	393	48.750039	A3	57	80	
393	55.045573	C5	72	63	392	48.750039	C5	72	80	
394	55.164062	B4	71	61	394	48.854206	B4	71	80	
395	55.259115	Bb4	70	69	395	48.958373	Bb4	70	80	
396	55.364583	B4	71	69	396	49.062539	B4	71	80	
397	55.489583	F#3	54	51	398	49.166706	F#3	54	80	
398	55.496094	Eb5	75	74	397	49.166706	Eb5	75	80	
399	55.740885	B4	71	64	399	49.375039	B4	71	80	
400	55.975260	F#5	78	70	400	49.583373	F#5	78	80	
401	55.980469	B2	47	50	401	49.583373	B2	47	80	
402	56.196615	A4	69	71	402	49.791707	A4	69	80	
403	56.441406	G4	67	71	403	50.000040	G4	67	80	
404	56.669271	B4	71	64	404	50.208374	B4	71	80	
405	56.894531	B3	59	62	406	50.416707	B3	59	80	
406	56.897135	E4	64	66	405	50.416707	E4	64	80	
407	56.932292	A3	57	63	407	50.468790	A3	57	80	
408	57.011719	B3	59	75	408	50.520874	B3	59	80	
409	57.091146	F#4	66	62	409	50.625041	F#4	66	80	
410	57.328125	G4	67	57	410	50.833374	G4	67	80	
411	57.549479	A3	57	59	412	51.041708	A3	57	80	
412	57.553385	B4	71	54	411	51.041708	B4	71	80	
413	57.660156	G3	55	58	413	51.145874	G3	55	80	
414	57.769531	E4	64	64	414	51.250041	E4	64	80	
415	57.776042	A3	57	66	415	51.250041	A3	57	80	
416	57.871094	G3	55	60	416	51.354208	G3	55	80	
417	57.981771	F#3	54	61	418	51.458374	F#3	54	80	
418	57.985677	G4	67	54	417	51.458374	G4	67	80	
419	58.074219	E3	52	57	419	51.562541	E3	52	80	
420	58.234375	F#4	66	56	420	51.666708	F#4	66	80	
421	58.257812	E3	52	49	421	51.666708	E3	52	80	
422	58.513021	B4	71	46	422	51.875042	B4	71	80	
423	58.723958	Eb3	51	43	424	52.083375	Eb3	51	80	
424	58.755208	F#4	66	53	423	52.083375	F#4	66	80	
425	58.970052	Eb4	63	54	425	52.291708	Eb4	63	80	
426	59.205729	B3	59	53	426	52.500042	B3	59	80	
427	59.420573	A3	57	52	427	52.708376	A3	57	80	
428	59.535156	G3	55	48	428	52.812542	G3	55	80	
429	59.613281	E5	76	55	*	-1	*	-1	-1	
430	59.634115	F#3	54	48	430	52.916709	F#3	54	80	
431	59.699219	Eb5	75	56	429	52.916709	Eb5	75	80	
432	59.752604	C#5	73	64	*	-1	*	-1	-1	
433	59.753906	G3	55	41	431	53.020876	G3	55	80	
434	59.800781	A3	57	47	432	53.125042	A3	57	80	
435	59.834635	Eb5	75	60	*	-1	*	-1	-1	
436	60.088542	G3	55	49	434	53.333376	G3	55	80	
437	60.101562	E5	76	60	433	53.333376	E5	76	80	
438	60.332031	E4	64	62	435	53.541710	E4	64	80	
439	60.444010	F#4	66	66	436	53.645876	F#4	66	80	
440	60.565104	G4	67	69	438	53.750043	G4	67	80	
441	60.572917	B4	71	63	437	53.750043	B4	71	80	
442	60.664062	F#4	66	68	439	53.854210	F#4	66	80	
443	60.789062	E4	64	71	440	53.958376	E4	64	80	
444	61.061198	G5	79	66	441	54.166710	G5	79	80	
445	61.166667	F#5	78	73	442	54.270877	F#5	78	80	
446	61.273438	E5	76	71	443	54.375044	E5	76	80	
447	61.281250	B4	71	64	444	54.375044	B4	71	80	
448	61.364583	F#5	78	76	445	54.479210	F#5	78	80	
449	61.492188	G5	79	73	446	54.583377	G5	79	80	
450	61.729167	D4	62	51	448	54.791711	D4	62	80	
451	61.733073	B4	71	72	447	54.791711	B4	71	80	
452	61.928385	A4	69	73	449	55.000044	A4	69	80	
453	61.992188	B4	71	56	450	55.052127	B4	71	80	
454	62.041667	A4	69	73	451	55.104211	A4	69	80	
455	62.148438	E4	64	59	453	55.208378	E4	64	80	
456	62.175781	G#4	68	73	452	55.208378	G#4	68	80	
457	62.259115	D4	62	62	454	55.312544	D4	62	80	
458	62.365885	C#4	61	66	456	55.416711	C#4	61	80	
459	62.391927	A4	69	66	455	55.416711	A4	69	80	
460	62.486979	D4	62	62	457	55.520878	D4	62	80	
461	62.602865	C#5	73	66	458	55.625045	C#5	73	80	
462	62.611979	E4	64	57	459	55.625045	E4	64	80	
463	62.859375	C#5	73	61	460	55.833378	C#5	73	80	
464	63.102865	G3	55	41	462	56.041711	G3	55	80	
465	63.102865	E5	76	59	461	56.041711	E5	76	80	
466	63.345052	A5	81	67	463	56.250045	A5	81	80	
467	63.572917	C#5	73	66	464	56.458379	C#5	73	80	
468	63.596354	E4	64	44	465	56.458379	E4	64	80	
469	63.859375	F#3	54	47	467	56.666712	F#3	54	80	
470	63.863281	D5	74	61	466	56.666712	D5	74	80	
471	64.102865	D4	62	56	468	56.875045	D4	62	80	
472	64.214844	E4	64	66	469	56.979212	E4	64	80	
473	64.320312	A4	69	60	470	57.083379	A4	69	80	
474	64.348958	F#4	66	68	471	57.083379	F#4	66	80	
475	64.428385	E4	64	68	472	57.187546	E4	64	80	
476	64.566406	D4	62	69	473	57.291713	D4	62	80	
477	64.812500	F#5	78	66	474	57.500046	F#5	78	80	
478	64.924479	E5	76	70	475	57.604213	E5	76	80	
479	65.035156	D5	74	70	476	57.708379	D5	74	80	
480	65.044271	A4	69	72	477	57.708379	A4	69	80	
481	65.123698	E5	76	74	478	57.812546	E5	76	80	
482	65.260417	F#5	78	78	479	57.916713	F#5	78	80	
483	65.493490	C4	60	60	481	58.125047	C4	60	80	
484	65.497396	A4	69	72	480	58.125047	A4	69	80	
485	65.717448	G4	67	65	482	58.333380	G4	67	80	
486	65.761719	A4	69	65	483	58.385463	A4	69	80	
487	65.833333	G4	67	72	484	58.437547	G4	67	80	
488	65.949219	F#4	66	72	485	58.541714	F#4	66	80	
489	65.958333	D4	62	60	486	58.541714	D4	62	80	
490	66.079427	C4	60	59	487	58.645880	C4	60	80	
491	66.170573	G4	67	67	488	58.750047	G4	67	80	
492	66.186198	B3	59	63	489	58.750047	B3	59	80	
493	66.319010	C4	60	60	490	58.854214	C4	60	80	
494	66.407552	B4	71	66	491	58.958381	B4	71	80	
495	66.430990	D4	62	58	492	58.958381	D4	62	80	
496	66.661458	B4	71	60	493	59.166714	B4	71	80	
497	66.907552	D5	74	59	494	59.375048	D5	74	80	
498	66.916667	F#3	54	42	495	59.375048	F#3	54	80	
499	67.151042	G5	79	63	496	59.583381	G5	79	80	
500	67.386719	D4	62	45	498	59.791715	D4	62	80	
501	67.388021	B4	71	58	497	59.791715	B4	71	80	
502	67.641927	C#5	73	58	499	60.000048	C#5	73	80	
503	67.666667	E3	52	47	500	60.000048	E3	52	80	
504	67.925781	G5	79	64	501	60.208382	G5	79	80	
505	68.147135	D3	50	51	502	60.416715	D3	50	80	
506	68.389323	F#5	78	58	503	60.625048	F#5	78	80	
507	68.621094	Bb4	70	59	504	60.833382	Bb4	70	80	
508	68.640625	C#3	49	47	505	60.833382	C#3	49	80	
509	68.891927	E5	76	56	506	61.041716	E5	76	80	
510	69.113281	B2	47	54	507	61.250049	B2	47	80	
511	69.355469	D5	74	49	508	61.458382	D5	74	80	
512	69.605469	F4	65	58	509	61.666716	F4	65	80	
513	69.845052	D4	62	57	510	61.875050	D4	62	80	
514	70.097656	F#4	66	67	511	62.083383	F#4	66	80	
515	70.309896	C#4	61	62	512	62.291716	C#4	61	80	
516	70.552083	G#4	68	68	513	62.500050	G#4	68	80	
517	70.555990	F3	53	55	514	62.500050	F3	53	80	
518	70.795573	B3	59	64	515	62.708384	B3	59	80	
519	71.032552	A4	69	74	516	62.916717	A4	69	80	
520	71.242188	A3	57	66	517	63.125051	A3	57	80	
521	71.492188	B4	71	71	518	63.333384	B4	71	80	
522	71.498698	D3	50	56	519	63.333384	D3	50	80	
523	71.738281	G#3	56	64	520	63.541718	G#3	56	80	
524	71.962240	C#5	73	75	521	63.750051	C#5	73	80	
525	72.180990	F#3	54	60	522	63.958385	F#3	54	80	
526	72.441406	D5	74	56	523	64.166718	D5	74	80	
527	72.463542	B2	47	52	524	64.166718	B2	47	80	
528	72.708333	F4	65	59	525	64.375051	F4	65	80	
529	72.940104	B3	59	53	526	64.583385	B3	59	80	
530	73.174479	F#4	66	64	527	64.791719	F#4	66	80	
531	73.420573	G#4	68	62	528	65.000052	G#4	68	80	
532	73.427083	F3	53	53	529	65.000052	F3	53	80	
533	73.677083	B3	59	65	530	65.208386	B3	59	80	
534	73.912760	G#3	56	58	531	65.416719	G#3	56	80	
535	74.162760	D4	62	61	532	65.625052	D4	62	80	
536	74.381510	C#3	49	57	533	65.833386	C#3	49	80	
537	74.623698	C#4	61	59	534	66.041719	C#4	61	80	
538	74.856771	F3	53	51	535	66.250053	F3	53	80	
539	75.093750	B3	59	55	536	66.458387	B3	59	80	
540	75.360677	F#2	42	53	538	66.666720	F#2	42	80	
541	75.361979	A3	57	56	537	66.666720	A3	57	80	
542	75.598958	C#4	61	60	539	66.875054	C#4	61	80	
543	75.830729	A2	45	63	541	67.083387	A2	45	80	
544	75.845052	F#3	54	64	540	67.083387	F#3	54	80	
545	76.058594	G#3	56	67	542	67.291720	G#3	56	80	
546	76.312500	C#3	49	60	544	67.500054	C#3	49	80	
547	76.316406	A3	57	65	543	67.500054	A3	57	80	
548	76.544271	C#4	61	67	545	67.708388	C#4	61	80	
549	76.772135	F#3	54	62	546	67.916721	F#3	54	80	
550	76.865885	D3	50	60	547	68.020888	D3	50	80	
551	76.970052	C#3	49	61	549	68.125055	C#3	49	80	
552	76.990885	A3	57	58	548	68.125055	A3	57	80	
553	77.065104	C3	48	66	550	68.229221	C3	48	80	
554	77.204427	C#3	49	64	552	68.333388	C#3	49	80	
555	77.217448	G#3	56	60	551	68.333388	G#3	56	80	
556	77.451823	C#4	61	65	553	68.541722	C#4	61	80	
557	77.670573	D4	62	57	554	68.750055	D4	62	80	
558	77.684896	F2	41	60	555	68.750055	F2	41	80	
559	77.785156	C#4	61	58	556	68.854222	C#4	61	80	
560	77.894531	C4	60	69	557	68.958388	C4	60	80	
561	77.990885	C#4	61	73	558	69.062555	C#4	61	80	
562	78.106771	G#2	44	55	560	69.166722	G#2	44	80	
563	78.125000	F4	65	70	559	69.166722	F4	65	80	
564	78.365885	C#4	61	66	561	69.375056	C#4	61	80	
565	78.596354	C#3	49	59	563	69.583389	C#3	49	80	
566	78.609375	G#4	68	69	562	69.583389	G#4	68	80	
567	78.845052	B3	59	66	564	69.791723	B3	59	80	
568	79.105469	F#2	42	53	566	70.000056	F#2	42	80	
569	79.108073	A3	57	62	565	70.000056	A3	57	80	
570	79.334635	C#3	49	61	567	70.208389	C#3	49	80	
571	79.561198	F#3	54	59	569	70.416723	F#3	54	80	
572	79.579427	C#4	61	69	568	70.416723	C#4	61	80	
573	79.809896	G#3	56	67	570	70.625056	G#3	56	80	
574	80.032552	F#4	66	68	571	70.833390	F#4	66	80	
575	80.035156	A3	57	63	572	70.833390	A3	57	80	
576	80.265625	C#4	61	69	573	71.041724	C#4	61	80	
577	80.497396	A4	69	69	574	71.250057	A4	69	80	
578	80.506510	F#3	54	55	575	71.250057	F#3	54	80	
579	80.731771	A3	57	67	576	71.458391	A3	57	80	
580	80.957031	F4	65	62	577	71.666724	F4	65	80	
581	80.979167	G#3	56	62	578	71.666724	G#3	56	80	
582	81.197917	C#4	61	63	579	71.875057	C#4	61	80	
583	81.416667	D4	62	66	581	72.083391	D4	62	80	
584	81.420573	G#4	68	63	580	72.083391	G#4	68	80	
585	81.502604	C#4	61	55	582	72.187558	C#4	61	80	
586	81.592448	C4	60	65	583	72.291725	C4	60	80	
587	81.710938	C#4	61	65	584	72.395891	C#4	61	80	
588	81.825521	B4	71	68	585	72.500058	B4	71	80	
589	81.852865	F4	65	60	586	72.500058	F4	65	80	
590	82.066406	C#4	61	61	587	72.708392	C#4	61	80	
591	82.311198	D5	74	58	588	72.916725	D5	74	80	
592	82.321615	G#4	68	44	589	72.916725	G#4	68	80	
593	82.528646	B3	59	48	590	73.125059	B3	59	80	
594	82.794271	C#5	73	53	591	73.333392	C#5	73	80	
595	82.825521	A3	57	44	592	73.333392	A3	57	80	
596	83.058594	F#4	66	63	593	73.541725	F#4	66	80	
597	83.164062	G#4	68	66	594	73.645892	G#4	68	80	
598	83.263021	F#3	54	51	596	73.750059	F#3	54	80	
599	83.291667	A4	69	64	595	73.750059	A4	69	80	
600	83.390625	G#4	68	68	597	73.854226	G#4	68	80	
601	83.529948	F#4	66	72	598	73.958393	F#4	66	80	
602	83.760417	G#3	56	59	599	74.166726	G#3	56	80	
603	84.013021	C#5	73	71	600	74.375060	C#5	73	80	
604	84.247396	Bb3	58	58	601	74.583393	Bb3	58	80	
605	84.484375	E4	64	62	602	74.791726	E4	64	80	
606	84.739583	B3	59	48	603	75.000060	B3	59	80	
607	84.964844	F#4	66	55	604	75.208393	F#4	66	80	
608	85.076823	E4	64	62	605	75.312560	E4	64	80	
609	85.190104	D4	62	65	606	75.416727	D4	62	80	
610	85.197917	B2	47	52	607	75.416727	B2	47	80	
611	85.292969	E4	64	60	608	75.520894	E4	64	80	
612	85.428385	F#4	66	58	609	75.625061	F#4	66	80	
613	85.683594	C#3	49	49	610	75.833394	C#3	49	80	
614	85.902344	A3	57	53	611	76.041728	A3	57	80	
615	86.138021	Eb3	51	45	612	76.250061	Eb3	51	80	
616	86.356771	F#4	66	53	613	76.458394	F#4	66	80	
617	86.649740	G3	55	54	614	76.666728	G3	55	80	
618	86.665365	E2	40	46	615	76.666728	E2	40	80	
619	86.949219	E4	64	53	616	76.875062	E4	64	80	
620	87.037760	F#4	66	68	617	76.979228	F#4	66	80	
621	87.167969	G4	67	66	618	77.083395	G4	67	80	
622	87.183594	E3	52	56	619	77.083395	E3	52	80	
623	87.274740	F#4	66	68	620	77.187562	F#4	66	80	
624	87.406250	E4	64	69	621	77.291729	E4	64	80	
625	87.638021	F#3	54	58	622	77.500062	F#3	54	80	
626	87.894531	B4	71	67	623	77.708396	B4	71	80	
627	88.127604	G#3	56	61	624	77.916729	G3	55	80	
628	88.358073	D4	62	63	625	78.125062	D4	62	80	
629	88.604167	A3	57	57	626	78.333396	A3	57	80	
630	88.841146	E4	64	55	627	78.541730	E4	64	80	
631	88.960938	D4	62	62	628	78.645896	D4	62	80	
632	89.072917	C#4	61	65	629	78.750063	C#4	61	80	
633	89.087240	A2	45	46	630	78.750063	A2	45	80	
634	89.173177	D4	62	66	631	78.854230	D4	62	80	
635	89.309896	E4	64	59	632	78.958397	E4	64	80	
636	89.555990	B2	47	54	633	79.166730	B2	47	80	
637	89.805990	G3	55	57	634	79.375063	G3	55	80	
638	90.037760	C#3	49	53	635	79.583397	C#3	49	80	
639	90.272135	E4	64	52	636	79.791730	E4	64	80	
640	90.533854	F#3	54	54	637	80.000064	F#3	54	80	
641	90.569010	D2	38	46	638	80.000064	D2	38	80	
642	90.796875	C#4	61	57	639	80.208398	C#4	61	80	
643	91.024740	F#2	42	56	640	80.416731	F#2	42	80	
644	91.240885	E4	64	64	641	80.625065	E4	64	80	
645	91.476562	A2	45	61	642	80.833398	A2	45	80	
646	91.709635	D4	62	56	643	81.041731	D4	62	80	
647	91.805990	C#4	61	63	644	81.145898	C#4	61	80	
648	91.924479	D3	50	58	646	81.250065	D3	50	80	
649	91.925781	D4	62	59	645	81.250065	D4	62	80	
650	92.010417	C#4	61	65	647	81.354232	C#4	61	80	
651	92.135417	B3	59	66	648	81.458399	B3	59	80	
652	92.233073	Bb3	58	66	649	81.562565	Bb3	58	80	
653	92.367188	B3	59	69	650	81.666732	B3	59	80	
654	92.371094	G2	43	58	651	81.666732	G2	43	80	
655	92.634115	F#4	66	67	652	81.875066	F#4	66	80	
656	92.864583	B2	47	62	653	82.083399	B2	47	80	
657	93.091146	A4	69	70	654	82.291732	A4	69	80	
658	93.316406	D3	50	64	655	82.500066	D3	50	80	
659	93.536458	G4	67	64	656	82.708399	G4	67	80	
660	93.636719	F#4	66	73	657	82.812566	F#4	66	80	
661	93.755208	G3	55	58	659	82.916733	G3	55	80	
662	93.766927	G4	67	67	658	82.916733	G4	67	80	
663	93.852865	F#4	66	73	660	83.020900	F#4	66	80	
664	93.970052	E4	64	70	661	83.125067	E4	64	80	
665	94.062500	D4	62	72	662	83.229233	D4	62	80	
666	94.196615	C#3	49	58	664	83.333400	C#3	49	80	
667	94.213542	E4	64	67	663	83.333400	E4	64	80	
668	94.468750	B4	71	68	665	83.541734	B4	71	80	
669	94.683594	E3	52	72	666	83.750067	E3	52	80	
670	94.946615	D5	74	74	667	83.958400	D5	74	80	
671	95.154948	G3	55	68	668	84.166734	G3	55	80	
672	95.380208	C#5	73	67	669	84.375068	C#5	73	80	
673	95.479167	B4	71	71	670	84.479234	B4	71	80	
674	95.593750	C#5	73	73	671	84.583401	C#5	73	80	
675	95.602865	C#4	61	65	672	84.583401	C#4	61	80	
676	95.700521	B4	71	71	673	84.687568	B4	71	80	
677	95.821615	Bb4	70	79	674	84.791735	Bb4	70	80	
678	95.923177	G#4	68	75	675	84.895901	G#4	68	80	
679	96.061198	F#3	54	57	677	85.000068	F#3	54	80	
680	96.063802	Bb4	70	76	676	85.000068	Bb4	70	80	
681	96.324219	E5	76	75	678	85.208402	E5	76	80	
682	96.549479	Bb3	58	69	679	85.416735	Bb3	58	80	
683	96.819010	G5	79	81	680	85.625068	G5	79	80	
684	97.042969	C#4	61	68	681	85.833402	C#4	61	80	
685	97.265625	F#5	78	68	682	86.041736	F#5	78	80	
686	97.371094	E5	76	75	683	86.145902	E5	76	80	
687	97.490885	F#4	66	62	685	86.250069	F#4	66	80	
688	97.494792	F#5	78	78	684	86.250069	F#5	78	80	
689	97.587240	E5	76	74	686	86.354236	E5	76	80	
690	97.716146	D5	74	71	687	86.458403	D5	74	80	
691	97.816406	C#5	73	75	688	86.562569	C#5	73	80	
692	97.980469	D5	74	76	689	86.666736	D5	74	80	
693	97.996094	B3	59	56	690	86.666736	B3	59	80	
694	98.281250	Bb4	70	72	691	86.875069	Bb4	70	80	
695	98.515625	G4	67	69	692	87.083403	G4	67	80	
696	98.748698	B4	71	69	693	87.291736	B4	71	80	
697	98.988281	C#5	73	69	694	87.500070	C#5	73	80	
698	98.996094	A3	57	46	695	87.500070	A3	57	80	
699	99.209635	G4	67	58	697	87.708404	G4	67	80	
700	99.218750	Eb5	75	72	696	87.708404	Eb5	75	80	
701	99.433594	E5	76	69	698	87.916737	E5	76	80	
702	99.445312	F#4	66	60	699	87.916737	F#4	66	80	
703	99.535156	Eb5	75	70	700	88.020904	Eb5	75	80	
704	99.644531	C#5	73	76	701	88.125071	C#5	73	80	
705	99.649740	A3	57	52	702	88.125071	A3	57	80	
706	99.750000	Eb5	75	72	703	88.229237	Eb5	75	80	
707	99.906250	E5	76	71	704	88.333404	E5	76	80	
708	99.928385	G3	55	56	705	88.333404	G3	55	80	
709	100.167969	Bb4	70	66	706	88.541737	Bb4	70	80	
710	100.416667	E4	64	54	707	88.750071	E4	64	80	
711	100.636719	B4	71	59	708	88.958405	B4	71	80	
712	100.888021	D5	74	59	709	89.166738	D5	74	80	
713	100.891927	F#3	54	44	710	89.166738	F#3	54	80	
714	101.136719	Bb4	70	66	711	89.375072	Bb4	70	80	
715	101.140625	E4	64	49	712	89.375072	E4	64	80	
716	101.368490	D4	62	65	713	89.583405	D4	62	80	
717	101.600260	F#3	54	53	715	89.791739	F#3	54	80	
718	101.613281	B4	71	69	714	89.791739	B4	71	80	
719	101.899740	G5	79	69	716	90.000072	G5	79	80	
720	101.910156	E3	52	55	717	90.000072	E3	52	80	
721	102.018229	F#5	78	77	718	90.104239	F#5	78	80	
722	102.153646	D4	62	59	720	90.208405	D4	62	80	
723	102.156250	E5	76	78	719	90.208405	E5	76	80	
724	102.384115	C4	60	71	721	90.416739	C4	60	80	
725	102.621094	E3	52	61	723	90.625073	E3	52	80	
726	102.622396	E5	76	81	722	90.625073	E5	76	80	
727	102.869792	D3	50	63	724	90.833406	D3	50	80	
728	102.976562	F#5	78	69	725	90.937573	F#5	78	80	
729	103.080729	C4	60	54	727	91.041740	C4	60	80	
730	103.110677	E5	76	67	726	91.041740	E5	76	80	
731	103.222656	Eb5	75	74	728	91.145906	Eb5	75	80	
732	103.311198	B3	59	61	730	91.250073	B3	59	80	
733	103.333333	E5	76	81	729	91.250073	E5	76	80	
734	103.602865	E5	76	77	731	91.458406	E5	76	80	
735	103.617188	D3	50	52	732	91.458406	D3	50	80	
736	103.863281	C#3	49	62	733	91.666740	C#3	49	80	
737	103.944010	A4	69	66	734	91.770907	A4	69	80	
738	104.083333	G4	67	71	735	91.875073	G4	67	80	
739	104.096354	B3	59	61	736	91.875073	B3	59	80	
740	104.204427	F#4	66	76	737	91.979240	F#4	66	80	
741	104.339844	G4	67	80	738	92.083407	G4	67	80	
742	104.364583	Bb3	58	63	739	92.083407	Bb3	58	80	
743	104.690104	E5	76	79	740	92.291741	E5	76	80	
744	104.710938	C#3	49	54	741	92.291741	C#3	49	80	
745	104.973958	B2	47	66	742	92.500074	B2	47	80	
746	105.313802	G4	67	74	743	92.708408	G4	67	80	
747	105.326823	E4	64	63	744	92.708408	E4	64	80	
748	105.334635	Bb3	58	57	745	92.708408	Bb3	58	80	
749	105.700521	B3	59	63	746	92.916741	B3	59	80	
750	106.182292	G4	67	66	747	93.125074	G4	67	80	
751	106.197917	E4	64	50	748	93.125074	E4	64	80	
752	106.200521	B2	47	51	749	93.125074	B2	47	80	
753	106.773438	Bb2	46	45	750	93.333408	Bb2	46	80	
754	107.385417	F#4	66	52	751	93.541742	F#4	66	80	
755	107.751302	D5	74	47	752	93.645908	D5	74	80	
756	108.358073	D5	74	50	753	93.750075	D5	74	80	
757	109.597656	C#5	73	48	754	93.958409	C#5	73	80	
758	111.772135	E4	64	37	755	94.375076	E4	64	80	
759	111.878906	F#4	66	48	756	94.479242	F#4	66	80	
760	111.983073	G4	67	53	757	94.583409	G4	67	80	
761	111.997396	Bb3	58	42	758	94.583409	Bb3	58	80	
762	112.097656	F#4	66	58	759	94.687576	F#4	66	80	
763	112.242188	E4	64	55	760	94.791742	E4	64	80	
764	112.472656	D4	62	57	761	95.000076	D4	62	80	
765	112.486979	B3	59	43	762	95.000076	B3	59	80	
766	112.718750	F#4	66	59	763	95.208410	F#4	66	80	
767	112.934896	G3	55	48	765	95.416743	G3	55	80	
768	112.957031	Bb4	70	62	764	95.416743	Bb4	70	80	
769	113.180990	B4	71	60	766	95.625077	B4	71	80	
770	113.419271	E3	52	44	768	95.833410	E3	52	80	
771	113.430990	D5	74	53	767	95.833410	D5	74	80	
772	113.657552	C#5	73	58	769	96.041743	C#5	73	80	
773	113.897135	F#3	54	48	771	96.250077	F#3	54	80	
774	113.899740	B4	71	60	770	96.250077	B4	71	80	
775	114.127604	Bb4	70	61	772	96.458410	Bb4	70	80	
776	114.361979	D3	50	43	774	96.666744	D3	50	80	
777	114.367188	B4	71	57	773	96.666744	B4	71	80	
778	114.592448	F#3	54	51	775	96.875078	F#3	54	80	
779	114.825521	F#4	66	60	776	97.083411	F#4	66	80	
780	114.839844	B2	47	56	777	97.083411	B2	47	80	
781	115.052083	C#3	49	57	778	97.291745	C#3	49	80	
782	115.261719	G4	67	63	779	97.500078	G4	67	80	
783	115.279948	D3	50	53	780	97.500078	D3	50	80	
784	115.367188	F#4	66	64	781	97.604245	F#4	66	80	
785	115.463542	F4	65	65	782	97.708411	F4	65	80	
786	115.486979	F#3	54	52	783	97.708411	F#3	54	80	
787	115.566406	F#4	66	65	784	97.812578	F#4	66	80	
788	115.727865	D5	74	58	785	97.916745	D5	74	80	
789	115.730469	B2	47	52	786	97.916745	B2	47	80	
790	115.946615	D3	50	57	787	98.125079	D3	50	80	
791	116.174479	C#3	49	64	788	98.333412	C#3	49	80	
792	116.402344	F#3	54	63	789	98.541746	F#3	54	80	
793	116.618490	F#4	66	67	790	98.750079	F#4	66	80	
794	116.627604	G3	55	64	791	98.750079	G3	55	80	
795	116.738281	F#3	54	59	792	98.854246	F#3	54	80	
796	116.822917	F3	53	70	793	98.958413	F3	53	80	
797	116.941406	F#3	54	71	794	99.062579	F#3	54	80	
798	117.065104	Bb3	58	70	796	99.166746	Bb3	58	80	
799	117.076823	G4	67	66	795	99.166746	G4	67	80	
800	117.179688	F#4	66	72	797	99.270913	F#4	66	80	
801	117.282552	F4	65	75	798	99.375079	F4	65	80	
802	117.289062	F#3	54	64	799	99.375079	F#3	54	80	
803	117.375000	F#4	66	78	800	99.479246	F#4	66	80	
804	117.535156	C#4	61	62	802	99.583413	C#4	61	80	
805	117.541667	E5	76	72	801	99.583413	E5	76	80	
806	117.772135	E3	52	68	803	99.791747	E3	52	80	
807	118.001302	D3	50	70	804	100.000080	D3	50	80	
808	118.229167	F#3	54	69	805	100.208414	F#3	54	80	
809	118.455729	F#4	66	77	806	100.416747	F#4	66	80	
810	118.464844	B2	47	63	807	100.416747	B2	47	80	
811	118.695312	C#3	49	73	808	100.625080	C#3	49	80	
812	118.906250	D3	50	72	810	100.833414	D3	50	80	
813	118.908854	G4	67	77	809	100.833414	G4	67	80	
814	119.024740	F#4	66	77	811	100.937581	F#4	66	80	
815	119.122396	F#3	54	64	813	101.041747	F#3	54	80	
816	119.131510	F4	65	78	812	101.041747	F4	65	80	
817	119.223958	F#4	66	79	814	101.145914	F#4	66	80	
818	119.390625	B2	47	76	816	101.250081	B2	47	80	
819	119.391927	F#5	78	87	815	101.250081	F#5	78	80	
820	119.708333	A4	69	88	817	101.458415	A4	69	80	
821	119.712240	C#3	49	78	818	101.458415	C#3	49	80	
822	120.111979	E4	64	73	821	101.666748	E4	64	80	
823	120.111979	A4	69	82	819	101.666748	A4	69	80	
824	120.118490	B3	59	79	820	101.666748	B3	59	80	
825	120.119792	D3	50	78	822	101.666748	D3	50	80	
826	120.815104	G#4	68	77	823	102.083415	G#4	68	80	
827	120.820312	D2	38	76	824	102.083415	D2	38	80	
828	121.699219	G#4	68	80	825	102.708416	G#4	68	80	
829	121.807292	Bb4	70	78	826	102.812582	Bb4	70	80	
830	121.938802	D3	50	77	828	102.916749	D3	50	80	
831	121.938802	B4	71	85	827	102.916749	B4	71	80	
832	122.055990	C#5	73	81	829	103.020916	C#5	73	80	
833	122.179688	D5	74	80	830	103.125083	D5	74	80	
834	122.305990	E5	76	83	831	103.229249	E5	76	80	
835	122.553385	B4	71	85	832	103.333416	B4	71	80	
836	122.555990	C#3	49	82	835	103.333416	C#3	49	80	
837	122.555990	E4	64	82	833	103.333416	E4	64	80	
838	122.555990	G4	67	81	834	103.333416	G4	67	80	
839	123.261719	Bb4	70	79	836	103.750083	Bb4	70	80	
840	123.263021	C#4	61	77	837	103.750083	C#4	61	80	
841	124.061198	C#4	61	72	839	104.375084	C#4	61	80	
842	124.076823	Bb4	70	78	838	104.375084	Bb4	70	80	
843	124.184896	D4	62	79	841	104.479250	D4	62	80	
844	124.194010	B4	71	79	840	104.479250	B4	71	80	
845	124.291667	E4	64	78	843	104.583417	E4	64	80	
846	124.316406	C#5	73	79	842	104.583417	C#5	73	80	
847	124.411458	D4	62	85	845	104.687584	D4	62	80	
848	124.423177	B4	71	76	844	104.687584	B4	71	80	
849	124.542969	C#4	61	81	847	104.791751	C#4	61	80	
850	124.553385	Bb4	70	90	846	104.791751	Bb4	70	80	
851	124.903646	F5	77	85	848	105.000084	F5	77	80	
852	124.908854	B4	71	85	849	105.000084	B4	71	80	
853	124.908854	D5	74	82	850	105.000084	D5	74	80	
854	124.911458	G#4	68	87	851	105.000084	G#4	68	80	
855	124.916667	B3	59	79	852	105.000084	B3	59	80	
856	125.656250	F#5	78	89	853	105.416751	F#5	78	80	
857	125.658854	F#4	66	91	854	105.416751	F#4	66	80	
858	125.660156	C#5	73	82	855	105.416751	C#5	73	80	
859	125.662760	C#4	61	86	856	105.416751	C#4	61	80	
860	125.669271	Bb3	58	79	857	105.416751	Bb3	58	80	
861	126.787760	F#3	54	48	858	106.041752	F#3	54	80	
862	126.933594	G#3	56	51	859	106.145918	G#3	56	80	
863	127.098958	Bb3	58	59	860	106.250085	Bb3	58	80	
864	127.243490	B3	59	58	861	106.354252	B3	59	80	
865	127.417969	C#4	61	56	862	106.458419	C#4	61	80	
866	127.846354	D3	50	51	863	106.666752	D3	50	80	
867	128.269531	B4	71	51	864	106.875085	B4	71	80	
868	128.412760	A4	69	56	865	106.979252	A4	69	80	
869	128.569010	E3	52	47	867	107.083419	E3	52	80	
870	128.579427	G4	67	51	866	107.083419	G4	67	80	
871	128.744792	F#4	66	60	868	107.187586	F#4	66	80	
872	128.923177	E4	64	56	869	107.291753	E4	64	80	
873	129.411458	D4	62	55	870	107.500086	D4	62	80	
874	129.417969	F#3	54	43	871	107.500086	F#3	54	80	
875	129.979167	B4	71	63	872	107.708420	B4	71	80	
876	130.572917	E4	64	46	874	107.916753	E4	64	80	
877	130.598958	C#4	61	39	873	107.916753	C#4	61	80	
878	130.605469	F#2	42	38	875	107.916753	F#2	42	80	
879	131.261719	Bb4	70	55	876	108.125087	Bb4	70	80	
880	132.302083	F#4	66	55	879	108.333420	F#4	66	80	
881	132.308594	B4	71	57	880	108.333420	B4	71	80	
882	132.315104	D4	62	51	878	108.333420	D4	62	80	
883	132.317708	B3	59	48	877	108.333420	B3	59	80	
884	132.320312	B2	47	54	881	108.333420	B2	47	80	
