// alignID alignOntime alignSitch alignPitch alignOnvel refID refOntime refSitch refPitch refOnvel
0	1.046875	D4	62	36	0	0.000000	D4	62	80	
1	1.052083	B2	47	32	1	0.000000	B2	47	80	
2	1.355469	F#4	66	48	2	0.208334	F#4	66	80	
3	1.608073	D3	50	51	4	0.416667	D3	50	80	
4	1.613281	B3	59	50	3	0.416667	B3	59	80	
5	1.833333	C#4	61	66	5	0.625001	C#4	61	80	
6	2.085938	D4	62	64	6	0.833334	D4	62	80	
7	2.087240	F#3	54	52	7	0.833334	F#3	54	80	
8	2.334635	F#4	66	59	8	1.041667	F#4	66	80	
9	2.574219	B3	59	54	9	1.250001	B3	59	80	
10	2.675781	G3	55	56	10	1.354168	G3	55	80	
11	2.796875	F#3	54	61	12	1.458335	F#3	54	80	
12	2.813802	D4	62	62	11	1.458335	D4	62	80	
13	2.915365	F3	53	56	13	1.562501	F3	53	80	
14	3.082031	F#3	54	50	15	1.666668	F#3	54	80	
15	3.109375	C#4	61	60	14	1.666668	C#4	61	80	
16	3.365885	F#4	66	69	16	1.875001	F#4	66	80	
17	3.597656	G4	67	61	17	2.083335	G4	67	80	
18	3.602865	Bb2	46	46	18	2.083335	Bb2	46	80	
19	3.722656	F#4	66	73	19	2.187502	F#4	66	80	
20	3.816406	F4	65	74	20	2.291669	F4	65	80	
21	3.927083	F#4	66	78	21	2.395835	F#4	66	80	
22	4.072917	Bb4	70	78	22	2.500002	Bb4	70	80	
23	4.079427	C#3	49	53	23	2.500002	C#3	49	80	
24	4.321615	F#4	66	78	24	2.708336	F#4	66	80	
25	4.571615	C#5	73	72	25	2.916669	C#5	73	80	
26	4.587240	F#3	54	50	26	2.916669	F#3	54	80	
27	4.812500	E4	64	61	27	3.125002	E4	64	80	
28	5.098958	D4	62	57	28	3.333336	D4	62	80	
29	5.108073	B2	47	36	29	3.333336	B2	47	80	
30	5.338542	F#4	66	61	30	3.541670	F#4	66	80	
31	5.589844	B3	59	55	31	3.750003	B3	59	80	
32	5.604167	D3	50	46	32	3.750003	D3	50	80	
33	5.824219	C#4	61	65	33	3.958337	C#4	61	80	
34	6.084635	D4	62	64	34	4.166670	D4	62	80	
35	6.085938	F#3	54	59	35	4.166670	F#3	54	80	
36	6.333333	F#4	66	62	36	4.375004	F#4	66	80	
37	6.584635	B3	59	58	37	4.583337	B3	59	80	
38	6.683594	G3	55	49	38	4.687504	G3	55	80	
39	6.783854	F#3	54	60	40	4.791671	F#3	54	80	
40	6.808594	D4	62	60	39	4.791671	D4	62	80	
41	6.907552	F3	53	53	41	4.895837	F3	53	80	
42	7.061198	F#3	54	52	43	5.000004	F#3	54	80	
43	7.087240	C#4	61	57	42	5.000004	C#4	61	80	
44	7.345052	F#4	66	57	44	5.208337	F#4	66	80	
45	7.600260	C#4	61	55	45	5.416671	C#4	61	80	
46	7.601562	F#2	42	35	46	5.416671	F#2	42	80	
47	7.846354	Bb3	58	54	47	5.625005	Bb3	58	80	
48	8.130208	F#3	54	50	48	5.833338	F#3	54	80	
49	8.368490	E3	52	49	49	6.041672	E3	52	80	
50	8.615885	D3	50	61	50	6.250005	D3	50	80	
51	8.877604	C#3	49	61	51	6.458338	C#3	49	80	
52	9.162760	D3	50	69	52	6.666672	D3	50	80	
53	9.417969	F#3	54	61	53	6.875006	F#3	54	80	
54	9.670573	B2	47	44	55	7.083339	B2	47	80	
55	9.670573	D5	74	71	54	7.083339	D5	74	80	
56	9.916667	C#3	49	64	56	7.291672	C#3	49	80	
57	10.178385	B4	71	66	57	7.500006	B4	71	80	
58	10.188802	D3	50	57	58	7.500006	D3	50	80	
59	10.425781	F#3	54	53	59	7.708340	F#3	54	80	
60	10.674479	F#4	66	56	60	7.916673	F#4	66	80	
61	10.688802	B2	47	46	61	7.916673	B2	47	80	
62	10.933594	D3	50	53	62	8.125006	D3	50	80	
63	11.208333	C#3	49	56	63	8.333340	C#3	49	80	
64	11.460938	F#3	54	64	64	8.541673	F#3	54	80	
65	11.703125	G3	55	58	66	8.750007	G3	55	80	
66	11.707031	E5	76	73	65	8.750007	E5	76	80	
67	11.830729	F#3	54	65	67	8.854174	F#3	54	80	
68	11.938802	F3	53	68	68	8.958341	F3	53	80	
69	12.083333	F#3	54	74	69	9.062507	F#3	54	80	
70	12.200521	C#5	73	78	70	9.166674	C#5	73	80	
71	12.239583	Bb3	58	70	71	9.166674	Bb3	58	80	
72	12.464844	F#3	54	68	72	9.375008	F#3	54	80	
73	12.747396	F#4	66	57	73	9.583341	F#4	66	80	
74	12.751302	C#4	61	53	74	9.583341	C#4	61	80	
75	12.976562	E3	52	56	75	9.791675	E3	52	80	
76	13.270833	D3	50	63	76	10.000008	D3	50	80	
77	13.514323	F#3	54	66	77	10.208341	F#3	54	80	
78	13.772135	F#5	78	81	78	10.416675	F#5	78	80	
79	13.790365	B2	47	52	79	10.416675	B2	47	80	
80	14.032552	C#3	49	60	80	10.625008	C#3	49	80	
81	14.281250	D3	50	61	81	10.833342	D3	50	80	
82	14.535156	E5	76	63	82	11.041676	E5	76	80	
83	14.541667	F#3	54	58	83	11.041676	F#3	54	80	
84	14.654948	D5	74	68	84	11.145842	D5	74	80	
85	14.770833	B2	47	53	86	11.250009	B2	47	80	
86	14.770833	E5	76	73	85	11.250009	E5	76	80	
87	14.877604	D5	74	74	87	11.354176	D5	74	80	
88	14.981771	C#5	73	73	88	11.458343	C#5	73	80	
89	15.007812	D3	50	54	89	11.458343	D3	50	80	
90	15.092448	B4	71	75	90	11.562509	B4	71	80	
91	15.242188	B4	71	71	91	11.666676	B4	71	80	
92	15.264323	C#3	49	50	92	11.666676	C#3	49	80	
93	15.511719	F#3	54	55	93	11.875010	F#3	54	80	
94	15.725260	Bb4	70	60	*	-1	*	-1	-1	
95	15.736979	C#3	49	45	95	12.083343	C#3	49	80	
96	15.821615	B4	71	63	*	-1	*	-1	-1	
97	15.888021	Bb4	70	67	94	12.083343	Bb4	70	80	
98	15.951823	B4	71	75	*	-1	*	-1	-1	
99	15.958333	Bb2	46	45	96	12.291676	Bb2	46	80	
100	16.042969	Bb4	70	72	*	-1	*	-1	-1	
101	16.255208	F#2	42	50	97	12.500010	F#2	42	80	
102	16.529948	E4	64	55	98	12.708343	E4	64	80	
103	16.631510	D4	62	57	99	12.812510	D4	62	80	
104	16.757812	C#4	61	60	100	12.916677	C#4	61	80	
105	16.785156	Bb3	58	49	101	12.916677	Bb3	58	80	
106	16.906250	D4	62	55	102	13.020844	D4	62	80	
107	17.050781	E4	64	63	103	13.125011	E4	64	80	
108	17.330729	D4	62	50	104	13.333344	D4	62	80	
109	17.342448	B2	47	39	105	13.333344	B2	47	80	
110	17.608073	B4	71	59	106	13.541678	B4	71	80	
111	17.722656	C#5	73	63	107	13.645844	C#5	73	80	
112	17.830729	B3	59	45	109	13.750011	B3	59	80	
113	17.843750	D5	74	63	108	13.750011	D5	74	80	
114	17.941406	C#5	73	78	110	13.854178	C#5	73	80	
115	18.074219	B4	71	74	111	13.958345	B4	71	80	
116	18.342448	C#4	61	71	112	14.166678	C#4	61	80	
117	18.614583	F#5	78	80	113	14.375012	F#5	78	80	
118	18.886719	Eb4	63	60	114	14.583345	Eb4	63	80	
119	19.138021	A4	69	67	115	14.791678	A4	69	80	
120	19.412760	E4	64	59	116	15.000012	E4	64	80	
121	19.632812	B4	71	57	117	15.208346	B4	71	80	
122	19.730469	A4	69	58	118	15.312512	A4	69	80	
123	19.847656	G#4	68	59	119	15.416679	G#4	68	80	
124	19.884115	E3	52	42	120	15.416679	E3	52	80	
125	19.968750	A4	69	55	121	15.520846	A4	69	80	
126	20.098958	B4	71	62	122	15.625013	B4	71	80	
127	20.373698	F#3	54	47	123	15.833346	F#3	54	80	
128	20.634115	D4	62	46	124	16.041680	D4	62	80	
129	20.891927	G#3	56	40	125	16.250013	G#3	56	80	
130	21.135417	B4	71	52	126	16.458347	B4	71	80	
131	21.410156	A2	45	38	128	16.666680	A2	45	80	
132	21.411458	C#4	61	48	127	16.666680	C#4	61	80	
133	21.658854	A4	69	49	129	16.875014	A4	69	80	
134	21.753906	B4	71	58	130	16.979180	B4	71	80	
135	21.872396	C#5	73	76	131	17.083347	C#5	73	80	
136	21.908854	A3	57	54	132	17.083347	A3	57	80	
137	22.003906	B4	71	74	133	17.187514	B4	71	80	
138	22.118490	A4	69	73	134	17.291681	A4	69	80	
139	22.376302	B3	59	62	135	17.500014	B3	59	80	
140	22.644531	E5	76	77	136	17.708348	E5	76	80	
141	22.907552	C#4	61	63	137	17.916681	C#4	61	80	
142	23.174479	G4	67	69	138	18.125014	G4	67	80	
143	23.432292	D4	62	54	139	18.333348	D4	62	80	
144	23.686198	A4	69	57	140	18.541681	A4	69	80	
145	23.813802	G4	67	61	141	18.645848	G4	67	80	
146	23.872396	D3	50	48	143	18.750015	D3	50	80	
147	23.912760	F#4	66	66	142	18.750015	F#4	66	80	
148	24.052083	G4	67	63	144	18.854182	G4	67	80	
149	24.157552	A4	69	60	145	18.958348	A4	69	80	
150	24.417969	E3	52	45	146	19.166682	E3	52	80	
151	24.682292	C#4	61	51	147	19.375015	C#4	61	80	
152	24.941406	F#3	54	45	148	19.583349	F#3	54	80	
153	25.220052	A4	69	43	149	19.791683	A4	69	80	
154	25.561198	B3	59	35	150	20.000016	B3	59	80	
155	25.563802	G2	43	22	151	20.000016	G2	43	80	
156	25.876302	F#4	66	50	152	20.208350	F#4	66	80	
157	26.132812	B2	47	38	153	20.416683	B2	47	80	
158	26.369792	A4	69	54	154	20.625017	A4	69	80	
159	26.635417	D3	50	45	155	20.833350	D3	50	80	
160	26.877604	G4	67	43	156	21.041684	G4	67	80	
161	26.975260	F#4	66	59	157	21.145850	F#4	66	80	
162	27.109375	G4	67	61	158	21.250017	G4	67	80	
163	27.122396	E3	52	46	159	21.250017	E3	52	80	
164	27.226562	F#4	66	73	160	21.354184	F#4	66	80	
165	27.325521	E4	64	71	161	21.458351	E4	64	80	
166	27.429688	D4	62	71	162	21.562517	D4	62	80	
167	27.576823	A2	45	39	164	21.666684	A2	45	80	
168	27.585938	C#4	61	67	163	21.666684	C#4	61	80	
169	27.847656	G4	67	68	165	21.875018	G4	67	80	
170	28.092448	C#3	49	54	166	22.083351	C#3	49	80	
171	28.348958	B4	71	75	167	22.291684	B4	71	80	
172	28.640625	E3	52	52	168	22.500018	E3	52	80	
173	28.904948	A4	69	52	169	22.708351	A4	69	80	
174	29.006510	G4	67	62	170	22.812518	G4	67	80	
175	29.141927	A4	69	72	171	22.916685	A4	69	80	
176	29.151042	F#3	54	63	172	22.916685	F#3	54	80	
177	29.263021	G4	67	76	173	23.020852	G4	67	80	
178	29.358073	F#4	66	73	174	23.125018	F#4	66	80	
179	29.463542	E4	64	79	175	23.229185	E4	64	80	
180	29.615885	D4	62	74	176	23.333352	D4	62	80	
181	29.625000	B2	47	50	177	23.333352	B2	47	80	
182	29.889323	A4	69	76	178	23.541685	A4	69	80	
183	30.158854	D3	50	64	179	23.750019	D3	50	80	
184	30.423177	C5	72	77	180	23.958353	C5	72	80	
185	30.679688	F#3	54	62	181	24.166686	F#3	54	80	
186	30.927083	B4	71	61	182	24.375020	B4	71	80	
187	31.040365	A4	69	66	183	24.479186	A4	69	80	
188	31.145833	G3	55	61	185	24.583353	G3	55	80	
189	31.165365	B4	71	74	184	24.583353	B4	71	80	
190	31.266927	A4	69	73	186	24.687520	A4	69	80	
191	31.395833	G4	67	73	187	24.791687	G4	67	80	
192	31.479167	F#4	66	74	188	24.895853	F#4	66	80	
193	31.623698	E4	64	75	189	25.000020	E4	64	80	
194	31.635417	C#3	49	55	190	25.000020	C#3	49	80	
195	31.920573	B4	71	76	191	25.208354	B4	71	80	
196	32.218750	E3	52	49	192	25.416687	E3	52	80	
197	32.507812	D5	74	62	193	25.625021	D5	74	80	
198	32.848958	G3	55	37	194	25.833354	G3	55	80	
199	33.200521	C#5	73	54	195	26.041688	C#5	73	80	
200	33.355469	B4	71	59	196	26.145854	B4	71	80	
201	33.507812	C#5	73	56	197	26.250021	C#5	73	80	
202	33.524740	A3	57	37	198	26.250021	A3	57	80	
203	33.623698	B4	71	63	199	26.354188	B4	71	80	
204	33.759115	A4	69	51	200	26.458355	A4	69	80	
205	33.872396	G4	67	51	201	26.562521	G4	67	80	
206	34.037760	D3	50	32	203	26.666688	D3	50	80	
207	34.050781	F#4	66	54	202	26.666688	F#4	66	80	
208	34.292969	A4	69	55	204	26.875021	A4	69	80	
209	34.549479	D4	62	55	205	27.083355	D4	62	80	
210	34.559896	F#3	54	53	206	27.083355	F#3	54	80	
211	34.798177	E4	64	57	207	27.291688	E4	64	80	
212	35.054688	F#4	66	66	208	27.500022	F#4	66	80	
213	35.079427	A3	57	44	209	27.500022	A3	57	80	
214	35.279948	A4	69	57	210	27.708355	A4	69	80	
215	35.401042	A4	69	6	*	-1	*	-1	-1	
216	35.531250	D4	62	57	211	27.916689	D4	62	80	
217	35.641927	B3	59	51	212	28.020856	B3	59	80	
218	35.746094	A3	57	51	214	28.125023	A3	57	80	
219	35.752604	F#4	66	64	213	28.125023	F#4	66	80	
220	35.880208	G#3	56	51	215	28.229189	G#3	56	80	
221	35.990885	E4	64	58	216	28.333356	E4	64	80	
222	36.009115	A3	57	52	217	28.333356	A3	57	80	
223	36.253906	A4	69	64	218	28.541690	A4	69	80	
224	36.492188	C#3	49	55	220	28.750023	C#3	49	80	
225	36.493490	B4	71	71	219	28.750023	B4	71	80	
226	36.614583	A4	69	74	221	28.854190	A4	69	80	
227	36.720052	G#4	68	69	222	28.958357	G#4	68	80	
228	36.804688	A4	69	70	223	29.062523	A4	69	80	
229	36.944010	E3	52	52	225	29.166690	E3	52	80	
230	36.958333	C#5	73	80	224	29.166690	C#5	73	80	
231	37.199219	A4	69	68	226	29.375024	A4	69	80	
232	37.451823	E5	76	71	227	29.583357	E5	76	80	
233	37.454427	A3	57	49	228	29.583357	A3	57	80	
234	37.684896	G4	67	61	229	29.791691	G4	67	80	
235	37.951823	D3	50	47	231	30.000024	D3	50	80	
236	37.954427	F#4	66	58	230	30.000024	F#4	66	80	
237	38.182292	A4	69	58	232	30.208358	A4	69	80	
238	38.442708	F#3	54	54	234	30.416691	F#3	54	80	
239	38.447917	D4	62	58	233	30.416691	D4	62	80	
240	38.690104	E4	64	55	235	30.625025	E4	64	80	
241	38.934896	F#4	66	66	236	30.833358	F#4	66	80	
242	38.962240	A3	57	52	237	30.833358	A3	57	80	
243	39.190104	A4	69	54	238	31.041692	A4	69	80	
244	39.428385	D4	62	53	239	31.250025	D4	62	80	
245	39.500000	B3	59	46	240	31.354192	B3	59	80	
246	39.602865	A3	57	54	242	31.458358	A3	57	80	
247	39.626302	F#4	66	62	241	31.458358	F#4	66	80	
248	39.716146	G#3	56	52	243	31.562525	G#3	56	80	
249	39.856771	E4	64	61	244	31.666692	E4	64	80	
250	39.858073	A3	57	45	245	31.666692	A3	57	80	
251	40.132812	A4	69	59	246	31.875025	A4	69	80	
252	40.395833	E4	64	54	247	32.083359	E4	64	80	
253	40.407552	A2	45	35	248	32.083359	A2	45	80	
254	40.615885	C#4	61	57	249	32.291693	C#4	61	80	
255	40.885417	A3	57	47	250	32.500026	A3	57	80	
256	41.141927	G3	55	47	251	32.708360	G3	55	80	
257	41.382812	F#3	54	65	252	32.916693	F#3	54	80	
258	41.641927	E3	52	61	253	33.125027	E3	52	80	
259	41.895833	F#3	54	66	254	33.333360	F#3	54	80	
260	42.139323	A3	57	58	255	33.541694	A3	57	80	
261	42.403646	D3	50	51	257	33.750027	D3	50	80	
262	42.404948	A4	69	60	256	33.750027	A4	69	80	
263	42.661458	E3	52	59	258	33.958360	E3	52	80	
264	42.880208	B4	71	67	259	34.166694	B4	71	80	
265	42.897135	F#3	54	62	260	34.166694	F#3	54	80	
266	43.002604	A4	69	69	261	34.270861	A4	69	80	
267	43.110677	G#4	68	66	262	34.375028	G#4	68	80	
268	43.131510	A3	57	55	263	34.375028	A3	57	80	
269	43.222656	A4	69	69	264	34.479194	A4	69	80	
270	43.385417	D3	50	54	266	34.583361	D3	50	80	
271	43.412760	F#5	78	70	265	34.583361	F#5	78	80	
272	43.628906	F#3	54	59	267	34.791694	F#3	54	80	
273	43.902344	E3	52	57	268	35.000028	E3	52	80	
274	44.138021	A3	57	65	269	35.208362	A3	57	80	
275	44.367188	A4	69	73	270	35.416695	A4	69	80	
276	44.369792	B3	59	62	271	35.416695	B3	59	80	
277	44.488281	A3	57	67	272	35.520862	A3	57	80	
278	44.610677	G#3	56	70	273	35.625028	G#3	56	80	
279	44.735677	A3	57	70	274	35.729195	A3	57	80	
280	44.837240	B4	71	80	275	35.833362	B4	71	80	
281	44.869792	C#4	61	72	276	35.833362	C#4	61	80	
282	44.971354	A4	69	73	277	35.937529	A4	69	80	
283	45.075521	A3	57	65	279	36.041696	A3	57	80	
284	45.079427	G#4	68	76	278	36.041696	G#4	68	80	
285	45.205729	A4	69	66	280	36.145862	A4	69	80	
286	45.352865	E4	64	64	282	36.250029	E4	64	80	
287	45.367188	G5	79	74	281	36.250029	G5	79	80	
288	45.591146	G3	55	57	283	36.458362	G3	55	80	
289	45.842448	F#3	54	65	284	36.666696	F#3	54	80	
290	46.104167	A3	57	59	285	36.875030	A3	57	80	
291	46.342448	A4	69	70	286	37.083363	A4	69	80	
292	46.364583	D3	50	58	287	37.083363	D3	50	80	
293	46.602865	E3	52	60	288	37.291697	E3	52	80	
294	46.805990	B4	71	70	289	37.500030	B4	71	80	
295	46.817708	F#3	54	69	290	37.500030	F#3	54	80	
296	46.927083	A4	69	75	291	37.604197	A4	69	80	
297	47.016927	A3	57	56	293	37.708364	A3	57	80	
298	47.022135	G#4	68	74	292	37.708364	G#4	68	80	
299	47.145833	A4	69	71	294	37.812530	A4	69	80	
300	47.274740	D3	50	62	296	37.916697	D3	50	80	
301	47.302083	A5	81	78	295	37.916697	A5	81	80	
302	47.513021	F#3	54	67	298	38.125031	F#3	54	80	
303	47.528646	D5	74	74	297	38.125031	D5	74	80	
304	47.783854	E3	52	61	300	38.333364	E3	52	80	
305	47.783854	D5	74	75	299	38.333364	D5	74	80	
306	48.054688	A3	57	59	301	38.541697	A3	57	80	
307	48.278646	C#5	73	66	302	38.750031	C#5	73	80	
308	48.282552	E3	52	55	303	38.750031	E3	52	80	
309	48.381510	D5	74	68	*	-1	*	-1	-1	
310	48.460938	C#5	73	76	*	-1	*	-1	-1	
311	48.509115	C#3	49	48	304	38.958365	C#3	49	80	
312	48.537760	D5	74	72	*	-1	*	-1	-1	
313	48.602865	C#5	73	84	*	-1	*	-1	-1	
314	48.671875	D5	74	73	*	-1	*	-1	-1	
315	48.750000	C#5	73	77	*	-1	*	-1	-1	
316	48.822917	A2	45	65	305	39.166698	A2	45	80	
317	49.050781	B4	71	66	306	39.270865	B4	71	80	
318	49.173177	C#5	73	72	307	39.375031	C#5	73	80	
319	49.180990	A3	57	59	308	39.375031	A3	57	80	
320	49.285156	Eb5	75	73	309	39.479198	Eb5	75	80	
321	49.403646	G3	55	64	311	39.583365	G3	55	80	
322	49.404948	E5	76	71	310	39.583365	E5	76	80	
323	49.522135	Eb5	75	81	312	39.687532	Eb5	75	80	
324	49.610677	F#3	54	69	314	39.791699	F#3	54	80	
325	49.627604	C#5	73	82	313	39.791699	C#5	73	80	
326	49.748698	Eb5	75	84	315	39.895865	Eb5	75	80	
327	49.871094	G3	55	64	317	40.000032	G3	55	80	
328	49.898438	E5	76	77	316	40.000032	E5	76	80	
329	50.162760	B3	59	57	319	40.208365	B3	59	80	
330	50.165365	G5	79	81	318	40.208365	G5	79	80	
331	50.419271	E3	52	57	321	40.416699	E3	52	80	
332	50.427083	B4	71	77	320	40.416699	B4	71	80	
333	50.657552	F#3	54	67	323	40.625033	F#3	54	80	
334	50.680990	Eb5	75	75	322	40.625033	Eb5	75	80	
335	50.928385	G3	55	65	325	40.833366	G3	55	80	
336	50.934896	E5	76	74	324	40.833366	E5	76	80	
337	51.194010	G5	79	72	326	41.041700	G5	79	80	
338	51.205729	B3	59	54	327	41.041700	B3	59	80	
339	51.440104	B4	71	65	328	41.250033	B4	71	80	
340	51.453125	E3	52	54	329	41.250033	E3	52	80	
341	51.690104	G3	55	57	331	41.458367	G3	55	80	
342	51.700521	E5	76	69	330	41.458367	E5	76	80	
343	51.945312	E5	76	71	332	41.666700	E5	76	80	
344	51.953125	F#3	54	67	333	41.666700	F#3	54	80	
345	52.205729	B3	59	65	334	41.875034	B3	59	80	
346	52.436198	C4	60	63	336	42.083367	C4	60	80	
347	52.437500	Eb5	75	71	335	42.083367	Eb5	75	80	
348	52.561198	B3	59	62	337	42.187534	B3	59	80	
349	52.658854	Bb3	58	76	339	42.291700	Bb3	58	80	
350	52.682292	F#5	78	73	338	42.291700	F#5	78	80	
351	52.770833	B3	59	68	340	42.395867	B3	59	80	
352	52.917969	B4	71	79	341	42.500034	B4	71	80	
353	52.920573	Eb4	63	69	342	42.500034	Eb4	63	80	
354	53.192708	B3	59	67	343	42.708368	B3	59	80	
355	53.447917	A4	69	61	344	42.916701	A4	69	80	
356	53.459635	F#4	66	62	345	42.916701	F#4	66	80	
357	53.687500	A3	57	63	347	43.125034	A3	57	80	
358	53.699219	F#5	78	72	346	43.125034	F#5	78	80	
359	53.942708	F#5	78	75	348	43.333368	F#5	78	80	
360	53.962240	G3	55	59	349	43.333368	G3	55	80	
361	54.074219	E5	76	75	350	43.437535	E5	76	80	
362	54.180990	Eb5	75	82	351	43.541702	Eb5	75	80	
363	54.216146	B3	59	68	352	43.541702	B3	59	80	
364	54.466146	E5	76	74	353	43.750035	E5	76	80	
365	54.467448	E3	52	57	354	43.750035	E3	52	80	
366	54.701823	F#3	54	62	356	43.958368	F#3	54	80	
367	54.713542	A4	69	66	355	43.958368	A4	69	80	
368	54.964844	G3	55	59	358	44.166702	G3	55	80	
369	54.972656	A4	69	75	357	44.166702	A4	69	80	
370	55.236979	B3	59	63	359	44.375036	B3	59	80	
371	55.488281	G4	67	62	360	44.583369	G4	67	80	
372	55.489583	E3	52	55	361	44.583369	E3	52	80	
373	55.735677	G3	55	61	363	44.791702	G3	55	80	
374	55.738281	E5	76	71	362	44.791702	E5	76	80	
375	55.988281	F#3	54	66	365	45.000036	F#3	54	80	
376	56.001302	E5	76	78	364	45.000036	E5	76	80	
377	56.259115	Eb5	75	87	366	45.208370	Eb5	75	80	
378	56.272135	B3	59	63	367	45.208370	B3	59	80	
379	56.596354	F#3	54	47	369	45.416703	F#3	54	80	
380	56.600260	A5	81	78	368	45.416703	A5	81	80	
381	56.881510	Eb3	51	49	370	45.625037	Eb3	51	80	
382	57.239583	B2	47	42	371	45.833370	B2	47	80	
383	57.425781	G5	79	42	372	45.937537	G5	79	80	
384	57.526042	F#5	78	63	373	46.041704	F#5	78	80	
385	57.649740	E5	76	59	374	46.145870	E5	76	80	
386	57.763021	D5	74	67	375	46.250037	Eb5	75	80	
387	57.865885	C#5	73	78	376	46.354204	C#5	73	80	
388	57.990885	B4	71	78	377	46.458371	B4	71	80	
389	58.088542	A4	69	75	378	46.562537	A4	69	80	
390	58.234375	G4	67	72	379	46.666704	G4	67	80	
391	58.501302	B4	71	69	380	46.875037	B4	71	80	
392	58.768229	E4	64	68	381	47.083371	E4	64	80	
393	58.779948	G3	55	48	382	47.083371	G3	55	80	
394	59.049479	F#4	66	74	383	47.291705	F#4	66	80	
395	59.295573	E3	52	43	385	47.500038	E3	52	80	
396	59.329427	G4	67	62	384	47.500038	G4	67	80	
397	59.563802	B4	71	62	386	47.708371	B4	71	80	
398	59.808594	E4	64	58	387	47.916705	E4	64	80	
399	59.817708	B2	47	40	388	47.916705	B2	47	80	
400	60.076823	G4	67	63	389	48.125039	G4	67	80	
401	60.339844	F#4	66	67	390	48.333372	F#4	66	80	
402	60.585938	B4	71	65	391	48.541705	B4	71	80	
403	60.825521	C5	72	69	392	48.750039	C5	72	80	
404	60.838542	A3	57	51	393	48.750039	A3	57	80	
405	60.945312	B4	71	77	394	48.854206	B4	71	80	
406	61.053385	Bb4	70	74	395	48.958373	Bb4	70	80	
407	61.160156	B4	71	81	396	49.062539	B4	71	80	
408	61.277344	F#3	54	56	398	49.166706	F#3	54	80	
409	61.307292	Eb5	75	81	397	49.166706	Eb5	75	80	
410	61.537760	B4	71	76	399	49.375039	B4	71	80	
411	61.825521	F#5	78	73	400	49.583373	F#5	78	80	
412	61.833333	B2	47	42	401	49.583373	B2	47	80	
413	62.091146	A4	69	65	402	49.791707	A4	69	80	
414	62.341146	G4	67	70	403	50.000040	G4	67	80	
415	62.563802	B4	71	73	404	50.208374	B4	71	80	
416	62.785156	B3	59	58	406	50.416707	B3	59	80	
417	62.795573	E4	64	74	405	50.416707	E4	64	80	
418	62.878906	A3	57	63	407	50.468790	A3	57	80	
419	62.962240	B3	59	76	408	50.520874	B3	59	80	
420	62.986979	F#4	66	75	409	50.625041	F#4	66	80	
421	63.234375	G4	67	76	410	50.833374	G4	67	80	
422	63.485677	B4	71	74	411	51.041708	B4	71	80	
423	63.497396	C4	60	62	*	-1	*	-1	-1	
424	63.615885	B3	59	63	412	51.041708	A3	57	80	
425	63.687500	E4	64	67	414	51.250041	E4	64	80	
426	63.736979	A3	57	60	413	51.145874	G3	55	80	
427	63.875000	A3	57	49	415	51.250041	A3	57	80	
428	63.915365	G4	67	69	417	51.458374	G4	67	80	
429	64.087240	F#4	66	72	416	51.354208	G3	55	80	
430	64.356771	Eb3	51	57	419	51.562541	E3	52	80	
431	64.580729	B4	71	79	422	51.875042	B4	71	80	
432	64.772135	Eb3	51	21	424	52.083375	Eb3	51	80	
433	64.842448	F#4	66	60	423	52.083375	F#4	66	80	
434	65.070312	Eb4	63	52	425	52.291708	Eb4	63	80	
435	65.335938	B3	59	69	426	52.500042	B3	59	80	
436	65.602865	A3	57	62	427	52.708376	A3	57	80	
437	65.609375	Eb5	75	70	*	-1	*	-1	-1	
438	65.718750	E5	76	68	*	-1	*	-1	-1	
439	65.725260	G3	55	63	428	52.812542	G3	55	80	
440	65.832031	Eb5	75	76	429	52.916709	Eb5	75	80	
441	65.838542	F#3	54	70	430	52.916709	F#3	54	80	
442	65.933594	C#5	73	80	*	-1	*	-1	-1	
443	65.972656	G3	55	67	431	53.020876	G3	55	80	
444	66.069010	Eb5	75	83	*	-1	*	-1	-1	
445	66.104167	A3	57	63	432	53.125042	A3	57	80	
446	66.343750	G3	55	53	434	53.333376	G3	55	80	
447	66.351562	E5	76	74	433	53.333376	E5	76	80	
448	66.608073	E4	64	65	435	53.541710	E4	64	80	
449	66.714844	F#4	66	67	436	53.645876	F#4	66	80	
450	66.829427	G4	67	75	438	53.750043	G4	67	80	
451	66.861979	B4	71	73	437	53.750043	B4	71	80	
452	66.951823	F#4	66	75	439	53.854210	F#4	66	80	
453	67.070312	E4	64	75	440	53.958376	E4	64	80	
454	67.326823	G5	79	74	441	54.166710	G5	79	80	
455	67.453125	F#5	78	78	442	54.270877	F#5	78	80	
456	67.559896	E5	76	78	443	54.375044	E5	76	80	
457	67.596354	B4	71	72	444	54.375044	B4	71	80	
458	67.680990	F#5	78	85	445	54.479210	F#5	78	80	
459	67.811198	G5	79	81	446	54.583377	G5	79	80	
460	68.072917	B4	71	62	447	54.791711	B4	71	80	
461	68.085938	D4	62	62	448	54.791711	D4	62	80	
462	68.335938	A4	69	51	449	55.000044	A4	69	80	
463	68.401042	B4	71	60	450	55.052127	B4	71	80	
464	68.473958	A4	69	73	451	55.104211	A4	69	80	
465	68.683594	G#4	68	70	452	55.208378	G#4	68	80	
466	68.691406	E4	64	62	453	55.208378	E4	64	80	
467	68.811198	D4	62	66	454	55.312544	D4	62	80	
468	68.921875	C#4	61	70	456	55.416711	C#4	61	80	
469	68.933594	A4	69	63	455	55.416711	A4	69	80	
470	69.057292	D4	62	69	457	55.520878	D4	62	80	
471	69.164062	C#5	73	73	458	55.625045	C#5	73	80	
472	69.182292	E4	64	74	459	55.625045	E4	64	80	
473	69.433594	C#5	73	73	460	55.833378	C#5	73	80	
474	69.697917	E5	76	78	461	56.041711	E5	76	80	
475	69.700521	G3	55	58	462	56.041711	G3	55	80	
476	69.964844	A5	81	79	463	56.250045	A5	81	80	
477	70.220052	C#5	73	75	464	56.458379	C#5	73	80	
478	70.226562	E4	64	61	465	56.458379	E4	64	80	
479	70.485677	F#3	54	62	467	56.666712	F#3	54	80	
480	70.496094	D5	74	70	466	56.666712	D5	74	80	
481	70.777344	D4	62	54	468	56.875045	D4	62	80	
482	70.869792	E4	64	68	469	56.979212	E4	64	80	
483	70.946615	A4	69	64	470	57.083379	A4	69	80	
484	70.976562	F#4	66	77	471	57.083379	F#4	66	80	
485	71.096354	E4	64	73	472	57.187546	E4	64	80	
486	71.204427	D4	62	73	473	57.291713	D4	62	80	
487	71.420573	F#5	78	70	474	57.500046	F#5	78	80	
488	71.549479	E5	76	71	475	57.604213	E5	76	80	
489	71.654948	D5	74	78	476	57.708379	D5	74	80	
490	71.690104	A4	69	69	477	57.708379	A4	69	80	
491	71.779948	E5	76	76	478	57.812546	E5	76	80	
492	71.912760	F#5	78	77	479	57.916713	F#5	78	80	
493	72.171875	A4	69	57	480	58.125047	A4	69	80	
494	72.174479	C4	60	67	481	58.125047	C4	60	80	
495	72.438802	G4	67	54	482	58.333380	G4	67	80	
496	72.511719	A4	69	52	483	58.385463	A4	69	80	
497	72.588542	G4	67	68	484	58.437547	G4	67	80	
498	72.790365	F#4	66	70	485	58.541714	F#4	66	80	
499	72.795573	D4	62	60	486	58.541714	D4	62	80	
500	72.915365	C4	60	67	487	58.645880	C4	60	80	
501	73.015625	G4	67	65	488	58.750047	G4	67	80	
502	73.039062	B3	59	65	489	58.750047	B3	59	80	
503	73.153646	C4	60	70	490	58.854214	C4	60	80	
504	73.257812	B4	71	70	491	58.958381	B4	71	80	
505	73.281250	D4	62	71	492	58.958381	D4	62	80	
506	73.535156	B4	71	76	493	59.166714	B4	71	80	
507	73.791667	F#3	54	59	495	59.375048	F#3	54	80	
508	73.807292	D5	74	70	494	59.375048	D5	74	80	
509	74.083333	G5	79	79	496	59.583381	G5	79	80	
510	74.316406	B4	71	77	497	59.791715	B4	71	80	
511	74.324219	D4	62	68	498	59.791715	D4	62	80	
512	74.595052	C#5	73	74	499	60.000048	C#5	73	80	
513	74.610677	E3	52	53	500	60.000048	E3	52	80	
514	74.868490	G5	79	80	501	60.208382	G5	79	80	
515	75.128906	D3	50	67	502	60.416715	D3	50	80	
516	75.382812	F#5	78	81	503	60.625048	F#5	78	80	
517	75.640625	Bb4	70	76	504	60.833382	Bb4	70	80	
518	75.653646	C#3	49	53	505	60.833382	C#3	49	80	
519	75.915365	E5	76	73	506	61.041716	E5	76	80	
520	76.203125	B2	47	50	507	61.250049	B2	47	80	
521	76.433594	D5	74	68	508	61.458382	D5	74	80	
522	76.704427	F4	65	66	509	61.666716	F4	65	80	
523	76.962240	D4	62	61	510	61.875050	D4	62	80	
524	77.243490	F#4	66	73	511	62.083383	F#4	66	80	
525	77.524740	C#4	61	56	512	62.291716	C#4	61	80	
526	77.765625	F3	53	58	514	62.500050	F3	53	80	
527	77.768229	G#4	68	72	513	62.500050	G#4	68	80	
528	78.040365	B3	59	59	515	62.708384	B3	59	80	
529	78.295573	A4	69	80	516	62.916717	A4	69	80	
530	78.535156	A3	57	65	517	63.125051	A3	57	80	
531	78.813802	B4	71	78	518	63.333384	B4	71	80	
532	78.820312	D3	50	64	519	63.333384	D3	50	80	
533	79.071615	G#3	56	72	520	63.541718	G#3	56	80	
534	79.343750	C#5	73	83	521	63.750051	C#5	73	80	
535	79.563802	F#3	54	68	522	63.958385	F#3	54	80	
536	79.850260	D5	74	74	523	64.166718	D5	74	80	
537	79.854167	B2	47	57	524	64.166718	B2	47	80	
538	80.119792	F4	65	76	525	64.375051	F4	65	80	
539	80.384115	B3	59	66	526	64.583385	B3	59	80	
540	80.636719	F#4	66	79	527	64.791719	F#4	66	80	
541	80.893229	F3	53	59	529	65.000052	F3	53	80	
542	80.919271	G#4	68	72	528	65.000052	G#4	68	80	
543	81.183594	B3	59	67	530	65.208386	B3	59	80	
544	81.441406	G#3	56	55	531	65.416719	G#3	56	80	
545	81.674479	D4	62	67	532	65.625052	D4	62	80	
546	81.951823	C#3	49	45	533	65.833386	C#3	49	80	
547	82.243490	C#4	61	55	534	66.041719	C#4	61	80	
548	82.535156	F3	53	46	535	66.250053	F3	53	80	
549	82.832031	B3	59	48	536	66.458387	B3	59	80	
550	83.234375	F#2	42	38	538	66.666720	F#2	42	80	
551	83.277344	A3	57	39	537	66.666720	A3	57	80	
552	83.541667	C#4	61	58	539	66.875054	C#4	61	80	
553	83.790365	A2	45	49	541	67.083387	A2	45	80	
554	83.796875	F#3	54	61	540	67.083387	F#3	54	80	
555	84.039062	G#3	56	67	542	67.291720	G#3	56	80	
556	84.283854	A3	57	66	543	67.500054	A3	57	80	
557	84.289062	C#3	49	53	544	67.500054	C#3	49	80	
558	84.546875	C#4	61	58	545	67.708388	C#4	61	80	
559	84.794271	F#3	54	62	546	67.916721	F#3	54	80	
560	84.869792	D3	50	53	547	68.020888	D3	50	80	
561	84.977865	C#3	49	61	549	68.125055	C#3	49	80	
562	85.061198	A3	57	60	548	68.125055	A3	57	80	
563	85.088542	C3	48	66	550	68.229221	C3	48	80	
564	85.279948	C#3	49	59	552	68.333388	C#3	49	80	
565	85.304688	G#3	56	63	551	68.333388	G#3	56	80	
566	85.567708	C#4	61	67	553	68.541722	C#4	61	80	
567	85.812500	F2	41	46	555	68.750055	F2	41	80	
568	85.816406	D4	62	61	554	68.750055	D4	62	80	
569	85.950521	C#4	61	76	556	68.854222	C#4	61	80	
570	86.059896	C4	60	78	557	68.958388	C4	60	80	
571	86.162760	C#4	61	75	558	69.062555	C#4	61	80	
572	86.285156	G#2	44	58	560	69.166722	G#2	44	80	
573	86.292969	F4	65	76	559	69.166722	F4	65	80	
574	86.549479	C#4	61	70	561	69.375056	C#4	61	80	
575	86.798177	G#4	68	63	562	69.583389	G#4	68	80	
576	86.800781	C#3	49	47	563	69.583389	C#3	49	80	
577	87.061198	B3	59	57	564	69.791723	B3	59	80	
578	87.308594	A3	57	51	565	70.000056	A3	57	80	
579	87.342448	F#2	42	42	566	70.000056	F#2	42	80	
580	87.544271	C#3	49	53	567	70.208389	C#3	49	80	
581	87.815104	C#4	61	70	568	70.416723	C#4	61	80	
582	87.816406	F#3	54	63	569	70.416723	F#3	54	80	
583	88.063802	G#3	56	62	570	70.625056	G#3	56	80	
584	88.325521	F#4	66	80	571	70.833390	F#4	66	80	
585	88.329427	A3	57	59	572	70.833390	A3	57	80	
586	88.588542	C#4	61	67	573	71.041724	C#4	61	80	
587	88.838542	F#3	54	58	575	71.250057	F#3	54	80	
588	88.845052	A4	69	79	574	71.250057	A4	69	80	
589	89.098958	A3	57	61	576	71.458391	A3	57	80	
590	89.348958	F4	65	78	577	71.666724	F4	65	80	
591	89.369792	G#3	56	61	578	71.666724	G#3	56	80	
592	89.605469	C#4	61	69	579	71.875057	C#4	61	80	
593	89.835938	G#4	68	77	580	72.083391	G#4	68	80	
594	89.856771	D4	62	64	581	72.083391	D4	62	80	
595	89.966146	C#4	61	74	582	72.187558	C#4	61	80	
596	90.089844	C4	60	74	583	72.291725	C4	60	80	
597	90.208333	C#4	61	75	584	72.395891	C#4	61	80	
598	90.325521	B4	71	85	585	72.500058	B4	71	80	
599	90.351562	F4	65	70	586	72.500058	F4	65	80	
600	90.580729	C#4	61	69	587	72.708392	C#4	61	80	
601	90.850260	D5	74	83	588	72.916725	D5	74	80	
602	90.865885	G#4	68	65	589	72.916725	G#4	68	80	
603	91.101562	B3	59	62	590	73.125059	B3	59	80	
604	91.365885	C#5	73	68	591	73.333392	C#5	73	80	
605	91.368490	A3	57	55	592	73.333392	A3	57	80	
606	91.631510	F#4	66	63	593	73.541725	F#4	66	80	
607	91.746094	G#4	68	64	594	73.645892	G#4	68	80	
608	91.832031	F#3	54	60	596	73.750059	F#3	54	80	
609	91.851562	A4	69	71	595	73.750059	A4	69	80	
610	91.955729	G#4	68	77	597	73.854226	G#4	68	80	
611	92.067708	F#4	66	82	598	73.958393	F#4	66	80	
612	92.343750	G#3	56	62	599	74.166726	G#3	56	80	
613	92.601562	C#5	73	82	600	74.375060	C#5	73	80	
614	92.871094	Bb3	58	60	601	74.583393	Bb3	58	80	
615	93.110677	E4	64	68	602	74.791726	E4	64	80	
616	93.384115	B3	59	55	603	75.000060	B3	59	80	
617	93.652344	F#4	66	60	604	75.208393	F#4	66	80	
618	93.776042	E4	64	67	605	75.312560	E4	64	80	
619	93.877604	B2	47	53	607	75.416727	B2	47	80	
620	93.894531	D4	62	65	606	75.416727	D4	62	80	
621	94.031250	E4	64	67	608	75.520894	E4	64	80	
622	94.147135	F#4	66	65	609	75.625061	F#4	66	80	
623	94.381510	C#3	49	49	610	75.833394	C#3	49	80	
624	94.651042	A3	57	49	611	76.041728	A3	57	80	
625	94.927083	Eb3	51	47	612	76.250061	Eb3	51	80	
626	95.164062	F#4	66	52	613	76.458394	F#4	66	80	
627	95.459635	G3	55	47	614	76.666728	G3	55	80	
628	95.463542	E2	40	33	615	76.666728	E2	40	80	
629	95.694010	E4	64	60	616	76.875062	E4	64	80	
630	95.800781	F#4	66	62	617	76.979228	F#4	66	80	
631	95.907552	G4	67	68	618	77.083395	G4	67	80	
632	95.944010	E3	52	61	619	77.083395	E3	52	80	
633	96.044271	F#4	66	78	620	77.187562	F#4	66	80	
634	96.149740	E4	64	75	621	77.291729	E4	64	80	
635	96.419271	F#3	54	70	622	77.500062	F#3	54	80	
636	96.690104	B4	71	81	623	77.708396	B4	71	80	
637	96.937500	G#3	56	67	624	77.916729	G3	55	80	
638	97.201823	D4	62	76	625	78.125062	D4	62	80	
639	97.481771	A3	57	62	626	78.333396	A3	57	80	
640	97.716146	E4	64	68	627	78.541730	E4	64	80	
641	97.854167	D4	62	60	628	78.645896	D4	62	80	
642	97.951823	C#4	61	68	629	78.750063	C#4	61	80	
643	97.953125	A2	45	54	630	78.750063	A2	45	80	
644	98.083333	D4	62	70	631	78.854230	D4	62	80	
645	98.234375	E4	64	60	632	78.958397	E4	64	80	
646	98.460938	B2	47	50	633	79.166730	B2	47	80	
647	98.739583	G3	55	47	634	79.375063	G3	55	80	
648	98.998698	C#3	49	46	635	79.583397	C#3	49	80	
649	99.268229	E4	64	52	636	79.791730	E4	64	80	
650	99.554688	D2	38	35	638	80.000064	D2	38	80	
651	99.554688	F#3	54	44	637	80.000064	F#3	54	80	
652	99.816406	C#4	61	53	639	80.208398	C#4	61	80	
653	100.083333	F#2	42	46	640	80.416731	F#2	42	80	
654	100.335938	E4	64	63	641	80.625065	E4	64	80	
655	100.587240	A2	45	47	642	80.833398	A2	45	80	
656	100.829427	D4	62	54	643	81.041731	D4	62	80	
657	100.945312	C#4	61	60	644	81.145898	C#4	61	80	
658	101.082031	D3	50	55	646	81.250065	D3	50	80	
659	101.082031	D4	62	66	645	81.250065	D4	62	80	
660	101.203125	C#4	61	68	647	81.354232	C#4	61	80	
661	101.307292	B3	59	65	648	81.458399	B3	59	80	
662	101.414062	Bb3	58	65	649	81.562565	Bb3	58	80	
663	101.545573	G2	43	46	651	81.666732	G2	43	80	
664	101.554688	B3	59	69	650	81.666732	B3	59	80	
665	101.822917	F#4	66	73	652	81.875066	F#4	66	80	
666	102.074219	B2	47	58	653	82.083399	B2	47	80	
667	102.305990	A4	69	70	654	82.291732	A4	69	80	
668	102.569010	D3	50	63	655	82.500066	D3	50	80	
669	102.816406	G4	67	61	656	82.708399	G4	67	80	
670	102.927083	F#4	66	71	657	82.812566	F#4	66	80	
671	103.049479	G4	67	71	658	82.916733	G4	67	80	
672	103.078125	G3	55	59	659	82.916733	G3	55	80	
673	103.149740	F#4	66	76	660	83.020900	F#4	66	80	
674	103.256510	E4	64	71	661	83.125067	E4	64	80	
675	103.377604	D4	62	72	662	83.229233	D4	62	80	
676	103.524740	C#3	49	58	664	83.333400	C#3	49	80	
677	103.524740	E4	64	83	663	83.333400	E4	64	80	
678	103.807292	B4	71	82	665	83.541734	B4	71	80	
679	104.045573	E3	52	65	666	83.750067	E3	52	80	
680	104.292969	D5	74	80	667	83.958400	D5	74	80	
681	104.539062	G3	55	61	668	84.166734	G3	55	80	
682	104.783854	C#5	73	78	669	84.375068	C#5	73	80	
683	104.910156	B4	71	75	670	84.479234	B4	71	80	
684	104.984375	C#4	61	63	672	84.583401	C#4	61	80	
685	105.024740	C#5	73	81	671	84.583401	C#5	73	80	
686	105.144531	B4	71	78	673	84.687568	B4	71	80	
687	105.248698	Bb4	70	81	674	84.791735	Bb4	70	80	
688	105.368490	G#4	68	78	675	84.895901	G#4	68	80	
689	105.481771	F#3	54	60	677	85.000068	F#3	54	80	
690	105.516927	Bb4	70	76	676	85.000068	Bb4	70	80	
691	105.770833	E5	76	79	678	85.208402	E5	76	80	
692	106.003906	Bb3	58	70	679	85.416735	Bb3	58	80	
693	106.278646	G5	79	83	680	85.625068	G5	79	80	
694	106.545573	C#4	61	66	681	85.833402	C#4	61	80	
695	106.786458	F#5	78	75	682	86.041736	F#5	78	80	
696	106.904948	E5	76	71	683	86.145902	E5	76	80	
697	107.042969	F#5	78	81	684	86.250069	F#5	78	80	
698	107.059896	F#4	66	66	685	86.250069	F#4	66	80	
699	107.164062	E5	76	76	686	86.354236	E5	76	80	
700	107.266927	D5	74	76	687	86.458403	D5	74	80	
701	107.381510	C#5	73	82	688	86.562569	C#5	73	80	
702	107.498698	B3	59	59	690	86.666736	B3	59	80	
703	107.511719	D5	74	82	689	86.666736	D5	74	80	
704	107.748698	Bb4	70	78	691	86.875069	Bb4	70	80	
705	108.005208	G4	67	70	692	87.083403	G4	67	80	
706	108.223958	B4	71	76	693	87.291736	B4	71	80	
707	108.484375	C#5	73	79	694	87.500070	C#5	73	80	
708	108.492188	A3	57	52	695	87.500070	A3	57	80	
709	108.739583	G4	67	69	697	87.708404	G4	67	80	
710	108.843750	Eb5	75	73	696	87.708404	Eb5	75	80	
711	108.966146	E5	76	69	698	87.916737	E5	76	80	
712	108.980469	F#4	66	76	699	87.916737	F#4	66	80	
713	109.084635	Eb5	75	80	700	88.020904	Eb5	75	80	
714	109.208333	C#5	73	80	701	88.125071	C#5	73	80	
715	109.225260	A3	57	51	702	88.125071	A3	57	80	
716	109.330729	Eb5	75	77	703	88.229237	Eb5	75	80	
717	109.472656	G3	55	61	705	88.333404	G3	55	80	
718	109.473958	E5	76	80	704	88.333404	E5	76	80	
719	109.717448	Bb4	70	75	706	88.541737	Bb4	70	80	
720	109.968750	E4	64	70	707	88.750071	E4	64	80	
721	110.218750	B4	71	73	708	88.958405	B4	71	80	
722	110.485677	F#3	54	60	710	89.166738	F#3	54	80	
723	110.488281	D5	74	72	709	89.166738	D5	74	80	
724	110.714844	Bb4	70	78	711	89.375072	Bb4	70	80	
725	110.734375	E4	64	69	712	89.375072	E4	64	80	
726	110.955729	D4	62	75	713	89.583405	D4	62	80	
727	111.208333	F#3	54	58	715	89.791739	F#3	54	80	
728	111.209635	B4	71	77	714	89.791739	B4	71	80	
729	111.476562	E3	52	62	717	90.000072	E3	52	80	
730	111.477865	G5	79	77	716	90.000072	G5	79	80	
731	111.580729	F#5	78	75	718	90.104239	F#5	78	80	
732	111.688802	E5	76	80	719	90.208405	E5	76	80	
733	111.717448	D4	62	71	720	90.208405	D4	62	80	
734	111.958333	C4	60	74	721	90.416739	C4	60	80	
735	112.205729	E5	76	81	722	90.625073	E5	76	80	
736	112.216146	E3	52	54	723	90.625073	E3	52	80	
737	112.489583	D3	50	61	724	90.833406	D3	50	80	
738	112.596354	F#5	78	76	725	90.937573	F#5	78	80	
739	112.720052	E5	76	81	726	91.041740	E5	76	80	
740	112.729167	C4	60	75	727	91.041740	C4	60	80	
741	112.835938	Eb5	75	86	728	91.145906	Eb5	75	80	
742	112.946615	B3	59	61	730	91.250073	B3	59	80	
743	112.977865	E5	76	78	729	91.250073	E5	76	80	
744	113.240885	E5	76	79	731	91.458406	E5	76	80	
745	113.264323	D3	50	61	732	91.458406	D3	50	80	
746	113.531250	C#3	49	69	733	91.666740	C#3	49	80	
747	113.649740	A4	69	77	734	91.770907	A4	69	80	
748	113.781250	G4	67	83	735	91.875073	G4	67	80	
749	113.813802	Bb3	58	63	736	91.875073	B3	59	80	
750	113.933594	F#4	66	79	737	91.979240	F#4	66	80	
751	114.109375	G4	67	81	738	92.083407	G4	67	80	
752	114.110677	B3	59	69	739	92.083407	Bb3	58	80	
753	114.376302	E5	76	80	740	92.291741	E5	76	80	
754	114.393229	C#3	49	69	741	92.291741	C#3	49	80	
755	114.678385	B2	47	71	742	92.500074	B2	47	80	
756	114.972656	E4	64	80	744	92.708408	E4	64	80	
757	114.972656	G4	67	81	743	92.708408	G4	67	80	
758	114.992188	Bb3	58	72	745	92.708408	Bb3	58	80	
759	115.308594	B3	59	73	746	92.916741	B3	59	80	
760	115.605469	G4	67	82	747	93.125074	G4	67	80	
761	115.609375	B2	47	61	749	93.125074	B2	47	80	
762	115.614583	E4	64	79	748	93.125074	E4	64	80	
763	116.053385	Bb2	46	60	750	93.333408	Bb2	46	80	
764	116.610677	F#4	66	75	751	93.541742	F#4	66	80	
765	116.894531	D5	74	86	752	93.645908	D5	74	80	
766	117.335938	D5	74	84	753	93.750075	D5	74	80	
767	117.691406	C#5	73	84	754	93.958409	C#5	73	80	
768	121.171875	E4	64	42	755	94.375076	E4	64	80	
769	121.342448	F#4	66	48	756	94.479242	F#4	66	80	
770	121.507812	Bb3	58	45	758	94.583409	Bb3	58	80	
771	121.509115	G4	67	46	757	94.583409	G4	67	80	
772	121.622396	F#4	66	62	759	94.687576	F#4	66	80	
773	121.763021	E4	64	62	760	94.791742	E4	64	80	
774	122.015625	B3	59	56	762	95.000076	B3	59	80	
775	122.035156	D4	62	62	761	95.000076	D4	62	80	
776	122.295573	F#4	66	73	763	95.208410	F#4	66	80	
777	122.549479	G3	55	55	765	95.416743	G3	55	80	
778	122.557292	Bb4	70	69	764	95.416743	Bb4	70	80	
779	122.795573	B4	71	75	766	95.625077	B4	71	80	
780	123.050781	E3	52	56	768	95.833410	E3	52	80	
781	123.074219	D5	74	72	767	95.833410	D5	74	80	
782	123.309896	C#5	73	69	769	96.041743	C#5	73	80	
783	123.552083	B4	71	62	770	96.250077	B4	71	80	
784	123.574219	F#3	54	51	771	96.250077	F#3	54	80	
785	123.802083	Bb4	70	59	772	96.458410	Bb4	70	80	
786	124.093750	B4	71	57	773	96.666744	B4	71	80	
787	124.108073	D3	50	47	774	96.666744	D3	50	80	
788	124.351562	F#3	54	46	775	96.875078	F#3	54	80	
789	124.609375	B2	47	46	777	97.083411	B2	47	80	
790	124.614583	F#4	66	60	776	97.083411	F#4	66	80	
791	124.859375	C#3	49	63	778	97.291745	C#3	49	80	
792	125.114583	D3	50	61	780	97.500078	D3	50	80	
793	125.135417	G4	67	58	779	97.500078	G4	67	80	
794	125.248698	F#4	66	64	781	97.604245	F#4	66	80	
795	125.329427	F4	65	68	782	97.708411	F4	65	80	
796	125.386719	F#3	54	57	783	97.708411	F#3	54	80	
797	125.438802	F#4	66	64	784	97.812578	F#4	66	80	
798	125.622396	D5	74	62	785	97.916745	D5	74	80	
799	125.644531	B2	47	44	786	97.916745	B2	47	80	
800	125.907552	D3	50	53	787	98.125079	D3	50	80	
801	126.180990	C#3	49	55	788	98.333412	C#3	49	80	
802	126.417969	F#3	54	64	789	98.541746	F#3	54	80	
803	126.640625	F#4	66	66	790	98.750079	F#4	66	80	
804	126.661458	G3	55	59	791	98.750079	G3	55	80	
805	126.765625	F#3	54	65	792	98.854246	F#3	54	80	
806	126.867188	F3	53	67	793	98.958413	F3	53	80	
807	126.992188	F#3	54	66	794	99.062579	F#3	54	80	
808	127.151042	Bb3	58	68	796	99.166746	Bb3	58	80	
809	127.152344	G4	67	70	795	99.166746	G4	67	80	
810	127.269531	F#4	66	80	797	99.270913	F#4	66	80	
811	127.380208	F4	65	76	798	99.375079	F4	65	80	
812	127.385417	F#3	54	68	799	99.375079	F#3	54	80	
813	127.498698	F#4	66	71	800	99.479246	F#4	66	80	
814	127.662760	C#4	61	57	802	99.583413	C#4	61	80	
815	127.670573	E5	76	61	801	99.583413	E5	76	80	
816	127.927083	E3	52	60	803	99.791747	E3	52	80	
817	128.180990	D3	50	68	804	100.000080	D3	50	80	
818	128.447917	F#3	54	66	805	100.208414	F#3	54	80	
819	128.697917	F#4	66	77	806	100.416747	F#4	66	80	
820	128.716146	B2	47	56	807	100.416747	B2	47	80	
821	128.959635	C#3	49	66	808	100.625080	C#3	49	80	
822	129.210938	D3	50	69	810	100.833414	D3	50	80	
823	129.221354	G4	67	72	809	100.833414	G4	67	80	
824	129.346354	F#4	66	80	811	100.937581	F#4	66	80	
825	129.447917	F#3	54	65	813	101.041747	F#3	54	80	
826	129.458333	F4	65	69	812	101.041747	F4	65	80	
827	129.549479	F#4	66	77	814	101.145914	F#4	66	80	
828	129.712240	B2	47	64	816	101.250081	B2	47	80	
829	129.722656	F#5	78	86	815	101.250081	F#5	78	80	
830	129.953125	A4	69	81	817	101.458415	A4	69	80	
831	129.967448	C#3	49	70	818	101.458415	C#3	49	80	
832	130.257812	D3	50	69	822	101.666748	D3	50	80	
833	130.272135	B3	59	68	820	101.666748	B3	59	80	
834	130.363281	E4	64	78	821	101.666748	E4	64	80	
835	130.466146	A4	69	80	819	101.666748	A4	69	80	
836	131.135417	G#4	68	53	823	102.083415	G#4	68	80	
837	131.139323	D2	38	35	824	102.083415	D2	38	80	
838	132.339844	G#4	68	70	825	102.708416	G#4	68	80	
839	132.475260	Bb4	70	74	826	102.812582	Bb4	70	80	
840	132.575521	D3	50	61	828	102.916749	D3	50	80	
841	132.595052	B4	71	81	827	102.916749	B4	71	80	
842	132.691406	C#5	73	83	829	103.020916	C#5	73	80	
843	132.800781	Eb5	75	72	830	103.125083	D5	74	80	
844	132.885417	E5	76	79	831	103.229249	E5	76	80	
845	132.980469	C#3	49	67	835	103.333416	C#3	49	80	
846	133.071615	E4	64	76	833	103.333416	E4	64	80	
847	133.158854	G4	67	73	834	103.333416	G4	67	80	
848	133.243490	B4	71	80	832	103.333416	B4	71	80	
849	133.845052	C#4	61	42	837	103.750083	C#4	61	80	
850	133.860677	Bb4	70	63	836	103.750083	Bb4	70	80	
851	134.802083	C#4	61	66	839	104.375084	C#4	61	80	
852	134.805990	Bb4	70	73	838	104.375084	Bb4	70	80	
853	134.920573	B4	71	79	840	104.479250	B4	71	80	
854	134.923177	D4	62	71	841	104.479250	D4	62	80	
855	135.049479	E4	64	75	843	104.583417	E4	64	80	
856	135.055990	C#5	73	77	842	104.583417	C#5	73	80	
857	135.152344	D4	62	71	845	104.687584	D4	62	80	
858	135.161458	B4	71	82	844	104.687584	B4	71	80	
859	135.261719	C#4	61	71	847	104.791751	C#4	61	80	
860	135.274740	Bb4	70	79	846	104.791751	Bb4	70	80	
861	135.363281	B3	59	74	852	105.000084	B3	59	80	
862	135.497396	G#4	68	76	851	105.000084	G#4	68	80	
863	135.570312	B4	71	75	849	105.000084	B4	71	80	
864	135.692708	D5	74	79	850	105.000084	D5	74	80	
865	135.808594	F5	77	86	848	105.000084	F5	77	80	
866	136.032552	Bb3	58	68	857	105.416751	Bb3	58	80	
867	136.229167	C#4	61	69	856	105.416751	C#4	61	80	
868	136.412760	F#4	66	74	854	105.416751	F#4	66	80	
869	136.602865	C#5	73	81	855	105.416751	C#5	73	80	
870	137.148438	F#5	78	74	853	105.416751	F#5	78	80	
871	138.643229	F#3	54	59	858	106.041752	F#3	54	80	
872	138.800781	G#3	56	60	859	106.145918	G#3	56	80	
873	138.929688	Bb3	58	63	860	106.250085	Bb3	58	80	
874	139.079427	B3	59	61	861	106.354252	B3	59	80	
875	139.233073	C#4	61	63	862	106.458419	C#4	61	80	
876	139.548177	D3	50	57	863	106.666752	D3	50	80	
877	139.848958	B4	71	68	864	106.875085	B4	71	80	
878	139.983073	A4	69	70	865	106.979252	A4	69	80	
879	140.144531	G4	67	72	866	107.083419	G4	67	80	
880	140.154948	E3	52	52	867	107.083419	E3	52	80	
881	140.307292	F#4	66	73	868	107.187586	F#4	66	80	
882	140.472656	E4	64	74	869	107.291753	E4	64	80	
883	140.888021	F#3	54	48	871	107.500086	F#3	54	80	
884	140.893229	D4	62	65	870	107.500086	D4	62	80	
885	141.363281	B4	71	66	872	107.708420	B4	71	80	
886	141.955729	E4	64	57	874	107.916753	E4	64	80	
887	141.973958	C#4	61	49	873	107.916753	C#4	61	80	
888	141.979167	F#2	42	35	875	107.916753	F#2	42	80	
889	142.748698	Bb4	70	58	876	108.125087	Bb4	70	80	
890	143.833333	B2	47	25	881	108.333420	B2	47	80	
891	143.881510	B4	71	56	880	108.333420	B4	71	80	
892	143.891927	F#4	66	49	879	108.333420	F#4	66	80	
893	143.903646	D4	62	40	878	108.333420	D4	62	80	
894	143.908854	B3	59	38	877	108.333420	B3	59	80	
*	-1	*	-1	-1	418	51.458374	F#3	54	80	
*	-1	*	-1	-1	420	51.666708	F#4	66	80	
*	-1	*	-1	-1	421	51.666708	E3	52	80	
