// alignID alignOntime alignSitch alignPitch alignOnvel refID refOntime refSitch refPitch refOnvel
0	1.020833	G#4	68	57	0	0.000000	G#4	68	80	
1	1.031250	B3	59	35	1	0.000000	B3	59	80	
2	1.035156	G#3	56	38	2	0.000000	G#3	56	80	
3	1.341146	Bb4	70	63	3	0.125000	Bb4	70	80	
4	1.622396	B4	71	68	4	0.250000	B4	71	80	
5	1.638021	Eb4	63	48	5	0.250000	Eb4	63	80	
6	1.882812	G#4	68	71	6	0.375000	G#4	68	80	
7	2.169271	C#4	61	51	8	0.500000	C#4	61	80	
8	2.177083	Bb4	70	67	7	0.500000	Bb4	70	80	
9	2.434896	C#5	73	71	9	0.625000	C#5	73	80	
10	2.761719	E5	76	69	10	0.750000	E5	76	80	
11	2.785156	G3	55	41	11	0.750000	G3	55	80	
12	3.377604	Eb5	75	69	12	1.000000	Eb5	75	80	
13	3.403646	B3	59	48	13	1.000000	B3	59	80	
14	3.993490	C#5	73	69	14	1.250000	C#5	73	80	
15	4.009115	Bb3	58	46	15	1.250000	Bb3	58	80	
16	4.587240	B4	71	67	16	1.500000	B4	71	80	
17	4.600260	G#3	56	46	18	1.500000	G#3	56	80	
18	4.875000	Bb3	58	54	19	1.625000	Bb3	58	80	
19	5.174479	G#5	80	75	20	1.750000	G#5	80	80	
20	5.184896	Eb5	75	60	21	1.750000	E5	76	80	
21	5.199219	B3	59	50	22	1.750000	B3	59	80	
22	5.438802	G#3	56	61	23	1.875000	G#3	56	80	
23	5.740885	C#5	73	65	25	2.000000	C#5	73	80	
24	5.744792	Bb3	58	66	26	2.000000	Bb3	58	80	
25	5.747396	Bb4	70	53	24	2.000000	Bb4	70	80	
26	6.022135	C#4	61	69	27	2.125000	C#4	61	80	
27	6.341146	G5	79	73	28	2.250000	G5	79	80	
28	6.382812	E4	64	55	29	2.250000	E4	64	80	
29	6.928385	B4	71	61	30	2.500000	B4	71	80	
30	6.949219	Eb4	63	50	31	2.500000	Eb4	63	80	
31	7.548177	Bb4	70	58	33	2.750000	Bb4	70	80	
32	7.558594	C#4	61	49	34	2.750000	C#4	61	80	
33	8.132812	G#5	80	70	35	3.000000	G#5	80	80	
34	8.161458	Eb5	75	46	36	3.000000	Eb5	75	80	
35	8.179688	B3	59	33	37	3.000000	B3	59	80	
36	8.403646	Bb5	82	72	38	3.125000	Bb5	82	80	
37	8.696615	B5	83	74	39	3.250000	B5	83	80	
38	8.722656	G#4	68	43	40	3.250000	G#4	68	80	
39	8.964844	Eb5	75	71	41	3.375000	Eb5	75	80	
40	9.261719	E5	76	63	42	3.500000	E5	76	80	
41	9.274740	C#4	61	47	43	3.500000	C#4	61	80	
42	9.540365	G#5	80	64	44	3.625000	G#5	80	80	
43	9.835938	F#5	78	65	45	3.750000	F#5	78	80	
44	9.837240	Bb3	58	46	46	3.750000	Bb3	58	80	
45	10.121094	G#5	80	71	47	3.875000	G#5	80	80	
46	10.404948	Bb5	82	73	48	4.000000	Bb5	82	80	
47	10.425781	F#4	66	42	49	4.000000	F#4	66	80	
48	10.687500	C#5	73	64	50	4.125000	C#5	73	80	
49	10.966146	Eb5	75	65	51	4.250000	Eb5	75	80	
50	10.997396	B3	59	45	52	4.250000	B3	59	80	
51	11.259115	F#5	78	60	53	4.375000	F#5	78	80	
52	11.537760	G#3	56	42	55	4.500000	G#3	56	80	
53	11.546875	E5	76	65	54	4.500000	E5	76	80	
54	11.809896	F#5	78	74	56	4.625000	F#5	78	80	
55	12.111979	G#5	80	74	57	4.750000	G#5	80	80	
56	12.140625	E4	64	46	58	4.750000	E4	64	80	
57	12.378906	B4	71	72	59	4.875000	B4	71	80	
58	12.652344	E3	52	51	61	5.000000	E3	52	80	
59	12.662760	C#5	73	72	60	5.000000	C#5	73	80	
60	12.924479	E5	76	67	62	5.125000	E5	76	80	
61	13.213542	Bb4	70	65	63	5.250000	Bb4	70	80	
62	13.225260	F#3	54	56	64	5.250000	F#3	54	80	
63	13.490885	B4	71	68	65	5.375000	B4	71	80	
64	13.769531	C#5	73	66	66	5.500000	C#5	73	80	
65	13.779948	Eb4	63	47	68	5.500000	Eb4	63	80	
66	13.791667	G#3	56	47	67	5.500000	G#3	56	80	
67	14.055990	F#4	66	64	69	5.625000	F#4	66	80	
68	14.337240	C#4	61	49	72	5.750000	C#4	61	80	
69	14.341146	C#5	73	66	70	5.750000	C#5	73	80	
70	14.350260	Bb3	58	42	71	5.750000	Bb3	58	80	
71	14.622396	E5	76	65	73	5.875000	E5	76	80	
72	14.908854	B3	59	55	75	6.000000	B3	59	80	
73	14.914062	Eb5	75	69	74	6.000000	Eb5	75	80	
74	15.186198	E5	76	70	77	6.125000	E5	76	80	
75	15.196615	C#4	61	59	78	6.125000	C#4	61	80	
76	15.463542	Eb4	63	66	80	6.250000	Eb4	63	80	
77	15.472656	F#5	78	75	79	6.250000	F#5	78	80	
78	15.730469	B3	59	68	82	6.375000	B3	59	80	
79	15.731771	Eb5	75	78	81	6.375000	Eb5	75	80	
80	16.022135	E5	76	73	83	6.500000	E5	76	80	
81	16.026042	C#4	61	65	84	6.500000	C#4	61	80	
82	16.281250	G#5	80	68	85	6.625000	G#5	80	80	
83	16.298177	E4	64	60	86	6.625000	E4	64	80	
84	16.574219	G#4	68	72	88	6.750000	G#4	68	80	
85	16.579427	B4	71	69	87	6.750000	B4	71	80	
86	16.850260	Bb4	70	75	89	6.875000	Bb4	70	80	
87	17.153646	B4	71	70	90	7.000000	B4	71	80	
88	17.156250	F#4	66	60	91	7.000000	F#4	66	80	
89	17.416667	Bb4	70	71	92	7.125000	Bb4	70	80	
90	17.687500	B4	71	74	93	7.250000	B4	71	80	
91	17.705729	E4	64	63	94	7.250000	E4	64	80	
92	17.958333	C#5	73	76	95	7.375000	C#5	73	80	
93	18.255208	Eb4	63	71	96	7.500000	Eb4	63	80	
94	18.268229	B2	47	61	97	7.500000	B2	47	80	
95	18.540365	E4	64	75	98	7.625000	E4	64	80	
96	18.545573	C#3	49	67	99	7.625000	C#3	49	80	
97	18.812500	B4	71	78	100	7.750000	B4	71	80	
98	18.815104	Eb3	51	72	102	7.750000	Eb3	51	80	
99	18.816406	F#4	66	63	101	7.750000	F#4	66	80	
100	19.114583	B2	47	69	104	7.875000	B2	47	80	
101	19.122396	Eb4	63	71	103	7.875000	Eb4	63	80	
102	19.389323	E4	64	76	105	8.000000	E4	64	80	
103	19.391927	C#3	49	70	106	8.000000	C#3	49	80	
104	19.657552	E3	52	71	108	8.125000	E3	52	80	
105	19.658854	G#4	68	72	107	8.125000	G#4	68	80	
106	19.946615	C#4	61	70	109	8.250000	C#4	61	80	
107	19.954427	G#3	56	74	110	8.250000	G#3	56	80	
108	20.223958	B4	71	78	111	8.375000	B4	71	80	
109	20.507812	Bb4	70	78	112	8.500000	Bb4	70	80	
110	20.520833	F#3	54	63	113	8.500000	F#3	54	80	
111	20.783854	B4	71	74	114	8.625000	B4	71	80	
112	21.080729	C#5	73	77	115	8.750000	C#5	73	80	
113	21.088542	E3	52	54	116	8.750000	E3	52	80	
114	21.356771	Bb4	70	75	117	8.875000	Bb4	70	80	
115	21.649740	F#4	66	72	118	9.000000	F#4	66	80	
116	21.661458	Eb3	51	53	119	9.000000	Eb3	51	80	
117	21.934896	E3	52	55	120	9.125000	E3	52	80	
118	22.236979	F#3	54	53	122	9.250000	F#3	54	80	
119	22.242188	B3	59	76	121	9.250000	B3	59	80	
120	22.519531	A3	57	74	123	9.375000	A3	57	80	
121	22.523438	Eb3	51	60	124	9.375000	Eb3	51	80	
122	22.794271	C#4	61	71	125	9.500000	C#4	61	80	
123	22.812500	F3	53	57	126	9.500000	F3	53	80	
124	23.075521	B3	59	70	127	9.625000	B3	59	80	
125	23.082031	G#3	56	55	128	9.625000	G#3	56	80	
126	23.363281	D4	62	68	129	9.750000	D4	62	80	
127	23.375000	B3	59	47	130	9.750000	B3	59	80	
128	23.639323	F4	65	72	131	9.875000	F4	65	80	
129	23.921875	C#4	61	62	133	10.000000	C#4	61	80	
130	23.927083	F#4	66	63	132	10.000000	F#4	66	80	
131	23.940104	A3	57	53	134	10.000000	A3	57	80	
132	24.217448	F4	65	58	135	10.125000	F4	65	80	
133	24.494792	F#4	66	65	136	10.250000	F#4	66	80	
134	24.533854	G#3	56	37	138	10.250000	G#3	56	80	
135	24.533854	B3	59	34	137	10.250000	B3	59	80	
136	24.799479	G#4	68	57	139	10.375000	G#4	68	80	
137	25.016927	F#3	54	50	141	10.500000	F#3	54	80	
138	25.114583	C#4	61	73	140	10.500000	C#4	61	80	
139	25.351562	Eb4	63	80	142	10.625000	Eb4	63	80	
140	25.643229	E4	64	76	143	10.750000	E4	64	80	
141	25.664062	A3	57	51	144	10.750000	A3	57	80	
142	25.903646	C#4	61	74	145	10.875000	C#4	61	80	
143	25.925781	G#3	56	62	146	10.875000	G#3	56	80	
144	26.207031	Eb4	63	77	147	11.000000	Eb4	63	80	
145	26.222656	A3	57	53	148	11.000000	A3	57	80	
146	26.481771	F#3	54	56	150	11.125000	F#3	54	80	
147	26.481771	F#4	66	76	149	11.125000	F#4	66	80	
148	26.764323	A4	69	75	151	11.250000	A4	69	80	
149	26.774740	C4	60	64	152	11.250000	C4	60	80	
150	27.054688	F#3	54	59	153	11.375000	F#3	54	80	
151	27.337240	G#4	68	67	154	11.500000	G#4	68	80	
152	27.359375	E3	52	48	156	11.500000	E3	52	80	
153	27.359375	C#4	61	51	155	11.500000	C#4	61	80	
154	27.613281	Eb3	51	55	157	11.625000	Eb3	51	80	
155	27.915365	F#4	66	62	158	11.750000	F#4	66	80	
156	27.919271	C#3	49	54	160	11.750000	C#3	49	80	
157	27.923177	Eb4	63	59	159	11.750000	Eb4	63	80	
158	28.192708	C3	48	54	161	11.875000	C3	48	80	
159	28.492188	G#3	56	59	163	12.000000	G#3	56	80	
160	28.500000	E4	64	67	162	12.000000	E4	64	80	
161	28.514323	C#3	49	50	164	12.000000	C#3	49	80	
162	28.763021	Bb3	58	72	165	12.125000	Bb3	58	80	
163	29.049479	B3	59	76	166	12.250000	B3	59	80	
164	29.320312	G#3	56	75	167	12.375000	G#3	56	80	
165	29.596354	C#5	73	77	168	12.500000	C#5	73	80	
166	29.604167	Bb3	58	71	169	12.500000	Bb3	58	80	
167	29.860677	C#4	61	77	170	12.625000	C#4	61	80	
168	30.158854	E4	64	63	172	12.750000	E4	64	80	
169	30.165365	Bb4	70	70	171	12.750000	Bb4	70	80	
170	30.173177	G2	43	56	173	12.750000	G2	43	80	
171	30.430990	C#4	61	62	174	12.875000	C#4	61	80	
172	30.740885	B3	59	62	176	13.000000	B3	59	80	
173	30.742188	Eb4	63	76	175	13.000000	Eb4	63	80	
174	31.026042	Bb3	58	69	177	13.125000	Bb3	58	80	
175	31.308594	C#4	61	75	178	13.250000	C#4	61	80	
176	31.319010	G#3	56	64	179	13.250000	G#3	56	80	
177	31.583333	G3	55	65	180	13.375000	G3	55	80	
178	31.877604	G#3	56	57	182	13.500000	G#3	56	80	
179	31.877604	B3	59	68	181	13.500000	B3	59	80	
180	32.161458	G#4	68	74	183	13.625000	G#4	68	80	
181	32.451823	G4	67	74	184	13.750000	G4	67	80	
182	32.721354	Bb4	70	74	185	13.875000	Bb4	70	80	
183	33.031250	G#4	68	72	186	14.000000	G#4	68	80	
184	33.304688	F4	65	71	187	14.125000	F4	65	80	
185	33.579427	D4	62	69	188	14.250000	D4	62	80	
186	33.596354	Bb3	58	58	189	14.250000	Bb3	58	80	
187	33.834635	G#3	56	70	190	14.375000	G#3	56	80	
188	34.145833	Eb4	63	71	191	14.500000	Eb4	63	80	
189	34.153646	F#3	54	63	192	14.500000	F#3	54	80	
190	34.410156	F3	53	60	193	14.625000	F3	53	80	
191	34.694010	F4	65	78	194	14.750000	F4	65	80	
192	34.701823	Eb3	51	53	195	14.750000	Eb3	51	80	
193	34.949219	D3	50	59	196	14.875000	D3	50	80	
194	35.278646	F#4	66	73	197	15.000000	F#4	66	80	
195	35.291667	Eb3	51	54	198	15.000000	Eb3	51	80	
196	35.545573	F3	53	60	199	15.125000	F3	53	80	
197	35.835938	Eb4	63	59	200	15.250000	Eb4	63	80	
198	35.846354	F#3	54	52	201	15.250000	F#3	54	80	
199	36.110677	Bb2	46	64	202	15.375000	Bb2	46	80	
200	36.402344	B2	47	60	204	15.500000	B2	47	80	
201	36.423177	G#3	56	55	203	15.500000	G#3	56	80	
202	36.678385	Eb3	51	56	205	15.625000	Eb3	51	80	
203	36.966146	F4	65	72	206	15.750000	F4	65	80	
204	36.990885	C#3	49	45	207	15.750000	C#3	49	80	
205	37.234375	Eb3	51	52	208	15.875000	Eb3	51	80	
206	37.528646	C#4	61	55	209	16.000000	C#4	61	80	
207	37.540365	F3	53	47	210	16.000000	F3	53	80	
208	37.795573	G#2	44	45	211	16.125000	G#2	44	80	
209	38.080729	F#3	54	52	212	16.250000	F#3	54	80	
210	38.091146	Bb2	46	50	213	16.250000	Bb2	46	80	
211	38.360677	C#3	49	51	214	16.375000	C#3	49	80	
212	38.645833	Eb4	63	63	215	16.500000	Eb4	63	80	
213	38.666667	B2	47	45	216	16.500000	B2	47	80	
214	38.920573	C#3	49	58	217	16.625000	C#3	49	80	
215	39.190104	B3	59	66	218	16.750000	B3	59	80	
216	39.217448	Eb3	51	43	219	16.750000	Eb3	51	80	
217	39.467448	Eb4	63	74	220	16.875000	Eb4	63	80	
218	39.475260	F#2	42	52	221	16.875000	F#2	42	80	
219	39.738281	F4	65	78	222	17.000000	F4	65	80	
220	39.740885	G#2	44	59	223	17.000000	G#2	44	80	
221	40.016927	B2	47	64	225	17.125000	B2	47	80	
222	40.016927	F#4	66	69	224	17.125000	F#4	66	80	
223	40.312500	G#4	68	77	226	17.250000	G#4	68	80	
224	40.322917	D2	38	58	227	17.250000	D2	38	80	
225	40.585938	B3	59	64	228	17.375000	B3	59	80	
226	40.882812	Bb3	58	68	229	17.500000	Bb3	58	80	
227	40.890625	D3	50	58	230	17.500000	D3	50	80	
228	41.166667	D4	62	68	231	17.625000	D4	62	80	
229	41.450521	Bb2	46	54	233	17.750000	Bb2	46	80	
230	41.455729	F4	65	70	232	17.750000	F4	65	80	
231	41.712240	G#4	68	70	234	17.875000	G#4	68	80	
232	42.016927	F#4	66	63	235	18.000000	F#4	66	80	
233	42.031250	Eb3	51	51	236	18.000000	Eb3	51	80	
234	42.282552	Bb3	58	65	237	18.125000	Bb3	58	80	
235	42.290365	F3	53	62	238	18.125000	F3	53	80	
236	42.555990	Eb4	63	67	239	18.250000	Eb4	63	80	
237	42.572917	F#3	54	68	240	18.250000	F#3	54	80	
238	42.822917	F#4	66	73	241	18.375000	F#4	66	80	
239	42.825521	Eb3	51	69	242	18.375000	Eb3	51	80	
240	43.095052	F3	53	62	244	18.500000	F3	53	80	
241	43.097656	G#4	68	77	243	18.500000	G#4	68	80	
242	43.364583	B4	71	80	245	18.625000	B4	71	80	
243	43.373698	G#3	56	68	246	18.625000	G#3	56	80	
244	43.691406	B3	59	58	269	19.250000	G#3	56	80	
245	43.691406	F4	65	71	*	-1	*	-1	-1	
246	43.701823	D4	62	65	*	-1	*	-1	-1	
247	44.000000	F#4	66	72	249	18.750000	F#4	66	80	
248	44.125000	F4	65	70	247	18.750000	F4	65	80	
249	44.266927	F#4	66	70	*	-1	*	-1	-1	
250	44.270833	Bb3	58	53	261	19.000000	Bb3	58	80	
251	44.399740	F4	65	66	*	-1	*	-1	-1	
252	44.523438	F#4	66	63	*	-1	*	-1	-1	
253	44.648438	F4	65	59	*	-1	*	-1	-1	
254	44.781250	F#4	66	68	*	-1	*	-1	-1	
255	44.813802	G#3	56	47	*	-1	*	-1	-1	
256	44.925781	F4	65	67	*	-1	*	-1	-1	
257	45.078125	Eb4	63	66	248	18.750000	D4	62	80	
258	45.209635	F4	65	65	*	-1	*	-1	-1	
259	45.359375	Eb4	63	63	*	-1	*	-1	-1	
260	45.364583	F#3	54	50	272	19.500000	F#3	54	80	
261	45.630208	F4	65	62	273	19.625000	F4	65	80	
262	45.636719	G#3	56	51	274	19.625000	G#3	56	80	
263	45.903646	F#4	66	59	275	19.750000	F#4	66	80	
264	45.906250	Bb3	58	51	276	19.750000	Bb3	58	80	
265	46.165365	Eb4	63	62	277	19.875000	Eb4	63	80	
266	46.180990	F#3	54	52	278	19.875000	F#3	54	80	
267	46.453125	G#3	56	62	280	20.000000	G#3	56	80	
268	46.459635	F4	65	63	279	20.000000	F4	65	80	
269	46.731771	B3	59	50	282	20.125000	B3	59	80	
270	46.734375	G#4	68	66	281	20.125000	G#4	68	80	
271	47.007812	B4	71	70	283	20.250000	B4	71	80	
272	47.028646	D3	50	45	284	20.250000	D3	50	80	
273	47.291667	Eb3	51	52	285	20.375000	Eb3	51	80	
274	47.579427	Bb4	70	61	286	20.500000	Bb4	70	80	
275	47.591146	F3	53	50	287	20.500000	F3	53	80	
276	47.837240	Bb2	46	55	288	20.625000	Bb2	46	80	
277	48.131510	D3	50	57	290	20.750000	D3	50	80	
278	48.134115	G#4	68	63	289	20.750000	G#4	68	80	
279	48.407552	F3	53	54	291	20.875000	F3	53	80	
280	48.713542	Eb4	63	59	293	21.000000	Eb4	63	80	
281	48.713542	F#4	66	56	292	21.000000	F#4	66	80	
282	48.723958	Eb3	51	61	294	21.000000	Eb3	51	80	
283	49.009115	C#4	61	66	295	21.125000	C#4	61	80	
284	49.291667	B3	59	70	296	21.250000	B3	59	80	
285	49.563802	Eb4	63	72	297	21.375000	Eb4	63	80	
286	49.838542	C#4	61	73	298	21.500000	C#4	61	80	
287	50.101562	G#4	68	71	299	21.625000	G#4	68	80	
288	50.113281	Bb3	58	63	300	21.625000	Bb3	58	80	
289	50.407552	G3	55	69	302	21.750000	G3	55	80	
290	50.410156	Bb4	70	70	301	21.750000	Bb4	70	80	
291	50.423177	C#3	49	62	303	21.750000	C#3	49	80	
292	50.679688	B4	71	74	304	21.875000	B4	71	80	
293	50.988281	C#5	73	70	305	22.000000	C#5	73	80	
294	50.993490	G#3	56	84	306	22.000000	G#3	56	80	
295	51.268229	Bb4	70	75	307	22.125000	Bb4	70	80	
296	51.558594	Bb3	58	84	309	22.250000	Bb3	58	80	
297	51.558594	B4	71	71	308	22.250000	B4	71	80	
298	51.821615	C#5	73	75	310	22.375000	C#5	73	80	
299	52.140625	B2	47	69	312	22.500000	B2	47	80	
300	52.140625	Eb5	75	71	311	22.500000	Eb5	75	80	
301	52.420573	C#5	73	70	313	22.625000	C#5	73	80	
302	52.705729	B4	71	73	314	22.750000	B4	71	80	
303	52.708333	G#3	56	80	315	22.750000	G#3	56	80	
304	52.959635	Eb5	75	76	316	22.875000	Eb5	75	80	
305	53.265625	E4	64	79	318	23.000000	E4	64	80	
306	53.273438	C#5	73	76	317	23.000000	C#5	73	80	
307	53.546875	Bb4	70	72	319	23.125000	Bb4	70	80	
308	53.832031	Bb2	46	65	321	23.250000	Bb2	46	80	
309	53.856771	G4	67	72	320	23.250000	G4	67	80	
310	54.119792	C#3	49	72	322	23.375000	C#3	49	80	
311	54.412760	G#4	68	68	323	23.500000	G#4	68	80	
312	54.425781	B2	47	60	325	23.500000	B2	47	80	
313	54.425781	Eb4	63	71	324	23.500000	Eb4	63	80	
314	54.688802	Bb2	46	71	326	23.625000	Bb2	46	80	
315	54.964844	G#2	44	58	329	23.750000	G#2	44	80	
316	54.983073	Bb4	70	77	327	23.750000	Bb4	70	80	
317	54.994792	C#4	61	69	328	23.750000	C#4	61	80	
318	55.256510	G2	43	68	330	23.875000	G2	43	80	
319	55.563802	B4	71	82	331	24.000000	B4	71	80	
320	55.576823	B3	59	74	332	24.000000	B3	59	80	
321	55.597656	G#2	44	43	333	24.000000	G#2	44	80	
322	55.835938	F#2	42	65	335	24.125000	F#2	42	80	
323	55.839844	Eb4	63	85	334	24.125000	Eb4	63	80	
324	56.154948	E2	40	62	337	24.250000	E2	40	80	
325	56.161458	G#4	68	82	336	24.250000	G#4	68	80	
326	56.399740	G#2	44	68	339	24.375000	G#2	44	80	
327	56.412760	Bb4	70	72	338	24.375000	Bb4	70	80	
328	56.683594	F#2	42	76	341	24.500000	F#2	42	80	
329	56.687500	C5	72	84	340	24.500000	C5	72	80	
330	56.958333	Eb2	39	73	343	24.625000	Eb2	39	80	
331	56.958333	C#5	73	80	342	24.625000	C#5	73	80	
332	57.282552	Eb5	75	84	344	24.750000	Eb5	75	80	
333	57.315104	C2	36	61	346	24.750000	C2	36	80	
334	57.335938	F#4	66	45	345	24.750000	F#4	66	80	
335	57.582031	G#4	68	71	347	24.875000	G#4	68	80	
336	57.863281	A4	69	80	348	25.000000	A4	69	80	
337	57.878906	C#2	37	70	349	25.000000	C#2	37	80	
338	58.136719	F#4	66	79	350	25.125000	F#4	66	80	
339	58.410156	C#5	73	81	351	25.250000	C#5	73	80	
340	58.428385	Eb2	39	62	352	25.250000	Eb2	39	80	
341	58.687500	C5	72	92	353	25.375000	C5	72	80	
342	58.962240	F5	77	16	355	25.500000	C#5	73	80	
343	58.989583	C#5	73	86	354	25.500000	C#5	73	80	
344	59.009115	E2	40	66	356	25.500000	E2	40	80	
345	59.287760	F#2	42	67	358	25.625000	F#2	42	80	
346	59.289062	Eb5	75	84	357	25.625000	Eb5	75	80	
347	59.554688	G#2	44	77	360	25.750000	G#2	44	80	
348	59.562500	E5	76	84	359	25.750000	E5	76	80	
349	59.832031	C#5	73	82	361	25.875000	C#5	73	80	
350	59.834635	E2	40	67	362	25.875000	E2	40	80	
351	60.122396	Eb5	75	88	363	26.000000	Eb5	75	80	
352	60.139323	F#2	42	74	364	26.000000	F#2	42	80	
353	60.371094	F#5	78	86	365	26.125000	F#5	78	80	
354	60.384115	A2	45	64	366	26.125000	A2	45	80	
355	60.692708	A5	81	85	367	26.250000	A5	81	80	
356	60.697917	C5	72	74	368	26.250000	C5	72	80	
357	60.710938	Eb2	39	65	369	26.250000	Eb2	39	80	
358	60.967448	E2	40	74	370	26.375000	E2	40	80	
359	61.252604	G#5	80	85	371	26.500000	G#5	80	80	
360	61.263021	C#5	73	68	372	26.500000	C#5	73	80	
361	61.270833	F#2	42	75	373	26.500000	F#2	42	80	
362	61.518229	G#2	44	74	374	26.625000	G#2	44	80	
363	61.817708	F#5	78	87	375	26.750000	F#5	78	80	
364	61.838542	Bb2	46	70	377	26.750000	Bb2	46	80	
365	61.843750	Eb5	75	67	376	26.750000	Eb5	75	80	
366	62.100260	C3	48	70	378	26.875000	C3	48	80	
367	62.433594	E5	76	80	379	27.000000	E5	76	80	
368	62.441406	C#3	49	66	380	27.000000	C#3	49	80	
369	62.708333	Eb3	51	72	381	27.125000	Eb3	51	80	
370	63.014323	C#5	73	75	382	27.250000	C#5	73	80	
371	63.022135	E3	52	70	383	27.250000	E3	52	80	
372	63.281250	C#3	49	71	384	27.375000	C#3	49	80	
373	63.563802	E3	52	74	386	27.500000	E3	52	80	
374	63.565104	B4	71	69	385	27.500000	B4	71	80	
375	63.824219	G#3	56	71	387	27.625000	G#3	56	80	
376	64.139323	F#3	54	71	389	27.750000	F#3	54	80	
377	64.149740	Bb4	70	65	388	27.750000	Bb4	70	80	
378	64.408854	G#3	56	66	390	27.875000	G#3	56	80	
379	64.738281	Bb3	58	50	392	28.000000	Bb3	58	80	
380	64.742188	F#5	78	87	391	28.000000	F#5	78	80	
381	65.005208	F#3	54	60	393	28.125000	F#3	54	80	
382	65.299479	E5	76	81	394	28.250000	E5	76	80	
383	65.338542	Bb3	58	58	395	28.250000	Bb3	58	80	
384	65.592448	C#4	61	60	396	28.375000	C#4	61	80	
385	65.877604	Eb5	75	77	397	28.500000	Eb5	75	80	
386	65.907552	B2	47	62	398	28.500000	B2	47	80	
387	66.169271	C#3	49	70	399	28.625000	C#3	49	80	
388	66.464844	B4	71	76	400	28.750000	B4	71	80	
389	66.473958	Eb3	51	66	401	28.750000	Eb3	51	80	
390	66.731771	B2	47	66	402	28.875000	B2	47	80	
391	67.010417	Eb3	51	71	404	29.000000	Eb3	51	80	
392	67.016927	Bb4	70	73	403	29.000000	Bb4	70	80	
393	67.302083	F#3	54	68	405	29.125000	F#3	54	80	
394	67.588542	G#4	68	68	406	29.250000	G#4	68	80	
395	67.592448	E3	52	58	407	29.250000	E3	52	80	
396	67.859375	F#3	54	63	408	29.375000	F#3	54	80	
397	68.173177	G#3	56	55	410	29.500000	G#3	56	80	
398	68.173177	E5	76	78	409	29.500000	E5	76	80	
399	68.427083	E3	52	60	411	29.625000	E3	52	80	
400	68.735677	G#3	56	54	413	29.750000	G#3	56	80	
401	68.750000	Eb5	75	74	412	29.750000	Eb5	75	80	
402	69.028646	B3	59	58	414	29.875000	B3	59	80	
403	69.312500	C#5	73	71	415	30.000000	C#5	73	80	
404	69.330729	Bb2	46	54	416	30.000000	Bb2	46	80	
405	69.589844	B2	47	63	417	30.125000	B2	47	80	
406	69.882812	Bb4	70	67	418	30.250000	Bb4	70	80	
407	69.884115	C#3	49	60	419	30.250000	C#3	49	80	
408	70.167969	Bb2	46	57	420	30.375000	Bb2	46	80	
409	70.451823	G#4	68	68	421	30.500000	G#4	68	80	
410	70.460938	C#3	49	48	422	30.500000	C#3	49	80	
411	70.733073	E3	52	51	423	30.625000	E3	52	80	
412	71.036458	Eb3	51	60	425	30.750000	Eb3	51	80	
413	71.046875	G4	67	56	424	30.750000	G4	67	80	
414	71.317708	F3	53	53	426	30.875000	F3	53	80	
415	71.615885	Eb5	75	67	427	31.000000	Eb5	75	80	
416	71.634115	G3	55	46	428	31.000000	G3	55	80	
417	71.877604	Eb3	51	55	429	31.125000	Eb3	51	80	
418	72.190104	G3	55	48	431	31.250000	G3	55	80	
419	72.190104	C#5	73	65	430	31.250000	C#5	73	80	
420	72.468750	Bb3	58	56	432	31.375000	Bb3	58	80	
421	72.757812	B4	71	59	433	31.500000	B4	71	80	
422	72.759115	G#4	68	57	434	31.500000	G#4	68	80	
423	72.773438	G#3	56	48	435	31.500000	G#3	56	80	
424	73.031250	Bb4	70	63	436	31.625000	Bb4	70	80	
425	73.042969	Bb3	58	48	437	31.625000	Bb3	58	80	
426	73.324219	G#4	68	61	438	31.750000	G#4	68	80	
427	73.333333	B3	59	48	439	31.750000	B3	59	80	
428	73.604167	B4	71	60	440	31.875000	B4	71	80	
429	73.608073	Eb3	51	57	441	31.875000	Eb3	51	80	
430	73.884115	C#5	73	70	442	32.000000	C#5	73	80	
431	73.897135	E3	52	65	443	32.000000	E3	52	80	
432	74.165365	E5	76	70	444	32.125000	E5	76	80	
433	74.173177	G#3	56	55	445	32.125000	G#3	56	80	
434	74.450521	Bb4	70	68	446	32.250000	Bb4	70	80	
435	74.453125	F#3	54	62	447	32.250000	F#3	54	80	
436	74.718750	G#4	68	66	448	32.375000	G#4	68	80	
437	74.720052	G#3	56	67	449	32.375000	G#3	56	80	
438	75.011719	F#4	66	62	450	32.500000	F#4	66	80	
439	75.015625	Bb3	58	70	451	32.500000	Bb3	58	80	
440	75.278646	C#3	49	61	453	32.625000	C#3	49	80	
441	75.282552	Bb4	70	66	452	32.625000	Bb4	70	80	
442	75.558594	B4	71	69	454	32.750000	B4	71	80	
443	75.563802	Eb3	51	70	455	32.750000	Eb3	51	80	
444	75.829427	F#3	54	61	457	32.875000	F#3	54	80	
445	75.829427	Eb5	75	68	456	32.875000	Eb5	75	80	
446	76.125000	E3	52	65	459	33.000000	E3	52	80	
447	76.134115	G#4	68	75	458	33.000000	G#4	68	80	
448	76.395833	Eb5	75	74	460	33.125000	Eb5	75	80	
449	76.406250	F#3	54	66	461	33.125000	F#3	54	80	
450	76.680990	C#5	73	74	462	33.250000	C#5	73	80	
451	76.684896	G#3	56	62	463	33.250000	G#3	56	80	
452	76.945312	B2	47	63	465	33.375000	B2	47	80	
453	76.945312	B4	71	69	464	33.375000	B4	71	80	
454	77.230469	Bb4	70	73	466	33.500000	Bb4	70	80	
455	77.234375	C#3	49	62	467	33.500000	C#3	49	80	
456	77.490885	E3	52	70	469	33.625000	E3	52	80	
457	77.493490	G#4	68	76	468	33.625000	G#4	68	80	
458	77.766927	Eb3	51	71	471	33.750000	Eb3	51	80	
459	77.773438	G4	67	76	470	33.750000	G4	67	80	
460	78.062500	F3	53	70	473	33.875000	F3	53	80	
461	78.062500	G#4	68	78	472	33.875000	G#4	68	80	
462	78.335938	Bb4	70	79	474	34.000000	Bb4	70	80	
463	78.337240	G3	55	72	475	34.000000	G3	55	80	
464	78.608073	G4	67	78	476	34.125000	G4	67	80	
465	78.609375	Bb2	46	71	477	34.125000	Bb2	46	80	
466	78.903646	B2	47	60	480	34.250000	B2	47	80	
467	78.912760	G#4	68	86	478	34.250000	G#4	68	80	
468	79.182292	Eb3	51	73	482	34.375000	Eb3	51	80	
469	79.184896	B4	71	75	481	34.375000	B4	71	80	
470	79.463542	E5	76	79	483	34.500000	E5	76	80	
471	79.485677	C#3	49	56	484	34.500000	C#3	49	80	
472	79.730469	Eb3	51	71	485	34.625000	Eb3	51	80	
473	80.024740	G#4	68	79	487	34.750000	G#4	68	80	
474	80.036458	E5	76	83	486	34.750000	E5	76	80	
475	80.050781	E3	52	62	488	34.750000	E3	52	80	
476	80.290365	B2	47	75	489	34.875000	B2	47	80	
477	80.570312	C#3	49	70	492	35.000000	C#3	49	80	
478	80.571615	E5	76	87	490	35.000000	E5	76	80	
479	80.575521	G#4	68	86	491	35.000000	G#4	68	80	
480	80.850260	E3	52	79	493	35.125000	E3	52	80	
481	81.147135	C#5	73	84	495	35.250000	C#5	73	80	
482	81.152344	E5	76	87	494	35.250000	E5	76	80	
483	81.158854	A2	45	69	496	35.250000	A2	45	80	
484	81.417969	C#3	49	76	497	35.375000	C#3	49	80	
485	81.682292	E3	52	64	500	35.500000	E3	52	80	
486	81.696615	C#5	73	82	499	35.500000	C#5	73	80	
487	81.697917	E5	76	83	498	35.500000	E5	76	80	
488	81.975260	G#2	44	87	501	35.625000	G#2	44	80	
489	82.264323	C#5	73	87	503	35.750000	C#5	73	80	
490	82.266927	C#3	49	72	504	35.750000	C#3	49	80	
491	82.266927	E5	76	86	502	35.750000	E5	76	80	
492	82.529948	E3	52	75	505	35.875000	E3	52	80	
493	82.872396	E5	76	81	506	36.000000	E5	76	80	
494	82.876302	C#5	73	84	507	36.000000	C#5	73	80	
495	82.889323	G2	43	81	508	36.000000	G2	43	80	
496	83.261719	B4	71	83	509	36.125000	B4	71	80	
497	83.533854	Bb4	70	88	510	36.250000	Bb4	70	80	
498	83.791667	C#5	73	81	511	36.375000	C#5	73	80	
499	84.091146	B4	71	77	512	36.500000	B4	71	80	
500	84.354167	G#4	68	78	513	36.625000	G#4	68	80	
501	84.621094	Bb4	70	81	514	36.750000	Bb4	70	80	
502	84.877604	Eb5	75	83	515	36.875000	Eb5	75	80	
503	85.191406	C#5	73	86	516	37.000000	C#5	73	80	
504	85.464844	Bb5	82	84	517	37.125000	Bb5	82	80	
505	85.479167	G3	55	85	518	37.125000	G3	55	80	
506	85.778646	G#3	56	90	520	37.250000	G#3	56	80	
507	85.778646	E5	76	85	519	37.250000	E5	76	80	
508	86.075521	C#5	73	82	521	37.375000	C#5	73	80	
509	86.089844	Bb3	58	83	522	37.375000	Bb3	58	80	
510	86.475260	Eb5	75	84	523	37.500000	Eb5	75	80	
511	86.477865	B2	47	86	524	37.500000	B2	47	80	
512	86.808594	C#5	73	79	525	37.625000	C#5	73	80	
513	87.111979	B4	71	78	526	37.750000	B4	71	80	
514	87.113281	G#4	68	77	527	37.750000	G#4	68	80	
515	87.373698	Eb5	75	81	528	37.875000	Eb5	75	80	
516	87.664062	C#5	73	79	529	38.000000	C#5	73	80	
517	87.677083	E3	52	81	530	38.000000	E3	52	80	
518	87.942708	Bb4	70	81	531	38.125000	Bb4	70	80	
519	88.242188	B4	71	76	532	38.250000	B4	71	80	
520	88.243490	C#3	49	73	533	38.250000	C#3	49	80	
521	88.528646	Bb4	70	71	534	38.375000	Bb4	70	80	
522	88.838542	Eb3	51	76	536	38.500000	Eb3	51	80	
523	88.838542	G#4	68	75	535	38.500000	G#4	68	80	
524	89.144531	B4	71	76	537	38.625000	B4	71	80	
525	89.483073	Bb4	70	77	538	38.750000	Bb4	70	80	
526	89.488281	Eb2	39	61	539	38.750000	Eb2	39	80	
527	89.817708	G4	67	83	540	38.875000	G4	67	80	
528	90.220052	G#4	68	81	541	39.000000	G#4	68	80	
529	90.244792	G#2	44	50	542	39.000000	G#2	44	80	
530	90.550781	Bb2	46	57	543	39.125000	Bb2	46	80	
531	90.842448	C3	48	59	545	39.250000	C3	48	80	
532	90.845052	F#4	66	64	544	39.250000	F#4	66	80	
533	91.131510	G#2	44	65	546	39.375000	G#2	44	80	
534	91.414062	C3	48	67	548	39.500000	C3	48	80	
535	91.427083	Eb4	63	63	547	39.500000	Eb4	63	80	
536	91.695312	Eb3	51	80	549	39.625000	Eb3	51	80	
537	92.027344	F#3	54	73	551	39.750000	F#3	54	80	
538	92.031250	C#4	61	57	550	39.750000	C#4	61	80	
539	92.326823	C4	60	65	552	39.875000	C4	60	80	
540	92.597656	E3	52	70	554	40.000000	E3	52	80	
541	92.611979	C#4	61	61	553	40.000000	C#4	61	80	
542	92.893229	Eb4	63	68	555	40.125000	Eb4	63	80	
543	93.178385	Eb3	51	69	557	40.250000	Eb3	51	80	
544	93.191406	E4	64	73	556	40.250000	E4	64	80	
545	93.481771	F#4	66	66	558	40.375000	F#4	66	80	
546	93.791667	E4	64	70	559	40.500000	E4	64	80	
547	93.811198	C#3	49	42	560	40.500000	C#3	49	80	
548	94.104167	Eb4	63	67	561	40.625000	Eb4	63	80	
549	94.403646	C#4	61	62	562	40.750000	C#4	61	80	
550	94.718750	E4	64	58	563	40.875000	E4	64	80	
551	95.059896	C#4	61	64	564	41.000000	C#4	61	80	
552	95.386719	Bb3	58	61	565	41.125000	Bb3	58	80	
553	95.747396	G3	55	62	566	41.250000	G3	55	80	
554	96.080729	E4	64	63	567	41.375000	E4	64	80	
555	96.428385	Eb4	63	62	568	41.500000	Eb4	63	80	
556	96.447917	G#3	56	60	569	41.500000	G#3	56	80	
557	96.791667	C#4	61	71	570	41.625000	C#4	61	80	
558	97.260417	C4	60	65	571	41.750000	C4	60	80	
559	97.265625	Bb3	58	58	572	41.750000	Bb3	58	80	
560	97.763021	C#4	61	56	573	41.875000	C#4	61	80	
561	98.510417	Eb4	63	55	574	42.000000	Eb4	63	80	
562	98.514323	C4	60	46	575	42.000000	C4	60	80	
563	98.531250	G#2	44	39	576	42.000000	G#2	44	80	
*	-1	*	-1	-1	17	1.500000	B4	71	80	
*	-1	*	-1	-1	32	2.500000	Eb4	63	80	
*	-1	*	-1	-1	76	6.000000	B3	59	80	
*	-1	*	-1	-1	251	18.781250	F4	65	80	
*	-1	*	-1	-1	252	18.811458	F#4	66	80	
*	-1	*	-1	-1	253	18.812500	F#4	66	80	
*	-1	*	-1	-1	254	18.843750	F4	65	80	
*	-1	*	-1	-1	255	18.873958	F4	65	80	
*	-1	*	-1	-1	256	18.875000	F#4	66	80	
*	-1	*	-1	-1	257	18.906250	F4	65	80	
*	-1	*	-1	-1	258	18.937500	F#4	66	80	
*	-1	*	-1	-1	259	18.968750	F4	65	80	
*	-1	*	-1	-1	260	19.000000	F#4	66	80	
*	-1	*	-1	-1	262	19.031250	F4	65	80	
*	-1	*	-1	-1	263	19.062500	F#4	66	80	
*	-1	*	-1	-1	264	19.093750	F4	65	80	
*	-1	*	-1	-1	265	19.125000	F#4	66	80	
*	-1	*	-1	-1	266	19.156250	F4	65	80	
*	-1	*	-1	-1	267	19.187500	F#4	66	80	
*	-1	*	-1	-1	268	19.218750	F4	65	80	
*	-1	*	-1	-1	479	34.250000	G#4	68	80	
*	-1	*	-1	-1	250	18.750000	B3	59	80	
*	-1	*	-1	-1	271	19.500000	Eb4	63	80	
*	-1	*	-1	-1	270	19.500000	Eb4	63	80	
