// alignID alignOntime alignSitch alignPitch alignOnvel refID refOntime refSitch refPitch refOnvel
0	0.500000	G4	67	86	0	0.250000	G4	67	80	
1	0.602083	F4	65	83	1	0.375000	F4	65	80	
2	0.754167	G4	67	90	2	0.500000	G4	67	80	
3	1.054167	C4	60	79	3	0.750000	C4	60	80	
4	1.304167	A4	69	76	4	1.000000	A4	69	80	
5	1.351042	G4	67	79	5	1.062500	G4	67	80	
6	1.385417	A4	69	101	7	1.125000	A4	69	80	
7	1.942708	G4	67	63	9	1.500000	G4	67	80	
8	2.745833	F4	65	68	10	2.250000	F4	65	80	
9	2.877083	E4	64	79	11	2.375000	E4	64	80	
10	3.005208	F4	65	78	12	2.500000	F4	65	80	
11	3.133333	G4	67	79	13	2.625000	G4	67	80	
12	3.261458	E4	64	81	14	2.750000	E4	64	80	
13	3.390625	F4	65	75	15	2.875000	F4	65	80	
14	3.536458	D4	62	81	16	3.000000	D4	62	80	
15	3.676042	F4	65	78	17	3.125000	F4	65	80	
16	3.817708	E4	64	87	18	3.250000	E4	64	80	
17	3.946875	F4	65	82	19	3.375000	F4	65	80	
18	4.088542	G4	67	85	20	3.500000	G4	67	80	
19	4.220833	A4	69	85	21	3.625000	A4	69	80	
20	4.353125	F4	65	78	22	3.750000	F4	65	80	
21	4.492708	G4	67	74	23	3.875000	G4	67	80	
22	4.630208	E4	64	75	24	4.000000	E4	64	80	
23	4.761458	D4	62	63	25	4.125000	D4	62	80	
24	4.904167	E4	64	68	27	4.250000	E4	64	80	
25	4.908333	C5	72	100	26	4.250000	C5	72	80	
26	5.029167	B4	71	92	28	4.375000	B4	71	80	
27	5.048958	F4	65	55	29	4.375000	F4	65	80	
28	5.169792	C5	72	93	30	4.500000	C5	72	80	
29	5.181250	E4	64	63	31	4.500000	E4	64	80	
30	5.327083	F4	65	51	32	4.625000	F4	65	80	
31	5.451042	G4	67	92	33	4.750000	G4	67	80	
32	5.476042	D4	62	63	34	4.750000	D4	62	80	
33	5.602083	E4	64	57	35	4.875000	E4	64	80	
34	5.709375	E5	76	86	36	5.000000	E5	76	80	
35	5.747917	C4	60	63	37	5.000000	C4	60	80	
36	5.747917	D5	74	83	38	5.062500	D5	74	80	
37	5.805208	E5	76	98	40	5.125000	E5	76	80	
38	5.853125	B3	59	69	41	5.125000	B3	59	80	
39	6.009375	C4	60	63	43	5.250000	C4	60	80	
40	6.152083	D4	62	63	44	5.375000	D4	62	80	
41	6.298958	C4	60	65	46	5.500000	C4	60	80	
42	6.321875	D5	74	70	45	5.500000	D5	74	80	
43	6.447917	D4	62	59	47	5.625000	D4	62	80	
44	6.580208	B3	59	62	48	5.750000	B3	59	80	
45	6.710417	C4	60	66	49	5.875000	C4	60	80	
46	6.856250	A3	57	72	50	6.000000	A3	57	80	
47	6.993750	B3	59	68	51	6.125000	B3	59	80	
48	7.126042	C5	72	90	52	6.250000	C5	72	80	
49	7.133333	C4	60	71	53	6.250000	C4	60	80	
50	7.261458	B4	71	88	54	6.375000	B4	71	80	
51	7.273958	D4	62	83	55	6.375000	D4	62	80	
52	7.394792	C5	72	95	56	6.500000	C5	72	80	
53	7.410417	E4	64	85	57	6.500000	E4	64	80	
54	7.525000	D5	74	86	58	6.625000	D5	74	80	
55	7.532292	F#4	66	81	59	6.625000	F#4	66	80	
56	7.672917	G4	67	93	61	6.750000	G4	67	80	
57	7.679167	B4	71	88	60	6.750000	B4	71	80	
58	7.817708	C5	72	88	62	6.875000	C5	72	80	
59	7.955208	A4	69	91	63	7.000000	A4	69	80	
60	8.092708	C5	72	89	64	7.125000	C5	72	80	
61	8.230208	B4	71	93	65	7.250000	B4	71	80	
62	8.234375	F#4	66	65	66	7.250000	F#4	66	80	
63	8.352083	E4	64	73	68	7.375000	E4	64	80	
64	8.360417	C5	72	98	67	7.375000	C5	72	80	
65	8.446875	F#4	66	64	70	7.500000	F#4	66	80	
66	8.473958	D5	74	84	69	7.500000	D5	74	80	
67	8.490625	G4	67	69	*	-1	*	-1	-1	
68	8.563542	F#4	66	75	*	-1	*	-1	-1	
69	8.600000	E5	76	84	71	7.625000	E5	76	80	
70	8.756250	C5	72	79	72	7.750000	C5	72	80	
71	8.883333	D5	74	77	73	7.875000	D5	74	80	
72	9.039583	B4	71	65	74	8.000000	B4	71	80	
73	9.051042	G4	67	53	75	8.000000	G4	67	80	
74	9.187500	A4	69	51	76	8.125000	A4	69	80	
75	9.314583	G3	55	82	78	8.250000	G3	55	80	
76	9.321875	B4	71	64	77	8.250000	B4	71	80	
77	9.438542	F3	53	82	80	8.375000	F3	53	80	
78	9.456250	C5	72	63	79	8.375000	C5	72	80	
79	9.584375	G3	55	98	82	8.500000	G3	55	80	
80	9.588542	B4	71	71	81	8.500000	B4	71	80	
81	9.733333	C5	72	64	83	8.625000	C5	72	80	
82	9.872917	C3	48	87	85	8.750000	C3	48	80	
83	9.872917	A4	69	58	84	8.750000	A4	69	80	
84	9.995833	B4	71	64	86	8.875000	B4	71	80	
85	10.148958	A3	57	92	88	9.000000	A3	57	80	
86	10.148958	C5	72	78	87	9.000000	C5	72	80	
87	10.193750	G3	55	80	89	9.062500	G3	55	80	
88	10.246875	A3	57	93	92	9.125000	A3	57	80	
89	10.286458	E4	64	64	91	9.125000	E4	64	80	
90	10.460417	F4	65	60	94	9.250000	F4	65	80	
91	10.620833	A4	69	56	95	9.375000	A4	69	80	
92	10.734375	G3	55	79	97	9.500000	G3	55	80	
93	10.766667	Bb4	70	69	96	9.500000	Bb4	70	80	
94	10.906250	D4	62	56	98	9.625000	D4	62	80	
95	11.038542	E4	64	59	99	9.750000	E4	64	80	
96	11.170833	G4	67	59	100	9.875000	G4	67	80	
97	11.312500	A4	69	57	101	10.000000	A4	69	80	
98	11.587500	F3	53	80	103	10.250000	F3	53	80	
99	11.598958	D4	62	61	102	10.250000	D4	62	80	
100	11.708333	E3	52	86	104	10.375000	E3	52	80	
101	11.851042	F3	53	92	107	10.500000	F3	53	80	
102	11.851042	G4	67	72	106	10.500000	G4	67	80	
103	11.851042	B4	71	79	105	10.500000	B4	71	80	
104	11.993750	G3	55	85	108	10.625000	G3	55	80	
105	12.121875	C5	72	80	109	10.750000	C5	72	80	
106	12.131250	E3	52	84	110	10.750000	E3	52	80	
107	12.265625	F3	53	76	111	10.875000	F3	53	80	
108	12.410417	F4	65	80	112	11.000000	F4	65	80	
109	12.415625	D3	50	83	113	11.000000	D3	50	80	
110	12.544792	A4	69	69	114	11.125000	A4	69	80	
111	12.550000	F3	53	83	115	11.125000	F3	53	80	
112	12.686458	G4	67	74	117	11.250000	G4	67	80	
113	12.686458	C5	72	79	116	11.250000	C5	72	80	
114	12.690625	E3	52	88	118	11.250000	E3	52	80	
115	12.805208	A4	69	69	119	11.375000	A4	69	80	
116	12.828125	F3	53	81	120	11.375000	F3	53	80	
117	12.967708	D4	62	72	121	11.500000	D4	62	80	
118	12.971875	G3	55	85	122	11.500000	G3	55	80	
119	13.106250	A3	57	85	123	11.625000	A3	57	80	
120	13.246875	F3	53	72	125	11.750000	F3	53	80	
121	13.246875	B4	71	64	124	11.750000	B4	71	80	
122	13.376042	G3	55	59	126	11.875000	G3	55	80	
123	13.516667	E3	52	61	129	12.000000	E3	52	80	
124	13.520833	C4	60	56	128	12.000000	C4	60	80	
125	13.520833	C5	72	68	127	12.000000	C5	72	80	
126	13.658333	D3	50	48	130	12.125000	D3	50	80	
127	13.804167	E3	52	54	132	12.250000	E3	52	80	
128	13.808333	G5	79	80	131	12.250000	G5	79	80	
129	13.933333	F5	77	81	133	12.375000	F5	77	80	
130	13.937500	F3	53	55	134	12.375000	F3	53	80	
131	14.076042	G5	79	86	135	12.500000	G5	79	80	
132	14.087500	E3	52	57	136	12.500000	E3	52	80	
133	14.227083	F3	53	52	137	12.625000	F3	53	80	
134	14.359375	D3	50	49	139	12.750000	D3	50	80	
135	14.359375	C5	72	67	138	12.750000	C5	72	80	
136	14.493750	E3	52	51	140	12.875000	E3	52	80	
137	14.641667	A5	81	68	141	13.000000	A5	81	80	
138	14.646875	F3	53	50	142	13.000000	F3	53	80	
139	14.810417	E3	52	53	143	13.125000	E3	52	80	
140	14.933333	C5	72	62	144	13.250000	C5	72	80	
141	14.937500	F3	53	53	145	13.250000	F3	53	80	
142	15.050000	B4	71	66	146	13.375000	B4	71	80	
143	15.064583	G3	55	55	147	13.375000	G3	55	80	
144	15.192708	C5	72	69	149	13.500000	C5	72	80	
145	15.192708	G5	79	74	148	13.500000	G5	79	80	
146	15.209375	F3	53	56	150	13.500000	F3	53	80	
147	15.327083	G3	55	57	151	13.625000	G3	55	80	
148	15.485417	E3	52	49	153	13.750000	E3	52	80	
149	15.485417	G4	67	64	152	13.750000	G4	67	80	
150	15.603125	F3	53	54	154	13.875000	F3	53	80	
151	15.763542	F#5	78	77	155	14.000000	F#5	78	80	
152	15.770833	D3	50	63	157	14.000000	D3	50	80	
153	15.770833	D5	74	65	156	14.000000	D5	74	80	
154	15.921875	C#3	49	60	158	14.125000	C#3	49	80	
155	16.046875	A5	81	76	159	14.250000	A5	81	80	
156	16.063542	D3	50	69	160	14.250000	D3	50	80	
157	16.166667	G5	79	84	161	14.375000	G5	79	80	
158	16.183333	E3	52	71	162	14.375000	E3	52	80	
159	16.302083	F#3	54	73	165	14.500000	F#3	54	80	
160	16.313542	C5	72	86	164	14.500000	C5	72	80	
161	16.313542	A5	81	88	163	14.500000	A5	81	80	
162	16.450000	G3	55	61	166	14.625000	G3	55	80	
163	16.586458	D5	74	96	167	14.750000	D5	74	80	
164	16.598958	E3	52	63	168	14.750000	E3	52	80	
165	16.706250	F#3	54	61	169	14.875000	F#3	54	80	
166	16.869792	B5	83	91	170	15.000000	B5	83	80	
167	16.875000	B4	71	91	171	15.000000	B4	71	80	
168	16.882292	G3	55	58	172	15.000000	G3	55	80	
169	17.034375	F#3	54	56	173	15.125000	F#3	54	80	
170	17.156250	D5	74	74	174	15.250000	D5	74	80	
171	17.181250	G3	55	60	175	15.250000	G3	55	80	
172	17.279167	C5	72	77	176	15.375000	C5	72	80	
173	17.288542	A3	57	72	177	15.375000	A3	57	80	
174	17.414583	A5	81	82	178	15.500000	A5	81	80	
175	17.418750	D5	74	80	179	15.500000	D5	74	80	
176	17.427083	G3	55	69	180	15.500000	G3	55	80	
177	17.554167	A3	57	70	181	15.625000	A3	57	80	
178	17.698958	A4	69	80	182	15.750000	A4	69	80	
179	17.707292	F3	53	68	183	15.750000	F3	53	80	
180	17.836458	G3	55	73	184	15.875000	G3	55	80	
181	17.966667	E5	76	79	186	16.000000	E5	76	80	
182	17.966667	G#5	80	82	185	16.000000	G#5	80	80	
183	17.976042	E3	52	76	187	16.000000	E3	52	80	
184	18.130208	D3	50	75	188	16.125000	D3	50	80	
185	18.257292	B5	83	85	189	16.250000	B5	83	80	
186	18.273958	E3	52	83	190	16.250000	E3	52	80	
187	18.387500	A5	81	80	191	16.375000	A5	81	80	
188	18.394792	F#3	54	81	192	16.375000	F#3	54	80	
189	18.525000	D5	74	92	194	16.500000	D5	74	80	
190	18.528125	B5	83	92	193	16.500000	B5	83	80	
191	18.532292	G#3	56	87	195	16.500000	G#3	56	80	
192	18.661458	A3	57	87	196	16.625000	A3	57	80	
193	18.801042	E5	76	101	197	16.750000	E5	76	80	
194	18.809375	F#3	54	81	198	16.750000	F#3	54	80	
195	18.925000	G#3	56	79	199	16.875000	G#3	56	80	
196	19.088542	C5	72	104	201	17.000000	C5	72	80	
197	19.088542	C6	84	95	200	17.000000	C6	84	80	
198	19.095833	A3	57	81	202	17.000000	A3	57	80	
199	19.227083	G#3	56	75	203	17.125000	G#3	56	80	
200	19.372917	A3	57	80	205	17.250000	A3	57	80	
201	19.388542	E5	76	82	204	17.250000	E5	76	80	
202	19.504167	B3	59	77	207	17.375000	B3	59	80	
203	19.506250	D5	74	80	206	17.375000	D5	74	80	
204	19.657292	A3	57	86	209	17.500000	A3	57	80	
205	19.661458	E5	76	84	208	17.500000	E5	76	80	
206	19.790625	B3	59	78	210	17.625000	B3	59	80	
207	19.938542	G3	55	77	212	17.750000	G3	55	80	
208	19.938542	A5	81	85	211	17.750000	A5	81	80	
209	20.076042	A3	57	81	213	17.875000	A3	57	80	
210	20.217708	F#3	54	82	215	18.000000	F#3	54	80	
211	20.217708	D5	74	90	214	18.000000	D5	74	80	
212	20.354167	G3	55	81	216	18.125000	G3	55	80	
213	20.491667	C6	84	92	217	18.250000	C6	84	80	
214	20.495833	E3	52	87	218	18.250000	E3	52	80	
215	20.626042	F#3	54	82	219	18.375000	F#3	54	80	
216	20.766667	G3	55	83	221	18.500000	G3	55	80	
217	20.770833	B5	83	90	220	18.500000	B5	83	80	
218	20.919792	A3	57	85	222	18.625000	A3	57	80	
219	21.047917	G5	79	88	223	18.750000	G5	79	80	
220	21.050000	B3	59	87	224	18.750000	B3	59	80	
221	21.188542	G3	55	77	225	18.875000	G3	55	80	
222	21.325000	E5	76	89	226	19.000000	E5	76	80	
223	21.344792	C4	60	86	227	19.000000	C4	60	80	
224	21.476042	B3	59	81	228	19.125000	B3	59	80	
225	21.612500	C4	60	91	230	19.250000	C4	60	80	
226	21.612500	C5	72	83	229	19.250000	C5	72	80	
227	21.734375	B4	71	81	231	19.375000	B4	71	80	
228	21.739583	D4	62	91	232	19.375000	D4	62	80	
229	21.883333	C4	60	98	235	19.500000	C4	60	80	
230	21.883333	F#5	78	96	233	19.500000	F#5	78	80	
231	21.895833	A4	69	80	234	19.500000	A4	69	80	
232	22.020833	D4	62	94	236	19.625000	D4	62	80	
233	22.165625	B3	59	97	239	19.750000	B3	59	80	
234	22.170833	B4	71	101	238	19.750000	B4	71	80	
235	22.170833	G5	79	94	237	19.750000	G5	79	80	
236	22.293750	C4	60	90	240	19.875000	C4	60	80	
237	22.441667	D4	62	98	241	20.000000	D4	62	80	
238	22.729167	F#5	78	85	242	20.250000	F#5	78	80	
239	22.738542	A4	69	91	243	20.250000	A4	69	80	
240	22.848958	E5	76	79	244	20.375000	E5	76	80	
241	22.862500	G4	67	82	245	20.375000	G4	67	80	
242	22.983333	F#5	78	82	246	20.500000	F#5	78	80	
243	22.998958	A4	69	101	247	20.500000	A4	69	80	
244	23.055208	G5	79	80	249	20.561458	G5	79	80	
245	23.127083	F#5	78	69	251	20.623958	F#5	78	80	
246	23.200000	G5	79	58	253	20.687500	G5	79	80	
247	23.256250	F#5	78	66	255	20.748958	F#5	78	80	
248	23.273958	D4	62	58	256	20.750000	D4	62	80	
249	23.382292	G5	79	70	257	20.811458	G5	79	80	
250	23.564583	G3	55	48	261	21.000000	G3	55	80	
251	23.583333	G5	79	64	259	21.000000	G5	79	80	
252	23.589583	B4	71	47	260	21.000000	B4	71	80	
253	23.870833	G4	67	51	263	21.250000	G4	67	80	
254	23.877083	E5	76	59	262	21.250000	E5	76	80	
255	23.994792	F4	65	55	264	21.375000	F4	65	80	
256	24.130208	G4	67	59	267	21.500000	G4	67	80	
257	24.144792	C#5	73	66	265	21.500000	C#5	73	80	
258	24.150000	A4	69	40	266	21.500000	A4	69	80	
259	24.277083	A4	69	54	268	21.625000	A4	69	80	
260	24.408333	F4	65	51	270	21.750000	F4	65	80	
261	24.419792	D5	74	60	269	21.750000	D5	74	80	
262	24.548958	G4	67	58	271	21.875000	G4	67	80	
263	24.695833	E4	64	53	272	22.000000	E4	64	80	
264	24.827083	G5	79	64	273	22.125000	G5	79	80	
265	24.953125	Bb5	82	68	274	22.250000	Bb5	82	80	
266	24.981250	G4	67	55	275	22.250000	G4	67	80	
267	25.089583	A5	81	76	276	22.375000	A5	81	80	
268	25.096875	F4	65	60	277	22.375000	F4	65	80	
269	25.233333	G4	67	67	279	22.500000	G4	67	80	
270	25.233333	G5	79	81	278	22.500000	G5	79	80	
271	25.363542	F5	77	81	280	22.625000	F5	77	80	
272	25.373958	A4	69	62	281	22.625000	A4	69	80	
273	25.504167	F4	65	62	283	22.750000	F4	65	80	
274	25.504167	E5	76	79	282	22.750000	E5	76	80	
275	25.625000	D5	74	74	284	22.875000	D5	74	80	
276	25.636458	G4	67	60	285	22.875000	G4	67	80	
277	25.767708	E4	64	70	287	23.000000	E4	64	80	
278	25.767708	C#5	73	81	286	23.000000	C#5	73	80	
279	25.903125	G4	67	71	288	23.125000	G4	67	80	
280	26.051042	F4	65	81	290	23.250000	F4	65	80	
281	26.062500	D4	62	75	291	23.250000	D4	62	80	
282	26.062500	D5	74	77	289	23.250000	D5	74	80	
283	26.184375	G4	67	68	292	23.375000	G4	67	80	
284	26.327083	F3	53	56	294	23.500000	F3	53	80	
285	26.327083	A4	69	76	293	23.500000	A4	69	80	
286	26.461458	Bb4	70	70	295	23.625000	Bb4	70	80	
287	26.607292	G4	67	68	297	23.750000	G4	67	80	
288	26.611458	A3	57	69	298	23.750000	A3	57	80	
289	26.611458	C#5	73	73	296	23.750000	C#5	73	80	
290	26.723958	A4	69	69	299	23.875000	A4	69	80	
291	26.868750	D5	74	89	*	-1	*	-1	-1	
292	26.872917	D3	50	75	301	24.000000	D3	50	80	
293	26.872917	F4	65	79	300	24.000000	F4	65	80	
294	27.011458	E4	64	96	302	24.125000	E4	64	80	
295	27.142708	F4	65	84	304	24.250000	F4	65	80	
296	27.150000	D5	74	90	303	24.250000	D5	74	80	
297	27.280208	C#5	73	94	305	24.375000	C#5	73	80	
298	27.291667	G4	67	79	306	24.375000	G4	67	80	
299	27.420833	D5	74	97	307	24.500000	D5	74	80	
300	27.422917	F4	65	80	308	24.500000	F4	65	80	
301	27.542708	G4	67	74	309	24.625000	G4	67	80	
302	27.701042	E4	64	75	311	24.750000	E4	64	80	
303	27.701042	A4	69	88	310	24.750000	A4	69	80	
304	27.841667	F4	65	60	312	24.875000	F4	65	80	
305	27.980208	F5	77	76	313	25.000000	F5	77	80	
306	28.001042	D4	62	61	314	25.000000	D4	62	80	
307	28.137500	C4	60	63	315	25.125000	C4	60	80	
308	28.276042	D4	62	68	316	25.250000	D4	62	80	
309	28.401042	E4	64	67	317	25.375000	E4	64	80	
310	28.543750	D4	62	70	319	25.500000	D4	62	80	
311	28.555208	E5	76	71	318	25.500000	E5	76	80	
312	28.684375	E4	64	65	320	25.625000	E4	64	80	
313	28.817708	C4	60	69	321	25.750000	C4	60	80	
314	28.938542	D4	62	77	322	25.875000	D4	62	80	
315	29.079167	B3	59	84	323	26.000000	B3	59	80	
316	29.208333	C4	60	81	324	26.125000	C4	60	80	
317	29.361458	D4	62	88	326	26.250000	D4	62	80	
318	29.361458	D5	74	92	325	26.250000	D5	74	80	
319	29.494792	E4	64	86	328	26.375000	E4	64	80	
320	29.494792	C5	72	91	327	26.375000	C5	72	80	
321	29.633333	F#4	66	86	330	26.500000	F#4	66	80	
322	29.633333	D5	74	92	329	26.500000	D5	74	80	
323	29.755208	E5	76	86	331	26.625000	E5	76	80	
324	29.763542	G#4	68	93	332	26.625000	G#4	68	80	
325	29.902083	C5	72	96	333	26.750000	C5	72	80	
326	29.906250	A4	69	107	334	26.750000	A4	69	80	
327	30.046875	D5	74	88	335	26.875000	D5	74	80	
328	30.183333	B4	71	98	336	27.000000	B4	71	80	
329	30.321875	D5	74	92	337	27.125000	D5	74	80	
330	30.447917	C5	72	91	338	27.250000	C5	72	80	
331	30.457292	G#4	68	81	339	27.250000	G#4	68	80	
332	30.556250	F#4	66	79	341	27.375000	F#4	66	80	
333	30.584375	D5	74	86	340	27.375000	D5	74	80	
334	30.645833	G#4	68	78	343	27.500000	G#4	68	80	
335	30.696875	E5	76	85	342	27.500000	E5	76	80	
336	30.701042	A4	69	78	344	27.500000	A4	69	80	
337	30.767708	G#4	68	68	346	27.562500	G#4	68	80	
338	30.819792	F5	77	85	348	27.625000	F5	77	80	
339	30.979167	D5	74	70	353	27.750000	D5	74	80	
340	31.116667	E5	76	74	358	27.875000	E5	76	80	
341	31.254167	C5	72	86	360	28.000000	C5	72	80	
342	31.265625	A4	69	66	361	28.000000	A4	69	80	
343	31.386458	G#4	68	68	362	28.125000	G#4	68	80	
344	31.534375	E5	76	96	363	28.250000	E5	76	80	
345	31.552083	A4	69	58	364	28.250000	A4	69	80	
346	31.660417	D5	74	90	365	28.375000	D5	74	80	
347	31.673958	B4	71	62	366	28.375000	B4	71	80	
348	31.806250	A4	69	66	368	28.500000	A4	69	80	
349	31.806250	E5	76	94	367	28.500000	E5	76	80	
350	31.933333	B4	71	61	369	28.625000	B4	71	80	
351	32.076042	C5	72	84	370	28.750000	C5	72	80	
352	32.092708	G4	67	58	371	28.750000	G4	67	80	
353	32.215625	A4	69	54	372	28.875000	A4	69	80	
354	32.344792	A5	81	84	373	29.000000	A5	81	80	
355	32.367708	F#4	66	63	374	29.000000	F#4	66	80	
356	32.510417	E4	64	53	375	29.125000	E4	64	80	
357	32.648958	C5	72	77	376	29.250000	C5	72	80	
358	32.667708	F#4	66	58	377	29.250000	F#4	66	80	
359	32.794792	G4	67	53	378	29.375000	G4	67	80	
360	32.933333	A4	69	61	379	29.500000	A4	69	80	
361	32.940625	F#4	66	57	380	29.500000	F#4	66	80	
362	33.062500	G4	67	54	381	29.625000	G4	67	80	
363	33.215625	D5	74	72	382	29.750000	D5	74	80	
364	33.225000	E4	64	45	383	29.750000	E4	64	80	
365	33.352083	F#4	66	53	384	29.875000	F#4	66	80	
366	33.489583	G4	67	54	386	30.000000	G4	67	80	
367	33.494792	B4	71	70	385	30.000000	B4	71	80	
368	33.636458	F#4	66	61	387	30.125000	F#4	66	80	
369	33.770833	D5	74	93	388	30.250000	D5	74	80	
370	33.775000	G4	67	60	389	30.250000	G4	67	80	
371	33.895833	C5	72	97	390	30.375000	C5	72	80	
372	33.904167	A4	69	66	391	30.375000	A4	69	80	
373	34.037500	D5	74	100	392	30.500000	D5	74	80	
374	34.050000	G4	67	74	393	30.500000	G4	67	80	
375	34.185417	A4	69	58	394	30.625000	A4	69	80	
376	34.317708	B4	71	79	395	30.750000	B4	71	80	
377	34.321875	F4	65	58	396	30.750000	F4	65	80	
378	34.448958	G4	67	56	397	30.875000	G4	67	80	
379	34.592708	G5	79	78	398	31.000000	G5	79	80	
380	34.608333	E4	64	59	399	31.000000	E4	64	80	
381	34.753125	D4	62	51	400	31.125000	D4	62	80	
382	34.871875	Bb4	70	67	401	31.250000	Bb4	70	80	
383	34.881250	E4	64	54	402	31.250000	E4	64	80	
384	35.008333	F4	65	47	403	31.375000	F4	65	80	
385	35.151042	G4	67	64	404	31.500000	G4	67	80	
386	35.155208	E4	64	55	405	31.500000	E4	64	80	
387	35.271875	F4	65	49	406	31.625000	F4	65	80	
388	35.427083	C5	72	78	407	31.750000	C5	72	80	
389	35.429167	D4	62	52	408	31.750000	D4	62	80	
390	35.552083	E4	64	51	409	31.875000	E4	64	80	
391	35.703125	A4	69	62	410	32.000000	A4	69	80	
392	35.707292	F4	65	48	411	32.000000	F4	65	80	
393	35.846875	E4	64	59	412	32.125000	E4	64	80	
394	35.989583	F4	65	60	414	32.250000	F4	65	80	
395	35.989583	D5	74	85	413	32.250000	D5	74	80	
396	36.117708	G4	67	71	416	32.375000	G4	67	80	
397	36.117708	C5	72	91	415	32.375000	C5	72	80	
398	36.257292	F4	65	76	418	32.500000	F4	65	80	
399	36.259375	D5	74	94	417	32.500000	D5	74	80	
400	36.379167	G4	67	78	420	32.625000	G4	67	80	
401	36.383333	E5	76	89	419	32.625000	E5	76	80	
402	36.526042	E4	64	73	422	32.750000	E4	64	80	
403	36.526042	C5	72	84	421	32.750000	C5	72	80	
404	36.657292	F4	65	57	424	32.875000	F4	65	80	
405	36.657292	D5	74	77	423	32.875000	D5	74	80	
406	36.798958	B4	71	70	425	33.000000	B4	71	80	
407	36.814583	D4	62	56	426	33.000000	D4	62	80	
408	36.935417	A4	69	67	427	33.125000	A4	69	80	
409	37.075000	G4	67	96	429	33.250000	G4	67	80	
410	37.079167	B4	71	87	428	33.250000	B4	71	80	
411	37.211458	F4	65	85	431	33.375000	F4	65	80	
412	37.211458	C5	72	94	430	33.375000	C5	72	80	
413	37.342708	G4	67	95	433	33.500000	G4	67	80	
414	37.354167	B4	71	94	432	33.500000	B4	71	80	
415	37.486458	C5	72	93	434	33.625000	C5	72	80	
416	37.488542	A4	69	86	435	33.625000	A4	69	80	
417	37.618750	F4	65	78	437	33.750000	F4	65	80	
418	37.622917	A4	69	70	436	33.750000	A4	69	80	
419	37.742708	B4	71	80	438	33.875000	B4	71	80	
420	37.757292	G4	67	69	439	33.875000	G4	67	80	
421	37.894792	E4	64	69	441	34.000000	E4	64	80	
422	37.906250	G4	67	72	440	34.000000	G4	67	80	
423	38.034375	D4	62	60	442	34.125000	D4	62	80	
424	38.163542	C5	72	85	443	34.250000	C5	72	80	
425	38.167708	E4	64	65	444	34.250000	E4	64	80	
426	38.294792	B4	71	84	445	34.375000	B4	71	80	
427	38.300000	F4	65	70	446	34.375000	F4	65	80	
428	38.440625	E4	64	83	448	34.500000	E4	64	80	
429	38.440625	C5	72	92	447	34.500000	C5	72	80	
430	38.560417	D5	74	85	449	34.625000	D5	74	80	
431	38.564583	F4	65	79	450	34.625000	F4	65	80	
432	38.702083	D4	62	77	452	34.750000	D4	62	80	
433	38.710417	Bb4	70	87	451	34.750000	Bb4	70	80	
434	38.832292	E4	64	80	454	34.875000	E4	64	80	
435	38.839583	C5	72	85	453	34.875000	C5	72	80	
436	38.982292	A4	69	83	455	35.000000	A4	69	80	
437	38.990625	C4	60	82	456	35.000000	C4	60	80	
438	39.118750	G4	67	85	457	35.125000	G4	67	80	
439	39.258333	F4	65	93	459	35.250000	F4	65	80	
440	39.264583	A4	69	88	458	35.250000	A4	69	80	
441	39.392708	E4	64	91	461	35.375000	E4	64	80	
442	39.392708	Bb4	70	90	460	35.375000	Bb4	70	80	
443	39.530208	F4	65	94	463	35.500000	F4	65	80	
444	39.531250	A4	69	90	462	35.500000	A4	69	80	
445	39.665625	Bb4	70	91	464	35.625000	Bb4	70	80	
446	39.672917	G4	67	89	465	35.625000	G4	67	80	
447	39.808333	E4	64	86	467	35.750000	E4	64	80	
448	39.808333	G4	67	71	466	35.750000	G4	67	80	
449	39.930208	A4	69	77	468	35.875000	A4	69	80	
450	39.943750	F4	65	79	469	35.875000	F4	65	80	
451	40.090625	D4	62	93	471	36.000000	D4	62	80	
452	40.094792	F4	65	75	470	36.000000	F4	65	80	
453	40.194792	G4	67	70	473	36.061458	G4	67	80	
454	40.232292	C4	60	83	476	36.125000	C4	60	80	
455	40.302083	F4	65	65	479	36.187500	F4	65	80	
456	40.362500	D4	62	85	481	36.250000	D4	62	80	
457	40.402083	G4	67	62	483	36.311458	G4	67	80	
458	40.479167	F4	65	59	485	36.375000	F4	65	80	
459	40.509375	E4	64	89	486	36.375000	E4	64	80	
460	40.555208	G4	67	55	488	36.436458	G4	67	80	
461	40.647917	D4	62	89	491	36.500000	D4	62	80	
462	40.647917	F4	65	58	490	36.500000	F4	65	80	
463	40.715625	G4	67	58	492	36.561458	G4	67	80	
464	40.779167	E4	64	89	494	36.625000	E4	64	80	
465	40.794792	F4	65	56	493	36.625000	F4	65	80	
466	40.894792	G4	67	47	495	36.686458	G4	67	80	
467	40.923958	C4	60	85	497	36.750000	C4	60	80	
468	40.941667	F4	65	59	496	36.750000	F4	65	80	
469	41.016667	G4	67	69	498	36.811458	G4	67	80	
470	41.052083	D4	62	78	500	36.875000	D4	62	80	
471	41.077083	F4	65	71	499	36.875000	F4	65	80	
472	41.131250	G4	67	77	501	36.936458	G4	67	80	
473	41.198958	B3	59	88	503	37.000000	B3	59	80	
474	41.198958	F4	65	91	502	37.000000	F4	65	80	
475	41.350000	A3	57	74	506	37.125000	A3	57	80	
476	41.484375	B3	59	81	509	37.250000	B3	59	80	
477	41.494792	D5	74	91	508	37.250000	D5	74	80	
478	41.623958	C4	60	78	511	37.375000	C4	60	80	
479	41.631250	C5	72	92	510	37.375000	C5	72	80	
480	41.761458	B3	59	87	513	37.500000	B3	59	80	
481	41.763542	D5	74	98	512	37.500000	D5	74	80	
482	41.894792	C4	60	81	514	37.625000	C4	60	80	
483	42.035417	F4	65	90	515	37.750000	F4	65	80	
484	42.039583	A3	57	84	516	37.750000	A3	57	80	
485	42.162500	B3	59	89	517	37.875000	B3	59	80	
486	42.319792	C4	60	90	519	38.000000	C4	60	80	
487	42.319792	E4	64	97	518	38.000000	E4	64	80	
488	42.473958	D4	62	85	520	38.125000	D4	62	80	
489	42.619792	C3	48	101	522	38.250000	C3	48	80	
490	42.619792	E4	64	90	521	38.250000	E4	64	80	
491	42.738542	F4	65	76	523	38.375000	F4	65	80	
492	42.754167	B2	47	89	524	38.375000	B2	47	80	
493	42.902083	C3	48	106	526	38.500000	C3	48	80	
494	42.902083	E4	64	88	525	38.500000	E4	64	80	
495	43.039583	F4	65	75	527	38.625000	F4	65	80	
496	43.187500	G2	43	93	530	38.750000	G2	43	80	
497	43.194792	D4	62	85	528	38.750000	D4	62	80	
498	43.198958	B3	59	80	529	38.750000	B3	59	80	
499	43.330208	E4	64	80	531	38.875000	E4	64	80	
500	43.477083	E3	52	90	533	39.000000	E3	52	80	
501	43.503125	C4	60	82	532	39.000000	C4	60	80	
502	43.515625	D3	50	81	*	-1	*	-1	-1	
503	43.565625	E3	52	88	*	-1	*	-1	-1	
504	43.610417	B3	59	87	534	39.125000	B3	59	80	
505	43.761458	A3	57	79	535	39.250000	A3	57	80	
506	43.908333	C4	60	74	536	39.375000	C4	60	80	
507	44.057292	B3	59	75	537	39.500000	B3	59	80	
508	44.070833	D3	50	69	538	39.500000	D3	50	80	
509	44.209375	A3	57	71	539	39.625000	A3	57	80	
510	44.341667	G3	55	68	540	39.750000	G3	55	80	
511	44.465625	B3	59	64	541	39.875000	B3	59	80	
512	44.657292	A3	57	60	542	40.000000	A3	57	80	
513	44.937500	C3	48	71	544	40.250000	C3	48	80	
514	44.972917	G3	55	46	543	40.250000	G3	55	80	
515	45.061458	B2	47	79	545	40.375000	B2	47	80	
516	45.208333	C3	48	87	547	40.500000	C3	48	80	
517	45.239583	F#3	54	66	546	40.500000	F#3	54	80	
518	45.348958	D3	50	87	548	40.625000	D3	50	80	
519	45.486458	B2	47	82	551	40.750000	B2	47	80	
520	45.492708	B3	59	80	549	40.750000	B3	59	80	
521	45.505208	G3	55	61	550	40.750000	G3	55	80	
522	45.626042	C3	48	79	552	40.875000	C3	48	80	
523	45.780208	C4	60	72	553	41.000000	C4	60	80	
524	45.783333	A2	45	76	554	41.000000	A2	45	80	
525	45.925000	C3	48	71	556	41.125000	C3	48	80	
526	45.930208	F#3	54	50	555	41.125000	F#3	54	80	
527	46.062500	B2	47	63	558	41.250000	B2	47	80	
528	46.081250	G3	55	48	557	41.250000	G3	55	80	
529	46.201042	C3	48	63	560	41.375000	C3	48	80	
530	46.208333	E3	52	50	559	41.375000	E3	52	80	
531	46.338542	D3	50	64	562	41.500000	D3	50	80	
532	46.356250	F#3	54	47	561	41.500000	F#3	54	80	
533	46.498958	E3	52	59	563	41.625000	E3	52	80	
534	46.621875	A3	57	70	564	41.750000	A3	57	80	
535	46.635417	C3	48	47	565	41.750000	C3	48	80	
536	46.751042	D3	50	56	566	41.875000	D3	50	80	
537	46.908333	B2	47	52	568	42.000000	B2	47	80	
538	46.923958	D4	62	77	567	42.000000	D4	62	80	
539	47.060417	D3	50	53	569	42.125000	D3	50	80	
540	47.190625	B3	59	45	570	42.250000	B3	59	80	
541	47.204167	C3	48	47	571	42.250000	C3	48	80	
542	47.354167	D3	50	52	572	42.375000	D3	50	80	
543	47.481250	E3	52	62	574	42.500000	E3	52	80	
544	47.484375	G3	55	50	573	42.500000	G3	55	80	
545	47.622917	F3	53	62	575	42.625000	F3	53	80	
546	47.773958	D3	50	60	577	42.750000	D3	50	80	
547	47.773958	B3	59	81	576	42.750000	B3	59	80	
548	47.904167	E3	52	67	578	42.875000	E3	52	80	
549	48.075000	C3	48	61	580	43.000000	C3	48	80	
550	48.078125	E4	64	90	579	43.000000	E4	64	80	
551	48.223958	E3	52	68	581	43.125000	E3	52	80	
552	48.362500	C4	60	57	582	43.250000	C4	60	80	
553	48.371875	D3	50	62	583	43.250000	D3	50	80	
554	48.511458	E3	52	64	584	43.375000	E3	52	80	
555	48.630208	A3	57	72	585	43.500000	A3	57	80	
556	48.658333	F3	53	72	586	43.500000	F3	53	80	
557	48.798958	G3	55	67	587	43.625000	G3	55	80	
558	48.922917	E3	52	68	589	43.750000	E3	52	80	
559	48.927083	C4	60	86	588	43.750000	C4	60	80	
560	49.047917	F3	53	69	590	43.875000	F3	53	80	
561	49.206250	D3	50	70	592	44.000000	D3	50	80	
562	49.215625	F4	65	92	591	44.000000	F4	65	80	
563	49.357292	F3	53	77	593	44.125000	F3	53	80	
564	49.493750	E3	52	79	595	44.250000	E3	52	80	
565	49.498958	D4	62	64	594	44.250000	D4	62	80	
566	49.628125	F3	53	77	596	44.375000	F3	53	80	
567	49.782292	G3	55	85	598	44.500000	G3	55	80	
568	49.782292	B3	59	72	597	44.500000	B3	59	80	
569	49.925000	A3	57	81	599	44.625000	A3	57	80	
570	50.048958	D4	62	89	600	44.750000	D4	62	80	
571	50.053125	F3	53	86	601	44.750000	F3	53	80	
572	50.191667	G3	55	82	602	44.875000	G3	55	80	
573	50.332292	E3	52	88	604	45.000000	E3	52	80	
574	50.332292	G4	67	97	603	45.000000	G4	67	80	
575	50.476042	D3	50	81	605	45.125000	D3	50	80	
576	50.610417	E3	52	82	607	45.250000	E3	52	80	
577	50.619792	B3	59	71	606	45.250000	B3	59	80	
578	50.758333	F3	53	80	608	45.375000	F3	53	80	
579	50.889583	E3	52	86	611	45.500000	E3	52	80	
580	50.889583	C4	60	88	610	45.500000	C4	60	80	
581	50.893750	A4	69	85	609	45.500000	A4	69	80	
582	51.028125	F3	53	84	612	45.625000	F3	53	80	
583	51.166667	D3	50	85	615	45.750000	D3	50	80	
584	51.170833	B4	71	95	613	45.750000	B4	71	80	
585	51.176042	D4	62	90	614	45.750000	D4	62	80	
586	51.292708	E3	52	86	616	45.875000	E3	52	80	
587	51.448958	C3	48	90	619	46.000000	C3	48	80	
588	51.457292	E4	64	96	618	46.000000	E4	64	80	
589	51.457292	C5	72	94	617	46.000000	C5	72	80	
590	51.580208	D3	50	81	620	46.125000	D3	50	80	
591	51.734375	E3	52	86	622	46.250000	E3	52	80	
592	51.734375	G4	67	86	621	46.250000	G4	67	80	
593	51.865625	D3	50	79	624	46.375000	D3	50	80	
594	51.865625	F4	65	82	623	46.375000	F4	65	80	
595	51.990625	C3	48	97	626	46.500000	C3	48	80	
596	51.998958	G4	67	89	625	46.500000	G4	67	80	
597	52.119792	Bb2	46	81	627	46.625000	Bb2	46	80	
598	52.262500	A2	45	79	629	46.750000	A2	45	80	
599	52.267708	C4	60	93	628	46.750000	C4	60	80	
600	52.400000	G2	43	87	630	46.875000	G2	43	80	
601	52.522917	A4	69	76	631	47.000000	A4	69	80	
602	52.530208	F2	41	92	632	47.000000	F2	41	80	
603	52.570833	G4	67	85	*	-1	*	-1	-1	
604	52.635417	A4	69	78	*	-1	*	-1	-1	
605	52.655208	E2	40	86	633	47.125000	E2	40	80	
606	52.798958	F2	41	94	634	47.250000	F2	41	80	
607	52.952083	G2	43	92	635	47.375000	G2	43	80	
608	53.086458	F2	41	97	637	47.500000	F2	41	80	
609	53.108333	G4	67	95	636	47.500000	G4	67	80	
610	53.226042	G2	43	91	638	47.625000	G2	43	80	
611	53.366667	E2	40	82	639	47.750000	E2	40	80	
612	53.501042	F2	41	87	640	47.875000	F2	41	80	
613	53.639583	D2	38	86	641	48.000000	D2	38	80	
614	53.780208	A2	45	77	642	48.125000	A2	45	80	
615	53.914583	B2	47	87	644	48.250000	B2	47	80	
616	53.918750	F4	65	91	643	48.250000	F4	65	80	
617	54.051042	C3	48	84	646	48.375000	C3	48	80	
618	54.051042	E4	64	93	645	48.375000	E4	64	80	
619	54.183333	D3	50	92	648	48.500000	D3	50	80	
620	54.186458	F4	65	84	647	48.500000	F4	65	80	
621	54.310417	E3	52	84	650	48.625000	E3	52	80	
622	54.322917	G4	67	86	649	48.625000	G4	67	80	
623	54.459375	F3	53	88	652	48.750000	F3	53	80	
624	54.464583	E4	64	91	651	48.750000	E4	64	80	
625	54.587500	D3	50	82	654	48.875000	D3	50	80	
626	54.601042	F4	65	85	653	48.875000	F4	65	80	
627	54.736458	G3	55	99	656	49.000000	G3	55	80	
628	54.741667	D4	62	94	655	49.000000	D4	62	80	
629	54.878125	F4	65	85	657	49.125000	F4	65	80	
630	55.013542	E4	64	90	658	49.250000	E4	64	80	
631	55.140625	F4	65	85	659	49.375000	F4	65	80	
632	55.290625	G4	67	81	661	49.500000	G4	67	80	
633	55.290625	B4	71	90	660	49.500000	B4	71	80	
634	55.431250	A4	69	79	662	49.625000	A4	69	80	
635	55.573958	F4	65	82	663	49.750000	F4	65	80	
636	55.701042	G4	67	88	664	49.875000	G4	67	80	
637	55.845833	E4	64	100	665	50.000000	E4	64	80	
638	55.985417	D4	62	84	666	50.125000	D4	62	80	
639	56.120833	C5	72	104	667	50.250000	C5	72	80	
640	56.134375	E4	64	88	668	50.250000	E4	64	80	
641	56.257292	B4	71	95	669	50.375000	B4	71	80	
642	56.268750	F4	65	68	670	50.375000	F4	65	80	
643	56.389583	C5	72	101	671	50.500000	C5	72	80	
644	56.411458	E4	64	77	672	50.500000	E4	64	80	
645	56.544792	F4	65	65	673	50.625000	F4	65	80	
646	56.689583	D4	62	66	675	50.750000	D4	62	80	
647	56.689583	G4	67	94	674	50.750000	G4	67	80	
648	56.818750	E4	64	65	676	50.875000	E4	64	80	
649	56.952083	E5	76	85	677	51.000000	E5	76	80	
650	56.978125	C4	60	69	678	51.000000	C4	60	80	
651	56.991667	D5	74	89	*	-1	*	-1	-1	
652	57.046875	E5	76	90	*	-1	*	-1	-1	
653	57.086458	B3	59	66	679	51.125000	B3	59	80	
654	57.239583	C4	60	68	680	51.250000	C4	60	80	
655	57.387500	D4	62	75	681	51.375000	D4	62	80	
656	57.529167	D5	74	86	682	51.500000	D5	74	80	
657	57.533333	C4	60	74	683	51.500000	C4	60	80	
658	57.654167	D4	62	80	684	51.625000	D4	62	80	
659	57.801042	B3	59	88	685	51.750000	B3	59	80	
660	57.923958	C4	60	86	686	51.875000	C4	60	80	
661	58.068750	A3	57	99	687	52.000000	A3	57	80	
662	58.207292	B3	59	84	688	52.125000	B3	59	80	
663	58.351042	C5	72	100	689	52.250000	C5	72	80	
664	58.357292	C4	60	92	690	52.250000	C4	60	80	
665	58.484375	B4	71	90	691	52.375000	B4	71	80	
666	58.500000	D4	62	86	692	52.375000	D4	62	80	
667	58.622917	E4	64	85	694	52.500000	E4	64	80	
668	58.622917	C5	72	95	693	52.500000	C5	72	80	
669	58.745833	F#4	66	81	696	52.625000	F#4	66	80	
670	58.750000	D5	74	87	695	52.625000	D5	74	80	
671	58.886458	B4	71	85	697	52.750000	B4	71	80	
672	58.900000	G4	67	74	698	52.750000	G4	67	80	
673	58.904167	B3	59	72	699	52.750000	B3	59	80	
674	59.026042	C5	72	78	700	52.875000	C5	72	80	
675	59.163542	A4	69	69	701	53.000000	A4	69	80	
676	59.177083	C4	60	62	702	53.000000	C4	60	80	
677	59.296875	C5	72	69	703	53.125000	C5	72	80	
678	59.445833	A3	57	63	706	53.250000	A3	57	80	
679	59.445833	G4	67	64	705	53.250000	G4	67	80	
680	59.445833	B4	71	71	704	53.250000	B4	71	80	
681	59.589583	C5	72	74	707	53.375000	C5	72	80	
682	59.715625	D4	62	71	709	53.500000	D4	62	80	
683	59.725000	D5	74	72	708	53.500000	D5	74	80	
684	59.865625	E5	76	73	710	53.625000	E5	76	80	
685	59.975000	D3	50	63	713	53.750000	D3	50	80	
686	59.997917	C5	72	75	711	53.750000	C5	72	80	
687	60.013542	F#4	66	75	712	53.750000	F#4	66	80	
688	60.125000	D5	74	73	714	53.875000	D5	74	80	
689	60.269792	G2	43	63	717	54.000000	G2	43	80	
690	60.273958	G4	67	59	716	54.000000	G4	67	80	
691	60.273958	B4	71	72	715	54.000000	B4	71	80	
692	60.402083	F#2	42	71	718	54.125000	F#2	42	80	
693	60.545833	G2	43	79	720	54.250000	G2	43	80	
694	60.550000	D5	74	84	719	54.250000	D5	74	80	
695	60.680208	A2	45	81	722	54.375000	A2	45	80	
696	60.680208	C5	72	86	721	54.375000	C5	72	80	
697	60.815625	B2	47	88	724	54.500000	B2	47	80	
698	60.822917	D5	74	93	723	54.500000	D5	74	80	
699	60.938542	C3	48	81	725	54.625000	C3	48	80	
700	61.087500	A2	45	67	727	54.750000	A2	45	80	
701	61.104167	G4	67	79	726	54.750000	G4	67	80	
702	61.213542	B2	47	59	728	54.875000	B2	47	80	
703	61.381250	C3	48	57	730	55.000000	C3	48	80	
704	61.394792	E5	76	86	729	55.000000	E5	76	80	
705	61.537500	B2	47	54	731	55.125000	B2	47	80	
706	61.675000	C3	48	57	733	55.250000	C3	48	80	
707	61.675000	G4	67	62	732	55.250000	G4	67	80	
708	61.788542	F4	65	63	734	55.375000	F4	65	80	
709	61.793750	D3	50	63	735	55.375000	D3	50	80	
710	61.934375	C3	48	57	738	55.500000	C3	48	80	
711	61.934375	G4	67	59	737	55.500000	G4	67	80	
712	61.934375	D5	74	68	736	55.500000	D5	74	80	
713	62.050000	D3	50	60	739	55.625000	D3	50	80	
714	62.205208	B2	47	56	741	55.750000	B2	47	80	
715	62.212500	D4	62	62	740	55.750000	D4	62	80	
716	62.342708	C3	48	53	742	55.875000	C3	48	80	
717	62.476042	C5	72	71	743	56.000000	C5	72	80	
718	62.479167	A4	69	60	744	56.000000	A4	69	80	
719	62.490625	A2	45	61	745	56.000000	A2	45	80	
720	62.612500	G#2	44	73	746	56.125000	G#2	44	80	
721	62.751042	A2	45	81	748	56.250000	A2	45	80	
722	62.771875	E5	76	84	747	56.250000	E5	76	80	
723	62.882292	B2	47	85	750	56.375000	B2	47	80	
724	62.895833	D5	74	84	749	56.375000	D5	74	80	
725	63.018750	C3	48	89	753	56.500000	C3	48	80	
726	63.027083	G4	67	86	752	56.500000	G4	67	80	
727	63.033333	E5	76	92	751	56.500000	E5	76	80	
728	63.147917	D3	50	80	754	56.625000	D3	50	80	
729	63.291667	B2	47	73	756	56.750000	B2	47	80	
730	63.310417	A4	69	93	755	56.750000	A4	69	80	
731	63.421875	C3	48	68	757	56.875000	C3	48	80	
732	63.593750	D3	50	66	760	57.000000	D3	50	80	
733	63.593750	F4	65	86	759	57.000000	F4	65	80	
734	63.593750	F5	77	98	758	57.000000	F5	77	80	
735	63.745833	C3	48	61	761	57.125000	C3	48	80	
736	63.870833	A4	69	72	762	57.250000	A4	69	80	
737	63.880208	D3	50	65	763	57.250000	D3	50	80	
738	63.994792	G4	67	72	764	57.375000	G4	67	80	
739	64.008333	E3	52	75	765	57.375000	E3	52	80	
740	64.134375	E5	76	86	766	57.500000	E5	76	80	
741	64.139583	A4	69	78	767	57.500000	A4	69	80	
742	64.146875	D3	50	80	768	57.500000	D3	50	80	
743	64.280208	E3	52	75	769	57.625000	E3	52	80	
744	64.420833	E4	64	80	770	57.750000	E4	64	80	
745	64.426042	C3	48	76	771	57.750000	C3	48	80	
746	64.556250	D3	50	79	772	57.875000	D3	50	80	
747	64.683333	B4	71	82	774	58.000000	B4	71	80	
748	64.683333	D5	74	83	773	58.000000	D5	74	80	
749	64.692708	B2	47	86	775	58.000000	B2	47	80	
750	64.827083	A2	45	84	776	58.125000	A2	45	80	
751	64.964583	B2	47	88	778	58.250000	B2	47	80	
752	64.969792	F5	77	96	777	58.250000	F5	77	80	
753	65.104167	C3	48	88	780	58.375000	C3	48	80	
754	65.104167	E5	76	86	779	58.375000	E5	76	80	
755	65.240625	D3	50	95	783	58.500000	D3	50	80	
756	65.245833	A4	69	88	782	58.500000	A4	69	80	
757	65.250000	F5	77	97	781	58.500000	F5	77	80	
758	65.366667	E3	52	93	784	58.625000	E3	52	80	
759	65.519792	C3	48	86	786	58.750000	C3	48	80	
760	65.529167	B4	71	101	785	58.750000	B4	71	80	
761	65.644792	D3	50	82	787	58.875000	D3	50	80	
762	65.810417	E3	52	90	790	59.000000	E3	52	80	
763	65.814583	G4	67	99	789	59.000000	G4	67	80	
764	65.814583	G5	79	101	788	59.000000	G5	79	80	
765	65.954167	D3	50	84	791	59.125000	D3	50	80	
766	66.094792	E3	52	88	793	59.250000	E3	52	80	
767	66.094792	B4	71	84	792	59.250000	B4	71	80	
768	66.219792	F3	53	86	795	59.375000	F3	53	80	
769	66.219792	A4	69	76	794	59.375000	A4	69	80	
770	66.355208	B4	71	90	797	59.500000	B4	71	80	
771	66.357292	F5	77	89	796	59.500000	F5	77	80	
772	66.361458	E3	52	93	798	59.500000	E3	52	80	
773	66.492708	F3	53	88	799	59.625000	F3	53	80	
774	66.631250	D3	50	86	801	59.750000	D3	50	80	
775	66.639583	G4	67	81	800	59.750000	G4	67	80	
776	66.766667	E3	52	85	802	59.875000	E3	52	80	
777	66.913542	C3	48	80	805	60.000000	C3	48	80	
778	66.925000	E5	76	87	803	60.000000	E5	76	80	
779	66.929167	C5	72	84	804	60.000000	C5	72	80	
780	67.060417	B2	47	79	806	60.125000	B2	47	80	
781	67.196875	C3	48	81	808	60.250000	C3	48	80	
782	67.202083	F5	77	94	807	60.250000	F5	77	80	
783	67.339583	D3	50	81	809	60.375000	D3	50	80	
784	67.488542	E3	52	75	812	60.500000	E3	52	80	
785	67.497917	G5	79	102	810	60.500000	G5	79	80	
786	67.502083	Bb4	70	84	811	60.500000	Bb4	70	80	
787	67.626042	F3	53	78	813	60.625000	F3	53	80	
788	67.760417	D3	50	72	814	60.750000	D3	50	80	
789	67.889583	E3	52	69	815	60.875000	E3	52	80	
790	68.042708	F3	53	69	817	61.000000	F3	53	80	
791	68.054167	A4	69	63	816	61.000000	A4	69	80	
792	68.175000	G3	55	63	818	61.125000	G3	55	80	
793	68.316667	F3	53	64	819	61.250000	F3	53	80	
794	68.447917	E3	52	61	820	61.375000	E3	52	80	
795	68.600000	D3	50	57	822	61.500000	D3	50	80	
796	68.600000	F5	77	85	821	61.500000	F5	77	80	
797	68.673958	F#5	78	8	*	-1	*	-1	-1	
798	68.737500	C3	48	56	823	61.625000	C3	48	80	
799	68.879167	B2	47	55	824	61.750000	B2	47	80	
800	69.016667	A2	45	55	825	61.875000	A2	45	80	
801	69.151042	B2	47	58	827	62.000000	B2	47	80	
802	69.151042	G4	67	59	826	62.000000	G4	67	80	
803	69.304167	G2	43	56	828	62.125000	G2	43	80	
804	69.447917	A2	45	54	829	62.250000	A2	45	80	
805	69.565625	B2	47	57	830	62.375000	B2	47	80	
806	69.712500	C3	48	59	832	62.500000	C3	48	80	
807	69.712500	E5	76	83	831	62.500000	E5	76	80	
808	69.847917	D3	50	60	833	62.625000	D3	50	80	
809	69.987500	B2	47	53	834	62.750000	B2	47	80	
810	70.109375	C3	48	53	835	62.875000	C3	48	80	
811	70.265625	F4	65	60	836	63.000000	F4	65	80	
812	70.273958	A2	45	48	837	63.000000	A2	45	80	
813	70.405208	C3	48	55	838	63.125000	C3	48	80	
814	70.544792	B2	47	52	839	63.250000	B2	47	80	
815	70.677083	C3	48	48	840	63.375000	C3	48	80	
816	70.804167	D3	50	60	842	63.500000	D3	50	80	
817	70.804167	D5	74	80	841	63.500000	D5	74	80	
818	70.936458	E3	52	56	843	63.625000	E3	52	80	
819	71.077083	C5	72	82	844	63.750000	C5	72	80	
820	71.086458	F3	53	57	845	63.750000	F3	53	80	
821	71.216667	D3	50	50	846	63.875000	D3	50	80	
822	71.380208	B4	71	88	847	64.000000	B4	71	80	
823	71.386458	G3	55	58	848	64.000000	G3	55	80	
824	71.527083	A3	57	58	849	64.125000	A3	57	80	
825	71.658333	F3	53	51	851	64.250000	F3	53	80	
826	71.658333	G4	67	51	850	64.250000	G4	67	80	
827	71.803125	G3	55	58	852	64.375000	G3	55	80	
828	71.941667	C5	72	94	853	64.500000	C5	72	80	
829	71.946875	A3	57	63	855	64.500000	A3	57	80	
830	71.956250	E4	64	83	854	64.500000	E4	64	80	
831	72.082292	B3	59	59	856	64.625000	B3	59	80	
832	72.228125	G3	55	62	857	64.750000	G3	55	80	
833	72.344792	A3	57	75	858	64.875000	A3	57	80	
834	72.494792	F3	53	77	860	65.000000	F3	53	80	
835	72.494792	D4	62	91	859	65.000000	D4	62	80	
836	72.626042	G3	55	82	861	65.125000	G3	55	80	
837	72.776042	E3	52	89	862	65.250000	E3	52	80	
838	72.904167	F3	53	85	863	65.375000	F3	53	80	
839	73.047917	B4	71	93	864	65.500000	B4	71	80	
840	73.053125	G3	55	90	865	65.500000	G3	55	80	
841	73.182292	F4	65	74	866	65.625000	F4	65	80	
842	73.193750	A3	57	83	867	65.625000	A3	57	80	
843	73.332292	F3	53	75	869	65.750000	F3	53	80	
844	73.332292	E4	64	83	868	65.750000	E4	64	80	
845	73.457292	D4	62	74	870	65.875000	D4	62	80	
846	73.458333	G3	55	66	871	65.875000	G3	55	80	
847	73.606250	G4	67	71	873	66.000000	G4	67	80	
848	73.606250	C5	72	76	872	66.000000	C5	72	80	
849	73.615625	E3	52	60	874	66.000000	E3	52	80	
850	73.739583	A4	69	72	875	66.125000	A4	69	80	
851	73.878125	D5	74	80	876	66.250000	D5	74	80	
852	73.882292	F3	53	82	878	66.250000	F3	53	80	
853	73.886458	F4	65	79	877	66.250000	F4	65	80	
854	74.015625	G4	67	80	879	66.375000	G4	67	80	
855	74.162500	G3	55	93	882	66.500000	G3	55	80	
856	74.162500	E4	64	90	881	66.500000	E4	64	80	
857	74.162500	G4	67	83	880	66.500000	G4	67	80	
858	74.300000	C5	72	85	883	66.625000	C5	72	80	
859	74.427083	G#3	56	101	885	66.750000	G#3	56	80	
860	74.455208	D4	62	82	884	66.750000	D4	62	80	
861	74.572917	B4	71	79	886	66.875000	B4	71	80	
862	74.723958	A2	45	106	889	67.000000	A2	45	80	
863	74.729167	C4	60	92	888	67.000000	C4	60	80	
864	74.729167	C5	72	86	887	67.000000	C5	72	80	
865	74.890625	F4	65	66	890	67.125000	F4	65	80	
866	75.035417	G3	55	101	892	67.250000	G3	55	80	
867	75.035417	E4	64	82	891	67.250000	E4	64	80	
868	75.161458	F3	53	95	894	67.375000	F3	53	80	
869	75.162500	D4	62	81	893	67.375000	D4	62	80	
870	75.311458	G3	55	103	896	67.500000	G3	55	80	
871	75.316667	E4	64	83	895	67.500000	E4	64	80	
872	75.439583	F4	65	69	897	67.625000	F4	65	80	
873	75.584375	D4	62	68	898	67.750000	D4	62	80	
874	75.595833	C3	48	83	899	67.750000	C3	48	80	
875	75.712500	E4	64	67	900	67.875000	E4	64	80	
876	75.852083	F4	65	58	901	68.000000	F4	65	80	
877	75.873958	A3	57	89	902	68.000000	A3	57	80	
878	75.915625	G3	55	80	*	-1	*	-1	-1	
879	75.968750	A3	57	90	*	-1	*	-1	-1	
880	75.978125	E4	64	73	903	68.125000	E4	64	80	
881	76.140625	F4	65	43	904	68.250000	F4	65	80	
882	76.308333	G4	67	61	905	68.375000	G4	67	80	
883	76.445833	F4	65	62	906	68.500000	F4	65	80	
884	76.460417	G3	55	70	907	68.500000	G3	55	80	
885	76.588542	G4	67	65	908	68.625000	G4	67	80	
886	76.728125	E4	64	61	909	68.750000	E4	64	80	
887	76.854167	F4	65	63	910	68.875000	F4	65	80	
888	76.993750	D4	62	69	911	69.000000	D4	62	80	
889	77.131250	C4	60	69	912	69.125000	C4	60	80	
890	77.272917	F3	53	97	914	69.250000	F3	53	80	
891	77.272917	D4	62	78	913	69.250000	D4	62	80	
892	77.403125	E3	52	92	916	69.375000	E3	52	80	
893	77.403125	E4	64	82	915	69.375000	E4	64	80	
894	77.539583	F3	53	99	918	69.500000	F3	53	80	
895	77.548958	D4	62	80	917	69.500000	D4	62	80	
896	77.687500	E4	64	71	919	69.625000	E4	64	80	
897	77.828125	C4	60	68	920	69.750000	C4	60	80	
898	77.835417	D3	50	95	921	69.750000	D3	50	80	
899	77.953125	D4	62	68	922	69.875000	D4	62	80	
900	78.100000	E4	64	72	923	70.000000	E4	64	80	
901	78.110417	G3	55	91	924	70.000000	G3	55	80	
902	78.152083	F3	53	83	*	-1	*	-1	-1	
903	78.213542	G3	55	92	*	-1	*	-1	-1	
904	78.225000	D4	62	74	925	70.125000	D4	62	80	
905	78.369792	C4	60	68	927	70.250000	C4	60	80	
906	78.375000	E4	64	76	926	70.250000	E4	64	80	
907	78.520833	F4	65	68	928	70.375000	F4	65	80	
908	78.679167	F3	53	79	930	70.500000	F3	53	80	
909	78.683333	E4	64	77	929	70.500000	E4	64	80	
910	78.827083	F4	65	68	931	70.625000	F4	65	80	
911	78.961458	D4	62	66	932	70.750000	D4	62	80	
912	78.963542	B3	59	56	933	70.750000	B3	59	80	
913	79.091667	E4	64	68	934	70.875000	E4	64	80	
914	79.232292	C4	60	66	935	71.000000	C4	60	80	
915	79.246875	E3	52	62	937	71.000000	E3	52	80	
916	79.384375	D3	50	63	938	71.125000	D3	50	80	
917	79.518750	E3	52	67	940	71.250000	E3	52	80	
918	79.526042	G3	55	80	939	71.250000	G3	55	80	
919	79.653125	F3	53	88	941	71.375000	F3	53	80	
920	79.793750	G3	55	87	943	71.500000	G3	55	80	
921	79.803125	E3	52	62	944	71.500000	E3	52	80	
922	79.904167	F3	53	63	945	71.625000	F3	53	80	
923	80.060417	C3	48	85	946	71.750000	C3	48	80	
924	80.065625	D3	50	67	947	71.750000	D3	50	80	
925	80.194792	E3	52	74	948	71.875000	E3	52	80	
926	80.331250	A3	57	82	949	72.000000	A3	57	80	
927	80.341667	F3	53	84	950	72.000000	F3	53	80	
928	80.385417	G3	55	80	*	-1	*	-1	-1	
929	80.440625	A3	57	83	*	-1	*	-1	-1	
930	80.466667	E3	52	94	951	72.125000	E3	52	80	
931	80.612500	F3	53	94	952	72.250000	F3	53	80	
932	80.742708	G3	55	85	953	72.375000	G3	55	80	
933	80.884375	F3	53	86	955	72.500000	F3	53	80	
934	80.888542	G3	55	71	954	72.500000	G3	55	80	
935	81.032292	G3	55	74	956	72.625000	G3	55	80	
936	81.171875	E3	52	76	957	72.750000	E3	52	80	
937	81.301042	F3	53	80	958	72.875000	F3	53	80	
938	81.434375	D3	50	78	959	73.000000	D3	50	80	
939	81.579167	C3	48	78	960	73.125000	C3	48	80	
940	81.713542	D3	50	77	962	73.250000	D3	50	80	
941	81.720833	F3	53	80	961	73.250000	F3	53	80	
942	81.839583	E3	52	86	963	73.375000	E3	52	80	
943	81.982292	D3	50	81	966	73.500000	D3	50	80	
944	81.982292	F3	53	80	965	73.500000	F3	53	80	
945	82.127083	C3	48	65	967	73.625000	C3	48	80	
946	82.258333	D3	50	69	968	73.750000	D3	50	80	
947	82.270833	B2	47	66	969	73.750000	B2	47	80	
948	82.395833	A2	45	64	970	73.875000	A2	45	80	
949	82.539583	G3	55	71	971	74.000000	G3	55	80	
950	82.548958	G2	43	73	972	74.000000	G2	43	80	
951	82.684375	F2	41	80	973	74.125000	F2	41	80	
952	82.815625	B3	59	89	974	74.250000	B3	59	80	
953	82.825000	G2	43	82	975	74.250000	G2	43	80	
954	82.958333	A2	45	91	976	74.375000	A2	45	80	
955	83.098958	C4	60	80	977	74.500000	C4	60	80	
956	83.106250	G2	43	93	979	74.500000	G2	43	80	
957	83.106250	A3	57	92	978	74.500000	A3	57	80	
958	83.217708	F2	41	93	980	74.625000	F2	41	80	
959	83.369792	E2	40	86	983	74.750000	E2	40	80	
960	83.379167	B3	59	84	982	74.750000	B3	59	80	
961	83.379167	D4	62	92	981	74.750000	D4	62	80	
962	83.503125	D2	38	84	984	74.875000	D2	38	80	
963	83.652083	C4	60	80	986	75.000000	C4	60	80	
964	83.655208	C2	36	81	987	75.000000	C2	36	80	
965	83.655208	E4	64	83	985	75.000000	E4	64	80	
966	83.809375	C3	48	69	988	75.125000	C3	48	80	
967	83.946875	E3	52	89	991	75.250000	E3	52	80	
968	83.946875	G4	67	88	989	75.250000	G4	67	80	
969	83.954167	Bb3	58	85	990	75.250000	Bb3	58	80	
970	84.077083	C3	48	88	994	75.375000	C3	48	80	
971	84.077083	F4	65	80	992	75.375000	F4	65	80	
972	84.090625	A3	57	84	993	75.375000	A3	57	80	
973	84.219792	C2	36	99	997	75.500000	C2	36	80	
974	84.228125	Bb3	58	85	996	75.500000	Bb3	58	80	
975	84.228125	G4	67	87	995	75.500000	G4	67	80	
976	84.359375	C3	48	78	998	75.625000	C3	48	80	
977	84.516667	G3	55	88	1001	75.750000	G3	55	80	
978	84.521875	C4	60	85	999	75.750000	C4	60	80	
979	84.521875	E4	64	87	1000	75.750000	E4	64	80	
980	84.647917	C3	48	77	1002	75.875000	C3	48	80	
981	84.803125	C2	36	88	1005	76.000000	C2	36	80	
982	84.813542	F4	65	95	1004	76.000000	F4	65	80	
983	84.813542	A4	69	90	1003	76.000000	A4	69	80	
984	84.963542	D2	38	79	1006	76.125000	D2	38	80	
985	85.103125	E2	40	79	1007	76.250000	E2	40	80	
986	85.243750	F2	41	90	1008	76.375000	F2	41	80	
987	85.386458	E4	64	97	1010	76.500000	E4	64	80	
988	85.390625	G4	67	89	1009	76.500000	G4	67	80	
989	85.392708	G2	43	91	1011	76.500000	G2	43	80	
990	85.520833	A2	45	93	1012	76.625000	A2	45	80	
991	85.650000	B2	47	92	1013	76.750000	B2	47	80	
992	85.784375	C3	48	88	1014	76.875000	C3	48	80	
993	85.940625	C2	36	97	1015	77.000000	C2	36	80	
994	86.078125	C3	48	75	1016	77.125000	C3	48	80	
995	86.227083	D3	50	88	1018	77.250000	D3	50	80	
996	86.227083	F4	65	94	1017	77.250000	F4	65	80	
997	86.355208	E4	64	93	1019	77.375000	E4	64	80	
998	86.364583	C3	48	78	1020	77.375000	C3	48	80	
999	86.491667	F4	65	89	1021	77.500000	F4	65	80	
1000	86.503125	C2	36	86	1022	77.500000	C2	36	80	
1001	86.621875	C3	48	71	1023	77.625000	C3	48	80	
1002	86.775000	F3	53	80	1025	77.750000	F3	53	80	
1003	86.788542	D4	62	87	1024	77.750000	D4	62	80	
1004	86.903125	C3	48	69	1026	77.875000	C3	48	80	
1005	87.073958	G4	67	92	1027	78.000000	G4	67	80	
1006	87.079167	B2	47	77	1028	78.000000	B2	47	80	
1007	87.222917	C3	48	76	1029	78.125000	C3	48	80	
1008	87.356250	B2	47	77	1031	78.250000	B2	47	80	
1009	87.365625	D4	62	81	1030	78.250000	D4	62	80	
1010	87.490625	A2	45	76	1033	78.375000	A2	45	80	
1011	87.490625	C4	60	76	1032	78.375000	C4	60	80	
1012	87.622917	F4	65	85	1034	78.500000	F4	65	80	
1013	87.630208	D4	62	81	1035	78.500000	D4	62	80	
1014	87.634375	G2	43	88	1036	78.500000	G2	43	80	
1015	87.756250	F2	41	79	1037	78.625000	F2	41	80	
1016	87.910417	G3	55	76	1038	78.750000	G3	55	80	
1017	87.914583	E2	40	73	1039	78.750000	E2	40	80	
1018	88.034375	D2	38	79	1040	78.875000	D2	38	80	
1019	88.160417	C4	60	84	1041	79.000000	C4	60	80	
1020	88.162500	E4	64	82	1042	79.000000	E4	64	80	
1021	88.173958	C2	36	77	1043	79.000000	C2	36	80	
1022	88.304167	C3	48	81	1044	79.125000	C3	48	80	
1023	88.443750	F4	65	91	1045	79.250000	F4	65	80	
1024	88.443750	G#4	68	99	1046	79.250000	G#4	68	80	
1025	88.459375	D3	50	82	1048	79.250000	D3	50	80	
1026	88.465625	B3	59	96	1047	79.250000	B3	59	80	
1027	88.595833	C3	48	79	1049	79.375000	C3	48	80	
1028	88.740625	C4	60	96	1052	79.500000	C4	60	80	
1029	88.750000	E3	52	81	1053	79.500000	E3	52	80	
1030	88.750000	E4	64	96	1050	79.500000	E4	64	80	
1031	88.750000	G4	67	90	1051	79.500000	G4	67	80	
1032	88.884375	C3	48	78	1054	79.625000	C3	48	80	
1033	89.025000	B4	71	95	1056	79.750000	B4	71	80	
1034	89.030208	F3	53	80	1058	79.750000	F3	53	80	
1035	89.034375	D4	62	93	1057	79.750000	D4	62	80	
1036	89.034375	G#4	68	97	1055	79.750000	G#4	68	80	
1037	89.185417	C3	48	73	1059	79.875000	C3	48	80	
1038	89.323958	E4	64	101	1062	80.000000	E4	64	80	
1039	89.329167	G4	67	101	1060	80.000000	G4	67	80	
1040	89.329167	C5	72	96	1061	80.000000	C5	72	80	
1041	89.333333	G3	55	76	1063	80.000000	G3	55	80	
1042	89.472917	C3	48	70	1064	80.125000	C3	48	80	
1043	89.634375	B3	59	98	1067	80.250000	B3	59	80	
1044	89.638542	G#3	56	83	1068	80.250000	G#3	56	80	
1045	89.638542	D4	62	94	1065	80.250000	D4	62	80	
1046	89.638542	F4	65	96	1066	80.250000	F4	65	80	
1047	89.784375	C3	48	67	1069	80.375000	C3	48	80	
1048	89.955208	C4	60	98	1071	80.500000	C4	60	80	
1049	89.957292	G3	55	77	1073	80.500000	G3	55	80	
1050	89.957292	E4	64	100	1070	80.500000	E4	64	80	
1051	90.080208	C3	48	72	1074	80.625000	C3	48	80	
1052	90.259375	B2	47	85	1077	80.750000	B2	47	80	
1053	90.264583	E4	64	101	1076	80.750000	E4	64	80	
1054	90.270833	C5	72	92	1075	80.750000	C5	72	80	
1055	90.406250	C3	48	68	1078	80.875000	C3	48	80	
1056	90.665625	A3	57	86	1081	81.000000	A3	57	80	
1057	90.679167	F2	41	78	1082	81.000000	F2	41	80	
1058	90.679167	D4	62	104	1079	81.000000	D4	62	80	
1059	91.129167	C5	72	110	1083	81.250000	C5	72	80	
1060	91.636458	F4	65	93	1084	81.500000	F4	65	80	
1061	91.638542	G3	55	92	1086	81.500000	G3	55	80	
1062	91.638542	D4	62	96	1085	81.500000	D4	62	80	
1063	91.647917	G2	43	83	1087	81.500000	G2	43	80	
1064	92.328125	B4	71	105	1088	81.750000	B4	71	80	
1065	93.213542	C5	72	104	1092	82.000000	C5	72	80	
1066	93.219792	C2	36	84	1093	82.000000	C2	36	80	
1067	93.219792	C4	60	99	1089	82.000000	C4	60	80	
1068	93.225000	E4	64	90	1090	82.000000	E4	64	80	
1069	93.225000	G4	67	85	1091	82.000000	G4	67	80	
*	-1	*	-1	-1	6	1.062500	G4	67	80	
*	-1	*	-1	-1	8	1.125000	A4	69	80	
*	-1	*	-1	-1	39	5.062500	D5	74	80	
*	-1	*	-1	-1	42	5.125000	E5	76	80	
*	-1	*	-1	-1	90	9.062500	G3	55	80	
*	-1	*	-1	-1	93	9.125000	A3	57	80	
*	-1	*	-1	-1	248	20.500000	G5	79	80	
*	-1	*	-1	-1	250	20.562500	F#5	78	80	
*	-1	*	-1	-1	252	20.625000	G5	79	80	
*	-1	*	-1	-1	254	20.687500	F#5	78	80	
*	-1	*	-1	-1	258	20.875000	G5	79	80	
*	-1	*	-1	-1	345	27.562500	A4	69	80	
*	-1	*	-1	-1	347	27.625000	G#4	68	80	
*	-1	*	-1	-1	349	27.625000	A4	69	80	
*	-1	*	-1	-1	350	27.687500	A4	69	80	
*	-1	*	-1	-1	351	27.687500	G#4	68	80	
*	-1	*	-1	-1	352	27.750000	G#4	68	80	
*	-1	*	-1	-1	354	27.750000	A4	69	80	
*	-1	*	-1	-1	355	27.812500	A4	69	80	
*	-1	*	-1	-1	356	27.812500	G#4	68	80	
*	-1	*	-1	-1	357	27.875000	G#4	68	80	
*	-1	*	-1	-1	359	27.937500	A4	69	80	
*	-1	*	-1	-1	472	36.000000	G4	67	80	
*	-1	*	-1	-1	474	36.062500	F4	65	80	
*	-1	*	-1	-1	475	36.125000	F4	65	80	
*	-1	*	-1	-1	477	36.125000	G4	67	80	
*	-1	*	-1	-1	478	36.186458	G4	67	80	
*	-1	*	-1	-1	480	36.250000	F4	65	80	
*	-1	*	-1	-1	482	36.250000	G4	67	80	
*	-1	*	-1	-1	484	36.312500	F4	65	80	
*	-1	*	-1	-1	487	36.375000	G4	67	80	
*	-1	*	-1	-1	489	36.437500	F4	65	80	
*	-1	*	-1	-1	504	37.061458	G4	67	80	
*	-1	*	-1	-1	505	37.125000	F4	65	80	
*	-1	*	-1	-1	507	37.186458	G4	67	80	
*	-1	*	-1	-1	936	71.000000	C4	60	80	
*	-1	*	-1	-1	942	71.375000	F3	53	80	
*	-1	*	-1	-1	964	73.375000	E3	52	80	
*	-1	*	-1	-1	1072	80.500000	E4	64	80	
*	-1	*	-1	-1	1080	81.000000	D4	62	80	
