// alignID alignOntime alignSitch alignPitch alignOnvel refID refOntime refSitch refPitch refOnvel
0	0.962240	A4	69	76	0	0.000000	A4	69	80	
1	0.975260	A2	45	61	1	0.000000	A2	45	80	
2	1.063802	B4	71	75	2	0.125000	B4	71	80	
3	1.180990	C5	72	78	3	0.250000	C5	72	80	
4	1.423177	E5	76	76	4	0.500000	E5	76	80	
5	1.649740	C5	72	70	5	0.750000	C5	72	80	
6	1.677083	A3	57	61	6	0.750000	A3	57	80	
7	1.778646	G#3	56	62	7	0.875000	G#3	56	80	
8	1.885417	A4	69	71	8	1.000000	A4	69	80	
9	1.893229	A3	57	66	9	1.000000	A3	57	80	
10	1.985677	G#3	56	65	10	1.125000	G#3	56	80	
11	2.098958	A3	57	67	12	1.250000	A3	57	80	
12	2.111979	E4	64	74	11	1.250000	E4	64	80	
13	2.204427	G#3	56	62	13	1.375000	G#3	56	80	
14	2.320312	A4	69	82	14	1.500000	A4	69	80	
15	2.321615	A3	57	68	15	1.500000	A3	57	80	
16	2.537760	C5	72	77	16	1.750000	C5	72	80	
17	2.544271	E3	52	64	17	1.750000	E3	52	80	
18	2.761719	C3	48	63	19	2.000000	C3	48	80	
19	2.761719	E5	76	82	18	2.000000	E5	76	80	
20	2.984375	A2	45	73	21	2.250000	A2	45	80	
21	2.988281	B4	71	81	20	2.250000	B4	71	80	
22	3.091146	C5	72	84	22	2.375000	C5	72	80	
23	3.195312	D5	74	84	23	2.500000	D5	74	80	
24	3.430990	F5	77	81	24	2.750000	F5	77	80	
25	3.649740	D5	74	75	25	3.000000	D5	74	80	
26	3.657552	A3	57	55	26	3.000000	A3	57	80	
27	3.753906	G#3	56	70	27	3.125000	G#3	56	80	
28	3.845052	A3	57	65	29	3.250000	A3	57	80	
29	3.864583	B4	71	83	28	3.250000	B4	71	80	
30	3.944010	G#3	56	73	30	3.375000	G#3	56	80	
31	4.054688	A3	57	72	32	3.500000	A3	57	80	
32	4.070312	G#4	68	89	31	3.500000	G#4	68	80	
33	4.158854	G#3	56	68	33	3.625000	G#3	56	80	
34	4.273438	B4	71	86	34	3.750000	B4	71	80	
35	4.283854	A3	57	71	35	3.750000	A3	57	80	
36	4.485677	D5	74	78	36	4.000000	D5	74	80	
37	4.489583	F3	53	66	37	4.000000	F3	53	80	
38	4.692708	D3	50	64	39	4.250000	D3	50	80	
39	4.696615	F5	77	87	38	4.250000	F5	77	80	
40	4.911458	D5	74	82	40	4.500000	D5	74	80	
41	4.916667	A2	45	73	41	4.500000	A2	45	80	
42	5.003906	E5	76	82	42	4.625000	E5	76	80	
43	5.114583	F5	77	85	43	4.750000	F5	77	80	
44	5.346354	G#5	80	78	44	5.000000	G#5	80	80	
45	5.558594	F5	77	81	45	5.250000	F5	77	80	
46	5.574219	A3	57	53	46	5.250000	A3	57	80	
47	5.674479	G#3	56	63	47	5.375000	G#3	56	80	
48	5.763021	D5	74	85	48	5.500000	D5	74	80	
49	5.772135	A3	57	69	49	5.500000	A3	57	80	
50	5.875000	G#3	56	75	50	5.625000	G#3	56	80	
51	5.968750	B4	71	90	51	5.750000	B4	71	80	
52	5.983073	A3	57	71	52	5.750000	A3	57	80	
53	6.066406	G#3	56	72	53	5.875000	G#3	56	80	
54	6.165365	D5	74	87	54	6.000000	D5	74	80	
55	6.178385	A3	57	76	55	6.000000	A3	57	80	
56	6.375000	F5	77	87	56	6.250000	F5	77	80	
57	6.380208	F3	53	69	57	6.250000	F3	53	80	
58	6.576823	D3	50	64	59	6.500000	D3	50	80	
59	6.578125	G#5	80	90	58	6.500000	G#5	80	80	
60	6.819010	A5	81	91	60	6.750000	A5	81	80	
61	6.822917	A2	45	75	61	6.750000	A2	45	80	
62	7.045573	G5	79	83	62	7.000000	G5	79	80	
63	7.148438	F5	77	83	63	7.125000	F5	77	80	
64	7.253906	E5	76	77	64	7.250000	E5	76	80	
65	7.360677	D5	74	69	65	7.375000	D5	74	80	
66	7.473958	C5	72	73	66	7.500000	C5	72	80	
67	7.703125	A4	69	64	67	7.750000	A4	69	80	
68	7.917969	E4	64	56	68	8.000000	E4	64	80	
69	8.127604	C4	60	67	69	8.250000	C4	60	80	
70	8.335938	A3	57	71	70	8.500000	A3	57	80	
71	8.536458	Eb4	63	72	71	8.750000	Eb4	63	80	
72	8.768229	E3	52	59	75	9.000000	E3	52	80	
73	8.777344	E5	76	68	72	9.000000	E5	76	80	
74	8.779948	G5	79	74	73	9.000000	G5	79	80	
75	8.798177	B4	71	63	74	9.000000	B4	71	80	
76	8.848958	F#3	54	71	76	9.125000	F#3	54	80	
77	8.973958	G3	55	77	77	9.250000	G3	55	80	
78	9.201823	B3	59	75	78	9.500000	B3	59	80	
79	9.403646	G3	55	71	80	9.750000	G3	55	80	
80	9.419271	E5	76	69	79	9.750000	E5	76	80	
81	9.507812	Eb5	75	74	81	9.875000	Eb5	75	80	
82	9.611979	E3	52	62	83	10.000000	E3	52	80	
83	9.615885	E5	76	67	82	10.000000	E5	76	80	
84	9.722656	Eb5	75	75	84	10.125000	Eb5	75	80	
85	9.838542	E5	76	60	85	10.250000	E5	76	80	
86	9.848958	B2	47	65	86	10.250000	B2	47	80	
87	9.942708	Eb5	75	68	87	10.375000	Eb5	75	80	
88	10.054688	E5	76	63	88	10.500000	E5	76	80	
89	10.066406	E3	52	60	89	10.500000	E3	52	80	
90	10.162760	B4	71	71	90	10.625000	B4	71	80	
91	10.276042	A4	69	76	91	10.750000	A4	69	80	
92	10.287760	G3	55	61	92	10.750000	G3	55	80	
93	10.373698	G4	67	72	93	10.875000	G4	67	80	
94	10.480469	B3	59	66	95	11.000000	B3	59	80	
95	10.488281	F#4	66	73	94	11.000000	F#4	66	80	
96	10.580729	E4	64	77	96	11.125000	E4	64	80	
97	10.705729	F#3	54	73	99	11.250000	F#3	54	80	
98	10.708333	C5	72	82	98	11.250000	C5	72	80	
99	10.710938	A4	69	70	97	11.250000	A4	69	80	
100	10.803385	G3	55	73	100	11.375000	G3	55	80	
101	10.917969	A3	57	76	101	11.500000	A3	57	80	
102	11.157552	C4	60	73	102	11.750000	C4	60	80	
103	11.364583	A3	57	71	103	12.000000	A3	57	80	
104	11.470052	B4	71	72	104	12.125000	B4	71	80	
105	11.567708	F#3	54	70	106	12.250000	F#3	54	80	
106	11.580729	C5	72	65	105	12.250000	C5	72	80	
107	11.692708	B4	71	74	107	12.375000	B4	71	80	
108	11.785156	Eb3	51	71	109	12.500000	Eb3	51	80	
109	11.785156	C5	72	72	108	12.500000	C5	72	80	
110	11.886719	B4	71	73	110	12.625000	B4	71	80	
111	11.997396	F#3	54	66	112	12.750000	F#3	54	80	
112	12.007812	C5	72	76	111	12.750000	C5	72	80	
113	12.151042	G5	79	57	113	12.875000	G5	79	80	
114	12.210938	A3	57	59	115	13.000000	A3	57	80	
115	12.236979	F#5	78	74	114	13.000000	F#5	78	80	
116	12.341146	E5	76	72	116	13.125000	E5	76	80	
117	12.423177	C4	60	66	118	13.250000	C4	60	80	
118	12.430990	Eb5	75	78	117	13.250000	Eb5	75	80	
119	12.548177	E5	76	75	119	13.375000	E5	76	80	
120	12.643229	A4	69	42	*	-1	*	-1	-1	
121	12.658854	A3	57	81	124	13.500000	A3	57	80	
122	12.694010	Eb5	75	89	123	13.500000	Eb5	75	80	
123	12.697917	A4	69	28	121	13.500000	A4	69	80	
124	12.712240	F#4	66	79	120	13.500000	F#4	66	80	
125	12.718750	C5	72	65	122	13.500000	C5	72	80	
126	12.805990	B3	59	75	125	13.625000	B3	59	80	
127	12.912760	C4	60	76	126	13.750000	C4	60	80	
128	13.131510	Eb4	63	72	127	14.000000	Eb4	63	80	
129	13.324219	C4	60	78	128	14.250000	C4	60	80	
130	13.434896	E5	76	72	129	14.375000	E5	76	80	
131	13.532552	F#5	78	70	130	14.500000	F#5	78	80	
132	13.536458	A3	57	65	131	14.500000	A3	57	80	
133	13.638021	E5	76	66	132	14.625000	E5	76	80	
134	13.748698	F#5	78	70	133	14.750000	F#5	78	80	
135	13.750000	F#3	54	71	134	14.750000	F#3	54	80	
136	13.852865	E5	76	75	135	14.875000	E5	76	80	
137	13.960938	F#5	78	77	136	15.000000	F#5	78	80	
138	13.964844	A3	57	74	137	15.000000	A3	57	80	
139	14.059896	E5	76	77	138	15.125000	E5	76	80	
140	14.171875	Eb5	75	82	139	15.250000	Eb5	75	80	
141	14.177083	C4	60	82	140	15.250000	C4	60	80	
142	14.274740	F#5	78	81	141	15.375000	F#5	78	80	
143	14.388021	Eb4	63	81	143	15.500000	Eb4	63	80	
144	14.389323	B4	71	74	142	15.500000	B4	71	80	
145	14.493490	A4	69	79	144	15.625000	A4	69	80	
146	14.621094	G4	67	72	145	15.750000	G4	67	80	
147	14.627604	E4	64	62	146	15.750000	E4	64	80	
148	14.882812	E3	52	62	147	16.000000	E3	52	80	
149	14.989583	F#3	54	71	148	16.125000	F#3	54	80	
150	15.076823	G3	55	68	149	16.250000	G3	55	80	
151	15.175781	A3	57	76	150	16.375000	A3	57	80	
152	15.294271	B3	59	78	151	16.500000	B3	59	80	
153	15.524740	E4	64	75	152	16.750000	E4	64	80	
154	15.748698	G4	67	73	153	17.000000	G4	67	80	
155	15.957031	B4	71	79	154	17.250000	B4	71	80	
156	16.173177	E5	76	72	155	17.500000	E5	76	80	
157	16.376302	Bb4	70	75	156	17.750000	Bb4	70	80	
158	16.591146	G5	79	76	159	18.000000	G5	79	80	
159	16.605469	E5	76	71	158	18.000000	E5	76	80	
160	16.609375	B4	71	71	157	18.000000	B4	71	80	
161	16.625000	E4	64	65	160	18.000000	E4	64	80	
162	16.725260	F#4	66	77	161	18.125000	F#4	66	80	
163	16.832031	G4	67	75	162	18.250000	G4	67	80	
164	17.049479	B4	71	67	163	18.500000	B4	71	80	
165	17.259115	G4	67	68	164	18.750000	G4	67	80	
166	17.356771	F#5	78	65	165	18.875000	F#5	78	80	
167	17.455729	G5	79	67	166	19.000000	G5	79	80	
168	17.471354	E4	64	60	167	19.000000	E4	64	80	
169	17.554688	F#5	78	68	168	19.125000	F#5	78	80	
170	17.662760	G5	79	68	169	19.250000	G5	79	80	
171	17.683594	B3	59	68	170	19.250000	B3	59	80	
172	17.781250	F#5	78	79	171	19.375000	F#5	78	80	
173	17.881510	G5	79	74	172	19.500000	G5	79	80	
174	17.894531	C#4	61	73	173	19.500000	C#4	61	80	
175	17.992188	F5	77	83	174	19.625000	F5	77	80	
176	18.097656	E4	64	72	176	19.750000	E4	64	80	
177	18.097656	E5	76	79	175	19.750000	E5	76	80	
178	18.208333	D5	74	69	177	19.875000	D5	74	80	
179	18.307292	C#5	73	76	178	20.000000	C#5	73	80	
180	18.311198	A4	69	65	179	20.000000	A4	69	80	
181	18.402344	B4	71	82	180	20.125000	B4	71	80	
182	18.527344	F5	77	83	183	20.250000	F5	77	80	
183	18.531250	D4	62	68	184	20.250000	D4	62	80	
184	18.536458	A4	69	77	181	20.250000	A4	69	80	
185	18.542969	D5	74	67	182	20.250000	D5	74	80	
186	18.636719	E4	64	71	185	20.375000	E4	64	80	
187	18.759115	F4	65	71	186	20.500000	F4	65	80	
188	18.989583	A4	69	71	187	20.750000	A4	69	80	
189	19.195312	F4	65	68	188	21.000000	F4	65	80	
190	19.282552	E5	76	63	189	21.125000	E5	76	80	
191	19.382812	F5	77	71	190	21.250000	F5	77	80	
192	19.402344	D4	62	62	191	21.250000	D4	62	80	
193	19.492188	E5	76	65	192	21.375000	E5	76	80	
194	19.585938	F5	77	63	193	21.500000	F5	77	80	
195	19.605469	A3	57	60	194	21.500000	A3	57	80	
196	19.705729	E5	76	68	195	21.625000	E5	76	80	
197	19.812500	F5	77	69	196	21.750000	F5	77	80	
198	19.828125	B3	59	65	197	21.750000	B3	59	80	
199	19.919271	E5	76	67	198	21.875000	E5	76	80	
200	20.031250	D5	74	66	199	22.000000	D5	74	80	
201	20.039062	D4	62	63	200	22.000000	D4	62	80	
202	20.139323	C5	72	64	201	22.125000	C5	72	80	
203	20.238281	B4	71	71	202	22.250000	B4	71	80	
204	20.242188	G4	67	65	203	22.250000	G4	67	80	
205	20.341146	A4	69	74	204	22.375000	A4	69	80	
206	20.451823	C4	60	71	208	22.500000	C4	60	80	
207	20.464844	E5	76	80	207	22.500000	E5	76	80	
208	20.476562	C5	72	70	206	22.500000	C5	72	80	
209	20.479167	G4	67	65	205	22.500000	G4	67	80	
210	20.570312	D4	62	71	209	22.625000	D4	62	80	
211	20.686198	E4	64	64	210	22.750000	E4	64	80	
212	20.898438	G4	67	67	211	23.000000	G4	67	80	
213	21.105469	E4	64	58	212	23.250000	E4	64	80	
214	21.194010	D5	74	70	213	23.375000	D5	74	80	
215	21.308594	E5	76	61	214	23.500000	E5	76	80	
216	21.312500	C4	60	60	215	23.500000	C4	60	80	
217	21.412760	D5	74	63	216	23.625000	D5	74	80	
218	21.529948	E5	76	55	217	23.750000	E5	76	80	
219	21.532552	G3	55	58	218	23.750000	G3	55	80	
220	21.626302	D5	74	64	219	23.875000	D5	74	80	
221	21.756510	C5	72	61	220	24.000000	C5	72	80	
222	21.770833	A3	57	69	221	24.000000	A3	57	80	
223	21.858073	G5	79	66	222	24.125000	G5	79	80	
224	21.976562	F5	77	71	223	24.250000	F5	77	80	
225	21.994792	C4	60	72	224	24.250000	C4	60	80	
226	22.078125	E5	76	65	225	24.375000	E5	76	80	
227	22.208333	D5	74	68	226	24.500000	D5	74	80	
228	22.216146	F4	65	72	227	24.500000	F4	65	80	
229	22.319010	C5	72	68	228	24.625000	C5	72	80	
230	22.429688	B4	71	69	229	24.750000	B4	71	80	
231	22.440104	G3	55	71	230	24.750000	G3	55	80	
232	22.528646	E5	76	67	231	24.875000	E5	76	80	
233	22.641927	D5	74	74	232	25.000000	D5	74	80	
234	22.657552	B3	59	73	233	25.000000	B3	59	80	
235	22.765625	C5	72	77	234	25.125000	C5	72	80	
236	22.884115	B4	71	79	235	25.250000	B4	71	80	
237	22.885417	D4	62	73	236	25.250000	D4	62	80	
238	22.997396	A4	69	71	237	25.375000	A4	69	80	
239	23.098958	F4	65	80	239	25.500000	F4	65	80	
240	23.105469	G4	67	79	238	25.500000	G4	67	80	
241	23.207031	C5	72	69	240	25.625000	C5	72	80	
242	23.315104	B4	71	76	241	25.750000	B4	71	80	
243	23.324219	D4	62	69	242	25.750000	D4	62	80	
244	23.430990	A4	69	73	243	25.875000	A4	69	80	
245	23.544271	B3	59	68	245	26.000000	B3	59	80	
246	23.550781	G4	67	75	244	26.000000	G4	67	80	
247	23.654948	F4	65	70	246	26.125000	F4	65	80	
248	23.779948	E4	64	74	247	26.250000	E4	64	80	
249	23.782552	G3	55	73	248	26.250000	G3	55	80	
250	23.877604	A4	69	79	249	26.375000	A4	69	80	
251	23.992188	G4	67	78	250	26.500000	G4	67	80	
252	24.002604	B3	59	73	251	26.500000	B3	59	80	
253	24.104167	F4	65	74	252	26.625000	F4	65	80	
254	24.212240	G3	55	73	254	26.750000	G3	55	80	
255	24.223958	E4	64	78	253	26.750000	E4	64	80	
256	24.330729	D4	62	79	255	26.875000	D4	62	80	
257	24.417969	C4	60	66	257	27.000000	C4	60	80	
258	24.440104	E4	64	75	256	27.000000	E4	64	80	
259	24.463542	B3	59	90	*	-1	*	-1	-1	
260	24.553385	F4	65	83	258	27.125000	F4	65	80	
261	24.579427	C4	60	85	*	-1	*	-1	-1	
262	24.666667	G4	67	85	259	27.250000	G4	67	80	
263	24.893229	C5	72	81	260	27.500000	C5	72	80	
264	25.113281	G4	67	81	261	27.750000	G4	67	80	
265	25.191406	A3	57	68	262	27.875000	A3	57	80	
266	25.317708	E4	64	83	263	28.000000	E4	64	80	
267	25.320312	G3	55	71	264	28.000000	G3	55	80	
268	25.412760	F3	53	74	265	28.125000	F3	53	80	
269	25.524740	C4	60	84	266	28.250000	C4	60	80	
270	25.536458	E3	52	68	267	28.250000	E3	52	80	
271	25.636719	D3	50	66	268	28.375000	D3	50	80	
272	25.766927	C3	48	68	270	28.500000	C3	48	80	
273	25.772135	E4	64	76	269	28.500000	E4	64	80	
274	25.858073	D3	50	59	272	28.625000	D3	50	80	
275	25.970052	E3	52	67	274	28.750000	E3	52	80	
276	25.985677	G4	67	82	273	28.750000	G4	67	80	
277	26.083333	F3	53	71	275	28.875000	F3	53	80	
278	26.201823	G3	55	75	277	29.000000	G3	55	80	
279	26.201823	C5	72	86	276	29.000000	C5	72	80	
280	26.302083	E3	52	77	278	29.125000	E3	52	80	
281	26.410156	F4	65	81	279	29.250000	F4	65	80	
282	26.427083	A3	57	77	280	29.250000	A3	57	80	
283	26.513021	G4	67	84	281	29.375000	G4	67	80	
284	26.623698	A4	69	85	282	29.500000	A4	69	80	
285	26.850260	C5	72	79	283	29.750000	C5	72	80	
286	27.057292	A4	69	83	284	30.000000	A4	69	80	
287	27.177083	C3	48	67	285	30.125000	C3	48	80	
288	27.268229	D3	50	68	287	30.250000	D3	50	80	
289	27.274740	F4	65	77	286	30.250000	F4	65	80	
290	27.369792	E3	52	68	288	30.375000	E3	52	80	
291	27.470052	F3	53	73	290	30.500000	F3	53	80	
292	27.501302	C4	60	86	289	30.500000	C4	60	80	
293	27.585938	G3	55	72	291	30.625000	G3	55	80	
294	27.694010	A3	57	75	293	30.750000	A3	57	80	
295	27.727865	F4	65	83	292	30.750000	F4	65	80	
296	27.816406	G3	55	75	294	30.875000	G3	55	80	
297	27.921875	F3	53	74	296	31.000000	F3	53	80	
298	27.941406	A4	69	88	295	31.000000	A4	69	80	
299	28.026042	E3	52	74	297	31.125000	E3	52	80	
300	28.141927	D3	50	72	299	31.250000	D3	50	80	
301	28.160156	C5	72	88	298	31.250000	C5	72	80	
302	28.240885	C3	48	69	300	31.375000	C3	48	80	
303	28.369792	D3	50	70	302	31.500000	D3	50	80	
304	28.376302	B4	71	84	301	31.500000	B4	71	80	
305	28.470052	C5	72	83	303	31.625000	C5	72	80	
306	28.576823	D5	74	87	304	31.750000	D5	74	80	
307	28.815104	F5	77	88	305	32.000000	F5	77	80	
308	29.039062	B2	47	59	307	32.250000	B2	47	80	
309	29.046875	D5	74	77	306	32.250000	D5	74	80	
310	29.157552	E3	52	63	308	32.375000	E3	52	80	
311	29.273438	B4	71	82	309	32.500000	B4	71	80	
312	29.282552	D3	50	67	310	32.500000	D3	50	80	
313	29.384115	C3	48	68	311	32.625000	C3	48	80	
314	29.483073	B2	47	57	313	32.750000	B2	47	80	
315	29.510417	G4	67	91	312	32.750000	G4	67	80	
316	29.605469	A2	45	70	314	32.875000	A2	45	80	
317	29.735677	G2	43	71	316	33.000000	G2	43	80	
318	29.748698	B4	71	91	315	33.000000	B4	71	80	
319	29.854167	A2	45	74	317	33.125000	A2	45	80	
320	29.959635	D5	74	90	318	33.250000	D5	74	80	
321	29.972656	G2	43	77	319	33.250000	G2	43	80	
322	30.066406	F2	41	84	320	33.375000	F2	41	80	
323	30.183594	E2	40	78	322	33.500000	E2	40	80	
324	30.203125	F5	77	96	321	33.500000	F5	77	80	
325	30.277344	D2	38	72	323	33.625000	D2	38	80	
326	30.425781	C2	36	69	325	33.750000	C2	36	80	
327	30.428385	E5	76	83	324	33.750000	E5	76	80	
328	30.539062	D5	74	84	326	33.875000	D5	74	80	
329	30.649740	C5	72	82	327	34.000000	C5	72	80	
330	30.770833	B4	71	73	328	34.125000	B4	71	80	
331	30.881510	C5	72	74	329	34.250000	C5	72	80	
332	31.000000	G4	67	75	331	34.375000	G4	67	80	
333	31.085938	E4	64	67	332	34.500000	E4	64	80	
334	31.194010	D4	62	68	333	34.625000	D4	62	80	
335	31.311198	C4	60	67	334	34.750000	C4	60	80	
336	31.408854	B3	59	71	335	34.875000	B3	59	80	
337	31.528646	C4	60	67	336	35.000000	C4	60	80	
338	31.638021	G3	55	71	337	35.125000	G3	55	80	
339	31.750000	E3	52	65	338	35.250000	E3	52	80	
340	31.855469	G3	55	69	339	35.375000	G3	55	80	
341	31.951823	F3	53	68	340	35.500000	F3	53	80	
342	32.065104	E3	52	68	341	35.625000	E3	52	80	
343	32.149740	D3	50	58	342	35.750000	D3	50	80	
344	32.252604	C3	48	61	343	35.875000	C3	48	80	
345	32.363281	Eb5	75	68	344	36.000000	Eb5	75	80	
346	32.373698	F#3	54	66	345	36.000000	F#3	54	80	
347	32.479167	A4	69	63	346	36.125000	A4	69	80	
348	32.595052	Bb4	70	57	347	36.250000	Bb4	70	80	
349	32.598958	F#3	54	54	348	36.250000	F#3	54	80	
350	32.704427	C5	72	65	349	36.375000	C5	72	80	
351	32.826823	F#3	54	53	351	36.500000	F#3	54	80	
352	32.828125	Bb4	70	59	350	36.500000	Bb4	70	80	
353	32.932292	A4	69	58	352	36.625000	A4	69	80	
354	33.048177	F#3	54	60	354	36.750000	F#3	54	80	
355	33.052083	D5	74	67	353	36.750000	D5	74	80	
356	33.169271	A4	69	63	355	36.875000	A4	69	80	
357	33.283854	Bb4	70	62	356	37.000000	Bb4	70	80	
358	33.295573	F#3	54	54	357	37.000000	F#3	54	80	
359	33.391927	C5	72	67	358	37.125000	C5	72	80	
360	33.510417	Bb4	70	75	359	37.250000	Bb4	70	80	
361	33.520833	F#3	54	58	360	37.250000	F#3	54	80	
362	33.618490	A4	69	74	361	37.375000	A4	69	80	
363	33.750000	F#3	54	60	363	37.500000	F#3	54	80	
364	33.759115	A5	81	75	362	37.500000	A5	81	80	
365	33.880208	A4	69	69	364	37.625000	A4	69	80	
366	33.964844	Bb4	70	70	365	37.750000	Bb4	70	80	
367	33.973958	F#3	54	56	366	37.750000	F#3	54	80	
368	34.083333	C5	72	72	367	37.875000	C5	72	80	
369	34.178385	F#3	54	57	369	38.000000	F#3	54	80	
370	34.195312	Bb4	70	69	368	38.000000	Bb4	70	80	
371	34.299479	A4	69	69	370	38.125000	A4	69	80	
372	34.397135	G3	55	58	372	38.250000	G3	55	80	
373	34.417969	Bb4	70	70	371	38.250000	Bb4	70	80	
374	34.509115	A4	69	64	373	38.375000	A4	69	80	
375	34.613281	G4	67	70	374	38.500000	G4	67	80	
376	34.742188	F#4	66	70	375	38.625000	F#4	66	80	
377	34.859375	G4	67	69	376	38.750000	G4	67	80	
378	34.958333	D4	62	67	378	38.875000	D4	62	80	
379	35.097656	Bb3	58	66	379	39.000000	Bb3	58	80	
380	35.210938	A3	57	68	380	39.125000	A3	57	80	
381	35.315104	G3	55	71	381	39.250000	G3	55	80	
382	35.427083	F#3	54	76	382	39.375000	F#3	54	80	
383	35.537760	G3	55	70	383	39.500000	G3	55	80	
384	35.644531	D3	50	70	384	39.625000	D3	50	80	
385	35.763021	Bb2	46	64	385	39.750000	Bb2	46	80	
386	35.869792	D3	50	71	386	39.875000	D3	50	80	
387	35.989583	C3	48	69	387	40.000000	C3	48	80	
388	36.092448	Bb2	46	66	388	40.125000	Bb2	46	80	
389	36.197917	A2	45	60	389	40.250000	A2	45	80	
390	36.311198	G2	43	64	390	40.375000	G2	43	80	
391	36.428385	Bb4	70	56	391	40.500000	Bb4	70	80	
392	36.531250	E4	64	52	393	40.625000	E4	64	80	
393	36.649740	F4	65	51	394	40.750000	F4	65	80	
394	36.683594	C#3	49	48	395	40.750000	C#3	49	80	
395	36.770833	G4	67	54	396	40.875000	G4	67	80	
396	36.877604	F4	65	52	397	41.000000	F4	65	80	
397	36.890625	C#3	49	36	398	41.000000	C#3	49	80	
398	36.985677	E4	64	52	399	41.125000	E4	64	80	
399	37.092448	C#3	49	49	401	41.250000	C#3	49	80	
400	37.093750	A4	69	64	400	41.250000	A4	69	80	
401	37.196615	E4	64	57	402	41.375000	E4	64	80	
402	37.308594	C#3	49	43	404	41.500000	C#3	49	80	
403	37.317708	F4	65	52	403	41.500000	F4	65	80	
404	37.419271	G4	67	60	405	41.625000	G4	67	80	
405	37.533854	F4	65	57	406	41.750000	F4	65	80	
406	37.539062	C#3	49	45	407	41.750000	C#3	49	80	
407	37.614583	E4	64	62	408	41.875000	E4	64	80	
408	37.752604	C#3	49	47	410	42.000000	C#3	49	80	
409	37.760417	E5	76	70	409	42.000000	E5	76	80	
410	37.872396	E4	64	53	411	42.125000	E4	64	80	
411	37.970052	C#3	49	49	413	42.250000	C#3	49	80	
412	37.973958	F4	65	54	412	42.250000	F4	65	80	
413	38.069010	G4	67	64	414	42.375000	G4	67	80	
414	38.188802	C#3	49	53	416	42.500000	C#3	49	80	
415	38.203125	F4	65	65	415	42.500000	F4	65	80	
416	38.295573	E4	64	67	417	42.625000	E4	64	80	
417	38.416667	F4	65	78	418	42.750000	F4	65	80	
418	38.430990	D3	50	65	419	42.750000	D3	50	80	
419	38.520833	E3	52	65	420	42.875000	E3	52	80	
420	38.639323	F3	53	70	421	43.000000	F3	53	80	
421	38.884115	A3	57	65	422	43.250000	A3	57	80	
422	39.091146	F3	53	70	423	43.500000	F3	53	80	
423	39.190104	E4	64	64	424	43.625000	E4	64	80	
424	39.304688	F4	65	73	425	43.750000	F4	65	80	
425	39.309896	D3	50	65	426	43.750000	D3	50	80	
426	39.398438	A4	69	72	427	43.875000	A4	69	80	
427	39.516927	D5	74	72	428	44.000000	D5	74	80	
428	39.528646	A2	45	70	429	44.000000	A2	45	80	
429	39.619792	A4	69	73	430	44.125000	A4	69	80	
430	39.748698	F5	77	84	431	44.250000	F5	77	80	
431	39.752604	D3	50	70	432	44.250000	D3	50	80	
432	39.852865	E5	76	82	433	44.375000	E5	76	80	
433	39.979167	D5	74	80	434	44.500000	D5	74	80	
434	39.983073	F3	53	68	435	44.500000	F3	53	80	
435	40.082031	C5	72	76	436	44.625000	C5	72	80	
436	40.180990	A3	57	66	438	44.750000	A3	57	80	
437	40.192708	B4	71	78	437	44.750000	B4	71	80	
438	40.298177	A4	69	80	439	44.875000	A4	69	80	
439	40.402344	D3	50	79	441	45.000000	D3	50	80	
440	40.425781	G#5	80	90	440	45.000000	G#5	80	80	
441	40.496094	E3	52	72	442	45.125000	E3	52	80	
442	40.600260	F3	53	80	443	45.250000	F3	53	80	
443	40.848958	G#3	56	72	444	45.500000	G#3	56	80	
444	41.061198	F3	53	75	445	45.750000	F3	53	80	
445	41.173177	A5	81	78	446	45.875000	A5	81	80	
446	41.274740	D3	50	73	448	46.000000	D3	50	80	
447	41.281250	B5	83	83	447	46.000000	B5	83	80	
448	41.391927	A5	81	72	449	46.125000	A5	81	80	
449	41.476562	B2	47	75	451	46.250000	B2	47	80	
450	41.505208	G#5	80	84	450	46.250000	G#5	80	80	
451	41.615885	F#5	78	79	452	46.375000	F#5	78	80	
452	41.720052	D3	50	76	454	46.500000	D3	50	80	
453	41.723958	E5	76	73	453	46.500000	E5	76	80	
454	41.832031	F5	77	81	455	46.625000	F5	77	80	
455	41.929688	F3	53	79	457	46.750000	F3	53	80	
456	41.937500	E5	76	84	456	46.750000	E5	76	80	
457	42.041667	D5	74	75	458	46.875000	D5	74	80	
458	42.151042	C5	72	80	459	47.000000	C5	72	80	
459	42.152344	G#3	56	78	460	47.000000	G#3	56	80	
460	42.244792	B4	71	83	461	47.125000	B4	71	80	
461	42.359375	A4	69	85	462	47.250000	A4	69	80	
462	42.367188	C3	48	75	463	47.250000	C3	48	80	
463	42.467448	B4	71	86	464	47.375000	B4	71	80	
464	42.583333	C5	72	83	465	47.500000	C5	72	80	
465	42.803385	E5	76	81	466	47.750000	E5	76	80	
466	43.019531	C5	72	85	467	48.000000	C5	72	80	
467	43.020833	A3	57	67	468	48.000000	A3	57	80	
468	43.121094	G#3	56	70	469	48.125000	G#3	56	80	
469	43.223958	A4	69	87	470	48.250000	A4	69	80	
470	43.231771	A3	57	71	471	48.250000	A3	57	80	
471	43.339844	G#3	56	75	472	48.375000	G#3	56	80	
472	43.437500	E4	64	82	473	48.500000	E4	64	80	
473	43.450521	A3	57	73	474	48.500000	A3	57	80	
474	43.549479	G#3	56	75	475	48.625000	G#3	56	80	
475	43.645833	E5	76	69	476	48.750000	E5	76	80	
476	43.690104	A3	57	68	477	48.750000	A3	57	80	
477	43.761719	D5	74	83	478	48.875000	D5	74	80	
478	43.872396	C5	72	79	479	49.000000	C5	72	80	
479	43.890625	E3	52	71	480	49.000000	E3	52	80	
480	43.973958	B4	71	81	481	49.125000	B4	71	80	
481	44.078125	A4	69	74	482	49.250000	A4	69	80	
482	44.093750	C3	48	62	483	49.250000	C3	48	80	
483	44.175781	G#4	68	80	484	49.375000	G#4	68	80	
484	44.289062	A4	69	75	485	49.500000	A4	69	80	
485	44.320312	F2	41	80	486	49.500000	F2	41	80	
486	44.377604	B4	71	79	487	49.625000	B4	71	80	
487	44.483073	C5	72	78	488	49.750000	C5	72	80	
488	44.558594	F#5	78	4	*	-1	*	-1	-1	
489	44.738281	A5	81	86	489	50.000000	A5	81	80	
490	44.955729	A3	57	61	491	50.250000	A3	57	80	
491	44.963542	E5	76	84	490	50.250000	E5	76	80	
492	45.054688	G#3	56	66	492	50.375000	G#3	56	80	
493	45.165365	A3	57	74	494	50.500000	A3	57	80	
494	45.170573	C5	72	91	493	50.500000	C5	72	80	
495	45.270833	G#3	56	73	495	50.625000	G#3	56	80	
496	45.386719	A3	57	75	497	50.750000	A3	57	80	
497	45.393229	A4	69	84	496	50.750000	A4	69	80	
498	45.501302	G#3	56	79	498	50.875000	G#3	56	80	
499	45.608073	A5	81	83	499	51.000000	A5	81	80	
500	45.617188	A3	57	74	500	51.000000	A3	57	80	
501	45.720052	G5	79	83	501	51.125000	G5	79	80	
502	45.824219	F5	77	83	502	51.250000	F5	77	80	
503	45.843750	B3	59	65	503	51.250000	B3	59	80	
504	45.930990	E5	76	82	504	51.375000	E5	76	80	
505	46.036458	D5	74	78	505	51.500000	D5	74	80	
506	46.054688	C4	60	67	506	51.500000	C4	60	80	
507	46.141927	C5	72	81	507	51.625000	C5	72	80	
508	46.244792	F5	77	80	508	51.750000	F5	77	80	
509	46.260417	D3	50	68	509	51.750000	D3	50	80	
510	46.347656	E5	76	79	510	51.875000	E5	76	80	
511	46.453125	D5	74	73	511	52.000000	D5	74	80	
512	46.484375	E3	52	61	512	52.000000	E3	52	80	
513	46.571615	C5	72	72	513	52.125000	C5	72	80	
514	46.683594	B4	71	69	514	52.250000	B4	71	80	
515	46.701823	F3	53	62	515	52.250000	F3	53	80	
516	46.790365	A4	69	68	516	52.375000	A4	69	80	
517	46.889323	D5	74	68	517	52.500000	D5	74	80	
518	46.906250	B2	47	56	518	52.500000	B2	47	80	
519	46.992188	C5	72	72	519	52.625000	C5	72	80	
520	47.101562	B4	71	66	520	52.750000	B4	71	80	
521	47.135417	C3	48	54	521	52.750000	C3	48	80	
522	47.187500	A4	69	69	522	52.875000	A4	69	80	
523	47.305990	G#4	68	68	523	53.000000	G#4	68	80	
524	47.339844	D3	50	57	524	53.000000	D3	50	80	
525	47.408854	F#4	66	68	525	53.125000	F#4	66	80	
526	47.539062	B4	71	66	526	53.250000	B4	71	80	
527	47.540365	G#2	44	63	527	53.250000	G#2	44	80	
528	47.647135	A4	69	71	528	53.375000	A4	69	80	
529	47.766927	A2	45	67	530	53.500000	A2	45	80	
530	47.766927	G#4	68	73	529	53.500000	G#4	68	80	
531	47.875000	F#4	66	73	531	53.625000	F#4	66	80	
532	47.989583	B2	47	68	533	53.750000	B2	47	80	
533	48.000000	E4	64	69	532	53.750000	E4	64	80	
534	48.093750	D4	62	75	534	53.875000	D4	62	80	
535	48.225260	E4	64	74	535	54.000000	E4	64	80	
536	48.244792	C2	36	66	536	54.000000	C2	36	80	
537	48.332031	A4	69	72	537	54.125000	A4	69	80	
538	48.451823	G4	67	72	538	54.250000	G4	67	80	
539	48.557292	F4	65	65	539	54.375000	F4	65	80	
540	48.684896	E4	64	64	540	54.500000	E4	64	80	
541	48.794271	D4	62	65	541	54.625000	D4	62	80	
542	48.910156	C4	60	64	542	54.750000	C4	60	80	
543	49.005208	F4	65	66	543	54.875000	F4	65	80	
544	49.115885	E4	64	70	544	55.000000	E4	64	80	
545	49.119792	C3	48	67	545	55.000000	C3	48	80	
546	49.223958	D4	62	63	546	55.125000	D4	62	80	
547	49.342448	D3	50	65	548	55.250000	D3	50	80	
548	49.342448	C4	60	66	547	55.250000	C4	60	80	
549	49.451823	B3	59	65	549	55.375000	B3	59	80	
550	49.557292	E3	52	63	551	55.500000	E3	52	80	
551	49.570312	A3	57	61	550	55.500000	A3	57	80	
552	49.658854	D4	62	59	552	55.625000	D4	62	80	
553	49.800781	C4	60	61	553	55.750000	C4	60	80	
554	49.804688	D3	50	61	554	55.750000	D3	50	80	
555	49.916667	B3	59	61	555	55.875000	B3	59	80	
556	50.028646	E3	52	61	557	56.000000	E3	52	80	
557	50.039062	A3	57	62	556	56.000000	A3	57	80	
558	50.141927	G#3	56	63	558	56.125000	G#3	56	80	
559	50.278646	A3	57	58	559	56.250000	A3	57	80	
560	50.283854	A2	45	54	560	56.250000	A2	45	80	
561	50.385417	B3	59	59	562	56.375000	B3	59	80	
562	50.502604	C#4	61	64	563	56.500000	C#4	61	80	
563	50.617188	D4	62	65	564	56.625000	D4	62	80	
564	50.738281	E4	64	57	565	56.750000	E4	64	80	
565	50.839844	F4	65	61	566	56.875000	F4	65	80	
566	50.958333	G4	67	70	567	57.000000	G4	67	80	
567	51.095052	B2	47	51	568	57.125000	B2	47	80	
568	51.169271	E4	64	74	569	57.250000	E4	64	80	
569	51.178385	C#3	49	62	570	57.250000	C#3	49	80	
570	51.295573	D3	50	70	571	57.375000	D3	50	80	
571	51.416667	E3	52	72	573	57.500000	E3	52	80	
572	51.416667	C#4	61	76	572	57.500000	C#4	61	80	
573	51.509115	F3	53	79	574	57.625000	F3	53	80	
574	51.639323	Bb4	70	82	575	57.750000	Bb4	70	80	
575	51.647135	G3	55	73	576	57.750000	G3	55	80	
576	51.753906	C#4	61	69	577	57.875000	C#4	61	80	
577	51.869792	F3	53	74	579	58.000000	F3	53	80	
578	51.882812	A4	69	74	578	58.000000	A4	69	80	
579	51.988281	C#4	61	68	580	58.125000	C#4	61	80	
580	52.095052	E3	52	72	582	58.250000	E3	52	80	
581	52.118490	G4	67	74	581	58.250000	G4	67	80	
582	52.225260	C#4	61	70	583	58.375000	C#4	61	80	
583	52.350260	D3	50	76	585	58.500000	D3	50	80	
584	52.352865	F4	65	69	584	58.500000	F4	65	80	
585	52.484375	A4	69	75	586	58.625000	A4	69	80	
586	52.602865	B4	71	80	587	58.750000	B4	71	80	
587	52.726562	C#5	73	78	588	58.875000	C#5	73	80	
588	52.848958	D5	74	83	589	59.000000	D5	74	80	
589	52.973958	E5	76	86	590	59.125000	E5	76	80	
590	53.117188	F5	77	96	591	59.250000	F5	77	80	
591	53.263021	A3	57	73	592	59.375000	A3	57	80	
592	53.401042	D5	74	90	594	59.500000	D5	74	80	
593	53.432292	B3	59	69	595	59.500000	B3	59	80	
594	53.552083	C#4	61	78	596	59.625000	C#4	61	80	
595	53.582031	A3	57	28	*	-1	*	-1	-1	
596	53.716146	D4	62	73	598	59.750000	D4	62	80	
597	53.717448	B4	71	91	597	59.750000	B4	71	80	
598	53.897135	E4	64	77	599	59.875000	E4	64	80	
599	54.102865	A5	81	80	600	60.000000	A5	81	80	
600	54.113281	F4	65	59	601	60.000000	F4	65	80	
601	54.303385	G#5	80	79	602	60.125000	G#5	80	80	
602	54.522135	A5	81	68	603	60.250000	A5	81	80	
603	54.535156	E4	64	51	604	60.250000	E4	64	80	
604	54.773438	G#5	80	71	605	60.375000	G#5	80	80	
605	55.040365	A5	81	63	606	60.500000	A5	81	80	
606	55.053385	D4	62	44	607	60.500000	D4	62	80	
607	55.313802	G#5	80	64	608	60.625000	G#5	80	80	
608	55.986979	A5	81	55	611	60.750000	A5	81	80	
609	55.988281	E5	76	50	610	60.750000	E5	76	80	
610	55.998698	C#5	73	53	609	60.750000	C#5	73	80	
611	56.015625	E4	64	40	612	60.750000	E4	64	80	
612	56.015625	A4	69	45	*	-1	*	-1	-1	
*	-1	*	-1	-1	271	28.500000	C3	48	80	
*	-1	*	-1	-1	330	34.250000	C5	72	80	
*	-1	*	-1	-1	377	38.750000	G4	67	80	
*	-1	*	-1	-1	392	40.500000	C#3	49	80	
*	-1	*	-1	-1	561	56.250000	A2	45	80	
*	-1	*	-1	-1	593	59.375000	A3	57	80	
