// alignID alignOntime alignSitch alignPitch alignOnvel refID refOntime refSitch refPitch refOnvel
0	0.500000	B2	47	42	0	0.000000	B2	47	80	
1	1.850260	Eb3	51	54	1	1.000000	Eb3	51	80	
2	3.190104	G#3	56	53	2	2.000000	G#3	56	80	
3	4.542969	E3	52	44	3	3.000000	E3	52	80	
4	5.832031	C#3	49	48	4	4.000000	C#3	49	80	
5	7.037760	Bb3	58	53	5	5.000000	Bb3	58	80	
6	8.239583	B3	59	45	6	6.000000	B3	59	80	
7	8.843750	Bb3	58	43	7	6.500000	Bb3	58	80	
8	9.091146	G#3	56	47	8	6.750000	G#3	56	80	
9	9.389323	F#3	54	42	9	7.000000	F#3	54	80	
10	9.964844	E3	52	42	10	7.500000	E3	52	80	
11	10.596354	F#3	54	56	11	8.000000	F#3	54	80	
12	10.608073	Eb3	51	39	12	8.000000	Eb3	51	80	
13	10.859375	C#3	49	39	13	8.250000	C#3	49	80	
14	11.192708	E3	52	43	14	8.500000	E3	52	80	
15	11.813802	Bb3	58	65	15	9.000000	Bb3	58	80	
16	12.419271	Eb3	51	45	16	9.500000	Eb3	51	80	
17	12.670573	C#3	49	49	17	9.750000	C#3	49	80	
18	12.985677	B2	47	46	19	10.000000	B2	47	80	
19	12.993490	Eb4	63	72	18	10.000000	Eb4	63	80	
20	13.278646	F#3	54	53	20	10.250000	F#3	54	80	
21	13.608073	Bb3	58	55	21	10.500000	Bb3	58	80	
22	14.127604	B3	59	64	22	11.000000	B3	59	80	
23	14.746094	G#3	56	52	23	11.500000	G#3	56	80	
24	14.994792	F#3	54	65	24	11.750000	F#3	54	80	
25	15.253906	F3	53	49	26	12.000000	F3	53	80	
26	15.282552	G#3	56	76	25	12.000000	G#3	56	80	
27	15.545573	B3	59	50	27	12.250000	B3	59	80	
28	15.903646	Eb4	63	61	28	12.500000	Eb4	63	80	
29	16.488281	F4	65	67	29	13.000000	F4	65	80	
30	17.070312	C#4	61	49	30	13.500000	C#4	61	80	
31	17.338542	B3	59	58	31	13.750000	B3	59	80	
32	17.644531	F#4	66	67	32	14.000000	F#4	66	80	
33	17.649740	Bb3	58	49	33	14.000000	Bb3	58	80	
34	18.203125	F4	65	58	34	14.500000	F4	65	80	
35	18.223958	B3	59	48	35	14.500000	B3	59	80	
36	18.460938	Eb4	63	69	36	14.750000	Eb4	63	80	
37	18.743490	C#4	61	69	37	15.000000	C#4	61	80	
38	18.755208	Bb3	58	58	38	15.000000	Bb3	58	80	
39	19.274740	G#3	56	56	40	15.500000	G#3	56	80	
40	19.290365	B3	59	71	39	15.500000	B3	59	80	
41	19.860677	Bb3	58	66	41	16.000000	Bb3	58	80	
42	19.875000	F#3	54	55	42	16.000000	F#3	54	80	
43	20.132812	G#3	56	64	43	16.250000	G#3	56	80	
44	20.399740	F3	53	46	45	16.500000	F3	53	80	
45	20.442708	B3	59	66	44	16.500000	B3	59	80	
46	20.704427	Eb3	51	57	46	16.750000	Eb3	51	80	
47	20.989583	C#3	49	55	47	17.000000	C#3	49	80	
48	21.295573	Eb3	51	56	48	17.250000	Eb3	51	80	
49	21.585938	E3	52	48	50	17.500000	E3	52	80	
50	21.606771	Bb3	58	57	49	17.500000	Bb3	58	80	
51	21.880208	G#3	56	69	51	17.750000	G#3	56	80	
52	22.183594	B3	59	69	52	18.000000	B3	59	80	
53	22.226562	F#3	54	42	53	18.000000	F#3	54	80	
54	22.514323	G#3	56	40	54	18.250000	G#3	56	80	
55	22.796875	Eb3	51	47	56	18.500000	Eb3	51	80	
56	22.835938	A3	57	54	55	18.500000	A3	57	80	
57	23.080729	C#3	49	46	57	18.750000	C#3	49	80	
58	23.438802	Eb4	63	73	58	19.000000	Eb4	63	80	
59	23.441406	B2	47	37	59	19.000000	B2	47	80	
60	24.066406	G#3	56	45	60	19.500000	G#3	56	80	
61	24.343750	F#3	54	51	61	19.750000	F#3	54	80	
62	24.658854	E3	52	40	63	20.000000	E3	52	80	
63	24.664062	G#4	68	75	62	20.000000	G#4	68	80	
64	24.970052	B3	59	46	64	20.250000	B3	59	80	
65	25.282552	Eb4	63	47	65	20.500000	Eb4	63	80	
66	25.595052	C3	48	39	66	20.750000	C3	48	80	
67	25.839844	E4	64	73	67	21.000000	E4	64	80	
68	25.846354	C#3	49	52	68	21.000000	C#3	49	80	
69	26.134115	Eb3	51	49	69	21.250000	Eb3	51	80	
70	26.414062	C#4	61	49	70	21.500000	C#4	61	80	
71	26.424479	E3	52	43	71	21.500000	E3	52	80	
72	26.717448	B3	59	66	72	21.750000	B3	59	80	
73	26.725260	C#3	49	48	73	21.750000	C#3	49	80	
74	27.011719	F#3	54	53	76	22.000000	F#3	54	80	
75	27.015625	Bb3	58	34	75	22.000000	Bb3	58	80	
76	27.069010	C#4	61	82	74	22.000000	C#4	61	80	
77	27.395833	E4	64	56	77	22.250000	E4	64	80	
78	27.684896	G#4	68	65	78	22.500000	G#4	68	80	
79	27.941406	E3	52	61	79	22.750000	E3	52	80	
80	28.261719	Bb4	70	81	80	23.000000	Bb4	70	80	
81	28.265625	Eb3	51	52	81	23.000000	Eb3	51	80	
82	28.554688	C#3	49	51	82	23.250000	C#3	49	80	
83	28.845052	Eb3	51	62	84	23.500000	Eb3	51	80	
84	28.860677	F#4	66	57	83	23.500000	F#4	66	80	
85	29.117188	E4	64	65	85	23.750000	E4	64	80	
86	29.441406	B4	71	79	86	24.000000	B4	71	80	
87	29.466146	G#3	56	56	88	24.000000	G#3	56	80	
88	29.468750	Eb4	63	53	87	24.000000	Eb4	63	80	
89	30.009115	G#2	44	56	91	24.500000	G#2	44	80	
90	30.020833	Bb4	70	66	89	24.500000	Bb4	70	80	
91	30.048177	E4	64	57	90	24.500000	E4	64	80	
92	30.279948	G#4	68	78	92	24.750000	G#4	68	80	
93	30.589844	Eb4	63	63	94	25.000000	Eb4	63	80	
94	30.593750	F#4	66	76	93	25.000000	F#4	66	80	
95	31.166667	E4	64	76	95	25.500000	E4	64	80	
96	31.173177	Bb2	46	58	97	25.500000	Bb2	46	80	
97	31.184896	C#4	61	57	96	25.500000	C#4	61	80	
98	31.798177	F#4	66	79	98	26.000000	F#4	66	80	
99	31.799479	B2	47	57	101	26.000000	B2	47	80	
100	31.804688	B3	59	59	100	26.000000	B3	59	80	
101	31.817708	Eb4	63	52	99	26.000000	Eb4	63	80	
102	32.123698	C#4	61	52	102	26.250000	C#4	61	80	
103	32.453125	E4	64	64	103	26.500000	E4	64	80	
104	32.466146	Bb3	58	58	104	26.500000	Bb3	58	80	
105	32.697917	G#3	56	60	105	26.750000	G#3	56	80	
106	32.992188	F#3	54	61	107	27.000000	F#3	54	80	
107	33.002604	Bb4	70	82	106	27.000000	Bb4	70	80	
108	33.644531	Eb4	63	55	108	27.500000	Eb4	63	80	
109	33.902344	C#4	61	67	109	27.750000	C#4	61	80	
110	34.199219	B3	59	55	111	28.000000	B3	59	80	
111	34.233073	Eb5	75	83	110	28.000000	Eb5	75	80	
112	34.511719	F#4	66	52	112	28.250000	F#4	66	80	
113	34.794271	Bb4	70	70	113	28.500000	Bb4	70	80	
114	35.027344	G3	55	64	114	28.750000	G3	55	80	
115	35.325521	B4	71	81	115	29.000000	B4	71	80	
116	35.337240	G#3	56	68	116	29.000000	G#3	56	80	
117	35.630208	Bb3	58	60	117	29.250000	Bb3	58	80	
118	35.881510	B3	59	72	119	29.500000	B3	59	80	
119	35.914062	G#4	68	67	118	29.500000	G#4	68	80	
120	36.126302	G#3	56	68	121	29.750000	G#3	56	80	
121	36.139323	F#4	66	77	120	29.750000	F#4	66	80	
122	36.447917	C#4	61	58	124	30.000000	C#4	61	80	
123	36.477865	F4	65	52	123	30.000000	F4	65	80	
124	36.502604	G#4	68	89	122	30.000000	G#4	68	80	
125	36.799479	B4	71	66	125	30.250000	B4	71	80	
126	37.083333	Eb5	75	80	126	30.500000	Eb5	75	80	
127	37.329427	B3	59	73	127	30.750000	B3	59	80	
128	37.635417	Bb3	58	66	129	31.000000	Bb3	58	80	
129	37.644531	F5	77	88	128	31.000000	F5	77	80	
130	37.899740	G#3	56	67	130	31.250000	G#3	56	80	
131	38.182292	Bb3	58	72	132	31.500000	Bb3	58	80	
132	38.204427	C#5	73	75	131	31.500000	C#5	73	80	
133	38.471354	B4	71	86	133	31.750000	B4	71	80	
134	38.837240	F#5	78	87	134	32.000000	F#5	78	80	
135	38.845052	Eb4	63	57	136	32.000000	Eb4	63	80	
136	38.845052	Bb4	70	63	135	32.000000	Bb4	70	80	
137	39.404948	Eb3	51	61	139	32.500000	Eb3	51	80	
138	39.417969	B4	71	61	138	32.500000	B4	71	80	
139	39.434896	F5	77	76	137	32.500000	F5	77	80	
140	39.687500	Eb5	75	80	140	32.750000	Eb5	75	80	
141	40.007812	C#5	73	74	141	33.000000	C#5	73	80	
142	40.018229	Bb4	70	63	142	33.000000	Bb4	70	80	
143	40.610677	F3	53	50	145	33.500000	F3	53	80	
144	40.614583	G#4	68	56	144	33.500000	G#4	68	80	
145	40.622396	B4	71	71	143	33.500000	B4	71	80	
146	41.180990	Bb4	70	54	146	34.000000	Bb4	70	80	
147	41.192708	F#4	66	44	147	34.000000	F#4	66	80	
148	41.195312	F#3	54	45	148	34.000000	F#3	54	80	
149	41.479167	G#4	68	47	149	34.250000	G#4	68	80	
150	41.746094	B4	71	49	150	34.500000	B4	71	80	
151	41.766927	G#3	56	43	152	34.500000	G#3	56	80	
152	41.769531	F4	65	40	151	34.500000	F4	65	80	
153	42.061198	Eb4	63	44	153	34.750000	Eb4	63	80	
154	42.354167	C#4	61	46	154	35.000000	C#4	61	80	
155	42.375000	Bb3	58	42	155	35.000000	Bb3	58	80	
156	42.653646	Eb4	63	44	156	35.250000	Eb4	63	80	
157	42.960938	F#3	54	54	159	35.500000	F#3	54	80	
158	43.000000	Bb4	70	53	157	35.500000	Bb4	70	80	
159	43.007812	E4	64	34	158	35.500000	E4	64	80	
160	43.317708	G#4	68	57	160	35.750000	G#4	68	80	
161	43.700521	B2	47	74	163	36.000000	B2	47	80	
162	43.722656	B3	59	51	162	36.000000	B3	59	80	
163	43.726562	F#4	66	48	161	36.000000	F#4	66	80	
164	44.130208	G#4	68	48	164	36.250000	G#4	68	80	
165	44.441406	A4	69	44	165	36.500000	A4	69	80	
166	44.467448	F#3	54	47	167	36.500000	F#3	54	80	
167	44.468750	Eb4	63	42	166	36.500000	Eb4	63	80	
168	44.747396	E3	52	48	169	36.750000	E3	52	80	
169	44.777344	C#4	61	38	168	36.750000	C#4	61	80	
170	45.048177	Eb3	51	73	172	37.000000	Eb3	51	80	
171	45.089844	B3	59	59	170	37.000000	B3	59	80	
172	45.377604	C#4	61	48	173	37.250000	C#4	61	80	
173	45.665365	B3	59	50	176	37.500000	B3	59	80	
174	45.688802	G#4	68	42	174	37.500000	G#4	68	80	
175	45.986979	F#4	66	58	177	37.750000	F#4	66	80	
176	46.287760	G#3	56	74	180	38.000000	G#3	56	80	
177	46.350260	E4	64	44	178	38.000000	E4	64	80	
178	46.621094	B4	71	56	181	38.250000	B4	71	80	
179	46.933594	Eb5	75	63	182	38.500000	Eb5	75	80	
180	47.195312	F#4	66	48	183	38.750000	F#4	66	80	
181	47.203125	Bb3	58	61	184	38.750000	Bb3	58	80	
182	47.509115	E3	52	75	187	39.000000	E3	52	80	
183	47.529948	G#4	68	65	185	39.000000	G#4	68	80	
184	47.792969	G#3	56	66	188	39.250000	G#3	56	80	
185	48.052083	C#5	73	73	189	39.500000	C#5	73	80	
186	48.070312	Bb3	58	78	190	39.500000	Bb3	58	80	
187	48.315104	B3	59	82	192	39.750000	B3	59	80	
188	48.329427	B4	71	77	191	39.750000	B4	71	80	
189	48.632812	C#3	49	76	196	40.000000	C#3	49	80	
190	48.644531	Bb4	70	77	193	40.000000	Bb4	70	80	
191	48.703125	C#4	61	40	195	40.000000	C#4	61	80	
192	48.911458	E5	76	76	197	40.250000	E5	76	80	
193	49.197917	G#5	80	81	198	40.500000	G#5	80	80	
194	49.464844	B4	71	75	199	40.750000	B4	71	80	
195	49.774740	C#5	73	73	200	41.000000	C#5	73	80	
196	49.779948	Bb3	58	65	201	41.000000	Bb3	58	80	
197	50.029948	C#4	61	67	202	41.250000	C#4	61	80	
198	50.337240	F#4	66	55	204	41.500000	F#4	66	80	
199	50.360677	F#5	78	67	203	41.500000	F#5	78	80	
200	50.619792	E5	76	61	205	41.750000	E5	76	80	
201	50.990885	B3	59	48	207	42.000000	B3	59	80	
202	51.015625	Eb5	75	54	206	42.000000	Eb5	75	80	
203	51.351562	C#5	73	48	208	42.250000	C#5	73	80	
204	51.532552	Eb5	75	11	*	-1	*	-1	-1	
205	51.604167	B4	71	54	209	42.500000	B4	71	80	
206	51.622396	F#4	66	46	210	42.500000	F#4	66	80	
207	51.675781	Eb4	63	33	211	42.500000	Eb4	63	80	
208	51.868490	E4	64	49	213	42.750000	E4	64	80	
209	51.871094	Bb4	70	52	212	42.750000	Bb4	70	80	
210	51.917969	C#4	61	40	214	42.750000	C#4	61	80	
211	52.149740	Eb4	63	47	216	43.000000	Eb4	63	80	
212	52.158854	G#4	68	54	215	43.000000	G#4	68	80	
213	52.183594	B3	59	38	217	43.000000	B3	59	80	
214	52.446615	G4	67	49	218	43.250000	G4	67	80	
215	52.716146	C#4	61	44	220	43.500000	C#4	61	80	
216	52.736979	Bb3	58	41	221	43.500000	Bb3	58	80	
217	52.763021	G#4	68	50	219	43.500000	G#4	68	80	
218	52.996094	G4	67	51	222	43.750000	G4	67	80	
219	53.272135	G#3	56	50	225	44.000000	G#3	56	80	
220	53.296875	B3	59	51	224	44.000000	B3	59	80	
221	53.309896	G#4	68	62	223	44.000000	G#4	68	80	
222	53.587240	B4	71	74	226	44.250000	B4	71	80	
223	53.851562	Bb4	70	68	228	44.500000	Bb4	70	80	
224	53.876302	G5	79	64	227	44.500000	G5	79	80	
225	53.880208	C#4	61	52	229	44.500000	C#4	61	80	
226	54.122396	C#5	73	76	230	44.750000	C#5	73	80	
227	54.442708	Eb4	63	45	233	45.000000	Eb4	63	80	
228	54.449219	G#5	80	64	231	45.000000	G#5	80	80	
229	54.494792	B4	71	44	232	45.000000	B4	71	80	
230	54.717448	G3	55	41	234	45.250000	G3	55	80	
231	54.996094	E4	64	35	237	45.500000	E4	64	80	
232	55.002604	C#5	73	60	235	45.500000	C#5	73	80	
233	55.019531	Bb4	70	46	236	45.500000	Bb4	70	80	
234	55.028646	G#3	56	38	238	45.500000	G#3	56	80	
235	55.277344	G3	55	43	239	45.750000	G3	55	80	
236	55.619792	G#3	56	42	242	46.000000	G#3	56	80	
237	55.634115	Eb4	63	32	241	46.000000	Eb4	63	80	
238	55.645833	B4	71	46	240	46.000000	B4	71	80	
239	55.946615	Bb4	70	45	243	46.250000	Bb4	70	80	
240	56.184896	B3	59	46	245	46.500000	B3	59	80	
241	56.213542	G#4	68	51	244	46.500000	G#4	68	80	
242	56.446615	Bb3	58	48	248	46.750000	Bb3	58	80	
243	56.453125	C#4	61	59	247	46.750000	C#4	61	80	
244	56.481771	F#4	66	47	246	46.750000	F#4	66	80	
245	56.738281	B3	59	69	250	47.000000	B3	59	80	
246	56.770833	G#3	56	51	251	47.000000	G#3	56	80	
247	56.778646	F4	65	47	249	47.000000	F4	65	80	
248	57.013021	F#4	66	42	252	47.250000	F#4	66	80	
249	57.283854	F4	65	49	253	47.500000	F4	65	80	
250	57.289062	D4	62	66	254	47.500000	D4	62	80	
251	57.312500	F#3	54	35	255	47.500000	F#3	54	80	
252	57.558594	F#4	66	43	256	47.750000	F#4	66	80	
253	57.884115	G#4	68	46	257	48.000000	G#4	68	80	
254	57.895833	C#4	61	45	258	48.000000	C#4	61	80	
255	57.903646	F3	53	41	259	48.000000	F3	53	80	
256	58.177083	Bb4	70	50	260	48.250000	Bb4	70	80	
257	58.473958	B4	71	50	261	48.500000	B4	71	80	
258	58.682292	G#3	56	43	262	48.750000	G#3	56	80	
259	58.986979	Bb3	58	44	264	49.000000	Bb3	58	80	
260	58.990885	F#3	54	45	265	49.000000	F#3	54	80	
261	59.003906	C#4	61	40	263	49.000000	C#4	61	80	
262	59.263021	B3	59	54	266	49.250000	B3	59	80	
263	59.550781	C#4	61	63	269	49.500000	C#4	61	80	
264	59.579427	F#4	66	55	268	49.500000	F#4	66	80	
265	59.837240	Bb4	70	65	270	49.750000	Bb4	70	80	
266	60.095052	C#3	49	59	272	50.000000	C#3	49	80	
267	60.145833	G#4	68	75	271	50.000000	G#4	68	80	
268	60.393229	B4	71	71	273	50.250000	B4	71	80	
269	60.666667	B3	59	66	275	50.500000	B3	59	80	
270	60.686198	Eb5	75	63	274	50.500000	Eb5	75	80	
271	60.949219	Bb3	58	69	276	50.750000	Bb3	58	80	
272	61.242188	G#3	56	70	278	51.000000	G#3	56	80	
273	61.265625	F4	65	50	277	51.000000	F4	65	80	
274	61.524740	F#3	54	69	279	51.250000	F#3	54	80	
275	61.837240	G#3	56	71	281	51.500000	G#3	56	80	
276	61.872396	C#5	73	66	280	51.500000	C#5	73	80	
277	62.143229	B4	71	62	282	51.750000	B4	71	80	
278	62.598958	F#3	54	61	285	52.000000	F#3	54	80	
279	62.598958	Bb4	70	60	283	52.000000	Bb4	70	80	
280	62.605469	F#4	66	50	284	52.000000	F#4	66	80	
281	62.608073	F#2	42	63	286	52.000000	F#2	42	80	
282	63.975260	Bb3	58	38	287	53.000000	Bb3	58	80	
283	65.205729	Eb4	63	40	288	54.000000	Eb4	63	80	
284	65.848958	F#5	78	40	289	54.500000	F#5	78	80	
285	66.119792	E5	76	41	290	54.750000	E5	76	80	
286	66.447917	Eb5	75	45	291	55.000000	Eb5	75	80	
287	66.455729	B3	59	42	292	55.000000	B3	59	80	
288	66.755208	E5	76	44	293	55.250000	E5	76	80	
289	67.069010	F#5	78	39	294	55.500000	F#5	78	80	
290	67.324219	Eb5	75	47	295	55.750000	Eb5	75	80	
291	67.614583	G#3	56	42	297	56.000000	G#3	56	80	
292	67.644531	B4	71	39	296	56.000000	B4	71	80	
293	67.917969	C#5	73	49	298	56.250000	C#5	73	80	
294	68.175781	Eb5	75	56	299	56.500000	Eb5	75	80	
295	68.458333	B4	71	55	300	56.750000	B4	71	80	
296	68.751302	F4	65	58	302	57.000000	F4	65	80	
297	68.798177	G#4	68	47	301	57.000000	G#4	68	80	
298	69.061198	Bb4	70	44	303	57.250000	Bb4	70	80	
299	69.354167	B4	71	50	304	57.500000	B4	71	80	
300	69.941406	F#4	66	38	305	58.000000	F#4	66	80	
301	70.240885	G#4	68	40	306	58.250000	G#4	68	80	
302	70.541667	Bb4	70	49	307	58.500000	Bb4	70	80	
303	70.779948	B4	71	50	308	58.750000	B4	71	80	
304	71.076823	C#5	73	52	309	59.000000	C#5	73	80	
305	71.320312	E4	64	38	310	59.250000	E4	64	80	
306	71.626302	Eb4	63	50	311	59.500000	Eb4	63	80	
307	71.881510	C#4	61	55	312	59.750000	C#4	61	80	
308	72.203125	Eb4	63	59	313	60.000000	Eb4	63	80	
309	72.486979	F#4	66	46	314	60.250000	F#4	66	80	
310	72.776042	B3	59	43	316	60.500000	B3	59	80	
311	72.805990	G#4	68	52	315	60.500000	G#4	68	80	
312	73.032552	Bb3	58	47	318	60.750000	Bb3	58	80	
313	73.076823	Bb4	70	54	317	60.750000	Bb4	70	80	
314	73.350260	G#3	56	46	320	61.000000	G#3	56	80	
315	73.358073	B4	71	63	319	61.000000	B4	71	80	
316	73.638021	Bb3	58	63	321	61.250000	Bb3	58	80	
317	73.899740	B3	59	48	323	61.500000	B3	59	80	
318	73.920573	Eb4	63	68	322	61.500000	Eb4	63	80	
319	74.171875	G#3	56	67	324	61.750000	G#3	56	80	
320	74.466146	E3	52	52	326	62.000000	E3	52	80	
321	74.473958	C#4	61	72	325	62.000000	C#4	61	80	
322	74.729167	F#3	54	62	328	62.250000	F#3	54	80	
323	74.746094	Eb4	63	75	327	62.250000	Eb4	63	80	
324	75.028646	E4	64	77	329	62.500000	E4	64	80	
325	75.035156	G#3	56	59	330	62.500000	G#3	56	80	
326	75.272135	E3	52	59	331	62.750000	E3	52	80	
327	75.553385	C#3	49	55	333	63.000000	C#3	49	80	
328	75.555990	Bb4	70	70	332	63.000000	Bb4	70	80	
329	75.812500	Eb3	51	66	335	63.250000	Eb3	51	80	
330	75.822917	B4	71	66	334	63.250000	B4	71	80	
331	76.097656	Bb3	58	75	337	63.500000	Bb3	58	80	
332	76.128906	C#5	73	65	336	63.500000	C#5	73	80	
333	76.134115	E3	52	55	338	63.500000	E3	52	80	
334	76.389323	Bb4	70	62	339	63.750000	Bb4	70	80	
335	76.697917	F#4	66	65	340	64.000000	F#4	66	80	
336	76.712240	B3	59	74	341	64.000000	B3	59	80	
337	76.973958	C#3	49	65	342	64.250000	C#3	49	80	
338	77.243490	Eb3	51	67	344	64.500000	Eb3	51	80	
339	77.260417	B5	83	67	343	64.500000	B5	83	80	
340	77.518229	Bb5	82	75	345	64.750000	Bb5	82	80	
341	77.817708	E3	52	66	347	65.000000	E3	52	80	
342	77.837240	G#5	80	66	346	65.000000	G#5	80	80	
343	78.096354	Bb5	82	71	348	65.250000	Bb5	82	80	
344	78.368490	B2	47	62	350	65.500000	B2	47	80	
345	78.388021	B5	83	68	349	65.500000	B5	83	80	
346	78.666667	G#5	80	68	351	65.750000	G#5	80	80	
347	78.957031	C#3	49	54	353	66.000000	C#3	49	80	
348	78.957031	E5	76	63	352	66.000000	E5	76	80	
349	79.217448	F#5	78	64	354	66.250000	F#5	78	80	
350	79.242188	Eb3	51	66	355	66.250000	Eb3	51	80	
351	79.520833	E3	52	55	357	66.500000	E3	52	80	
352	79.531250	G#5	80	59	356	66.500000	G#5	80	80	
353	79.785156	C#3	49	54	359	66.750000	C#3	49	80	
354	79.785156	E5	76	59	358	66.750000	E5	76	80	
355	80.065104	F#3	54	59	361	67.000000	F#3	54	80	
356	80.065104	C#5	73	56	360	67.000000	C#5	73	80	
357	80.341146	Bb3	58	68	363	67.250000	Bb3	58	80	
358	80.350260	Eb5	75	64	362	67.250000	Eb5	75	80	
359	80.657552	E5	76	65	364	67.500000	E5	76	80	
360	80.674479	G#3	56	73	365	67.500000	G#3	56	80	
361	80.942708	Bb3	58	77	366	67.750000	Bb3	58	80	
362	81.355469	B2	47	66	369	68.000000	B2	47	80	
363	81.355469	B3	59	85	367	68.000000	B3	59	80	
364	81.919271	F#3	54	45	370	68.250000	F#3	54	80	
365	82.263021	B3	59	53	372	68.500000	B3	59	80	
366	82.270833	Eb5	75	61	371	68.500000	Eb5	75	80	
367	82.548177	C#5	73	65	373	68.750000	C#5	73	80	
368	82.553385	Bb3	58	49	374	68.750000	Bb3	58	80	
369	82.842448	B4	71	54	375	69.000000	B4	71	80	
370	82.852865	G#3	56	59	377	69.000000	G#3	56	80	
371	82.869792	Eb4	63	80	376	69.000000	Eb4	63	80	
372	83.141927	Bb3	58	53	378	69.250000	Bb3	58	80	
373	83.447917	B3	59	58	379	69.500000	B3	59	80	
374	83.700521	G#3	56	66	380	69.750000	G#3	56	80	
375	84.010417	G#4	68	85	381	70.000000	G#4	68	80	
376	84.013021	E3	52	59	382	70.000000	E3	52	80	
377	84.316406	B2	47	57	383	70.250000	B2	47	80	
378	84.635417	C#5	73	59	384	70.500000	C#5	73	80	
379	84.647135	E3	52	51	385	70.500000	E3	52	80	
380	84.919271	Eb3	51	57	387	70.750000	Eb3	51	80	
381	84.927083	B4	71	65	386	70.750000	B4	71	80	
382	85.213542	E4	64	80	389	71.000000	E4	64	80	
383	85.217448	C#3	49	61	390	71.000000	C#3	49	80	
384	85.240885	Bb4	70	75	388	71.000000	Bb4	70	80	
385	85.515625	Eb3	51	56	391	71.250000	Eb3	51	80	
386	85.825521	G#4	68	78	392	71.500000	G#4	68	80	
387	85.834635	E3	52	65	393	71.500000	E3	52	80	
388	86.115885	C#3	49	69	394	71.750000	C#3	49	80	
389	86.397135	C#4	61	85	396	72.000000	C#4	61	80	
390	86.404948	Bb2	46	59	397	72.000000	Bb2	46	80	
391	86.430990	G4	67	64	395	72.000000	G4	67	80	
392	86.701823	B2	47	59	398	72.250000	B2	47	80	
393	86.971354	C#3	49	58	400	72.500000	C#3	49	80	
394	86.977865	E4	64	73	399	72.500000	E4	64	80	
395	87.216146	Bb2	46	57	401	72.750000	Bb2	46	80	
396	87.518229	Bb4	70	80	402	73.000000	Bb4	70	80	
397	87.531250	G2	43	59	404	73.000000	G2	43	80	
398	87.576823	Eb4	63	56	403	73.000000	Eb4	63	80	
399	87.802083	G#2	44	58	405	73.250000	G#2	44	80	
400	88.080729	Bb2	46	63	408	73.500000	Bb2	46	80	
401	88.100260	G#4	68	72	406	73.500000	G#4	68	80	
402	88.158854	C#4	61	28	407	73.500000	C#4	61	80	
403	88.354167	G4	67	72	409	73.750000	G4	67	80	
404	88.654948	B4	71	79	411	74.000000	B4	71	80	
405	88.673177	Eb4	63	55	412	74.000000	Eb4	63	80	
406	88.914062	G#2	44	57	413	74.250000	G#2	44	80	
407	89.182292	Bb2	46	57	414	74.500000	Bb2	46	80	
408	89.466146	B2	47	57	415	74.750000	B2	47	80	
409	89.768229	C#3	49	42	417	75.000000	C#3	49	80	
410	89.796875	E4	64	53	416	75.000000	E4	64	80	
411	90.027344	B4	71	55	418	75.250000	B4	71	80	
412	90.304688	Bb4	70	65	419	75.500000	Bb4	70	80	
413	90.585938	G#4	68	68	420	75.750000	G#4	68	80	
414	90.856771	F#4	66	68	421	76.000000	F#4	66	80	
415	90.898438	Eb4	63	57	422	76.000000	Eb4	63	80	
416	91.127604	F#2	42	54	424	76.250000	F#2	42	80	
417	91.140625	C#4	61	61	423	76.250000	C#4	61	80	
418	91.389323	G#2	44	63	426	76.500000	G#2	44	80	
419	91.415365	B3	59	69	425	76.500000	B3	59	80	
420	91.684896	Bb2	46	64	428	76.750000	Bb2	46	80	
421	91.712240	C#4	61	76	427	76.750000	C#4	61	80	
422	91.977865	B2	47	67	430	77.000000	B2	47	80	
423	92.000000	D4	62	75	429	77.000000	D4	62	80	
424	92.263021	A4	69	69	431	77.250000	A4	69	80	
425	92.548177	G#4	68	74	432	77.500000	G#4	68	80	
426	92.798177	F#4	66	69	433	77.750000	F#4	66	80	
427	93.091146	F4	65	71	434	78.000000	F4	65	80	
428	93.097656	C#4	61	51	435	78.000000	C#4	61	80	
429	93.335938	Bb2	46	61	437	78.250000	Bb2	46	80	
430	93.356771	F#4	66	70	436	78.250000	F#4	66	80	
431	93.619792	B2	47	69	439	78.500000	B2	47	80	
432	93.627604	G#4	68	78	438	78.500000	G#4	68	80	
433	93.880208	C#3	49	66	441	78.750000	C#3	49	80	
434	93.881510	F4	65	72	440	78.750000	F4	65	80	
435	94.218750	Eb3	51	78	443	79.000000	Eb3	51	80	
436	94.230469	F#4	66	65	442	79.000000	F#4	66	80	
437	94.554688	B3	59	71	444	79.250000	B3	59	80	
438	94.825521	Bb3	58	74	445	79.500000	Bb3	58	80	
439	94.828125	C#3	49	73	446	79.500000	C#3	49	80	
440	95.093750	B3	59	73	447	79.750000	B3	59	80	
441	95.386719	G#3	56	79	448	80.000000	G#3	56	80	
442	95.393229	B2	47	67	449	80.000000	B2	47	80	
443	95.653646	G#2	44	68	450	80.250000	G#2	44	80	
444	95.916667	Bb2	46	73	451	80.500000	Bb2	46	80	
445	96.173177	B2	47	80	452	80.750000	B2	47	80	
446	96.462240	F4	65	76	453	81.000000	F4	65	80	
447	96.466146	C#3	49	71	454	81.000000	C#3	49	80	
448	96.782552	G#3	56	53	455	81.250000	G#3	56	80	
449	97.011719	Bb3	58	61	456	81.500000	Bb3	58	80	
450	97.013021	B2	47	75	457	81.500000	B2	47	80	
451	97.272135	B3	59	67	458	81.750000	B3	59	80	
452	97.554688	F#4	66	77	459	82.000000	F#4	66	80	
453	97.584635	C#4	61	54	461	82.000000	C#4	61	80	
454	97.863281	B2	47	60	462	82.250000	B2	47	80	
455	98.157552	Bb2	46	65	463	82.500000	Bb2	46	80	
456	98.402344	G#2	44	62	464	82.750000	G#2	44	80	
457	98.733073	F#2	42	62	466	83.000000	F#2	42	80	
458	98.765625	Bb4	70	79	465	83.000000	Bb4	70	80	
459	99.061198	E4	64	69	467	83.250000	E4	64	80	
460	99.329427	Eb4	63	79	468	83.500000	Eb4	63	80	
461	99.613281	C#4	61	77	469	83.750000	C#4	61	80	
462	99.944010	B3	59	64	471	84.000000	B3	59	80	
463	99.967448	Eb5	75	90	470	84.000000	Eb5	75	80	
464	100.291667	Eb3	51	65	472	84.250000	Eb3	51	80	
465	100.569010	F3	53	64	474	84.500000	F3	53	80	
466	100.572917	B4	71	76	473	84.500000	B4	71	80	
467	100.834635	G3	55	68	476	84.750000	G3	55	80	
468	100.838542	Bb4	70	82	475	84.750000	Bb4	70	80	
469	101.158854	B4	71	88	477	85.000000	B4	71	80	
470	101.173177	G#3	56	70	479	85.000000	G#3	56	80	
471	101.175781	G#4	68	72	478	85.000000	G#4	68	80	
472	101.540365	G3	55	63	481	85.250000	G3	55	80	
473	101.549479	Bb4	70	69	480	85.250000	Bb4	70	80	
474	101.838542	B4	71	75	482	85.500000	B4	71	80	
475	101.843750	G#3	56	77	483	85.500000	G#3	56	80	
476	102.087240	G#4	68	73	484	85.750000	G#4	68	80	
477	102.350260	G#4	68	59	485	86.000000	G#4	68	80	
478	102.372396	F4	65	87	486	86.000000	F4	65	80	
479	102.658854	F#4	66	72	487	86.250000	F#4	66	80	
480	102.932292	B3	59	87	489	86.500000	B3	59	80	
481	102.937500	G#4	68	85	488	86.500000	G#4	68	80	
482	102.944010	G#3	56	66	490	86.500000	G#3	56	80	
483	103.186198	F4	65	87	491	86.750000	F4	65	80	
484	103.472656	D4	62	68	493	87.000000	D4	62	80	
485	103.481771	Bb3	58	68	494	87.000000	Bb3	58	80	
486	103.500000	F5	77	95	492	87.000000	F5	77	80	
487	103.787760	Eb4	63	82	495	87.250000	Eb4	63	80	
488	103.808594	Eb5	75	27	*	-1	*	-1	-1	
489	104.031250	D3	50	70	497	87.500000	D3	50	80	
490	104.052083	F4	65	78	496	87.500000	F4	65	80	
491	104.290365	G#3	56	78	498	87.750000	G#3	56	80	
492	104.589844	F#3	54	67	500	88.000000	F#3	54	80	
493	104.592448	F#5	78	81	499	88.000000	F#5	78	80	
494	104.593750	Eb3	51	65	501	88.000000	Eb3	51	80	
495	104.863281	Eb4	63	68	502	88.250000	Eb4	63	80	
496	105.130208	F4	65	77	503	88.500000	F4	65	80	
497	105.381510	F#4	66	74	504	88.750000	F#4	66	80	
498	105.687500	G#4	68	78	505	89.000000	G#4	68	80	
499	105.934896	F5	77	78	506	89.250000	F5	77	80	
500	106.212240	F#5	78	82	507	89.500000	F#5	78	80	
501	106.483073	G#5	80	81	508	89.750000	G#5	80	80	
502	106.769531	Bb5	82	86	509	90.000000	Bb5	82	80	
503	107.014323	F#4	66	62	510	90.250000	F#4	66	80	
504	107.299479	G#4	68	75	511	90.500000	G#4	68	80	
505	107.566406	Bb4	70	79	512	90.750000	Bb4	70	80	
506	107.848958	B4	71	84	513	91.000000	B4	71	80	
507	108.093750	Bb5	82	73	514	91.250000	Bb5	82	80	
508	108.354167	G#5	80	78	515	91.500000	G#5	80	80	
509	108.645833	F#5	78	86	516	91.750000	F#5	78	80	
510	108.928385	F5	77	89	517	92.000000	F5	77	80	
511	109.171875	B4	71	79	518	92.250000	B4	71	80	
512	109.449219	Bb4	70	76	520	92.500000	Bb4	70	80	
513	109.458333	G5	79	85	519	92.500000	G5	79	80	
514	109.720052	G#5	80	87	521	92.750000	G#5	80	80	
515	109.721354	G#4	68	81	522	92.750000	G#4	68	80	
516	110.002604	Bb4	70	88	524	93.000000	Bb4	70	80	
517	110.002604	G5	79	86	523	93.000000	G5	79	80	
518	110.269531	G#5	80	88	525	93.250000	G#5	80	80	
519	110.294271	B4	71	85	526	93.250000	B4	71	80	
520	110.584635	Bb5	82	89	527	93.500000	Bb5	82	80	
521	110.588542	C#5	73	93	528	93.500000	C#5	73	80	
522	110.888021	G5	79	87	529	93.750000	G5	79	80	
523	111.286458	G#2	44	85	531	94.000000	G#2	44	80	
524	111.300781	Eb5	75	88	530	94.000000	Eb5	75	80	
525	111.790365	C#5	73	70	532	94.250000	C#5	73	80	
526	112.100260	B4	71	69	533	94.500000	B4	71	80	
527	112.355469	Bb4	70	69	534	94.750000	Bb4	70	80	
528	112.666667	B2	47	88	536	95.000000	B2	47	80	
529	112.674479	G#4	68	71	535	95.000000	G#4	68	80	
530	112.951823	Bb4	70	67	537	95.250000	Bb4	70	80	
531	113.238281	B4	71	68	538	95.500000	B4	71	80	
532	113.546875	G#4	68	66	539	95.750000	G#4	68	80	
533	113.850260	E3	52	81	541	96.000000	E3	52	80	
534	113.860677	C#4	61	74	540	96.000000	C#4	61	80	
535	114.231771	C4	60	81	542	96.250000	C4	60	80	
536	114.516927	G#5	80	90	543	96.500000	G#5	80	80	
537	114.523438	C#4	61	89	544	96.500000	C#4	61	80	
538	114.529948	D5	74	35	*	-1	*	-1	-1	
539	114.782552	F#5	78	89	545	96.750000	F#5	78	80	
540	115.074219	E5	76	88	546	97.000000	E5	76	80	
541	115.083333	C#3	49	83	547	97.000000	C#3	49	80	
542	115.356771	F#5	78	85	548	97.250000	F#5	78	80	
543	115.687500	G#5	80	90	549	97.500000	G#5	80	80	
544	115.704427	G#4	68	68	550	97.500000	G#4	68	80	
545	116.033854	E5	76	73	551	97.750000	E5	76	80	
546	116.286458	Bb2	46	81	553	98.000000	Bb2	46	80	
547	116.329427	C#5	73	69	552	98.000000	C#5	73	80	
548	116.596354	Eb5	75	68	554	98.250000	Eb5	75	80	
549	116.860677	G4	67	63	556	98.500000	G4	67	80	
550	116.871094	E5	76	79	555	98.500000	E5	76	80	
551	117.186198	C#5	73	64	557	98.750000	C#5	73	80	
552	117.463542	G3	55	75	559	99.000000	G3	55	80	
553	117.507812	Bb4	70	65	558	99.000000	Bb4	70	80	
554	117.742188	B4	71	67	560	99.250000	B4	71	80	
555	118.024740	C#5	73	65	561	99.500000	C#5	73	80	
556	118.319010	Bb4	70	55	562	99.750000	Bb4	70	80	
557	118.695312	G#3	56	47	564	100.000000	G#3	56	80	
558	118.699219	Eb4	63	45	563	100.000000	Eb4	63	80	
559	119.031250	Bb4	70	57	565	100.250000	Bb4	70	80	
560	119.364583	B4	71	56	566	100.500000	B4	71	80	
561	119.675781	F#4	66	40	567	100.750000	F#4	66	80	
562	119.963542	F4	65	43	568	101.000000	F4	65	80	
563	120.246094	F#3	54	51	570	101.250000	F#3	54	80	
564	120.246094	G#4	68	53	569	101.250000	G#4	68	80	
565	120.531250	F3	53	63	572	101.500000	F3	53	80	
566	120.587240	C#4	61	54	571	101.500000	C#4	61	80	
567	120.848958	G#3	56	54	574	101.750000	G#3	56	80	
568	120.859375	B4	71	67	573	101.750000	B4	71	80	
569	121.135417	F#3	54	60	575	102.000000	F#3	54	80	
570	121.399740	G#4	68	58	576	102.250000	G#4	68	80	
571	121.718750	Bb4	70	58	577	102.500000	Bb4	70	80	
572	121.992188	E4	64	46	578	102.750000	E4	64	80	
573	122.281250	Eb4	63	38	579	103.000000	Eb4	63	80	
574	122.569010	E3	52	40	581	103.250000	E3	52	80	
575	122.583333	F#4	66	52	580	103.250000	F#4	66	80	
576	122.863281	Eb3	51	65	583	103.500000	Eb3	51	80	
577	122.932292	B3	59	53	582	103.500000	B3	59	80	
578	123.161458	A4	69	61	584	103.750000	A4	69	80	
579	123.166667	F#3	54	67	585	103.750000	F#3	54	80	
580	123.523438	E3	52	74	586	104.000000	E3	52	80	
581	123.876302	G4	67	54	588	104.250000	G4	67	80	
582	124.217448	G#4	68	73	589	104.500000	G#4	68	80	
583	124.468750	C4	60	50	590	104.750000	C4	60	80	
584	124.502604	Eb3	51	67	591	104.750000	Eb3	51	80	
585	124.696615	C#3	49	26	594	105.000000	C#3	49	80	
586	124.802083	G#3	56	85	593	105.000000	G#3	56	80	
587	124.828125	E4	64	60	592	105.000000	E4	64	80	
588	125.108073	C5	72	74	595	105.250000	C5	72	80	
589	125.111979	Eb3	51	67	596	105.250000	Eb3	51	80	
590	125.365885	C#5	73	80	597	105.500000	C#5	73	80	
591	125.367188	E3	52	61	598	105.500000	E3	52	80	
592	125.610677	C#3	49	52	600	105.750000	C#3	49	80	
593	125.614583	F4	65	77	599	105.750000	F4	65	80	
594	125.933594	C#4	61	90	602	106.000000	C#4	61	80	
595	125.966146	F#4	66	66	601	106.000000	F#4	66	80	
596	125.968750	A2	45	63	603	106.000000	A2	45	80	
597	126.278646	C#3	49	58	604	106.250000	C#3	49	80	
598	126.559896	C#5	73	83	605	106.500000	C#5	73	80	
599	126.563802	F#3	54	79	607	106.500000	F#3	54	80	
600	126.567708	A4	69	67	606	106.500000	A4	69	80	
601	126.898438	G#4	68	64	608	106.750000	G#4	68	80	
602	127.259115	Eb5	75	73	609	107.000000	Eb5	75	80	
603	127.269531	A3	57	89	611	107.000000	A3	57	80	
604	127.332031	F#4	66	46	610	107.000000	F#4	66	80	
605	127.608073	G#4	68	50	612	107.250000	G#4	68	80	
606	128.022135	C3	48	54	614	107.500000	C3	48	80	
607	128.071615	A4	69	51	613	107.500000	A4	69	80	
608	128.356771	F#4	66	52	615	107.750000	F#4	66	80	
609	128.626302	F#3	54	80	617	108.000000	F#3	54	80	
610	128.694010	Eb4	63	52	616	108.000000	Eb4	63	80	
611	128.940104	C#3	49	46	619	108.250000	C#3	49	80	
612	128.979167	E4	64	55	618	108.250000	E4	64	80	
613	129.199219	A4	69	76	620	108.500000	A4	69	80	
614	129.226562	Eb3	51	63	622	108.500000	Eb3	51	80	
615	129.273438	F#4	66	51	621	108.500000	F#4	66	80	
616	129.481771	Eb4	63	69	623	108.750000	Eb4	63	80	
617	129.493490	E3	52	64	624	108.750000	C3	48	80	
618	129.757812	C4	60	65	625	109.000000	C4	60	80	
619	129.765625	Eb4	63	84	626	109.000000	Eb4	63	80	
620	129.779948	G#2	44	56	627	109.000000	G#2	44	80	
621	130.055990	Bb2	46	49	629	109.250000	Bb2	46	80	
622	130.093750	C#4	61	66	628	109.250000	C#4	61	80	
623	130.365885	G#4	68	73	630	109.500000	G#4	68	80	
624	130.369792	C3	48	57	632	109.500000	C3	48	80	
625	130.623698	G#2	44	61	634	109.750000	G#2	44	80	
626	130.640625	F#4	66	80	633	109.750000	F#4	66	80	
627	130.929688	E4	64	86	635	110.000000	E4	64	80	
628	130.940104	C#3	49	63	637	110.000000	C#3	49	80	
629	130.955729	C#4	61	60	*	-1	*	-1	-1	
630	131.207031	Eb3	51	56	638	110.250000	Eb3	51	80	
631	131.464844	G#4	68	83	639	110.500000	G#4	68	80	
632	131.486979	E3	52	61	641	110.500000	E3	52	80	
633	131.736979	C#3	49	69	642	110.750000	C#3	49	80	
634	132.037760	A2	45	71	644	111.000000	A2	45	80	
635	132.052083	C#5	73	82	643	111.000000	C#5	73	80	
636	132.315104	B2	47	64	645	111.250000	B2	47	80	
637	132.580729	E4	64	77	646	111.500000	E4	64	80	
638	132.583333	C#3	49	61	648	111.500000	C#3	49	80	
639	132.635417	C#4	61	62	647	111.500000	C#4	61	80	
640	132.847656	A2	45	82	649	111.750000	A2	45	80	
641	133.132812	A4	69	87	650	112.000000	A4	69	80	
642	133.148438	F#4	66	68	651	112.000000	F#4	66	80	
643	133.156250	F#2	42	75	652	112.000000	F#2	42	80	
644	133.446615	G#2	44	76	653	112.250000	G#2	44	80	
645	133.697917	A2	45	71	655	112.500000	A2	45	80	
646	133.699219	F#5	78	93	654	112.500000	F#5	78	80	
647	133.946615	E5	76	88	656	112.750000	E5	76	80	
648	133.947917	F#2	42	75	657	112.750000	F#2	42	80	
649	134.282552	F#5	78	95	658	113.000000	F#5	78	80	
650	134.292969	Eb2	39	71	659	113.000000	Eb2	39	80	
651	134.602865	E2	40	73	660	113.250000	E2	40	80	
652	134.848958	Eb5	75	89	661	113.500000	Eb5	75	80	
653	134.869792	F#2	42	67	664	113.500000	F#2	42	80	
654	134.869792	A4	69	74	662	113.500000	A4	69	80	
655	134.880208	F#4	66	66	663	113.500000	F#4	66	80	
656	135.117188	Eb2	39	66	665	113.750000	Eb2	39	80	
657	135.397135	A4	69	67	*	-1	*	-1	-1	
658	135.397135	B4	71	77	666	114.000000	B4	71	80	
659	135.407552	G#2	44	71	668	114.000000	G#2	44	80	
660	135.411458	Eb4	63	67	667	114.000000	Eb4	63	80	
661	135.697917	F#2	42	70	669	114.250000	F#2	42	80	
662	135.963542	G#4	68	69	671	114.500000	G#4	68	80	
663	135.963542	C#5	73	80	670	114.500000	C#5	73	80	
664	135.964844	E4	64	69	672	114.500000	E4	64	80	
665	135.971354	E2	40	65	673	114.500000	E2	40	80	
666	136.218750	A4	69	76	675	114.750000	A4	69	80	
667	136.221354	F#2	42	63	676	114.750000	F#2	42	80	
668	136.226562	Eb5	75	91	674	114.750000	Eb5	75	80	
669	136.502604	B4	71	71	678	115.000000	B4	71	80	
670	136.507812	E5	76	84	677	115.000000	E5	76	80	
671	136.520833	G#2	44	65	679	115.000000	G#2	44	80	
672	136.802083	F#2	42	72	680	115.250000	F#2	42	80	
673	137.046875	A4	69	76	681	115.500000	A4	69	80	
674	137.065104	C#4	61	54	683	115.500000	C#4	61	80	
675	137.069010	F#4	66	63	682	115.500000	F#4	66	80	
676	137.080729	G#2	44	67	684	115.500000	G#2	44	80	
677	137.361979	A2	45	64	685	115.750000	A2	45	80	
678	137.746094	G#4	68	70	686	116.000000	G#4	68	80	
679	137.769531	B2	47	44	688	116.000000	B2	47	80	
680	137.783854	B3	59	39	687	116.000000	B3	59	80	
681	138.079427	Eb4	63	61	689	116.250000	Eb4	63	80	
682	138.415365	E4	64	60	690	116.500000	E4	64	80	
683	138.700521	A4	69	52	691	116.750000	G#4	68	80	
684	139.015625	F#4	66	55	692	117.000000	F#4	66	80	
685	139.299479	C#4	61	47	693	117.250000	C#4	61	80	
686	139.683594	Eb4	63	51	694	117.500000	Eb4	63	80	
687	140.010417	A3	57	45	695	117.750000	A3	57	80	
688	140.416667	E3	52	32	699	118.000000	E3	52	80	
689	140.416667	E4	64	47	696	118.000000	E4	64	80	
690	140.445312	G#3	56	39	698	118.000000	G#3	56	80	
691	140.790365	B4	71	48	700	118.250000	B4	71	80	
692	141.152344	E5	76	44	701	118.500000	E5	76	80	
693	141.924479	B3	59	39	702	119.000000	B3	59	80	
694	142.250000	C#5	73	42	703	119.250000	C#5	73	80	
695	142.585938	B5	83	44	704	119.500000	B5	83	80	
696	142.617188	Eb5	75	29	705	119.500000	Eb5	75	80	
697	142.891927	A5	81	43	706	119.750000	A5	81	80	
698	143.221354	G#5	80	36	707	120.000000	G#5	80	80	
699	143.239583	E4	64	41	708	120.000000	E4	64	80	
700	143.589844	A5	81	37	709	120.250000	A5	81	80	
701	143.864583	G#4	68	32	711	120.500000	G#4	68	80	
702	143.882812	B5	83	36	710	120.500000	B5	83	80	
703	144.177083	G#5	80	39	712	120.750000	G#5	80	80	
704	144.483073	C#4	61	47	714	121.000000	C#4	61	80	
705	144.518229	E5	76	35	713	121.000000	E5	76	80	
706	144.826823	F#5	78	28	715	121.250000	F#5	78	80	
707	145.082031	E4	64	36	717	121.500000	E4	64	80	
708	145.118490	G#5	80	42	716	121.500000	G#5	80	80	
709	145.365885	E5	76	38	718	121.750000	E5	76	80	
710	145.713542	Bb3	58	42	720	122.000000	Bb3	58	80	
711	145.716146	C#5	73	42	719	122.000000	C#5	73	80	
712	146.019531	Eb5	75	43	721	122.250000	Eb5	75	80	
713	146.292969	E5	76	34	722	122.500000	E5	76	80	
714	146.335938	C#5	73	42	723	122.500000	C#5	73	80	
715	146.628906	B4	71	35	724	122.750000	B4	71	80	
716	146.898438	G4	67	47	726	123.000000	G4	67	80	
717	146.928385	Bb4	70	33	725	123.000000	Bb4	70	80	
718	147.174479	B4	71	42	727	123.250000	B4	71	80	
719	147.488281	Eb5	75	23	728	123.500000	Eb5	75	80	
720	147.505208	C#5	73	31	729	123.500000	C#5	73	80	
721	147.794271	Bb4	70	38	730	123.750000	Bb4	70	80	
722	148.093750	G#4	68	39	732	124.000000	G#4	68	80	
723	148.102865	B4	71	42	731	124.000000	B4	71	80	
724	148.371094	F#4	66	31	733	124.250000	F#4	66	80	
725	148.705729	G#5	80	59	734	124.500000	G#5	80	80	
726	148.717448	F4	65	30	735	124.500000	F4	65	80	
727	148.997396	Eb4	63	42	736	124.750000	Eb4	63	80	
728	149.282552	Bb4	70	45	737	125.000000	Bb4	70	80	
729	149.294271	D4	62	33	738	125.000000	D4	62	80	
730	149.565104	Eb4	63	34	740	125.250000	Eb4	63	80	
731	149.578125	F#5	78	61	739	125.250000	F#5	78	80	
732	149.891927	G#5	80	71	741	125.500000	G#5	80	80	
733	149.906250	F4	65	43	742	125.500000	F4	65	80	
734	150.169271	D4	62	44	743	125.750000	D4	62	80	
735	150.420573	F#5	78	47	744	126.000000	F#5	78	80	
736	150.467448	Eb4	63	41	745	126.000000	Eb4	63	80	
737	150.777344	E5	76	44	746	126.250000	E5	76	80	
738	151.053385	Eb5	75	51	747	126.500000	Eb5	75	80	
739	151.324219	C#5	73	47	748	126.750000	C#5	73	80	
740	151.622396	C5	72	47	749	127.000000	C5	72	80	
741	151.884115	C#5	73	43	750	127.250000	C#5	73	80	
742	151.897135	E4	64	37	751	127.250000	E4	64	80	
743	152.188802	F#4	66	35	753	127.500000	F#4	66	80	
744	152.191406	Eb5	75	50	752	127.500000	Eb5	75	80	
745	152.444010	Eb4	63	44	755	127.750000	Eb4	63	80	
746	152.471354	C5	72	44	754	127.750000	C5	72	80	
747	152.759115	E4	64	31	757	128.000000	E4	64	80	
748	152.821615	G#4	68	50	756	128.000000	G#4	68	80	
749	153.065104	Eb4	63	40	758	128.250000	Eb4	63	80	
750	153.347656	E5	76	72	759	128.500000	E5	76	80	
751	153.384115	C#4	61	40	760	128.500000	C#4	61	80	
752	153.661458	B3	59	44	761	128.750000	B3	59	80	
753	153.934896	G4	67	46	762	129.000000	G4	67	80	
754	153.949219	Bb3	58	41	763	129.000000	Bb3	58	80	
755	154.170573	Eb5	75	63	764	129.250000	Eb5	75	80	
756	154.174479	B3	59	10	765	129.250000	B3	59	80	
757	154.438802	E5	76	65	766	129.500000	E5	76	80	
758	154.475260	C#4	61	34	767	129.500000	C#4	61	80	
759	154.720052	Bb3	58	39	769	129.750000	Bb3	58	80	
760	154.757812	C#5	73	43	768	129.750000	C#5	73	80	
761	155.039062	B3	59	37	771	130.000000	B3	59	80	
762	155.050781	Eb5	75	60	770	130.000000	Eb5	75	80	
763	155.326823	C#5	73	50	772	130.250000	C#5	73	80	
764	155.615885	B4	71	53	773	130.500000	B4	71	80	
765	155.891927	Bb4	70	51	774	130.750000	Bb4	70	80	
766	156.187500	G#4	68	51	775	131.000000	G#4	68	80	
767	156.451823	C#4	61	45	777	131.250000	C#4	61	80	
768	156.455729	Bb4	70	43	776	131.250000	Bb4	70	80	
769	156.738281	Eb4	63	48	779	131.500000	Eb4	63	80	
770	156.747396	B4	71	50	778	131.500000	B4	71	80	
771	156.998698	B3	59	47	781	131.750000	B3	59	80	
772	157.010417	G#4	68	56	780	131.750000	G#4	68	80	
773	157.328125	C#4	61	41	783	132.000000	C#4	61	80	
774	157.338542	F4	65	54	782	132.000000	F4	65	80	
775	157.647135	B3	59	47	784	132.250000	B3	59	80	
776	157.903646	C#5	73	53	785	132.500000	C#5	73	80	
777	157.910156	Bb3	58	49	787	132.500000	Bb3	58	80	
778	157.917969	G4	67	56	786	132.500000	G4	67	80	
779	158.180990	G#3	56	46	789	132.750000	G#3	56	80	
780	158.182292	G#4	68	69	788	132.750000	G#4	68	80	
781	158.450521	Bb4	70	61	790	133.000000	Bb4	70	80	
782	158.472656	G3	55	41	791	133.000000	G3	55	80	
783	158.713542	B4	71	61	792	133.250000	B4	71	80	
784	158.718750	G#3	56	48	793	133.250000	G#3	56	80	
785	158.988281	C#5	73	54	794	133.500000	C#5	73	80	
786	159.003906	Bb3	58	43	795	133.500000	Bb3	58	80	
787	159.261719	Bb4	70	48	796	133.750000	Bb4	70	80	
788	159.272135	G3	55	28	797	133.750000	G3	55	80	
789	159.558594	G#3	56	42	799	134.000000	G#3	56	80	
790	159.587240	B4	71	49	798	134.000000	B4	71	80	
791	159.835938	G4	67	49	800	134.250000	G4	67	80	
792	160.131510	G#4	68	58	801	134.500000	G#4	68	80	
793	160.255208	F#3	54	48	802	134.625000	F#3	54	80	
794	160.369792	B4	71	59	803	134.750000	B4	71	80	
795	160.385417	E3	52	42	804	134.750000	E3	52	80	
796	160.493490	Eb3	51	57	805	134.875000	Eb3	51	80	
797	160.670573	C#3	49	46	807	135.000000	C#3	49	80	
798	160.675781	E5	76	68	806	135.000000	E5	76	80	
799	160.927083	B3	59	50	809	135.250000	B3	59	80	
800	160.930990	G#4	68	62	808	135.250000	G#4	68	80	
801	161.210938	Bb3	58	54	811	135.500000	Bb3	58	80	
802	161.221354	C#5	73	70	810	135.500000	C#5	73	80	
803	161.466146	F#3	54	55	813	135.750000	F#3	54	80	
804	161.475260	E5	76	72	812	135.750000	E5	76	80	
805	161.739583	B3	59	54	815	136.000000	B3	59	80	
806	161.770833	Eb5	75	80	814	136.000000	Eb5	75	80	
807	162.029948	Bb4	70	68	816	136.250000	Bb4	70	80	
808	162.320312	B4	71	70	817	136.500000	B4	71	80	
809	162.440104	Bb3	58	55	818	136.625000	Bb3	58	80	
810	162.574219	G#3	56	65	820	136.750000	G#3	56	80	
811	162.579427	Eb5	75	76	819	136.750000	Eb5	75	80	
812	162.692708	F#3	54	63	821	136.875000	F#3	54	80	
813	162.830729	E3	52	59	823	137.000000	E3	52	80	
814	162.851562	G#5	80	82	822	137.000000	G#5	80	80	
815	163.105469	Eb4	63	64	825	137.250000	Eb4	63	80	
816	163.105469	B4	71	72	824	137.250000	B4	71	80	
817	163.372396	E5	76	75	826	137.500000	E5	76	80	
818	163.381510	C#4	61	68	827	137.500000	C#4	61	80	
819	163.621094	Bb3	58	64	829	137.750000	Bb3	58	80	
820	163.640625	G#5	80	78	828	137.750000	G#5	80	80	
821	163.904948	Eb4	63	72	831	138.000000	Eb4	63	80	
822	163.916667	F#5	78	83	830	138.000000	F#5	78	80	
823	164.173177	C#5	73	81	832	138.250000	D5	74	80	
824	164.466146	Eb5	75	86	833	138.500000	Eb5	75	80	
825	164.576823	C#4	61	68	834	138.625000	C#4	61	80	
826	164.696615	B3	59	69	836	138.750000	B3	59	80	
827	164.707031	F#5	78	86	835	138.750000	F#5	78	80	
828	164.811198	Bb3	58	73	837	138.875000	Bb3	58	80	
829	164.963542	G#3	56	68	839	139.000000	G#3	56	80	
830	164.984375	B5	83	85	838	139.000000	B5	83	80	
831	165.230469	F#4	66	72	841	139.250000	F#4	66	80	
832	165.236979	Eb5	75	87	840	139.250000	Eb5	75	80	
833	165.514323	G#5	80	89	842	139.500000	G#5	80	80	
834	165.523438	F4	65	71	843	139.500000	F4	65	80	
835	165.772135	B5	83	89	844	139.750000	B5	83	80	
836	165.795573	C#4	61	64	845	139.750000	C#4	61	80	
837	166.109375	F#4	66	55	847	140.000000	F#4	66	80	
838	166.111979	Bb5	82	82	846	140.000000	Bb5	82	80	
839	166.399740	F5	77	79	848	140.250000	F5	77	80	
840	166.402344	G#4	68	62	849	140.250000	G#4	68	80	
841	166.722656	Bb4	70	50	851	140.500000	Bb4	70	80	
842	166.730469	F#5	78	82	850	140.500000	F#5	78	80	
843	166.980469	F#4	66	57	853	140.750000	F#4	66	80	
844	167.010417	C#5	73	77	852	140.750000	C#5	73	80	
845	167.272135	Eb4	63	42	855	141.000000	Eb4	63	80	
846	167.313802	A5	81	68	854	141.000000	A5	81	80	
847	167.451823	G#5	80	69	856	141.125000	G#5	80	80	
848	167.537760	E4	64	50	858	141.250000	E4	64	80	
849	167.576823	F#5	78	78	857	141.250000	F#5	78	80	
850	167.686198	E5	76	71	859	141.375000	E5	76	80	
851	167.813802	F#4	66	47	861	141.500000	F#4	66	80	
852	167.826823	Eb5	75	82	860	141.500000	Eb5	75	80	
853	168.079427	F#5	78	79	862	141.750000	F#5	78	80	
854	168.089844	Eb4	63	52	863	141.750000	Eb4	63	80	
855	168.364583	G#5	80	80	864	142.000000	G#5	80	80	
856	168.365885	C4	60	50	865	142.000000	C4	60	80	
857	168.657552	E5	76	58	866	142.250000	E5	76	80	
858	168.662760	C#4	61	40	867	142.250000	C#4	61	80	
859	168.924479	Eb4	63	44	869	142.500000	Eb4	63	80	
860	168.940104	F#5	78	59	868	142.500000	F#5	78	80	
861	169.180990	Eb5	75	53	870	142.750000	Eb5	75	80	
862	169.188802	C4	60	43	871	142.750000	C4	60	80	
863	169.480469	C#4	61	42	873	143.000000	C#4	61	80	
864	169.481771	E5	76	53	872	143.000000	E5	76	80	
865	169.748698	Eb4	63	41	875	143.250000	Eb4	63	80	
866	169.751302	C5	72	51	874	143.250000	C5	72	80	
867	170.042969	C#5	73	51	876	143.500000	C#5	73	80	
868	170.048177	E4	64	40	877	143.500000	E4	64	80	
869	170.330729	E5	76	48	878	143.750000	E5	76	80	
870	170.654948	Bb4	70	53	879	144.000000	Bb4	70	80	
871	170.906250	G#5	80	53	880	144.250000	G#5	80	80	
872	170.925781	E4	64	34	881	144.250000	E4	64	80	
873	171.201823	Eb4	63	44	883	144.500000	Eb4	63	80	
874	171.201823	F#5	78	57	882	144.500000	F#5	78	80	
875	171.480469	E5	76	55	884	144.750000	E5	76	80	
876	171.490885	C#4	61	36	885	144.750000	C#4	61	80	
877	171.756510	B3	59	47	888	145.000000	B3	59	80	
878	171.759115	B4	71	60	887	145.000000	B4	71	80	
879	171.759115	Eb5	75	55	886	145.000000	Eb5	75	80	
880	172.058594	E5	76	54	889	145.250000	E5	76	80	
881	172.080729	C#4	61	29	890	145.250000	C#4	61	80	
882	172.315104	F#5	78	66	891	145.500000	F#5	78	80	
883	172.329427	Eb4	63	41	892	145.500000	Eb4	63	80	
884	172.601562	B3	59	47	894	145.750000	B3	59	80	
885	172.601562	Eb5	75	67	893	145.750000	Eb5	75	80	
886	172.904948	G#3	56	42	896	146.000000	G#3	56	80	
887	172.916667	E5	76	64	895	146.000000	E5	76	80	
888	173.212240	C#5	73	60	897	146.250000	C#5	73	80	
889	173.226562	Bb3	58	54	898	146.250000	Bb3	58	80	
890	173.502604	Eb5	75	71	899	146.500000	Eb5	75	80	
891	173.524740	B3	59	63	900	146.500000	B3	59	80	
892	173.781250	G#3	56	67	902	146.750000	G#3	56	80	
893	173.789062	B4	71	71	901	146.750000	B4	71	80	
894	174.078125	C#5	73	79	903	147.000000	C#5	73	80	
895	174.092448	Bb3	58	74	904	147.000000	Bb3	58	80	
896	174.375000	G#4	68	81	905	147.250000	G#4	68	80	
897	174.381510	B3	59	80	906	147.250000	B3	59	80	
898	174.682292	Bb4	70	80	907	147.500000	Bb4	70	80	
899	174.684896	C#4	61	84	908	147.500000	C#4	61	80	
900	174.985677	C#5	73	86	909	147.750000	C#5	73	80	
901	175.410156	Eb5	75	80	910	148.000000	Eb5	75	80	
902	175.423177	B2	47	81	912	148.000000	B2	47	80	
903	175.436198	F#4	66	53	911	148.000000	F#4	66	80	
904	175.902344	B3	59	52	913	148.250000	B3	59	80	
905	176.187500	B4	71	75	914	148.500000	B4	71	80	
906	176.213542	Bb3	58	56	915	148.500000	Bb3	58	80	
907	176.475260	G#3	56	67	916	148.750000	G#3	56	80	
908	176.742188	G3	55	59	918	149.000000	G3	55	80	
909	176.759115	Eb3	51	80	919	149.000000	Eb3	51	80	
910	176.760417	Bb4	70	75	917	149.000000	Bb4	70	80	
911	177.135417	G#3	56	50	920	149.250000	G#3	56	80	
912	177.364583	C#5	73	70	921	149.500000	C#5	73	80	
913	177.380208	Bb3	58	69	922	149.500000	Bb3	58	80	
914	177.645833	G3	55	73	923	149.750000	G3	55	80	
915	177.981771	G#3	56	79	925	150.000000	G#3	56	80	
916	178.000000	B4	71	60	924	150.000000	B4	71	80	
917	178.363281	B3	59	62	927	150.250000	B3	59	80	
918	178.638021	G#4	68	75	928	150.500000	G#4	68	80	
919	178.639323	C#4	61	75	929	150.500000	C#4	61	80	
920	178.891927	Eb4	63	72	931	150.750000	Eb4	63	80	
921	178.907552	G4	67	82	930	150.750000	G4	67	80	
922	179.178385	E4	64	13	933	151.000000	E4	64	80	
923	179.186198	E3	52	86	934	151.000000	E3	52	80	
924	179.208333	G#4	68	82	932	151.000000	G#4	68	80	
925	179.455729	B4	71	74	935	151.250000	B4	71	80	
926	179.734375	E5	76	87	936	151.500000	E5	76	80	
927	179.736979	B3	59	77	937	151.500000	B3	59	80	
928	180.002604	B4	71	79	939	151.750000	B4	71	80	
929	180.002604	F#5	78	93	938	151.750000	F#5	78	80	
930	180.305990	C#3	49	82	942	152.000000	C#3	49	80	
931	180.308594	G#5	80	88	940	152.000000	G#5	80	80	
932	180.316406	E5	76	75	941	152.000000	E5	76	80	
933	180.628906	G#3	56	63	943	152.250000	G#3	56	80	
934	180.882812	Bb3	58	76	944	152.500000	Bb3	58	80	
935	181.114583	B3	59	78	945	152.750000	B3	59	80	
936	181.393229	C#4	61	75	946	153.000000	C#4	61	80	
937	181.401042	Bb3	58	71	947	153.000000	Bb3	58	80	
938	181.673177	G#5	80	63	948	153.250000	G#5	80	80	
939	181.690104	E5	76	59	949	153.250000	E5	76	80	
940	181.946615	F#4	66	72	952	153.500000	F#4	66	80	
941	181.977865	F#5	78	67	950	153.500000	F#5	78	80	
942	181.989583	Eb5	75	62	951	153.500000	Eb5	75	80	
943	182.231771	C#5	73	59	954	153.750000	C#5	73	80	
944	182.253906	E5	76	60	953	153.750000	E5	76	80	
945	182.535156	B3	59	68	957	154.000000	B3	59	80	
946	182.539062	Eb5	75	67	955	154.000000	Eb5	75	80	
947	182.546875	B4	71	50	956	154.000000	B4	71	80	
948	182.826823	G#4	68	63	958	154.250000	G#4	68	80	
949	183.079427	F#4	66	69	959	154.500000	F#4	66	80	
950	183.347656	E4	64	69	960	154.750000	E4	64	80	
951	183.636719	Eb4	63	61	961	155.000000	Eb4	63	80	
952	183.889323	G4	67	56	962	155.250000	G4	67	80	
953	183.893229	C#4	61	54	963	155.250000	C#4	61	80	
954	184.165365	B3	59	49	965	155.500000	B3	59	80	
955	184.195312	G#4	68	61	964	155.500000	G#4	68	80	
956	184.421875	Bb3	58	50	967	155.750000	Bb3	58	80	
957	184.447917	Bb4	70	59	966	155.750000	Bb4	70	80	
958	184.704427	G#3	56	57	969	156.000000	G#3	56	80	
959	184.713542	B4	71	47	968	156.000000	B4	71	80	
960	184.963542	E4	64	52	971	156.250000	E4	64	80	
961	184.984375	Bb4	70	44	970	156.250000	Bb4	70	80	
962	185.225260	Eb4	63	51	973	156.500000	Eb4	63	80	
963	185.238281	C#5	73	54	972	156.500000	C#5	73	80	
964	185.472656	C#4	61	50	975	156.750000	C#4	61	80	
965	185.493490	G4	67	52	974	156.750000	G4	67	80	
966	185.772135	B3	59	47	977	157.000000	B3	59	80	
967	185.783854	G#4	68	51	976	157.000000	G#4	68	80	
968	186.035156	Bb3	58	46	978	157.250000	Bb3	58	80	
969	186.304688	G#3	56	48	979	157.500000	G#3	56	80	
970	186.579427	F#3	54	52	980	157.750000	F#3	54	80	
971	186.875000	F3	53	43	981	158.000000	F3	53	80	
972	187.170573	Eb5	75	47	982	158.250000	Eb5	75	80	
973	187.427083	D5	74	46	983	158.500000	D5	74	80	
974	187.703125	C5	72	53	984	158.750000	C5	72	80	
975	188.001302	D5	74	55	985	159.000000	D5	74	80	
976	188.243490	Eb5	75	62	986	159.250000	Eb5	75	80	
977	188.244792	F#3	54	50	987	159.250000	F#3	54	80	
978	188.523438	F5	77	71	988	159.500000	F5	77	80	
979	188.536458	F3	53	56	989	159.500000	F3	53	80	
980	188.773438	Eb3	51	60	991	159.750000	Eb3	51	80	
981	188.789062	F#5	78	77	990	159.750000	F#5	78	80	
982	189.105469	D3	50	43	993	160.000000	D3	50	80	
983	189.118490	G#5	80	77	992	160.000000	G#5	80	80	
984	189.371094	Bb2	46	45	994	160.250000	Bb2	46	80	
985	189.653646	C3	48	34	996	160.500000	C3	48	80	
986	189.677083	F5	77	54	995	160.500000	F5	77	80	
987	189.940104	D3	50	47	997	160.750000	D3	50	80	
988	190.200521	Eb3	51	57	999	161.000000	Eb3	51	80	
989	190.226562	F#5	78	76	998	161.000000	F#5	78	80	
990	190.497396	F3	53	61	1000	161.250000	F3	53	80	
991	190.778646	Eb5	75	73	1001	161.500000	Eb5	75	80	
992	190.779948	F#3	54	71	1002	161.500000	F#3	54	80	
993	191.014323	Eb3	51	66	1004	161.750000	Eb3	51	80	
994	191.027344	C#5	73	77	1003	161.750000	C#5	73	80	
995	191.335938	G#3	56	66	1006	162.000000	G#3	56	80	
996	191.337240	B4	71	76	1005	162.000000	B4	71	80	
997	191.610677	F#3	54	69	1007	162.250000	F#3	54	80	
998	191.877604	Eb5	75	79	1008	162.500000	Eb5	75	80	
999	191.880208	G#3	56	72	1009	162.500000	G#3	56	80	
1000	192.147135	Bb3	58	76	1010	162.750000	Bb3	58	80	
1001	192.425781	G#4	68	79	1011	163.000000	G#4	68	80	
1002	192.442708	B3	59	72	1012	163.000000	B3	59	80	
1003	192.696615	Bb3	58	74	1014	163.250000	Bb3	58	80	
1004	192.703125	F#5	78	82	1013	163.250000	F#5	78	80	
1005	192.968750	F5	77	87	1015	163.500000	F5	77	80	
1006	192.975260	B3	59	80	1016	163.500000	B3	59	80	
1007	193.223958	Eb5	75	89	1017	163.750000	Eb5	75	80	
1008	193.233073	G#3	56	78	1018	163.750000	G#3	56	80	
1009	193.539062	Bb3	58	79	1020	164.000000	Bb3	58	80	
1010	193.548177	D5	74	80	1019	164.000000	D5	74	80	
1011	193.808594	B4	71	78	1021	164.250000	B4	71	80	
1012	194.070312	Bb4	70	81	1022	164.500000	Bb4	70	80	
1013	194.346354	G#4	68	83	1023	164.750000	G#4	68	80	
1014	194.690104	F#4	66	88	1024	165.000000	F#4	66	80	
1015	194.979167	Bb4	70	90	1025	165.250000	Bb4	70	80	
1016	195.317708	Eb5	75	90	1026	165.500000	Eb5	75	80	
1017	195.585938	A3	57	81	1027	165.750000	A3	57	80	
1018	195.906250	Bb3	58	86	1029	166.000000	Bb3	58	80	
1019	195.923177	F4	65	80	1028	166.000000	F4	65	80	
1020	196.161458	C5	72	78	1030	166.250000	C5	72	80	
1021	196.437500	D5	74	82	1031	166.500000	D5	74	80	
1022	196.671875	F5	77	91	1032	166.750000	F5	77	80	
1023	196.953125	Bb2	46	77	1034	167.000000	Bb2	46	80	
1024	196.962240	G#4	68	81	1033	167.000000	G#4	68	80	
1025	197.229167	B4	71	79	1035	167.250000	B4	71	80	
1026	197.501302	Bb4	70	79	1036	167.500000	Bb4	70	80	
1027	197.777344	G#4	68	75	1037	167.750000	G#4	68	80	
1028	198.114583	F#3	54	89	1039	168.000000	F#3	54	80	
1029	198.136719	Eb3	51	65	1040	168.000000	Eb3	51	80	
1030	198.157552	F#4	66	56	1038	168.000000	F#4	66	80	
1031	198.498698	F4	65	63	1041	168.250000	F4	65	80	
1032	198.778646	Eb4	63	64	1042	168.500000	Eb4	63	80	
1033	199.027344	D4	62	70	1043	168.750000	D4	62	80	
1034	199.265625	Eb4	63	53	1044	169.000000	Eb4	63	80	
1035	199.277344	Bb3	58	88	1045	169.000000	Bb3	58	80	
1036	199.563802	E3	52	69	1046	169.250000	E3	52	80	
1037	199.843750	Eb3	51	80	1047	169.500000	Eb3	51	80	
1038	200.066406	C#3	49	74	1048	169.750000	C#3	49	80	
1039	200.393229	B2	47	66	1050	170.000000	B2	47	80	
1040	200.441406	Eb4	63	87	1049	170.000000	Eb4	63	80	
1041	200.805990	Bb2	46	68	1051	170.250000	Bb2	46	80	
1042	201.132812	B2	47	75	1053	170.500000	B2	47	80	
1043	201.138021	F#4	66	69	1052	170.500000	F#4	66	80	
1044	201.415365	E4	64	59	1054	170.750000	E4	64	80	
1045	201.697917	B3	59	82	1056	171.000000	B3	59	80	
1046	201.714844	Eb4	63	45	1055	171.000000	Eb4	63	80	
1047	202.002604	E4	64	56	1057	171.250000	E4	64	80	
1048	202.016927	C#3	49	56	1058	171.250000	C#3	49	80	
1049	202.307292	F#4	66	56	1059	171.500000	F#4	66	80	
1050	202.342448	Eb3	51	74	1060	171.500000	Eb3	51	80	
1051	202.593750	Eb4	63	57	1061	171.750000	Eb4	63	80	
1052	202.894531	G#3	56	80	1063	172.000000	G#3	56	80	
1053	202.924479	B3	59	50	1062	172.000000	B3	59	80	
1054	203.186198	C#3	49	48	1065	172.250000	C#3	49	80	
1055	203.214844	C#4	61	60	1064	172.250000	C#4	61	80	
1056	203.475260	B2	47	46	1067	172.500000	B2	47	80	
1057	203.500000	Eb4	63	63	1066	172.500000	Eb4	63	80	
1058	203.747396	Eb3	51	55	1069	172.750000	Eb3	51	80	
1059	203.753906	B3	59	51	1068	172.750000	B3	59	80	
1060	204.001302	F4	65	66	1070	173.000000	F4	65	80	
1061	204.002604	G#3	56	26	1071	173.000000	G#3	56	80	
1062	204.020833	C#3	49	45	1072	173.000000	C#3	49	80	
1063	204.282552	Bb3	58	50	1073	173.250000	Bb3	58	80	
1064	204.294271	B2	47	38	1074	173.250000	B2	47	80	
1065	204.588542	Bb2	46	45	1076	173.500000	Bb2	46	80	
1066	204.602865	B3	59	53	1075	173.500000	B3	59	80	
1067	204.850260	G#2	44	36	1077	173.750000	G#2	44	80	
1068	205.130208	F#2	42	40	1079	174.000000	F#2	42	80	
1069	205.157552	F#4	66	55	1078	174.000000	F#4	66	80	
1070	205.416667	C#3	49	40	1081	174.250000	C#3	49	80	
1071	205.438802	B3	59	56	1080	174.250000	B3	59	80	
1072	205.730469	F#3	54	51	1083	174.500000	F#3	54	80	
1073	205.742188	Bb3	58	51	1082	174.500000	Bb3	58	80	
1074	206.001302	G#3	56	53	1084	174.750000	G#3	56	80	
1075	206.277344	Bb3	58	60	1085	175.000000	Bb3	58	80	
1076	206.545573	E3	52	43	1087	175.250000	E3	52	80	
1077	206.548177	C#4	61	51	1086	175.250000	C#4	61	80	
1078	206.839844	A4	69	59	1088	175.500000	A4	69	80	
1079	206.861979	F#4	66	42	1089	175.500000	F#4	66	80	
1080	206.875000	Eb3	51	50	1090	175.500000	Eb3	51	80	
1081	207.127604	C#3	49	44	1091	175.750000	C#3	49	80	
1082	207.419271	C3	48	51	1092	176.000000	C3	48	80	
1083	207.720052	C#3	49	52	1093	176.250000	C#3	49	80	
1084	207.955729	A4	69	71	1094	176.500000	A4	69	80	
1085	207.972656	C4	60	54	1095	176.500000	C4	60	80	
1086	207.979167	Eb3	51	62	1096	176.500000	Eb3	51	80	
1087	208.231771	C3	48	56	1098	176.750000	C3	48	80	
1088	208.236979	F#4	66	73	1097	176.750000	F#4	66	80	
1089	208.526042	G#4	68	70	1099	177.000000	G#4	68	80	
1090	208.531250	E4	64	52	1100	177.000000	E4	64	80	
1091	208.558594	G#2	44	47	1101	177.000000	G#2	44	80	
1092	208.796875	Bb2	46	44	1102	177.250000	Bb2	46	80	
1093	209.083333	Eb4	63	45	1104	177.500000	Eb4	63	80	
1094	209.088542	F#4	66	58	1103	177.500000	F#4	66	80	
1095	209.095052	C3	48	44	1105	177.500000	C3	48	80	
1096	209.329427	G#2	44	36	1106	177.750000	G#2	44	80	
1097	209.626302	C#3	49	52	1107	178.000000	C#3	49	80	
1098	209.876302	Eb3	51	54	1108	178.250000	Eb3	51	80	
1099	210.138021	E3	52	44	1111	178.500000	E3	52	80	
1100	210.169271	E4	64	47	1109	178.500000	E4	64	80	
1101	210.171875	C#4	61	45	1110	178.500000	C#4	61	80	
1102	210.437500	Eb4	63	50	1112	178.750000	Eb4	63	80	
1103	210.444010	C4	60	47	1113	178.750000	C4	60	80	
1104	210.707031	E4	64	55	1114	179.000000	E4	64	80	
1105	210.722656	C#4	61	44	1115	179.000000	C#4	61	80	
1106	210.949219	Eb3	51	48	1118	179.250000	Eb3	51	80	
1107	210.966146	F#4	66	59	1116	179.250000	F#4	66	80	
1108	210.977865	Eb4	63	43	1117	179.250000	Eb4	63	80	
1109	211.238281	C#3	49	42	1121	179.500000	C#3	49	80	
1110	211.264323	E4	64	44	1120	179.500000	E4	64	80	
1111	211.278646	G#4	68	48	1119	179.500000	G#4	68	80	
1112	211.531250	B2	47	54	1122	179.750000	B2	47	80	
1113	211.812500	Bb2	46	59	1123	180.000000	Bb2	46	80	
1114	212.036458	B2	47	68	1124	180.250000	B2	47	80	
1115	212.346354	Bb3	58	73	1126	180.500000	Bb3	58	80	
1116	212.347656	G#4	68	67	1125	180.500000	G#4	68	80	
1117	212.351562	C#3	49	53	1127	180.500000	C#3	49	80	
1118	212.596354	E4	64	76	1128	180.750000	E4	64	80	
1119	212.621094	Bb2	46	56	1129	180.750000	Bb2	46	80	
1120	212.885417	F#2	42	48	1132	181.000000	F#2	42	80	
1121	212.886719	F#4	66	65	1130	181.000000	F#4	66	80	
1122	212.919271	Eb4	63	63	1131	181.000000	Eb4	63	80	
1123	213.162760	G#2	44	46	1133	181.250000	G#2	44	80	
1124	213.459635	E4	64	57	1134	181.500000	E4	64	80	
1125	213.462240	Bb2	46	45	1136	181.500000	Bb2	46	80	
1126	213.481771	C#4	61	42	1135	181.500000	C#4	61	80	
1127	213.721354	F#2	42	43	1137	181.750000	F#2	42	80	
1128	213.994792	B2	47	46	1138	182.000000	B2	47	80	
1129	214.260417	C#3	49	42	1139	182.250000	C#3	49	80	
1130	214.537760	Eb3	51	44	1142	182.500000	Eb3	51	80	
1131	214.552083	Eb4	63	45	1141	182.500000	Eb4	63	80	
1132	214.557292	B3	59	45	1140	182.500000	B3	59	80	
1133	214.821615	C#4	61	52	1144	182.750000	C#4	61	80	
1134	214.847656	Bb3	58	37	1143	182.750000	Bb3	58	80	
1135	215.097656	B3	59	43	1145	183.000000	B3	59	80	
1136	215.109375	Eb4	63	50	1146	183.000000	Eb4	63	80	
1137	215.354167	C#3	49	37	1149	183.250000	C#3	49	80	
1138	215.367188	E4	64	55	1148	183.250000	E4	64	80	
1139	215.675781	F#4	66	56	1151	183.500000	F#4	66	80	
1140	215.680990	B2	47	35	1152	183.500000	B2	47	80	
1141	215.686198	Eb4	63	49	1150	183.500000	Eb4	63	80	
1142	215.985677	Eb3	51	39	1153	183.750000	Eb3	51	80	
1143	216.358073	G#3	56	39	1155	184.000000	G#3	56	80	
1144	216.386719	B4	71	67	1154	184.000000	B4	71	80	
1145	216.768229	E4	64	47	1156	184.250000	E4	64	80	
1146	216.869792	G#4	68	47	1157	184.250000	G#4	68	80	
1147	217.080729	F#4	66	52	1159	184.500000	F#4	66	80	
1148	217.104167	Eb4	63	58	1158	184.500000	Eb4	63	80	
1149	217.338542	E4	64	65	1161	184.750000	E4	64	80	
1150	217.346354	C#4	61	58	1160	184.750000	C#4	61	80	
1151	217.622396	B3	59	51	1164	185.000000	B3	59	80	
1152	217.636719	Eb5	75	88	1162	185.000000	Eb5	75	80	
1153	217.881510	C#4	61	53	1165	185.250000	C#4	61	80	
1154	217.908854	A3	57	54	1166	185.250000	A3	57	80	
1155	218.164062	G#3	56	61	1169	185.500000	G#3	56	80	
1156	218.169271	B4	71	70	1167	185.500000	B4	71	80	
1157	218.174479	B3	59	61	1168	185.500000	B3	59	80	
1158	218.384115	A3	57	59	1170	185.750000	A3	57	80	
1159	218.414062	F#3	54	66	1171	185.750000	F#3	54	80	
1160	218.752604	E3	52	51	1174	186.000000	E3	52	80	
1161	218.756510	G#3	56	57	1173	186.000000	G#3	56	80	
1162	218.768229	G#5	80	87	1172	186.000000	G#5	80	80	
1163	219.119792	B3	59	56	1175	186.250000	B3	59	80	
1164	219.386719	E4	64	56	1177	186.500000	E4	64	80	
1165	219.416667	G#4	68	55	1176	186.500000	G#4	68	80	
1166	219.703125	Eb4	63	56	1178	186.750000	Eb4	63	80	
1167	219.930990	E5	76	81	1179	187.000000	E5	76	80	
1168	219.953125	C#4	61	55	1180	187.000000	C#4	61	80	
1169	220.225260	Eb4	63	50	1181	187.250000	Eb4	63	80	
1170	220.496094	E4	64	53	1183	187.500000	E4	64	80	
1171	220.497396	C#5	73	61	1182	187.500000	C#5	73	80	
1172	220.739583	C#4	61	67	1184	187.750000	C#4	61	80	
1173	220.994792	C#5	73	84	1185	188.000000	C#5	73	80	
1174	221.033854	Bb3	58	60	1187	188.000000	Bb3	58	80	
1175	221.033854	F#4	66	55	1186	188.000000	F#4	66	80	
1176	221.273438	B3	59	54	1189	188.250000	B3	59	80	
1177	221.285156	G#4	68	70	1188	188.250000	G#4	68	80	
1178	221.531250	Bb4	70	79	1190	188.500000	Bb4	70	80	
1179	221.555990	C#4	61	54	1191	188.500000	C#4	61	80	
1180	221.770833	F#4	66	77	1192	188.750000	F#4	66	80	
1181	221.776042	Bb3	58	64	1193	188.750000	Bb3	58	80	
1182	222.066406	Bb5	82	87	1194	189.000000	Bb5	82	80	
1183	222.084635	F#3	54	64	1196	189.000000	F#3	54	80	
1184	222.092448	C#5	73	70	1195	189.000000	C#5	73	80	
1185	222.354167	E5	76	78	1197	189.250000	E5	76	80	
1186	222.358073	G#3	56	70	1198	189.250000	G#3	56	80	
1187	222.638021	Eb5	75	88	1199	189.500000	Eb5	75	80	
1188	222.639323	F#3	54	74	1201	189.500000	F#3	54	80	
1189	222.654948	Bb3	58	65	1200	189.500000	Bb3	58	80	
1190	222.897135	E3	52	69	1203	189.750000	E3	52	80	
1191	222.897135	C#5	73	91	1202	189.750000	C#5	73	80	
1192	223.252604	B5	83	91	1204	190.000000	B5	83	80	
1193	223.256510	F#5	78	77	1205	190.000000	F#5	78	80	
1194	223.270833	Eb3	51	73	1206	190.000000	Eb3	51	80	
1195	223.623698	F#3	54	64	1208	190.250000	F#3	54	80	
1196	223.628906	E5	76	81	1207	190.250000	E5	76	80	
1197	223.894531	B3	59	75	1210	190.500000	B3	59	80	
1198	223.895833	Eb5	75	87	1209	190.500000	Eb5	75	80	
1199	224.139323	Bb3	58	72	1212	190.750000	Bb3	58	80	
1200	224.139323	F#5	78	89	1211	190.750000	F#5	78	80	
1201	224.402344	G#3	56	82	1215	191.000000	G#3	56	80	
1202	224.417969	E5	76	80	1213	191.000000	E5	76	80	
1203	224.420573	B4	71	74	1214	191.000000	B4	71	80	
1204	224.662760	C#3	49	66	1216	191.250000	C#3	49	80	
1205	224.911458	B2	47	77	1217	191.500000	B2	47	80	
1206	225.173177	Eb3	51	85	1218	191.750000	Eb3	51	80	
1207	225.463542	C#3	49	82	1219	192.000000	C#3	49	80	
1208	225.718750	F#3	54	80	1221	192.250000	F#3	54	80	
1209	225.727865	Bb4	70	77	1220	192.250000	Bb4	70	80	
1210	225.986979	G#4	68	79	1222	192.500000	G#4	68	80	
1211	225.989583	E3	52	76	1223	192.500000	E3	52	80	
1212	226.238281	B4	71	82	1224	192.750000	B4	71	80	
1213	226.240885	G#3	56	78	1225	192.750000	G#3	56	80	
1214	226.552083	C#4	61	81	1227	193.000000	C#4	61	80	
1215	226.563802	Bb4	70	84	1226	193.000000	Bb4	70	80	
1216	226.808594	Eb3	51	69	1229	193.250000	Eb3	51	80	
1217	226.815104	B4	71	81	1228	193.250000	B4	71	80	
1218	227.067708	E3	52	63	1231	193.500000	E3	52	80	
1219	227.070312	C#5	73	85	1230	193.500000	C#5	73	80	
1220	227.341146	Bb4	70	85	1232	193.750000	Bb4	70	80	
1221	227.345052	C#3	49	65	1233	193.750000	C#3	49	80	
1222	227.673177	Bb3	58	71	1235	194.000000	Bb3	58	80	
1223	227.673177	F#4	66	83	1234	194.000000	F#4	66	80	
1224	227.923177	B3	59	76	1237	194.250000	B3	59	80	
1225	227.929688	Eb5	75	78	1236	194.250000	Eb5	75	80	
1226	228.174479	C#4	61	75	1239	194.500000	C#4	61	80	
1227	228.179688	E5	76	77	1238	194.500000	E5	76	80	
1228	228.436198	B3	59	77	1241	194.750000	B3	59	80	
1229	228.442708	Eb5	75	88	1240	194.750000	Eb5	75	80	
1230	228.708333	E5	76	88	1242	195.000000	E5	76	80	
1231	228.738281	C#4	61	78	1243	195.000000	C#4	61	80	
1232	228.962240	G#3	56	79	1244	195.250000	G#3	56	80	
1233	229.226562	F#3	54	83	1245	195.500000	F#3	54	80	
1234	229.477865	G#3	56	92	1246	195.750000	G#3	56	80	
1235	229.777344	B4	71	79	1248	196.000000	B4	71	80	
1236	229.782552	F#4	66	82	1249	196.000000	F#4	66	80	
1237	229.783854	Eb5	75	93	1247	196.000000	Eb5	75	80	
1238	229.786458	A3	57	74	1250	196.000000	A3	57	80	
1239	230.109375	C#5	73	91	1251	196.250000	C#5	73	80	
1240	230.122396	E4	64	74	1252	196.250000	E4	64	80	
1241	230.369792	Eb5	75	90	1253	196.500000	Eb5	75	80	
1242	230.372396	F#4	66	83	1254	196.500000	F#4	66	80	
1243	230.615885	E4	64	79	1256	196.750000	E4	64	80	
1244	230.615885	C#5	73	92	1255	196.750000	C#5	73	80	
1245	230.954427	Eb5	75	90	1257	197.000000	Eb5	75	80	
1246	230.963542	F#4	66	73	1258	197.000000	F#4	66	80	
1247	231.244792	G#3	56	73	1259	197.250000	G#3	56	80	
1248	231.535156	F#3	54	77	1260	197.500000	F#3	54	80	
1249	231.796875	A3	57	74	1261	197.750000	A3	57	80	
1250	232.199219	G#3	56	61	1262	198.000000	G#3	56	80	
1251	232.566406	F4	65	50	1263	198.250000	F4	65	80	
1252	232.877604	B3	59	70	1265	198.500000	B3	59	80	
1253	232.877604	D5	74	59	1264	198.500000	D5	74	80	
1254	233.132812	C#5	73	67	1266	198.750000	C#5	73	80	
1255	233.416667	D4	62	72	1268	199.000000	D4	62	80	
1256	233.458333	B4	71	53	1267	199.000000	B4	71	80	
1257	233.720052	C#5	73	52	1269	199.250000	C#5	73	80	
1258	233.989583	D5	74	56	1270	199.500000	D5	74	80	
1259	234.019531	F4	65	32	1271	199.500000	F4	65	80	
1260	234.272135	B4	71	57	1272	199.750000	B4	71	80	
1261	234.553385	B3	59	51	1276	200.000000	B3	59	80	
1262	234.557292	G#4	68	47	1273	200.000000	G#4	68	80	
1263	234.835938	A4	69	45	1277	200.250000	A4	69	80	
1264	235.071615	B4	71	50	1278	200.500000	B4	71	80	
1265	235.364583	G#4	68	49	1279	200.750000	G#4	68	80	
1266	235.661458	F4	65	56	1280	201.000000	F4	65	80	
1267	235.912760	D5	74	65	1281	201.250000	D5	74	80	
1268	236.192708	C#5	73	77	1282	201.500000	C#5	73	80	
1269	236.197917	F3	53	54	1285	201.500000	F3	53	80	
1270	236.199219	G#3	56	57	1284	201.500000	G#3	56	80	
1271	236.238281	C#4	61	53	1283	201.500000	C#4	61	80	
1272	236.502604	B4	71	79	1286	201.750000	B4	71	80	
1273	236.858073	Bb4	70	83	1287	202.000000	Bb4	70	80	
1274	236.865885	F#3	54	56	1288	202.000000	F#3	54	80	
1275	237.242188	E3	52	50	1291	202.250000	E3	52	80	
1276	237.257812	G#4	68	70	1290	202.250000	G#4	68	80	
1277	237.548177	Eb3	51	68	1293	202.500000	Eb3	51	80	
1278	237.548177	F#4	66	78	1292	202.500000	F#4	66	80	
1279	237.796875	C#3	49	65	1295	202.750000	C#3	49	80	
1280	237.807292	E4	64	82	1294	202.750000	E4	64	80	
1281	238.079427	B2	47	62	1297	203.000000	B2	47	80	
1282	238.097656	Eb4	63	84	1296	203.000000	Eb4	63	80	
1283	238.368490	C#3	49	54	1299	203.250000	C#3	49	80	
1284	238.384115	F#4	66	82	1298	203.250000	F#4	66	80	
1285	238.695312	B4	71	85	1300	203.500000	B4	71	80	
1286	238.703125	Eb3	51	70	1301	203.500000	Eb3	51	80	
1287	238.949219	F2	41	57	1303	203.750000	F2	41	80	
1288	238.963542	D4	62	83	1302	203.750000	D4	62	80	
1289	239.328125	F#2	42	54	1305	204.000000	F#2	42	80	
1290	239.354167	C#4	61	79	1304	204.000000	C#4	61	80	
1291	239.701823	Eb4	63	80	1306	204.250000	Eb4	63	80	
1292	240.003906	Bb4	70	80	1307	204.500000	Bb4	70	80	
1293	240.016927	E4	64	56	1308	204.500000	E4	64	80	
1294	240.311198	G#4	68	80	1309	204.750000	G#4	68	80	
1295	240.334635	C#3	49	51	1310	204.750000	C#3	49	80	
1296	240.736979	F#3	54	46	1312	205.000000	F#3	54	80	
1297	240.792969	Bb4	70	77	1311	205.000000	Bb4	70	80	
1298	241.223958	G#4	68	60	1313	205.250000	G#4	68	80	
1299	241.609375	F#4	66	48	1314	205.500000	F#4	66	80	
1300	242.072917	E4	64	49	1315	205.750000	E4	64	80	
1301	242.811198	B4	71	52	1317	206.000000	B4	71	80	
1302	242.815104	B2	47	41	1318	206.000000	B2	47	80	
1303	242.833333	Eb4	63	42	1316	206.000000	Eb4	63	80	
1304	242.839844	F#3	54	37	1319	206.000000	F#3	54	80	
*	-1	*	-1	-1	171	37.000000	F#3	54	80	
*	-1	*	-1	-1	175	37.500000	Eb4	63	80	
*	-1	*	-1	-1	179	38.000000	E4	64	80	
*	-1	*	-1	-1	186	39.000000	B3	59	80	
*	-1	*	-1	-1	194	40.000000	Bb4	70	80	
*	-1	*	-1	-1	267	49.500000	B4	71	80	
*	-1	*	-1	-1	368	68.000000	B3	59	80	
*	-1	*	-1	-1	410	74.000000	G#4	68	80	
*	-1	*	-1	-1	460	82.000000	F#4	66	80	
*	-1	*	-1	-1	587	104.000000	E3	52	80	
*	-1	*	-1	-1	631	109.500000	Eb4	63	80	
*	-1	*	-1	-1	636	110.000000	E4	64	80	
*	-1	*	-1	-1	640	110.500000	C#4	61	80	
*	-1	*	-1	-1	697	118.000000	E4	64	80	
*	-1	*	-1	-1	926	150.000000	G#3	56	80	
*	-1	*	-1	-1	1147	183.250000	C#4	61	80	
*	-1	*	-1	-1	1163	185.000000	Eb4	63	80	
*	-1	*	-1	-1	1274	200.000000	F4	65	80	
*	-1	*	-1	-1	1275	200.000000	D4	62	80	
*	-1	*	-1	-1	1289	202.000000	F#3	54	80	
