// alignID alignOntime alignSitch alignPitch alignOnvel refID refOntime refSitch refPitch refOnvel
0	0.500000	B2	47	43	0	0.000000	B2	47	80	
1	1.777083	Eb3	51	53	1	1.000000	Eb3	51	80	
2	3.052083	G#3	56	68	2	2.000000	G#3	56	80	
3	4.314583	E3	52	55	3	3.000000	E3	52	80	
4	5.583333	C#3	49	60	4	4.000000	C#3	49	80	
5	6.844792	Bb3	58	66	5	5.000000	Bb3	58	80	
6	8.165625	B3	59	66	6	6.000000	B3	59	80	
7	8.776042	Bb3	58	56	7	6.500000	Bb3	58	80	
8	9.058333	G#3	56	65	8	6.750000	G#3	56	80	
9	9.393750	F#3	54	59	9	7.000000	F#3	54	80	
10	9.955208	E3	52	54	10	7.500000	E3	52	80	
11	10.530208	Eb3	51	46	12	8.000000	Eb3	51	80	
12	10.536458	F#3	54	66	11	8.000000	F#3	54	80	
13	10.818750	C#3	49	53	13	8.250000	C#3	49	80	
14	11.152083	E3	52	53	14	8.500000	E3	52	80	
15	11.723958	Bb3	58	64	15	9.000000	Bb3	58	80	
16	12.264583	Eb3	51	38	16	9.500000	Eb3	51	80	
17	12.552083	C#3	49	49	17	9.750000	C#3	49	80	
18	12.868750	Eb4	63	67	18	10.000000	Eb4	63	80	
19	12.870833	B2	47	49	19	10.000000	B2	47	80	
20	13.150000	F#3	54	41	20	10.250000	F#3	54	80	
21	13.432292	Bb3	58	48	21	10.500000	Bb3	58	80	
22	14.022917	B3	59	69	22	11.000000	B3	59	80	
23	14.569792	G#3	56	52	23	11.500000	G#3	56	80	
24	14.855208	F#3	54	51	24	11.750000	F#3	54	80	
25	15.130208	F3	53	40	26	12.000000	F3	53	80	
26	15.143750	G#3	56	67	25	12.000000	G#3	56	80	
27	15.445833	B3	59	44	27	12.250000	B3	59	80	
28	15.727083	Eb4	63	44	28	12.500000	Eb4	63	80	
29	16.283333	F4	65	66	29	13.000000	F4	65	80	
30	16.821875	C#4	61	52	30	13.500000	C#4	61	80	
31	17.098958	B3	59	53	31	13.750000	B3	59	80	
32	17.426042	F#4	66	66	32	14.000000	F#4	66	80	
33	17.432292	Bb3	58	43	33	14.000000	Bb3	58	80	
34	17.979167	F4	65	56	34	14.500000	F4	65	80	
35	17.995833	B3	59	36	35	14.500000	B3	59	80	
36	18.255208	Eb4	63	65	36	14.750000	Eb4	63	80	
37	18.551042	Bb3	58	41	38	15.000000	Bb3	58	80	
38	18.553125	C#4	61	59	37	15.000000	C#4	61	80	
39	19.120833	B3	59	54	39	15.500000	B3	59	80	
40	19.122917	G#3	56	37	40	15.500000	G#3	56	80	
41	19.679167	F#3	54	34	42	16.000000	F#3	54	80	
42	19.697917	Bb3	58	57	41	16.000000	Bb3	58	80	
43	19.975000	G#3	56	65	43	16.250000	G#3	56	80	
44	20.256250	F3	53	40	45	16.500000	F3	53	80	
45	20.259375	B3	59	63	44	16.500000	B3	59	80	
46	20.552083	Eb3	51	40	46	16.750000	Eb3	51	80	
47	20.818750	C#3	49	40	47	17.000000	C#3	49	80	
48	21.097917	Eb3	51	35	48	17.250000	Eb3	51	80	
49	21.383333	Bb3	58	38	49	17.500000	Bb3	58	80	
50	21.408333	E3	52	35	50	17.500000	E3	52	80	
51	21.665625	G#3	56	55	51	17.750000	G#3	56	80	
52	21.982292	B3	59	67	52	18.000000	B3	59	80	
53	21.983333	F#3	54	35	53	18.000000	F#3	54	80	
54	22.279167	G#3	56	53	54	18.250000	G#3	56	80	
55	22.551042	A3	57	49	55	18.500000	A3	57	80	
56	22.573958	Eb3	51	31	56	18.500000	Eb3	51	80	
57	22.842708	C#3	49	43	57	18.750000	C#3	49	80	
58	23.152083	B2	47	40	59	19.000000	B2	47	80	
59	23.180208	Eb4	63	67	58	19.000000	Eb4	63	80	
60	23.751042	G#3	56	48	60	19.500000	G#3	56	80	
61	24.035417	F#3	54	36	61	19.750000	F#3	54	80	
62	24.346875	G#4	68	71	62	20.000000	G#4	68	80	
63	24.351042	E3	52	34	63	20.000000	E3	52	80	
64	24.689583	B3	59	28	64	20.250000	B3	59	80	
65	24.913542	Eb4	63	42	65	20.500000	Eb4	63	80	
66	25.170833	C3	48	35	66	20.750000	C3	48	80	
67	25.460417	C#3	49	38	68	21.000000	C#3	49	80	
68	25.473958	E4	64	66	67	21.000000	E4	64	80	
69	25.743750	Eb3	51	57	69	21.250000	Eb3	51	80	
70	26.020833	E3	52	57	71	21.500000	E3	52	80	
71	26.021875	C#4	61	50	70	21.500000	C#4	61	80	
72	26.277083	C#3	49	55	73	21.750000	C#3	49	80	
73	26.300000	B3	59	50	72	21.750000	B3	59	80	
74	26.602083	F#3	54	55	76	22.000000	F#3	54	80	
75	26.607292	C#4	61	70	74	22.000000	C#4	61	80	
76	26.609375	Bb3	58	40	75	22.000000	Bb3	58	80	
77	26.907292	E4	64	40	77	22.250000	E4	64	80	
78	27.166667	G#4	68	51	78	22.500000	G#4	68	80	
79	27.443750	E3	52	42	79	22.750000	E3	52	80	
80	27.734375	Bb4	70	74	80	23.000000	Bb4	70	80	
81	27.771875	Eb3	51	37	81	23.000000	Eb3	51	80	
82	28.050000	C#3	49	42	82	23.250000	C#3	49	80	
83	28.330208	Eb3	51	42	84	23.500000	Eb3	51	80	
84	28.333333	F#4	66	42	83	23.500000	F#4	66	80	
85	28.620833	E4	64	53	85	23.750000	E4	64	80	
86	28.957292	G#3	56	29	88	24.000000	G#3	56	80	
87	28.960417	B4	71	67	86	24.000000	B4	71	80	
88	28.993750	Eb4	63	42	87	24.000000	Eb4	63	80	
89	29.516667	G#2	44	33	91	24.500000	G#2	44	80	
90	29.522917	Bb4	70	64	89	24.500000	Bb4	70	80	
91	29.536458	E4	64	48	90	24.500000	E4	64	80	
92	29.792708	G#4	68	64	92	24.750000	G#4	68	80	
93	30.112500	F#4	66	58	93	25.000000	F#4	66	80	
94	30.128125	Eb4	63	38	94	25.000000	Eb4	63	80	
95	30.672917	Bb2	46	35	97	25.500000	Bb2	46	80	
96	30.676042	E4	64	58	95	25.500000	E4	64	80	
97	30.695833	C#4	61	41	96	25.500000	C#4	61	80	
98	31.243750	F#4	66	59	98	26.000000	F#4	66	80	
99	31.259375	Eb4	63	43	99	26.000000	Eb4	63	80	
100	31.261458	B2	47	38	101	26.000000	B2	47	80	
101	31.273958	B3	59	20	100	26.000000	B3	59	80	
102	31.538542	C#4	61	45	102	26.250000	C#4	61	80	
103	31.808333	E4	64	55	103	26.500000	E4	64	80	
104	31.829167	Bb3	58	32	104	26.500000	Bb3	58	80	
105	32.086458	G#3	56	52	105	26.750000	G#3	56	80	
106	32.402083	Bb4	70	73	106	27.000000	Bb4	70	80	
107	32.405208	F#3	54	43	107	27.000000	F#3	54	80	
108	32.992708	Eb4	63	51	108	27.500000	Eb4	63	80	
109	33.284375	C#4	61	39	109	27.750000	C#4	61	80	
110	33.565625	Eb5	75	75	110	28.000000	Eb5	75	80	
111	33.585417	B3	59	42	111	28.000000	B3	59	80	
112	33.880208	F#4	66	37	112	28.250000	F#4	66	80	
113	34.136458	Bb4	70	53	113	28.500000	Bb4	70	80	
114	34.401042	G3	55	50	114	28.750000	G3	55	80	
115	34.686458	G#3	56	48	116	29.000000	G#3	56	80	
116	34.688542	B4	71	72	115	29.000000	B4	71	80	
117	34.961458	Bb3	58	59	117	29.250000	Bb3	58	80	
118	35.223958	G#4	68	67	118	29.500000	G#4	68	80	
119	35.227083	B3	59	68	119	29.500000	B3	59	80	
120	35.478125	G#3	56	61	121	29.750000	G#3	56	80	
121	35.491667	F#4	66	63	120	29.750000	F#4	66	80	
122	35.794792	F4	65	54	123	30.000000	F4	65	80	
123	35.794792	G#4	68	80	122	30.000000	G#4	68	80	
124	35.798958	C#4	61	50	124	30.000000	C#4	61	80	
125	36.092708	B4	71	63	125	30.250000	B4	71	80	
126	36.373958	Eb5	75	67	126	30.500000	Eb5	75	80	
127	36.613542	B3	59	61	127	30.750000	B3	59	80	
128	36.903125	Bb3	58	51	129	31.000000	Bb3	58	80	
129	36.905208	F5	77	73	128	31.000000	F5	77	80	
130	37.186458	G#3	56	59	130	31.250000	G#3	56	80	
131	37.498958	Bb3	58	44	132	31.500000	Bb3	58	80	
132	37.502083	C#5	73	68	131	31.500000	C#5	73	80	
133	37.792708	B4	71	74	133	31.750000	B4	71	80	
134	38.096875	F#5	78	75	134	32.000000	F#5	78	80	
135	38.116667	Bb4	70	59	135	32.000000	Bb4	70	80	
136	38.125000	Eb4	63	34	136	32.000000	Eb4	63	80	
137	38.673958	Eb3	51	34	139	32.500000	Eb3	51	80	
138	38.677083	B4	71	56	138	32.500000	B4	71	80	
139	38.680208	F5	77	59	137	32.500000	F5	77	80	
140	38.968750	Eb5	75	68	140	32.750000	Eb5	75	80	
141	39.247917	C#5	73	58	141	33.000000	C#5	73	80	
142	39.267708	Bb4	70	39	142	33.000000	Bb4	70	80	
143	39.792708	F3	53	34	145	33.500000	F3	53	80	
144	39.793750	B4	71	57	143	33.500000	B4	71	80	
145	39.811458	G#4	68	42	144	33.500000	G#4	68	80	
146	40.365625	F#3	54	47	148	34.000000	F#3	54	80	
147	40.367708	Bb4	70	54	146	34.000000	Bb4	70	80	
148	40.386458	F#4	66	32	147	34.000000	F#4	66	80	
149	40.645833	G#4	68	63	149	34.250000	G#4	68	80	
150	40.920833	F4	65	61	151	34.500000	F4	65	80	
151	40.920833	B4	71	67	150	34.500000	B4	71	80	
152	40.935417	G#3	56	41	152	34.500000	G#3	56	80	
153	41.197917	Eb4	63	58	153	34.750000	Eb4	63	80	
154	41.486458	C#4	61	53	154	35.000000	C#4	61	80	
155	41.488542	Bb3	58	50	155	35.000000	Bb3	58	80	
156	41.767708	Eb4	63	52	156	35.250000	Eb4	63	80	
157	42.061458	Bb4	70	51	157	35.500000	Bb4	70	80	
158	42.067708	E4	64	47	158	35.500000	E4	64	80	
159	42.073958	F#3	54	35	159	35.500000	F#3	54	80	
160	42.362500	G#4	68	55	160	35.750000	G#4	68	80	
161	42.661458	B2	47	71	163	36.000000	B2	47	80	
162	42.687500	B3	59	46	162	36.000000	B3	59	80	
163	42.693750	F#4	66	48	161	36.000000	F#4	66	80	
164	42.947917	G#4	68	58	164	36.250000	G#4	68	80	
165	43.214583	A4	69	53	165	36.500000	A4	69	80	
166	43.237500	Eb4	63	41	166	36.500000	Eb4	63	80	
167	43.244792	F#3	54	43	167	36.500000	F#3	54	80	
168	43.506250	E3	52	59	169	36.750000	E3	52	80	
169	43.506250	C#4	61	56	168	36.750000	C#4	61	80	
170	43.793750	Eb3	51	72	172	37.000000	Eb3	51	80	
171	43.833333	B3	59	64	170	37.000000	B3	59	80	
172	43.834375	F#3	54	48	171	37.000000	F#3	54	80	
173	44.088542	C#4	61	65	173	37.250000	C#4	61	80	
174	44.368750	G#4	68	60	174	37.500000	G#4	68	80	
175	44.376042	B3	59	63	176	37.500000	B3	59	80	
176	44.376042	Eb4	63	49	175	37.500000	Eb4	63	80	
177	44.633333	F#4	66	65	177	37.750000	F#4	66	80	
178	44.931250	G#3	56	74	180	38.000000	G#3	56	80	
179	44.931250	E4	64	59	178	38.000000	E4	64	80	
180	45.200000	B4	71	74	181	38.250000	B4	71	80	
181	45.485417	Eb5	75	80	182	38.500000	Eb5	75	80	
182	45.734375	Bb3	58	64	184	38.750000	Bb3	58	80	
183	45.754167	F#4	66	64	183	38.750000	F#4	66	80	
184	46.041667	B3	59	48	186	39.000000	B3	59	80	
185	46.047917	E3	52	72	187	39.000000	E3	52	80	
186	46.054167	G#4	68	73	185	39.000000	G#4	68	80	
187	46.326042	G#3	56	74	188	39.250000	G#3	56	80	
188	46.590625	C#5	73	66	189	39.500000	C#5	73	80	
189	46.592708	Bb3	58	67	190	39.500000	Bb3	58	80	
190	46.836458	B3	59	84	192	39.750000	B3	59	80	
191	46.859375	B4	71	74	191	39.750000	B4	71	80	
192	47.141667	C#3	49	84	196	40.000000	C#3	49	80	
193	47.148958	C#4	61	72	195	40.000000	C#4	61	80	
194	47.157292	Bb4	70	71	193	40.000000	Bb4	70	80	
195	47.440625	E5	76	78	197	40.250000	E5	76	80	
196	47.718750	G#5	80	86	198	40.500000	G#5	80	80	
197	47.982292	B4	71	75	199	40.750000	B4	71	80	
198	48.267708	Bb3	58	67	201	41.000000	Bb3	58	80	
199	48.278125	C#5	73	70	200	41.000000	C#5	73	80	
200	48.573958	C#4	61	66	202	41.250000	C#4	61	80	
201	48.839583	F#4	66	63	204	41.500000	F#4	66	80	
202	48.866667	F#5	78	74	203	41.500000	F#5	78	80	
203	49.130208	E5	76	82	205	41.750000	E5	76	80	
204	49.427083	Eb5	75	78	206	42.000000	Eb5	75	80	
205	49.432292	B3	59	75	207	42.000000	B3	59	80	
206	49.683333	C#5	73	62	208	42.250000	C#5	73	80	
207	49.979167	Eb4	63	59	211	42.500000	Eb4	63	80	
208	49.986458	F#4	66	70	210	42.500000	F#4	66	80	
209	49.988542	B4	71	61	209	42.500000	B4	71	80	
210	50.253125	E4	64	70	213	42.750000	E4	64	80	
211	50.260417	Bb4	70	64	212	42.750000	Bb4	70	80	
212	50.277083	C#4	61	57	214	42.750000	C#4	61	80	
213	50.538542	Eb4	63	64	216	43.000000	Eb4	63	80	
214	50.545833	G#4	68	68	215	43.000000	G#4	68	80	
215	50.555208	B3	59	51	217	43.000000	B3	59	80	
216	50.813542	G4	67	52	218	43.250000	G4	67	80	
217	51.084375	C#4	61	49	220	43.500000	C#4	61	80	
218	51.089583	G#4	68	58	219	43.500000	G#4	68	80	
219	51.128125	Bb3	58	46	221	43.500000	Bb3	58	80	
220	51.360417	G4	67	54	222	43.750000	G4	67	80	
221	51.632292	G#3	56	41	225	44.000000	G#3	56	80	
222	51.642708	B3	59	50	224	44.000000	B3	59	80	
223	51.642708	G#4	68	55	223	44.000000	G#4	68	80	
224	51.931250	B4	71	61	226	44.250000	B4	71	80	
225	52.192708	C#4	61	44	229	44.500000	C#4	61	80	
226	52.205208	G5	79	67	227	44.500000	G5	79	80	
227	52.225000	Bb4	70	56	228	44.500000	Bb4	70	80	
228	52.483333	C#5	73	52	230	44.750000	C#5	73	80	
229	52.761458	G#5	80	69	231	45.000000	G#5	80	80	
230	52.763542	Eb4	63	33	233	45.000000	Eb4	63	80	
231	52.775000	B4	71	53	232	45.000000	B4	71	80	
232	53.041667	G3	55	35	234	45.250000	G3	55	80	
233	53.290625	C#5	73	61	235	45.500000	C#5	73	80	
234	53.307292	Bb4	70	48	236	45.500000	Bb4	70	80	
235	53.323958	G#3	56	30	238	45.500000	G#3	56	80	
236	53.343750	E4	64	22	237	45.500000	E4	64	80	
237	53.584375	G3	55	33	239	45.750000	G3	55	80	
238	53.879167	B4	71	57	240	46.000000	B4	71	80	
239	53.894792	Eb4	63	42	241	46.000000	Eb4	63	80	
240	53.902083	G#3	56	38	242	46.000000	G#3	56	80	
241	54.206250	Bb4	70	59	243	46.250000	Bb4	70	80	
242	54.455208	B3	59	51	245	46.500000	B3	59	80	
243	54.459375	G#4	68	56	244	46.500000	G#4	68	80	
244	54.717708	C#4	61	49	247	46.750000	C#4	61	80	
245	54.727083	F#4	66	55	246	46.750000	F#4	66	80	
246	54.752083	Bb3	58	30	248	46.750000	Bb3	58	80	
247	55.010417	G#3	56	36	251	47.000000	G#3	56	80	
248	55.012500	B3	59	51	250	47.000000	B3	59	80	
249	55.015625	F4	65	41	249	47.000000	F4	65	80	
250	55.295833	F#4	66	43	252	47.250000	F#4	66	80	
251	55.556250	D4	62	42	254	47.500000	D4	62	80	
252	55.567708	F#3	54	34	255	47.500000	F#3	54	80	
253	55.586458	F4	65	34	253	47.500000	F4	65	80	
254	55.846875	F#4	66	48	256	47.750000	F#4	66	80	
255	56.142708	F3	53	38	259	48.000000	F3	53	80	
256	56.147917	G#4	68	55	257	48.000000	G#4	68	80	
257	56.152083	C#4	61	40	258	48.000000	C#4	61	80	
258	56.472917	Bb4	70	67	260	48.250000	Bb4	70	80	
259	56.735417	B4	71	72	261	48.500000	B4	71	80	
260	56.997917	G#3	56	66	262	48.750000	G#3	56	80	
261	57.277083	F#3	54	57	265	49.000000	F#3	54	80	
262	57.283333	Bb3	58	60	264	49.000000	Bb3	58	80	
263	57.296875	C#4	61	60	263	49.000000	C#4	61	80	
264	57.563542	B3	59	65	266	49.250000	B3	59	80	
265	57.852083	C#4	61	64	269	49.500000	C#4	61	80	
266	57.861458	F#4	66	64	268	49.500000	F#4	66	80	
267	58.154167	Bb4	70	74	270	49.750000	Bb4	70	80	
268	58.429167	G#4	68	69	271	50.000000	G#4	68	80	
269	58.432292	C#3	49	71	272	50.000000	C#3	49	80	
270	58.713542	B4	71	80	273	50.250000	B4	71	80	
271	58.998958	Eb5	75	76	274	50.500000	Eb5	75	80	
272	59.012500	B3	59	60	275	50.500000	B3	59	80	
273	59.272917	Bb3	58	54	276	50.750000	Bb3	58	80	
274	59.585417	F4	65	50	277	51.000000	F4	65	80	
275	59.590625	G#3	56	51	278	51.000000	G#3	56	80	
276	59.868750	F#3	54	48	279	51.250000	F#3	54	80	
277	60.182292	G#3	56	45	281	51.500000	G#3	56	80	
278	60.185417	C#5	73	56	280	51.500000	C#5	73	80	
279	60.485417	B4	71	61	282	51.750000	B4	71	80	
280	60.842708	F#3	54	45	285	52.000000	F#3	54	80	
281	60.852083	F#2	42	35	286	52.000000	F#2	42	80	
282	60.855208	F#4	66	52	284	52.000000	F#4	66	80	
283	60.861458	Bb4	70	59	283	52.000000	Bb4	70	80	
284	62.065625	Bb3	58	52	287	53.000000	Bb3	58	80	
285	63.226042	Eb4	63	63	288	54.000000	Eb4	63	80	
286	63.804167	F#5	78	60	289	54.500000	F#5	78	80	
287	64.076042	E5	76	65	290	54.750000	E5	76	80	
288	64.343750	Eb5	75	66	291	55.000000	Eb5	75	80	
289	64.361458	B3	59	63	292	55.000000	B3	59	80	
290	64.619792	E5	76	72	293	55.250000	E5	76	80	
291	64.876042	F#5	78	69	294	55.500000	F#5	78	80	
292	65.151042	Eb5	75	69	295	55.750000	Eb5	75	80	
293	65.423958	G#3	56	67	297	56.000000	G#3	56	80	
294	65.432292	B4	71	61	296	56.000000	B4	71	80	
295	65.700000	C#5	73	71	298	56.250000	C#5	73	80	
296	65.962500	Eb5	75	68	299	56.500000	Eb5	75	80	
297	66.229167	B4	71	65	300	56.750000	B4	71	80	
298	66.504167	F4	65	64	302	57.000000	F4	65	80	
299	66.534375	G#4	68	61	301	57.000000	G#4	68	80	
300	66.792708	Bb4	70	64	303	57.250000	Bb4	70	80	
301	67.075000	B4	71	64	304	57.500000	B4	71	80	
302	67.613542	F#4	66	65	305	58.000000	F#4	66	80	
303	67.890625	G#4	68	61	306	58.250000	G#4	68	80	
304	68.160417	Bb4	70	65	307	58.500000	Bb4	70	80	
305	68.414583	B4	71	62	308	58.750000	B4	71	80	
306	68.680208	C#5	73	68	309	59.000000	C#5	73	80	
307	68.952083	E4	64	52	310	59.250000	E4	64	80	
308	69.216667	Eb4	63	51	311	59.500000	Eb4	63	80	
309	69.464583	C#4	61	48	312	59.750000	C#4	61	80	
310	69.755208	Eb4	63	57	313	60.000000	Eb4	63	80	
311	70.012500	F#4	66	49	314	60.250000	F#4	66	80	
312	70.282292	B3	59	57	316	60.500000	B3	59	80	
313	70.285417	G#4	68	55	315	60.500000	G#4	68	80	
314	70.533333	Bb3	58	59	318	60.750000	Bb3	58	80	
315	70.540625	Bb4	70	62	317	60.750000	Bb4	70	80	
316	70.807292	G#3	56	57	320	61.000000	G#3	56	80	
317	70.813542	B4	71	59	319	61.000000	B4	71	80	
318	71.071875	Bb3	58	58	321	61.250000	Bb3	58	80	
319	71.355208	Eb4	63	53	322	61.500000	Eb4	63	80	
320	71.364583	B3	59	49	323	61.500000	B3	59	80	
321	71.609375	G#3	56	50	324	61.750000	G#3	56	80	
322	71.886458	E3	52	44	326	62.000000	E3	52	80	
323	71.906250	C#4	61	49	325	62.000000	C#4	61	80	
324	72.155208	Eb4	63	53	327	62.250000	Eb4	63	80	
325	72.161458	F#3	54	42	328	62.250000	F#3	54	80	
326	72.409375	G#3	56	49	330	62.500000	G#3	56	80	
327	72.428125	E4	64	51	329	62.500000	E4	64	80	
328	72.679167	E3	52	40	331	62.750000	E3	52	80	
329	72.954167	C#3	49	42	333	63.000000	C#3	49	80	
330	72.975000	Bb4	70	51	332	63.000000	Bb4	70	80	
331	73.202083	Eb3	51	47	335	63.250000	Eb3	51	80	
332	73.215625	B4	71	55	334	63.250000	B4	71	80	
333	73.479167	E3	52	40	338	63.500000	E3	52	80	
334	73.488542	C#5	73	57	336	63.500000	C#5	73	80	
335	73.493750	Bb3	58	38	337	63.500000	Bb3	58	80	
336	73.744792	Bb4	70	62	339	63.750000	Bb4	70	80	
337	74.042708	F#4	66	43	340	64.000000	F#4	66	80	
338	74.065625	B3	59	43	341	64.000000	B3	59	80	
339	74.352083	C#3	49	39	342	64.250000	C#3	49	80	
340	74.596875	B5	83	69	343	64.500000	B5	83	80	
341	74.617708	Eb3	51	42	344	64.500000	Eb3	51	80	
342	74.861458	Bb5	82	79	345	64.750000	Bb5	82	80	
343	75.127083	G#5	80	76	346	65.000000	G#5	80	80	
344	75.128125	E3	52	43	347	65.000000	E3	52	80	
345	75.382292	Bb5	82	80	348	65.250000	Bb5	82	80	
346	75.648958	B5	83	70	349	65.500000	B5	83	80	
347	75.659375	B2	47	36	350	65.500000	B2	47	80	
348	75.908333	G#5	80	77	351	65.750000	G#5	80	80	
349	76.172917	C#3	49	42	353	66.000000	C#3	49	80	
350	76.187500	E5	76	67	352	66.000000	E5	76	80	
351	76.441667	F#5	78	72	354	66.250000	F#5	78	80	
352	76.460417	Eb3	51	41	355	66.250000	Eb3	51	80	
353	76.691667	G#5	80	69	356	66.500000	G#5	80	80	
354	76.695833	E3	52	44	357	66.500000	E3	52	80	
355	76.942708	C#3	49	49	359	66.750000	C#3	49	80	
356	76.946875	E5	76	56	358	66.750000	E5	76	80	
357	77.231250	C#5	73	59	360	67.000000	C#5	73	80	
358	77.236458	F#3	54	42	361	67.000000	F#3	54	80	
359	77.506250	Eb5	75	64	362	67.250000	Eb5	75	80	
360	77.522917	Bb3	58	41	363	67.250000	Bb3	58	80	
361	77.776042	E5	76	65	364	67.500000	E5	76	80	
362	77.793750	G#3	56	40	365	67.500000	G#3	56	80	
363	78.045833	Bb3	58	48	366	67.750000	Bb3	58	80	
364	78.384375	B3	59	59	367	68.000000	B3	59	80	
365	78.393750	B2	47	41	369	68.000000	B2	47	80	
366	78.693750	F#3	54	48	370	68.250000	F#3	54	80	
367	78.980208	Eb5	75	70	371	68.500000	Eb5	75	80	
368	78.982292	B3	59	51	372	68.500000	B3	59	80	
369	79.219792	C#5	73	69	373	68.750000	C#5	73	80	
370	79.255208	Bb3	58	43	374	68.750000	Bb3	58	80	
371	79.489583	Eb4	63	74	376	69.000000	Eb4	63	80	
372	79.496875	G#3	56	47	377	69.000000	G#3	56	80	
373	79.512500	B4	71	63	375	69.000000	B4	71	80	
374	79.758333	Bb3	58	41	378	69.250000	Bb3	58	80	
375	80.037500	B3	59	52	379	69.500000	B3	59	80	
376	80.267708	G#3	56	54	380	69.750000	G#3	56	80	
377	80.533333	G#4	68	77	381	70.000000	G#4	68	80	
378	80.540625	E3	52	45	382	70.000000	E3	52	80	
379	80.826042	B2	47	35	383	70.250000	B2	47	80	
380	81.065625	C#5	73	69	384	70.500000	C#5	73	80	
381	81.072917	E3	52	47	385	70.500000	E3	52	80	
382	81.317708	Eb3	51	49	387	70.750000	Eb3	51	80	
383	81.317708	B4	71	67	386	70.750000	B4	71	80	
384	81.589583	C#3	49	38	390	71.000000	C#3	49	80	
385	81.595833	E4	64	73	389	71.000000	E4	64	80	
386	81.610417	Bb4	70	70	388	71.000000	Bb4	70	80	
387	81.868750	Eb3	51	28	391	71.250000	Eb3	51	80	
388	82.121875	E3	52	34	393	71.500000	E3	52	80	
389	82.135417	G#4	68	71	392	71.500000	G#4	68	80	
390	82.359375	C#3	49	44	394	71.750000	C#3	49	80	
391	82.636458	Bb2	46	46	397	72.000000	Bb2	46	80	
392	82.645833	C#4	61	73	396	72.000000	C#4	61	80	
393	82.653125	G4	67	55	395	72.000000	G4	67	80	
394	82.918750	B2	47	33	398	72.250000	B2	47	80	
395	83.177083	C#3	49	40	400	72.500000	C#3	49	80	
396	83.185417	E4	64	64	399	72.500000	E4	64	80	
397	83.431250	Bb2	46	39	401	72.750000	Bb2	46	80	
398	83.709375	G2	43	43	404	73.000000	G2	43	80	
399	83.718750	Bb4	70	77	402	73.000000	Bb4	70	80	
400	83.732292	Eb4	63	61	403	73.000000	Eb4	63	80	
401	83.991667	G#2	44	44	405	73.250000	G#2	44	80	
402	84.282292	Bb2	46	41	408	73.500000	Bb2	46	80	
403	84.289583	G#4	68	53	406	73.500000	G#4	68	80	
404	84.301042	C#4	61	40	407	73.500000	C#4	61	80	
405	84.557292	G4	67	58	409	73.750000	G4	67	80	
406	84.857292	B4	71	69	411	74.000000	B4	71	80	
407	84.870833	G#4	68	55	410	74.000000	G#4	68	80	
408	84.885417	Eb4	63	47	412	74.000000	Eb4	63	80	
409	85.130208	G#2	44	41	413	74.250000	G#2	44	80	
410	85.422917	Bb2	46	40	414	74.500000	Bb2	46	80	
411	85.675000	B2	47	43	415	74.750000	B2	47	80	
412	85.943750	C#3	49	40	417	75.000000	C#3	49	80	
413	85.956250	E4	64	51	416	75.000000	E4	64	80	
414	86.227083	B4	71	58	418	75.250000	B4	71	80	
415	86.492708	Bb4	70	70	419	75.500000	Bb4	70	80	
416	86.745833	G#4	68	69	420	75.750000	G#4	68	80	
417	87.016667	F#4	66	59	421	76.000000	F#4	66	80	
418	87.042708	Eb4	63	38	422	76.000000	Eb4	63	80	
419	87.290625	C#4	61	43	423	76.250000	C#4	61	80	
420	87.295833	F#2	42	44	424	76.250000	F#2	42	80	
421	87.565625	B3	59	50	425	76.500000	B3	59	80	
422	87.571875	G#2	44	39	426	76.500000	G#2	44	80	
423	87.805208	Bb2	46	42	428	76.750000	Bb2	46	80	
424	87.837500	C#4	61	48	427	76.750000	C#4	61	80	
425	88.101042	B2	47	30	430	77.000000	B2	47	80	
426	88.109375	D4	62	48	429	77.000000	D4	62	80	
427	88.372917	A4	69	56	431	77.250000	A4	69	80	
428	88.637500	G#4	68	66	432	77.500000	G#4	68	80	
429	88.900000	F#4	66	64	433	77.750000	F#4	66	80	
430	89.176042	F4	65	59	434	78.000000	F4	65	80	
431	89.189583	C#4	61	51	435	78.000000	C#4	61	80	
432	89.419792	Bb2	46	48	437	78.250000	Bb2	46	80	
433	89.448958	F#4	66	60	436	78.250000	F#4	66	80	
434	89.706250	G#4	68	65	438	78.500000	G#4	68	80	
435	89.716667	B2	47	50	439	78.500000	B2	47	80	
436	89.956250	F4	65	67	440	78.750000	F4	65	80	
437	89.968750	C#3	49	51	441	78.750000	C#3	49	80	
438	90.233333	F#4	66	71	442	79.000000	F#4	66	80	
439	90.234375	Eb3	51	45	443	79.000000	Eb3	51	80	
440	90.520833	B3	59	53	444	79.250000	B3	59	80	
441	90.793750	Bb3	58	56	445	79.500000	Bb3	58	80	
442	90.803125	C#3	49	31	446	79.500000	C#3	49	80	
443	91.076042	B3	59	49	447	79.750000	B3	59	80	
444	91.341667	B2	47	42	449	80.000000	B2	47	80	
445	91.351042	G#3	56	58	448	80.000000	G#3	56	80	
446	91.601042	G#2	44	37	450	80.250000	G#2	44	80	
447	91.898958	Bb2	46	30	451	80.500000	Bb2	46	80	
448	92.155208	B2	47	34	452	80.750000	B2	47	80	
449	92.470833	F4	65	52	453	81.000000	F4	65	80	
450	92.484375	C#3	49	32	454	81.000000	C#3	49	80	
451	92.783333	G#3	56	37	455	81.250000	G#3	56	80	
452	93.061458	Bb3	58	36	456	81.500000	Bb3	58	80	
453	93.089583	B2	47	18	457	81.500000	B2	47	80	
454	93.357292	B3	59	44	458	81.750000	B3	59	80	
455	93.704167	F#4	66	53	459	82.000000	F#4	66	80	
456	93.719792	C#4	61	39	461	82.000000	C#4	61	80	
457	93.989583	B2	47	32	462	82.250000	B2	47	80	
458	94.259375	Bb2	46	27	463	82.500000	Bb2	46	80	
459	94.528125	G#2	44	26	464	82.750000	G#2	44	80	
460	94.814583	Bb4	70	61	465	83.000000	Bb4	70	80	
461	94.820833	F#2	42	32	466	83.000000	F#2	42	80	
462	95.100000	E4	64	47	467	83.250000	E4	64	80	
463	95.367708	Eb4	63	47	468	83.500000	Eb4	63	80	
464	95.640625	C#4	61	46	469	83.750000	C#4	61	80	
465	95.915625	Eb5	75	70	470	84.000000	Eb5	75	80	
466	95.923958	B3	59	37	471	84.000000	B3	59	80	
467	96.194792	Eb3	51	36	472	84.250000	Eb3	51	80	
468	96.446875	F3	53	38	474	84.500000	F3	53	80	
469	96.447917	B4	71	58	473	84.500000	B4	71	80	
470	96.707292	Bb4	70	60	475	84.750000	Bb4	70	80	
471	96.711458	G3	55	42	476	84.750000	G3	55	80	
472	96.997917	B4	71	71	477	85.000000	B4	71	80	
473	97.026042	G#4	68	46	478	85.000000	G#4	68	80	
474	97.030208	G#3	56	40	479	85.000000	G#3	56	80	
475	97.265625	Bb4	70	64	480	85.250000	Bb4	70	80	
476	97.293750	G3	55	41	481	85.250000	G3	55	80	
477	97.527083	B4	71	58	482	85.500000	B4	71	80	
478	97.554167	G#3	56	41	483	85.500000	G#3	56	80	
479	97.776042	G#4	68	56	484	85.750000	G#4	68	80	
480	98.051042	G#4	68	72	485	86.000000	G#4	68	80	
481	98.067708	F4	65	48	486	86.000000	F4	65	80	
482	98.315625	F#4	66	58	487	86.250000	F#4	66	80	
483	98.593750	G#4	68	54	488	86.500000	G#4	68	80	
484	98.604167	G#3	56	36	490	86.500000	G#3	56	80	
485	98.613542	B3	59	28	489	86.500000	B3	59	80	
486	98.826042	F4	65	52	491	86.750000	F4	65	80	
487	99.120833	F5	77	79	492	87.000000	F5	77	80	
488	99.125000	Bb3	58	38	494	87.000000	Bb3	58	80	
489	99.137500	D4	62	38	493	87.000000	D4	62	80	
490	99.395833	Eb4	63	60	495	87.250000	Eb4	63	80	
491	99.686458	D3	50	34	497	87.500000	D3	50	80	
492	99.688542	F4	65	56	496	87.500000	F4	65	80	
493	99.945833	G#3	56	40	498	87.750000	G#3	56	80	
494	100.245833	Eb3	51	36	501	88.000000	Eb3	51	80	
495	100.254167	F#5	78	74	499	88.000000	F#5	78	80	
496	100.270833	F#3	54	29	500	88.000000	F#3	54	80	
497	100.546875	Eb4	63	41	502	88.250000	Eb4	63	80	
498	100.795833	F4	65	46	503	88.500000	F4	65	80	
499	101.046875	F#4	66	67	504	88.750000	F#4	66	80	
500	101.335417	G#4	68	70	505	89.000000	G#4	68	80	
501	101.579167	F5	77	64	506	89.250000	F5	77	80	
502	101.845833	F#5	78	68	507	89.500000	F#5	78	80	
503	102.110417	G#5	80	85	508	89.750000	G#5	80	80	
504	102.389583	Bb5	82	84	509	90.000000	Bb5	82	80	
505	102.654167	F#4	66	62	510	90.250000	F#4	66	80	
506	102.935417	G#4	68	78	511	90.500000	G#4	68	80	
507	103.202083	Bb4	70	80	512	90.750000	Bb4	70	80	
508	103.479167	B4	71	78	513	91.000000	B4	71	80	
509	103.739583	Bb5	82	76	514	91.250000	Bb5	82	80	
510	104.009375	G#5	80	76	515	91.500000	G#5	80	80	
511	104.264583	F#5	78	75	516	91.750000	F#5	78	80	
512	104.536458	F5	77	66	517	92.000000	F5	77	80	
513	104.801042	B4	71	63	518	92.250000	B4	71	80	
514	105.080208	Bb4	70	57	520	92.500000	Bb4	70	80	
515	105.080208	G5	79	67	519	92.500000	G5	79	80	
516	105.337500	G#5	80	69	521	92.750000	G#5	80	80	
517	105.345833	G#4	68	49	522	92.750000	G#4	68	80	
518	105.606250	G5	79	66	523	93.000000	G5	79	80	
519	105.614583	Bb4	70	51	524	93.000000	Bb4	70	80	
520	105.871875	G#5	80	72	525	93.250000	G#5	80	80	
521	105.873958	B4	71	48	526	93.250000	B4	71	80	
522	106.138542	Bb5	82	66	527	93.500000	Bb5	82	80	
523	106.139583	C#5	73	57	528	93.500000	C#5	73	80	
524	106.391667	G5	79	69	529	93.750000	G5	79	80	
525	106.678125	G#2	44	56	531	94.000000	G#2	44	80	
526	106.690625	Eb5	75	67	530	94.000000	Eb5	75	80	
527	106.957292	C#5	73	57	532	94.250000	C#5	73	80	
528	107.208333	B4	71	58	533	94.500000	B4	71	80	
529	107.476042	Bb4	70	61	534	94.750000	Bb4	70	80	
530	107.741667	B2	47	59	536	95.000000	B2	47	80	
531	107.786458	G#4	68	45	535	95.000000	G#4	68	80	
532	108.037500	Bb4	70	60	537	95.250000	Bb4	70	80	
533	108.287500	B4	71	67	538	95.500000	B4	71	80	
534	108.548958	G#4	68	66	539	95.750000	G#4	68	80	
535	108.790625	E3	52	67	541	96.000000	E3	52	80	
536	108.798958	C#4	61	43	540	96.000000	C#4	61	80	
537	109.073958	C4	60	57	542	96.250000	C4	60	80	
538	109.340625	G#5	80	62	543	96.500000	G#5	80	80	
539	109.344792	C#4	61	59	544	96.500000	C#4	61	80	
540	109.605208	F#5	78	71	545	96.750000	F#5	78	80	
541	109.875000	C#3	49	71	547	97.000000	C#3	49	80	
542	109.891667	E5	76	67	546	97.000000	E5	76	80	
543	110.146875	F#5	78	75	548	97.250000	F#5	78	80	
544	110.408333	G#5	80	73	549	97.500000	G#5	80	80	
545	110.423958	G#4	68	56	550	97.500000	G#4	68	80	
546	110.679167	E5	76	69	551	97.750000	E5	76	80	
547	110.938542	Bb2	46	62	553	98.000000	Bb2	46	80	
548	110.954167	C#5	73	64	552	98.000000	C#5	73	80	
549	111.218750	Eb5	75	65	554	98.250000	Eb5	75	80	
550	111.477083	E5	76	61	555	98.500000	E5	76	80	
551	111.508333	G4	67	43	556	98.500000	G4	67	80	
552	111.750000	C#5	73	61	557	98.750000	C#5	73	80	
553	112.011458	G3	55	68	559	99.000000	G3	55	80	
554	112.033333	Bb4	70	61	558	99.000000	Bb4	70	80	
555	112.292708	B4	71	64	560	99.250000	B4	71	80	
556	112.572917	C#5	73	61	561	99.500000	C#5	73	80	
557	112.835417	Bb4	70	56	562	99.750000	Bb4	70	80	
558	113.130208	G#3	56	69	564	100.000000	G#3	56	80	
559	113.142708	Eb4	63	49	563	100.000000	Eb4	63	80	
560	113.438542	Bb4	70	69	565	100.250000	Bb4	70	80	
561	113.700000	B4	71	74	566	100.500000	B4	71	80	
562	113.955208	F#4	66	55	567	100.750000	F#4	66	80	
563	114.236458	F4	65	46	568	101.000000	F4	65	80	
564	114.482292	F#3	54	42	570	101.250000	F#3	54	80	
565	114.489583	G#4	68	53	569	101.250000	G#4	68	80	
566	114.764583	C#4	61	48	571	101.500000	C#4	61	80	
567	114.777083	F3	53	44	572	101.500000	F3	53	80	
568	115.012500	B4	71	62	573	101.750000	B4	71	80	
569	115.023958	G#3	56	53	574	101.750000	G#3	56	80	
570	115.292708	F#3	54	49	575	102.000000	F#3	54	80	
571	115.308333	B4	71	64	*	-1	*	-1	-1	
572	115.555208	G#4	68	67	576	102.250000	G#4	68	80	
573	115.812500	Bb4	70	68	577	102.500000	Bb4	70	80	
574	116.102083	E4	64	43	578	102.750000	E4	64	80	
575	116.367708	Eb4	63	51	579	103.000000	Eb4	63	80	
576	116.621875	F#4	66	48	580	103.250000	F#4	66	80	
577	116.626042	E3	52	39	581	103.250000	E3	52	80	
578	116.903125	Eb3	51	51	583	103.500000	Eb3	51	80	
579	116.928125	B3	59	50	582	103.500000	B3	59	80	
580	117.165625	A4	69	56	584	103.750000	A4	69	80	
581	117.167708	F#3	54	45	585	103.750000	F#3	54	80	
582	117.476042	E3	52	62	586	104.000000	E3	52	80	
583	117.486458	A4	69	57	587	104.000000	E3	52	80	
584	117.730208	G4	67	58	588	104.250000	G4	67	80	
585	117.998958	G#4	68	69	589	104.500000	G#4	68	80	
586	118.261458	Eb3	51	44	591	104.750000	Eb3	51	80	
587	118.273958	C4	60	44	590	104.750000	C4	60	80	
588	118.534375	G#3	56	80	593	105.000000	G#3	56	80	
589	118.544792	C#3	49	52	594	105.000000	C#3	49	80	
590	118.554167	E4	64	58	592	105.000000	E4	64	80	
591	118.802083	Eb3	51	49	596	105.250000	Eb3	51	80	
592	118.808333	C5	72	64	595	105.250000	C5	72	80	
593	119.085417	E3	52	52	598	105.500000	E3	52	80	
594	119.086458	C#5	73	69	597	105.500000	C#5	73	80	
595	119.334375	F4	65	61	599	105.750000	F4	65	80	
596	119.338542	C#3	49	47	600	105.750000	C#3	49	80	
597	119.646875	C#4	61	78	602	106.000000	C#4	61	80	
598	119.647917	A2	45	61	603	106.000000	A2	45	80	
599	119.660417	F#4	66	55	601	106.000000	F#4	66	80	
600	119.931250	C#3	49	40	604	106.250000	C#3	49	80	
601	120.201042	A4	69	64	606	106.500000	A4	69	80	
602	120.211458	F#3	54	43	607	106.500000	F#3	54	80	
603	120.219792	C#5	73	60	605	106.500000	C#5	73	80	
604	120.476042	G#4	68	75	608	106.750000	G#4	68	80	
605	120.747917	A3	57	77	611	107.000000	A3	57	80	
606	120.747917	Eb5	75	71	609	107.000000	Eb5	75	80	
607	120.762500	F#4	66	60	610	107.000000	F#4	66	80	
608	121.005208	G#4	68	72	612	107.250000	G#4	68	80	
609	121.270833	A4	69	58	613	107.500000	A4	69	80	
610	121.282292	C3	48	58	614	107.500000	C3	48	80	
611	121.545833	F#4	66	53	615	107.750000	F#4	66	80	
612	121.817708	F#3	54	77	617	108.000000	F#3	54	80	
613	121.832292	Eb4	63	60	616	108.000000	Eb4	63	80	
614	122.093750	E4	64	52	618	108.250000	E4	64	80	
615	122.107292	C#3	49	52	619	108.250000	C#3	49	80	
616	122.347917	Eb3	51	46	622	108.500000	Eb3	51	80	
617	122.367708	A4	69	62	620	108.500000	A4	69	80	
618	122.377083	F#4	66	54	621	108.500000	F#4	66	80	
619	122.629167	Eb4	63	59	623	108.750000	Eb4	63	80	
620	122.636458	C3	48	50	624	108.750000	C3	48	80	
621	122.910417	G#2	44	52	627	109.000000	G#2	44	80	
622	122.918750	Eb4	63	79	626	109.000000	Eb4	63	80	
623	122.958333	C4	60	50	625	109.000000	C4	60	80	
624	123.172917	Bb2	46	42	629	109.250000	Bb2	46	80	
625	123.181250	C#4	61	57	628	109.250000	C#4	61	80	
626	123.466667	Eb4	63	43	631	109.500000	Eb4	63	80	
627	123.478125	G#4	68	66	630	109.500000	G#4	68	80	
628	123.479167	C3	48	39	632	109.500000	C3	48	80	
629	123.730208	F#4	66	70	633	109.750000	F#4	66	80	
630	123.733333	G#2	44	46	634	109.750000	G#2	44	80	
631	124.028125	C#3	49	51	637	110.000000	C#3	49	80	
632	124.034375	E4	64	78	635	110.000000	E4	64	80	
633	124.286458	Eb3	51	40	638	110.250000	Eb3	51	80	
634	124.571875	G#4	68	60	639	110.500000	G#4	68	80	
635	124.576042	C#4	61	49	640	110.500000	C#4	61	80	
636	124.590625	E3	52	39	641	110.500000	E3	52	80	
637	124.823958	C#3	49	39	642	110.750000	C#3	49	80	
638	125.119792	C#5	73	75	643	111.000000	C#5	73	80	
639	125.123958	A2	45	40	644	111.000000	A2	45	80	
640	125.392708	B2	47	43	645	111.250000	B2	47	80	
641	125.647917	E4	64	74	646	111.500000	E4	64	80	
642	125.660417	C#3	49	51	648	111.500000	C#3	49	80	
643	125.668750	C#4	61	56	647	111.500000	C#4	61	80	
644	125.919792	A2	45	39	649	111.750000	A2	45	80	
645	126.193750	A4	69	77	650	112.000000	A4	69	80	
646	126.195833	F#4	66	63	651	112.000000	F#4	66	80	
647	126.196875	F#2	42	45	652	112.000000	F#2	42	80	
648	126.466667	G#2	44	65	653	112.250000	G#2	44	80	
649	126.715625	F#5	78	80	654	112.500000	F#5	78	80	
650	126.734375	A2	45	57	655	112.500000	A2	45	80	
651	126.972917	F#2	42	54	657	112.750000	F#2	42	80	
652	126.979167	E5	76	81	656	112.750000	E5	76	80	
653	127.256250	Eb2	39	50	659	113.000000	Eb2	39	80	
654	127.257292	F#5	78	85	658	113.000000	F#5	78	80	
655	127.494792	E2	40	66	660	113.250000	E2	40	80	
656	127.760417	F#2	42	63	664	113.500000	F#2	42	80	
657	127.767708	Eb5	75	78	661	113.500000	Eb5	75	80	
658	127.770833	F#4	66	66	663	113.500000	F#4	66	80	
659	127.775000	A4	69	67	662	113.500000	A4	69	80	
660	128.021875	Eb2	39	63	665	113.750000	Eb2	39	80	
661	128.307292	B4	71	76	666	114.000000	B4	71	80	
662	128.315625	Eb4	63	69	667	114.000000	Eb4	63	80	
663	128.323958	G#2	44	60	668	114.000000	G#2	44	80	
664	128.571875	F#2	42	53	669	114.250000	F#2	42	80	
665	128.831250	C#5	73	75	670	114.500000	C#5	73	80	
666	128.845833	E4	64	60	672	114.500000	E4	64	80	
667	128.848958	G#4	68	57	671	114.500000	G#4	68	80	
668	128.852083	E2	40	47	673	114.500000	E2	40	80	
669	129.073958	F#2	42	47	676	114.750000	F#2	42	80	
670	129.087500	A4	69	81	675	114.750000	A4	69	80	
671	129.088542	Eb5	75	78	674	114.750000	Eb5	75	80	
672	129.362500	G#2	44	48	679	115.000000	G#2	44	80	
673	129.377083	E5	76	79	677	115.000000	E5	76	80	
674	129.382292	B4	71	80	678	115.000000	B4	71	80	
675	129.629167	F#2	42	47	680	115.250000	F#2	42	80	
676	129.918750	G#2	44	53	684	115.500000	G#2	44	80	
677	129.928125	A4	69	79	681	115.500000	A4	69	80	
678	129.941667	C#4	61	50	683	115.500000	C#4	61	80	
679	129.947917	F#4	66	56	682	115.500000	F#4	66	80	
680	130.201042	A2	45	62	685	115.750000	A2	45	80	
681	130.602083	G#4	68	76	686	116.000000	G#4	68	80	
682	130.614583	B3	59	52	687	116.000000	B3	59	80	
683	130.616667	B2	47	45	688	116.000000	B2	47	80	
684	130.933333	Eb4	63	40	689	116.250000	Eb4	63	80	
685	131.231250	E4	64	43	690	116.500000	E4	64	80	
686	131.489583	A4	69	67	691	116.750000	G#4	68	80	
687	131.777083	F#4	66	60	692	117.000000	F#4	66	80	
688	132.061458	C#4	61	43	693	117.250000	C#4	61	80	
689	132.398958	Eb4	63	46	694	117.500000	Eb4	63	80	
690	132.705208	A3	57	42	695	117.750000	A3	57	80	
691	133.222917	E4	64	55	696	118.000000	E4	64	80	
692	133.240625	G#3	56	37	698	118.000000	G#3	56	80	
693	133.260417	E3	52	31	699	118.000000	E3	52	80	
694	133.595833	B4	71	53	700	118.250000	B4	71	80	
695	133.879167	E5	76	54	701	118.500000	E5	76	80	
696	134.413542	B3	59	47	702	119.000000	B3	59	80	
697	134.669792	C#5	73	55	703	119.250000	C#5	73	80	
698	134.939583	B5	83	59	704	119.500000	B5	83	80	
699	134.945833	Eb5	75	49	705	119.500000	Eb5	75	80	
700	135.191667	A5	81	69	706	119.750000	A5	81	80	
701	135.458333	G#5	80	68	707	120.000000	G#5	80	80	
702	135.468750	E4	64	58	708	120.000000	E4	64	80	
703	135.717708	A5	81	68	709	120.250000	A5	81	80	
704	135.962500	G#4	68	50	711	120.500000	G#4	68	80	
705	135.970833	B5	83	68	710	120.500000	B5	83	80	
706	136.206250	G#5	80	78	712	120.750000	G#5	80	80	
707	136.478125	C#4	61	59	714	121.000000	C#4	61	80	
708	136.486458	E5	76	64	713	121.000000	E5	76	80	
709	136.754167	F#5	78	72	715	121.250000	F#5	78	80	
710	137.005208	E4	64	40	717	121.500000	E4	64	80	
711	137.010417	G#5	80	68	716	121.500000	G#5	80	80	
712	137.266667	E5	76	56	718	121.750000	E5	76	80	
713	137.536458	Bb3	58	51	720	122.000000	Bb3	58	80	
714	137.544792	C#5	73	58	719	122.000000	C#5	73	80	
715	137.817708	Eb5	75	65	721	122.250000	Eb5	75	80	
716	138.080208	C#5	73	69	723	122.500000	C#5	73	80	
717	138.086458	E5	76	58	722	122.500000	E5	76	80	
718	138.340625	B4	71	67	724	122.750000	B4	71	80	
719	138.596875	Bb4	70	62	725	123.000000	Bb4	70	80	
720	138.605208	G4	67	69	726	123.000000	G4	67	80	
721	138.867708	B4	71	64	727	123.250000	B4	71	80	
722	139.127083	Eb5	75	56	728	123.500000	Eb5	75	80	
723	139.140625	C#5	73	54	729	123.500000	C#5	73	80	
724	139.381250	Bb4	70	65	730	123.750000	Bb4	70	80	
725	139.654167	G#4	68	54	732	124.000000	G#4	68	80	
726	139.660417	B4	71	60	731	124.000000	B4	71	80	
727	139.901042	F#4	66	42	733	124.250000	F#4	66	80	
728	140.142708	G#5	80	75	734	124.500000	G#5	80	80	
729	140.170833	F4	65	40	735	124.500000	F4	65	80	
730	140.408333	Eb4	63	40	736	124.750000	Eb4	63	80	
731	140.667708	D4	62	38	738	125.000000	D4	62	80	
732	140.683333	Bb4	70	42	737	125.000000	Bb4	70	80	
733	140.927083	Eb4	63	33	740	125.250000	Eb4	63	80	
734	140.931250	F#5	78	62	739	125.250000	F#5	78	80	
735	141.219792	G#5	80	67	741	125.500000	G#5	80	80	
736	141.222917	F4	65	32	742	125.500000	F4	65	80	
737	141.480208	D4	62	32	743	125.750000	D4	62	80	
738	141.767708	F#5	78	60	744	126.000000	F#5	78	80	
739	141.768750	Eb4	63	37	745	126.000000	Eb4	63	80	
740	142.033333	E5	76	61	746	126.250000	E5	76	80	
741	142.289583	Eb5	75	70	747	126.500000	Eb5	75	80	
742	142.531250	C#5	73	73	748	126.750000	C#5	73	80	
743	142.795833	C5	72	70	749	127.000000	C5	72	80	
744	143.039583	E4	64	60	751	127.250000	E4	64	80	
745	143.043750	C#5	73	68	750	127.250000	C#5	73	80	
746	143.295833	F#4	66	62	753	127.500000	F#4	66	80	
747	143.307292	Eb5	75	67	752	127.500000	Eb5	75	80	
748	143.543750	Eb4	63	58	755	127.750000	Eb4	63	80	
749	143.543750	C5	72	68	754	127.750000	C5	72	80	
750	143.804167	G#4	68	70	756	128.000000	G#4	68	80	
751	143.823958	E4	64	56	757	128.000000	E4	64	80	
752	144.055208	Eb4	63	60	758	128.250000	Eb4	63	80	
753	144.323958	E5	76	72	759	128.500000	E5	76	80	
754	144.332292	C#4	61	51	760	128.500000	C#4	61	80	
755	144.591667	B3	59	48	761	128.750000	B3	59	80	
756	144.851042	G4	67	55	762	129.000000	G4	67	80	
757	144.865625	Bb3	58	45	763	129.000000	Bb3	58	80	
758	145.123958	B3	59	48	765	129.250000	B3	59	80	
759	145.123958	Eb5	75	62	764	129.250000	Eb5	75	80	
760	145.372917	E5	76	59	766	129.500000	E5	76	80	
761	145.379167	C#4	61	50	767	129.500000	C#4	61	80	
762	145.634375	Bb3	58	41	769	129.750000	Bb3	58	80	
763	145.657292	C#5	73	48	768	129.750000	C#5	73	80	
764	145.931250	B3	59	45	771	130.000000	B3	59	80	
765	145.932292	Eb5	75	63	770	130.000000	Eb5	75	80	
766	146.182292	C#5	73	55	772	130.250000	C#5	73	80	
767	146.427083	B4	71	62	773	130.500000	B4	71	80	
768	146.677083	Bb4	70	69	774	130.750000	Bb4	70	80	
769	146.928125	G#4	68	70	775	131.000000	G#4	68	80	
770	147.177083	C#4	61	57	777	131.250000	C#4	61	80	
771	147.182292	Bb4	70	70	776	131.250000	Bb4	70	80	
772	147.437500	Eb4	63	65	779	131.500000	Eb4	63	80	
773	147.439583	B4	71	68	778	131.500000	B4	71	80	
774	147.685417	B3	59	61	781	131.750000	B3	59	80	
775	147.688542	G#4	68	70	780	131.750000	G#4	68	80	
776	147.967708	C#4	61	61	783	132.000000	C#4	61	80	
777	147.969792	F4	65	57	782	132.000000	F4	65	80	
778	148.242708	B3	59	59	784	132.250000	B3	59	80	
779	148.467708	C#5	73	56	785	132.500000	C#5	73	80	
780	148.473958	Bb3	58	47	787	132.500000	Bb3	58	80	
781	148.477083	G4	67	46	786	132.500000	G4	67	80	
782	148.740625	G#4	68	57	788	132.750000	G#4	68	80	
783	148.741667	G#3	56	51	789	132.750000	G#3	56	80	
784	149.004167	Bb4	70	67	790	133.000000	Bb4	70	80	
785	149.023958	G3	55	44	791	133.000000	G3	55	80	
786	149.264583	G#3	56	51	793	133.250000	G#3	56	80	
787	149.272917	B4	71	51	792	133.250000	B4	71	80	
788	149.512500	C#5	73	58	794	133.500000	C#5	73	80	
789	149.525000	Bb3	58	37	795	133.500000	Bb3	58	80	
790	149.762500	Bb4	70	49	796	133.750000	Bb4	70	80	
791	149.769792	G3	55	41	797	133.750000	G3	55	80	
792	150.055208	B4	71	58	798	134.000000	B4	71	80	
793	150.057292	G#3	56	54	799	134.000000	G#3	56	80	
794	150.309375	G4	67	47	800	134.250000	G4	67	80	
795	150.576042	G#4	68	59	801	134.500000	G#4	68	80	
796	150.695833	F#3	54	47	802	134.625000	F#3	54	80	
797	150.805208	B4	71	64	803	134.750000	B4	71	80	
798	150.808333	E3	52	51	804	134.750000	E3	52	80	
799	150.934375	Eb3	51	54	805	134.875000	Eb3	51	80	
800	151.066667	C#3	49	51	807	135.000000	C#3	49	80	
801	151.075000	E5	76	78	806	135.000000	E5	76	80	
802	151.336458	G#4	68	67	808	135.250000	G#4	68	80	
803	151.337500	B3	59	64	809	135.250000	B3	59	80	
804	151.588542	Bb3	58	65	811	135.500000	Bb3	58	80	
805	151.594792	C#5	73	74	810	135.500000	C#5	73	80	
806	151.839583	E5	76	76	812	135.750000	E5	76	80	
807	151.840625	F#3	54	43	813	135.750000	F#3	54	80	
808	152.114583	Eb5	75	79	814	136.000000	Eb5	75	80	
809	152.125000	B3	59	53	815	136.000000	B3	59	80	
810	152.364583	Bb4	70	61	816	136.250000	Bb4	70	80	
811	152.614583	B4	71	65	817	136.500000	B4	71	80	
812	152.726042	Bb3	58	47	818	136.625000	Bb3	58	80	
813	152.820833	G#3	56	57	820	136.750000	G#3	56	80	
814	152.851042	Eb5	75	83	819	136.750000	Eb5	75	80	
815	152.932292	F#3	54	54	821	136.875000	F#3	54	80	
816	153.103125	E3	52	49	823	137.000000	E3	52	80	
817	153.112500	G#5	80	87	822	137.000000	G#5	80	80	
818	153.372917	B4	71	65	824	137.250000	B4	71	80	
819	153.375000	Eb4	63	72	825	137.250000	Eb4	63	80	
820	153.621875	E5	76	76	826	137.500000	E5	76	80	
821	153.632292	C#4	61	67	827	137.500000	C#4	61	80	
822	153.869792	Bb3	58	59	829	137.750000	Bb3	58	80	
823	153.879167	G#5	80	85	828	137.750000	G#5	80	80	
824	154.152083	F#5	78	83	830	138.000000	F#5	78	80	
825	154.163542	Eb4	63	61	831	138.000000	Eb4	63	80	
826	154.407292	C#5	73	65	832	138.250000	D5	74	80	
827	154.660417	Eb5	75	73	833	138.500000	Eb5	75	80	
828	154.754167	C#4	61	55	834	138.625000	C#4	61	80	
829	154.860417	B3	59	59	836	138.750000	B3	59	80	
830	154.898958	F#5	78	82	835	138.750000	F#5	78	80	
831	154.994792	Bb3	58	55	837	138.875000	Bb3	58	80	
832	155.159375	G#3	56	61	839	139.000000	G#3	56	80	
833	155.160417	B5	83	85	838	139.000000	B5	83	80	
834	155.408333	Eb5	75	68	840	139.250000	Eb5	75	80	
835	155.409375	F#4	66	56	841	139.250000	F#4	66	80	
836	155.672917	F4	65	46	843	139.500000	F4	65	80	
837	155.673958	G#5	80	72	842	139.500000	G#5	80	80	
838	155.920833	B5	83	75	844	139.750000	B5	83	80	
839	155.929167	C#4	61	44	845	139.750000	C#4	61	80	
840	156.196875	Bb5	82	83	846	140.000000	Bb5	82	80	
841	156.200000	F#4	66	48	847	140.000000	F#4	66	80	
842	156.452083	G#4	68	61	849	140.250000	G#4	68	80	
843	156.454167	F5	77	65	848	140.250000	F5	77	80	
844	156.696875	F#5	78	67	850	140.500000	F#5	78	80	
845	156.718750	Bb4	70	75	851	140.500000	Bb4	70	80	
846	156.947917	C#5	73	78	852	140.750000	C#5	73	80	
847	156.951042	F#4	66	60	853	140.750000	F#4	66	80	
848	157.187500	A5	81	74	854	141.000000	A5	81	80	
849	157.189583	Eb4	63	55	855	141.000000	Eb4	63	80	
850	157.207292	F#5	78	61	*	-1	*	-1	-1	
851	157.331250	G#5	80	65	856	141.125000	G#5	80	80	
852	157.436458	E4	64	47	858	141.250000	E4	64	80	
853	157.446875	F#5	78	68	857	141.250000	F#5	78	80	
854	157.551042	E5	76	65	859	141.375000	E5	76	80	
855	157.684375	F#4	66	43	861	141.500000	F#4	66	80	
856	157.690625	Eb5	75	64	860	141.500000	Eb5	75	80	
857	157.936458	Eb4	63	45	863	141.750000	Eb4	63	80	
858	157.940625	F#5	78	62	862	141.750000	F#5	78	80	
859	158.206250	G#5	80	66	864	142.000000	G#5	80	80	
860	158.232292	C4	60	36	865	142.000000	C4	60	80	
861	158.464583	E5	76	61	866	142.250000	E5	76	80	
862	158.481250	C#4	61	41	867	142.250000	C#4	61	80	
863	158.709375	F#5	78	62	868	142.500000	F#5	78	80	
864	158.730208	Eb4	63	39	869	142.500000	Eb4	63	80	
865	158.958333	Eb5	75	59	870	142.750000	Eb5	75	80	
866	158.981250	C4	60	38	871	142.750000	C4	60	80	
867	159.223958	C#4	61	40	873	143.000000	C#4	61	80	
868	159.228125	E5	76	56	872	143.000000	E5	76	80	
869	159.477083	C5	72	56	874	143.250000	C5	72	80	
870	159.478125	Eb4	63	45	875	143.250000	Eb4	63	80	
871	159.751042	E4	64	47	877	143.500000	E4	64	80	
872	159.761458	C#5	73	55	876	143.500000	C#5	73	80	
873	160.028125	E5	76	59	878	143.750000	E5	76	80	
874	160.308333	Bb4	70	59	879	144.000000	Bb4	70	80	
875	160.597917	G#5	80	67	880	144.250000	G#5	80	80	
876	160.612500	E4	64	40	881	144.250000	E4	64	80	
877	160.852083	F#5	78	77	882	144.500000	F#5	78	80	
878	160.855208	Eb4	63	44	883	144.500000	Eb4	63	80	
879	161.095833	C#4	61	50	885	144.750000	C#4	61	80	
880	161.095833	E5	76	72	884	144.750000	E5	76	80	
881	161.367708	B4	71	64	887	145.000000	B4	71	80	
882	161.371875	Eb5	75	70	886	145.000000	Eb5	75	80	
883	161.375000	B3	59	40	888	145.000000	B3	59	80	
884	161.625000	E5	76	69	889	145.250000	E5	76	80	
885	161.636458	C#4	61	48	890	145.250000	C#4	61	80	
886	161.887500	Eb4	63	41	892	145.500000	Eb4	63	80	
887	161.887500	F#5	78	69	891	145.500000	F#5	78	80	
888	162.135417	B3	59	46	894	145.750000	B3	59	80	
889	162.142708	Eb5	75	64	893	145.750000	Eb5	75	80	
890	162.414583	G#3	56	43	896	146.000000	G#3	56	80	
891	162.416667	E5	76	60	895	146.000000	E5	76	80	
892	162.663542	C#5	73	40	897	146.250000	C#5	73	80	
893	162.678125	Bb3	58	38	898	146.250000	Bb3	58	80	
894	162.942708	Eb5	75	58	899	146.500000	Eb5	75	80	
895	162.952083	B3	59	40	900	146.500000	B3	59	80	
896	163.211458	G#3	56	41	902	146.750000	G#3	56	80	
897	163.211458	B4	71	55	901	146.750000	B4	71	80	
898	163.467708	C#5	73	53	903	147.000000	C#5	73	80	
899	163.480208	Bb3	58	46	904	147.000000	Bb3	58	80	
900	163.727083	B3	59	64	906	147.250000	B3	59	80	
901	163.734375	G#4	68	53	905	147.250000	G#4	68	80	
902	163.994792	C#4	61	66	908	147.500000	C#4	61	80	
903	164.015625	Bb4	70	55	907	147.500000	Bb4	70	80	
904	164.261458	C#5	73	66	909	147.750000	C#5	73	80	
905	164.539583	B2	47	64	912	148.000000	B2	47	80	
906	164.555208	Eb5	75	67	910	148.000000	Eb5	75	80	
907	164.598958	F#4	66	42	911	148.000000	F#4	66	80	
908	164.827083	B3	59	59	913	148.250000	B3	59	80	
909	165.077083	B4	71	70	914	148.500000	B4	71	80	
910	165.081250	Bb3	58	63	915	148.500000	Bb3	58	80	
911	165.315625	G#3	56	73	916	148.750000	G#3	56	80	
912	165.581250	Eb3	51	63	919	149.000000	Eb3	51	80	
913	165.587500	Bb4	70	81	917	149.000000	Bb4	70	80	
914	165.605208	G3	55	63	918	149.000000	G3	55	80	
915	165.848958	G#3	56	68	920	149.250000	G#3	56	80	
916	166.107292	Bb3	58	58	922	149.500000	Bb3	58	80	
917	166.127083	C#5	73	80	921	149.500000	C#5	73	80	
918	166.356250	G3	55	59	923	149.750000	G3	55	80	
919	166.630208	G#3	56	77	925	150.000000	G#3	56	80	
920	166.632292	B4	71	78	924	150.000000	B4	71	80	
921	166.901042	B3	59	74	927	150.250000	B3	59	80	
922	167.163542	C#4	61	80	929	150.500000	C#4	61	80	
923	167.181250	G#4	68	79	928	150.500000	G#4	68	80	
924	167.419792	Eb4	63	74	931	150.750000	Eb4	63	80	
925	167.420833	G4	67	79	930	150.750000	G4	67	80	
926	167.697917	E3	52	80	934	151.000000	E3	52	80	
927	167.703125	E4	64	79	933	151.000000	E4	64	80	
928	167.718750	G#4	68	80	932	151.000000	G#4	68	80	
929	167.970833	B4	71	76	935	151.250000	B4	71	80	
930	168.241667	B3	59	58	937	151.500000	B3	59	80	
931	168.241667	E5	76	84	936	151.500000	E5	76	80	
932	168.503125	F#5	78	84	938	151.750000	F#5	78	80	
933	168.508333	B4	71	82	939	151.750000	B4	71	80	
934	168.802083	C#3	49	80	942	152.000000	C#3	49	80	
935	168.807292	E5	76	78	941	152.000000	E5	76	80	
936	168.810417	G#5	80	92	940	152.000000	G#5	80	80	
937	169.138542	G#3	56	76	943	152.250000	G#3	56	80	
938	169.394792	Bb3	58	71	944	152.500000	Bb3	58	80	
939	169.654167	B3	59	74	945	152.750000	B3	59	80	
940	169.917708	Bb3	58	79	947	153.000000	Bb3	58	80	
941	169.927083	C#4	61	77	946	153.000000	C#4	61	80	
942	170.183333	E5	76	74	949	153.250000	E5	76	80	
943	170.190625	G#5	80	72	948	153.250000	G#5	80	80	
944	170.464583	Eb5	75	83	951	153.500000	Eb5	75	80	
945	170.468750	F#4	66	72	952	153.500000	F#4	66	80	
946	170.479167	F#5	78	80	950	153.500000	F#5	78	80	
947	170.729167	E5	76	88	953	153.750000	E5	76	80	
948	170.731250	C#5	73	80	954	153.750000	C#5	73	80	
949	171.029167	B3	59	79	957	154.000000	B3	59	80	
950	171.033333	Eb5	75	82	955	154.000000	Eb5	75	80	
951	171.044792	B4	71	70	956	154.000000	B4	71	80	
952	171.353125	G#4	68	73	958	154.250000	G#4	68	80	
953	171.610417	F#4	66	61	959	154.500000	F#4	66	80	
954	171.892708	E4	64	71	960	154.750000	E4	64	80	
955	172.142708	Eb4	63	65	961	155.000000	Eb4	63	80	
956	172.395833	G4	67	52	962	155.250000	G4	67	80	
957	172.408333	C#4	61	56	963	155.250000	C#4	61	80	
958	172.666667	G#4	68	70	964	155.500000	G#4	68	80	
959	172.678125	B3	59	51	965	155.500000	B3	59	80	
960	172.918750	Bb3	58	54	967	155.750000	Bb3	58	80	
961	172.918750	Bb4	70	80	966	155.750000	Bb4	70	80	
962	173.173958	G#3	56	59	969	156.000000	G#3	56	80	
963	173.186458	B4	71	67	968	156.000000	B4	71	80	
964	173.434375	Bb4	70	72	970	156.250000	Bb4	70	80	
965	173.443750	E4	64	57	971	156.250000	E4	64	80	
966	173.698958	Eb4	63	51	973	156.500000	Eb4	63	80	
967	173.701042	C#5	73	63	972	156.500000	C#5	73	80	
968	173.963542	C#4	61	32	975	156.750000	C#4	61	80	
969	173.967708	G4	67	53	974	156.750000	G4	67	80	
970	174.237500	B3	59	41	977	157.000000	B3	59	80	
971	174.240625	G#4	68	55	976	157.000000	G#4	68	80	
972	174.501042	Bb3	58	49	978	157.250000	Bb3	58	80	
973	174.760417	G#3	56	44	979	157.500000	G#3	56	80	
974	175.012500	F#3	54	35	980	157.750000	F#3	54	80	
975	175.303125	F3	53	44	981	158.000000	F3	53	80	
976	175.563542	Eb5	75	51	982	158.250000	Eb5	75	80	
977	175.822917	D5	74	53	983	158.500000	D5	74	80	
978	176.072917	C5	72	59	984	158.750000	C5	72	80	
979	176.345833	D5	74	55	985	159.000000	D5	74	80	
980	176.598958	F#3	54	41	987	159.250000	F#3	54	80	
981	176.603125	Eb5	75	64	986	159.250000	Eb5	75	80	
982	176.832292	F3	53	43	989	159.500000	F3	53	80	
983	176.841667	F5	77	58	988	159.500000	F5	77	80	
984	177.102083	F#5	78	70	990	159.750000	F#5	78	80	
985	177.108333	Eb3	51	35	991	159.750000	Eb3	51	80	
986	177.365625	G#5	80	68	992	160.000000	G#5	80	80	
987	177.370833	D3	50	40	993	160.000000	D3	50	80	
988	177.596875	Bb2	46	43	994	160.250000	Bb2	46	80	
989	177.858333	F5	77	56	995	160.500000	F5	77	80	
990	177.866667	C3	48	44	996	160.500000	C3	48	80	
991	178.123958	D3	50	49	997	160.750000	D3	50	80	
992	178.392708	F#5	78	69	998	161.000000	F#5	78	80	
993	178.401042	Eb3	51	39	999	161.000000	Eb3	51	80	
994	178.655208	F3	53	45	1000	161.250000	F3	53	80	
995	178.892708	F#3	54	39	1002	161.500000	F#3	54	80	
996	178.901042	Eb5	75	54	1001	161.500000	Eb5	75	80	
997	179.146875	Eb3	51	35	1004	161.750000	Eb3	51	80	
998	179.146875	C#5	73	54	1003	161.750000	C#5	73	80	
999	179.418750	B4	71	53	1005	162.000000	B4	71	80	
1000	179.419792	G#3	56	39	1006	162.000000	G#3	56	80	
1001	179.664583	F#3	54	48	1007	162.250000	F#3	54	80	
1002	179.937500	Eb5	75	65	1008	162.500000	Eb5	75	80	
1003	179.944792	G#3	56	45	1009	162.500000	G#3	56	80	
1004	180.186458	Bb3	58	38	1010	162.750000	Bb3	58	80	
1005	180.460417	G#4	68	52	1011	163.000000	G#4	68	80	
1006	180.479167	B3	59	32	1012	163.000000	B3	59	80	
1007	180.740625	Bb3	58	33	1014	163.250000	Bb3	58	80	
1008	180.764583	F#5	78	68	1013	163.250000	F#5	78	80	
1009	181.004167	F5	77	64	1015	163.500000	F5	77	80	
1010	181.026042	B3	59	32	1016	163.500000	B3	59	80	
1011	181.251042	Eb5	75	64	1017	163.750000	Eb5	75	80	
1012	181.258333	G#3	56	39	1018	163.750000	G#3	56	80	
1013	181.506250	D5	74	56	1019	164.000000	D5	74	80	
1014	181.530208	Bb3	58	33	1020	164.000000	Bb3	58	80	
1015	181.777083	B4	71	57	1021	164.250000	B4	71	80	
1016	182.046875	Bb4	70	51	1022	164.500000	Bb4	70	80	
1017	182.291667	G#4	68	53	1023	164.750000	G#4	68	80	
1018	182.562500	F#4	66	53	1024	165.000000	F#4	66	80	
1019	182.822917	Bb4	70	69	1025	165.250000	Bb4	70	80	
1020	183.102083	Eb5	75	68	1026	165.500000	Eb5	75	80	
1021	183.339583	A3	57	58	1027	165.750000	A3	57	80	
1022	183.644792	Bb3	58	55	1029	166.000000	Bb3	58	80	
1023	183.656250	F4	65	50	1028	166.000000	F4	65	80	
1024	183.906250	C5	72	65	1030	166.250000	C5	72	80	
1025	184.177083	D5	74	67	1031	166.500000	D5	74	80	
1026	184.435417	F5	77	72	1032	166.750000	F5	77	80	
1027	184.706250	Bb2	46	53	1034	167.000000	Bb2	46	80	
1028	184.706250	G#4	68	66	1033	167.000000	G#4	68	80	
1029	184.972917	B4	71	68	1035	167.250000	B4	71	80	
1030	185.243750	Bb4	70	72	1036	167.500000	Bb4	70	80	
1031	185.487500	G#4	68	70	1037	167.750000	G#4	68	80	
1032	185.776042	F#3	54	75	1039	168.000000	F#3	54	80	
1033	185.789583	F#4	66	58	1038	168.000000	F#4	66	80	
1034	185.793750	Eb3	51	49	1040	168.000000	Eb3	51	80	
1035	186.040625	F4	65	56	1041	168.250000	F4	65	80	
1036	186.311458	Eb4	63	60	1042	168.500000	Eb4	63	80	
1037	186.567708	D4	62	62	1043	168.750000	D4	62	80	
1038	186.845833	Bb3	58	70	1045	169.000000	Bb3	58	80	
1039	186.857292	Eb4	63	59	1044	169.000000	Eb4	63	80	
1040	187.095833	E3	52	56	1046	169.250000	E3	52	80	
1041	187.372917	Eb3	51	63	1047	169.500000	Eb3	51	80	
1042	187.608333	C#3	49	64	1048	169.750000	C#3	49	80	
1043	187.906250	B2	47	48	1050	170.000000	B2	47	80	
1044	187.913542	Eb4	63	77	1049	170.000000	Eb4	63	80	
1045	188.173958	Bb2	46	56	1051	170.250000	Bb2	46	80	
1046	188.446875	F#4	66	65	1052	170.500000	F#4	66	80	
1047	188.456250	B2	47	53	1053	170.500000	B2	47	80	
1048	188.718750	E4	64	72	1054	170.750000	E4	64	80	
1049	188.983333	B3	59	78	1056	171.000000	B3	59	80	
1050	189.006250	Eb4	63	58	1055	171.000000	Eb4	63	80	
1051	189.238542	C#3	49	66	1058	171.250000	C#3	49	80	
1052	189.252083	E4	64	68	1057	171.250000	E4	64	80	
1053	189.514583	F#4	66	61	1059	171.500000	F#4	66	80	
1054	189.520833	Eb3	51	72	1060	171.500000	Eb3	51	80	
1055	189.757292	Eb4	63	68	1061	171.750000	Eb4	63	80	
1056	190.058333	G#3	56	80	1063	172.000000	G#3	56	80	
1057	190.077083	B3	59	69	1062	172.000000	B3	59	80	
1058	190.307292	C#3	49	55	1065	172.250000	C#3	49	80	
1059	190.328125	C#4	61	62	1064	172.250000	C#4	61	80	
1060	190.580208	Eb4	63	67	1066	172.500000	Eb4	63	80	
1061	190.582292	B2	47	49	1067	172.500000	B2	47	80	
1062	190.846875	Eb3	51	54	1069	172.750000	Eb3	51	80	
1063	190.855208	B3	59	65	1068	172.750000	B3	59	80	
1064	191.110417	C#3	49	53	1072	173.000000	C#3	49	80	
1065	191.125000	F4	65	72	1070	173.000000	F4	65	80	
1066	191.138542	G#3	56	57	1071	173.000000	G#3	56	80	
1067	191.377083	Bb3	58	52	1073	173.250000	Bb3	58	80	
1068	191.401042	B2	47	45	1074	173.250000	B2	47	80	
1069	191.646875	Bb2	46	48	1076	173.500000	Bb2	46	80	
1070	191.669792	B3	59	44	1075	173.500000	B3	59	80	
1071	191.904167	G#2	44	45	1077	173.750000	G#2	44	80	
1072	192.212500	F#4	66	64	1078	174.000000	F#4	66	80	
1073	192.220833	F#2	42	47	1079	174.000000	F#2	42	80	
1074	192.489583	B3	59	51	1080	174.250000	B3	59	80	
1075	192.502083	C#3	49	47	1081	174.250000	C#3	49	80	
1076	192.753125	F#3	54	54	1083	174.500000	F#3	54	80	
1077	192.761458	Bb3	58	52	1082	174.500000	Bb3	58	80	
1078	193.006250	G#3	56	65	1084	174.750000	G#3	56	80	
1079	193.285417	Bb3	58	59	1085	175.000000	Bb3	58	80	
1080	193.534375	E3	52	44	1087	175.250000	E3	52	80	
1081	193.538542	C#4	61	67	1086	175.250000	C#4	61	80	
1082	193.807292	Eb3	51	46	1090	175.500000	Eb3	51	80	
1083	193.814583	A4	69	73	1088	175.500000	A4	69	80	
1084	193.817708	F#4	66	63	1089	175.500000	F#4	66	80	
1085	194.065625	C#3	49	48	1091	175.750000	C#3	49	80	
1086	194.342708	C3	48	42	1092	176.000000	C3	48	80	
1087	194.591667	C#3	49	47	1093	176.250000	C#3	49	80	
1088	194.843750	A4	69	67	1094	176.500000	A4	69	80	
1089	194.861458	Eb3	51	36	1096	176.500000	Eb3	51	80	
1090	194.866667	C4	60	52	1095	176.500000	C4	60	80	
1091	195.100000	F#4	66	68	1097	176.750000	F#4	66	80	
1092	195.111458	C3	48	38	1098	176.750000	C3	48	80	
1093	195.370833	G#2	44	38	1101	177.000000	G#2	44	80	
1094	195.378125	G#4	68	67	1099	177.000000	G#4	68	80	
1095	195.384375	E4	64	53	1100	177.000000	E4	64	80	
1096	195.612500	Bb2	46	45	1102	177.250000	Bb2	46	80	
1097	195.889583	F#4	66	55	1103	177.500000	F#4	66	80	
1098	195.893750	C3	48	34	1105	177.500000	C3	48	80	
1099	195.920833	Eb4	63	36	1104	177.500000	Eb4	63	80	
1100	196.156250	G#2	44	37	1106	177.750000	G#2	44	80	
1101	196.405208	C#3	49	51	1107	178.000000	C#3	49	80	
1102	196.660417	Eb3	51	57	1108	178.250000	Eb3	51	80	
1103	196.931250	E3	52	47	1111	178.500000	E3	52	80	
1104	196.931250	E4	64	67	1109	178.500000	E4	64	80	
1105	196.970833	C#4	61	41	1110	178.500000	C#4	61	80	
1106	197.167708	Eb4	63	71	1112	178.750000	Eb4	63	80	
1107	197.178125	C4	60	54	1113	178.750000	C4	60	80	
1108	197.434375	E4	64	63	1114	179.000000	E4	64	80	
1109	197.436458	C#4	61	49	1115	179.000000	C#4	61	80	
1110	197.656250	F#4	66	71	1116	179.250000	F#4	66	80	
1111	197.662500	Eb3	51	44	1118	179.250000	Eb3	51	80	
1112	197.680208	Eb4	63	53	1117	179.250000	Eb4	63	80	
1113	197.940625	G#4	68	69	1119	179.500000	G#4	68	80	
1114	197.946875	C#3	49	47	1121	179.500000	C#3	49	80	
1115	197.946875	E4	64	58	1120	179.500000	E4	64	80	
1116	198.217708	B2	47	44	1122	179.750000	B2	47	80	
1117	198.469792	Bb2	46	51	1123	180.000000	Bb2	46	80	
1118	198.720833	B2	47	53	1124	180.250000	B2	47	80	
1119	198.994792	G#4	68	76	1125	180.500000	G#4	68	80	
1120	199.003125	C#3	49	50	1127	180.500000	C#3	49	80	
1121	199.011458	Bb3	58	61	1126	180.500000	Bb3	58	80	
1122	199.255208	Bb2	46	49	1129	180.750000	Bb2	46	80	
1123	199.256250	E4	64	69	1128	180.750000	E4	64	80	
1124	199.501042	F#2	42	42	1132	181.000000	F#2	42	80	
1125	199.514583	Eb4	63	59	1131	181.000000	Eb4	63	80	
1126	199.520833	F#4	66	61	1130	181.000000	F#4	66	80	
1127	199.783333	G#2	44	39	1133	181.250000	G#2	44	80	
1128	200.045833	Bb2	46	34	1136	181.500000	Bb2	46	80	
1129	200.048958	E4	64	49	1134	181.500000	E4	64	80	
1130	200.065625	C#4	61	41	1135	181.500000	C#4	61	80	
1131	200.288542	F#2	42	41	1137	181.750000	F#2	42	80	
1132	200.605208	B2	47	40	1138	182.000000	B2	47	80	
1133	200.850000	C#3	49	51	1139	182.250000	C#3	49	80	
1134	201.120833	Eb3	51	38	1142	182.500000	Eb3	51	80	
1135	201.133333	Eb4	63	56	1141	182.500000	Eb4	63	80	
1136	201.144792	B3	59	51	1140	182.500000	B3	59	80	
1137	201.377083	C#4	61	59	1144	182.750000	C#4	61	80	
1138	201.388542	Bb3	58	48	1143	182.750000	Bb3	58	80	
1139	201.632292	Eb4	63	63	1146	183.000000	Eb4	63	80	
1140	201.648958	B3	59	48	1145	183.000000	B3	59	80	
1141	201.879167	C#3	49	42	1149	183.250000	C#3	49	80	
1142	201.892708	E4	64	62	1148	183.250000	E4	64	80	
1143	201.897917	C#4	61	22	1147	183.250000	C#4	61	80	
1144	202.146875	B2	47	42	1152	183.500000	B2	47	80	
1145	202.166667	F#4	66	55	1151	183.500000	F#4	66	80	
1146	202.171875	Eb4	63	56	1150	183.500000	Eb4	63	80	
1147	202.410417	Eb3	51	46	1153	183.750000	Eb3	51	80	
1148	202.743750	G#3	56	48	1155	184.000000	G#3	56	80	
1149	202.745833	B4	71	79	1154	184.000000	B4	71	80	
1150	203.037500	G#4	68	50	1157	184.250000	G#4	68	80	
1151	203.065625	E4	64	34	1156	184.250000	E4	64	80	
1152	203.305208	F#4	66	45	1159	184.500000	F#4	66	80	
1153	203.328125	Eb4	63	29	1158	184.500000	Eb4	63	80	
1154	203.551042	E4	64	49	1161	184.750000	E4	64	80	
1155	203.560417	C#4	61	40	1160	184.750000	C#4	61	80	
1156	203.792708	Eb5	75	79	1162	185.000000	Eb5	75	80	
1157	203.810417	Eb4	63	62	1163	185.000000	Eb4	63	80	
1158	203.819792	B3	59	36	1164	185.000000	B3	59	80	
1159	204.067708	C#4	61	47	1165	185.250000	C#4	61	80	
1160	204.104167	Bb3	58	22	1166	185.250000	A3	57	80	
1161	204.323958	B3	59	56	1168	185.500000	B3	59	80	
1162	204.330208	G#3	56	37	1169	185.500000	G#3	56	80	
1163	204.345833	B4	71	64	1167	185.500000	B4	71	80	
1164	204.581250	A3	57	44	1170	185.750000	A3	57	80	
1165	204.592708	F#3	54	40	1171	185.750000	F#3	54	80	
1166	204.867708	G#5	80	85	1172	186.000000	G#5	80	80	
1167	204.875000	E3	52	41	1174	186.000000	E3	52	80	
1168	204.889583	G#3	56	46	1173	186.000000	G#3	56	80	
1169	205.140625	B3	59	55	1175	186.250000	B3	59	80	
1170	205.405208	G#4	68	58	1176	186.500000	G#4	68	80	
1171	205.411458	E4	64	55	1177	186.500000	E4	64	80	
1172	205.680208	Eb4	63	55	1178	186.750000	Eb4	63	80	
1173	205.956250	E5	76	80	1179	187.000000	E5	76	80	
1174	205.979167	C#4	61	49	1180	187.000000	C#4	61	80	
1175	206.226042	Eb4	63	60	1181	187.250000	Eb4	63	80	
1176	206.481250	E4	64	63	1183	187.500000	E4	64	80	
1177	206.490625	C#5	73	62	1182	187.500000	C#5	73	80	
1178	206.748958	C#4	61	70	1184	187.750000	C#4	61	80	
1179	207.022917	C#5	73	85	1185	188.000000	C#5	73	80	
1180	207.034375	F#4	66	62	1186	188.000000	F#4	66	80	
1181	207.041667	Bb3	58	53	1187	188.000000	Bb3	58	80	
1182	207.295833	B3	59	56	1189	188.250000	B3	59	80	
1183	207.295833	G#4	68	61	1188	188.250000	G#4	68	80	
1184	207.556250	C#4	61	50	1191	188.500000	C#4	61	80	
1185	207.568750	Bb4	70	68	1190	188.500000	Bb4	70	80	
1186	207.819792	F#4	66	50	1192	188.750000	F#4	66	80	
1187	207.823958	Bb3	58	41	1193	188.750000	Bb3	58	80	
1188	208.080208	Bb5	82	93	1194	189.000000	Bb5	82	80	
1189	208.093750	C#5	73	66	1195	189.000000	C#5	73	80	
1190	208.100000	F#3	54	54	1196	189.000000	F#3	54	80	
1191	208.376042	E5	76	67	1197	189.250000	E5	76	80	
1192	208.381250	G#3	56	43	1198	189.250000	G#3	56	80	
1193	208.632292	Eb5	75	85	1199	189.500000	Eb5	75	80	
1194	208.638542	F#3	54	42	1201	189.500000	F#3	54	80	
1195	208.665625	Bb3	58	39	1200	189.500000	Bb3	58	80	
1196	208.901042	C#5	73	74	1202	189.750000	C#5	73	80	
1197	208.903125	E3	52	40	1203	189.750000	E3	52	80	
1198	209.201042	Eb3	51	54	1206	190.000000	Eb3	51	80	
1199	209.209375	B5	83	91	1204	190.000000	B5	83	80	
1200	209.233333	F#5	78	69	1205	190.000000	F#5	78	80	
1201	209.494792	F#3	54	40	1208	190.250000	F#3	54	80	
1202	209.514583	E5	76	67	1207	190.250000	E5	76	80	
1203	209.766667	B3	59	62	1210	190.500000	B3	59	80	
1204	209.766667	Eb5	75	77	1209	190.500000	Eb5	75	80	
1205	210.010417	F#5	78	84	1211	190.750000	F#5	78	80	
1206	210.012500	Bb3	58	51	1212	190.750000	Bb3	58	80	
1207	210.260417	G#3	56	57	1215	191.000000	G#3	56	80	
1208	210.283333	E5	76	76	1213	191.000000	E5	76	80	
1209	210.292708	B4	71	61	1214	191.000000	B4	71	80	
1210	210.531250	C#3	49	61	1216	191.250000	C#3	49	80	
1211	210.794792	B2	47	58	1217	191.500000	B2	47	80	
1212	211.054167	Eb3	51	57	1218	191.750000	Eb3	51	80	
1213	211.345833	C#3	49	51	1219	192.000000	C#3	49	80	
1214	211.609375	F#3	54	50	1221	192.250000	F#3	54	80	
1215	211.625000	Bb4	70	54	1220	192.250000	Bb4	70	80	
1216	211.877083	E3	52	41	1223	192.500000	E3	52	80	
1217	211.894792	G#4	68	56	1222	192.500000	G#4	68	80	
1218	212.139583	G#3	56	60	1225	192.750000	G#3	56	80	
1219	212.140625	B4	71	61	1224	192.750000	B4	71	80	
1220	212.406250	Bb4	70	71	1226	193.000000	Bb4	70	80	
1221	212.413542	C#4	61	58	1227	193.000000	C#4	61	80	
1222	212.660417	B4	71	73	1228	193.250000	B4	71	80	
1223	212.668750	Eb3	51	51	1229	193.250000	Eb3	51	80	
1224	212.936458	C#5	73	72	1230	193.500000	C#5	73	80	
1225	212.945833	E3	52	52	1231	193.500000	E3	52	80	
1226	213.168750	C#3	49	53	1233	193.750000	C#3	49	80	
1227	213.189583	Bb4	70	70	1232	193.750000	Bb4	70	80	
1228	213.480208	Bb3	58	47	1235	194.000000	Bb3	58	80	
1229	213.494792	F#4	66	63	1234	194.000000	F#4	66	80	
1230	213.775000	Eb5	75	67	1236	194.250000	Eb5	75	80	
1231	213.785417	B3	59	50	1237	194.250000	B3	59	80	
1232	214.035417	E5	76	63	1238	194.500000	E5	76	80	
1233	214.053125	C#4	61	51	1239	194.500000	C#4	61	80	
1234	214.289583	Eb5	75	77	1240	194.750000	Eb5	75	80	
1235	214.295833	B3	59	50	1241	194.750000	B3	59	80	
1236	214.557292	E5	76	65	1242	195.000000	E5	76	80	
1237	214.573958	C#4	61	50	1243	195.000000	C#4	61	80	
1238	214.814583	G#3	56	55	1244	195.250000	G#3	56	80	
1239	215.091667	F#3	54	62	1245	195.500000	F#3	54	80	
1240	215.343750	G#3	56	63	1246	195.750000	G#3	56	80	
1241	215.640625	Eb5	75	66	1247	196.000000	Eb5	75	80	
1242	215.650000	A3	57	52	1250	196.000000	A3	57	80	
1243	215.659375	F#4	66	42	1249	196.000000	F#4	66	80	
1244	215.662500	B4	71	55	1248	196.000000	B4	71	80	
1245	215.911458	C#5	73	72	1251	196.250000	C#5	73	80	
1246	215.918750	E4	64	49	1252	196.250000	E4	64	80	
1247	216.171875	Eb5	75	73	1253	196.500000	Eb5	75	80	
1248	216.175000	F#4	66	52	1254	196.500000	F#4	66	80	
1249	216.432292	C#5	73	71	1255	196.750000	C#5	73	80	
1250	216.448958	E4	64	54	1256	196.750000	E4	64	80	
1251	216.704167	Eb5	75	62	1257	197.000000	Eb5	75	80	
1252	216.711458	F#4	66	52	1258	197.000000	F#4	66	80	
1253	216.956250	G#3	56	53	1259	197.250000	G#3	56	80	
1254	217.238542	F#3	54	54	1260	197.500000	F#3	54	80	
1255	217.510417	A3	57	64	1261	197.750000	A3	57	80	
1256	217.798958	G#3	56	63	1262	198.000000	G#3	56	80	
1257	218.065625	F4	65	54	1263	198.250000	F4	65	80	
1258	218.335417	D5	74	64	1264	198.500000	D5	74	80	
1259	218.348958	B3	59	57	1265	198.500000	B3	59	80	
1260	218.588542	C#5	73	75	1266	198.750000	C#5	73	80	
1261	218.865625	B4	71	67	1267	199.000000	B4	71	80	
1262	218.871875	D4	62	72	1268	199.000000	D4	62	80	
1263	219.133333	C#5	73	74	1269	199.250000	C#5	73	80	
1264	219.373958	D5	74	62	1270	199.500000	D5	74	80	
1265	219.401042	F4	65	46	1271	199.500000	F4	65	80	
1266	219.647917	B4	71	69	1272	199.750000	B4	71	80	
1267	219.926042	G#4	68	62	1273	200.000000	G#4	68	80	
1268	219.927083	B3	59	48	1276	200.000000	B3	59	80	
1269	220.198958	A4	69	59	1277	200.250000	A4	69	80	
1270	220.439583	B4	71	61	1278	200.500000	B4	71	80	
1271	220.711458	G#4	68	62	1279	200.750000	G#4	68	80	
1272	220.992708	F4	65	51	1280	201.000000	F4	65	80	
1273	221.245833	D5	74	59	1281	201.250000	D5	74	80	
1274	221.495833	F3	53	34	1285	201.500000	F3	53	80	
1275	221.500000	C#5	73	62	1282	201.500000	C#5	73	80	
1276	221.504167	C#4	61	45	1283	201.500000	C#4	61	80	
1277	221.510417	G#3	56	38	1284	201.500000	G#3	56	80	
1278	221.783333	B4	71	71	1286	201.750000	B4	71	80	
1279	222.073958	Bb4	70	68	1287	202.000000	Bb4	70	80	
1280	222.081250	F#3	54	43	1288	202.000000	F#3	54	80	
1281	222.358333	G#4	68	65	1290	202.250000	G#4	68	80	
1282	222.361458	E3	52	42	1291	202.250000	E3	52	80	
1283	222.620833	F#4	66	71	1292	202.500000	F#4	66	80	
1284	222.627083	Eb3	51	47	1293	202.500000	Eb3	51	80	
1285	222.878125	E4	64	79	1294	202.750000	E4	64	80	
1286	222.885417	C#3	49	53	1295	202.750000	C#3	49	80	
1287	223.172917	Eb4	63	71	1296	203.000000	Eb4	63	80	
1288	223.185417	B2	47	40	1297	203.000000	B2	47	80	
1289	223.429167	F#4	66	74	1298	203.250000	F#4	66	80	
1290	223.444792	C#3	49	42	1299	203.250000	C#3	49	80	
1291	223.717708	B4	71	75	1300	203.500000	B4	71	80	
1292	223.733333	Eb3	51	51	1301	203.500000	Eb3	51	80	
1293	223.987500	F2	41	56	1303	203.750000	F2	41	80	
1294	223.988542	D4	62	66	1302	203.750000	D4	62	80	
1295	224.308333	F#2	42	62	1305	204.000000	F#2	42	80	
1296	224.317708	C#4	61	70	1304	204.000000	C#4	61	80	
1297	224.618750	Eb4	63	66	1306	204.250000	Eb4	63	80	
1298	224.908333	Bb4	70	74	1307	204.500000	Bb4	70	80	
1299	224.915625	E4	64	66	1308	204.500000	E4	64	80	
1300	225.228125	C#3	49	49	1310	204.750000	C#3	49	80	
1301	225.228125	G#4	68	79	1309	204.750000	G#4	68	80	
1302	225.640625	F#3	54	50	1312	205.000000	F#3	54	80	
1303	225.642708	Bb4	70	85	1311	205.000000	Bb4	70	80	
1304	226.090625	G#4	68	64	1313	205.250000	G#4	68	80	
1305	226.487500	F#4	66	56	1314	205.500000	F#4	66	80	
1306	226.994792	E4	64	48	1315	205.750000	E4	64	80	
1307	227.775000	Eb4	63	49	1316	206.000000	Eb4	63	80	
1308	227.777083	B2	47	28	1318	206.000000	B2	47	80	
1309	227.781250	B4	71	58	1317	206.000000	B4	71	80	
*	-1	*	-1	-1	179	38.000000	E4	64	80	
*	-1	*	-1	-1	194	40.000000	Bb4	70	80	
*	-1	*	-1	-1	267	49.500000	B4	71	80	
*	-1	*	-1	-1	368	68.000000	B3	59	80	
*	-1	*	-1	-1	460	82.000000	F#4	66	80	
*	-1	*	-1	-1	636	110.000000	E4	64	80	
*	-1	*	-1	-1	697	118.000000	E4	64	80	
*	-1	*	-1	-1	926	150.000000	G#3	56	80	
*	-1	*	-1	-1	1274	200.000000	F4	65	80	
*	-1	*	-1	-1	1275	200.000000	D4	62	80	
*	-1	*	-1	-1	1289	202.000000	F#3	54	80	
*	-1	*	-1	-1	1319	206.000000	F#3	54	80	
