// alignID alignOntime alignSitch alignPitch alignOnvel refID refOntime refSitch refPitch refOnvel
0	0.500000	G#3	56	49	0	0.500000	G#3	56	80	
1	1.141927	Eb4	63	60	1	0.750000	Eb4	63	80	
2	1.792969	C4	60	65	2	1.000000	C4	60	80	
3	2.407552	G#3	56	53	3	1.250000	G#3	56	80	
4	3.039062	F4	65	66	4	1.500000	F4	65	80	
5	3.684896	C#4	61	63	5	1.750000	C#4	61	80	
6	4.388021	Eb4	63	51	6	2.000000	Eb4	63	80	
7	5.664062	Eb3	51	39	7	2.500000	Eb3	51	80	
8	5.950521	C#4	61	50	8	2.625000	C#4	61	80	
9	6.239583	G#3	56	67	10	2.750000	G#3	56	80	
10	6.277344	C4	60	42	9	2.750000	C4	60	80	
11	6.520833	C#4	61	50	11	2.875000	C#4	61	80	
12	6.792969	G3	55	67	13	3.000000	G3	55	80	
13	6.820312	Eb4	63	53	12	3.000000	Eb4	63	80	
14	7.091146	F4	65	61	14	3.125000	F4	65	80	
15	7.343750	Eb3	51	50	16	3.250000	Eb3	51	80	
16	7.381510	G4	67	68	15	3.250000	G4	67	80	
17	7.648438	Eb4	63	67	17	3.375000	Eb4	63	80	
18	7.911458	C4	60	62	19	3.500000	C4	60	80	
19	7.914062	G#4	68	73	18	3.500000	G#4	68	80	
20	8.191406	Bb4	70	70	20	3.625000	Bb4	70	80	
21	8.455729	C5	72	73	21	3.750000	C5	72	80	
22	8.466146	G#3	56	58	22	3.750000	G#3	56	80	
23	8.718750	Bb4	70	76	23	3.875000	Bb4	70	80	
24	8.967448	G#4	68	75	24	4.000000	G#4	68	80	
25	8.973958	Bb3	58	47	25	4.000000	Bb3	58	80	
26	9.252604	G4	67	74	26	4.125000	G4	67	80	
27	9.496094	Eb3	51	43	28	4.250000	Eb3	51	80	
28	9.506510	F4	65	75	27	4.250000	F4	65	80	
29	9.753906	G#4	68	69	29	4.375000	G#4	68	80	
30	10.079427	G4	67	60	30	4.500000	G4	67	80	
31	10.087240	Bb3	58	39	31	4.500000	Bb3	58	80	
32	10.671875	G3	55	45	32	4.750000	G3	55	80	
33	11.257812	G#3	56	49	33	5.000000	G#3	56	80	
34	11.850260	Eb3	51	35	34	5.250000	Eb3	51	80	
35	12.437500	F4	65	61	35	5.500000	F4	65	80	
36	12.449219	G#3	56	37	36	5.500000	G#3	56	80	
37	13.059896	F3	53	44	37	5.750000	F3	53	80	
38	13.628906	G3	55	46	38	6.000000	G3	55	80	
39	13.897135	Eb4	63	56	39	6.125000	Eb4	63	80	
40	14.174479	D4	62	68	40	6.250000	D4	62	80	
41	14.436198	F4	65	63	41	6.375000	F4	65	80	
42	14.730469	Eb4	63	59	42	6.500000	Eb4	63	80	
43	14.966146	C3	48	51	43	6.625000	C3	48	80	
44	15.274740	C#3	49	61	44	6.750000	C#3	49	80	
45	15.537760	Eb3	51	65	45	6.875000	Eb3	51	80	
46	15.805990	F3	53	69	46	7.000000	F3	53	80	
47	16.076823	G3	55	56	47	7.125000	G3	55	80	
48	16.337240	C#4	61	53	48	7.250000	C#4	61	80	
49	16.347656	G#3	56	48	49	7.250000	G#3	56	80	
50	16.580729	F3	53	49	51	7.375000	F3	53	80	
51	16.588542	C4	60	53	50	7.375000	C4	60	80	
52	16.847656	Bb3	58	42	53	7.500000	Bb3	58	80	
53	16.848958	C#4	61	60	52	7.500000	C#4	61	80	
54	17.111979	F4	65	67	54	7.625000	F4	65	80	
55	17.126302	C4	60	48	55	7.625000	C4	60	80	
56	17.367188	Bb4	70	72	56	7.750000	Bb4	70	80	
57	17.384115	C#4	61	49	57	7.750000	C#4	61	80	
58	17.623698	G#4	68	75	58	7.875000	G#4	68	80	
59	17.627604	C4	60	51	59	7.875000	C4	60	80	
60	17.882812	G4	67	76	60	8.000000	G4	67	80	
61	17.884115	Bb3	58	53	61	8.000000	Bb3	58	80	
62	18.125000	G#3	56	54	63	8.125000	G#3	56	80	
63	18.136719	F4	65	78	62	8.125000	F4	65	80	
64	18.393229	G3	55	47	65	8.250000	G3	55	80	
65	18.406250	Eb4	63	76	64	8.250000	Eb4	63	80	
66	18.634115	Bb3	58	53	67	8.375000	Bb3	58	80	
67	18.643229	C#4	61	66	66	8.375000	C#4	61	80	
68	18.934896	C4	60	47	69	8.500000	C4	60	80	
69	18.934896	G#4	68	72	68	8.500000	G#4	68	80	
70	18.937500	G#3	56	47	70	8.500000	G#3	56	80	
71	19.183594	Bb3	58	58	71	8.625000	Bb3	58	80	
72	19.462240	C4	60	52	73	8.750000	C4	60	80	
73	19.471354	Eb5	75	82	72	8.750000	Eb5	75	80	
74	19.721354	C#4	61	68	74	8.875000	C#4	61	80	
75	19.985677	C5	72	80	75	9.000000	C5	72	80	
76	19.990885	Eb4	63	63	76	9.000000	Eb4	63	80	
77	20.253906	G#2	44	69	77	9.125000	G#2	44	80	
78	20.513021	Bb2	46	64	79	9.250000	Bb2	46	80	
79	20.536458	G#4	68	84	78	9.250000	G#4	68	80	
80	20.757812	C3	48	61	80	9.375000	C3	48	80	
81	21.057292	C#3	49	58	83	9.500000	C#3	49	80	
82	21.062500	F5	77	87	81	9.500000	F5	77	80	
83	21.299479	Eb3	51	56	84	9.625000	Eb3	51	80	
84	21.600260	C#5	73	86	85	9.750000	C#5	73	80	
85	21.601562	F3	53	62	86	9.750000	F3	53	80	
86	21.649740	D5	74	37	*	-1	*	-1	-1	
87	21.828125	Eb3	51	58	87	9.875000	Eb3	51	80	
88	22.131510	Eb5	75	74	88	10.000000	Eb5	75	80	
89	22.132812	C#3	49	49	90	10.000000	C#3	49	80	
90	22.148438	G3	55	43	89	10.000000	G3	55	80	
91	22.391927	C3	48	48	91	10.125000	C3	48	80	
92	22.653646	Bb2	46	53	92	10.250000	Bb2	46	80	
93	22.915365	C#3	49	50	93	10.375000	C#3	49	80	
94	23.204427	C3	48	48	96	10.500000	C3	48	80	
95	23.210938	Eb4	63	60	94	10.500000	Eb4	63	80	
96	23.218750	G#3	56	38	95	10.500000	G#3	56	80	
97	23.494792	Bb3	58	65	97	10.625000	Bb3	58	80	
98	23.753906	C4	60	79	99	10.750000	C4	60	80	
99	23.756510	G#4	68	76	98	10.750000	G#4	68	80	
100	24.027344	D3	50	67	100	10.875000	D3	50	80	
101	24.294271	Eb3	51	63	103	11.000000	Eb3	51	80	
102	24.300781	G4	67	77	101	11.000000	G4	67	80	
103	24.572917	F3	53	74	104	11.125000	F3	53	80	
104	24.829427	G3	55	78	106	11.250000	G3	55	80	
105	24.835938	Eb4	63	79	105	11.250000	Eb4	63	80	
106	25.065104	Bb3	58	78	107	11.375000	Bb3	58	80	
107	25.364583	G#3	56	58	110	11.500000	G#3	56	80	
108	25.390625	C5	72	72	109	11.500000	C5	72	80	
109	25.391927	G#5	80	89	108	11.500000	G#5	80	80	
110	25.635417	G3	55	59	111	11.625000	G3	55	80	
111	25.932292	G#4	68	87	112	11.750000	G#4	68	80	
112	25.937500	C4	60	65	113	11.750000	C4	60	80	
113	25.944010	F3	53	61	114	11.750000	F3	53	80	
114	26.160156	Eb3	51	61	115	11.875000	Eb3	51	80	
115	26.494792	F3	53	48	118	12.000000	F3	53	80	
116	26.494792	Bb4	70	61	117	12.000000	Bb4	70	80	
117	26.498698	G#5	80	87	116	12.000000	G#5	80	80	
118	26.516927	D3	50	49	119	12.000000	D3	50	80	
119	26.765625	Bb2	46	60	120	12.125000	Bb2	46	80	
120	27.055990	C3	48	60	121	12.250000	C3	48	80	
121	27.290365	D3	50	60	122	12.375000	D3	50	80	
122	27.589844	Eb3	51	53	124	12.500000	Eb3	51	80	
123	27.593750	G5	79	73	123	12.500000	G5	79	80	
124	27.873698	Eb4	63	49	125	12.625000	Eb4	63	80	
125	28.123698	F4	65	60	126	12.750000	F4	65	80	
126	28.393229	G4	67	58	127	12.875000	G4	67	80	
127	28.662760	F5	77	70	128	13.000000	F5	77	80	
128	28.669271	G#4	68	53	129	13.000000	G#4	68	80	
129	28.927083	Bb4	70	56	130	13.125000	Bb4	70	80	
130	29.186198	G#3	56	67	132	13.250000	G#3	56	80	
131	29.214844	C5	72	58	131	13.250000	C5	72	80	
132	29.462240	Bb4	70	52	133	13.375000	Bb4	70	80	
133	29.717448	D3	50	65	135	13.500000	D3	50	80	
134	29.735677	G#4	68	62	134	13.500000	G#4	68	80	
135	29.990885	G4	67	60	136	13.625000	G4	67	80	
136	30.274740	Bb3	58	60	138	13.750000	Bb3	58	80	
137	30.277344	F4	65	59	137	13.750000	F4	65	80	
138	30.524740	G#4	68	59	139	13.875000	G#4	68	80	
139	30.787760	Eb3	51	48	141	14.000000	Eb3	51	80	
140	30.798177	G4	67	51	140	14.000000	G4	67	80	
141	31.075521	Bb4	70	53	142	14.125000	Bb4	70	80	
142	31.335938	C5	72	75	143	14.250000	C5	72	80	
143	31.583333	D5	74	76	144	14.375000	D5	74	80	
144	31.851562	Eb5	75	75	145	14.500000	Eb5	75	80	
145	32.100260	Eb3	51	55	146	14.625000	Eb3	51	80	
146	32.389323	F3	53	56	147	14.750000	F3	53	80	
147	32.636719	G3	55	67	148	14.875000	G3	55	80	
148	32.886719	G#3	56	64	150	15.000000	G#3	56	80	
149	32.891927	F4	65	62	149	15.000000	F4	65	80	
150	33.161458	Bb3	58	48	151	15.125000	Bb3	58	80	
151	33.446615	G#5	80	79	152	15.250000	G#5	80	80	
152	33.462240	C4	60	46	153	15.250000	C4	60	80	
153	33.701823	Bb3	58	50	154	15.375000	Bb3	58	80	
154	33.963542	G#3	56	48	156	15.500000	G#3	56	80	
155	33.971354	C#5	73	80	155	15.500000	C#5	73	80	
156	34.278646	G3	55	40	157	15.625000	G3	55	80	
157	34.510417	Bb5	82	78	158	15.750000	Bb5	82	80	
158	34.515625	F3	53	48	159	15.750000	F3	53	80	
159	34.796875	G#3	56	48	160	15.875000	G#3	56	80	
160	35.048177	G3	55	46	162	16.000000	G3	55	80	
161	35.059896	C#5	73	70	161	16.000000	C#5	73	80	
162	35.351562	Eb4	63	44	163	16.125000	Eb4	63	80	
163	35.598958	F4	65	51	164	16.250000	F4	65	80	
164	35.617188	Eb3	51	38	165	16.250000	Eb3	51	80	
165	35.842448	G4	67	47	166	16.375000	G4	67	80	
166	36.123698	G#4	68	51	168	16.500000	G#4	68	80	
167	36.125000	C5	72	64	167	16.500000	C5	72	80	
168	36.408854	G#2	44	39	169	16.625000	G#2	44	80	
169	36.436198	A2	45	44	*	-1	*	-1	-1	
170	36.625000	Bb2	46	64	170	16.750000	Bb2	46	80	
171	36.911458	C3	48	64	171	16.875000	C3	48	80	
172	37.157552	C#3	49	63	173	17.000000	C#3	49	80	
173	37.173177	Bb4	70	58	172	17.000000	Bb4	70	80	
174	37.432292	Eb3	51	70	174	17.125000	Eb3	51	80	
175	37.712240	F3	53	73	175	17.250000	F3	53	80	
176	37.984375	Eb3	51	58	176	17.375000	Eb3	51	80	
177	38.251302	G4	67	49	177	17.500000	G4	67	80	
178	38.253906	C#3	49	57	178	17.500000	C#3	49	80	
179	38.536458	C3	48	54	179	17.625000	C3	48	80	
180	38.800781	Bb2	46	52	180	17.750000	Bb2	46	80	
181	39.066406	C#3	49	45	181	17.875000	C#3	49	80	
182	39.378906	C3	48	48	184	18.000000	C3	48	80	
183	39.393229	G#4	68	54	182	18.000000	G#4	68	80	
184	39.940104	G4	67	47	185	18.250000	G4	67	80	
185	40.187500	F4	65	51	186	18.375000	F4	65	80	
186	40.462240	G#3	56	65	188	18.500000	G#3	56	80	
187	40.497396	Eb4	63	48	187	18.500000	Eb4	63	80	
188	40.736979	C#4	61	53	189	18.625000	C#4	61	80	
189	40.738281	C#3	49	59	190	18.625000	C#3	49	80	
190	41.005208	Eb4	63	89	192	18.750000	Eb4	63	80	
191	41.018229	Eb3	51	74	193	18.750000	Eb3	51	80	
192	41.263021	C3	48	63	195	18.875000	C3	48	80	
193	41.303385	C#4	61	49	194	18.875000	C#4	61	80	
194	41.579427	C4	60	89	197	19.000000	C4	60	80	
195	41.596354	F3	53	65	198	19.000000	F3	53	80	
196	41.610677	Eb4	63	54	196	19.000000	Eb4	63	80	
197	41.815104	G#4	68	52	199	19.125000	G#4	68	80	
198	42.106771	G#3	56	80	201	19.250000	G#3	56	80	
199	42.122396	Bb4	70	57	200	19.250000	Bb4	70	80	
200	42.397135	C5	72	72	202	19.375000	C5	72	80	
201	42.666667	C#5	73	83	203	19.500000	C#5	73	80	
202	42.673177	F4	65	63	204	19.500000	F4	65	80	
203	42.917969	Eb3	51	63	205	19.625000	Eb3	51	80	
204	43.196615	F3	53	43	208	19.750000	F3	53	80	
205	43.197917	C#4	61	86	207	19.750000	C#4	61	80	
206	43.216146	G#3	56	68	206	19.750000	G#3	56	80	
207	43.460938	C#3	49	71	209	19.875000	C#3	49	80	
208	43.753906	Eb4	63	84	211	20.000000	Eb4	63	80	
209	43.765625	G#3	56	71	212	20.000000	G#3	56	80	
210	43.996094	Bb4	70	57	213	20.125000	Bb4	70	80	
211	44.010417	G3	55	49	214	20.125000	G3	55	80	
212	44.278646	G#3	56	54	216	20.250000	G#3	56	80	
213	44.311198	C5	72	62	215	20.250000	C5	72	80	
214	44.559896	Bb3	58	45	218	20.375000	Bb3	58	80	
215	44.561198	Eb5	75	68	217	20.375000	Eb5	75	80	
216	44.820312	G#5	80	68	219	20.500000	G#5	80	80	
217	44.833333	C4	60	45	221	20.500000	C4	60	80	
218	45.074219	G5	79	76	222	20.625000	G5	79	80	
219	45.330729	G3	55	45	224	20.750000	G3	55	80	
220	45.330729	G#5	80	79	223	20.750000	G#5	80	80	
221	45.580729	Bb5	82	66	225	20.875000	Bb5	82	80	
222	45.851562	G#3	56	37	227	21.000000	G#3	56	80	
223	45.851562	C6	84	54	226	21.000000	C6	84	80	
224	46.114583	Bb5	82	53	228	21.125000	Bb5	82	80	
225	46.378906	G#5	80	52	229	21.250000	G#5	80	80	
226	46.380208	F3	53	33	230	21.250000	F3	53	80	
227	46.640625	G5	79	51	231	21.375000	G5	79	80	
228	46.908854	F5	77	46	232	21.500000	F5	77	80	
229	46.917969	C#4	61	41	233	21.500000	C#4	61	80	
230	46.919271	Bb3	58	31	234	21.500000	Bb3	58	80	
231	47.183594	G5	79	48	235	21.625000	G5	79	80	
232	47.447917	G#5	80	55	236	21.750000	G#5	80	80	
233	47.450521	F3	53	20	237	21.750000	F3	53	80	
234	47.712240	C6	84	56	238	21.875000	C6	84	80	
235	47.938802	G3	55	37	240	22.000000	G3	55	80	
236	47.973958	Bb5	82	49	239	22.000000	Bb5	82	80	
237	48.235677	G#5	80	54	241	22.125000	G#5	80	80	
238	48.481771	Eb3	51	38	243	22.250000	Eb3	51	80	
239	48.498698	G5	79	50	242	22.250000	G5	79	80	
240	48.757812	F5	77	54	244	22.375000	F5	77	80	
241	49.018229	G#3	56	34	247	22.500000	G#3	56	80	
242	49.028646	Eb5	75	50	245	22.500000	Eb5	75	80	
243	49.035156	C4	60	37	246	22.500000	C4	60	80	
244	49.320312	F5	77	58	248	22.625000	F5	77	80	
245	49.569010	Eb3	51	38	250	22.750000	Eb3	51	80	
246	49.601562	G5	79	55	249	22.750000	G5	79	80	
247	49.839844	Bb5	82	55	251	22.875000	Bb5	82	80	
248	50.102865	F3	53	39	253	23.000000	F3	53	80	
249	50.114583	G#5	80	58	252	23.000000	G#5	80	80	
250	50.386719	G5	79	61	254	23.125000	G5	79	80	
251	50.648438	D3	50	33	256	23.250000	D3	50	80	
252	50.670573	F5	77	60	255	23.250000	F5	77	80	
253	50.917969	Eb5	75	57	257	23.375000	Eb5	75	80	
254	51.182292	Bb3	58	45	259	23.500000	Bb3	58	80	
255	51.187500	D5	74	55	258	23.500000	D5	74	80	
256	51.190104	G3	55	41	260	23.500000	G3	55	80	
257	51.438802	Eb5	75	49	261	23.625000	Eb5	75	80	
258	51.725260	D3	50	31	263	23.750000	D3	50	80	
259	51.738281	F5	77	54	262	23.750000	F5	77	80	
260	51.985677	G#5	80	59	264	23.875000	G#5	80	80	
261	52.276042	G5	79	61	265	24.000000	G5	79	80	
262	52.287760	E3	52	37	266	24.000000	E3	52	80	
263	52.523438	F5	77	67	267	24.125000	F5	77	80	
264	52.786458	C3	48	39	269	24.250000	C3	48	80	
265	52.817708	E5	76	68	268	24.250000	E5	76	80	
266	53.071615	G5	79	71	270	24.375000	G5	79	80	
267	53.343750	G#3	56	42	273	24.500000	G#3	56	80	
268	53.355469	D3	50	46	274	24.500000	D3	50	80	
269	53.355469	F5	77	76	271	24.500000	F5	77	80	
270	53.359375	F4	65	74	272	24.500000	F4	65	80	
271	53.591146	E5	76	65	275	24.625000	E5	76	80	
272	53.878906	C5	72	85	277	24.750000	C5	72	80	
273	53.882812	E3	52	48	279	24.750000	E3	52	80	
274	53.894531	G3	55	48	278	24.750000	G3	55	80	
275	53.897135	F5	77	78	276	24.750000	F5	77	80	
276	54.131510	G5	79	73	280	24.875000	G5	79	80	
277	54.427083	G#4	68	83	282	25.000000	G#4	68	80	
278	54.428385	C5	72	83	281	25.000000	C5	72	80	
279	54.430990	F3	53	57	283	25.000000	F3	53	80	
280	54.700521	Bb3	58	57	284	25.125000	Bb3	58	80	
281	54.960938	F5	77	94	285	25.250000	F5	77	80	
282	54.973958	F4	65	78	286	25.250000	F4	65	80	
283	54.976562	G#3	56	50	287	25.250000	G#3	56	80	
284	55.236979	G3	55	53	288	25.375000	G3	55	80	
285	55.514323	Bb2	46	58	291	25.500000	Bb2	46	80	
286	55.520833	C#5	73	86	289	25.500000	C#5	73	80	
287	55.544271	F3	53	42	290	25.500000	F3	53	80	
288	55.571615	E5	76	32	*	-1	*	-1	-1	
289	55.796875	E3	52	44	292	25.625000	E3	52	80	
290	56.031250	Bb4	70	88	294	25.750000	Bb4	70	80	
291	56.041667	G5	79	76	293	25.750000	G5	79	80	
292	56.067708	F3	53	50	295	25.750000	F3	53	80	
293	56.296875	E5	76	54	296	25.875000	E5	76	80	
294	56.311198	G3	55	51	297	25.875000	G3	55	80	
295	56.576823	G#3	56	55	300	26.000000	G#3	56	80	
296	56.588542	C5	72	74	299	26.000000	C5	72	80	
297	56.591146	F5	77	77	298	26.000000	F5	77	80	
298	56.611979	F3	53	45	301	26.000000	F3	53	80	
299	56.819010	E5	76	72	302	26.125000	E5	76	80	
300	56.829427	Bb3	58	55	303	26.125000	Bb3	58	80	
301	57.065104	G#3	56	56	306	26.250000	G#3	56	80	
302	57.082031	F5	77	86	304	26.250000	F5	77	80	
303	57.319010	G5	79	89	307	26.375000	G5	79	80	
304	57.334635	G3	55	59	309	26.375000	G3	55	80	
305	57.596354	F3	53	51	312	26.500000	F3	53	80	
306	57.600260	F5	77	54	311	26.500000	F5	77	80	
307	57.600260	G#5	80	78	310	26.500000	G#5	80	80	
308	57.880208	F2	41	64	313	26.625000	F2	41	80	
309	58.106771	C5	72	65	314	26.750000	C5	72	80	
310	58.119792	G2	43	66	315	26.750000	G2	43	80	
311	58.359375	G#2	44	73	316	26.875000	G#2	44	80	
312	58.640625	Bb2	46	83	318	27.000000	Bb2	46	80	
313	58.641927	C#5	73	66	317	27.000000	C#5	73	80	
314	58.877604	G#2	44	69	319	27.125000	G#2	44	80	
315	59.139323	G2	43	55	321	27.250000	G2	43	80	
316	59.148438	Bb4	70	66	320	27.250000	Bb4	70	80	
317	59.411458	F2	41	50	322	27.375000	F2	41	80	
318	59.674479	Eb2	39	49	325	27.500000	Eb2	39	80	
319	59.675781	G5	79	68	323	27.500000	G5	79	80	
320	59.686198	Eb5	75	55	324	27.500000	Eb5	75	80	
321	59.929688	F2	41	48	326	27.625000	F2	41	80	
322	60.183594	Bb4	70	59	327	27.750000	Bb4	70	80	
323	60.187500	G2	43	46	328	27.750000	G2	43	80	
324	60.451823	Bb2	46	53	329	27.875000	Bb2	46	80	
325	60.701823	G#2	44	47	331	28.000000	G#2	44	80	
326	60.713542	C5	72	61	330	28.000000	C5	72	80	
327	60.960938	G2	43	54	332	28.125000	G2	43	80	
328	61.233073	G#4	68	56	333	28.250000	G#4	68	80	
329	61.242188	F2	41	39	334	28.250000	F2	41	80	
330	61.476562	Eb2	39	48	335	28.375000	Eb2	39	80	
331	61.768229	F5	77	64	336	28.500000	F5	77	80	
332	61.769531	C#2	37	39	338	28.500000	C#2	37	80	
333	61.776042	C#5	73	51	337	28.500000	C#5	73	80	
334	62.014323	Eb2	39	49	339	28.625000	Eb2	39	80	
335	62.298177	F2	41	46	341	28.750000	F2	41	80	
336	62.328125	G#4	68	56	340	28.750000	G#4	68	80	
337	62.555990	G#2	44	46	342	28.875000	G#2	44	80	
338	62.811198	G2	43	46	344	29.000000	G2	43	80	
339	62.829427	Bb4	70	51	343	29.000000	Bb4	70	80	
340	63.097656	C5	72	65	345	29.125000	C5	72	80	
341	63.324219	Bb2	46	46	347	29.250000	Bb2	46	80	
342	63.332031	C#5	73	74	346	29.250000	C#5	73	80	
343	63.576823	C5	72	68	348	29.375000	C5	72	80	
344	63.850260	E5	76	70	349	29.500000	E5	76	80	
345	63.855469	C3	48	38	351	29.500000	C3	48	80	
346	63.865885	Bb4	70	56	350	29.500000	Bb4	70	80	
347	64.098958	G#4	68	64	352	29.625000	G#4	68	80	
348	64.329427	C2	36	47	354	29.750000	C2	36	80	
349	64.385417	G4	67	68	353	29.750000	G4	67	80	
350	64.610677	Bb4	70	70	355	29.875000	Bb4	70	80	
351	64.845052	F2	41	53	358	30.000000	F2	41	80	
352	64.893229	F5	77	72	356	30.000000	F5	77	80	
353	64.907552	G#4	68	58	357	30.000000	G#4	68	80	
354	65.113281	C3	48	70	359	30.125000	C3	48	80	
355	65.395833	D3	50	73	360	30.250000	D3	50	80	
356	65.641927	E3	52	80	361	30.375000	E3	52	80	
357	65.942708	F3	53	75	362	30.500000	F3	53	80	
358	66.238281	Eb5	75	46	363	30.625000	Eb5	75	80	
359	66.501302	C#5	73	64	364	30.750000	C#5	73	80	
360	66.753906	C5	72	70	365	30.875000	C5	72	80	
361	67.000000	Bb4	70	69	366	31.000000	Bb4	70	80	
362	67.260417	G#4	68	72	367	31.125000	G#4	68	80	
363	67.518229	Bb3	58	77	369	31.250000	Bb3	58	80	
364	67.519531	G4	67	57	368	31.250000	G4	67	80	
365	67.787760	G#4	68	63	370	31.375000	G#4	68	80	
366	68.032552	E3	52	75	372	31.500000	E3	52	80	
367	68.053385	Bb4	70	57	371	31.500000	Bb4	70	80	
368	68.348958	C#5	73	57	373	31.625000	C#5	73	80	
369	68.579427	C4	60	72	375	31.750000	C4	60	80	
370	68.611979	C5	72	55	374	31.750000	C5	72	80	
371	68.863281	Bb4	70	51	376	31.875000	Bb4	70	80	
372	69.105469	Eb3	51	50	378	32.000000	Eb3	51	80	
373	69.121094	A4	69	54	377	32.000000	A4	69	80	
374	69.389323	C5	72	47	379	32.125000	C5	72	80	
375	69.658854	A3	57	53	381	32.250000	A3	57	80	
376	69.658854	C#5	73	51	380	32.250000	C#5	73	80	
377	69.949219	Eb5	75	44	382	32.375000	Eb5	75	80	
378	70.203125	F5	77	50	383	32.500000	F5	77	80	
379	70.209635	Bb3	58	54	384	32.500000	Bb3	58	80	
380	70.210938	C#3	49	47	385	32.500000	C#3	49	80	
381	70.493490	Eb5	75	46	386	32.625000	Eb5	75	80	
382	70.761719	F4	65	75	388	32.750000	F4	65	80	
383	70.796875	C#5	73	59	387	32.750000	C#5	73	80	
384	71.029948	C5	72	61	389	32.875000	C5	72	80	
385	71.295573	C#4	61	81	391	33.000000	C#4	61	80	
386	71.303385	Bb4	70	67	390	33.000000	Bb4	70	80	
387	71.316406	F#3	54	62	392	33.000000	F#3	54	80	
388	71.545573	C#5	73	53	393	33.125000	C#5	73	80	
389	71.813802	F#5	78	65	394	33.250000	F#5	78	80	
390	71.820312	Bb3	58	71	395	33.250000	Bb3	58	80	
391	72.082031	F5	77	68	396	33.375000	F5	77	80	
392	72.355469	F#4	66	74	398	33.500000	F#4	66	80	
393	72.368490	Eb5	75	65	397	33.500000	Eb5	75	80	
394	72.602865	C#5	73	72	399	33.625000	C#5	73	80	
395	72.854167	F#3	54	50	402	33.750000	F#3	54	80	
396	72.861979	C5	72	85	400	33.750000	C5	72	80	
397	72.865885	Eb4	63	80	401	33.750000	Eb4	63	80	
398	73.104167	Bb4	70	76	403	33.875000	Bb4	70	80	
399	73.118490	F3	53	53	404	33.875000	F3	53	80	
400	73.397135	Eb3	51	47	407	34.000000	Eb3	51	80	
401	73.412760	A4	69	73	405	34.000000	A4	69	80	
402	73.421875	F4	65	64	406	34.000000	F4	65	80	
403	73.675781	F#3	54	58	408	34.125000	F#3	54	80	
404	73.941406	F3	53	69	409	34.250000	F3	53	80	
405	74.183594	Eb3	51	64	410	34.375000	Eb3	51	80	
406	74.467448	F4	65	80	412	34.500000	F4	65	80	
407	74.471354	Bb4	70	78	411	34.500000	Bb4	70	80	
408	74.483073	C#3	49	59	414	34.500000	C#3	49	80	
409	74.486979	Bb3	58	60	413	34.500000	Bb3	58	80	
410	74.730469	C5	72	65	415	34.625000	C5	72	80	
411	74.740885	C3	48	48	416	34.625000	C3	48	80	
412	75.003906	Bb2	46	58	419	34.750000	Bb2	46	80	
413	75.016927	Bb4	70	71	418	34.750000	Bb4	70	80	
414	75.026042	C#5	73	75	417	34.750000	C#5	73	80	
415	75.270833	C#3	49	53	420	34.875000	C#3	49	80	
416	75.557292	F#4	66	87	421	35.000000	F#4	66	80	
417	75.558594	Eb3	51	49	422	35.000000	Eb3	51	80	
418	75.830729	F3	53	53	423	35.125000	F3	53	80	
419	76.082031	F#3	54	57	426	35.250000	F#3	54	80	
420	76.084635	Eb4	63	84	425	35.250000	Eb4	63	80	
421	76.095052	C5	72	72	424	35.250000	C5	72	80	
422	76.329427	Eb3	51	62	428	35.375000	Eb3	51	80	
423	76.341146	C#5	73	71	427	35.375000	C#5	73	80	
424	76.611979	C5	72	77	430	35.500000	C5	72	80	
425	76.619792	Eb5	75	83	429	35.500000	Eb5	75	80	
426	76.622396	F3	53	52	432	35.500000	F3	53	80	
427	76.626302	A3	57	52	431	35.500000	A3	57	80	
428	76.882812	Bb3	58	48	433	35.625000	Bb3	58	80	
429	77.154948	C4	60	50	435	35.750000	C4	60	80	
430	77.162760	A4	69	89	434	35.750000	A4	69	80	
431	77.381510	A3	57	56	436	35.875000	A3	57	80	
432	77.684896	Bb4	70	87	437	36.000000	Bb4	70	80	
433	77.703125	Bb2	46	55	439	36.000000	Bb2	46	80	
434	77.718750	F3	53	37	438	36.000000	F3	53	80	
435	77.946615	C5	72	60	440	36.125000	C5	72	80	
436	78.182292	C#5	73	62	441	36.250000	C#5	73	80	
437	78.200521	Bb3	58	39	442	36.250000	Bb3	58	80	
438	78.437500	C4	60	45	444	36.375000	C4	60	80	
439	78.437500	F5	77	66	443	36.375000	F5	77	80	
440	78.738281	C#4	61	45	446	36.500000	C#4	61	80	
441	78.742188	Bb5	82	64	445	36.500000	Bb5	82	80	
442	78.989583	F4	65	44	447	36.625000	F4	65	80	
443	79.276042	F5	77	68	448	36.750000	F5	77	80	
444	79.279948	F#4	66	43	449	36.750000	F#4	66	80	
445	79.498698	G#4	68	42	450	36.875000	G#4	68	80	
446	79.808594	Bb4	70	38	452	37.000000	Bb4	70	80	
447	79.817708	F#5	78	74	451	37.000000	F#5	78	80	
448	80.069010	G#4	68	45	453	37.125000	G#4	68	80	
449	80.328125	F#4	66	43	455	37.250000	F#4	66	80	
450	80.350260	Eb5	75	67	454	37.250000	Eb5	75	80	
451	80.584635	F4	65	37	456	37.375000	F4	65	80	
452	80.867188	C4	60	28	459	37.500000	C4	60	80	
453	80.886719	Eb4	63	32	458	37.500000	Eb4	63	80	
454	80.904948	G#5	80	65	457	37.500000	G#5	80	80	
455	81.173177	F4	65	37	460	37.625000	F4	65	80	
456	81.436198	F#4	66	40	462	37.750000	F#4	66	80	
457	81.438802	Eb5	75	57	461	37.750000	Eb5	75	80	
458	81.675781	Bb4	70	44	463	37.875000	Bb4	70	80	
459	81.957031	G#4	68	42	465	38.000000	G#4	68	80	
460	81.976562	F5	77	64	464	38.000000	F5	77	80	
461	82.199219	F#4	66	46	466	38.125000	F#4	66	80	
462	82.466146	F4	65	40	468	38.250000	F4	65	80	
463	82.470052	C#5	73	75	467	38.250000	C#5	73	80	
464	82.697917	F5	77	72	469	38.375000	F5	77	80	
465	82.720052	Eb4	63	41	470	38.375000	Eb4	63	80	
466	82.967448	Bb3	58	35	473	38.500000	Bb3	58	80	
467	82.986979	F#5	78	63	471	38.500000	F#5	78	80	
468	82.988281	C#4	61	35	472	38.500000	C#4	61	80	
469	83.278646	Eb4	63	33	474	38.625000	Eb4	63	80	
470	83.516927	C#5	73	60	475	38.750000	C#5	73	80	
471	83.535156	F4	65	36	476	38.750000	F4	65	80	
472	83.761719	G#4	68	48	477	38.875000	G#4	68	80	
473	84.029948	F#4	66	38	479	39.000000	F#4	66	80	
474	84.040365	Eb5	75	68	478	39.000000	Eb5	75	80	
475	84.307292	F4	65	42	480	39.125000	F4	65	80	
476	84.571615	Eb4	63	47	482	39.250000	Eb4	63	80	
477	84.571615	C5	72	67	481	39.250000	C5	72	80	
478	84.807292	C#4	61	47	483	39.375000	C#4	61	80	
479	85.088542	C4	60	34	485	39.500000	C4	60	80	
480	85.089844	A3	57	36	486	39.500000	A3	57	80	
481	85.109375	F5	77	68	484	39.500000	F5	77	80	
482	85.334635	C#4	61	43	487	39.625000	C#4	61	80	
483	85.578125	Eb4	63	37	489	39.750000	Eb4	63	80	
484	85.625000	C5	72	61	488	39.750000	C5	72	80	
485	85.817708	F#4	66	63	490	39.875000	F#4	66	80	
486	86.091146	Bb3	58	42	493	40.000000	Bb3	58	80	
487	86.108073	C#5	73	66	491	40.000000	C#5	73	80	
488	86.135417	F4	65	43	492	40.000000	F4	65	80	
489	86.388021	Eb4	63	54	494	40.125000	Eb4	63	80	
490	86.625000	C#4	61	66	495	40.250000	C#4	61	80	
491	86.852865	C4	60	61	496	40.375000	C4	60	80	
492	87.138021	Bb3	58	50	498	40.500000	Bb3	58	80	
493	87.154948	F4	65	77	497	40.500000	F4	65	80	
494	87.424479	G#3	56	54	499	40.625000	G#3	56	80	
495	87.727865	Bb4	70	87	500	40.750000	Bb4	70	80	
496	87.730469	G3	55	51	501	40.750000	G3	55	80	
497	87.964844	F3	53	54	502	40.875000	F3	53	80	
498	88.244792	G4	67	84	503	41.000000	G4	67	80	
499	88.251302	Eb3	51	51	504	41.000000	Eb3	51	80	
500	88.486979	C#4	61	61	505	41.125000	C#4	61	80	
501	88.759115	C4	60	57	507	41.250000	C4	60	80	
502	88.759115	Eb4	63	80	506	41.250000	Eb4	63	80	
503	88.994792	Bb3	58	62	508	41.375000	Bb3	58	80	
504	89.277344	G#3	56	59	510	41.500000	G#3	56	80	
505	89.287760	C5	72	84	509	41.500000	C5	72	80	
506	89.555990	G3	55	52	511	41.625000	G3	55	80	
507	89.821615	F3	53	52	514	41.750000	F3	53	80	
508	89.821615	F5	77	87	512	41.750000	F5	77	80	
509	89.833333	G#4	68	69	513	41.750000	G#4	68	80	
510	90.088542	G3	55	56	515	41.875000	G3	55	80	
511	90.346354	G#3	56	52	518	42.000000	G#3	56	80	
512	90.354167	D5	74	86	516	42.000000	D5	74	80	
513	90.367188	F4	65	64	517	42.000000	F4	65	80	
514	90.598958	C4	60	62	519	42.125000	C4	60	80	
515	90.864583	Bb4	70	83	520	42.250000	Bb4	70	80	
516	90.869792	Bb3	58	63	522	42.250000	Bb3	58	80	
517	90.876302	D4	62	63	521	42.250000	D4	62	80	
518	91.087240	G#3	56	63	523	42.375000	G#3	56	80	
519	91.358073	G3	55	71	525	42.500000	G3	55	80	
520	91.382812	Eb5	75	78	524	42.500000	Eb5	75	80	
521	91.630208	F3	53	76	526	42.625000	F3	53	80	
522	91.903646	Eb3	51	71	528	42.750000	Eb3	51	80	
523	91.934896	G4	67	47	527	42.750000	G4	67	80	
524	92.144531	C#3	49	71	529	42.875000	C#3	49	80	
525	92.416667	C3	48	61	531	43.000000	C3	48	80	
526	92.440104	G#4	68	59	530	43.000000	G#4	68	80	
527	92.708333	Bb4	70	53	532	43.125000	Bb4	70	80	
528	92.979167	C5	72	62	533	43.250000	C5	72	80	
529	92.984375	G#3	56	46	534	43.250000	G#3	56	80	
530	93.227865	Bb4	70	55	535	43.375000	Bb4	70	80	
531	93.489583	D5	74	59	536	43.500000	D5	74	80	
532	93.500000	Bb3	58	40	538	43.500000	Bb3	58	80	
533	93.503906	G#4	68	48	537	43.500000	G#4	68	80	
534	93.750000	G4	67	54	539	43.625000	G4	67	80	
535	93.985677	F4	65	56	540	43.750000	F4	65	80	
536	94.009115	Bb2	46	45	541	43.750000	Bb2	46	80	
537	94.248698	G#4	68	55	542	43.875000	G#4	68	80	
538	94.546875	Eb3	51	38	545	44.000000	Eb3	51	80	
539	94.553385	Eb5	75	50	543	44.000000	Eb5	75	80	
540	94.563802	G4	67	35	544	44.000000	G4	67	80	
541	94.795573	G#4	68	51	546	44.125000	G#4	68	80	
542	95.072917	Bb4	70	52	547	44.250000	Bb4	70	80	
543	95.324219	G4	67	57	548	44.375000	G4	67	80	
544	95.605469	Eb4	63	47	549	44.500000	Eb4	63	80	
545	95.812500	F3	53	56	550	44.625000	F3	53	80	
546	96.079427	G3	55	64	552	44.750000	G3	55	80	
547	96.091146	Bb4	70	55	551	44.750000	Bb4	70	80	
548	96.343750	G#3	56	73	553	44.875000	G#3	56	80	
549	96.593750	Bb3	58	76	555	45.000000	Bb3	58	80	
550	96.605469	G4	67	61	554	45.000000	G4	67	80	
551	96.851562	C4	60	79	556	45.125000	C4	60	80	
552	97.110677	C#4	61	73	558	45.250000	C#4	61	80	
553	97.118490	Eb4	63	70	557	45.250000	Eb4	63	80	
554	97.352865	C4	60	66	559	45.375000	C4	60	80	
555	97.619792	Bb3	58	55	561	45.500000	Bb3	58	80	
556	97.644531	C#5	73	76	560	45.500000	C#5	73	80	
557	97.882812	G#3	56	51	562	45.625000	G#3	56	80	
558	98.136719	G3	55	43	564	45.750000	G3	55	80	
559	98.156250	Bb4	70	67	563	45.750000	Bb4	70	80	
560	98.388021	Bb3	58	51	565	45.875000	Bb3	58	80	
561	98.666667	G#3	56	45	567	46.000000	G#3	56	80	
562	98.683594	C5	72	57	566	46.000000	C5	72	80	
563	98.921875	Eb3	51	46	568	46.125000	Eb3	51	80	
564	99.169271	F3	53	54	569	46.250000	F3	53	80	
565	99.423177	G3	55	59	570	46.375000	G3	55	80	
566	99.687500	G#3	56	48	572	46.500000	G#3	56	80	
567	99.709635	G#4	68	68	571	46.500000	G#4	68	80	
568	99.954427	Bb3	58	55	573	46.625000	Bb3	58	80	
569	100.212240	C4	60	49	575	46.750000	C4	60	80	
570	100.251302	Eb5	75	80	574	46.750000	Eb5	75	80	
571	100.488281	C#4	61	63	576	46.875000	C#4	61	80	
572	100.736979	Eb4	63	74	578	47.000000	Eb4	63	80	
573	100.747396	C5	72	79	577	47.000000	C5	72	80	
574	100.981771	F4	65	74	579	47.125000	F4	65	80	
575	101.252604	F#4	66	69	581	47.250000	F#4	66	80	
576	101.263021	G#4	68	81	580	47.250000	G#4	68	80	
577	101.496094	F4	65	56	582	47.375000	F4	65	80	
578	101.761719	Eb4	63	52	585	47.500000	Eb4	63	80	
579	101.764323	F#5	78	83	583	47.500000	F#5	78	80	
580	102.019531	C#4	61	51	586	47.625000	C#4	61	80	
581	102.290365	Eb5	75	72	587	47.750000	Eb5	75	80	
582	102.296875	C4	60	48	589	47.750000	C4	60	80	
583	102.298177	C5	72	53	*	-1	*	-1	-1	
584	102.544271	Eb4	63	45	590	47.875000	Eb4	63	80	
585	102.794271	C#4	61	49	592	48.000000	C#4	61	80	
586	102.807292	F5	77	66	591	48.000000	F5	77	80	
587	103.054688	Eb4	63	40	593	48.125000	Eb4	63	80	
588	103.335938	F4	65	38	595	48.250000	F4	65	80	
589	103.345052	G#4	68	47	594	48.250000	G#4	68	80	
590	103.575521	Eb4	63	42	596	48.375000	Eb4	63	80	
591	103.847656	C#4	61	44	599	48.500000	C#4	61	80	
592	103.863281	Bb4	70	54	598	48.500000	Bb4	70	80	
593	103.863281	F5	77	71	597	48.500000	F5	77	80	
594	104.106771	C4	60	45	600	48.625000	C4	60	80	
595	104.375000	Bb3	58	46	603	48.750000	Bb3	58	80	
596	104.382812	G5	79	71	601	48.750000	G5	79	80	
597	104.399740	C#5	73	52	602	48.750000	C#5	73	80	
598	104.628906	C#4	61	41	604	48.875000	C#4	61	80	
599	104.882812	C4	60	41	606	49.000000	C4	60	80	
600	104.906250	Eb5	75	64	605	49.000000	Eb5	75	80	
601	105.138021	C#4	61	37	607	49.125000	C#4	61	80	
602	105.436198	Eb4	63	42	609	49.250000	Eb4	63	80	
603	105.445312	G4	67	46	608	49.250000	G4	67	80	
604	105.636719	C#4	61	32	610	49.375000	C#4	61	80	
605	105.930990	C4	60	39	613	49.500000	C4	60	80	
606	105.932292	Eb5	75	57	611	49.500000	Eb5	75	80	
607	105.946615	A4	69	40	612	49.500000	A4	69	80	
608	106.166667	Bb3	58	41	614	49.625000	Bb3	58	80	
609	106.445312	F5	77	63	615	49.750000	F5	77	80	
610	106.460938	A3	57	34	617	49.750000	A3	57	80	
611	106.467448	C5	72	46	616	49.750000	C5	72	80	
612	106.697917	C4	60	38	618	49.875000	C4	60	80	
613	106.973958	Bb3	58	43	620	50.000000	Bb3	58	80	
614	106.993490	C#5	73	57	619	50.000000	C#5	73	80	
615	107.276042	C4	60	35	621	50.125000	C4	60	80	
616	107.503906	F4	65	54	622	50.250000	G4	67	80	
617	107.513021	C#4	61	43	623	50.250000	C#4	61	80	
618	107.746094	C4	60	40	624	50.375000	C4	60	80	
619	108.009115	C#5	73	76	625	50.500000	C#5	73	80	
620	108.016927	Bb3	58	49	627	50.500000	Bb3	58	80	
621	108.020833	Bb4	70	64	626	50.500000	Bb4	70	80	
622	108.282552	G#3	56	48	628	50.625000	G#3	56	80	
623	108.555990	G3	55	47	630	50.750000	G3	55	80	
624	108.569010	Bb5	82	85	629	50.750000	Bb5	82	80	
625	108.820312	Bb3	58	46	631	50.875000	Bb3	58	80	
626	109.074219	C5	72	85	632	51.000000	C5	72	80	
627	109.087240	G#3	56	57	634	51.125000	Bb3	58	80	
628	109.365885	G3	55	56	636	51.250000	G#3	56	80	
629	109.569010	C#5	73	79	635	51.250000	C#5	73	80	
630	109.596354	F3	53	60	638	51.375000	G3	55	80	
631	109.811198	Bb4	70	86	637	51.375000	Bb4	70	80	
632	109.820312	Eb3	51	63	641	51.500000	F3	53	80	
633	110.078125	C#3	49	60	642	51.625000	Eb3	51	80	
634	110.100260	C5	72	81	639	51.500000	C5	72	80	
635	110.110677	G#4	68	69	640	51.500000	G#4	68	80	
636	110.328125	F3	53	63	644	51.750000	F3	53	80	
637	110.588542	G#5	80	93	643	51.750000	G#5	80	80	
638	110.791667	Eb3	51	21	645	51.875000	C#3	49	80	
639	111.067708	Bb4	70	76	646	52.000000	Bb4	70	80	
640	111.072917	Eb3	51	68	648	52.000000	Eb3	51	80	
641	111.316406	C#3	49	61	650	52.125000	C#3	49	80	
642	111.333333	G4	67	86	649	52.125000	G4	67	80	
643	111.541667	C3	48	73	652	52.250000	C3	48	80	
644	111.574219	G#4	68	79	651	52.250000	G#4	68	80	
645	111.774740	Bb2	46	80	654	52.375000	Bb2	46	80	
646	111.795573	Bb4	70	77	653	52.375000	Bb4	70	80	
647	112.046875	G#2	44	81	656	52.500000	G#2	44	80	
648	112.089844	C5	72	65	655	52.500000	C5	72	80	
649	112.303385	Eb5	75	72	658	52.625000	Eb5	75	80	
650	112.548177	Eb3	51	87	660	52.750000	Eb3	51	80	
651	112.558594	F5	77	79	659	52.750000	F5	77	80	
652	112.785156	G5	79	80	661	52.875000	G5	79	80	
653	113.053385	C3	48	83	664	53.000000	C3	48	80	
654	113.055990	G#5	80	83	662	53.000000	G#5	80	80	
655	113.302083	C#5	73	59	665	53.125000	C#5	73	80	
656	113.579427	G#2	44	75	667	53.250000	G#2	44	80	
657	113.579427	Eb5	75	62	666	53.250000	Eb5	75	80	
658	113.819010	C5	72	56	668	53.375000	C5	72	80	
659	114.105469	F3	53	80	670	53.500000	F3	53	80	
660	114.132812	C#5	73	52	669	53.500000	C#5	73	80	
661	114.385417	G5	79	49	671	53.625000	G5	79	80	
662	114.632812	C#3	49	65	673	53.750000	C#3	49	80	
663	114.670573	F5	77	57	672	53.750000	F5	77	80	
664	114.897135	G#5	80	59	674	53.875000	G#5	80	80	
665	115.160156	Eb3	51	47	677	54.000000	Eb3	51	80	
666	115.174479	C#5	73	44	676	54.000000	C#5	73	80	
667	115.175781	G5	79	57	675	54.000000	G5	79	80	
668	115.429688	C5	72	51	678	54.125000	C5	72	80	
669	115.679688	Bb4	70	58	679	54.250000	Bb4	70	80	
670	115.936198	C#5	73	59	680	54.375000	C#5	73	80	
671	116.165365	C5	72	65	681	54.500000	C5	72	80	
672	116.170573	G3	55	48	682	54.500000	G3	55	80	
673	116.194010	E3	52	46	683	54.500000	E3	52	80	
674	116.416667	Bb3	58	46	684	54.625000	Bb3	58	80	
675	116.686198	C4	60	77	685	54.750000	C4	60	80	
676	116.695312	G#3	56	60	686	54.750000	G#3	56	80	
677	116.954427	G3	55	62	687	54.875000	G3	55	80	
678	117.251302	G#3	56	83	688	55.000000	G#3	56	80	
679	117.509115	Bb4	70	61	690	55.125000	Bb4	70	80	
680	117.783854	F3	53	85	692	55.250000	F3	53	80	
681	117.811198	G#4	68	60	691	55.250000	G#4	68	80	
682	118.057292	G4	67	56	693	55.375000	G4	67	80	
683	118.350260	D4	62	88	695	55.500000	D4	62	80	
684	118.373698	G#4	68	53	694	55.500000	G#4	68	80	
685	118.614583	C5	72	57	696	55.625000	C5	72	80	
686	118.876302	B3	59	82	698	55.750000	B3	59	80	
687	118.888021	F5	77	62	697	55.750000	F5	77	80	
688	119.147135	G#4	68	48	699	55.875000	G#4	68	80	
689	119.407552	C4	60	86	701	56.000000	C4	60	80	
690	119.408854	G4	67	67	700	56.000000	G4	67	80	
691	119.416667	C3	48	80	702	56.000000	C3	48	80	
692	119.647135	Eb3	51	56	704	56.125000	Eb3	51	80	
693	119.674479	Eb5	75	57	703	56.125000	Eb5	75	80	
694	119.902344	F3	53	57	706	56.250000	F3	53	80	
695	119.921875	D5	74	62	705	56.250000	C#5	73	80	
696	120.165365	F5	77	82	707	56.375000	F5	77	80	
697	120.177083	G3	55	56	708	56.375000	G3	55	80	
698	120.441406	G#3	56	63	711	56.500000	G#3	56	80	
699	120.447917	Eb5	75	80	709	56.500000	Eb5	75	80	
700	120.460938	Eb4	63	70	710	56.500000	Eb4	63	80	
701	120.697917	Bb3	58	54	712	56.625000	Bb3	58	80	
702	120.962240	C4	60	53	714	56.750000	C4	60	80	
703	120.971354	G#4	68	89	713	56.750000	G#4	68	80	
704	121.177083	Bb3	58	57	715	56.875000	Bb3	58	80	
705	121.503906	F4	65	84	716	57.000000	F4	65	80	
706	121.511719	C#3	49	49	718	57.000000	C#3	49	80	
707	121.518229	G#3	56	49	717	57.000000	G#3	56	80	
708	121.763021	G3	55	41	719	57.125000	G3	55	80	
709	122.028646	C#4	61	87	720	57.250000	C#4	61	80	
710	122.029948	F3	53	44	721	57.250000	F3	53	80	
711	122.302083	G3	55	45	722	57.375000	G3	55	80	
712	122.570312	G#3	56	49	725	57.500000	G#3	56	80	
713	122.572917	Bb4	70	81	724	57.500000	Bb4	70	80	
714	122.579427	C#5	73	76	723	57.500000	C#5	73	80	
715	122.817708	G3	55	43	726	57.625000	G3	55	80	
716	123.098958	G4	67	88	727	57.750000	G4	67	80	
717	123.128906	F3	53	50	728	57.750000	F3	53	80	
718	123.320312	Eb3	51	56	729	57.875000	Eb3	51	80	
719	123.621094	G#4	68	93	730	58.000000	G#4	68	80	
720	123.648438	G#2	44	51	732	58.000000	G#2	44	80	
721	123.656250	F3	53	46	731	58.000000	F3	53	80	
722	123.886719	C5	72	58	733	58.125000	C5	72	80	
723	123.888021	Eb3	51	42	734	58.125000	Eb3	51	80	
724	124.130208	C#3	49	40	736	58.250000	C#3	49	80	
725	124.148438	Bb4	70	60	735	58.250000	Bb4	70	80	
726	124.382812	C#5	73	63	737	58.375000	C#5	73	80	
727	124.403646	F3	53	33	738	58.375000	F3	53	80	
728	124.651042	C5	72	66	739	58.500000	C5	72	80	
729	124.657552	Eb3	51	48	740	58.500000	Eb3	51	80	
730	124.899740	F2	41	59	741	58.625000	F2	41	80	
731	125.136719	F5	77	70	742	58.750000	F5	77	80	
732	125.143229	G2	43	66	743	58.750000	G2	43	80	
733	125.385417	G#2	44	71	744	58.875000	G#2	44	80	
734	125.638021	Bb2	46	74	746	59.000000	Bb2	46	80	
735	125.654948	C#5	73	63	745	59.000000	C#5	73	80	
736	125.889323	C3	48	65	747	59.125000	C3	48	80	
737	126.165365	C#3	49	58	749	59.250000	C#3	49	80	
738	126.166667	Bb4	70	62	748	59.250000	Bb4	70	80	
739	126.430990	Eb3	51	50	750	59.375000	Eb3	51	80	
740	126.696615	C#3	49	42	752	59.500000	C#3	49	80	
741	126.705729	F#5	78	70	751	59.500000	F#5	78	80	
742	126.945312	C3	48	44	753	59.625000	C3	48	80	
743	127.199219	Bb2	46	46	757	59.750000	Bb2	46	80	
744	127.229167	C5	72	46	755	59.750000	C5	72	80	
745	127.229167	Eb5	75	61	754	59.750000	Eb5	75	80	
746	127.447917	G#2	44	46	758	59.875000	G#2	44	80	
747	127.740885	F5	77	65	759	60.000000	F5	77	80	
748	127.746094	C#3	49	42	762	60.000000	C#3	49	80	
749	128.009115	C3	48	40	763	60.125000	C3	48	80	
750	128.243490	C#3	49	40	765	60.250000	C#3	49	80	
751	128.263021	C#5	73	52	764	60.250000	C#5	73	80	
752	128.488281	F3	53	41	766	60.375000	F3	53	80	
753	128.755208	Eb3	51	46	768	60.500000	Eb3	51	80	
754	128.768229	G#5	80	76	767	60.500000	G#5	80	80	
755	129.024740	D3	50	46	769	60.625000	D3	50	80	
756	129.278646	F5	77	82	770	60.750000	F5	77	80	
757	129.282552	D5	74	74	771	60.750000	D5	74	80	
758	129.296875	C3	48	50	773	60.750000	C3	48	80	
759	129.529948	Bb2	46	55	774	60.875000	Bb2	46	80	
760	129.795573	Eb3	51	45	778	61.000000	Eb3	51	80	
761	129.800781	G5	79	78	775	61.000000	G5	79	80	
762	129.837240	Bb4	70	51	777	61.000000	Bb4	70	80	
763	130.071615	D3	50	45	779	61.125000	D3	50	80	
764	130.338542	Eb5	75	82	780	61.250000	Eb5	75	80	
765	130.345052	Eb3	51	48	781	61.250000	Eb3	51	80	
766	130.591146	G3	55	44	782	61.375000	G3	55	80	
767	130.851562	Bb5	82	89	783	61.500000	Bb5	82	80	
768	130.859375	F3	53	44	784	61.500000	F3	53	80	
769	131.122396	E3	52	50	785	61.625000	E3	52	80	
770	131.361979	G5	79	82	786	61.750000	G5	79	80	
771	131.368490	E5	76	71	787	61.750000	E5	76	80	
772	131.369792	C5	72	67	*	-1	*	-1	-1	
773	131.377604	D3	50	51	789	61.750000	D3	50	80	
774	131.602865	C3	48	51	790	61.875000	C3	48	80	
775	131.895833	F3	53	41	794	62.000000	F3	53	80	
776	131.898438	G#5	80	86	791	62.000000	G#5	80	80	
777	131.903646	F5	77	68	793	62.000000	F5	77	80	
778	132.152344	G3	55	49	795	62.125000	G3	55	80	
779	132.424479	G#3	56	50	797	62.250000	G#3	56	80	
780	132.445312	C5	72	84	796	62.250000	F5	77	80	
781	132.651042	F3	53	53	798	62.375000	F3	53	80	
782	132.949219	C#5	73	82	799	62.500000	C#5	73	80	
783	132.957031	Bb3	58	55	800	62.500000	Bb3	58	80	
784	133.197917	G#3	56	50	801	62.625000	G#3	56	80	
785	133.473958	G3	55	50	803	62.750000	G3	55	80	
786	133.479167	Bb4	70	79	802	62.750000	Bb4	70	80	
787	133.707031	F3	53	54	804	62.875000	F3	53	80	
788	133.985677	Eb3	51	49	806	63.000000	Eb3	51	80	
789	134.007812	G4	67	80	805	63.000000	G4	67	80	
790	134.279948	C#3	49	52	807	63.125000	C#3	49	80	
791	134.542969	C3	48	57	811	63.250000	C3	48	80	
792	134.555990	Eb5	75	85	808	63.250000	Eb5	75	80	
793	134.777344	Bb2	46	61	812	63.375000	Bb2	46	80	
794	135.063802	C5	72	88	813	63.500000	C5	72	80	
795	135.083333	G#2	44	57	815	63.500000	G#2	44	80	
796	135.345052	Bb2	46	54	816	63.625000	Bb2	46	80	
797	135.601562	C3	48	58	820	63.750000	C3	48	80	
798	135.601562	F5	77	90	817	63.750000	F5	77	80	
799	135.605469	G#4	68	76	819	63.750000	G#4	68	80	
800	135.617188	F4	65	69	818	63.750000	F4	65	80	
801	135.860677	C#3	49	68	821	63.875000	C#3	49	80	
802	136.138021	C5	72	87	822	64.000000	C5	72	80	
803	136.140625	G#4	68	64	823	64.000000	G#4	68	80	
804	136.149740	Eb3	51	66	825	64.000000	Eb3	51	80	
805	136.157552	Eb4	63	81	824	64.000000	Eb4	63	80	
806	136.454427	C#3	49	66	826	64.125000	C#3	49	80	
807	136.697917	C3	48	80	827	64.250000	C3	48	80	
808	136.945312	C#3	49	85	828	64.375000	C#3	49	80	
809	137.244792	Eb3	51	80	831	64.500000	Eb3	51	80	
810	137.253906	Bb4	70	90	829	64.500000	Bb4	70	80	
811	137.268229	C#4	61	74	830	64.500000	C#4	61	80	
812	137.863281	Eb2	39	74	833	64.750000	Eb2	39	80	
813	137.875000	G4	67	81	832	64.750000	G4	67	80	
814	138.497396	F2	41	67	836	65.000000	F2	41	80	
815	138.537760	F4	65	83	835	65.000000	F4	65	80	
816	138.546875	C4	60	78	834	65.000000	C4	60	80	
817	139.138021	G#4	68	86	837	65.250000	G#4	68	80	
818	139.384115	G4	67	88	838	65.375000	G4	67	80	
819	139.643229	G#4	68	90	839	65.500000	G#4	68	80	
820	139.889323	Eb2	39	72	840	65.625000	Eb2	39	80	
821	140.177083	Bb4	70	80	843	65.750000	Bb4	70	80	
822	140.178385	F2	41	71	844	65.750000	F2	41	80	
823	140.180990	Eb5	75	86	841	65.750000	Eb5	75	80	
824	140.182292	Eb4	63	80	842	65.750000	Eb4	63	80	
825	140.421875	G2	43	76	845	65.875000	G2	43	80	
826	140.697917	G#2	44	84	849	66.000000	G#2	44	80	
827	140.700521	C5	72	79	846	66.000000	C5	72	80	
828	140.953125	Bb2	46	85	850	66.125000	Bb2	46	80	
829	141.208333	C3	48	80	852	66.250000	C3	48	80	
830	141.238281	G#4	68	95	851	66.250000	G#4	68	80	
831	141.472656	Eb3	51	80	853	66.375000	Eb3	51	80	
832	141.743490	C#3	49	66	855	66.500000	C#3	49	80	
833	141.746094	F5	77	94	854	66.500000	F5	77	80	
834	142.014323	C3	48	60	856	66.625000	C3	48	80	
835	142.292969	C#5	73	88	857	66.750000	C#5	73	80	
836	142.296875	F4	65	78	858	66.750000	F4	65	80	
837	142.303385	Bb4	70	78	859	66.750000	Bb4	70	80	
838	142.307292	Bb2	46	63	860	66.750000	Bb2	46	80	
839	142.570312	G#2	44	55	861	66.875000	G#2	44	80	
840	142.839844	G2	43	56	865	67.000000	G2	43	80	
841	142.848958	Eb5	75	88	862	67.000000	Eb5	75	80	
842	143.117188	F2	41	55	866	67.125000	F2	41	80	
843	143.414062	G4	67	77	867	67.250000	G4	67	80	
844	143.419271	Eb2	39	53	868	67.250000	Eb2	39	80	
845	143.677083	C#2	37	50	869	67.375000	C#2	37	80	
846	143.994792	C2	36	50	871	67.500000	C2	36	80	
847	143.998698	G#4	68	81	870	67.500000	G#4	68	80	
848	144.294271	Eb2	39	45	872	67.625000	Eb2	39	80	
849	144.617188	C#2	37	45	874	67.750000	C#2	37	80	
850	144.623698	Bb3	58	61	875	67.750000	Bb3	58	80	
851	144.623698	F4	65	71	873	67.750000	F4	65	80	
852	144.960938	F2	41	52	876	67.875000	F2	41	80	
853	145.375000	Eb2	39	44	878	68.000000	Eb2	39	80	
854	145.419271	Bb3	58	74	877	68.000000	Bb3	58	80	
855	145.770833	C4	60	66	880	68.125000	C4	60	80	
856	146.063802	C#4	61	76	881	68.250000	C#4	61	80	
857	146.406250	F4	65	81	882	68.375000	F4	65	80	
858	146.804688	Eb3	51	42	885	68.500000	Eb3	51	80	
859	146.828125	G4	67	83	883	68.500000	G4	67	80	
860	146.839844	Eb4	63	68	884	68.500000	Eb4	63	80	
861	147.350260	C#4	61	67	886	68.625000	C#4	61	80	
862	147.802083	C4	60	65	887	68.750000	C4	60	80	
863	148.313802	C#4	61	62	888	68.875000	C#4	61	80	
864	149.295573	G#4	68	72	889	69.000000	G#4	68	80	
865	149.309896	G#2	44	37	891	69.000000	G#2	44	80	
866	149.313802	C4	60	53	890	69.000000	C4	60	80	
867	149.319010	Eb3	51	31	892	69.000000	Eb3	51	80	
*	-1	*	-1	-1	82	9.500000	G#3	56	80	
*	-1	*	-1	-1	102	11.000000	Bb3	58	80	
*	-1	*	-1	-1	183	18.000000	G#4	68	80	
*	-1	*	-1	-1	191	18.750000	C4	60	80	
*	-1	*	-1	-1	210	20.000000	G#4	68	80	
*	-1	*	-1	-1	220	20.500000	Eb4	63	80	
*	-1	*	-1	-1	305	26.250000	D5	74	80	
*	-1	*	-1	-1	308	26.375000	E5	76	80	
*	-1	*	-1	-1	584	47.500000	C5	72	80	
*	-1	*	-1	-1	588	47.750000	Eb5	75	80	
*	-1	*	-1	-1	647	52.000000	G#4	68	80	
*	-1	*	-1	-1	657	52.500000	G#2	44	80	
*	-1	*	-1	-1	663	53.000000	C5	72	80	
*	-1	*	-1	-1	689	55.000000	F3	53	80	
*	-1	*	-1	-1	756	59.750000	Eb5	75	80	
*	-1	*	-1	-1	760	60.000000	Eb5	75	80	
*	-1	*	-1	-1	761	60.000000	G#4	68	80	
*	-1	*	-1	-1	772	60.750000	F5	77	80	
*	-1	*	-1	-1	776	61.000000	F5	77	80	
*	-1	*	-1	-1	788	61.750000	G5	79	80	
*	-1	*	-1	-1	792	62.000000	C5	72	80	
*	-1	*	-1	-1	809	63.250000	Bb4	70	80	
*	-1	*	-1	-1	810	63.250000	G4	67	80	
*	-1	*	-1	-1	814	63.500000	G#4	68	80	
*	-1	*	-1	-1	847	66.000000	Eb4	63	80	
*	-1	*	-1	-1	848	66.000000	G#4	68	80	
*	-1	*	-1	-1	863	67.000000	Eb4	63	80	
*	-1	*	-1	-1	864	67.000000	Bb4	70	80	
*	-1	*	-1	-1	879	68.000000	Bb3	58	80	
*	-1	*	-1	-1	633	51.000000	G#3	56	80	
