// alignID alignOntime alignSitch alignPitch alignOnvel refID refOntime refSitch refPitch refOnvel
0	1.028646	C#3	49	53	1	0.000000	C#3	49	80	
1	1.031250	F5	77	69	0	0.000000	F5	77	80	
2	1.130208	C#5	73	64	2	0.125000	C#5	73	80	
3	1.218750	G#4	68	66	3	0.250000	G#4	68	80	
4	1.354167	C#5	73	34	4	0.375000	C#5	73	80	
5	1.436198	C#4	61	62	6	0.500000	C#4	61	80	
6	1.436198	F5	77	48	5	0.500000	F5	77	80	
7	1.514323	C#5	73	69	7	0.625000	C#5	73	80	
8	1.638021	F#5	78	75	8	0.750000	F#5	78	80	
9	1.639323	Eb3	51	54	9	0.750000	Eb3	51	80	
10	1.739583	C#5	73	64	10	0.875000	C#5	73	80	
11	1.839844	F#5	78	79	11	1.000000	F#5	78	80	
12	1.945312	C#5	73	64	12	1.125000	C#5	73	80	
13	2.028646	F#5	78	76	13	1.250000	F#5	78	80	
14	2.049479	C#4	61	62	14	1.250000	C#4	61	80	
15	2.132812	C#5	73	68	15	1.375000	C#5	73	80	
16	2.243490	G#5	80	78	16	1.500000	G#5	80	80	
17	2.248698	F3	53	64	17	1.500000	F3	53	80	
18	2.360677	C#5	73	65	18	1.625000	C#5	73	80	
19	2.455729	G#5	80	78	19	1.750000	G#5	80	80	
20	2.565104	C#5	73	67	20	1.875000	C#5	73	80	
21	2.652344	G#5	80	83	21	2.000000	G#5	80	80	
22	2.658854	C#4	61	57	22	2.000000	C#4	61	80	
23	2.751302	C#5	73	64	23	2.125000	C#5	73	80	
24	2.861979	F#3	54	62	25	2.250000	F#3	54	80	
25	2.863281	Bb5	82	78	24	2.250000	Bb5	82	80	
26	2.964844	C#5	73	64	26	2.375000	C#5	73	80	
27	3.058594	Bb5	82	79	27	2.500000	Bb5	82	80	
28	3.166667	C#5	73	63	28	2.625000	C#5	73	80	
29	3.259115	Bb5	82	73	29	2.750000	Bb5	82	80	
30	3.295573	C#4	61	59	30	2.750000	C#4	61	80	
31	3.365885	C#5	73	59	31	2.875000	C#5	73	80	
32	3.484375	F3	53	60	33	3.000000	F3	53	80	
33	3.488281	G#5	80	72	32	3.000000	G#5	80	80	
34	3.579427	C#5	73	61	34	3.125000	C#5	73	80	
35	3.691406	G#5	80	72	35	3.250000	G#5	80	80	
36	3.787760	C#5	73	60	36	3.375000	C#5	73	80	
37	3.877604	C#4	61	62	38	3.500000	C#4	61	80	
38	3.881510	G#5	80	68	37	3.500000	G#5	80	80	
39	3.957031	C#5	73	58	39	3.625000	C#5	73	80	
40	4.071615	F#5	78	70	40	3.750000	F#5	78	80	
41	4.084635	Eb3	51	63	41	3.750000	Eb3	51	80	
42	4.170573	F5	77	74	42	3.875000	F5	77	80	
43	4.266927	Eb5	75	72	43	4.000000	Eb5	75	80	
44	4.361979	F5	77	70	44	4.125000	F5	77	80	
45	4.473958	F#5	78	71	45	4.250000	F#5	78	80	
46	4.485677	C4	60	65	46	4.250000	C4	60	80	
47	4.566406	Eb5	75	69	47	4.375000	Eb5	75	80	
48	4.677083	F5	77	69	48	4.500000	F5	77	80	
49	4.686198	C#3	49	68	49	4.500000	C#3	49	80	
50	4.785156	Eb5	75	73	50	4.625000	Eb5	75	80	
51	4.871094	C#5	73	72	51	4.750000	C#5	73	80	
52	4.962240	Eb5	75	64	52	4.875000	Eb5	75	80	
53	5.071615	F5	77	70	53	5.000000	F5	77	80	
54	5.085938	C#4	61	71	54	5.000000	C#4	61	80	
55	5.171875	C#5	73	77	55	5.125000	C#5	73	80	
56	5.294271	Eb5	75	72	56	5.250000	Eb5	75	80	
57	5.386719	F5	77	69	57	5.375000	F5	77	80	
58	5.488281	Eb5	75	69	58	5.500000	Eb5	75	80	
59	5.500000	C4	60	61	59	5.500000	C4	60	80	
60	5.582031	Bb3	58	69	61	5.625000	Bb3	58	80	
61	5.584635	C#5	73	73	60	5.625000	C#5	73	80	
62	5.679688	G#3	56	64	63	5.750000	G#3	56	80	
63	5.686198	C5	72	69	62	5.750000	C5	72	80	
64	5.783854	Bb4	70	73	64	5.875000	Bb4	70	80	
65	5.792969	Bb3	58	62	65	5.875000	Bb3	58	80	
66	5.894531	G#4	68	75	66	6.000000	G#4	68	80	
67	5.902344	C4	60	63	67	6.000000	C4	60	80	
68	5.994792	G#3	56	67	68	6.125000	G#3	56	80	
69	6.089844	Eb3	51	66	69	6.250000	Eb3	51	80	
70	6.187500	G#3	56	64	70	6.375000	G#3	56	80	
71	6.312500	C4	60	64	72	6.500000	C4	60	80	
72	6.320312	G#5	80	60	71	6.500000	G#5	80	80	
73	6.412760	G#3	56	64	73	6.625000	G#3	56	80	
74	6.542969	C#4	61	69	75	6.750000	C#4	61	80	
75	6.542969	Bb4	70	75	74	6.750000	Bb4	70	80	
76	6.651042	G#3	56	64	76	6.875000	G#3	56	80	
77	6.746094	C#4	61	66	77	7.000000	C#4	61	80	
78	6.850260	G#3	56	68	78	7.125000	G#3	56	80	
79	6.960938	C#4	61	67	80	7.250000	C#4	61	80	
80	6.962240	G#5	80	69	79	7.250000	G#5	80	80	
81	7.061198	G#3	56	70	81	7.375000	G#3	56	80	
82	7.182292	C5	72	76	82	7.500000	C5	72	80	
83	7.187500	Eb4	63	69	83	7.500000	Eb4	63	80	
84	7.285156	G#3	56	70	84	7.625000	G#3	56	80	
85	7.410156	Eb4	63	65	85	7.750000	Eb4	63	80	
86	7.492188	G#3	56	70	86	7.875000	G#3	56	80	
87	7.602865	G#5	80	74	87	8.000000	G#5	80	80	
88	7.606771	Eb4	63	71	88	8.000000	Eb4	63	80	
89	7.686198	G#3	56	65	89	8.125000	G#3	56	80	
90	7.829427	F4	65	72	91	8.250000	F4	65	80	
91	7.829427	C#5	73	79	90	8.250000	C#5	73	80	
92	7.925781	G#3	56	72	92	8.375000	G#3	56	80	
93	8.037760	F4	65	71	93	8.500000	F4	65	80	
94	8.148438	G#3	56	70	94	8.625000	G#3	56	80	
95	8.239583	G#5	80	71	95	8.750000	G#5	80	80	
96	8.256510	F4	65	65	96	8.750000	F4	65	80	
97	8.369792	G#3	56	64	97	8.875000	G#3	56	80	
98	8.483073	Eb4	63	70	99	9.000000	Eb4	63	80	
99	8.483073	C5	72	71	98	9.000000	C5	72	80	
100	8.584635	G#3	56	66	100	9.125000	G#3	56	80	
101	8.690104	Eb4	63	66	101	9.250000	Eb4	63	80	
102	8.791667	G#3	56	65	102	9.375000	G#3	56	80	
103	8.886719	G#5	80	69	103	9.500000	G#5	80	80	
104	8.899740	Eb4	63	67	104	9.500000	Eb4	63	80	
105	8.984375	G#3	56	66	105	9.625000	G#3	56	80	
106	9.115885	Bb4	70	75	106	9.750000	Bb4	70	80	
107	9.117188	C#4	61	67	107	9.750000	C#4	61	80	
108	9.200521	C4	60	68	108	9.875000	C4	60	80	
109	9.325521	Bb3	58	68	109	10.000000	Bb3	58	80	
110	9.411458	C4	60	70	110	10.125000	C4	60	80	
111	9.533854	G5	79	72	111	10.250000	G5	79	80	
112	9.540365	C#4	61	75	112	10.250000	C#4	61	80	
113	9.622396	Bb3	58	68	113	10.375000	Bb3	58	80	
114	9.750000	G#4	68	76	114	10.500000	G#4	68	80	
115	9.751302	C4	60	68	115	10.500000	C4	60	80	
116	9.852865	Bb3	58	74	116	10.625000	Bb3	58	80	
117	9.959635	G#3	56	68	117	10.750000	G#3	56	80	
118	10.054688	Bb3	58	69	118	10.875000	Bb3	58	80	
119	10.167969	G#5	80	77	119	11.000000	G#5	80	80	
120	10.177083	C4	60	72	120	11.000000	C4	60	80	
121	10.266927	G#3	56	77	121	11.125000	G#3	56	80	
122	10.393229	Bb3	58	76	122	11.250000	Bb3	58	80	
123	10.497396	B3	59	67	123	11.375000	B3	59	80	
124	10.589844	F#5	78	71	124	11.500000	F#5	78	80	
125	10.601562	Bb3	58	65	125	11.500000	Bb3	58	80	
126	10.680990	G#3	56	69	127	11.625000	G#3	56	80	
127	10.695312	F5	77	70	126	11.625000	F5	77	80	
128	10.787760	F#3	54	61	129	11.750000	F#3	54	80	
129	10.795573	Eb5	75	72	128	11.750000	Eb5	75	80	
130	10.885417	F5	77	60	130	11.875000	F5	77	80	
131	10.899740	F3	53	66	131	11.875000	F3	53	80	
132	11.002604	Eb3	51	63	133	12.000000	Eb3	51	80	
133	11.019531	F#5	78	57	132	12.000000	F#5	78	80	
134	11.117188	Eb5	75	62	134	12.125000	Eb5	75	80	
135	11.208333	Bb4	70	68	135	12.250000	Bb4	70	80	
136	11.325521	Eb5	75	62	136	12.375000	Eb5	75	80	
137	11.423177	Eb4	63	57	138	12.500000	Eb4	63	80	
138	11.424479	F#5	78	71	137	12.500000	F#5	78	80	
139	11.524740	Eb5	75	65	139	12.625000	Eb5	75	80	
140	11.628906	G#5	80	75	140	12.750000	G#5	80	80	
141	11.632812	F3	53	55	141	12.750000	F3	53	80	
142	11.736979	Eb5	75	72	142	12.875000	Eb5	75	80	
143	11.846354	G#5	80	78	143	13.000000	G#5	80	80	
144	11.949219	Eb5	75	69	144	13.125000	Eb5	75	80	
145	12.048177	G#5	80	77	145	13.250000	G#5	80	80	
146	12.055990	Eb4	63	65	146	13.250000	Eb4	63	80	
147	12.138021	Eb5	75	66	147	13.375000	Eb5	75	80	
148	12.257812	Bb5	82	77	148	13.500000	Bb5	82	80	
149	12.264323	F#3	54	67	149	13.500000	F#3	54	80	
150	12.368490	Eb5	75	70	150	13.625000	Eb5	75	80	
151	12.470052	Bb5	82	79	151	13.750000	Bb5	82	80	
152	12.569010	Eb5	75	67	152	13.875000	Eb5	75	80	
153	12.671875	Bb5	82	79	153	14.000000	Bb5	82	80	
154	12.697917	Eb4	63	62	154	14.000000	Eb4	63	80	
155	12.764323	Eb5	75	73	155	14.125000	Eb5	75	80	
156	12.904948	B5	83	79	156	14.250000	B5	83	80	
157	12.906250	G#3	56	68	157	14.250000	G#3	56	80	
158	12.997396	Eb5	75	70	158	14.375000	Eb5	75	80	
159	13.117188	B5	83	76	159	14.500000	B5	83	80	
160	13.220052	Eb5	75	65	160	14.625000	Eb5	75	80	
161	13.335938	B5	83	73	161	14.750000	B5	83	80	
162	13.348958	Eb4	63	59	162	14.750000	Eb4	63	80	
163	13.436198	Eb5	75	62	163	14.875000	Eb5	75	80	
164	13.552083	F#3	54	60	165	15.000000	F#3	54	80	
165	13.555990	Bb5	82	70	164	15.000000	Bb5	82	80	
166	13.651042	Eb5	75	61	166	15.125000	Eb5	75	80	
167	13.765625	Bb5	82	71	167	15.250000	Bb5	82	80	
168	13.859375	Eb5	75	59	168	15.375000	Eb5	75	80	
169	13.959635	Eb4	63	61	170	15.500000	Eb4	63	80	
170	13.962240	Bb5	82	69	169	15.500000	Bb5	82	80	
171	14.048177	Eb5	75	56	171	15.625000	Eb5	75	80	
172	14.165365	G#5	80	70	172	15.750000	G#5	80	80	
173	14.173177	F3	53	57	173	15.750000	F3	53	80	
174	14.265625	F#5	78	68	174	15.875000	F#5	78	80	
175	14.378906	F5	77	69	175	16.000000	F5	77	80	
176	14.471354	F#5	78	66	176	16.125000	F#5	78	80	
177	14.574219	G#5	80	72	177	16.250000	G#5	80	80	
178	14.576823	D4	62	65	178	16.250000	D4	62	80	
179	14.673177	F5	77	67	179	16.375000	F5	77	80	
180	14.781250	F#5	78	70	180	16.500000	F#5	78	80	
181	14.791667	Eb3	51	67	181	16.500000	Eb3	51	80	
182	14.889323	F5	77	61	182	16.625000	F5	77	80	
183	14.979167	Eb5	75	72	183	16.750000	Eb5	75	80	
184	15.080729	F5	77	57	184	16.875000	F5	77	80	
185	15.160156	Eb4	63	70	186	17.000000	Eb4	63	80	
186	15.171875	F#5	78	66	185	17.000000	F#5	78	80	
187	15.281250	Eb5	75	74	187	17.125000	Eb5	75	80	
188	15.389323	F5	77	68	188	17.250000	F5	77	80	
189	15.479167	F#5	78	69	189	17.375000	F#5	78	80	
190	15.562500	C#4	61	64	191	17.500000	C#4	61	80	
191	15.580729	F5	77	60	190	17.500000	F5	77	80	
192	15.657552	C4	60	69	193	17.625000	C4	60	80	
193	15.680990	Eb5	75	66	192	17.625000	Eb5	75	80	
194	15.751302	Bb3	58	61	195	17.750000	Bb3	58	80	
195	15.785156	C#5	73	73	194	17.750000	C#5	73	80	
196	15.852865	C4	60	54	197	17.875000	C4	60	80	
197	15.878906	C5	72	59	196	17.875000	C5	72	80	
198	15.971354	C#4	61	70	199	18.000000	C#4	61	80	
199	15.990885	Bb4	70	78	198	18.000000	Bb4	70	80	
200	16.085938	Bb3	58	64	200	18.125000	Bb3	58	80	
201	16.201823	F3	53	67	201	18.250000	F3	53	80	
202	16.292969	Bb3	58	54	202	18.375000	Bb3	58	80	
203	16.417969	Bb5	82	71	203	18.500000	Bb5	82	80	
204	16.420573	C#4	61	63	204	18.500000	C#4	61	80	
205	16.520833	Bb3	58	62	205	18.625000	Bb3	58	80	
206	16.631510	Eb4	63	64	207	18.750000	Eb4	63	80	
207	16.640625	C5	72	74	206	18.750000	C5	72	80	
208	16.731771	Bb3	58	68	208	18.875000	Bb3	58	80	
209	16.839844	Eb4	63	66	209	19.000000	Eb4	63	80	
210	16.934896	Bb3	58	67	210	19.125000	Bb3	58	80	
211	17.045573	Eb4	63	67	212	19.250000	Eb4	63	80	
212	17.058594	Bb5	82	58	211	19.250000	Bb5	82	80	
213	17.128906	Bb3	58	69	213	19.375000	Bb3	58	80	
214	17.272135	F4	65	67	215	19.500000	F4	65	80	
215	17.283854	C#5	73	76	214	19.500000	C#5	73	80	
216	17.384115	Bb3	58	67	216	19.625000	Bb3	58	80	
217	17.501302	F4	65	68	217	19.750000	F4	65	80	
218	17.611979	Bb3	58	68	218	19.875000	Bb3	58	80	
219	17.695312	Bb5	82	68	219	20.000000	Bb5	82	80	
220	17.712240	F4	65	62	220	20.000000	F4	65	80	
221	17.805990	Bb3	58	66	221	20.125000	Bb3	58	80	
222	17.930990	F#4	66	68	223	20.250000	F#4	66	80	
223	17.938802	Eb5	75	77	222	20.250000	Eb5	75	80	
224	18.024740	Bb3	58	64	224	20.375000	Bb3	58	80	
225	18.130208	F#4	66	66	225	20.500000	F#4	66	80	
226	18.223958	Bb3	58	67	226	20.625000	Bb3	58	80	
227	18.345052	F#4	66	68	228	20.750000	F#4	66	80	
228	18.371094	Bb5	82	70	227	20.750000	Bb5	82	80	
229	18.441406	Bb3	58	65	229	20.875000	Bb3	58	80	
230	18.582031	F4	65	63	231	21.000000	F4	65	80	
231	18.600260	C#5	73	74	230	21.000000	C#5	73	80	
232	18.679688	Bb3	58	67	232	21.125000	Bb3	58	80	
233	18.795573	F4	65	68	233	21.250000	F4	65	80	
234	18.899740	Bb3	58	68	234	21.375000	Bb3	58	80	
235	19.003906	Bb5	82	68	235	21.500000	Bb5	82	80	
236	19.020833	F4	65	60	236	21.500000	F4	65	80	
237	19.110677	Bb3	58	69	237	21.625000	Bb3	58	80	
238	19.242188	Eb4	63	63	239	21.750000	Eb4	63	80	
239	19.247396	C5	72	71	238	21.750000	C5	72	80	
240	19.337240	C#4	61	70	240	21.875000	C#4	61	80	
241	19.446615	C4	60	65	241	22.000000	C4	60	80	
242	19.558594	C#4	61	68	242	22.125000	C#4	61	80	
243	19.654948	Eb4	63	73	244	22.250000	Eb4	63	80	
244	19.656250	A5	81	77	243	22.250000	A5	81	80	
245	19.753906	C4	60	69	245	22.375000	C4	60	80	
246	19.877604	C#4	61	70	247	22.500000	C#4	61	80	
247	19.901042	Bb4	70	74	246	22.500000	Bb4	70	80	
248	19.990885	C4	60	70	248	22.625000	C4	60	80	
249	20.095052	Bb3	58	64	249	22.750000	Bb3	58	80	
250	20.182292	C4	60	63	250	22.875000	C4	60	80	
251	20.325521	Bb5	82	80	251	23.000000	Bb5	82	80	
252	20.339844	C#4	61	68	252	23.000000	C#4	61	80	
253	20.428385	Bb3	58	66	253	23.125000	Bb3	58	80	
254	20.550781	E4	64	73	254	23.250000	E4	64	80	
255	20.657552	D4	62	71	255	23.375000	D4	62	80	
256	20.760417	C4	60	72	257	23.500000	C4	60	80	
257	20.764323	G#5	80	72	256	23.500000	G#5	80	80	
258	20.864583	D4	62	64	258	23.625000	D4	62	80	
259	20.953125	E4	64	63	260	23.750000	E4	64	80	
260	20.979167	G5	79	76	259	23.750000	G5	79	80	
261	21.049479	C4	60	67	261	23.875000	C4	60	80	
262	21.186198	F4	65	66	263	24.000000	F4	65	80	
263	21.201823	G#5	80	74	262	24.000000	G#5	80	80	
264	21.295573	E4	64	66	264	24.125000	E4	64	80	
265	21.406250	G#4	68	74	265	24.250000	G#4	68	80	
266	21.414062	F4	65	71	266	24.250000	F4	65	80	
267	21.513021	G4	67	67	267	24.375000	G4	67	80	
268	21.626302	F4	65	68	269	24.500000	F4	65	80	
269	21.627604	G#5	80	82	268	24.500000	G#5	80	80	
270	21.722656	Eb4	63	71	270	24.625000	Eb4	63	80	
271	21.839844	D4	62	70	271	24.750000	D4	62	80	
272	21.946615	C4	60	67	272	24.875000	C4	60	80	
273	22.053385	Bb3	58	67	274	25.000000	Bb3	58	80	
274	22.072917	F#5	78	74	273	25.000000	F#5	78	80	
275	22.162760	C4	60	63	275	25.125000	C4	60	80	
276	22.269531	D4	62	65	277	25.250000	D4	62	80	
277	22.298177	F5	77	75	276	25.250000	F5	77	80	
278	22.386719	Bb3	58	66	278	25.375000	Bb3	58	80	
279	22.516927	F#5	78	73	279	25.500000	F#5	78	80	
280	22.523438	Eb4	63	74	280	25.500000	Eb4	63	80	
281	22.614583	F5	77	66	281	25.625000	F5	77	80	
282	22.726562	Eb5	75	70	282	25.750000	Eb5	75	80	
283	22.730469	Eb3	51	64	283	25.750000	Eb3	51	80	
284	22.816406	F5	77	69	284	25.875000	F5	77	80	
285	22.928385	F#5	78	69	285	26.000000	F#5	78	80	
286	22.946615	Eb4	63	78	286	26.000000	Eb4	63	80	
287	23.039062	Eb5	75	72	287	26.125000	Eb5	75	80	
288	23.156250	A5	81	78	288	26.250000	A5	81	80	
289	23.264323	G5	79	67	289	26.375000	G5	79	80	
290	23.384115	F5	77	75	290	26.500000	F5	77	80	
291	23.389323	C#4	61	65	291	26.500000	C#4	61	80	
292	23.475260	G5	79	76	292	26.625000	G5	79	80	
293	23.595052	A5	81	75	293	26.750000	A5	81	80	
294	23.604167	C4	60	71	294	26.750000	C4	60	80	
295	23.697917	F5	77	68	295	26.875000	F5	77	80	
296	23.808594	Bb5	82	73	296	27.000000	Bb5	82	80	
297	23.824219	C#4	61	68	297	27.000000	C#4	61	80	
298	23.914062	A5	81	79	298	27.125000	A5	81	80	
299	24.024740	Bb5	82	74	299	27.250000	Bb5	82	80	
300	24.036458	C#3	49	65	300	27.250000	C#3	49	80	
301	24.130208	C6	84	72	301	27.375000	C6	84	80	
302	24.252604	C#4	61	78	303	27.500000	C#4	61	80	
303	24.253906	Bb5	82	78	302	27.500000	Bb5	82	80	
304	24.367188	G#5	80	75	304	27.625000	G#5	80	80	
305	24.484375	G5	79	71	305	27.750000	G5	79	80	
306	24.579427	F5	77	73	306	27.875000	F5	77	80	
307	24.696615	Eb5	75	71	307	28.000000	Eb5	75	80	
308	24.701823	C4	60	64	308	28.000000	C4	60	80	
309	24.791667	F5	77	68	309	28.125000	F5	77	80	
310	24.894531	G5	79	68	310	28.250000	G5	79	80	
311	24.901042	Bb3	58	66	311	28.250000	Bb3	58	80	
312	25.010417	Eb5	75	67	312	28.375000	Eb5	75	80	
313	25.117188	C4	60	66	314	28.500000	C4	60	80	
314	25.123698	G#5	80	75	313	28.500000	G#5	80	80	
315	25.223958	Bb3	58	66	315	28.625000	Bb3	58	80	
316	25.347656	G#3	56	63	317	28.750000	G#3	56	80	
317	25.354167	G#4	68	76	316	28.750000	G#4	68	80	
318	25.464844	Bb3	58	62	318	28.875000	Bb3	58	80	
319	25.578125	G#5	80	81	319	29.000000	G#5	80	80	
320	25.579427	C4	60	63	320	29.000000	C4	60	80	
321	25.670573	G#3	56	68	321	29.125000	G#3	56	80	
322	25.787760	D4	62	68	322	29.250000	D4	62	80	
323	25.897135	C4	60	68	323	29.375000	C4	60	80	
324	25.993490	Bb3	58	66	325	29.500000	Bb3	58	80	
325	26.001302	F#5	78	74	324	29.500000	F#5	78	80	
326	26.106771	C4	60	66	326	29.625000	C4	60	80	
327	26.207031	F5	77	71	327	29.750000	F5	77	80	
328	26.214844	D4	62	64	328	29.750000	D4	62	80	
329	26.316406	Bb3	58	68	329	29.875000	Bb3	58	80	
330	26.438802	Eb4	63	68	331	30.000000	Eb4	63	80	
331	26.445312	F#5	78	73	330	30.000000	F#5	78	80	
332	26.542969	D4	62	68	332	30.125000	D4	62	80	
333	26.652344	F#4	66	72	333	30.250000	F#4	66	80	
334	26.666667	Eb4	63	69	334	30.250000	Eb4	63	80	
335	26.773438	F4	65	66	335	30.375000	F4	65	80	
336	26.871094	F#5	78	79	336	30.500000	F#5	78	80	
337	26.875000	Eb4	63	66	337	30.500000	Eb4	63	80	
338	26.966146	C#4	61	69	338	30.625000	C#4	61	80	
339	27.082031	C4	60	72	339	30.750000	C4	60	80	
340	27.190104	Bb3	58	69	340	30.875000	Bb3	58	80	
341	27.305990	F5	77	73	341	31.000000	F5	77	80	
342	27.312500	G#3	56	64	342	31.000000	G#3	56	80	
343	27.415365	Bb3	58	67	343	31.125000	Bb3	58	80	
344	27.524740	C4	60	67	345	31.250000	C4	60	80	
345	27.524740	Eb5	75	74	344	31.250000	Eb5	75	80	
346	27.623698	G#3	56	68	346	31.375000	G#3	56	80	
347	27.740885	F5	77	73	347	31.500000	F5	77	80	
348	27.770833	C#4	61	72	348	31.500000	C#4	61	80	
349	27.843750	Eb5	75	69	349	31.625000	Eb5	75	80	
350	27.960938	C#5	73	70	350	31.750000	C#5	73	80	
351	27.968750	C#3	49	71	351	31.750000	C#3	49	80	
352	28.063802	Eb5	75	70	352	31.875000	Eb5	75	80	
353	28.179688	F5	77	66	353	32.000000	F5	77	80	
354	28.195312	C#4	61	77	354	32.000000	C#4	61	80	
355	28.294271	C#5	73	72	355	32.125000	C#5	73	80	
356	28.416667	G5	79	73	356	32.250000	G5	79	80	
357	28.527344	F5	77	70	357	32.375000	F5	77	80	
358	28.630208	B3	59	63	359	32.500000	B3	59	80	
359	28.632812	Eb5	75	71	358	32.500000	Eb5	75	80	
360	28.734375	F5	77	68	360	32.625000	F5	77	80	
361	28.837240	G5	79	69	361	32.750000	G5	79	80	
362	28.839844	Bb3	58	73	362	32.750000	Bb3	58	80	
363	28.927083	Eb5	75	63	363	32.875000	Eb5	75	80	
364	29.065104	G#5	80	79	364	33.000000	G#5	80	80	
365	29.075521	B3	59	61	365	33.000000	B3	59	80	
366	29.170573	G5	79	73	366	33.125000	G5	79	80	
367	29.290365	G#5	80	74	367	33.250000	G#5	80	80	
368	29.302083	B2	47	66	368	33.250000	B2	47	80	
369	29.384115	Bb5	82	73	369	33.375000	Bb5	82	80	
370	29.511719	G#5	80	77	370	33.500000	G#5	80	80	
371	29.514323	B3	59	72	371	33.500000	B3	59	80	
372	29.606771	F#5	78	73	372	33.625000	F#5	78	80	
373	29.723958	F5	77	67	373	33.750000	F5	77	80	
374	29.828125	Eb5	75	69	374	33.875000	Eb5	75	80	
375	29.936198	C#5	73	65	375	34.000000	C#5	73	80	
376	29.944010	Bb3	58	65	376	34.000000	Bb3	58	80	
377	30.035156	Eb5	75	54	377	34.125000	Eb5	75	80	
378	30.132812	G#3	56	62	379	34.250000	G#3	56	80	
379	30.141927	F5	77	57	378	34.250000	F5	77	80	
380	30.231771	C#5	73	64	380	34.375000	C#5	73	80	
381	30.378906	F#4	66	72	381	34.500000	F#4	66	80	
382	30.381510	Bb3	58	56	382	34.500000	Bb3	58	80	
383	30.471354	F#3	54	60	383	34.625000	F#3	54	80	
384	30.580729	C#3	49	60	384	34.750000	C#3	49	80	
385	30.694010	F#3	54	59	385	34.875000	F#3	54	80	
386	30.794271	Bb3	58	62	387	35.000000	Bb3	58	80	
387	30.820312	F#5	78	65	386	35.000000	F#5	78	80	
388	30.903646	F#3	54	63	388	35.125000	F#3	54	80	
389	31.045573	B3	59	64	390	35.250000	B3	59	80	
390	31.065104	G#4	68	75	389	35.250000	G#4	68	80	
391	31.153646	F#3	54	65	391	35.375000	F#3	54	80	
392	31.269531	B3	59	69	392	35.500000	B3	59	80	
393	31.397135	F#3	54	64	393	35.625000	F#3	54	80	
394	31.501302	F#5	78	66	394	35.750000	F#5	78	80	
395	31.514323	B3	59	64	395	35.750000	B3	59	80	
396	31.608073	F#3	54	64	396	35.875000	F#3	54	80	
397	31.739583	C#4	61	66	398	36.000000	C#4	61	80	
398	31.747396	Bb4	70	70	397	36.000000	Bb4	70	80	
399	31.839844	F#3	54	63	399	36.125000	F#3	54	80	
400	31.944010	C#4	61	64	400	36.250000	C#4	61	80	
401	32.050781	F#3	54	62	401	36.375000	F#3	54	80	
402	32.141927	F#5	78	69	402	36.500000	F#5	78	80	
403	32.165365	C#4	61	65	403	36.500000	C#4	61	80	
404	32.268229	F#3	54	68	404	36.625000	F#3	54	80	
405	32.404948	Eb4	63	66	406	36.750000	Eb4	63	80	
406	32.408854	B4	71	71	405	36.750000	B4	71	80	
407	32.497396	F#3	54	66	407	36.875000	F#3	54	80	
408	32.615885	Eb4	63	63	408	37.000000	Eb4	63	80	
409	32.712240	F#3	54	66	409	37.125000	F#3	54	80	
410	32.822917	Eb4	63	65	411	37.250000	Eb4	63	80	
411	32.830729	F#5	78	68	410	37.250000	F#5	78	80	
412	32.923177	F#3	54	63	412	37.375000	F#3	54	80	
413	33.053385	C#4	61	64	414	37.500000	C#4	61	80	
414	33.069010	Bb4	70	75	413	37.500000	Bb4	70	80	
415	33.149740	F#3	54	62	415	37.625000	F#3	54	80	
416	33.268229	C#4	61	64	416	37.750000	C#4	61	80	
417	33.389323	F#3	54	63	417	37.875000	F#3	54	80	
418	33.475260	F#5	78	66	418	38.000000	F#5	78	80	
419	33.506510	C#4	61	61	419	38.000000	C#4	61	80	
420	33.595052	F#3	54	61	420	38.125000	F#3	54	80	
421	33.709635	G#4	68	69	421	38.250000	G#4	68	80	
422	33.718750	B3	59	63	422	38.250000	B3	59	80	
423	33.817708	Bb3	58	69	423	38.375000	Bb3	58	80	
424	33.925781	G#3	56	71	424	38.500000	G#3	56	80	
425	34.024740	Bb3	58	63	425	38.625000	Bb3	58	80	
426	34.132812	F5	77	67	426	38.750000	F5	77	80	
427	34.138021	B3	59	64	427	38.750000	B3	59	80	
428	34.220052	G#3	56	69	428	38.875000	G#3	56	80	
429	34.351562	Bb3	58	72	430	39.000000	Bb3	58	80	
430	34.354167	F#4	66	77	429	39.000000	F#4	66	80	
431	34.468750	G#3	56	68	431	39.125000	G#3	56	80	
432	34.570312	F#3	54	68	432	39.250000	F#3	54	80	
433	34.665365	G#3	56	66	433	39.375000	G#3	56	80	
434	34.787760	Bb3	58	73	435	39.500000	Bb3	58	80	
435	34.789062	F#5	78	74	434	39.500000	F#5	78	80	
436	34.878906	F#3	54	69	436	39.625000	F#3	54	80	
437	34.989583	G#3	56	67	437	39.750000	G#3	56	80	
438	35.088542	Bb3	58	71	438	39.875000	Bb3	58	80	
439	35.191406	G#3	56	66	440	40.000000	G#3	56	80	
440	35.208333	F5	77	69	439	40.000000	F5	77	80	
441	35.298177	F#3	54	63	442	40.125000	F#3	54	80	
442	35.316406	Eb5	75	74	441	40.125000	Eb5	75	80	
443	35.410156	F3	53	69	444	40.250000	F3	53	80	
444	35.423177	C#5	73	68	443	40.250000	C#5	73	80	
445	35.516927	Eb3	51	64	446	40.375000	Eb3	51	80	
446	35.523438	Eb5	75	58	445	40.375000	Eb5	75	80	
447	35.641927	F5	77	64	447	40.500000	F5	77	80	
448	35.649740	C#3	49	70	448	40.500000	C#3	49	80	
449	35.729167	C#5	73	67	449	40.625000	C#5	73	80	
450	35.833333	G#4	68	69	450	40.750000	G#4	68	80	
451	35.944010	C#5	73	58	451	40.875000	C#5	73	80	
452	36.061198	F5	77	68	452	41.000000	F5	77	80	
453	36.072917	C#4	61	60	453	41.000000	C#4	61	80	
454	36.162760	C#5	73	72	454	41.125000	C#5	73	80	
455	36.272135	F#5	78	75	455	41.250000	F#5	78	80	
456	36.296875	Eb3	51	58	456	41.250000	Eb3	51	80	
457	36.384115	C#5	73	72	457	41.375000	C#5	73	80	
458	36.496094	F#5	78	75	458	41.500000	F#5	78	80	
459	36.596354	C#5	73	70	459	41.625000	C#5	73	80	
460	36.704427	F#5	78	74	460	41.750000	F#5	78	80	
461	36.731771	C#4	61	56	461	41.750000	C#4	61	80	
462	36.804688	C#5	73	71	462	41.875000	C#5	73	80	
463	36.920573	G#5	80	79	463	42.000000	G#5	80	80	
464	36.930990	F3	53	64	464	42.000000	F3	53	80	
465	37.022135	C#5	73	71	465	42.125000	C#5	73	80	
466	37.140625	G#5	80	79	466	42.250000	G#5	80	80	
467	37.246094	C#5	73	66	467	42.375000	C#5	73	80	
468	37.360677	G#5	80	81	468	42.500000	G#5	80	80	
469	37.376302	C#4	61	60	469	42.500000	C#4	61	80	
470	37.464844	C#5	73	70	470	42.625000	C#5	73	80	
471	37.579427	Bb5	82	78	471	42.750000	Bb5	82	80	
472	37.583333	F#3	54	66	472	42.750000	F#3	54	80	
473	37.686198	C#5	73	68	473	42.875000	C#5	73	80	
474	37.796875	Bb5	82	76	474	43.000000	Bb5	82	80	
475	37.906250	C#5	73	64	475	43.125000	C#5	73	80	
476	38.001302	C#4	61	53	477	43.250000	C#4	61	80	
477	38.009115	Bb5	82	71	476	43.250000	Bb5	82	80	
478	38.097656	C#5	73	60	478	43.375000	C#5	73	80	
479	38.204427	F3	53	61	480	43.500000	F3	53	80	
480	38.220052	G#5	80	72	479	43.500000	G#5	80	80	
481	38.324219	C#5	73	62	481	43.625000	C#5	73	80	
482	38.442708	G#5	80	69	482	43.750000	G#5	80	80	
483	38.532552	C#5	73	61	483	43.875000	C#5	73	80	
484	38.634115	C#4	61	54	485	44.000000	C#4	61	80	
485	38.641927	G#5	80	66	484	44.000000	G#5	80	80	
486	38.717448	C#5	73	54	486	44.125000	C#5	73	80	
487	38.833333	F#5	78	67	487	44.250000	F#5	78	80	
488	38.842448	Eb3	51	64	488	44.250000	Eb3	51	80	
489	38.933594	F5	77	72	489	44.375000	F5	77	80	
490	39.035156	Eb5	75	69	490	44.500000	Eb5	75	80	
491	39.125000	F5	77	70	491	44.625000	F5	77	80	
492	39.231771	F#5	78	70	492	44.750000	F#5	78	80	
493	39.239583	C4	60	63	493	44.750000	C4	60	80	
494	39.333333	Eb5	75	68	494	44.875000	Eb5	75	80	
495	39.447917	F5	77	65	495	45.000000	F5	77	80	
496	39.455729	C#3	49	64	496	45.000000	C#3	49	80	
497	39.552083	Eb5	75	70	497	45.125000	Eb5	75	80	
498	39.641927	C#5	73	69	498	45.250000	C#5	73	80	
499	39.735677	Eb5	75	61	499	45.375000	Eb5	75	80	
500	39.841146	F5	77	65	500	45.500000	F5	77	80	
501	39.850260	C#4	61	63	501	45.500000	C#4	61	80	
502	39.937500	C#5	73	77	502	45.625000	C#5	73	80	
503	40.057292	Eb5	75	74	503	45.750000	Eb5	75	80	
504	40.069010	F#3	54	71	504	45.750000	F#3	54	80	
505	40.151042	F5	77	68	505	45.875000	F5	77	80	
506	40.257812	Eb5	75	72	506	46.000000	Eb5	75	80	
507	40.285156	F3	53	61	507	46.000000	F3	53	80	
508	40.365885	C#5	73	69	508	46.125000	C#5	73	80	
509	40.471354	C5	72	63	509	46.250000	C5	72	80	
510	40.483073	Eb3	51	57	510	46.250000	Eb3	51	80	
511	40.565104	Bb4	70	68	511	46.375000	Bb4	70	80	
512	40.671875	C5	72	62	512	46.500000	C5	72	80	
513	40.700521	G#3	56	53	513	46.500000	G#3	56	80	
514	40.787760	G#4	68	64	514	46.625000	G#4	68	80	
515	40.897135	F#4	66	64	515	46.750000	F#4	66	80	
516	41.014323	G#4	68	66	516	46.875000	G#4	68	80	
517	41.106771	Eb4	63	56	517	47.000000	Eb4	63	80	
518	41.197917	G#4	68	64	518	47.125000	G#4	68	80	
519	41.322917	C5	72	71	519	47.250000	C5	72	80	
520	41.330729	G#3	56	59	520	47.250000	G#3	56	80	
521	41.427083	G#4	68	60	521	47.375000	G#4	68	80	
522	41.536458	F#4	66	60	522	47.500000	F#4	66	80	
523	41.621094	G#4	68	63	523	47.625000	G#4	68	80	
524	41.735677	Eb4	63	63	524	47.750000	Eb4	63	80	
525	41.828125	G#4	68	69	525	47.875000	G#4	68	80	
526	41.936198	C#5	73	67	526	48.000000	C#5	73	80	
527	41.942708	G#3	56	66	527	48.000000	G#3	56	80	
528	42.036458	G#4	68	63	528	48.125000	G#4	68	80	
529	42.157552	F4	65	55	529	48.250000	F4	65	80	
530	42.259115	G#4	68	66	530	48.375000	G#4	68	80	
531	42.367188	C#4	61	61	531	48.500000	C#4	61	80	
532	42.472656	G#4	68	65	532	48.625000	G#4	68	80	
533	42.575521	C#5	73	69	533	48.750000	C#5	73	80	
534	42.582031	G#3	56	71	534	48.750000	G#3	56	80	
535	42.667969	G#4	68	64	535	48.875000	G#4	68	80	
536	42.794271	F4	65	62	536	49.000000	F4	65	80	
537	42.888021	G#4	68	65	537	49.125000	G#4	68	80	
538	42.996094	C#4	61	61	538	49.250000	C#4	61	80	
539	43.085938	G#4	68	74	539	49.375000	G#4	68	80	
540	43.195312	F#5	78	78	540	49.500000	F#5	78	80	
541	43.204427	G#3	56	69	541	49.500000	G#3	56	80	
542	43.299479	G#4	68	68	542	49.625000	G#4	68	80	
543	43.424479	Eb4	63	64	543	49.750000	Eb4	63	80	
544	43.516927	G#4	68	64	544	49.875000	G#4	68	80	
545	43.618490	C4	60	62	545	50.000000	C4	60	80	
546	43.707031	G#4	68	68	546	50.125000	G#4	68	80	
547	43.813802	F#5	78	78	547	50.250000	F#5	78	80	
548	43.819010	G#3	56	71	548	50.250000	G#3	56	80	
549	43.919271	G#4	68	68	549	50.375000	G#4	68	80	
550	44.032552	Eb4	63	65	550	50.500000	Eb4	63	80	
551	44.122396	G#4	68	63	551	50.625000	G#4	68	80	
552	44.231771	C4	60	66	552	50.750000	C4	60	80	
553	44.332031	G#4	68	71	553	50.875000	G#4	68	80	
554	44.442708	F5	77	78	554	51.000000	F5	77	80	
555	44.449219	G#3	56	71	555	51.000000	G#3	56	80	
556	44.545573	G#4	68	66	556	51.125000	G#4	68	80	
557	44.653646	F4	65	69	557	51.250000	F4	65	80	
558	44.757812	G#4	68	62	558	51.375000	G#4	68	80	
559	44.856771	C#4	61	67	559	51.500000	C#4	61	80	
560	44.959635	G#4	68	71	560	51.625000	G#4	68	80	
561	45.059896	G#3	56	69	562	51.750000	G#3	56	80	
562	45.063802	F5	77	78	561	51.750000	F5	77	80	
563	45.165365	G#4	68	69	563	51.875000	G#4	68	80	
564	45.281250	F4	65	64	564	52.000000	F4	65	80	
565	45.382812	G#4	68	69	565	52.125000	G#4	68	80	
566	45.470052	C#4	61	67	566	52.250000	C#4	61	80	
567	45.574219	G#4	68	72	567	52.375000	G#4	68	80	
568	45.692708	G#3	56	74	569	52.500000	G#3	56	80	
569	45.720052	G5	79	79	568	52.500000	G5	79	80	
570	45.805990	Bb4	70	69	570	52.625000	Bb4	70	80	
571	45.908854	E4	64	66	571	52.750000	E4	64	80	
572	46.019531	Bb4	70	62	572	52.875000	Bb4	70	80	
573	46.126302	C#4	61	71	573	53.000000	C#4	61	80	
574	46.216146	Bb4	70	69	574	53.125000	Bb4	70	80	
575	46.342448	G#3	56	75	576	53.250000	G#3	56	80	
576	46.347656	G5	79	85	575	53.250000	G5	79	80	
577	46.444010	Bb4	70	72	577	53.375000	Bb4	70	80	
578	46.549479	E4	64	69	578	53.500000	E4	64	80	
579	46.653646	Bb4	70	64	579	53.625000	Bb4	70	80	
580	46.736979	C#4	61	70	580	53.750000	C#4	61	80	
581	46.835938	Bb4	70	72	581	53.875000	Bb4	70	80	
582	46.929688	G#5	80	75	582	54.000000	G#5	80	80	
583	46.940104	G#3	56	78	583	54.000000	G#3	56	80	
584	47.033854	C5	72	70	584	54.125000	C5	72	80	
585	47.152344	Eb4	63	75	585	54.250000	Eb4	63	80	
586	47.252604	C5	72	65	586	54.375000	C5	72	80	
587	47.360677	C4	60	72	587	54.500000	C4	60	80	
588	47.457031	C5	72	77	588	54.625000	C5	72	80	
589	47.569010	F#3	54	78	590	54.750000	F#3	54	80	
590	47.574219	G#5	80	77	589	54.750000	G#5	80	80	
591	47.669271	C5	72	68	591	54.875000	C5	72	80	
592	47.783854	Eb4	63	74	592	55.000000	Eb4	63	80	
593	47.880208	C5	72	68	593	55.125000	C5	72	80	
594	47.986979	C4	60	76	594	55.250000	C4	60	80	
595	48.070312	C5	72	74	595	55.375000	C5	72	80	
596	48.190104	G#5	80	79	596	55.500000	G#5	80	80	
597	48.192708	F3	53	76	597	55.500000	F3	53	80	
598	48.324219	C#5	73	61	598	55.625000	C#5	73	80	
599	48.420573	F4	65	75	599	55.750000	F4	65	80	
600	48.522135	G#4	68	80	600	55.875000	G#4	68	80	
601	48.628906	C#4	61	83	601	56.000000	C#4	61	80	
602	48.721354	C#5	73	72	602	56.125000	C#5	73	80	
603	48.828125	G#3	56	83	603	56.250000	G#3	56	80	
604	48.940104	F5	77	84	604	56.375000	F5	77	80	
605	49.042969	F3	53	82	605	56.500000	F3	53	80	
606	49.153646	G#5	80	84	606	56.625000	G#5	80	80	
607	49.240885	Eb3	51	78	607	56.750000	Eb3	51	80	
608	49.376302	B5	83	46	608	56.875000	Bb5	82	80	
609	49.459635	D3	50	80	610	57.000000	D3	50	80	
610	49.472656	B5	83	82	609	57.000000	B5	83	80	
611	49.678385	F3	53	70	613	57.250000	F3	53	80	
612	49.703125	A5	81	57	*	-1	*	-1	-1	
613	49.726562	G#5	80	35	612	57.250000	G#5	80	80	
614	49.755208	F#5	78	65	614	57.375000	F#5	78	80	
615	49.826823	F5	77	65	615	57.500000	F5	77	80	
616	49.872396	Bb3	58	70	616	57.500000	Bb3	58	80	
617	49.919271	Eb5	75	71	617	57.625000	Eb5	75	80	
618	50.029948	F5	77	66	618	57.750000	F5	77	80	
619	50.066406	D4	62	79	619	57.750000	D4	62	80	
620	50.149740	F#5	78	75	620	57.875000	F#5	78	80	
621	50.257812	G#5	80	59	621	58.000000	G#5	80	80	
622	50.285156	F4	65	72	622	58.000000	F4	65	80	
623	50.350260	B5	83	70	623	58.125000	B5	83	80	
624	50.470052	Bb5	82	79	624	58.250000	Bb5	82	80	
625	50.483073	G#4	68	77	625	58.250000	G#4	68	80	
626	50.576823	G#5	80	75	626	58.375000	G#5	80	80	
627	50.679688	Bb5	82	73	627	58.500000	Bb5	82	80	
628	50.687500	F#4	66	82	628	58.500000	F#4	66	80	
629	50.790365	Eb5	75	72	629	58.625000	Eb5	75	80	
630	50.904948	Eb4	63	70	630	58.750000	Eb4	63	80	
631	50.986979	F#4	66	83	631	58.875000	F#4	66	80	
632	51.098958	Bb3	58	76	632	59.000000	Bb3	58	80	
633	51.199219	Bb4	70	79	633	59.125000	Bb4	70	80	
634	51.313802	F#3	54	76	634	59.250000	F#3	54	80	
635	51.420573	Eb5	75	84	635	59.375000	Eb5	75	80	
636	51.516927	Eb3	51	77	636	59.500000	Eb3	51	80	
637	51.641927	F#5	78	80	637	59.625000	F#5	78	80	
638	51.709635	C#3	49	74	638	59.750000	C#3	49	80	
639	51.820312	G#5	80	82	639	59.875000	G#5	80	80	
640	51.927083	C3	48	84	641	60.000000	C3	48	80	
641	51.941406	A5	81	81	640	60.000000	A5	81	80	
642	52.027344	G#5	80	76	642	60.125000	G#5	80	80	
643	52.134115	F#5	78	72	643	60.250000	F#5	78	80	
644	52.141927	Eb3	51	63	644	60.250000	Eb3	51	80	
645	52.230469	E5	76	68	645	60.375000	E5	76	80	
646	52.345052	Eb5	75	75	646	60.500000	Eb5	75	80	
647	52.348958	G#3	56	73	647	60.500000	G#3	56	80	
648	52.441406	C#5	73	75	648	60.625000	C#5	73	80	
649	52.544271	Eb5	75	70	649	60.750000	Eb5	75	80	
650	52.555990	C4	60	78	650	60.750000	C4	60	80	
651	52.639323	E5	76	73	651	60.875000	E5	76	80	
652	52.753906	F#5	78	80	652	61.000000	F#5	78	80	
653	52.759115	Eb4	63	70	653	61.000000	Eb4	63	80	
654	52.847656	A5	81	74	654	61.125000	A5	81	80	
655	52.957031	G#5	80	79	655	61.250000	G#5	80	80	
656	52.966146	F#4	66	74	656	61.250000	F#4	66	80	
657	53.058594	F#5	78	71	657	61.375000	F#5	78	80	
658	53.162760	G#5	80	70	658	61.500000	G#5	80	80	
659	53.166667	E4	64	72	659	61.500000	E4	64	80	
660	53.266927	C#5	73	70	660	61.625000	C#5	73	80	
661	53.381510	C#4	61	66	661	61.750000	C#4	61	80	
662	53.493490	E5	76	74	662	61.875000	E5	76	80	
663	53.583333	A3	57	69	663	62.000000	A3	57	80	
664	53.708333	C#5	73	68	664	62.125000	C#5	73	80	
665	53.782552	F#3	54	76	665	62.250000	F#3	54	80	
666	53.910156	A4	69	74	666	62.375000	A4	69	80	
667	54.006510	Eb4	63	76	667	62.500000	Eb4	63	80	
668	54.109375	F#4	66	75	668	62.625000	F#4	66	80	
669	54.209635	C4	60	72	669	62.750000	C4	60	80	
670	54.324219	Eb5	75	68	670	62.875000	Eb5	75	80	
671	54.430990	E3	52	74	671	63.000000	E3	52	80	
672	54.527344	G#4	68	74	672	63.125000	G#4	68	80	
673	54.645833	C#4	61	73	673	63.250000	C#4	61	80	
674	54.735677	E4	64	73	674	63.375000	E4	64	80	
675	54.841146	A3	57	72	675	63.500000	A3	57	80	
676	54.929688	C#5	73	72	676	63.625000	C#5	73	80	
677	55.044271	F#3	54	67	677	63.750000	F#3	54	80	
678	55.141927	A4	69	74	678	63.875000	A4	69	80	
679	55.248698	Eb3	51	76	679	64.000000	Eb3	51	80	
680	55.359375	F#4	66	77	680	64.125000	F#4	66	80	
681	55.468750	C3	48	67	681	64.250000	C3	48	80	
682	55.539062	Eb4	63	78	682	64.375000	Eb4	63	80	
683	55.661458	G#2	44	75	684	64.500000	G#2	44	80	
684	55.662760	C4	60	80	683	64.500000	C4	60	80	
685	55.777344	G#3	56	68	685	64.625000	G#3	56	80	
686	55.861979	F#3	54	66	686	64.750000	F#3	54	80	
687	55.975260	G#3	56	68	687	64.875000	G#3	56	80	
688	56.069010	Eb3	51	62	688	65.000000	Eb3	51	80	
689	56.166667	G#3	56	69	689	65.125000	G#3	56	80	
690	56.286458	G#2	44	68	691	65.250000	G#2	44	80	
691	56.292969	C4	60	71	690	65.250000	C4	60	80	
692	56.390625	G#3	56	58	692	65.375000	G#3	56	80	
693	56.493490	F#3	54	55	693	65.500000	F#3	54	80	
694	56.584635	G#3	56	62	694	65.625000	G#3	56	80	
695	56.687500	Eb3	51	57	695	65.750000	Eb3	51	80	
696	56.779948	G#3	56	63	696	65.875000	G#3	56	80	
697	56.889323	C#4	61	66	697	66.000000	C#4	61	80	
698	56.895833	G#2	44	64	698	66.000000	G#2	44	80	
699	56.992188	G#3	56	52	699	66.125000	G#3	56	80	
700	57.095052	F3	53	57	700	66.250000	F3	53	80	
701	57.183594	G#3	56	51	701	66.375000	G#3	56	80	
702	57.296875	C#3	49	64	702	66.500000	C#3	49	80	
703	57.377604	G#3	56	61	703	66.625000	G#3	56	80	
704	57.496094	C#4	61	69	704	66.750000	C#4	61	80	
705	57.506510	G#2	44	69	705	66.750000	G#2	44	80	
706	57.604167	G#3	56	63	706	66.875000	G#3	56	80	
707	57.708333	F3	53	53	707	67.000000	F3	53	80	
708	57.796875	G#3	56	63	708	67.125000	G#3	56	80	
709	57.901042	C#3	49	62	709	67.250000	C#3	49	80	
710	57.993490	G#3	56	68	710	67.375000	G#3	56	80	
711	58.096354	F#4	66	79	711	67.500000	F#4	66	80	
712	58.108073	G#2	44	69	712	67.500000	G#2	44	80	
713	58.199219	G#3	56	66	713	67.625000	G#3	56	80	
714	58.330729	Eb3	51	60	714	67.750000	Eb3	51	80	
715	58.420573	G#3	56	57	715	67.875000	G#3	56	80	
716	58.516927	C3	48	64	716	68.000000	C3	48	80	
717	58.598958	G#3	56	69	717	68.125000	G#3	56	80	
718	58.720052	F#4	66	81	718	68.250000	F#4	66	80	
719	58.723958	G#2	44	72	719	68.250000	G#2	44	80	
720	58.811198	G#3	56	71	720	68.375000	G#3	56	80	
721	58.928385	Eb3	51	65	721	68.500000	Eb3	51	80	
722	59.003906	G#3	56	66	722	68.625000	G#3	56	80	
723	59.117188	C3	48	64	723	68.750000	C3	48	80	
724	59.192708	G#3	56	68	724	68.875000	G#3	56	80	
725	59.321615	G#2	44	76	726	69.000000	G#2	44	80	
726	59.325521	F4	65	84	725	69.000000	F4	65	80	
727	59.416667	G#3	56	69	727	69.125000	G#3	56	80	
728	59.536458	F3	53	66	728	69.250000	F3	53	80	
729	59.647135	G#3	56	58	729	69.375000	G#3	56	80	
730	59.734375	C#3	49	69	730	69.500000	C#3	49	80	
731	59.816406	G#3	56	71	731	69.625000	G#3	56	80	
732	59.932292	G#2	44	73	733	69.750000	G#2	44	80	
733	59.934896	F4	65	82	732	69.750000	F4	65	80	
734	60.020833	G#3	56	72	734	69.875000	G#3	56	80	
735	60.138021	F3	53	67	735	70.000000	F3	53	80	
736	60.216146	G#3	56	64	736	70.125000	G#3	56	80	
737	60.330729	C#3	49	70	737	70.250000	C#3	49	80	
738	60.401042	G#3	56	74	738	70.375000	G#3	56	80	
739	60.523438	G4	67	86	739	70.500000	G4	67	80	
740	60.527344	G#2	44	76	740	70.500000	G#2	44	80	
741	60.619792	Bb3	58	73	741	70.625000	Bb3	58	80	
742	60.734375	E3	52	75	742	70.750000	E3	52	80	
743	60.826823	Bb3	58	64	743	70.875000	Bb3	58	80	
744	60.927083	C#3	49	75	744	71.000000	C#3	49	80	
745	61.002604	Bb3	58	71	745	71.125000	Bb3	58	80	
746	61.122396	G#2	44	78	747	71.250000	G#2	44	80	
747	61.126302	G4	67	81	746	71.250000	G4	67	80	
748	61.222656	Bb3	58	71	748	71.375000	Bb3	58	80	
749	61.333333	E3	52	74	749	71.500000	E3	52	80	
750	61.432292	Bb3	58	66	750	71.625000	Bb3	58	80	
751	61.532552	C#3	49	65	751	71.750000	C#3	49	80	
752	61.598958	Bb3	58	83	752	71.875000	Bb3	58	80	
753	61.738281	G#2	44	74	753	72.000000	G#2	44	80	
754	61.858073	C3	48	75	754	72.125000	C3	48	80	
755	61.967448	Eb3	51	89	755	72.250000	Eb3	51	80	
756	62.054688	F#3	54	77	756	72.375000	F#3	54	80	
757	62.171875	A3	57	75	757	72.500000	A3	57	80	
758	62.260417	C4	60	79	758	72.625000	C4	60	80	
759	62.367188	C#4	61	69	759	72.750000	C#4	61	80	
760	62.462240	E4	64	78	760	72.875000	E4	64	80	
761	62.576823	G4	67	85	761	73.000000	G4	67	80	
762	62.626302	Bb4	70	79	762	73.125000	Bb4	70	80	
763	62.731771	C#5	73	69	763	73.250000	C#5	73	80	
764	62.809896	E5	76	70	764	73.375000	E5	76	80	
765	62.929688	C5	72	77	765	73.500000	C5	72	80	
766	62.964844	G#2	44	73	766	73.500000	G#2	44	80	
767	62.992188	F#2	42	14	*	-1	*	-1	-1	
768	63.033854	Eb5	75	76	767	73.625000	Eb5	75	80	
769	63.127604	F#5	78	69	768	73.750000	F#5	78	80	
770	63.220052	Eb5	75	67	769	73.875000	Eb5	75	80	
771	63.326823	C5	72	67	770	74.000000	C5	72	80	
772	63.440104	G#4	68	75	771	74.125000	G#4	68	80	
773	63.546875	F#4	66	71	772	74.250000	F#4	66	80	
774	63.640625	Eb4	63	80	773	74.375000	Eb4	63	80	
775	63.750000	C4	60	80	774	74.500000	C4	60	80	
776	63.809896	G#3	56	72	775	74.625000	G#3	56	80	
777	63.934896	C4	60	72	776	74.750000	C4	60	80	
778	64.029948	Eb4	63	80	777	74.875000	Eb4	63	80	
779	64.119792	F4	65	78	778	75.000000	F4	65	80	
780	64.140625	G#3	56	76	779	75.000000	G#3	56	80	
781	64.234375	G#4	68	75	780	75.125000	G#4	68	80	
782	64.324219	C#5	73	66	781	75.250000	C#5	73	80	
783	64.423177	G#4	68	71	782	75.375000	G#4	68	80	
784	64.514323	F4	65	66	783	75.500000	F4	65	80	
785	64.628906	C#4	61	70	784	75.625000	C#4	61	80	
786	64.729167	Bb3	58	80	785	75.750000	Bb3	58	80	
787	64.835938	G3	55	79	786	75.875000	G3	55	80	
788	64.947917	E3	52	81	787	76.000000	E3	52	80	
789	65.027344	C#3	49	74	788	76.125000	C#3	49	80	
790	65.152344	E3	52	72	789	76.250000	E3	52	80	
791	65.243490	G3	55	79	790	76.375000	G3	55	80	
792	65.401042	G#2	44	80	791	76.500000	G#2	44	80	
793	65.714844	C#5	73	84	794	76.750000	C#5	73	80	
794	65.717448	F3	53	72	796	76.750000	F3	53	80	
795	65.718750	G#3	56	78	797	76.750000	G#3	56	80	
796	65.718750	F4	65	87	792	76.750000	F4	65	80	
797	65.722656	G#4	68	81	793	76.750000	G#4	68	80	
798	65.734375	C#3	49	59	795	76.750000	C#3	49	80	
799	66.098958	G#4	68	76	799	77.000000	G#4	68	80	
800	66.100260	F#3	54	70	802	77.000000	F#3	54	80	
801	66.100260	G#3	56	81	803	77.000000	G#3	56	80	
802	66.100260	Eb4	63	82	798	77.000000	Eb4	63	80	
803	66.102865	C5	72	78	800	77.000000	C5	72	80	
804	66.113281	Eb3	51	64	801	77.000000	Eb3	51	80	
805	66.622396	C#5	73	79	806	77.250000	C#5	73	80	
806	66.630208	G#3	56	67	808	77.250000	G#3	56	80	
807	66.630208	C#4	61	75	804	77.250000	C#4	61	80	
808	66.635417	C#3	49	49	809	77.250000	C#3	49	80	
809	66.636719	G#4	68	73	805	77.250000	G#4	68	80	
810	66.640625	F3	53	63	807	77.250000	F3	53	80	
*	-1	*	-1	-1	611	57.125000	Bb5	82	80	
