// alignID alignOntime alignSitch alignPitch alignOnvel refID refOntime refSitch refPitch refOnvel
0	1.006510	C#3	49	42	1	0.000000	C#3	49	80	
1	1.014323	F5	77	59	0	0.000000	F5	77	80	
2	1.113281	C#5	73	63	2	0.125000	C#5	73	80	
3	1.247396	G#4	68	53	3	0.250000	G#4	68	80	
4	1.367188	C#5	73	63	4	0.375000	C#5	73	80	
5	1.467448	C#4	61	42	6	0.500000	C#4	61	80	
6	1.479167	F5	77	67	5	0.500000	F5	77	80	
7	1.565104	C#5	73	53	7	0.625000	C#5	73	80	
8	1.687500	F#5	78	64	8	0.750000	F#5	78	80	
9	1.690104	Eb3	51	53	9	0.750000	Eb3	51	80	
10	1.820312	C#5	73	65	10	0.875000	C#5	73	80	
11	1.919271	F#5	78	72	11	1.000000	F#5	78	80	
12	2.036458	C#5	73	64	12	1.125000	C#5	73	80	
13	2.121094	F#5	78	75	13	1.250000	F#5	78	80	
14	2.149740	C#4	61	55	14	1.250000	C#4	61	80	
15	2.246094	C#5	73	68	15	1.375000	C#5	73	80	
16	2.358073	G#5	80	78	16	1.500000	G#5	80	80	
17	2.371094	F3	53	57	17	1.500000	F3	53	80	
18	2.475260	C#5	73	65	18	1.625000	C#5	73	80	
19	2.578125	G#5	80	86	19	1.750000	G#5	80	80	
20	2.705729	C#5	73	66	20	1.875000	C#5	73	80	
21	2.789062	G#5	80	83	21	2.000000	G#5	80	80	
22	2.808594	C#4	61	56	22	2.000000	C#4	61	80	
23	2.890625	C#5	73	73	23	2.125000	C#5	73	80	
24	3.020833	Bb5	82	80	24	2.250000	Bb5	82	80	
25	3.026042	F#3	54	61	25	2.250000	F#3	54	80	
26	3.140625	C#5	73	70	26	2.375000	C#5	73	80	
27	3.227865	Bb5	82	82	27	2.500000	Bb5	82	80	
28	3.367188	C#5	73	72	28	2.625000	C#5	73	80	
29	3.468750	Bb5	82	81	29	2.750000	Bb5	82	80	
30	3.494792	C#4	61	50	30	2.750000	C#4	61	80	
31	3.589844	C#5	73	66	31	2.875000	C#5	73	80	
32	3.713542	F3	53	66	33	3.000000	F3	53	80	
33	3.716146	G#5	80	70	32	3.000000	G#5	80	80	
34	3.813802	C#5	73	62	34	3.125000	C#5	73	80	
35	3.936198	G#5	80	70	35	3.250000	G#5	80	80	
36	4.037760	C#5	73	62	36	3.375000	C#5	73	80	
37	4.156250	G#5	80	62	37	3.500000	G#5	80	80	
38	4.166667	C#4	61	49	38	3.500000	C#4	61	80	
39	4.260417	C#5	73	61	39	3.625000	C#5	73	80	
40	4.406250	Eb3	51	57	41	3.750000	Eb3	51	80	
41	4.414062	F#5	78	61	40	3.750000	F#5	78	80	
42	4.520833	F5	77	66	42	3.875000	F5	77	80	
43	4.636719	Eb5	75	73	43	4.000000	Eb5	75	80	
44	4.738281	F5	77	72	44	4.125000	F5	77	80	
45	4.847656	F#5	78	67	45	4.250000	F#5	78	80	
46	4.863281	C4	60	49	46	4.250000	C4	60	80	
47	4.944010	Eb5	75	71	47	4.375000	Eb5	75	80	
48	5.078125	F5	77	66	48	4.500000	F5	77	80	
49	5.080729	C#3	49	57	49	4.500000	C#3	49	80	
50	5.203125	Eb5	75	70	50	4.625000	Eb5	75	80	
51	5.328125	C#5	73	71	51	4.750000	C#5	73	80	
52	5.433594	Eb5	75	64	52	4.875000	Eb5	75	80	
53	5.548177	C#4	61	71	54	5.000000	C#4	61	80	
54	5.552083	F5	77	64	53	5.000000	F5	77	80	
55	5.648438	C#5	73	66	55	5.125000	C#5	73	80	
56	5.761719	Eb5	75	70	56	5.250000	Eb5	75	80	
57	5.886719	F5	77	69	57	5.375000	F5	77	80	
58	5.981771	C4	60	45	59	5.500000	C4	60	80	
59	5.998698	Eb5	75	72	58	5.500000	Eb5	75	80	
60	6.104167	Bb3	58	59	61	5.625000	Bb3	58	80	
61	6.113281	C#5	73	69	60	5.625000	C#5	73	80	
62	6.196615	G#3	56	60	63	5.750000	G#3	56	80	
63	6.217448	C5	72	63	62	5.750000	C5	72	80	
64	6.332031	Bb4	70	68	64	5.875000	Bb4	70	80	
65	6.343750	Bb3	58	58	65	5.875000	Bb3	58	80	
66	6.451823	G#4	68	59	66	6.000000	G#4	68	80	
67	6.463542	C4	60	55	67	6.000000	C4	60	80	
68	6.562500	G#3	56	51	68	6.125000	G#3	56	80	
69	6.662760	Eb3	51	59	69	6.250000	Eb3	51	80	
70	6.804688	G#3	56	50	70	6.375000	G#3	56	80	
71	6.878906	G#5	80	60	71	6.500000	G#5	80	80	
72	6.895833	C4	60	58	72	6.500000	C4	60	80	
73	6.980469	G#3	56	52	73	6.625000	G#3	56	80	
74	7.105469	Bb4	70	69	74	6.750000	Bb4	70	80	
75	7.123698	C#4	61	57	75	6.750000	C#4	61	80	
76	7.227865	G#3	56	54	76	6.875000	G#3	56	80	
77	7.346354	C#4	61	64	77	7.000000	C#4	61	80	
78	7.440104	G#3	56	57	78	7.125000	G#3	56	80	
79	7.555990	C#4	61	59	80	7.250000	C#4	61	80	
80	7.563802	G#5	80	68	79	7.250000	G#5	80	80	
81	7.640625	G#3	56	57	81	7.375000	G#3	56	80	
82	7.794271	Eb4	63	63	83	7.500000	Eb4	63	80	
83	7.796875	C5	72	82	82	7.500000	C5	72	80	
84	7.899740	G#3	56	62	84	7.625000	G#3	56	80	
85	8.023438	Eb4	63	70	85	7.750000	Eb4	63	80	
86	8.121094	G#3	56	64	86	7.875000	G#3	56	80	
87	8.239583	G#5	80	68	87	8.000000	G#5	80	80	
88	8.257812	Eb4	63	70	88	8.000000	Eb4	63	80	
89	8.367188	G#3	56	61	89	8.125000	G#3	56	80	
90	8.489583	C#5	73	80	90	8.250000	C#5	73	80	
91	8.518229	F4	65	61	91	8.250000	F4	65	80	
92	8.611979	G#3	56	68	92	8.375000	G#3	56	80	
93	8.739583	F4	65	65	93	8.500000	F4	65	80	
94	8.842448	G#3	56	60	94	8.625000	G#3	56	80	
95	8.944010	G#5	80	66	95	8.750000	G#5	80	80	
96	8.946615	F4	65	55	96	8.750000	F4	65	80	
97	9.052083	G#3	56	63	97	8.875000	G#3	56	80	
98	9.186198	C5	72	72	98	9.000000	C5	72	80	
99	9.190104	Eb4	63	56	99	9.000000	Eb4	63	80	
100	9.286458	G#3	56	62	100	9.125000	G#3	56	80	
101	9.429688	Eb4	63	62	101	9.250000	Eb4	63	80	
102	9.529948	G#3	56	60	102	9.375000	G#3	56	80	
103	9.645833	G#5	80	63	103	9.500000	G#5	80	80	
104	9.660156	Eb4	63	58	104	9.500000	Eb4	63	80	
105	9.830729	C4	60	48	105	9.625000	G#3	56	80	
106	9.898438	Bb4	70	67	*	-1	*	-1	-1	
107	9.925781	C#4	61	71	107	9.750000	C#4	61	80	
108	10.078125	C4	60	64	108	9.875000	C4	60	80	
109	10.130208	G5	79	57	106	9.750000	Bb4	70	80	
110	10.205729	Bb3	58	42	109	10.000000	Bb3	58	80	
111	10.445312	C4	60	57	110	10.125000	C4	60	80	
112	10.494792	G#4	68	77	*	-1	*	-1	-1	
113	10.661458	G#3	56	50	112	10.250000	C#4	61	80	
114	10.746094	Bb3	58	61	113	10.375000	Bb3	58	80	
115	10.859375	C4	60	70	*	-1	*	-1	-1	
116	11.088542	G#4	68	78	114	10.500000	G#4	68	80	
117	11.089844	C4	60	66	115	10.500000	C4	60	80	
118	11.217448	Bb3	58	66	116	10.625000	Bb3	58	80	
119	11.321615	G#3	56	65	117	10.750000	G#3	56	80	
120	11.425781	Bb3	58	68	118	10.875000	Bb3	58	80	
121	11.528646	C4	60	67	120	11.000000	C4	60	80	
122	11.555990	G#5	80	87	119	11.000000	G#5	80	80	
123	11.651042	G#3	56	63	121	11.125000	G#3	56	80	
124	11.769531	Bb3	58	70	122	11.250000	Bb3	58	80	
125	11.877604	B3	59	69	123	11.375000	B3	59	80	
126	12.011719	Bb3	58	59	125	11.500000	Bb3	58	80	
127	12.020833	F#5	78	63	124	11.500000	F#5	78	80	
128	12.104167	G#3	56	60	127	11.625000	G#3	56	80	
129	12.127604	F5	77	67	126	11.625000	F5	77	80	
130	12.227865	F#3	54	7	129	11.750000	F#3	54	80	
131	12.252604	Eb5	75	67	128	11.750000	Eb5	75	80	
132	12.292969	F3	53	56	131	11.875000	F3	53	80	
133	12.373698	F5	77	59	130	11.875000	F5	77	80	
134	12.455729	Eb3	51	46	133	12.000000	Eb3	51	80	
135	12.498698	F#5	78	60	132	12.000000	F#5	78	80	
136	12.588542	Eb5	75	62	134	12.125000	Eb5	75	80	
137	12.704427	Bb4	70	59	135	12.250000	Bb4	70	80	
138	12.830729	Eb5	75	62	136	12.375000	Eb5	75	80	
139	12.876302	Eb4	63	38	138	12.500000	Eb4	63	80	
140	12.930990	F#5	78	63	137	12.500000	F#5	78	80	
141	13.054688	Eb5	75	58	139	12.625000	Eb5	75	80	
142	13.105469	F3	53	38	141	12.750000	F3	53	80	
143	13.158854	G#5	80	64	140	12.750000	G#5	80	80	
144	13.272135	Eb5	75	67	142	12.875000	Eb5	75	80	
145	13.395833	G#5	80	73	143	13.000000	G#5	80	80	
146	13.518229	Eb5	75	70	144	13.125000	Eb5	75	80	
147	13.602865	Eb4	63	45	146	13.250000	Eb4	63	80	
148	13.619792	G#5	80	78	145	13.250000	G#5	80	80	
149	13.740885	Eb5	75	67	147	13.375000	Eb5	75	80	
150	13.846354	Bb5	82	76	148	13.500000	Bb5	82	80	
151	13.852865	F#3	54	48	149	13.500000	F#3	54	80	
152	13.967448	Eb5	75	67	150	13.625000	Eb5	75	80	
153	14.075521	Bb5	82	80	151	13.750000	Bb5	82	80	
154	14.200521	Eb5	75	66	152	13.875000	Eb5	75	80	
155	14.307292	Eb4	63	48	154	14.000000	Eb4	63	80	
156	14.308594	Bb5	82	75	153	14.000000	Bb5	82	80	
157	14.437500	Eb5	75	62	155	14.125000	Eb5	75	80	
158	14.555990	G#3	56	41	157	14.250000	G#3	56	80	
159	14.562500	B5	83	65	156	14.250000	B5	83	80	
160	14.694010	Eb5	75	58	158	14.375000	Eb5	75	80	
161	14.811198	B5	83	65	159	14.500000	B5	83	80	
162	14.916667	Eb5	75	57	160	14.625000	Eb5	75	80	
163	15.009115	Eb4	63	45	162	14.750000	Eb4	63	80	
164	15.026042	B5	83	67	161	14.750000	B5	83	80	
165	15.140625	Eb5	75	52	163	14.875000	Eb5	75	80	
166	15.252604	Bb5	82	63	164	15.000000	Bb5	82	80	
167	15.261719	F#3	54	50	165	15.000000	F#3	54	80	
168	15.381510	Eb5	75	61	166	15.125000	Eb5	75	80	
169	15.498698	Bb5	82	63	167	15.250000	Bb5	82	80	
170	15.610677	Eb5	75	56	168	15.375000	Eb5	75	80	
171	15.707031	Eb4	63	49	170	15.500000	Eb4	63	80	
172	15.731771	Bb5	82	59	169	15.500000	Bb5	82	80	
173	15.815104	Eb5	75	53	171	15.625000	Eb5	75	80	
174	15.949219	F3	53	57	173	15.750000	F3	53	80	
175	15.957031	G#5	80	58	172	15.750000	G#5	80	80	
176	16.072917	F#5	78	68	174	15.875000	F#5	78	80	
177	16.200521	F5	77	68	175	16.000000	F5	77	80	
178	16.299479	F#5	78	69	176	16.125000	F#5	78	80	
179	16.423177	G#5	80	66	177	16.250000	G#5	80	80	
180	16.425781	D4	62	43	178	16.250000	D4	62	80	
181	16.527344	F5	77	71	179	16.375000	F5	77	80	
182	16.651042	Eb3	51	65	181	16.500000	Eb3	51	80	
183	16.665365	F#5	78	68	180	16.500000	F#5	78	80	
184	16.783854	F5	77	73	182	16.625000	F5	77	80	
185	16.893229	Eb5	75	74	183	16.750000	Eb5	75	80	
186	17.022135	F5	77	67	184	16.875000	F5	77	80	
187	17.131510	Eb4	63	75	186	17.000000	Eb4	63	80	
188	17.132812	F#5	78	64	185	17.000000	F#5	78	80	
189	17.240885	Eb5	75	68	187	17.125000	Eb5	75	80	
190	17.375000	F5	77	73	188	17.250000	F5	77	80	
191	17.486979	F#5	78	70	189	17.375000	F#5	78	80	
192	17.570312	C#4	61	53	191	17.500000	C#4	61	80	
193	17.614583	F5	77	71	190	17.500000	F5	77	80	
194	17.716146	C4	60	59	193	17.625000	C4	60	80	
195	17.723958	Eb5	75	75	192	17.625000	Eb5	75	80	
196	17.833333	Bb3	58	56	195	17.750000	Bb3	58	80	
197	17.839844	C#5	73	63	194	17.750000	C#5	73	80	
198	17.941406	C5	72	70	196	17.875000	C5	72	80	
199	17.957031	C4	60	56	197	17.875000	C4	60	80	
200	18.065104	C#4	61	54	199	18.000000	C#4	61	80	
201	18.079427	Bb4	70	66	198	18.000000	Bb4	70	80	
202	18.161458	Bb3	58	56	200	18.125000	Bb3	58	80	
203	18.276042	F3	53	58	201	18.250000	F3	53	80	
204	18.424479	Bb3	58	53	202	18.375000	Bb3	58	80	
205	18.493490	C#4	61	62	204	18.500000	C#4	61	80	
206	18.503906	Bb5	82	68	203	18.500000	Bb5	82	80	
207	18.582031	Bb3	58	56	205	18.625000	Bb3	58	80	
208	18.725260	Eb4	63	60	207	18.750000	Eb4	63	80	
209	18.733073	C5	72	80	206	18.750000	C5	72	80	
210	18.839844	Bb3	58	61	208	18.875000	Bb3	58	80	
211	18.955729	Eb4	63	72	209	19.000000	Eb4	63	80	
212	19.062500	Bb3	58	58	210	19.125000	Bb3	58	80	
213	19.187500	Eb4	63	67	212	19.250000	Eb4	63	80	
214	19.187500	Bb5	82	71	211	19.250000	Bb5	82	80	
215	19.291667	Bb3	58	62	213	19.375000	Bb3	58	80	
216	19.433594	C#5	73	85	214	19.500000	C#5	73	80	
217	19.455729	F4	65	63	215	19.500000	F4	65	80	
218	19.555990	Bb3	58	72	216	19.625000	Bb3	58	80	
219	19.684896	F4	65	75	217	19.750000	F4	65	80	
220	19.791667	Bb3	58	70	218	19.875000	Bb3	58	80	
221	19.907552	F4	65	71	220	20.000000	F4	65	80	
222	19.914062	Bb5	82	71	219	20.000000	Bb5	82	80	
223	20.014323	Bb3	58	63	221	20.125000	Bb3	58	80	
224	20.145833	Eb5	75	86	222	20.250000	Eb5	75	80	
225	20.156250	F#4	66	65	223	20.250000	F#4	66	80	
226	20.255208	Bb3	58	66	224	20.375000	Bb3	58	80	
227	20.391927	F#4	66	70	225	20.500000	F#4	66	80	
228	20.496094	Bb3	58	62	226	20.625000	Bb3	58	80	
229	20.619792	F#4	66	66	228	20.750000	F#4	66	80	
230	20.635417	Bb5	82	69	227	20.750000	Bb5	82	80	
231	20.717448	Bb3	58	61	229	20.875000	Bb3	58	80	
232	20.858073	C#5	73	74	230	21.000000	C#5	73	80	
233	20.859375	F4	65	62	231	21.000000	F4	65	80	
234	20.962240	Bb3	58	65	232	21.125000	Bb3	58	80	
235	21.083333	F4	65	62	233	21.250000	F4	65	80	
236	21.183594	Bb3	58	64	234	21.375000	Bb3	58	80	
237	21.291667	F4	65	61	236	21.500000	F4	65	80	
238	21.292969	Bb5	82	60	235	21.500000	Bb5	82	80	
239	21.391927	Bb3	58	57	237	21.625000	Bb3	58	80	
240	21.532552	Eb4	63	61	239	21.750000	Eb4	63	80	
241	21.559896	C5	72	69	238	21.750000	C5	72	80	
242	21.654948	C#4	61	67	240	21.875000	C#4	61	80	
243	21.770833	C4	60	70	241	22.000000	C4	60	80	
244	21.893229	C#4	61	71	242	22.125000	C#4	61	80	
245	21.996094	A5	81	67	243	22.250000	A5	81	80	
246	22.005208	Eb4	63	71	244	22.250000	Eb4	63	80	
247	22.114583	C4	60	60	245	22.375000	C4	60	80	
248	22.230469	C#4	61	72	247	22.500000	C#4	61	80	
249	22.240885	Bb4	70	82	246	22.500000	Bb4	70	80	
250	22.346354	C4	60	70	248	22.625000	C4	60	80	
251	22.473958	Bb3	58	74	249	22.750000	Bb3	58	80	
252	22.601562	C4	60	78	250	22.875000	C4	60	80	
253	22.712240	C#4	61	71	252	23.000000	C#4	61	80	
254	22.720052	Bb5	82	90	251	23.000000	Bb5	82	80	
255	22.826823	Bb3	58	66	253	23.125000	Bb3	58	80	
256	22.955729	E4	64	71	254	23.250000	E4	64	80	
257	23.074219	D4	62	74	255	23.375000	D4	62	80	
258	23.187500	C4	60	68	257	23.500000	C4	60	80	
259	23.191406	G#5	80	85	256	23.500000	G#5	80	80	
260	23.309896	D4	62	66	258	23.625000	D4	62	80	
261	23.414062	G5	79	83	259	23.750000	G5	79	80	
262	23.424479	E4	64	68	260	23.750000	E4	64	80	
263	23.488281	C4	60	65	261	23.875000	C4	60	80	
264	23.631510	F4	65	65	263	24.000000	F4	65	80	
265	23.635417	G#5	80	89	262	24.000000	G#5	80	80	
266	23.738281	E4	64	62	264	24.125000	E4	64	80	
267	23.856771	F4	65	68	266	24.250000	F4	65	80	
268	23.875000	G#4	68	80	265	24.250000	G#4	68	80	
269	23.953125	G4	67	61	267	24.375000	G4	67	80	
270	24.076823	F4	65	66	269	24.500000	F4	65	80	
271	24.089844	G#5	80	87	268	24.500000	G#5	80	80	
272	24.186198	Eb4	63	70	270	24.625000	Eb4	63	80	
273	24.332031	D4	62	72	271	24.750000	D4	62	80	
274	24.437500	C4	60	71	272	24.875000	C4	60	80	
275	24.554688	F#5	78	75	273	25.000000	F#5	78	80	
276	24.555990	Bb3	58	71	274	25.000000	Bb3	58	80	
277	24.677083	C4	60	71	275	25.125000	C4	60	80	
278	24.766927	D4	62	68	277	25.250000	D4	62	80	
279	24.821615	F5	77	76	276	25.250000	F5	77	80	
280	24.873698	Bb3	58	70	278	25.375000	Bb3	58	80	
281	25.006510	Eb4	63	74	280	25.500000	Eb4	63	80	
282	25.028646	F#5	78	76	279	25.500000	F#5	78	80	
283	25.147135	F5	77	78	281	25.625000	F5	77	80	
284	25.233073	Eb3	51	73	283	25.750000	Eb3	51	80	
285	25.265625	Eb5	75	81	282	25.750000	Eb5	75	80	
286	25.388021	F5	77	76	284	25.875000	F5	77	80	
287	25.496094	F#5	78	73	285	26.000000	F#5	78	80	
288	25.497396	Eb4	63	79	286	26.000000	Eb4	63	80	
289	25.592448	Eb5	75	77	287	26.125000	Eb5	75	80	
290	25.708333	A5	81	77	288	26.250000	A5	81	80	
291	25.821615	G5	79	80	289	26.375000	G5	79	80	
292	25.942708	F5	77	84	290	26.500000	F5	77	80	
293	25.950521	C#4	61	73	291	26.500000	C#4	61	80	
294	26.049479	G5	79	82	292	26.625000	G5	79	80	
295	26.162760	A5	81	83	293	26.750000	A5	81	80	
296	26.167969	C4	60	76	294	26.750000	C4	60	80	
297	26.277344	F5	77	82	295	26.875000	F5	77	80	
298	26.404948	Bb5	82	83	296	27.000000	Bb5	82	80	
299	26.412760	C#4	61	76	297	27.000000	C#4	61	80	
300	26.522135	A5	81	78	298	27.125000	A5	81	80	
301	26.638021	Bb5	82	86	299	27.250000	Bb5	82	80	
302	26.644531	C#3	49	61	300	27.250000	C#3	49	80	
303	26.743490	C6	84	78	301	27.375000	C6	84	80	
304	26.860677	Bb5	82	82	302	27.500000	Bb5	82	80	
305	26.891927	C#4	61	71	303	27.500000	C#4	61	80	
306	26.971354	G#5	80	79	304	27.625000	G#5	80	80	
307	27.089844	G5	79	79	305	27.750000	G5	79	80	
308	27.196615	F5	77	77	306	27.875000	F5	77	80	
309	27.328125	Eb5	75	77	307	28.000000	Eb5	75	80	
310	27.363281	C4	60	64	308	28.000000	C4	60	80	
311	27.441406	F#5	78	57	*	-1	*	-1	-1	
312	27.457031	F5	77	83	309	28.125000	F5	77	80	
313	27.555990	Bb3	58	65	311	28.250000	Bb3	58	80	
314	27.569010	G5	79	76	310	28.250000	G5	79	80	
315	27.657552	Eb5	75	76	312	28.375000	Eb5	75	80	
316	27.785156	G#5	80	82	313	28.500000	G#5	80	80	
317	27.803385	C4	60	54	314	28.500000	C4	60	80	
318	27.924479	Bb3	58	64	315	28.625000	Bb3	58	80	
319	28.022135	G#4	68	76	316	28.750000	G#4	68	80	
320	28.063802	G#3	56	58	317	28.750000	G#3	56	80	
321	28.234375	Bb3	58	26	318	28.875000	Bb3	58	80	
322	28.252604	G#5	80	80	319	29.000000	G#5	80	80	
323	28.274740	C4	60	74	320	29.000000	C4	60	80	
324	28.410156	G#3	56	62	321	29.125000	G#3	56	80	
325	28.490885	D4	62	63	322	29.250000	D4	62	80	
326	28.621094	C4	60	56	323	29.375000	C4	60	80	
327	28.731771	Bb3	58	66	325	29.500000	Bb3	58	80	
328	28.764323	F#5	78	73	324	29.500000	F#5	78	80	
329	28.850260	C4	60	59	326	29.625000	C4	60	80	
330	28.954427	D4	62	56	328	29.750000	D4	62	80	
331	28.968750	F5	77	80	327	29.750000	F5	77	80	
332	29.054688	Bb3	58	52	329	29.875000	Bb3	58	80	
333	29.162760	Eb4	63	63	331	30.000000	Eb4	63	80	
334	29.220052	F5	77	67	330	30.000000	F#5	78	80	
335	29.296875	D4	62	53	332	30.125000	D4	62	80	
336	29.429688	F#4	66	71	333	30.250000	F#4	66	80	
337	29.437500	Eb4	63	61	334	30.250000	Eb4	63	80	
338	29.523438	F4	65	50	335	30.375000	F4	65	80	
339	29.634115	Eb4	63	56	337	30.500000	Eb4	63	80	
340	29.656250	F#5	78	78	336	30.500000	F#5	78	80	
341	29.776042	C#4	61	62	338	30.625000	C#4	61	80	
342	29.904948	C4	60	62	339	30.750000	C4	60	80	
343	30.022135	Bb3	58	63	340	30.875000	Bb3	58	80	
344	30.109375	F5	77	63	341	31.000000	F5	77	80	
345	30.135417	G#3	56	61	342	31.000000	G#3	56	80	
346	30.234375	Bb3	58	54	343	31.125000	Bb3	58	80	
347	30.335938	C4	60	59	345	31.250000	C4	60	80	
348	30.368490	Eb5	75	66	344	31.250000	Eb5	75	80	
349	30.442708	G#3	56	59	346	31.375000	G#3	56	80	
350	30.579427	F5	77	60	347	31.500000	F5	77	80	
351	30.588542	C#4	61	60	348	31.500000	C#4	61	80	
352	30.696615	Eb5	75	64	349	31.625000	Eb5	75	80	
353	30.804688	C#3	49	52	351	31.750000	C#3	49	80	
354	30.811198	C#5	73	63	350	31.750000	C#5	73	80	
355	30.933594	Eb5	75	55	352	31.875000	Eb5	75	80	
356	31.036458	F5	77	60	353	32.000000	F5	77	80	
357	31.054688	C#4	61	49	354	32.000000	C#4	61	80	
358	31.148438	C#5	73	55	355	32.125000	C#5	73	80	
359	31.256510	G5	79	60	356	32.250000	G5	79	80	
360	31.369792	F5	77	68	357	32.375000	F5	77	80	
361	31.498698	Eb5	75	65	358	32.500000	Eb5	75	80	
362	31.506510	B3	59	55	359	32.500000	B3	59	80	
363	31.604167	F5	77	70	360	32.625000	F5	77	80	
364	31.707031	G#5	80	71	*	-1	*	-1	-1	
365	31.717448	Bb3	58	61	362	32.750000	Bb3	58	80	
366	31.772135	G5	79	36	361	32.750000	G5	79	80	
367	31.822917	Eb5	75	64	363	32.875000	Eb5	75	80	
368	31.933594	B3	59	59	365	33.000000	B3	59	80	
369	31.933594	G#5	80	64	364	33.000000	G#5	80	80	
370	32.046875	G5	79	65	366	33.125000	G5	79	80	
371	32.148438	B2	47	59	368	33.250000	B2	47	80	
372	32.171875	G#5	80	62	367	33.250000	G#5	80	80	
373	32.253906	Bb5	82	62	369	33.375000	Bb5	82	80	
374	32.386719	G#5	80	63	370	33.500000	G#5	80	80	
375	32.408854	B3	59	57	371	33.500000	B3	59	80	
376	32.494792	F#5	78	67	372	33.625000	F#5	78	80	
377	32.614583	F5	77	65	373	33.750000	F5	77	80	
378	32.729167	Eb5	75	60	374	33.875000	Eb5	75	80	
379	32.845052	C#5	73	61	375	34.000000	C#5	73	80	
380	32.851562	Bb3	58	45	376	34.000000	Bb3	58	80	
381	32.934896	Eb5	75	52	377	34.125000	Eb5	75	80	
382	33.059896	F5	77	64	378	34.250000	F5	77	80	
383	33.070312	G#3	56	45	379	34.250000	G#3	56	80	
384	33.171875	C#5	73	53	380	34.375000	C#5	73	80	
385	33.291667	Bb3	58	41	382	34.500000	Bb3	58	80	
386	33.332031	F#4	66	50	381	34.500000	F#4	66	80	
387	33.417969	F#3	54	49	383	34.625000	F#3	54	80	
388	33.518229	C#3	49	50	384	34.750000	C#3	49	80	
389	33.628906	F#3	54	54	385	34.875000	F#3	54	80	
390	33.736979	Bb3	58	55	387	35.000000	Bb3	58	80	
391	33.738281	F#5	78	59	386	35.000000	F#5	78	80	
392	33.881510	F#3	54	46	388	35.125000	F#3	54	80	
393	33.951823	G#4	68	63	389	35.250000	G#4	68	80	
394	33.973958	B3	59	54	390	35.250000	B3	59	80	
395	34.074219	F#3	54	50	391	35.375000	F#3	54	80	
396	34.197917	B3	59	61	392	35.500000	B3	59	80	
397	34.328125	F#3	54	54	393	35.625000	F#3	54	80	
398	34.421875	B3	59	63	395	35.750000	B3	59	80	
399	34.434896	F#5	78	63	394	35.750000	F#5	78	80	
400	34.519531	F#3	54	55	396	35.875000	F#3	54	80	
401	34.657552	Bb4	70	77	397	36.000000	Bb4	70	80	
402	34.658854	C#4	61	54	398	36.000000	C#4	61	80	
403	34.761719	F#3	54	61	399	36.125000	F#3	54	80	
404	34.873698	C#4	61	67	400	36.250000	C#4	61	80	
405	34.973958	F#3	54	57	401	36.375000	F#3	54	80	
406	35.104167	C#4	61	62	403	36.500000	C#4	61	80	
407	35.114583	F#5	78	71	402	36.500000	F#5	78	80	
408	35.187500	F#3	54	59	404	36.625000	F#3	54	80	
409	35.352865	Eb4	63	64	406	36.750000	Eb4	63	80	
410	35.356771	B4	71	78	405	36.750000	B4	71	80	
411	35.464844	F#3	54	62	407	36.875000	F#3	54	80	
412	35.591146	Eb4	63	65	408	37.000000	Eb4	63	80	
413	35.697917	F#3	54	60	409	37.125000	F#3	54	80	
414	35.824219	Eb4	63	60	411	37.250000	Eb4	63	80	
415	35.837240	F#5	78	59	410	37.250000	F#5	78	80	
416	35.919271	F#3	54	60	412	37.375000	F#3	54	80	
417	36.041667	C#4	61	57	414	37.500000	C#4	61	80	
418	36.062500	Bb4	70	67	413	37.500000	Bb4	70	80	
419	36.148438	F#3	54	64	415	37.625000	F#3	54	80	
420	36.263021	C#4	61	67	416	37.750000	C#4	61	80	
421	36.382812	F#3	54	60	417	37.875000	F#3	54	80	
422	36.511719	F#5	78	59	418	38.000000	F#5	78	80	
423	36.526042	C#4	61	47	419	38.000000	C#4	61	80	
424	36.555990	F#3	54	42	420	38.125000	F#3	54	80	
425	36.738281	B3	59	60	422	38.250000	B3	59	80	
426	36.750000	G#4	68	65	421	38.250000	G#4	68	80	
427	36.856771	Bb3	58	62	423	38.375000	Bb3	58	80	
428	36.941406	G#3	56	60	424	38.500000	G#3	56	80	
429	37.059896	Bb3	58	64	425	38.625000	Bb3	58	80	
430	37.149740	B3	59	55	427	38.750000	B3	59	80	
431	37.169271	F5	77	65	426	38.750000	F5	77	80	
432	37.260417	G#3	56	56	428	38.875000	G#3	56	80	
433	37.402344	Bb3	58	62	430	39.000000	Bb3	58	80	
434	37.404948	F#4	66	73	429	39.000000	F#4	66	80	
435	37.522135	G#3	56	67	431	39.125000	G#3	56	80	
436	37.651042	F#3	54	63	432	39.250000	F#3	54	80	
437	37.764323	G#3	56	60	433	39.375000	G#3	56	80	
438	37.839844	F#5	78	77	434	39.500000	F#5	78	80	
439	37.859375	Bb3	58	66	435	39.500000	Bb3	58	80	
440	37.972656	F#3	54	65	436	39.625000	F#3	54	80	
441	38.091146	G#3	56	66	437	39.750000	G#3	56	80	
442	38.209635	Bb3	58	65	438	39.875000	Bb3	58	80	
443	38.286458	F5	77	72	439	40.000000	F5	77	80	
444	38.342448	G#3	56	67	440	40.000000	G#3	56	80	
445	38.406250	Eb5	75	71	441	40.125000	Eb5	75	80	
446	38.432292	F#3	54	51	442	40.125000	F#3	54	80	
447	38.520833	F3	53	62	444	40.250000	F3	53	80	
448	38.532552	C#5	73	71	443	40.250000	C#5	73	80	
449	38.627604	Eb5	75	65	445	40.375000	Eb5	75	80	
450	38.641927	Eb3	51	54	446	40.375000	Eb3	51	80	
451	38.764323	F5	77	70	447	40.500000	F5	77	80	
452	38.791667	C#3	49	55	448	40.500000	C#3	49	80	
453	38.876302	C#5	73	67	449	40.625000	C#5	73	80	
454	38.993490	G#4	68	72	450	40.750000	G#4	68	80	
455	39.109375	C#5	73	66	451	40.875000	C#5	73	80	
456	39.220052	F5	77	78	452	41.000000	F5	77	80	
457	39.226562	C#4	61	52	453	41.000000	C#4	61	80	
458	39.348958	C#5	73	67	454	41.125000	C#5	73	80	
459	39.453125	Eb3	51	57	456	41.250000	Eb3	51	80	
460	39.471354	F#5	78	75	455	41.250000	F#5	78	80	
461	39.595052	C#5	73	71	457	41.375000	C#5	73	80	
462	39.703125	F#5	78	85	458	41.500000	F#5	78	80	
463	39.819010	C#5	73	73	459	41.625000	C#5	73	80	
464	39.921875	F#5	78	86	460	41.750000	F#5	78	80	
465	39.924479	C#4	61	54	461	41.750000	C#4	61	80	
466	40.040365	C#5	73	72	462	41.875000	C#5	73	80	
467	40.154948	G#5	80	84	463	42.000000	G#5	80	80	
468	40.157552	F3	53	49	464	42.000000	F3	53	80	
469	40.277344	C#5	73	72	465	42.125000	C#5	73	80	
470	40.391927	G#5	80	88	466	42.250000	G#5	80	80	
471	40.514323	C#5	73	73	467	42.375000	C#5	73	80	
472	40.610677	G#5	80	87	468	42.500000	G#5	80	80	
473	40.621094	C#4	61	51	469	42.500000	C#4	61	80	
474	40.734375	C#5	73	71	470	42.625000	C#5	73	80	
475	40.852865	F#3	54	51	472	42.750000	F#3	54	80	
476	40.856771	Bb5	82	82	471	42.750000	Bb5	82	80	
477	40.976562	C#5	73	71	473	42.875000	C#5	73	80	
478	41.087240	Bb5	82	82	474	43.000000	Bb5	82	80	
479	41.208333	C#5	73	65	475	43.125000	C#5	73	80	
480	41.324219	C#4	61	52	477	43.250000	C#4	61	80	
481	41.328125	Bb5	82	75	476	43.250000	Bb5	82	80	
482	41.444010	C#5	73	61	478	43.375000	C#5	73	80	
483	41.553385	F3	53	63	480	43.500000	F3	53	80	
484	41.558594	G#5	80	69	479	43.500000	G#5	80	80	
485	41.664062	C#5	73	65	481	43.625000	C#5	73	80	
486	41.786458	G#5	80	70	482	43.750000	G#5	80	80	
487	41.904948	C#5	73	63	483	43.875000	C#5	73	80	
488	42.000000	C#4	61	46	485	44.000000	C#4	61	80	
489	42.027344	G#5	80	65	484	44.000000	G#5	80	80	
490	42.144531	C#5	73	58	486	44.125000	C#5	73	80	
491	42.236979	Eb3	51	60	488	44.250000	Eb3	51	80	
492	42.259115	F#5	78	63	487	44.250000	F#5	78	80	
493	42.375000	F5	77	70	489	44.375000	F5	77	80	
494	42.486979	Eb5	75	76	490	44.500000	Eb5	75	80	
495	42.593750	F5	77	75	491	44.625000	F5	77	80	
496	42.704427	C4	60	55	493	44.750000	C4	60	80	
497	42.704427	F#5	78	71	492	44.750000	F#5	78	80	
498	42.807292	Eb5	75	72	494	44.875000	Eb5	75	80	
499	42.932292	C#3	49	63	496	45.000000	C#3	49	80	
500	42.944010	F5	77	69	495	45.000000	F5	77	80	
501	43.059896	Eb5	75	69	497	45.125000	Eb5	75	80	
502	43.166667	C#5	73	71	498	45.250000	C#5	73	80	
503	43.295573	Eb5	75	66	499	45.375000	Eb5	75	80	
504	43.377604	C#4	61	62	501	45.500000	C#4	61	80	
505	43.415365	F5	77	68	500	45.500000	F5	77	80	
506	43.536458	C#5	73	59	502	45.625000	C#5	73	80	
507	43.610677	F#3	54	73	504	45.750000	F#3	54	80	
508	43.638021	Eb5	75	66	503	45.750000	Eb5	75	80	
509	43.750000	F5	77	60	505	45.875000	F5	77	80	
510	43.828125	F3	53	59	507	46.000000	F3	53	80	
511	43.855469	Eb5	75	60	506	46.000000	Eb5	75	80	
512	43.944010	C#5	73	63	508	46.125000	C#5	73	80	
513	44.044271	Eb3	51	62	510	46.250000	Eb3	51	80	
514	44.070312	C5	72	55	509	46.250000	C5	72	80	
515	44.165365	Bb4	70	60	511	46.375000	Bb4	70	80	
516	44.265625	G#3	56	46	513	46.500000	G#3	56	80	
517	44.277344	C5	72	71	512	46.500000	C5	72	80	
518	44.414062	G#4	68	55	514	46.625000	G#4	68	80	
519	44.498698	F#4	66	55	515	46.750000	F#4	66	80	
520	44.613281	G#4	68	63	516	46.875000	G#4	68	80	
521	44.727865	Eb4	63	63	517	47.000000	Eb4	63	80	
522	44.807292	G#4	68	60	518	47.125000	G#4	68	80	
523	44.930990	G#3	56	62	520	47.250000	G#3	56	80	
524	44.942708	C5	72	73	519	47.250000	C5	72	80	
525	45.062500	G#4	68	56	521	47.375000	G#4	68	80	
526	45.170573	F#4	66	59	522	47.500000	F#4	66	80	
527	45.270833	G#4	68	53	523	47.625000	G#4	68	80	
528	45.404948	Eb4	63	61	524	47.750000	Eb4	63	80	
529	45.485677	G#4	68	57	525	47.875000	G#4	68	80	
530	45.606771	C#5	73	73	526	48.000000	C#5	73	80	
531	45.608073	G#3	56	57	527	48.000000	G#3	56	80	
532	45.718750	G#4	68	57	528	48.125000	G#4	68	80	
533	45.834635	F4	65	55	529	48.250000	F4	65	80	
534	45.929688	G#4	68	57	530	48.375000	G#4	68	80	
535	46.062500	C#4	61	62	531	48.500000	C#4	61	80	
536	46.122396	G#4	68	56	532	48.625000	G#4	68	80	
537	46.269531	G#3	56	59	534	48.750000	G#3	56	80	
538	46.269531	C#5	73	79	533	48.750000	C#5	73	80	
539	46.397135	G#4	68	67	535	48.875000	G#4	68	80	
540	46.510417	F4	65	67	536	49.000000	F4	65	80	
541	46.595052	G#4	68	69	537	49.125000	G#4	68	80	
542	46.733073	C#4	61	66	538	49.250000	C#4	61	80	
543	46.829427	G#4	68	54	539	49.375000	G#4	68	80	
544	46.938802	G#3	56	59	541	49.500000	G#3	56	80	
545	46.947917	F#5	78	85	540	49.500000	F#5	78	80	
546	47.075521	G#4	68	67	542	49.625000	G#4	68	80	
547	47.173177	Eb4	63	67	543	49.750000	Eb4	63	80	
548	47.268229	G#4	68	73	544	49.875000	G#4	68	80	
549	47.416667	C4	60	70	545	50.000000	C4	60	80	
550	47.493490	G#4	68	63	546	50.125000	G#4	68	80	
551	47.631510	G#3	56	62	548	50.250000	G#3	56	80	
552	47.638021	F#5	78	82	547	50.250000	F#5	78	80	
553	47.752604	G#4	68	68	549	50.375000	G#4	68	80	
554	47.871094	Eb4	63	63	550	50.500000	Eb4	63	80	
555	47.960938	G#4	68	64	551	50.625000	G#4	68	80	
556	48.088542	C4	60	59	552	50.750000	C4	60	80	
557	48.178385	G#4	68	49	553	50.875000	G#4	68	80	
558	48.325521	G#3	56	48	555	51.000000	G#3	56	80	
559	48.326823	F5	77	67	554	51.000000	F5	77	80	
560	48.438802	G#4	68	58	556	51.125000	G#4	68	80	
561	48.558594	F4	65	54	557	51.250000	F4	65	80	
562	48.669271	G#4	68	53	558	51.375000	G#4	68	80	
563	48.783854	C#4	61	51	559	51.500000	C#4	61	80	
564	48.856771	G#4	68	50	560	51.625000	G#4	68	80	
565	48.989583	G#3	56	45	562	51.750000	G#3	56	80	
566	49.003906	F5	77	71	561	51.750000	F5	77	80	
567	49.139323	G#4	68	55	563	51.875000	G#4	68	80	
568	49.226562	F4	65	57	564	52.000000	F4	65	80	
569	49.347656	G#4	68	64	565	52.125000	G#4	68	80	
570	49.464844	C#4	61	62	566	52.250000	C#4	61	80	
571	49.552083	G#4	68	69	567	52.375000	G#4	68	80	
572	49.678385	G#3	56	61	569	52.500000	G#3	56	80	
573	49.680990	G5	79	82	568	52.500000	G5	79	80	
574	49.804688	Bb4	70	65	570	52.625000	Bb4	70	80	
575	49.908854	E4	64	71	571	52.750000	E4	64	80	
576	50.014323	Bb4	70	68	572	52.875000	Bb4	70	80	
577	50.144531	C#4	61	67	573	53.000000	C#4	61	80	
578	50.233073	Bb4	70	69	574	53.125000	Bb4	70	80	
579	50.359375	G#3	56	65	576	53.250000	G#3	56	80	
580	50.364583	G5	79	88	575	53.250000	G5	79	80	
581	50.489583	Bb4	70	64	577	53.375000	Bb4	70	80	
582	50.588542	E4	64	68	578	53.500000	E4	64	80	
583	50.696615	Bb4	70	64	579	53.625000	Bb4	70	80	
584	50.815104	C#4	61	55	580	53.750000	C#4	61	80	
585	50.867188	Bb4	70	60	581	53.875000	Bb4	70	80	
586	51.010417	G#5	80	64	582	54.000000	G#5	80	80	
587	51.013021	G#3	56	54	583	54.000000	G#3	56	80	
588	51.115885	C5	72	68	584	54.125000	C5	72	80	
589	51.244792	Eb4	63	61	585	54.250000	Eb4	63	80	
590	51.363281	C5	72	70	586	54.375000	C5	72	80	
591	51.476562	C4	60	74	587	54.500000	C4	60	80	
592	51.566406	C5	72	73	588	54.625000	C5	72	80	
593	51.696615	F#3	54	68	590	54.750000	F#3	54	80	
594	51.696615	G#5	80	82	589	54.750000	G#5	80	80	
595	51.807292	C5	72	75	591	54.875000	C5	72	80	
596	51.929688	Eb4	63	75	592	55.000000	Eb4	63	80	
597	52.032552	C5	72	72	593	55.125000	C5	72	80	
598	52.147135	C4	60	79	594	55.250000	C4	60	80	
599	52.233073	C5	72	77	595	55.375000	C5	72	80	
600	52.368490	F3	53	75	597	55.500000	F3	53	80	
601	52.384115	G#5	80	83	596	55.500000	G#5	80	80	
602	52.514323	C#5	73	75	598	55.625000	C#5	73	80	
603	52.610677	F4	65	74	599	55.750000	F4	65	80	
604	52.709635	G#4	68	77	600	55.875000	G#4	68	80	
605	52.841146	C#4	61	77	601	56.000000	C#4	61	80	
606	52.923177	C#5	73	82	602	56.125000	C#5	73	80	
607	53.054688	G#3	56	83	603	56.250000	G#3	56	80	
608	53.173177	F5	77	82	604	56.375000	F5	77	80	
609	53.289062	F3	53	86	605	56.500000	F3	53	80	
610	53.415365	G#5	80	89	606	56.625000	G#5	80	80	
611	53.516927	Eb3	51	77	607	56.750000	Eb3	51	80	
612	53.617188	Bb5	82	88	608	56.875000	Bb5	82	80	
613	53.729167	D3	50	67	610	57.000000	D3	50	80	
614	53.748698	B5	83	82	609	57.000000	B5	83	80	
615	53.861979	Bb5	82	80	611	57.125000	Bb5	82	80	
616	53.949219	F3	53	62	613	57.250000	F3	53	80	
617	53.963542	G#5	80	81	612	57.250000	G#5	80	80	
618	54.058594	F#5	78	82	614	57.375000	F#5	78	80	
619	54.173177	Bb3	58	69	616	57.500000	Bb3	58	80	
620	54.179688	F5	77	85	615	57.500000	F5	77	80	
621	54.285156	Eb5	75	80	617	57.625000	Eb5	75	80	
622	54.408854	D4	62	69	619	57.750000	D4	62	80	
623	54.414062	F5	77	84	618	57.750000	F5	77	80	
624	54.522135	F#5	78	83	620	57.875000	F#5	78	80	
625	54.615885	F4	65	75	622	58.000000	F4	65	80	
626	54.638021	G#5	80	86	621	58.000000	G#5	80	80	
627	54.761719	B5	83	70	623	58.125000	B5	83	80	
628	54.770833	Bb5	82	58	*	-1	*	-1	-1	
629	54.834635	G#4	68	79	625	58.250000	G#4	68	80	
630	54.852865	Bb5	82	63	624	58.250000	Bb5	82	80	
631	54.971354	G#5	80	80	626	58.375000	G#5	80	80	
632	55.046875	F#4	66	77	628	58.500000	F#4	66	80	
633	55.087240	Bb5	82	81	627	58.500000	Bb5	82	80	
634	55.170573	Eb5	75	73	629	58.625000	Eb5	75	80	
635	55.282552	Eb4	63	70	630	58.750000	Eb4	63	80	
636	55.385417	F#4	66	67	631	58.875000	F#4	66	80	
637	55.502604	Bb3	58	71	632	59.000000	Bb3	58	80	
638	55.611979	Bb4	70	69	633	59.125000	Bb4	70	80	
639	55.720052	F#3	54	69	634	59.250000	F#3	54	80	
640	55.834635	Eb5	75	77	635	59.375000	Eb5	75	80	
641	55.957031	Eb3	51	66	636	59.500000	Eb3	51	80	
642	56.058594	F#5	78	69	637	59.625000	F#5	78	80	
643	56.175781	C#3	49	55	638	59.750000	C#3	49	80	
644	56.248698	G#5	80	65	639	59.875000	G#5	80	80	
645	56.384115	C3	48	47	641	60.000000	C3	48	80	
646	56.394531	A5	81	59	640	60.000000	A5	81	80	
647	56.492188	G#5	80	62	642	60.125000	G#5	80	80	
648	56.589844	Eb3	51	54	644	60.250000	Eb3	51	80	
649	56.610677	F#5	78	68	643	60.250000	F#5	78	80	
650	56.705729	E5	76	67	645	60.375000	E5	76	80	
651	56.817708	G#3	56	61	647	60.500000	G#3	56	80	
652	56.829427	Eb5	75	68	646	60.500000	Eb5	75	80	
653	56.942708	C#5	73	70	648	60.625000	C#5	73	80	
654	57.053385	C4	60	61	650	60.750000	C4	60	80	
655	57.055990	Eb5	75	70	649	60.750000	Eb5	75	80	
656	57.141927	E5	76	75	651	60.875000	E5	76	80	
657	57.257812	Eb4	63	65	653	61.000000	Eb4	63	80	
658	57.264323	F#5	78	76	652	61.000000	F#5	78	80	
659	57.378906	A5	81	73	654	61.125000	A5	81	80	
660	57.483073	G#5	80	76	655	61.250000	G#5	80	80	
661	57.486979	F#4	66	67	656	61.250000	F#4	66	80	
662	57.591146	F#5	78	79	657	61.375000	F#5	78	80	
663	57.705729	E4	64	68	659	61.500000	E4	64	80	
664	57.710938	G#5	80	84	658	61.500000	G#5	80	80	
665	57.809896	C#5	73	68	660	61.625000	C#5	73	80	
666	57.937500	C#4	61	71	661	61.750000	C#4	61	80	
667	58.036458	E5	76	70	662	61.875000	E5	76	80	
668	58.151042	A3	57	77	663	62.000000	A3	57	80	
669	58.252604	C#5	73	78	664	62.125000	C#5	73	80	
670	58.390625	F#3	54	76	665	62.250000	F#3	54	80	
671	58.480469	A4	69	75	666	62.375000	A4	69	80	
672	58.614583	Eb4	63	79	667	62.500000	Eb4	63	80	
673	58.688802	F#4	66	77	668	62.625000	F#4	66	80	
674	58.838542	C4	60	76	669	62.750000	C4	60	80	
675	58.912760	Eb5	75	78	670	62.875000	Eb5	75	80	
676	59.044271	E3	52	77	671	63.000000	E3	52	80	
677	59.157552	G#4	68	82	672	63.125000	G#4	68	80	
678	59.274740	C#4	61	82	673	63.250000	C#4	61	80	
679	59.403646	E4	64	78	674	63.375000	E4	64	80	
680	59.503906	A3	57	80	675	63.500000	A3	57	80	
681	59.636719	C#5	73	79	676	63.625000	C#5	73	80	
682	59.734375	F#3	54	82	677	63.750000	F#3	54	80	
683	59.855469	A4	69	76	678	63.875000	A4	69	80	
684	59.957031	Eb3	51	71	679	64.000000	Eb3	51	80	
685	60.066406	F#4	66	68	680	64.125000	F#4	66	80	
686	60.158854	C3	48	53	681	64.250000	C3	48	80	
687	60.265625	Eb4	63	50	682	64.375000	Eb4	63	80	
688	60.356771	G#2	44	52	684	64.500000	G#2	44	80	
689	60.415365	C4	60	56	683	64.500000	C4	60	80	
690	60.535156	A3	57	44	685	64.625000	G#3	56	80	
691	60.593750	F#3	54	57	686	64.750000	F#3	54	80	
692	60.714844	G#3	56	59	687	64.875000	G#3	56	80	
693	60.820312	Eb3	51	63	688	65.000000	Eb3	51	80	
694	60.914062	G#3	56	55	689	65.125000	G#3	56	80	
695	61.037760	G#2	44	44	691	65.250000	G#2	44	80	
696	61.054688	C4	60	67	690	65.250000	C4	60	80	
697	61.167969	G#3	56	55	692	65.375000	G#3	56	80	
698	61.274740	F#3	54	55	693	65.500000	F#3	54	80	
699	61.367188	G#3	56	58	694	65.625000	G#3	56	80	
700	61.489583	Eb3	51	65	695	65.750000	Eb3	51	80	
701	61.579427	G#3	56	59	696	65.875000	G#3	56	80	
702	61.700521	G#2	44	56	698	66.000000	G#2	44	80	
703	61.708333	C#4	61	71	697	66.000000	C#4	61	80	
704	61.821615	G#3	56	58	699	66.125000	G#3	56	80	
705	61.936198	F3	53	63	700	66.250000	F3	53	80	
706	62.013021	G#3	56	52	701	66.375000	G#3	56	80	
707	62.149740	C#3	49	62	702	66.500000	C#3	49	80	
708	62.221354	G#3	56	57	703	66.625000	G#3	56	80	
709	62.381510	C#4	61	79	704	66.750000	C#4	61	80	
710	62.384115	G#2	44	49	705	66.750000	G#2	44	80	
711	62.497396	G#3	56	71	706	66.875000	G#3	56	80	
712	62.600260	F3	53	69	707	67.000000	F3	53	80	
713	62.694010	G#3	56	70	708	67.125000	G#3	56	80	
714	62.803385	C#3	49	64	709	67.250000	C#3	49	80	
715	62.906250	G#3	56	65	710	67.375000	G#3	56	80	
716	63.036458	G#2	44	60	712	67.500000	G#2	44	80	
717	63.054688	F#4	66	79	711	67.500000	F#4	66	80	
718	63.167969	G#3	56	70	713	67.625000	G#3	56	80	
719	63.276042	Eb3	51	62	714	67.750000	Eb3	51	80	
720	63.377604	G#3	56	69	715	67.875000	G#3	56	80	
721	63.503906	C3	48	59	716	68.000000	C3	48	80	
722	63.576823	G#3	56	62	717	68.125000	G#3	56	80	
723	63.704427	G#2	44	55	719	68.250000	G#2	44	80	
724	63.731771	F#4	66	74	718	68.250000	F#4	66	80	
725	63.839844	G#3	56	60	720	68.375000	G#3	56	80	
726	63.940104	Eb3	51	61	721	68.500000	Eb3	51	80	
727	64.050781	G#3	56	57	722	68.625000	G#3	56	80	
728	64.165365	C3	48	44	723	68.750000	C3	48	80	
729	64.260417	G#3	56	51	724	68.875000	G#3	56	80	
730	64.402344	G#2	44	43	726	69.000000	G#2	44	80	
731	64.414062	F4	65	65	725	69.000000	F4	65	80	
732	64.519531	G#3	56	56	727	69.125000	G#3	56	80	
733	64.634115	F3	53	55	728	69.250000	F3	53	80	
734	64.735677	G#3	56	55	729	69.375000	G#3	56	80	
735	64.846354	C#3	49	54	730	69.500000	C#3	49	80	
736	64.944010	G#3	56	53	731	69.625000	G#3	56	80	
737	65.052083	G#2	44	50	733	69.750000	G#2	44	80	
738	65.066406	F4	65	74	732	69.750000	F4	65	80	
739	65.178385	G#3	56	60	734	69.875000	G#3	56	80	
740	65.282552	F3	53	67	735	70.000000	F3	53	80	
741	65.381510	G#3	56	70	736	70.125000	G#3	56	80	
742	65.514323	C#3	49	67	737	70.250000	C#3	49	80	
743	65.604167	G#3	56	71	738	70.375000	G#3	56	80	
744	65.727865	G#2	44	64	740	70.500000	G#2	44	80	
745	65.727865	G4	67	81	739	70.500000	G4	67	80	
746	65.852865	Bb3	58	67	741	70.625000	Bb3	58	80	
747	65.954427	E3	52	77	742	70.750000	E3	52	80	
748	66.066406	Bb3	58	69	743	70.875000	Bb3	58	80	
749	66.165365	C#3	49	72	744	71.000000	C#3	49	80	
750	66.272135	Bb3	58	73	745	71.125000	Bb3	58	80	
751	66.393229	G#2	44	71	747	71.250000	G#2	44	80	
752	66.406250	G4	67	86	746	71.250000	G4	67	80	
753	66.515625	Bb3	58	75	748	71.375000	Bb3	58	80	
754	66.622396	E3	52	74	749	71.500000	E3	52	80	
755	66.710938	Bb3	58	77	750	71.625000	Bb3	58	80	
756	66.829427	C#3	49	69	751	71.750000	C#3	49	80	
757	66.921875	Bb3	58	77	752	71.875000	Bb3	58	80	
758	67.045573	G#2	44	69	753	72.000000	G#2	44	80	
759	67.152344	C3	48	72	754	72.125000	C3	48	80	
760	67.268229	Eb3	51	82	755	72.250000	Eb3	51	80	
761	67.376302	F#3	54	75	756	72.375000	F#3	54	80	
762	67.476562	A3	57	74	757	72.500000	A3	57	80	
763	67.589844	C4	60	79	758	72.625000	C4	60	80	
764	67.699219	C#4	61	74	759	72.750000	C#4	61	80	
765	67.816406	E4	64	80	760	72.875000	E4	64	80	
766	67.933594	G4	67	82	761	73.000000	G4	67	80	
767	68.016927	Bb4	70	77	762	73.125000	Bb4	70	80	
768	68.131510	C#5	73	81	763	73.250000	C#5	73	80	
769	68.255208	E5	76	70	764	73.375000	E5	76	80	
770	68.352865	G#2	44	77	766	73.500000	G#2	44	80	
771	68.352865	C5	72	83	765	73.500000	C5	72	80	
772	68.468750	Eb5	75	82	767	73.625000	Eb5	75	80	
773	68.583333	F#5	78	78	768	73.750000	F#5	78	80	
774	68.697917	Eb5	75	84	769	73.875000	Eb5	75	80	
775	68.808594	C5	72	72	770	74.000000	C5	72	80	
776	68.910156	G#4	68	79	771	74.125000	G#4	68	80	
777	69.031250	F#4	66	77	772	74.250000	F#4	66	80	
778	69.139323	Eb4	63	69	773	74.375000	Eb4	63	80	
779	69.251302	C4	60	74	774	74.500000	C4	60	80	
780	69.386719	G#3	56	75	775	74.625000	G#3	56	80	
781	69.514323	C4	60	73	776	74.750000	C4	60	80	
782	69.621094	Eb4	63	71	777	74.875000	Eb4	63	80	
783	69.726562	F4	65	72	778	75.000000	F4	65	80	
784	69.738281	G#3	56	66	779	75.000000	G#3	56	80	
785	69.838542	G#4	68	76	780	75.125000	G#4	68	80	
786	69.945312	C#5	73	76	781	75.250000	C#5	73	80	
787	70.045573	G#4	68	79	782	75.375000	G#4	68	80	
788	70.165365	F4	65	65	783	75.500000	F4	65	80	
789	70.178385	E4	64	66	*	-1	*	-1	-1	
790	70.269531	C#4	61	72	784	75.625000	C#4	61	80	
791	70.397135	Bb3	58	78	785	75.750000	Bb3	58	80	
792	70.511719	G3	55	70	786	75.875000	G3	55	80	
793	70.631510	E3	52	68	787	76.000000	E3	52	80	
794	70.743490	C#3	49	76	788	76.125000	C#3	49	80	
795	70.871094	E3	52	79	789	76.250000	E3	52	80	
796	70.971354	G3	55	74	790	76.375000	G3	55	80	
797	71.095052	G#2	44	84	791	76.500000	G#2	44	80	
798	71.450521	C#5	73	84	794	76.750000	C#5	73	80	
799	71.457031	G#3	56	77	797	76.750000	G#3	56	80	
800	71.463542	C#3	49	46	795	76.750000	C#3	49	80	
801	71.464844	F4	65	65	792	76.750000	F4	65	80	
802	71.468750	G#4	68	67	793	76.750000	G#4	68	80	
803	71.470052	F3	53	61	796	76.750000	F3	53	80	
804	71.843750	C5	72	82	800	77.000000	C5	72	80	
805	71.845052	Eb4	63	73	798	77.000000	Eb4	63	80	
806	71.848958	G#4	68	73	799	77.000000	G#4	68	80	
807	71.855469	F#3	54	65	802	77.000000	F#3	54	80	
808	71.856771	G#3	56	66	803	77.000000	G#3	56	80	
809	71.878906	Eb3	51	57	801	77.000000	Eb3	51	80	
810	72.424479	F3	53	35	807	77.250000	F3	53	80	
811	72.424479	C#5	73	54	806	77.250000	C#5	73	80	
812	72.428385	G#3	56	14	808	77.250000	G#3	56	80	
813	72.428385	C#4	61	44	804	77.250000	C#4	61	80	
814	72.428385	G#4	68	48	805	77.250000	G#4	68	80	
815	72.432292	C#3	49	31	809	77.250000	C#3	49	80	
*	-1	*	-1	-1	111	10.250000	G5	79	80	
