// alignID alignOntime alignSitch alignPitch alignOnvel refID refOntime refSitch refPitch refOnvel
0	0.976562	F5	77	62	0	0.000000	F5	77	80	
1	0.983073	C#3	49	40	1	0.000000	C#3	49	80	
2	1.109375	C#5	73	57	2	0.125000	C#5	73	80	
3	1.223958	G#4	68	55	3	0.250000	G#4	68	80	
4	1.311198	C#5	73	51	4	0.375000	C#5	73	80	
5	1.446615	F5	77	66	5	0.500000	F5	77	80	
6	1.455729	C#4	61	61	6	0.500000	C#4	61	80	
7	1.548177	C#5	73	55	7	0.625000	C#5	73	80	
8	1.667969	Eb3	51	59	9	0.750000	Eb3	51	80	
9	1.669271	F#5	78	59	8	0.750000	F#5	78	80	
10	1.778646	C#5	73	51	10	0.875000	C#5	73	80	
11	1.881510	F#5	78	64	11	1.000000	F#5	78	80	
12	1.985677	C#5	73	62	12	1.125000	C#5	73	80	
13	2.095052	F#5	78	70	13	1.250000	F#5	78	80	
14	2.102865	C#4	61	62	14	1.250000	C#4	61	80	
15	2.200521	C#5	73	65	15	1.375000	C#5	73	80	
16	2.300781	G#5	80	75	16	1.500000	G#5	80	80	
17	2.316406	F3	53	66	17	1.500000	F3	53	80	
18	2.423177	C#5	73	67	18	1.625000	C#5	73	80	
19	2.523438	G#5	80	76	19	1.750000	G#5	80	80	
20	2.615885	C#5	73	72	20	1.875000	C#5	73	80	
21	2.729167	G#5	80	81	21	2.000000	G#5	80	80	
22	2.757812	C#4	61	69	22	2.000000	C#4	61	80	
23	2.832031	C#5	73	75	23	2.125000	C#5	73	80	
24	2.945312	Bb5	82	81	24	2.250000	Bb5	82	80	
25	2.960938	F#3	54	66	25	2.250000	F#3	54	80	
26	3.057292	C#5	73	73	26	2.375000	C#5	73	80	
27	3.164062	Bb5	82	83	27	2.500000	Bb5	82	80	
28	3.273438	C#5	73	74	28	2.625000	C#5	73	80	
29	3.378906	Bb5	82	81	29	2.750000	Bb5	82	80	
30	3.417969	C#4	61	68	30	2.750000	C#4	61	80	
31	3.494792	C#5	73	73	31	2.875000	C#5	73	80	
32	3.610677	G#5	80	71	32	3.000000	G#5	80	80	
33	3.615885	F3	53	62	33	3.000000	F3	53	80	
34	3.714844	C#5	73	67	34	3.125000	C#5	73	80	
35	3.832031	G#5	80	70	35	3.250000	G#5	80	80	
36	3.933594	C#5	73	69	36	3.375000	C#5	73	80	
37	4.054688	G#5	80	71	37	3.500000	G#5	80	80	
38	4.061198	C#4	61	62	38	3.500000	C#4	61	80	
39	4.153646	C#5	73	65	39	3.625000	C#5	73	80	
40	4.260417	F#5	78	65	40	3.750000	F#5	78	80	
41	4.272135	Eb3	51	58	41	3.750000	Eb3	51	80	
42	4.372396	F5	77	62	42	3.875000	F5	77	80	
43	4.490885	Eb5	75	62	43	4.000000	Eb5	75	80	
44	4.587240	F5	77	61	44	4.125000	F5	77	80	
45	4.703125	F#5	78	65	45	4.250000	F#5	78	80	
46	4.725260	C4	60	53	46	4.250000	C4	60	80	
47	4.811198	Eb5	75	58	47	4.375000	Eb5	75	80	
48	4.917969	F5	77	63	48	4.500000	F5	77	80	
49	4.924479	C#3	49	54	49	4.500000	C#3	49	80	
50	5.041667	Eb5	75	64	50	4.625000	Eb5	75	80	
51	5.141927	C#5	73	64	51	4.750000	C#5	73	80	
52	5.248698	Eb5	75	66	52	4.875000	Eb5	75	80	
53	5.373698	F5	77	66	53	5.000000	F5	77	80	
54	5.380208	C#4	61	66	54	5.000000	C#4	61	80	
55	5.498698	C#5	73	63	55	5.125000	C#5	73	80	
56	5.610677	Eb5	75	67	56	5.250000	Eb5	75	80	
57	5.712240	F5	77	70	57	5.375000	F5	77	80	
58	5.821615	Eb5	75	61	58	5.500000	Eb5	75	80	
59	5.846354	C4	60	58	59	5.500000	C4	60	80	
60	5.928385	C#5	73	65	60	5.625000	C#5	73	80	
61	5.958333	Bb3	58	59	61	5.625000	Bb3	58	80	
62	6.035156	C5	72	60	62	5.750000	C5	72	80	
63	6.057292	G#3	56	60	63	5.750000	G#3	56	80	
64	6.136719	Bb4	70	65	64	5.875000	Bb4	70	80	
65	6.164062	Bb3	58	57	65	5.875000	Bb3	58	80	
66	6.257812	G#4	68	65	66	6.000000	G#4	68	80	
67	6.266927	C4	60	59	67	6.000000	C4	60	80	
68	6.364583	G#3	56	56	68	6.125000	G#3	56	80	
69	6.484375	Eb3	51	57	69	6.250000	Eb3	51	80	
70	6.575521	G#3	56	53	70	6.375000	G#3	56	80	
71	6.687500	G#5	80	70	71	6.500000	G#5	80	80	
72	6.697917	C4	60	61	72	6.500000	C4	60	80	
73	6.792969	G#3	56	50	73	6.625000	G#3	56	80	
74	6.902344	Bb4	70	73	74	6.750000	Bb4	70	80	
75	6.912760	C#4	61	59	75	6.750000	C#4	61	80	
76	7.023438	G#3	56	60	76	6.875000	G#3	56	80	
77	7.136719	C#4	61	63	77	7.000000	C#4	61	80	
78	7.231771	G#3	56	66	78	7.125000	G#3	56	80	
79	7.346354	C#4	61	66	80	7.250000	C#4	61	80	
80	7.352865	G#5	80	72	79	7.250000	G#5	80	80	
81	7.450521	G#3	56	57	81	7.375000	G#3	56	80	
82	7.574219	Eb4	63	65	83	7.500000	Eb4	63	80	
83	7.584635	C5	72	74	82	7.500000	C5	72	80	
84	7.686198	G#3	56	66	84	7.625000	G#3	56	80	
85	7.798177	Eb4	63	67	85	7.750000	Eb4	63	80	
86	7.901042	G#3	56	69	86	7.875000	G#3	56	80	
87	8.015625	Eb4	63	70	88	8.000000	Eb4	63	80	
88	8.015625	G#5	80	75	87	8.000000	G#5	80	80	
89	8.114583	G#3	56	67	89	8.125000	G#3	56	80	
90	8.240885	C#5	73	76	90	8.250000	C#5	73	80	
91	8.246094	F4	65	68	91	8.250000	F4	65	80	
92	8.361979	G#3	56	70	92	8.375000	G#3	56	80	
93	8.476562	F4	65	73	93	8.500000	F4	65	80	
94	8.578125	G#3	56	73	94	8.625000	G#3	56	80	
95	8.679688	F4	65	74	96	8.750000	F4	65	80	
96	8.705729	G#5	80	75	95	8.750000	G#5	80	80	
97	8.782552	G#3	56	70	97	8.875000	G#3	56	80	
98	8.903646	Eb4	63	69	99	9.000000	Eb4	63	80	
99	8.917969	C5	72	74	98	9.000000	C5	72	80	
100	9.005208	G#3	56	65	100	9.125000	G#3	56	80	
101	9.121094	Eb4	63	65	101	9.250000	Eb4	63	80	
102	9.223958	G#3	56	65	102	9.375000	G#3	56	80	
103	9.335938	G#5	80	70	103	9.500000	G#5	80	80	
104	9.338542	Eb4	63	63	104	9.500000	Eb4	63	80	
105	9.434896	G#3	56	59	105	9.625000	G#3	56	80	
106	9.559896	C#4	61	64	107	9.750000	C#4	61	80	
107	9.572917	Bb4	70	68	106	9.750000	Bb4	70	80	
108	9.677083	C4	60	63	108	9.875000	C4	60	80	
109	9.782552	Bb3	58	62	109	10.000000	Bb3	58	80	
110	9.888021	C4	60	58	110	10.125000	C4	60	80	
111	9.986979	C#4	61	63	112	10.250000	C#4	61	80	
112	9.990885	G5	79	70	111	10.250000	G5	79	80	
113	10.104167	Bb3	58	63	113	10.375000	Bb3	58	80	
114	10.214844	G#4	68	65	114	10.500000	G#4	68	80	
115	10.226562	C4	60	61	115	10.500000	C4	60	80	
116	10.334635	Bb3	58	60	116	10.625000	Bb3	58	80	
117	10.450521	G#3	56	62	117	10.750000	G#3	56	80	
118	10.571615	Bb3	58	62	118	10.875000	Bb3	58	80	
119	10.667969	G#5	80	76	119	11.000000	G#5	80	80	
120	10.673177	C4	60	61	120	11.000000	C4	60	80	
121	10.778646	G#3	56	53	121	11.125000	G#3	56	80	
122	10.897135	Bb3	58	58	122	11.250000	Bb3	58	80	
123	11.018229	B3	59	53	123	11.375000	B3	59	80	
124	11.130208	F#5	78	64	124	11.500000	F#5	78	80	
125	11.154948	Bb3	58	51	125	11.500000	Bb3	58	80	
126	11.240885	F5	77	66	126	11.625000	F5	77	80	
127	11.244792	G#3	56	52	127	11.625000	G#3	56	80	
128	11.354167	Eb5	75	62	128	11.750000	Eb5	75	80	
129	11.365885	F#3	54	44	129	11.750000	F#3	54	80	
130	11.459635	F5	77	62	130	11.875000	F5	77	80	
131	11.468750	F3	53	48	131	11.875000	F3	53	80	
132	11.593750	F#5	78	60	132	12.000000	F#5	78	80	
133	11.602865	Eb3	51	52	133	12.000000	Eb3	51	80	
134	11.714844	Eb5	75	56	134	12.125000	Eb5	75	80	
135	11.821615	Bb4	70	53	135	12.250000	Bb4	70	80	
136	11.945312	Eb5	75	49	136	12.375000	Eb5	75	80	
137	12.040365	F#5	78	53	137	12.500000	F#5	78	80	
138	12.045573	Eb4	63	53	138	12.500000	Eb4	63	80	
139	12.148438	Eb5	75	53	139	12.625000	Eb5	75	80	
140	12.252604	G#5	80	58	140	12.750000	G#5	80	80	
141	12.264323	F3	53	53	141	12.750000	F3	53	80	
142	12.364583	Eb5	75	60	142	12.875000	Eb5	75	80	
143	12.496094	G#5	80	64	143	13.000000	G#5	80	80	
144	12.602865	Eb5	75	55	144	13.125000	Eb5	75	80	
145	12.697917	G#5	80	66	145	13.250000	G#5	80	80	
146	12.718750	Eb4	63	53	146	13.250000	Eb4	63	80	
147	12.817708	Eb5	75	58	147	13.375000	Eb5	75	80	
148	12.923177	Bb5	82	65	148	13.500000	Bb5	82	80	
149	12.932292	F#3	54	57	149	13.500000	F#3	54	80	
150	13.037760	Eb5	75	60	150	13.625000	Eb5	75	80	
151	13.148438	Bb5	82	68	151	13.750000	Bb5	82	80	
152	13.250000	Eb5	75	62	152	13.875000	Eb5	75	80	
153	13.358073	Bb5	82	69	153	14.000000	Bb5	82	80	
154	13.369792	Eb4	63	59	154	14.000000	Eb4	63	80	
155	13.471354	Eb5	75	64	155	14.125000	Eb5	75	80	
156	13.584635	B5	83	64	156	14.250000	B5	83	80	
157	13.585938	G#3	56	58	157	14.250000	G#3	56	80	
158	13.688802	Eb5	75	65	158	14.375000	Eb5	75	80	
159	13.800781	B5	83	70	159	14.500000	B5	83	80	
160	13.901042	Eb5	75	67	160	14.625000	Eb5	75	80	
161	14.024740	B5	83	65	161	14.750000	B5	83	80	
162	14.040365	Eb4	63	54	162	14.750000	Eb4	63	80	
163	14.115885	Eb5	75	67	163	14.875000	Eb5	75	80	
164	14.238281	Bb5	82	64	164	15.000000	Bb5	82	80	
165	14.257812	F#3	54	51	165	15.000000	F#3	54	80	
166	14.347656	Eb5	75	62	166	15.125000	Eb5	75	80	
167	14.464844	Bb5	82	64	167	15.250000	Bb5	82	80	
168	14.580729	Eb5	75	61	168	15.375000	Eb5	75	80	
169	14.683594	Eb4	63	59	170	15.500000	Eb4	63	80	
170	14.688802	Bb5	82	62	169	15.500000	Bb5	82	80	
171	14.783854	Eb5	75	62	171	15.625000	Eb5	75	80	
172	14.891927	G#5	80	59	172	15.750000	G#5	80	80	
173	14.921875	F3	53	53	173	15.750000	F3	53	80	
174	15.009115	F#5	78	59	174	15.875000	F#5	78	80	
175	15.106771	F5	77	61	175	16.000000	F5	77	80	
176	15.230469	F#5	78	59	176	16.125000	F#5	78	80	
177	15.332031	G#5	80	61	177	16.250000	G#5	80	80	
178	15.348958	D4	62	54	178	16.250000	D4	62	80	
179	15.447917	F5	77	67	179	16.375000	F5	77	80	
180	15.571615	Eb3	51	63	181	16.500000	Eb3	51	80	
181	15.574219	F#5	78	58	180	16.500000	F#5	78	80	
182	15.684896	F5	77	58	182	16.625000	F5	77	80	
183	15.791667	Eb5	75	63	183	16.750000	Eb5	75	80	
184	15.895833	F5	77	67	184	16.875000	F5	77	80	
185	16.015625	F#5	78	58	185	17.000000	F#5	78	80	
186	16.026042	Eb4	63	65	186	17.000000	Eb4	63	80	
187	16.122396	Eb5	75	59	187	17.125000	Eb5	75	80	
188	16.250000	F5	77	62	188	17.250000	F5	77	80	
189	16.348958	F#5	78	68	189	17.375000	F#5	78	80	
190	16.463542	C#4	61	57	191	17.500000	C#4	61	80	
191	16.477865	F5	77	63	190	17.500000	F5	77	80	
192	16.579427	Eb5	75	69	192	17.625000	Eb5	75	80	
193	16.592448	C4	60	55	193	17.625000	C4	60	80	
194	16.678385	C#5	73	67	194	17.750000	C#5	73	80	
195	16.691406	Bb3	58	59	195	17.750000	Bb3	58	80	
196	16.790365	C5	72	63	196	17.875000	C5	72	80	
197	16.805990	C4	60	58	197	17.875000	C4	60	80	
198	16.897135	Bb4	70	62	198	18.000000	Bb4	70	80	
199	16.902344	C#4	61	54	199	18.000000	C#4	61	80	
200	17.006510	Bb3	58	56	200	18.125000	Bb3	58	80	
201	17.117188	F3	53	52	201	18.250000	F3	53	80	
202	17.235677	Bb3	58	50	202	18.375000	Bb3	58	80	
203	17.328125	C#4	61	54	204	18.500000	C#4	61	80	
204	17.330729	Bb5	82	63	203	18.500000	Bb5	82	80	
205	17.428385	Bb3	58	56	205	18.625000	Bb3	58	80	
206	17.562500	C5	72	58	206	18.750000	C5	72	80	
207	17.563802	Eb4	63	54	207	18.750000	Eb4	63	80	
208	17.671875	Bb3	58	53	208	18.875000	Bb3	58	80	
209	17.811198	Eb4	63	50	209	19.000000	Eb4	63	80	
210	17.904948	Bb3	58	57	210	19.125000	Bb3	58	80	
211	17.993490	Eb4	63	58	212	19.250000	Eb4	63	80	
212	18.009115	Bb5	82	68	211	19.250000	Bb5	82	80	
213	18.091146	Bb3	58	57	213	19.375000	Bb3	58	80	
214	18.218750	C#5	73	66	214	19.500000	C#5	73	80	
215	18.222656	F4	65	60	215	19.500000	F4	65	80	
216	18.334635	Bb3	58	61	216	19.625000	Bb3	58	80	
217	18.463542	F4	65	64	217	19.750000	F4	65	80	
218	18.579427	Bb3	58	63	218	19.875000	Bb3	58	80	
219	18.680990	Bb5	82	75	219	20.000000	Bb5	82	80	
220	18.686198	F4	65	63	220	20.000000	F4	65	80	
221	18.799479	Bb3	58	63	221	20.125000	Bb3	58	80	
222	18.902344	Eb5	75	73	222	20.250000	Eb5	75	80	
223	18.903646	F#4	66	64	223	20.250000	F#4	66	80	
224	19.028646	Bb3	58	61	224	20.375000	Bb3	58	80	
225	19.119792	F#4	66	65	225	20.500000	F#4	66	80	
226	19.227865	Bb3	58	63	226	20.625000	Bb3	58	80	
227	19.342448	F#4	66	65	228	20.750000	F#4	66	80	
228	19.348958	Bb5	82	76	227	20.750000	Bb5	82	80	
229	19.462240	Bb3	58	61	229	20.875000	Bb3	58	80	
230	19.569010	C#5	73	78	230	21.000000	C#5	73	80	
231	19.572917	F4	65	67	231	21.000000	F4	65	80	
232	19.705729	Bb3	58	62	232	21.125000	Bb3	58	80	
233	19.808594	F4	65	57	233	21.250000	F4	65	80	
234	19.923177	Bb3	58	67	234	21.375000	Bb3	58	80	
235	20.027344	Bb5	82	79	235	21.500000	Bb5	82	80	
236	20.037760	F4	65	64	236	21.500000	F4	65	80	
237	20.144531	Bb3	58	61	237	21.625000	Bb3	58	80	
238	20.229167	Eb4	63	61	239	21.750000	Eb4	63	80	
239	20.244792	C5	72	73	238	21.750000	C5	72	80	
240	20.332031	C#4	61	66	240	21.875000	C#4	61	80	
241	20.454427	C4	60	68	241	22.000000	C4	60	80	
242	20.575521	C#4	61	69	242	22.125000	C#4	61	80	
243	20.682292	A5	81	68	243	22.250000	A5	81	80	
244	20.684896	Eb4	63	63	244	22.250000	Eb4	63	80	
245	20.782552	C4	60	62	245	22.375000	C4	60	80	
246	20.910156	C#4	61	67	247	22.500000	C#4	61	80	
247	20.919271	Bb4	70	76	246	22.500000	Bb4	70	80	
248	21.026042	C4	60	73	248	22.625000	C4	60	80	
249	21.134115	Bb3	58	70	249	22.750000	Bb3	58	80	
250	21.234375	C4	60	70	250	22.875000	C4	60	80	
251	21.352865	C#4	61	71	252	23.000000	C#4	61	80	
252	21.384115	Bb5	82	86	251	23.000000	Bb5	82	80	
253	21.497396	Bb3	58	70	253	23.125000	Bb3	58	80	
254	21.631510	E4	64	73	254	23.250000	E4	64	80	
255	21.747396	D4	62	71	255	23.375000	D4	62	80	
256	21.848958	C4	60	76	257	23.500000	C4	60	80	
257	21.851562	G#5	80	81	256	23.500000	G#5	80	80	
258	21.959635	D4	62	76	258	23.625000	D4	62	80	
259	22.061198	G5	79	82	259	23.750000	G5	79	80	
260	22.067708	E4	64	73	260	23.750000	E4	64	80	
261	22.169271	C4	60	74	261	23.875000	C4	60	80	
262	22.279948	G#5	80	85	262	24.000000	G#5	80	80	
263	22.283854	F4	65	76	263	24.000000	F4	65	80	
264	22.384115	E4	64	76	264	24.125000	E4	64	80	
265	22.513021	F4	65	75	266	24.250000	F4	65	80	
266	22.519531	G#4	68	77	265	24.250000	G#4	68	80	
267	22.630208	G4	67	74	267	24.375000	G4	67	80	
268	22.736979	G#5	80	85	268	24.500000	G#5	80	80	
269	22.748698	F4	65	71	269	24.500000	F4	65	80	
270	22.856771	Eb4	63	76	270	24.625000	Eb4	63	80	
271	22.973958	D4	62	75	271	24.750000	D4	62	80	
272	23.092448	C4	60	72	272	24.875000	C4	60	80	
273	23.177083	F#5	78	79	273	25.000000	F#5	78	80	
274	23.184896	Bb3	58	74	274	25.000000	Bb3	58	80	
275	23.291667	C4	60	71	275	25.125000	C4	60	80	
276	23.419271	D4	62	68	277	25.250000	D4	62	80	
277	23.432292	F5	77	76	276	25.250000	F5	77	80	
278	23.535156	Bb3	58	66	278	25.375000	Bb3	58	80	
279	23.667969	F#5	78	61	279	25.500000	F#5	78	80	
280	23.671875	Eb4	63	67	280	25.500000	Eb4	63	80	
281	23.778646	F5	77	64	281	25.625000	F5	77	80	
282	23.880208	Eb3	51	76	283	25.750000	Eb3	51	80	
283	23.888021	Eb5	75	70	282	25.750000	Eb5	75	80	
284	23.989583	F5	77	68	284	25.875000	F5	77	80	
285	24.102865	F#5	78	67	285	26.000000	F#5	78	80	
286	24.113281	Eb4	63	72	286	26.000000	Eb4	63	80	
287	24.217448	Eb5	75	67	287	26.125000	Eb5	75	80	
288	24.333333	A5	81	64	288	26.250000	A5	81	80	
289	24.438802	G5	79	70	289	26.375000	G5	79	80	
290	24.552083	F5	77	76	290	26.500000	F5	77	80	
291	24.565104	C#4	61	72	291	26.500000	C#4	61	80	
292	24.658854	G5	79	77	292	26.625000	G5	79	80	
293	24.766927	A5	81	68	293	26.750000	A5	81	80	
294	24.776042	C4	60	72	294	26.750000	C4	60	80	
295	24.868490	F5	77	75	295	26.875000	F5	77	80	
296	24.979167	Bb5	82	72	296	27.000000	Bb5	82	80	
297	24.996094	C#4	61	77	297	27.000000	C#4	61	80	
298	25.080729	A5	81	68	298	27.125000	A5	81	80	
299	25.200521	Bb5	82	75	299	27.250000	Bb5	82	80	
300	25.208333	C#3	49	67	300	27.250000	C#3	49	80	
301	25.315104	C6	84	71	301	27.375000	C6	84	80	
302	25.433594	Bb5	82	70	302	27.500000	Bb5	82	80	
303	25.449219	C#4	61	66	303	27.500000	C#4	61	80	
304	25.533854	G#5	80	70	304	27.625000	G#5	80	80	
305	25.640625	G5	79	66	305	27.750000	G5	79	80	
306	25.746094	F5	77	68	306	27.875000	F5	77	80	
307	25.863281	Eb5	75	63	307	28.000000	Eb5	75	80	
308	25.888021	C4	60	56	308	28.000000	C4	60	80	
309	25.977865	F5	77	69	309	28.125000	F5	77	80	
310	26.083333	G5	79	66	310	28.250000	G5	79	80	
311	26.089844	Bb3	58	51	311	28.250000	Bb3	58	80	
312	26.178385	Eb5	75	67	312	28.375000	Eb5	75	80	
313	26.298177	G#5	80	71	313	28.500000	G#5	80	80	
314	26.309896	C4	60	60	314	28.500000	C4	60	80	
315	26.438802	Bb3	58	54	315	28.625000	Bb3	58	80	
316	26.522135	G#4	68	70	316	28.750000	G#4	68	80	
317	26.532552	G#3	56	57	317	28.750000	G#3	56	80	
318	26.653646	Bb3	58	59	318	28.875000	Bb3	58	80	
319	26.756510	C4	60	61	320	29.000000	C4	60	80	
320	26.757812	G#5	80	73	319	29.000000	G#5	80	80	
321	26.873698	G#3	56	61	321	29.125000	G#3	56	80	
322	26.998698	D4	62	60	322	29.250000	D4	62	80	
323	27.096354	C4	60	64	323	29.375000	C4	60	80	
324	27.208333	Bb3	58	61	325	29.500000	Bb3	58	80	
325	27.221354	F#5	78	71	324	29.500000	F#5	78	80	
326	27.326823	C4	60	63	326	29.625000	C4	60	80	
327	27.445312	F5	77	78	327	29.750000	F5	77	80	
328	27.455729	D4	62	64	328	29.750000	D4	62	80	
329	27.563802	Bb3	58	57	329	29.875000	Bb3	58	80	
330	27.670573	Eb4	63	59	331	30.000000	Eb4	63	80	
331	27.673177	F#5	78	79	330	30.000000	F#5	78	80	
332	27.786458	D4	62	57	332	30.125000	D4	62	80	
333	27.893229	F#4	66	69	333	30.250000	F#4	66	80	
334	27.894531	Eb4	63	59	334	30.250000	Eb4	63	80	
335	28.003906	F4	65	58	335	30.375000	F4	65	80	
336	28.121094	Eb4	63	58	337	30.500000	Eb4	63	80	
337	28.132812	F#5	78	75	336	30.500000	F#5	78	80	
338	28.230469	C#4	61	60	338	30.625000	C#4	61	80	
339	28.356771	C4	60	52	339	30.750000	C4	60	80	
340	28.501302	Bb3	58	54	340	30.875000	Bb3	58	80	
341	28.609375	G#3	56	53	342	31.000000	G#3	56	80	
342	28.615885	F5	77	60	341	31.000000	F5	77	80	
343	28.736979	Bb3	58	56	343	31.125000	Bb3	58	80	
344	28.837240	C4	60	55	345	31.250000	C4	60	80	
345	28.839844	Eb5	75	62	344	31.250000	Eb5	75	80	
346	28.953125	G#3	56	45	346	31.375000	G#3	56	80	
347	29.075521	F5	77	60	347	31.500000	F5	77	80	
348	29.076823	C#4	61	55	348	31.500000	C#4	61	80	
349	29.178385	Eb5	75	55	349	31.625000	Eb5	75	80	
350	29.283854	C#5	73	56	350	31.750000	C#5	73	80	
351	29.285156	C#3	49	55	351	31.750000	C#3	49	80	
352	29.394531	Eb5	75	58	352	31.875000	Eb5	75	80	
353	29.518229	F5	77	61	353	32.000000	F5	77	80	
354	29.528646	C#4	61	64	354	32.000000	C#4	61	80	
355	29.640625	C#5	73	53	355	32.125000	C#5	73	80	
356	29.766927	G5	79	52	356	32.250000	G5	79	80	
357	29.858073	F5	77	64	357	32.375000	F5	77	80	
358	29.972656	B3	59	61	359	32.500000	B3	59	80	
359	29.973958	Eb5	75	62	358	32.500000	Eb5	75	80	
360	30.076823	F5	77	60	360	32.625000	F5	77	80	
361	30.179688	G5	79	68	361	32.750000	G5	79	80	
362	30.182292	Bb3	58	70	362	32.750000	Bb3	58	80	
363	30.294271	Eb5	75	63	363	32.875000	Eb5	75	80	
364	30.394531	B3	59	69	365	33.000000	B3	59	80	
365	30.406250	G#5	80	66	364	33.000000	G#5	80	80	
366	30.528646	G5	79	65	366	33.125000	G5	79	80	
367	30.623698	B2	47	67	368	33.250000	B2	47	80	
368	30.632812	G#5	80	66	367	33.250000	G#5	80	80	
369	30.746094	Bb5	82	66	369	33.375000	Bb5	82	80	
370	30.875000	B3	59	59	371	33.500000	B3	59	80	
371	30.880208	G#5	80	62	370	33.500000	G#5	80	80	
372	30.979167	F#5	78	62	372	33.625000	F#5	78	80	
373	31.083333	F5	77	63	373	33.750000	F5	77	80	
374	31.195312	Eb5	75	61	374	33.875000	Eb5	75	80	
375	31.309896	C#5	73	58	375	34.000000	C#5	73	80	
376	31.317708	Bb3	58	50	376	34.000000	Bb3	58	80	
377	31.415365	Eb5	75	57	377	34.125000	Eb5	75	80	
378	31.533854	F5	77	64	378	34.250000	F5	77	80	
379	31.544271	G#3	56	48	379	34.250000	G#3	56	80	
380	31.627604	C#5	73	61	380	34.375000	C#5	73	80	
381	31.777344	F#4	66	56	381	34.500000	F#4	66	80	
382	31.785156	Bb3	58	42	382	34.500000	Bb3	58	80	
383	31.898438	F#3	54	44	383	34.625000	F#3	54	80	
384	31.979167	C#3	49	40	384	34.750000	C#3	49	80	
385	32.089844	F#3	54	53	385	34.875000	F#3	54	80	
386	32.194010	Bb3	58	57	387	35.000000	Bb3	58	80	
387	32.221354	F#5	78	67	386	35.000000	F#5	78	80	
388	32.324219	F#3	54	50	388	35.125000	F#3	54	80	
389	32.446615	G#4	68	70	389	35.250000	G#4	68	80	
390	32.454427	B3	59	57	390	35.250000	B3	59	80	
391	32.584635	F#3	54	62	391	35.375000	F#3	54	80	
392	32.687500	B3	59	61	392	35.500000	B3	59	80	
393	32.807292	F#3	54	62	393	35.625000	F#3	54	80	
394	32.902344	F#5	78	71	394	35.750000	F#5	78	80	
395	32.912760	B3	59	55	395	35.750000	B3	59	80	
396	33.020833	F#3	54	56	396	35.875000	F#3	54	80	
397	33.114583	Bb4	70	71	397	36.000000	Bb4	70	80	
398	33.123698	C#4	61	65	398	36.000000	C#4	61	80	
399	33.244792	F#3	54	61	399	36.125000	F#3	54	80	
400	33.338542	C#4	61	56	400	36.250000	C#4	61	80	
401	33.463542	F#3	54	58	401	36.375000	F#3	54	80	
402	33.574219	C#4	61	65	403	36.500000	C#4	61	80	
403	33.592448	F#5	78	74	402	36.500000	F#5	78	80	
404	33.674479	F#3	54	61	404	36.625000	F#3	54	80	
405	33.800781	Eb4	63	65	406	36.750000	Eb4	63	80	
406	33.816406	B4	71	71	405	36.750000	B4	71	80	
407	33.907552	F#3	54	63	407	36.875000	F#3	54	80	
408	34.037760	Eb4	63	65	408	37.000000	Eb4	63	80	
409	34.134115	F#3	54	61	409	37.125000	F#3	54	80	
410	34.252604	F#5	78	74	410	37.250000	F#5	78	80	
411	34.259115	Eb4	63	68	411	37.250000	Eb4	63	80	
412	34.356771	F#3	54	57	412	37.375000	F#3	54	80	
413	34.477865	Bb4	70	72	413	37.500000	Bb4	70	80	
414	34.488281	C#4	61	66	414	37.500000	C#4	61	80	
415	34.597656	F#3	54	59	415	37.625000	F#3	54	80	
416	34.713542	C#4	61	58	416	37.750000	C#4	61	80	
417	34.825521	F#3	54	56	417	37.875000	F#3	54	80	
418	34.923177	F#5	78	75	418	38.000000	F#5	78	80	
419	34.944010	C#4	61	61	419	38.000000	C#4	61	80	
420	35.042969	F#3	54	61	420	38.125000	F#3	54	80	
421	35.153646	G#4	68	64	421	38.250000	G#4	68	80	
422	35.165365	B3	59	60	422	38.250000	B3	59	80	
423	35.283854	Bb3	58	61	423	38.375000	Bb3	58	80	
424	35.407552	G#3	56	65	424	38.500000	G#3	56	80	
425	35.522135	Bb3	58	59	425	38.625000	Bb3	58	80	
426	35.596354	F5	77	72	426	38.750000	F5	77	80	
427	35.617188	B3	59	58	427	38.750000	B3	59	80	
428	35.721354	G#3	56	54	428	38.875000	G#3	56	80	
429	35.835938	Bb3	58	56	430	39.000000	Bb3	58	80	
430	35.841146	F#4	66	56	429	39.000000	F#4	66	80	
431	35.960938	G#3	56	63	431	39.125000	G#3	56	80	
432	36.071615	F#3	54	60	432	39.250000	F#3	54	80	
433	36.204427	G#3	56	55	433	39.375000	G#3	56	80	
434	36.277344	F#5	78	80	434	39.500000	F#5	78	80	
435	36.309896	Bb3	58	60	435	39.500000	Bb3	58	80	
436	36.433594	F#3	54	56	436	39.625000	F#3	54	80	
437	36.549479	G#3	56	59	437	39.750000	G#3	56	80	
438	36.657552	Bb3	58	62	438	39.875000	Bb3	58	80	
439	36.787760	G#3	56	61	440	40.000000	G#3	56	80	
440	36.799479	F5	77	66	439	40.000000	F5	77	80	
441	36.898438	F#3	54	62	442	40.125000	F#3	54	80	
442	36.916667	Eb5	75	73	441	40.125000	Eb5	75	80	
443	37.020833	F3	53	56	444	40.250000	F3	53	80	
444	37.032552	C#5	73	74	443	40.250000	C#5	73	80	
445	37.141927	Eb5	75	71	445	40.375000	Eb5	75	80	
446	37.144531	Eb3	51	62	446	40.375000	Eb3	51	80	
447	37.278646	C#3	49	55	448	40.500000	C#3	49	80	
448	37.281250	F5	77	69	447	40.500000	F5	77	80	
449	37.411458	C#5	73	68	449	40.625000	C#5	73	80	
450	37.524740	G#4	68	69	450	40.750000	G#4	68	80	
451	37.611979	C#5	73	70	451	40.875000	C#5	73	80	
452	37.739583	F5	77	72	452	41.000000	F5	77	80	
453	37.742188	C#4	61	67	453	41.000000	C#4	61	80	
454	37.852865	C#5	73	63	454	41.125000	C#5	73	80	
455	37.959635	Eb3	51	59	456	41.250000	Eb3	51	80	
456	37.963542	F#5	78	63	455	41.250000	F#5	78	80	
457	38.067708	C#5	73	67	457	41.375000	C#5	73	80	
458	38.183594	F#5	78	71	458	41.500000	F#5	78	80	
459	38.285156	C#5	73	68	459	41.625000	C#5	73	80	
460	38.407552	C#4	61	72	461	41.750000	C#4	61	80	
461	38.412760	F#5	78	77	460	41.750000	F#5	78	80	
462	38.522135	C#5	73	67	462	41.875000	C#5	73	80	
463	38.622396	F3	53	70	464	42.000000	F3	53	80	
464	38.622396	G#5	80	76	463	42.000000	G#5	80	80	
465	38.740885	C#5	73	69	465	42.125000	C#5	73	80	
466	38.838542	G#5	80	81	466	42.250000	G#5	80	80	
467	38.946615	C#5	73	76	467	42.375000	C#5	73	80	
468	39.052083	G#5	80	81	468	42.500000	G#5	80	80	
469	39.062500	C#4	61	72	469	42.500000	C#4	61	80	
470	39.166667	C#5	73	74	470	42.625000	C#5	73	80	
471	39.278646	Bb5	82	82	471	42.750000	Bb5	82	80	
472	39.291667	F#3	54	64	472	42.750000	F#3	54	80	
473	39.410156	C#5	73	73	473	42.875000	C#5	73	80	
474	39.520833	Bb5	82	83	474	43.000000	Bb5	82	80	
475	39.630208	C#5	73	73	475	43.125000	C#5	73	80	
476	39.735677	Bb5	82	83	476	43.250000	Bb5	82	80	
477	39.750000	C#4	61	72	477	43.250000	C#4	61	80	
478	39.838542	C#5	73	72	478	43.375000	C#5	73	80	
479	39.958333	G#5	80	76	479	43.500000	G#5	80	80	
480	39.964844	F3	53	67	480	43.500000	F3	53	80	
481	40.071615	C#5	73	70	481	43.625000	C#5	73	80	
482	40.177083	G#5	80	78	482	43.750000	G#5	80	80	
483	40.279948	C#5	73	69	483	43.875000	C#5	73	80	
484	40.393229	G#5	80	74	484	44.000000	G#5	80	80	
485	40.408854	C#4	61	67	485	44.000000	C#4	61	80	
486	40.497396	C#5	73	71	486	44.125000	C#5	73	80	
487	40.627604	F#5	78	66	487	44.250000	F#5	78	80	
488	40.631510	Eb3	51	60	488	44.250000	Eb3	51	80	
489	40.735677	F5	77	70	489	44.375000	F5	77	80	
490	40.852865	Eb5	75	67	490	44.500000	Eb5	75	80	
491	40.954427	F5	77	70	491	44.625000	F5	77	80	
492	41.067708	F#5	78	67	492	44.750000	F#5	78	80	
493	41.082031	C4	60	64	493	44.750000	C4	60	80	
494	41.186198	Eb5	75	62	494	44.875000	Eb5	75	80	
495	41.296875	F5	77	56	495	45.000000	F5	77	80	
496	41.311198	C#3	49	57	496	45.000000	C#3	49	80	
497	41.412760	Eb5	75	64	497	45.125000	Eb5	75	80	
498	41.523438	C#5	73	62	498	45.250000	C#5	73	80	
499	41.636719	Eb5	75	63	499	45.375000	Eb5	75	80	
500	41.752604	C#4	61	68	501	45.500000	C#4	61	80	
501	41.761719	F5	77	63	500	45.500000	F5	77	80	
502	41.872396	C#5	73	64	502	45.625000	C#5	73	80	
503	41.990885	F#3	54	67	504	45.750000	F#3	54	80	
504	41.990885	Eb5	75	63	503	45.750000	Eb5	75	80	
505	42.101562	F5	77	65	505	45.875000	F5	77	80	
506	42.199219	F3	53	68	507	46.000000	F3	53	80	
507	42.209635	Eb5	75	66	506	46.000000	Eb5	75	80	
508	42.309896	C#5	73	64	508	46.125000	C#5	73	80	
509	42.421875	Eb3	51	64	510	46.250000	Eb3	51	80	
510	42.436198	C5	72	61	509	46.250000	C5	72	80	
511	42.535156	Bb4	70	53	511	46.375000	Bb4	70	80	
512	42.632812	G#3	56	63	513	46.500000	G#3	56	80	
513	42.656250	C5	72	54	512	46.500000	C5	72	80	
514	42.760417	G#4	68	53	514	46.625000	G#4	68	80	
515	42.864583	F#4	66	53	515	46.750000	F#4	66	80	
516	42.960938	G#4	68	58	516	46.875000	G#4	68	80	
517	43.063802	Eb4	63	51	517	47.000000	Eb4	63	80	
518	43.164062	G#4	68	52	518	47.125000	G#4	68	80	
519	43.256510	G#3	56	62	520	47.250000	G#3	56	80	
520	43.279948	C5	72	62	519	47.250000	C5	72	80	
521	43.378906	G#4	68	58	521	47.375000	G#4	68	80	
522	43.488281	F#4	66	57	522	47.500000	F#4	66	80	
523	43.588542	G#4	68	52	523	47.625000	G#4	68	80	
524	43.692708	Eb4	63	50	524	47.750000	Eb4	63	80	
525	43.803385	G#4	68	48	525	47.875000	G#4	68	80	
526	43.898438	G#3	56	49	527	48.000000	G#3	56	80	
527	43.920573	C#5	73	59	526	48.000000	C#5	73	80	
528	44.032552	G#4	68	54	528	48.125000	G#4	68	80	
529	44.136719	F4	65	49	529	48.250000	F4	65	80	
530	44.253906	G#4	68	46	530	48.375000	G#4	68	80	
531	44.332031	C#4	61	49	531	48.500000	C#4	61	80	
532	44.455729	G#4	68	51	532	48.625000	G#4	68	80	
533	44.557292	G#3	56	52	534	48.750000	G#3	56	80	
534	44.569010	C#5	73	66	533	48.750000	C#5	73	80	
535	44.683594	G#4	68	64	535	48.875000	G#4	68	80	
536	44.779948	F4	65	58	536	49.000000	F4	65	80	
537	44.885417	G#4	68	62	537	49.125000	G#4	68	80	
538	44.977865	C#4	61	58	538	49.250000	C#4	61	80	
539	45.087240	G#4	68	61	539	49.375000	G#4	68	80	
540	45.197917	F#5	78	80	540	49.500000	F#5	78	80	
541	45.203125	G#3	56	57	541	49.500000	G#3	56	80	
542	45.322917	G#4	68	60	542	49.625000	G#4	68	80	
543	45.442708	Eb4	63	58	543	49.750000	Eb4	63	80	
544	45.532552	G#4	68	54	544	49.875000	G#4	68	80	
545	45.634115	C4	60	64	545	50.000000	C4	60	80	
546	45.740885	G#4	68	61	546	50.125000	G#4	68	80	
547	45.843750	G#3	56	62	548	50.250000	G#3	56	80	
548	45.856771	F#5	78	73	547	50.250000	F#5	78	80	
549	45.971354	G#4	68	62	549	50.375000	G#4	68	80	
550	46.071615	Eb4	63	60	550	50.500000	Eb4	63	80	
551	46.180990	G#4	68	58	551	50.625000	G#4	68	80	
552	46.282552	C4	60	53	552	50.750000	C4	60	80	
553	46.389323	G#4	68	51	553	50.875000	G#4	68	80	
554	46.507812	G#3	56	55	555	51.000000	G#3	56	80	
555	46.510417	F5	77	67	554	51.000000	F5	77	80	
556	46.631510	G#4	68	56	556	51.125000	G#4	68	80	
557	46.735677	F4	65	55	557	51.250000	F4	65	80	
558	46.859375	G#4	68	52	558	51.375000	G#4	68	80	
559	46.944010	C#4	61	61	559	51.500000	C#4	61	80	
560	47.041667	G#4	68	59	560	51.625000	G#4	68	80	
561	47.153646	F5	77	77	561	51.750000	F5	77	80	
562	47.162760	G#3	56	62	562	51.750000	G#3	56	80	
563	47.274740	G#4	68	64	563	51.875000	G#4	68	80	
564	47.380208	F4	65	62	564	52.000000	F4	65	80	
565	47.483073	G#4	68	66	565	52.125000	G#4	68	80	
566	47.592448	C#4	61	64	566	52.250000	C#4	61	80	
567	47.684896	G#4	68	64	567	52.375000	G#4	68	80	
568	47.805990	G#3	56	56	569	52.500000	G#3	56	80	
569	47.811198	G5	79	78	568	52.500000	G5	79	80	
570	47.937500	Bb4	70	67	570	52.625000	Bb4	70	80	
571	48.036458	E4	64	66	571	52.750000	E4	64	80	
572	48.144531	Bb4	70	68	572	52.875000	Bb4	70	80	
573	48.248698	C#4	61	66	573	53.000000	C#4	61	80	
574	48.350260	Bb4	70	64	574	53.125000	Bb4	70	80	
575	48.464844	G5	79	79	575	53.250000	G5	79	80	
576	48.466146	G#3	56	65	576	53.250000	G#3	56	80	
577	48.585938	Bb4	70	62	577	53.375000	Bb4	70	80	
578	48.688802	E4	64	67	578	53.500000	E4	64	80	
579	48.809896	Bb4	70	58	579	53.625000	Bb4	70	80	
580	48.907552	C#4	61	58	580	53.750000	C#4	61	80	
581	49.014323	Bb4	70	59	581	53.875000	Bb4	70	80	
582	49.110677	G#3	56	62	583	54.000000	G#3	56	80	
583	49.135417	G#5	80	74	582	54.000000	G#5	80	80	
584	49.247396	C5	72	58	584	54.125000	C5	72	80	
585	49.339844	Eb4	63	58	585	54.250000	Eb4	63	80	
586	49.458333	C5	72	53	586	54.375000	C5	72	80	
587	49.569010	C4	60	63	587	54.500000	C4	60	80	
588	49.675781	C5	72	56	588	54.625000	C5	72	80	
589	49.779948	F#3	54	67	590	54.750000	F#3	54	80	
590	49.787760	G#5	80	76	589	54.750000	G#5	80	80	
591	49.912760	C5	72	65	591	54.875000	C5	72	80	
592	50.023438	Eb4	63	67	592	55.000000	Eb4	63	80	
593	50.128906	C5	72	61	593	55.125000	C5	72	80	
594	50.239583	C4	60	66	594	55.250000	C4	60	80	
595	50.365885	C5	72	61	595	55.375000	C5	72	80	
596	50.497396	F3	53	53	597	55.500000	F3	53	80	
597	50.519531	G#5	80	67	596	55.500000	G#5	80	80	
598	50.634115	C#5	73	56	598	55.625000	C#5	73	80	
599	50.748698	F4	65	57	599	55.750000	F4	65	80	
600	50.848958	G#4	68	69	600	55.875000	G#4	68	80	
601	50.959635	C#4	61	66	601	56.000000	C#4	61	80	
602	51.062500	C#5	73	64	602	56.125000	C#5	73	80	
603	51.157552	G#3	56	72	603	56.250000	G#3	56	80	
604	51.272135	F5	77	74	604	56.375000	F5	77	80	
605	51.377604	F3	53	71	605	56.500000	F3	53	80	
606	51.480469	G#5	80	76	606	56.625000	G#5	80	80	
607	51.593750	Eb3	51	73	607	56.750000	Eb3	51	80	
608	51.704427	Bb5	82	74	608	56.875000	Bb5	82	80	
609	51.829427	D3	50	59	610	57.000000	D3	50	80	
610	51.848958	B5	83	76	609	57.000000	B5	83	80	
611	51.971354	Bb5	82	81	611	57.125000	Bb5	82	80	
612	52.072917	F3	53	62	613	57.250000	F3	53	80	
613	52.083333	G#5	80	79	612	57.250000	G#5	80	80	
614	52.180990	F#5	78	79	614	57.375000	F#5	78	80	
615	52.274740	Bb3	58	68	616	57.500000	Bb3	58	80	
616	52.283854	F5	77	81	615	57.500000	F5	77	80	
617	52.381510	Eb5	75	81	617	57.625000	Eb5	75	80	
618	52.502604	D4	62	73	619	57.750000	D4	62	80	
619	52.514323	F5	77	83	618	57.750000	F5	77	80	
620	52.618490	F#5	78	81	620	57.875000	F#5	78	80	
621	52.723958	F4	65	69	622	58.000000	F4	65	80	
622	52.730469	G#5	80	81	621	58.000000	G#5	80	80	
623	52.841146	B5	83	79	623	58.125000	B5	83	80	
624	52.940104	G#4	68	78	625	58.250000	G#4	68	80	
625	52.945312	Bb5	82	76	624	58.250000	Bb5	82	80	
626	53.044271	G#5	80	74	626	58.375000	G#5	80	80	
627	53.165365	F#4	66	63	628	58.500000	F#4	66	80	
628	53.167969	Bb5	82	73	627	58.500000	Bb5	82	80	
629	53.279948	Eb5	75	68	629	58.625000	Eb5	75	80	
630	53.378906	Eb4	63	64	630	58.750000	Eb4	63	80	
631	53.500000	F#4	66	60	631	58.875000	F#4	66	80	
632	53.591146	Bb3	58	65	632	59.000000	Bb3	58	80	
633	53.682292	Bb4	70	63	633	59.125000	Bb4	70	80	
634	53.795573	F#3	54	62	634	59.250000	F#3	54	80	
635	53.889323	Eb5	75	73	635	59.375000	Eb5	75	80	
636	54.007812	Eb3	51	70	636	59.500000	Eb3	51	80	
637	54.088542	F#5	78	72	637	59.625000	F#5	78	80	
638	54.218750	C#3	49	63	638	59.750000	C#3	49	80	
639	54.335938	G#5	80	62	639	59.875000	G#5	80	80	
640	54.476562	C3	48	48	641	60.000000	C3	48	80	
641	54.490885	A5	81	55	640	60.000000	A5	81	80	
642	54.601562	G#5	80	65	642	60.125000	G#5	80	80	
643	54.705729	Eb3	51	54	644	60.250000	Eb3	51	80	
644	54.723958	F#5	78	65	643	60.250000	F#5	78	80	
645	54.819010	E5	76	63	645	60.375000	E5	76	80	
646	54.912760	G#3	56	60	647	60.500000	G#3	56	80	
647	54.920573	Eb5	75	68	646	60.500000	Eb5	75	80	
648	55.022135	C#5	73	68	648	60.625000	C#5	73	80	
649	55.123698	C4	60	68	650	60.750000	C4	60	80	
650	55.140625	Eb5	75	65	649	60.750000	Eb5	75	80	
651	55.242188	E5	76	70	651	60.875000	E5	76	80	
652	55.346354	Eb4	63	67	653	61.000000	Eb4	63	80	
653	55.363281	F#5	78	65	652	61.000000	F#5	78	80	
654	55.488281	A5	81	56	654	61.125000	A5	81	80	
655	55.583333	F#4	66	64	656	61.250000	F#4	66	80	
656	55.596354	G#5	80	60	655	61.250000	G#5	80	80	
657	55.705729	F#5	78	60	657	61.375000	F#5	78	80	
658	55.842448	G#5	80	62	658	61.500000	G#5	80	80	
659	55.847656	E4	64	42	659	61.500000	E4	64	80	
660	55.947917	C#5	73	61	660	61.625000	C#5	73	80	
661	56.065104	C#4	61	56	661	61.750000	C#4	61	80	
662	56.166667	E5	76	62	662	61.875000	E5	76	80	
663	56.273438	A3	57	65	663	62.000000	A3	57	80	
664	56.361979	C#5	73	65	664	62.125000	C#5	73	80	
665	56.489583	F#3	54	69	665	62.250000	F#3	54	80	
666	56.588542	A4	69	68	666	62.375000	A4	69	80	
667	56.704427	Eb4	63	70	667	62.500000	Eb4	63	80	
668	56.786458	F#4	66	69	668	62.625000	F#4	66	80	
669	56.906250	C4	60	73	669	62.750000	C4	60	80	
670	57.002604	Eb5	75	69	670	62.875000	Eb5	75	80	
671	57.101562	E3	52	70	671	63.000000	E3	52	80	
672	57.220052	G#4	68	63	672	63.125000	G#4	68	80	
673	57.319010	C#4	61	73	673	63.250000	C#4	61	80	
674	57.432292	E4	64	61	674	63.375000	E4	64	80	
675	57.527344	A3	57	70	675	63.500000	A3	57	80	
676	57.631510	C#5	73	63	676	63.625000	C#5	73	80	
677	57.752604	F#3	54	62	677	63.750000	F#3	54	80	
678	57.834635	A4	69	58	678	63.875000	A4	69	80	
679	57.950521	Eb3	51	67	679	64.000000	Eb3	51	80	
680	58.049479	F#4	66	50	680	64.125000	F#4	66	80	
681	58.169271	C3	48	51	681	64.250000	C3	48	80	
682	58.269531	Eb4	63	52	682	64.375000	Eb4	63	80	
683	58.411458	G#2	44	50	684	64.500000	G#2	44	80	
684	58.428385	C4	60	54	683	64.500000	C4	60	80	
685	58.554688	G#3	56	51	685	64.625000	G#3	56	80	
686	58.638021	F#3	54	53	686	64.750000	F#3	54	80	
687	58.764323	G#3	56	46	687	64.875000	G#3	56	80	
688	58.837240	Eb3	51	65	688	65.000000	Eb3	51	80	
689	58.946615	G#3	56	45	689	65.125000	G#3	56	80	
690	59.042969	G#2	44	59	691	65.250000	G#2	44	80	
691	59.059896	C4	60	59	690	65.250000	C4	60	80	
692	59.169271	G#3	56	49	692	65.375000	G#3	56	80	
693	59.252604	F#3	54	61	693	65.500000	F#3	54	80	
694	59.368490	G#3	56	53	694	65.625000	G#3	56	80	
695	59.459635	Eb3	51	60	695	65.750000	Eb3	51	80	
696	59.576823	G#3	56	48	696	65.875000	G#3	56	80	
697	59.673177	G#2	44	62	698	66.000000	G#2	44	80	
698	59.686198	C#4	61	59	697	66.000000	C#4	61	80	
699	59.799479	G#3	56	52	699	66.125000	G#3	56	80	
700	59.891927	F3	53	63	700	66.250000	F3	53	80	
701	60.000000	G#3	56	52	701	66.375000	G#3	56	80	
702	60.106771	C#3	49	58	702	66.500000	C#3	49	80	
703	60.205729	G#3	56	48	703	66.625000	G#3	56	80	
704	60.309896	G#2	44	63	705	66.750000	G#2	44	80	
705	60.330729	C#4	61	59	704	66.750000	C#4	61	80	
706	60.445312	G#3	56	62	706	66.875000	G#3	56	80	
707	60.541667	F3	53	65	707	67.000000	F3	53	80	
708	60.643229	G#3	56	60	708	67.125000	G#3	56	80	
709	60.752604	C#3	49	64	709	67.250000	C#3	49	80	
710	60.852865	G#3	56	57	710	67.375000	G#3	56	80	
711	60.963542	F#4	66	75	711	67.500000	F#4	66	80	
712	60.964844	G#2	44	71	712	67.500000	G#2	44	80	
713	61.076823	G#3	56	58	713	67.625000	G#3	56	80	
714	61.179688	Eb3	51	72	714	67.750000	Eb3	51	80	
715	61.265625	G#3	56	57	715	67.875000	G#3	56	80	
716	61.381510	C3	48	70	716	68.000000	C3	48	80	
717	61.480469	G#3	56	60	717	68.125000	G#3	56	80	
718	61.598958	F#4	66	71	718	68.250000	F#4	66	80	
719	61.600260	G#2	44	71	719	68.250000	G#2	44	80	
720	61.708333	G#3	56	63	720	68.375000	G#3	56	80	
721	61.802083	Eb3	51	74	721	68.500000	Eb3	51	80	
722	61.912760	G#3	56	56	722	68.625000	G#3	56	80	
723	62.002604	C3	48	64	723	68.750000	C3	48	80	
724	62.110677	G#3	56	53	724	68.875000	G#3	56	80	
725	62.216146	G#2	44	63	726	69.000000	G#2	44	80	
726	62.234375	F4	65	61	725	69.000000	F4	65	80	
727	62.355469	G#3	56	55	727	69.125000	G#3	56	80	
728	62.444010	F3	53	63	728	69.250000	F3	53	80	
729	62.558594	G#3	56	59	729	69.375000	G#3	56	80	
730	62.662760	C#3	49	60	730	69.500000	C#3	49	80	
731	62.743490	G#3	56	57	731	69.625000	G#3	56	80	
732	62.854167	F4	65	73	732	69.750000	F4	65	80	
733	62.861979	G#2	44	64	733	69.750000	G#2	44	80	
734	62.972656	G#3	56	65	734	69.875000	G#3	56	80	
735	63.071615	F3	53	69	735	70.000000	F3	53	80	
736	63.175781	G#3	56	65	736	70.125000	G#3	56	80	
737	63.266927	C#3	49	67	737	70.250000	C#3	49	80	
738	63.363281	G#3	56	73	738	70.375000	G#3	56	80	
739	63.485677	G#2	44	71	740	70.500000	G#2	44	80	
740	63.489583	G4	67	81	739	70.500000	G4	67	80	
741	63.602865	Bb3	58	70	741	70.625000	Bb3	58	80	
742	63.708333	E3	52	75	742	70.750000	E3	52	80	
743	63.796875	Bb3	58	69	743	70.875000	Bb3	58	80	
744	63.903646	C#3	49	76	744	71.000000	C#3	49	80	
745	63.992188	Bb3	58	71	745	71.125000	Bb3	58	80	
746	64.111979	G#2	44	76	747	71.250000	G#2	44	80	
747	64.111979	G4	67	82	746	71.250000	G4	67	80	
748	64.238281	Bb3	58	66	748	71.375000	Bb3	58	80	
749	64.346354	E3	52	79	749	71.500000	E3	52	80	
750	64.462240	Bb3	58	72	750	71.625000	Bb3	58	80	
751	64.580729	C#3	49	73	751	71.750000	C#3	49	80	
752	64.694010	Bb3	58	68	752	71.875000	Bb3	58	80	
753	64.825521	G#2	44	69	753	72.000000	G#2	44	80	
754	64.980469	C3	48	70	754	72.125000	C3	48	80	
755	65.100260	Eb3	51	74	755	72.250000	Eb3	51	80	
756	65.226562	F#3	54	73	756	72.375000	F#3	54	80	
757	65.328125	A3	57	73	757	72.500000	A3	57	80	
758	65.442708	C4	60	75	758	72.625000	C4	60	80	
759	65.536458	C#4	61	68	759	72.750000	C#4	61	80	
760	65.649740	E4	64	70	760	72.875000	E4	64	80	
761	65.751302	G4	67	72	761	73.000000	G4	67	80	
762	65.846354	Bb4	70	73	762	73.125000	Bb4	70	80	
763	65.962240	C#5	73	78	763	73.250000	C#5	73	80	
764	66.065104	E5	76	79	764	73.375000	E5	76	80	
765	66.187500	C5	72	75	765	73.500000	C5	72	80	
766	66.195312	G#2	44	58	766	73.500000	G#2	44	80	
767	66.320312	Eb5	75	83	767	73.625000	Eb5	75	80	
768	66.436198	F#5	78	82	768	73.750000	F#5	78	80	
769	66.533854	Eb5	75	75	769	73.875000	Eb5	75	80	
770	66.640625	C5	72	73	770	74.000000	C5	72	80	
771	66.759115	G#4	68	68	771	74.125000	G#4	68	80	
772	66.848958	F#4	66	70	772	74.250000	F#4	66	80	
773	66.959635	Eb4	63	67	773	74.375000	Eb4	63	80	
774	67.057292	C4	60	68	774	74.500000	C4	60	80	
775	67.162760	G#3	56	66	775	74.625000	G#3	56	80	
776	67.270833	C4	60	69	776	74.750000	C4	60	80	
777	67.375000	Eb4	63	61	777	74.875000	Eb4	63	80	
778	67.515625	G#3	56	52	779	75.000000	G#3	56	80	
779	67.519531	F4	65	55	778	75.000000	F4	65	80	
780	67.613281	G#4	68	69	780	75.125000	G#4	68	80	
781	67.730469	C#5	73	70	781	75.250000	C#5	73	80	
782	67.837240	G#4	68	72	782	75.375000	G#4	68	80	
783	67.950521	F4	65	68	783	75.500000	F4	65	80	
784	68.048177	C#4	61	72	784	75.625000	C#4	61	80	
785	68.167969	Bb3	58	68	785	75.750000	Bb3	58	80	
786	68.283854	G3	55	69	786	75.875000	G3	55	80	
787	68.395833	E3	52	70	787	76.000000	E3	52	80	
788	68.518229	C#3	49	69	788	76.125000	C#3	49	80	
789	68.634115	E3	52	69	789	76.250000	E3	52	80	
790	68.765625	G3	55	66	790	76.375000	G3	55	80	
791	68.910156	G#2	44	67	791	76.500000	G#2	44	80	
792	69.324219	C#5	73	76	794	76.750000	C#5	73	80	
793	69.335938	C#3	49	46	795	76.750000	C#3	49	80	
794	69.335938	F4	65	63	792	76.750000	F4	65	80	
795	69.337240	F3	53	57	796	76.750000	F3	53	80	
796	69.337240	G#3	56	54	797	76.750000	G#3	56	80	
797	69.342448	G#4	68	60	793	76.750000	G#4	68	80	
798	69.736979	C5	72	71	800	77.000000	C5	72	80	
799	69.744792	Eb4	63	65	798	77.000000	Eb4	63	80	
800	69.755208	F#3	54	55	802	77.000000	F#3	54	80	
801	69.756510	Eb3	51	53	801	77.000000	Eb3	51	80	
802	69.764323	G#3	56	48	803	77.000000	G#3	56	80	
803	69.766927	G#4	68	53	799	77.000000	G#4	68	80	
804	70.351562	C#5	73	62	806	77.250000	C#5	73	80	
805	70.358073	G#3	56	44	808	77.250000	G#3	56	80	
806	70.363281	C#3	49	36	809	77.250000	C#3	49	80	
807	70.368490	C#4	61	44	804	77.250000	C#4	61	80	
808	70.368490	G#4	68	40	805	77.250000	G#4	68	80	
809	70.375000	F3	53	38	807	77.250000	F3	53	80	
