// alignID alignOntime alignSitch alignPitch alignOnvel refID refOntime refSitch refPitch refOnvel
0	0.959375	F5	77	57	0	0.000000	F5	77	80	
1	0.968750	C#3	49	44	1	0.000000	C#3	49	80	
2	1.050000	C#5	73	61	2	0.125000	C#5	73	80	
3	1.152083	G#4	68	58	3	0.250000	G#4	68	80	
4	1.246875	C#5	73	62	4	0.375000	C#5	73	80	
5	1.337500	F5	77	61	5	0.500000	F5	77	80	
6	1.359375	C#4	61	52	6	0.500000	C#4	61	80	
7	1.442708	C#5	73	57	7	0.625000	C#5	73	80	
8	1.545833	Eb3	51	38	9	0.750000	Eb3	51	80	
9	1.548958	F#5	78	68	8	0.750000	F#5	78	80	
10	1.648958	C#5	73	54	10	0.875000	C#5	73	80	
11	1.740625	F#5	78	73	11	1.000000	F#5	78	80	
12	1.841667	C#5	73	68	12	1.125000	C#5	73	80	
13	1.940625	C#4	61	50	14	1.250000	C#4	61	80	
14	1.943750	F#5	78	77	13	1.250000	F#5	78	80	
15	2.051042	C#5	73	67	15	1.375000	C#5	73	80	
16	2.144792	G#5	80	79	16	1.500000	G#5	80	80	
17	2.157292	F3	53	48	17	1.500000	F3	53	80	
18	2.243750	C#5	73	71	18	1.625000	C#5	73	80	
19	2.336458	G#5	80	85	19	1.750000	G#5	80	80	
20	2.440625	C#5	73	76	20	1.875000	C#5	73	80	
21	2.528125	G#5	80	89	21	2.000000	G#5	80	80	
22	2.534375	C#4	61	48	22	2.000000	C#4	61	80	
23	2.634375	C#5	73	81	23	2.125000	C#5	73	80	
24	2.739583	Bb5	82	87	24	2.250000	Bb5	82	80	
25	2.745833	F#3	54	55	25	2.250000	F#3	54	80	
26	2.842708	C#5	73	79	26	2.375000	C#5	73	80	
27	2.946875	Bb5	82	81	27	2.500000	Bb5	82	80	
28	3.048958	C#5	73	75	28	2.625000	C#5	73	80	
29	3.145833	Bb5	82	74	29	2.750000	Bb5	82	80	
30	3.154167	C#4	61	47	30	2.750000	C#4	61	80	
31	3.255208	C#5	73	64	31	2.875000	C#5	73	80	
32	3.354167	G#5	80	72	32	3.000000	G#5	80	80	
33	3.358333	F3	53	46	33	3.000000	F3	53	80	
34	3.451042	C#5	73	64	34	3.125000	C#5	73	80	
35	3.547917	G#5	80	70	35	3.250000	G#5	80	80	
36	3.651042	C#5	73	61	36	3.375000	C#5	73	80	
37	3.743750	G#5	80	70	37	3.500000	G#5	80	80	
38	3.755208	C#4	61	42	38	3.500000	C#4	61	80	
39	3.855208	C#5	73	57	39	3.625000	C#5	73	80	
40	3.960417	F#5	78	58	40	3.750000	F#5	78	80	
41	3.965625	Eb3	51	44	41	3.750000	Eb3	51	80	
42	4.072917	F5	77	62	42	3.875000	F5	77	80	
43	4.173958	Eb5	75	73	43	4.000000	Eb5	75	80	
44	4.283333	F5	77	68	44	4.125000	F5	77	80	
45	4.347917	C4	60	47	46	4.250000	C4	60	80	
46	4.379167	F#5	78	74	45	4.250000	F#5	78	80	
47	4.484375	Eb5	75	65	47	4.375000	Eb5	75	80	
48	4.572917	F5	77	74	48	4.500000	F5	77	80	
49	4.585417	C#3	49	53	49	4.500000	C#3	49	80	
50	4.673958	Eb5	75	74	50	4.625000	Eb5	75	80	
51	4.783333	C#5	73	72	51	4.750000	C#5	73	80	
52	4.887500	Eb5	75	71	52	4.875000	Eb5	75	80	
53	4.986458	C#4	61	63	54	5.000000	C#4	61	80	
54	4.996875	F5	77	66	53	5.000000	F5	77	80	
55	5.094792	C#5	73	63	55	5.125000	C#5	73	80	
56	5.185417	Eb5	75	68	56	5.250000	Eb5	75	80	
57	5.288542	F5	77	71	57	5.375000	F5	77	80	
58	5.370833	C4	60	55	59	5.500000	C4	60	80	
59	5.381250	Eb5	75	75	58	5.500000	Eb5	75	80	
60	5.469792	Bb3	58	60	61	5.625000	Bb3	58	80	
61	5.472917	C#5	73	79	60	5.625000	C#5	73	80	
62	5.571875	C5	72	75	62	5.750000	C5	72	80	
63	5.572917	G#3	56	61	63	5.750000	G#3	56	80	
64	5.665625	Bb4	70	76	64	5.875000	Bb4	70	80	
65	5.675000	Bb3	58	54	65	5.875000	Bb3	58	80	
66	5.754167	G#4	68	76	66	6.000000	G#4	68	80	
67	5.791667	C4	60	58	67	6.000000	C4	60	80	
68	5.878125	G#3	56	62	68	6.125000	G#3	56	80	
69	5.971875	Eb3	51	57	69	6.250000	Eb3	51	80	
70	6.061458	G#3	56	64	70	6.375000	G#3	56	80	
71	6.173958	G#5	80	61	71	6.500000	G#5	80	80	
72	6.181250	C4	60	60	72	6.500000	C4	60	80	
73	6.282292	G#3	56	59	73	6.625000	G#3	56	80	
74	6.370833	Bb4	70	73	74	6.750000	Bb4	70	80	
75	6.397917	C#4	61	50	75	6.750000	C#4	61	80	
76	6.478125	G#3	56	62	76	6.875000	G#3	56	80	
77	6.589583	C#4	61	61	77	7.000000	C#4	61	80	
78	6.698958	G#3	56	63	78	7.125000	G#3	56	80	
79	6.756250	G#5	80	70	79	7.250000	G#5	80	80	
80	6.796875	C#4	61	68	80	7.250000	C#4	61	80	
81	6.890625	G#3	56	68	81	7.375000	G#3	56	80	
82	6.968750	C5	72	80	82	7.500000	C5	72	80	
83	6.990625	Eb4	63	67	83	7.500000	Eb4	63	80	
84	7.089583	G#3	56	73	84	7.625000	G#3	56	80	
85	7.185417	Eb4	63	76	85	7.750000	Eb4	63	80	
86	7.284375	G#3	56	75	86	7.875000	G#3	56	80	
87	7.378125	Eb4	63	76	88	8.000000	Eb4	63	80	
88	7.380208	G#5	80	77	87	8.000000	G#5	80	80	
89	7.475000	G#3	56	71	89	8.125000	G#3	56	80	
90	7.585417	C#5	73	85	90	8.250000	C#5	73	80	
91	7.592708	F4	65	62	91	8.250000	F4	65	80	
92	7.687500	G#3	56	75	92	8.375000	G#3	56	80	
93	7.791667	F4	65	67	93	8.500000	F4	65	80	
94	7.875000	G#3	56	73	94	8.625000	G#3	56	80	
95	7.979167	G#5	80	69	95	8.750000	G#5	80	80	
96	7.985417	F4	65	67	96	8.750000	F4	65	80	
97	8.082292	G#3	56	73	97	8.875000	G#3	56	80	
98	8.187500	C5	72	73	98	9.000000	C5	72	80	
99	8.192708	Eb4	63	68	99	9.000000	Eb4	63	80	
100	8.297917	G#3	56	67	100	9.125000	G#3	56	80	
101	8.392708	Eb4	63	70	101	9.250000	Eb4	63	80	
102	8.495833	G#3	56	66	102	9.375000	G#3	56	80	
103	8.582292	G#5	80	64	103	9.500000	G#5	80	80	
104	8.598958	Eb4	63	63	104	9.500000	Eb4	63	80	
105	8.683333	G#3	56	54	105	9.625000	G#3	56	80	
106	8.797917	C#4	61	62	107	9.750000	C#4	61	80	
107	8.797917	Bb4	70	72	106	9.750000	Bb4	70	80	
108	8.913542	C4	60	60	108	9.875000	C4	60	80	
109	9.010417	Bb3	58	59	109	10.000000	Bb3	58	80	
110	9.112500	C4	60	64	110	10.125000	C4	60	80	
111	9.200000	G5	79	61	111	10.250000	G5	79	80	
112	9.204167	C#4	61	69	112	10.250000	C#4	61	80	
113	9.306250	Bb3	58	55	113	10.375000	Bb3	58	80	
114	9.392708	G#4	68	68	114	10.500000	G#4	68	80	
115	9.412500	C4	60	61	115	10.500000	C4	60	80	
116	9.513542	Bb3	58	68	116	10.625000	Bb3	58	80	
117	9.613542	G#3	56	67	117	10.750000	G#3	56	80	
118	9.713542	Bb3	58	66	118	10.875000	Bb3	58	80	
119	9.805208	G#5	80	83	119	11.000000	G#5	80	80	
120	9.823958	C4	60	62	120	11.000000	C4	60	80	
121	9.914583	G#3	56	66	121	11.125000	G#3	56	80	
122	10.009375	Bb3	58	68	122	11.250000	Bb3	58	80	
123	10.116667	B3	59	74	123	11.375000	B3	59	80	
124	10.216667	Bb3	58	64	125	11.500000	Bb3	58	80	
125	10.221875	F#5	78	74	124	11.500000	F#5	78	80	
126	10.295833	G#3	56	67	127	11.625000	G#3	56	80	
127	10.323958	F5	77	76	126	11.625000	F5	77	80	
128	10.400000	Eb5	75	75	128	11.750000	Eb5	75	80	
129	10.422917	F#3	54	60	129	11.750000	F#3	54	80	
130	10.518750	F5	77	64	130	11.875000	F5	77	80	
131	10.526042	F3	53	57	131	11.875000	F3	53	80	
132	10.620833	F#5	78	62	132	12.000000	F#5	78	80	
133	10.633333	Eb3	51	58	133	12.000000	Eb3	51	80	
134	10.728125	Eb5	75	70	134	12.125000	Eb5	75	80	
135	10.815625	Bb4	70	66	135	12.250000	Bb4	70	80	
136	10.925000	Eb5	75	66	136	12.375000	Eb5	75	80	
137	11.015625	F#5	78	71	137	12.500000	F#5	78	80	
138	11.020833	Eb4	63	52	138	12.500000	Eb4	63	80	
139	11.117708	Eb5	75	64	139	12.625000	Eb5	75	80	
140	11.210417	F3	53	47	141	12.750000	F3	53	80	
141	11.227083	G#5	80	74	140	12.750000	G#5	80	80	
142	11.329167	Eb5	75	64	142	12.875000	Eb5	75	80	
143	11.417708	G#5	80	80	143	13.000000	G#5	80	80	
144	11.516667	Eb5	75	77	144	13.125000	Eb5	75	80	
145	11.610417	Eb4	63	52	146	13.250000	Eb4	63	80	
146	11.613542	G#5	80	85	145	13.250000	G#5	80	80	
147	11.718750	Eb5	75	80	147	13.375000	Eb5	75	80	
148	11.813542	F#3	54	48	149	13.500000	F#3	54	80	
149	11.816667	Bb5	82	87	148	13.500000	Bb5	82	80	
150	11.915625	Eb5	75	84	150	13.625000	Eb5	75	80	
151	12.009375	Bb5	82	91	151	13.750000	Bb5	82	80	
152	12.110417	Eb5	75	83	152	13.875000	Eb5	75	80	
153	12.200000	Eb4	63	54	154	14.000000	Eb4	63	80	
154	12.206250	Bb5	82	94	153	14.000000	Bb5	82	80	
155	12.306250	Eb5	75	83	155	14.125000	Eb5	75	80	
156	12.404167	G#3	56	56	157	14.250000	G#3	56	80	
157	12.415625	B5	83	92	156	14.250000	B5	83	80	
158	12.512500	Eb5	75	84	158	14.375000	Eb5	75	80	
159	12.617708	B5	83	85	159	14.500000	B5	83	80	
160	12.721875	Eb5	75	82	160	14.625000	Eb5	75	80	
161	12.797917	Eb4	63	44	162	14.750000	Eb4	63	80	
162	12.827083	B5	83	81	161	14.750000	B5	83	80	
163	12.931250	Eb5	75	72	163	14.875000	Eb5	75	80	
164	13.013542	F#3	54	52	165	15.000000	F#3	54	80	
165	13.034375	Bb5	82	78	164	15.000000	Bb5	82	80	
166	13.134375	Eb5	75	71	166	15.125000	Eb5	75	80	
167	13.226042	Bb5	82	74	167	15.250000	Bb5	82	80	
168	13.332292	Eb5	75	66	168	15.375000	Eb5	75	80	
169	13.420833	Bb5	82	73	169	15.500000	Bb5	82	80	
170	13.440625	Eb4	63	44	170	15.500000	Eb4	63	80	
171	13.519792	Eb5	75	66	171	15.625000	Eb5	75	80	
172	13.625000	G#5	80	69	172	15.750000	G#5	80	80	
173	13.641667	F3	53	42	173	15.750000	F3	53	80	
174	13.723958	F#5	78	69	174	15.875000	F#5	78	80	
175	13.821875	F5	77	74	175	16.000000	F5	77	80	
176	13.925000	F#5	78	72	176	16.125000	F#5	78	80	
177	14.023958	G#5	80	76	177	16.250000	G#5	80	80	
178	14.043750	D4	62	47	178	16.250000	D4	62	80	
179	14.125000	F5	77	67	179	16.375000	F5	77	80	
180	14.225000	F#5	78	70	180	16.500000	F#5	78	80	
181	14.231250	Eb3	51	52	181	16.500000	Eb3	51	80	
182	14.334375	F5	77	67	182	16.625000	F5	77	80	
183	14.436458	Eb5	75	73	183	16.750000	Eb5	75	80	
184	14.550000	F5	77	62	184	16.875000	F5	77	80	
185	14.639583	F#5	78	72	185	17.000000	F#5	78	80	
186	14.643750	Eb4	63	66	186	17.000000	Eb4	63	80	
187	14.745833	Eb5	75	74	187	17.125000	Eb5	75	80	
188	14.842708	F5	77	72	188	17.250000	F5	77	80	
189	14.945833	F#5	78	68	189	17.375000	F#5	78	80	
190	15.040625	C#4	61	53	191	17.500000	C#4	61	80	
191	15.047917	F5	77	66	190	17.500000	F5	77	80	
192	15.132292	Eb5	75	75	192	17.625000	Eb5	75	80	
193	15.159375	C4	60	62	193	17.625000	C4	60	80	
194	15.221875	C#5	73	79	194	17.750000	C#5	73	80	
195	15.256250	Bb3	58	56	195	17.750000	Bb3	58	80	
196	15.319792	C5	72	78	196	17.875000	C5	72	80	
197	15.348958	C4	60	56	197	17.875000	C4	60	80	
198	15.427083	Bb4	70	78	198	18.000000	Bb4	70	80	
199	15.439583	C#4	61	61	199	18.000000	C#4	61	80	
200	15.533333	Bb3	58	64	200	18.125000	Bb3	58	80	
201	15.645833	F3	53	52	201	18.250000	F3	53	80	
202	15.734375	Bb3	58	57	202	18.375000	Bb3	58	80	
203	15.835417	Bb5	82	68	203	18.500000	Bb5	82	80	
204	15.836458	C#4	61	56	204	18.500000	C#4	61	80	
205	15.942708	Bb3	58	51	205	18.625000	Bb3	58	80	
206	16.030208	C5	72	74	206	18.750000	C5	72	80	
207	16.042708	Eb4	63	56	207	18.750000	Eb4	63	80	
208	16.136458	Bb3	58	56	208	18.875000	Bb3	58	80	
209	16.253125	Eb4	63	66	209	19.000000	Eb4	63	80	
210	16.353125	Bb3	58	57	210	19.125000	Bb3	58	80	
211	16.444792	Eb4	63	66	212	19.250000	Eb4	63	80	
212	16.446875	Bb5	82	70	211	19.250000	Bb5	82	80	
213	16.529167	Bb3	58	71	213	19.375000	Bb3	58	80	
214	16.642708	C#5	73	80	214	19.500000	C#5	73	80	
215	16.661458	F4	65	53	215	19.500000	F4	65	80	
216	16.752083	Bb3	58	69	216	19.625000	Bb3	58	80	
217	16.842708	F4	65	69	217	19.750000	F4	65	80	
218	16.939583	Bb3	58	73	218	19.875000	Bb3	58	80	
219	17.038542	F4	65	74	220	20.000000	F4	65	80	
220	17.053125	Bb5	82	82	219	20.000000	Bb5	82	80	
221	17.146875	Bb3	58	67	221	20.125000	Bb3	58	80	
222	17.251042	Eb5	75	88	222	20.250000	Eb5	75	80	
223	17.264583	F#4	66	74	223	20.250000	F#4	66	80	
224	17.377083	Bb3	58	63	224	20.375000	Bb3	58	80	
225	17.469792	F#4	66	67	225	20.500000	F#4	66	80	
226	17.552083	Bb3	58	66	226	20.625000	Bb3	58	80	
227	17.663542	F#4	66	71	228	20.750000	F#4	66	80	
228	17.673958	Bb5	82	66	227	20.750000	Bb5	82	80	
229	17.768750	Bb3	58	64	229	20.875000	Bb3	58	80	
230	17.868750	C#5	73	68	230	21.000000	C#5	73	80	
231	17.881250	F4	65	63	231	21.000000	F4	65	80	
232	17.987500	Bb3	58	66	232	21.125000	Bb3	58	80	
233	18.081250	F4	65	65	233	21.250000	F4	65	80	
234	18.171875	Bb3	58	60	234	21.375000	Bb3	58	80	
235	18.267708	Bb5	82	58	235	21.500000	Bb5	82	80	
236	18.268750	F4	65	60	236	21.500000	F4	65	80	
237	18.366667	Bb3	58	59	237	21.625000	Bb3	58	80	
238	18.443750	C5	72	66	238	21.750000	C5	72	80	
239	18.475000	Eb4	63	67	239	21.750000	Eb4	63	80	
240	18.564583	C#4	61	66	240	21.875000	C#4	61	80	
241	18.665625	C4	60	50	241	22.000000	C4	60	80	
242	18.770833	C#4	61	62	242	22.125000	C#4	61	80	
243	18.854167	Eb4	63	62	244	22.250000	Eb4	63	80	
244	18.861458	A5	81	63	243	22.250000	A5	81	80	
245	18.925000	C4	60	61	245	22.375000	C4	60	80	
246	19.031250	C#4	61	68	247	22.500000	C#4	61	80	
247	19.057292	Bb4	70	67	246	22.500000	Bb4	70	80	
248	19.119792	C4	60	64	248	22.625000	C4	60	80	
249	19.228125	Bb3	58	62	249	22.750000	Bb3	58	80	
250	19.342708	C4	60	61	250	22.875000	C4	60	80	
251	19.439583	Bb5	82	100	251	23.000000	Bb5	82	80	
252	19.442708	C#4	61	69	252	23.000000	C#4	61	80	
253	19.535417	Bb3	58	61	253	23.125000	Bb3	58	80	
254	19.678125	E4	64	64	254	23.250000	E4	64	80	
255	19.783333	D4	62	69	255	23.375000	D4	62	80	
256	19.877083	G#5	80	82	256	23.500000	G#5	80	80	
257	19.883333	C4	60	67	257	23.500000	C4	60	80	
258	19.985417	D4	62	69	258	23.625000	D4	62	80	
259	20.072917	E4	64	67	260	23.750000	E4	64	80	
260	20.085417	G5	79	83	259	23.750000	G5	79	80	
261	20.169792	C4	60	69	261	23.875000	C4	60	80	
262	20.280208	F4	65	65	263	24.000000	F4	65	80	
263	20.288542	G#5	80	84	262	24.000000	G#5	80	80	
264	20.376042	E4	64	68	264	24.125000	E4	64	80	
265	20.482292	F4	65	76	266	24.250000	F4	65	80	
266	20.487500	G#4	68	74	265	24.250000	G#4	68	80	
267	20.596875	G4	67	66	267	24.375000	G4	67	80	
268	20.687500	G#5	80	97	268	24.500000	G#5	80	80	
269	20.697917	F4	65	72	269	24.500000	F4	65	80	
270	20.802083	Eb4	63	72	270	24.625000	Eb4	63	80	
271	20.906250	D4	62	73	271	24.750000	D4	62	80	
272	21.015625	C4	60	66	272	24.875000	C4	60	80	
273	21.109375	Bb3	58	66	274	25.000000	Bb3	58	80	
274	21.112500	F#5	78	82	273	25.000000	F#5	78	80	
275	21.232292	C4	60	67	275	25.125000	C4	60	80	
276	21.314583	D4	62	66	277	25.250000	D4	62	80	
277	21.331250	F5	77	71	276	25.250000	F5	77	80	
278	21.425000	Bb3	58	54	278	25.375000	Bb3	58	80	
279	21.513542	Eb4	63	75	280	25.500000	Eb4	63	80	
280	21.527083	F#5	78	74	279	25.500000	F#5	78	80	
281	21.635417	F5	77	69	281	25.625000	F5	77	80	
282	21.714583	Eb3	51	61	283	25.750000	Eb3	51	80	
283	21.732292	Eb5	75	75	282	25.750000	Eb5	75	80	
284	21.844792	F5	77	68	284	25.875000	F5	77	80	
285	21.912500	Eb4	63	76	286	26.000000	Eb4	63	80	
286	21.936458	F#5	78	72	285	26.000000	F#5	78	80	
287	22.026042	Eb5	75	70	287	26.125000	Eb5	75	80	
288	22.138542	A5	81	86	288	26.250000	A5	81	80	
289	22.230208	G5	79	84	289	26.375000	G5	79	80	
290	22.319792	F5	77	80	290	26.500000	F5	77	80	
291	22.348958	C#4	61	62	291	26.500000	C#4	61	80	
292	22.422917	G5	79	86	292	26.625000	G5	79	80	
293	22.525000	A5	81	82	293	26.750000	A5	81	80	
294	22.539583	C4	60	63	294	26.750000	C4	60	80	
295	22.623958	F5	77	78	295	26.875000	F5	77	80	
296	22.730208	Bb5	82	81	296	27.000000	Bb5	82	80	
297	22.737500	C#4	61	65	297	27.000000	C#4	61	80	
298	22.832292	A5	81	78	298	27.125000	A5	81	80	
299	22.934375	C#3	49	57	300	27.250000	C#3	49	80	
300	22.936458	Bb5	82	77	299	27.250000	Bb5	82	80	
301	23.037500	C6	84	75	301	27.375000	C6	84	80	
302	23.144792	C#4	61	54	303	27.500000	C#4	61	80	
303	23.147917	Bb5	82	83	302	27.500000	Bb5	82	80	
304	23.241667	G#5	80	81	304	27.625000	G#5	80	80	
305	23.346875	G5	79	74	305	27.750000	G5	79	80	
306	23.364583	F5	77	61	*	-1	*	-1	-1	
307	23.447917	F5	77	82	306	27.875000	F5	77	80	
308	23.541667	Eb5	75	90	307	28.000000	Eb5	75	80	
309	23.547917	C4	60	45	308	28.000000	C4	60	80	
310	23.650000	F5	77	71	309	28.125000	F5	77	80	
311	23.742708	Bb3	58	54	311	28.250000	Bb3	58	80	
312	23.748958	G5	79	76	310	28.250000	G5	79	80	
313	23.839583	Eb5	75	66	312	28.375000	Eb5	75	80	
314	23.939583	G#5	80	81	313	28.500000	G#5	80	80	
315	23.946875	C4	60	53	314	28.500000	C4	60	80	
316	24.047917	Bb3	58	61	315	28.625000	Bb3	58	80	
317	24.143750	G#4	68	68	316	28.750000	G#4	68	80	
318	24.146875	G#3	56	61	317	28.750000	G#3	56	80	
319	24.257292	Bb3	58	60	318	28.875000	Bb3	58	80	
320	24.343750	G#5	80	91	319	29.000000	G#5	80	80	
321	24.346875	C4	60	65	320	29.000000	C4	60	80	
322	24.441667	G#3	56	64	321	29.125000	G#3	56	80	
323	24.563542	D4	62	63	322	29.250000	D4	62	80	
324	24.676042	C4	60	61	323	29.375000	C4	60	80	
325	24.769792	F#5	78	75	324	29.500000	F#5	78	80	
326	24.772917	Bb3	58	55	325	29.500000	Bb3	58	80	
327	24.879167	C4	60	60	326	29.625000	C4	60	80	
328	24.970833	F5	77	73	327	29.750000	F5	77	80	
329	24.978125	D4	62	61	328	29.750000	D4	62	80	
330	25.065625	Bb3	58	56	329	29.875000	Bb3	58	80	
331	25.182292	Eb4	63	60	331	30.000000	Eb4	63	80	
332	25.184375	F#5	78	76	330	30.000000	F#5	78	80	
333	25.293750	D4	62	60	332	30.125000	D4	62	80	
334	25.381250	Eb4	63	70	334	30.250000	Eb4	63	80	
335	25.381250	F#4	66	55	333	30.250000	F#4	66	80	
336	25.495833	F4	65	68	335	30.375000	F4	65	80	
337	25.582292	F#5	78	86	336	30.500000	F#5	78	80	
338	25.601042	Eb4	63	66	337	30.500000	Eb4	63	80	
339	25.692708	C#4	61	69	338	30.625000	C#4	61	80	
340	25.800000	C4	60	72	339	30.750000	C4	60	80	
341	25.894792	Bb3	58	69	340	30.875000	Bb3	58	80	
342	25.989583	G#3	56	70	342	31.000000	G#3	56	80	
343	25.998958	F5	77	72	341	31.000000	F5	77	80	
344	26.102083	Bb3	58	67	343	31.125000	Bb3	58	80	
345	26.192708	C4	60	64	345	31.250000	C4	60	80	
346	26.207292	Eb5	75	77	344	31.250000	Eb5	75	80	
347	26.304167	G#3	56	61	346	31.375000	G#3	56	80	
348	26.409375	F5	77	69	347	31.500000	F5	77	80	
349	26.421875	C#4	61	62	348	31.500000	C#4	61	80	
350	26.509375	Eb5	75	68	349	31.625000	Eb5	75	80	
351	26.612500	C#5	73	67	350	31.750000	C#5	73	80	
352	26.615625	C#3	49	58	351	31.750000	C#3	49	80	
353	26.715625	Eb5	75	69	352	31.875000	Eb5	75	80	
354	26.814583	C#4	61	62	354	32.000000	C#4	61	80	
355	26.819792	F5	77	68	353	32.000000	F5	77	80	
356	26.932292	C#5	73	74	355	32.125000	C#5	73	80	
357	27.034375	G5	79	84	356	32.250000	G5	79	80	
358	27.132292	F5	77	78	357	32.375000	F5	77	80	
359	27.225000	B3	59	46	359	32.500000	B3	59	80	
360	27.229167	Eb5	75	81	358	32.500000	Eb5	75	80	
361	27.329167	F5	77	81	360	32.625000	F5	77	80	
362	27.432292	G5	79	83	361	32.750000	G5	79	80	
363	27.438542	Bb3	58	46	362	32.750000	Bb3	58	80	
364	27.523958	Eb5	75	79	363	32.875000	Eb5	75	80	
365	27.627083	G#5	80	83	364	33.000000	G#5	80	80	
366	27.650000	B3	59	53	365	33.000000	B3	59	80	
367	27.722917	G5	79	79	366	33.125000	G5	79	80	
368	27.821875	G#5	80	77	367	33.250000	G#5	80	80	
369	27.847917	B2	47	41	368	33.250000	B2	47	80	
370	27.929167	Bb5	82	78	369	33.375000	Bb5	82	80	
371	28.033333	G#5	80	78	370	33.500000	G#5	80	80	
372	28.054167	B3	59	52	371	33.500000	B3	59	80	
373	28.136458	F#5	78	74	372	33.625000	F#5	78	80	
374	28.235417	F5	77	69	373	33.750000	F5	77	80	
375	28.341667	Eb5	75	72	374	33.875000	Eb5	75	80	
376	28.442708	C#5	73	68	375	34.000000	C#5	73	80	
377	28.463542	Bb3	58	41	376	34.000000	Bb3	58	80	
378	28.564583	Eb5	75	64	377	34.125000	Eb5	75	80	
379	28.656250	G#3	56	51	379	34.250000	G#3	56	80	
380	28.685417	F5	77	48	378	34.250000	F5	77	80	
381	28.754167	C#5	73	53	380	34.375000	C#5	73	80	
382	28.868750	Bb3	58	35	382	34.500000	Bb3	58	80	
383	28.870833	F#4	66	54	381	34.500000	F#4	66	80	
384	28.960417	F#3	54	49	383	34.625000	F#3	54	80	
385	29.077083	C#3	49	45	384	34.750000	C#3	49	80	
386	29.148958	F#3	54	55	385	34.875000	F#3	54	80	
387	29.271875	F#5	78	51	386	35.000000	F#5	78	80	
388	29.277083	Bb3	58	51	387	35.000000	Bb3	58	80	
389	29.381250	F#3	54	53	388	35.125000	F#3	54	80	
390	29.473958	G#4	68	62	389	35.250000	G#4	68	80	
391	29.502083	B3	59	51	390	35.250000	B3	59	80	
392	29.578125	F#3	54	60	391	35.375000	F#3	54	80	
393	29.690625	B3	59	63	392	35.500000	B3	59	80	
394	29.792708	F#3	54	60	393	35.625000	F#3	54	80	
395	29.866667	F#5	78	63	394	35.750000	F#5	78	80	
396	29.890625	B3	59	66	395	35.750000	B3	59	80	
397	29.979167	F#3	54	68	396	35.875000	F#3	54	80	
398	30.068750	Bb4	70	80	397	36.000000	Bb4	70	80	
399	30.092708	C#4	61	66	398	36.000000	C#4	61	80	
400	30.193750	F#3	54	67	399	36.125000	F#3	54	80	
401	30.283333	C#4	61	68	400	36.250000	C#4	61	80	
402	30.371875	F#3	54	71	401	36.375000	F#3	54	80	
403	30.473958	C#4	61	71	403	36.500000	C#4	61	80	
404	30.478125	F#5	78	63	402	36.500000	F#5	78	80	
405	30.576042	F#3	54	67	404	36.625000	F#3	54	80	
406	30.675000	B4	71	75	405	36.750000	B4	71	80	
407	30.691667	Eb4	63	65	406	36.750000	Eb4	63	80	
408	30.788542	F#3	54	66	407	36.875000	F#3	54	80	
409	30.893750	Eb4	63	65	408	37.000000	Eb4	63	80	
410	30.987500	F#3	54	62	409	37.125000	F#3	54	80	
411	31.086458	F#5	78	63	410	37.250000	F#5	78	80	
412	31.102083	Eb4	63	65	411	37.250000	Eb4	63	80	
413	31.198958	F#3	54	64	412	37.375000	F#3	54	80	
414	31.284375	Bb4	70	72	413	37.500000	Bb4	70	80	
415	31.297917	C#4	61	62	414	37.500000	C#4	61	80	
416	31.394792	F#3	54	63	415	37.625000	F#3	54	80	
417	31.492708	C#4	61	66	416	37.750000	C#4	61	80	
418	31.606250	F#3	54	61	417	37.875000	F#3	54	80	
419	31.690625	C#4	61	66	419	38.000000	C#4	61	80	
420	31.697917	F#5	78	58	418	38.000000	F#5	78	80	
421	31.788542	F#3	54	58	420	38.125000	F#3	54	80	
422	31.889583	G#4	68	69	421	38.250000	G#4	68	80	
423	31.916667	B3	59	62	422	38.250000	B3	59	80	
424	31.995833	Bb3	58	62	423	38.375000	Bb3	58	80	
425	32.092708	G#3	56	70	424	38.500000	G#3	56	80	
426	32.193750	Bb3	58	53	425	38.625000	Bb3	58	80	
427	32.268750	B3	59	67	427	38.750000	B3	59	80	
428	32.276042	F5	77	54	426	38.750000	F5	77	80	
429	32.366667	G#3	56	64	428	38.875000	G#3	56	80	
430	32.468750	F#4	66	58	429	39.000000	F#4	66	80	
431	32.469792	Bb3	58	66	430	39.000000	Bb3	58	80	
432	32.581250	F#3	54	63	432	39.250000	F#3	54	80	
433	32.668750	G#3	56	67	433	39.375000	G#3	56	80	
434	32.803125	Bb3	58	53	435	39.500000	Bb3	58	80	
435	32.893750	F#5	78	77	434	39.500000	F#5	78	80	
436	33.046875	F#3	54	53	436	39.625000	F#3	54	80	
437	33.209375	G#3	56	58	437	39.750000	G#3	56	80	
438	33.298958	Bb3	58	66	438	39.875000	Bb3	58	80	
439	33.391667	G#3	56	63	440	40.000000	G#3	56	80	
440	33.458333	F5	77	29	439	40.000000	F5	77	80	
441	33.486458	F#3	54	70	442	40.125000	F#3	54	80	
442	33.572917	Eb5	75	73	441	40.125000	Eb5	75	80	
443	33.601042	F3	53	59	444	40.250000	F3	53	80	
444	33.672917	C#5	73	68	443	40.250000	C#5	73	80	
445	33.718750	Eb3	51	38	446	40.375000	Eb3	51	80	
446	33.765625	C#3	49	57	448	40.500000	C#3	49	80	
447	33.780208	Eb5	75	40	445	40.375000	Eb5	75	80	
448	33.834375	F5	77	67	447	40.500000	F5	77	80	
449	33.939583	C#5	73	61	449	40.625000	C#5	73	80	
450	34.023958	G#4	68	65	450	40.750000	G#4	68	80	
451	34.129167	C#5	73	62	451	40.875000	C#5	73	80	
452	34.225000	F5	77	60	452	41.000000	F5	77	80	
453	34.231250	C#4	61	45	453	41.000000	C#4	61	80	
454	34.330208	C#5	73	60	454	41.125000	C#5	73	80	
455	34.407292	Eb3	51	39	456	41.250000	Eb3	51	80	
456	34.430208	F#5	78	69	455	41.250000	F#5	78	80	
457	34.530208	C#5	73	60	457	41.375000	C#5	73	80	
458	34.628125	F#5	78	74	458	41.500000	F#5	78	80	
459	34.735417	C#5	73	71	459	41.625000	C#5	73	80	
460	34.817708	C#4	61	36	461	41.750000	C#4	61	80	
461	34.834375	F#5	78	78	460	41.750000	F#5	78	80	
462	34.939583	C#5	73	73	462	41.875000	C#5	73	80	
463	35.010417	F3	53	49	464	42.000000	F3	53	80	
464	35.043750	G#5	80	83	463	42.000000	G#5	80	80	
465	35.142708	C#5	73	79	465	42.125000	C#5	73	80	
466	35.237500	G#5	80	86	466	42.250000	G#5	80	80	
467	35.341667	C#5	73	84	467	42.375000	C#5	73	80	
468	35.417708	C#4	61	48	469	42.500000	C#4	61	80	
469	35.437500	G#5	80	89	468	42.500000	G#5	80	80	
470	35.545833	C#5	73	87	470	42.625000	C#5	73	80	
471	35.635417	F#3	54	52	472	42.750000	F#3	54	80	
472	35.648958	Bb5	82	90	471	42.750000	Bb5	82	80	
473	35.750000	C#5	73	87	473	42.875000	C#5	73	80	
474	35.847917	Bb5	82	85	474	43.000000	Bb5	82	80	
475	35.950000	C#5	73	79	475	43.125000	C#5	73	80	
476	36.039583	C#4	61	42	477	43.250000	C#4	61	80	
477	36.052083	Bb5	82	79	476	43.250000	Bb5	82	80	
478	36.159375	C#5	73	65	478	43.375000	C#5	73	80	
479	36.242708	F3	53	44	480	43.500000	F3	53	80	
480	36.254167	G#5	80	78	479	43.500000	G#5	80	80	
481	36.353125	C#5	73	67	481	43.625000	C#5	73	80	
482	36.443750	G#5	80	70	482	43.750000	G#5	80	80	
483	36.552083	C#5	73	61	483	43.875000	C#5	73	80	
484	36.655208	G#5	80	69	484	44.000000	G#5	80	80	
485	36.659375	C#4	61	34	485	44.000000	C#4	61	80	
486	36.781250	C#5	73	56	486	44.125000	C#5	73	80	
487	36.865625	Eb3	51	45	488	44.250000	Eb3	51	80	
488	36.879167	F#5	78	55	487	44.250000	F#5	78	80	
489	36.977083	F5	77	65	489	44.375000	F5	77	80	
490	37.069792	Eb5	75	74	490	44.500000	Eb5	75	80	
491	37.153125	F#5	78	73	491	44.625000	F5	77	80	
492	37.253125	F5	77	30	492	44.750000	F#5	78	80	
493	37.262500	C4	60	39	493	44.750000	C4	60	80	
494	37.362500	Eb5	75	65	494	44.875000	Eb5	75	80	
495	37.451042	F5	77	58	495	45.000000	F5	77	80	
496	37.465625	C#3	49	54	496	45.000000	C#3	49	80	
497	37.545833	Eb5	75	75	497	45.125000	Eb5	75	80	
498	37.645833	C#5	73	70	498	45.250000	C#5	73	80	
499	37.740625	Eb5	75	72	499	45.375000	Eb5	75	80	
500	37.843750	C#4	61	59	501	45.500000	C#4	61	80	
501	37.848958	F5	77	71	500	45.500000	F5	77	80	
502	37.952083	C#5	73	62	502	45.625000	C#5	73	80	
503	38.051042	Eb5	75	68	503	45.750000	Eb5	75	80	
504	38.058333	F#3	54	54	504	45.750000	F#3	54	80	
505	38.157292	F5	77	60	505	45.875000	F5	77	80	
506	38.255208	Eb5	75	67	506	46.000000	Eb5	75	80	
507	38.259375	F3	53	51	507	46.000000	F3	53	80	
508	38.350000	C#5	73	64	508	46.125000	C#5	73	80	
509	38.436458	C5	72	63	509	46.250000	C5	72	80	
510	38.453125	Eb3	51	55	510	46.250000	Eb3	51	80	
511	38.538542	Bb4	70	70	511	46.375000	Bb4	70	80	
512	38.655208	C5	72	65	512	46.500000	C5	72	80	
513	38.656250	G#3	56	51	513	46.500000	G#3	56	80	
514	38.748958	G#4	68	60	514	46.625000	G#4	68	80	
515	38.852083	F#4	66	48	515	46.750000	F#4	66	80	
516	38.945833	G#4	68	64	516	46.875000	G#4	68	80	
517	39.066667	Eb4	63	32	517	47.000000	Eb4	63	80	
518	39.133333	G#4	68	57	518	47.125000	G#4	68	80	
519	39.251042	G#3	56	54	520	47.250000	G#3	56	80	
520	39.260417	C5	72	59	519	47.250000	C5	72	80	
521	39.346875	G#4	68	60	521	47.375000	G#4	68	80	
522	39.442708	F#4	66	51	522	47.500000	F#4	66	80	
523	39.555208	G#4	68	62	523	47.625000	G#4	68	80	
524	39.646875	Eb4	63	47	524	47.750000	Eb4	63	80	
525	39.760417	G#4	68	59	525	47.875000	G#4	68	80	
526	39.841667	G#3	56	56	527	48.000000	G#3	56	80	
527	39.868750	C#5	73	60	526	48.000000	C#5	73	80	
528	39.972917	G#4	68	51	528	48.125000	G#4	68	80	
529	40.057292	F4	65	43	529	48.250000	F4	65	80	
530	40.152083	G#4	68	59	530	48.375000	G#4	68	80	
531	40.257292	C#4	61	50	531	48.500000	C#4	61	80	
532	40.348958	G#4	68	62	532	48.625000	G#4	68	80	
533	40.456250	G#3	56	57	534	48.750000	G#3	56	80	
534	40.460417	C#5	73	65	533	48.750000	C#5	73	80	
535	40.566667	G#4	68	57	535	48.875000	G#4	68	80	
536	40.669792	F4	65	43	536	49.000000	F4	65	80	
537	40.764583	G#4	68	58	537	49.125000	G#4	68	80	
538	40.879167	C#4	61	48	538	49.250000	C#4	61	80	
539	40.965625	G#4	68	57	539	49.375000	G#4	68	80	
540	41.079167	G#3	56	64	541	49.500000	G#3	56	80	
541	41.086458	F#5	78	68	540	49.500000	F#5	78	80	
542	41.167708	G#4	68	62	542	49.625000	G#4	68	80	
543	41.300000	Eb4	63	50	543	49.750000	Eb4	63	80	
544	41.377083	G#4	68	58	544	49.875000	G#4	68	80	
545	41.503125	C4	60	48	545	50.000000	C4	60	80	
546	41.596875	G#4	68	58	546	50.125000	G#4	68	80	
547	41.704167	F#5	78	70	547	50.250000	F#5	78	80	
548	41.710417	G#3	56	55	548	50.250000	G#3	56	80	
549	41.810417	G#4	68	59	549	50.375000	G#4	68	80	
550	41.918750	Eb4	63	47	550	50.500000	Eb4	63	80	
551	42.004167	G#4	68	55	551	50.625000	G#4	68	80	
552	42.100000	C4	60	44	552	50.750000	C4	60	80	
553	42.204167	G#4	68	59	553	50.875000	G#4	68	80	
554	42.310417	G#3	56	57	555	51.000000	G#3	56	80	
555	42.310417	F5	77	63	554	51.000000	F5	77	80	
556	42.415625	G#4	68	60	556	51.125000	G#4	68	80	
557	42.514583	F4	65	52	557	51.250000	F4	65	80	
558	42.609375	G#4	68	56	558	51.375000	G#4	68	80	
559	42.708333	C#4	61	62	559	51.500000	C#4	61	80	
560	42.800000	G#4	68	60	560	51.625000	G#4	68	80	
561	42.911458	G#3	56	71	562	51.750000	G#3	56	80	
562	42.911458	F5	77	71	561	51.750000	F5	77	80	
563	43.013542	G#4	68	67	563	51.875000	G#4	68	80	
564	43.125000	F4	65	56	564	52.000000	F4	65	80	
565	43.212500	G#4	68	66	565	52.125000	G#4	68	80	
566	43.311458	C#4	61	67	566	52.250000	C#4	61	80	
567	43.412500	G#4	68	76	567	52.375000	G#4	68	80	
568	43.514583	G#3	56	74	569	52.500000	G#3	56	80	
569	43.520833	G5	79	81	568	52.500000	G5	79	80	
570	43.633333	Bb4	70	74	570	52.625000	Bb4	70	80	
571	43.736458	E4	64	63	571	52.750000	E4	64	80	
572	43.817708	Bb4	70	70	572	52.875000	Bb4	70	80	
573	43.929167	C#4	61	79	573	53.000000	C#4	61	80	
574	44.014583	Bb4	70	77	574	53.125000	Bb4	70	80	
575	44.119792	G5	79	87	575	53.250000	G5	79	80	
576	44.133333	G#3	56	83	576	53.250000	G#3	56	80	
577	44.236458	Bb4	70	77	577	53.375000	Bb4	70	80	
578	44.330208	E4	64	78	578	53.500000	E4	64	80	
579	44.426042	Bb4	70	70	579	53.625000	Bb4	70	80	
580	44.515625	C#4	61	72	580	53.750000	C#4	61	80	
581	44.609375	Bb4	70	75	581	53.875000	Bb4	70	80	
582	44.710417	G#5	80	92	582	54.000000	G#5	80	80	
583	44.711458	G#3	56	79	583	54.000000	G#3	56	80	
584	44.839583	C5	72	65	584	54.125000	C5	72	80	
585	44.925000	Eb4	63	69	585	54.250000	Eb4	63	80	
586	45.023958	C5	72	66	586	54.375000	C5	72	80	
587	45.117708	C4	60	71	587	54.500000	C4	60	80	
588	45.223958	C5	72	80	588	54.625000	C5	72	80	
589	45.322917	G#5	80	95	589	54.750000	G#5	80	80	
590	45.328125	F#3	54	79	590	54.750000	F#3	54	80	
591	45.437500	C5	72	81	591	54.875000	C5	72	80	
592	45.540625	Eb4	63	67	592	55.000000	Eb4	63	80	
593	45.641667	C5	72	73	593	55.125000	C5	72	80	
594	45.730208	C4	60	61	594	55.250000	C4	60	80	
595	45.830208	C5	72	69	595	55.375000	C5	72	80	
596	45.941667	G#5	80	68	596	55.500000	G#5	80	80	
597	45.944792	F3	53	45	597	55.500000	F3	53	80	
598	46.051042	C#5	73	70	598	55.625000	C#5	73	80	
599	46.138542	F4	65	57	599	55.750000	F4	65	80	
600	46.243750	G#4	68	63	600	55.875000	G#4	68	80	
601	46.335417	C#4	61	77	601	56.000000	C#4	61	80	
602	46.442708	C#5	73	82	602	56.125000	C#5	73	80	
603	46.531250	G#3	56	82	603	56.250000	G#3	56	80	
604	46.629167	F5	77	85	604	56.375000	F5	77	80	
605	46.726042	F3	53	83	605	56.500000	F3	53	80	
606	46.826042	G#5	80	90	606	56.625000	G#5	80	80	
607	46.927083	Eb3	51	77	607	56.750000	Eb3	51	80	
608	47.014583	Bb5	82	80	608	56.875000	Bb5	82	80	
609	47.112500	B5	83	76	609	57.000000	B5	83	80	
610	47.139583	D3	50	62	610	57.000000	D3	50	80	
611	47.221875	Bb5	82	81	611	57.125000	Bb5	82	80	
612	47.313542	G#5	80	82	612	57.250000	G#5	80	80	
613	47.326042	F3	53	62	613	57.250000	F3	53	80	
614	47.411458	F#5	78	79	614	57.375000	F#5	78	80	
615	47.514583	F5	77	83	615	57.500000	F5	77	80	
616	47.516667	Bb3	58	53	616	57.500000	Bb3	58	80	
617	47.612500	Eb5	75	89	617	57.625000	Eb5	75	80	
618	47.708333	D4	62	63	619	57.750000	D4	62	80	
619	47.721875	F5	77	89	618	57.750000	F5	77	80	
620	47.817708	F#5	78	89	620	57.875000	F#5	78	80	
621	47.908333	F4	65	60	622	58.000000	F4	65	80	
622	47.914583	G#5	80	88	621	58.000000	G#5	80	80	
623	48.019792	B5	83	82	623	58.125000	B5	83	80	
624	48.106250	G#4	68	67	625	58.250000	G#4	68	80	
625	48.126042	Bb5	82	81	624	58.250000	Bb5	82	80	
626	48.219792	G#5	80	80	626	58.375000	G#5	80	80	
627	48.325000	F#4	66	59	628	58.500000	F#4	66	80	
628	48.325000	Bb5	82	84	627	58.500000	Bb5	82	80	
629	48.425000	Eb5	75	79	629	58.625000	Eb5	75	80	
630	48.514583	Eb4	63	66	630	58.750000	Eb4	63	80	
631	48.623958	F#4	66	61	631	58.875000	F#4	66	80	
632	48.718750	Bb3	58	57	632	59.000000	Bb3	58	80	
633	48.816667	Bb4	70	71	633	59.125000	Bb4	70	80	
634	48.919792	F#3	54	61	634	59.250000	F#3	54	80	
635	49.007292	Eb5	75	68	635	59.375000	Eb5	75	80	
636	49.121875	Eb3	51	54	636	59.500000	Eb3	51	80	
637	49.204167	F#5	78	69	637	59.625000	F#5	78	80	
638	49.306250	C#3	49	64	638	59.750000	C#3	49	80	
639	49.430208	G#5	80	59	639	59.875000	G#5	80	80	
640	49.515625	A5	81	69	640	60.000000	A5	81	80	
641	49.516667	C3	48	39	641	60.000000	C3	48	80	
642	49.628125	G#5	80	73	642	60.125000	G#5	80	80	
643	49.704167	Eb3	51	38	644	60.250000	Eb3	51	80	
644	49.715625	F#5	78	74	643	60.250000	F#5	78	80	
645	49.814583	E5	76	76	645	60.375000	E5	76	80	
646	49.885417	G#3	56	56	647	60.500000	G#3	56	80	
647	49.908333	Eb5	75	79	646	60.500000	Eb5	75	80	
648	50.015625	C#5	73	76	648	60.625000	C#5	73	80	
649	50.100000	C4	60	53	650	60.750000	C4	60	80	
650	50.111458	Eb5	75	75	649	60.750000	Eb5	75	80	
651	50.214583	E5	76	74	651	60.875000	E5	76	80	
652	50.287500	Eb4	63	60	653	61.000000	Eb4	63	80	
653	50.300000	F#5	78	82	652	61.000000	F#5	78	80	
654	50.393750	A5	81	81	654	61.125000	A5	81	80	
655	50.496875	G#5	80	79	655	61.250000	G#5	80	80	
656	50.514583	F#4	66	43	656	61.250000	F#4	66	80	
657	50.580208	F#5	78	76	657	61.375000	F#5	78	80	
658	50.680208	G#5	80	89	658	61.500000	G#5	80	80	
659	50.703125	E4	64	68	659	61.500000	E4	64	80	
660	50.784375	C#5	73	73	660	61.625000	C#5	73	80	
661	50.889583	C#4	61	75	661	61.750000	C#4	61	80	
662	50.985417	E5	76	77	662	61.875000	E5	76	80	
663	51.088542	A3	57	73	663	62.000000	A3	57	80	
664	51.183333	C#5	73	80	664	62.125000	C#5	73	80	
665	51.283333	F#3	54	75	665	62.250000	F#3	54	80	
666	51.368750	A4	69	78	666	62.375000	A4	69	80	
667	51.468750	Eb4	63	76	667	62.500000	Eb4	63	80	
668	51.562500	F#4	66	76	668	62.625000	F#4	66	80	
669	51.664583	C4	60	83	669	62.750000	C4	60	80	
670	51.778125	Eb5	75	85	670	62.875000	Eb5	75	80	
671	51.859375	E3	52	78	671	63.000000	E3	52	80	
672	51.971875	G#4	68	82	672	63.125000	G#4	68	80	
673	52.061458	C#4	61	77	673	63.250000	C#4	61	80	
674	52.158333	E4	64	74	674	63.375000	E4	64	80	
675	52.262500	A3	57	71	675	63.500000	A3	57	80	
676	52.357292	C#5	73	71	676	63.625000	C#5	73	80	
677	52.458333	F#3	54	74	677	63.750000	F#3	54	80	
678	52.557292	A4	69	71	678	63.875000	A4	69	80	
679	52.642708	Eb3	51	63	679	64.000000	Eb3	51	80	
680	52.764583	F#4	66	64	680	64.125000	F#4	66	80	
681	52.833333	C3	48	62	681	64.250000	C3	48	80	
682	52.954167	Eb4	63	54	682	64.375000	Eb4	63	80	
683	53.038542	G#2	44	66	684	64.500000	G#2	44	80	
684	53.051042	C4	60	60	683	64.500000	C4	60	80	
685	53.156250	G#3	56	54	685	64.625000	G#3	56	80	
686	53.251042	F#3	54	58	686	64.750000	F#3	54	80	
687	53.354167	G#3	56	54	687	64.875000	G#3	56	80	
688	53.441667	Eb3	51	52	688	65.000000	Eb3	51	80	
689	53.545833	G#3	56	53	689	65.125000	G#3	56	80	
690	53.635417	G#2	44	57	691	65.250000	G#2	44	80	
691	53.661458	C4	60	59	690	65.250000	C4	60	80	
692	53.762500	G#3	56	47	692	65.375000	G#3	56	80	
693	53.843750	F#3	54	53	693	65.500000	F#3	54	80	
694	53.947917	G#3	56	54	694	65.625000	G#3	56	80	
695	54.045833	Eb3	51	52	695	65.750000	Eb3	51	80	
696	54.155208	G#3	56	53	696	65.875000	G#3	56	80	
697	54.247917	G#2	44	60	698	66.000000	G#2	44	80	
698	54.272917	C#4	61	59	697	66.000000	C#4	61	80	
699	54.369792	G#3	56	56	699	66.125000	G#3	56	80	
700	54.466667	F3	53	52	700	66.250000	F3	53	80	
701	54.561458	G#3	56	54	701	66.375000	G#3	56	80	
702	54.666667	C#3	49	55	702	66.500000	C#3	49	80	
703	54.744792	G#3	56	61	703	66.625000	G#3	56	80	
704	54.866667	G#2	44	65	705	66.750000	G#2	44	80	
705	54.868750	C#4	61	64	704	66.750000	C#4	61	80	
706	54.964583	G#3	56	53	706	66.875000	G#3	56	80	
707	55.079167	F3	53	49	707	67.000000	F3	53	80	
708	55.161458	G#3	56	45	708	67.125000	G#3	56	80	
709	55.276042	C#3	49	56	709	67.250000	C#3	49	80	
710	55.375000	G#3	56	40	710	67.375000	G#3	56	80	
711	55.488542	G#2	44	50	712	67.500000	G#2	44	80	
712	55.494792	F#4	66	52	711	67.500000	F#4	66	80	
713	55.578125	G#3	56	54	713	67.625000	G#3	56	80	
714	55.703125	Eb3	51	45	714	67.750000	Eb3	51	80	
715	55.784375	G#3	56	54	715	67.875000	G#3	56	80	
716	55.895833	C3	48	56	716	68.000000	C3	48	80	
717	55.984375	G#3	56	59	717	68.125000	G#3	56	80	
718	56.105208	F#4	66	65	718	68.250000	F#4	66	80	
719	56.111458	G#2	44	54	719	68.250000	G#2	44	80	
720	56.217708	G#3	56	55	720	68.375000	G#3	56	80	
721	56.313542	Eb3	51	48	721	68.500000	Eb3	51	80	
722	56.421875	G#3	56	56	722	68.625000	G#3	56	80	
723	56.504167	C3	48	57	723	68.750000	C3	48	80	
724	56.615625	G#3	56	62	724	68.875000	G#3	56	80	
725	56.715625	G#2	44	57	726	69.000000	G#2	44	80	
726	56.721875	F4	65	64	725	69.000000	F4	65	80	
727	56.839583	G#3	56	52	727	69.125000	G#3	56	80	
728	56.920833	F3	53	56	728	69.250000	F3	53	80	
729	57.013542	G#3	56	56	729	69.375000	G#3	56	80	
730	57.115625	C#3	49	66	730	69.500000	C#3	49	80	
731	57.195833	G#3	56	67	731	69.625000	G#3	56	80	
732	57.306250	F4	65	68	732	69.750000	F4	65	80	
733	57.318750	G#2	44	67	733	69.750000	G#2	44	80	
734	57.427083	G#3	56	57	734	69.875000	G#3	56	80	
735	57.512500	F3	53	69	735	70.000000	F3	53	80	
736	57.600000	G#3	56	66	736	70.125000	G#3	56	80	
737	57.702083	C#3	49	76	737	70.250000	C#3	49	80	
738	57.791667	G#3	56	75	738	70.375000	G#3	56	80	
739	57.900000	G4	67	75	739	70.500000	G4	67	80	
740	57.911458	G#2	44	69	740	70.500000	G#2	44	80	
741	58.011458	Bb3	58	61	741	70.625000	Bb3	58	80	
742	58.112500	E3	52	63	742	70.750000	E3	52	80	
743	58.191667	Bb3	58	55	743	70.875000	Bb3	58	80	
744	58.303125	C#3	49	72	744	71.000000	C#3	49	80	
745	58.389583	Bb3	58	72	745	71.125000	Bb3	58	80	
746	58.497917	G4	67	76	746	71.250000	G4	67	80	
747	58.498958	G#2	44	76	747	71.250000	G#2	44	80	
748	58.605208	Bb3	58	69	748	71.375000	Bb3	58	80	
749	58.708333	E3	52	58	749	71.500000	E3	52	80	
750	58.802083	Bb3	58	60	750	71.625000	Bb3	58	80	
751	58.886458	C#3	49	64	751	71.750000	C#3	49	80	
752	58.997917	Bb3	58	55	752	71.875000	Bb3	58	80	
753	59.105208	G#2	44	54	753	72.000000	G#2	44	80	
754	59.207292	C3	48	57	754	72.125000	C3	48	80	
755	59.310417	Eb3	51	67	755	72.250000	Eb3	51	80	
756	59.394792	F#3	54	70	756	72.375000	F#3	54	80	
757	59.502083	A3	57	74	757	72.500000	A3	57	80	
758	59.618750	C4	60	74	758	72.625000	C4	60	80	
759	59.692708	C#4	61	73	759	72.750000	C#4	61	80	
760	59.793750	E4	64	79	760	72.875000	E4	64	80	
761	59.890625	G4	67	77	761	73.000000	G4	67	80	
762	59.971875	Bb4	70	86	762	73.125000	Bb4	70	80	
763	60.076042	C#5	73	83	763	73.250000	C#5	73	80	
764	60.171875	E5	76	76	764	73.375000	E5	76	80	
765	60.263542	G#2	44	63	766	73.500000	G#2	44	80	
766	60.285417	C5	72	76	765	73.500000	C5	72	80	
767	60.375000	Eb5	75	82	767	73.625000	Eb5	75	80	
768	60.472917	F#5	78	82	768	73.750000	F#5	78	80	
769	60.573958	Eb5	75	87	769	73.875000	Eb5	75	80	
770	60.672917	C5	72	86	770	74.000000	C5	72	80	
771	60.775000	G#4	68	86	771	74.125000	G#4	68	80	
772	60.880208	F#4	66	72	772	74.250000	F#4	66	80	
773	60.984375	Eb4	63	80	773	74.375000	Eb4	63	80	
774	61.080208	C4	60	75	774	74.500000	C4	60	80	
775	61.217708	Bb3	58	54	*	-1	*	-1	-1	
776	61.222917	G#3	56	61	775	74.625000	G#3	56	80	
777	61.281250	C4	60	73	776	74.750000	C4	60	80	
778	61.394792	Eb4	63	75	777	74.875000	Eb4	63	80	
779	61.472917	G#3	56	69	779	75.000000	G#3	56	80	
780	61.478125	F4	65	72	778	75.000000	F4	65	80	
781	61.578125	G#4	68	81	780	75.125000	G#4	68	80	
782	61.678125	C#5	73	85	781	75.250000	C#5	73	80	
783	61.783333	G#4	68	83	782	75.375000	G#4	68	80	
784	61.886458	F4	65	78	783	75.500000	F4	65	80	
785	61.986458	C#4	61	82	784	75.625000	C#4	61	80	
786	62.091667	Bb3	58	82	785	75.750000	Bb3	58	80	
787	62.201042	G3	55	77	786	75.875000	G3	55	80	
788	62.312500	E3	52	73	787	76.000000	E3	52	80	
789	62.397917	C#3	49	81	788	76.125000	C#3	49	80	
790	62.527083	E3	52	79	789	76.250000	E3	52	80	
791	62.655208	G3	55	79	790	76.375000	G3	55	80	
792	62.788542	G#2	44	76	791	76.500000	G#2	44	80	
793	63.082292	C#3	49	61	795	76.750000	C#3	49	80	
794	63.090625	C#5	73	74	794	76.750000	C#5	73	80	
795	63.095833	F3	53	51	796	76.750000	F3	53	80	
796	63.095833	F4	65	59	792	76.750000	F4	65	80	
797	63.100000	G#3	56	51	797	76.750000	G#3	56	80	
798	63.107292	G#4	68	55	793	76.750000	G#4	68	80	
799	63.418750	Eb3	51	53	801	77.000000	Eb3	51	80	
800	63.419792	F#3	54	60	802	77.000000	F#3	54	80	
801	63.421875	C5	72	78	800	77.000000	C5	72	80	
802	63.423958	G#3	56	56	803	77.000000	G#3	56	80	
803	63.440625	Eb4	63	59	798	77.000000	Eb4	63	80	
804	63.440625	G#4	68	67	799	77.000000	G#4	68	80	
805	63.989583	C#5	73	80	806	77.250000	C#5	73	80	
806	64.002083	G#3	56	47	808	77.250000	G#3	56	80	
807	64.010417	F3	53	42	807	77.250000	F3	53	80	
808	64.012500	G#4	68	61	805	77.250000	G#4	68	80	
809	64.018750	C#3	49	45	809	77.250000	C#3	49	80	
810	64.025000	C#4	61	49	804	77.250000	C#4	61	80	
*	-1	*	-1	-1	431	39.125000	G#3	56	80	
