// alignID alignOntime alignSitch alignPitch alignOnvel refID refOntime refSitch refPitch refOnvel
0	1.018229	C#3	49	37	1	0.000000	C#3	49	80	
1	1.028646	F5	77	55	0	0.000000	F5	77	80	
2	1.147135	C#5	73	51	2	0.125000	C#5	73	80	
3	1.234375	G#4	68	54	3	0.250000	G#4	68	80	
4	1.332031	C#5	73	58	4	0.375000	C#5	73	80	
5	1.446615	F5	77	62	5	0.500000	F5	77	80	
6	1.459635	C#4	61	50	6	0.500000	C#4	61	80	
7	1.565104	C#5	73	61	7	0.625000	C#5	73	80	
8	1.661458	Eb3	51	52	9	0.750000	Eb3	51	80	
9	1.768229	C#5	73	64	10	0.875000	C#5	73	80	
10	1.859375	F#5	78	67	11	1.000000	F#5	78	80	
11	1.957031	C#5	73	67	12	1.125000	C#5	73	80	
12	2.067708	C#4	61	55	14	1.250000	C#4	61	80	
13	2.070312	F#5	78	66	13	1.250000	F#5	78	80	
14	2.166667	C#5	73	62	15	1.375000	C#5	73	80	
15	2.266927	G#5	80	65	16	1.500000	G#5	80	80	
16	2.268229	F3	53	54	17	1.500000	F3	53	80	
17	2.358073	C#5	73	63	18	1.625000	C#5	73	80	
18	2.468750	G#5	80	74	19	1.750000	G#5	80	80	
19	2.580729	C#5	73	64	20	1.875000	C#5	73	80	
20	2.678385	G#5	80	79	21	2.000000	G#5	80	80	
21	2.694010	C#4	61	56	22	2.000000	C#4	61	80	
22	2.778646	C#5	73	70	23	2.125000	C#5	73	80	
23	2.891927	Bb5	82	84	24	2.250000	Bb5	82	80	
24	2.899740	F#3	54	55	25	2.250000	F#3	54	80	
25	2.997396	C#5	73	69	26	2.375000	C#5	73	80	
26	3.104167	Bb5	82	75	27	2.500000	Bb5	82	80	
27	3.205729	C#5	73	70	28	2.625000	C#5	73	80	
28	3.299479	Bb5	82	78	29	2.750000	Bb5	82	80	
29	3.303385	C#4	61	56	30	2.750000	C#4	61	80	
30	3.401042	C#5	73	70	31	2.875000	C#5	73	80	
31	3.507812	G#5	80	70	32	3.000000	G#5	80	80	
32	3.514323	F3	53	50	33	3.000000	F3	53	80	
33	3.615885	C#5	73	68	34	3.125000	C#5	73	80	
34	3.716146	G#5	80	70	35	3.250000	G#5	80	80	
35	3.819010	C#5	73	63	36	3.375000	C#5	73	80	
36	3.917969	G#5	80	73	37	3.500000	G#5	80	80	
37	3.932292	C#4	61	46	38	3.500000	C#4	61	80	
38	4.027344	C#5	73	65	39	3.625000	C#5	73	80	
39	4.127604	Eb3	51	47	41	3.750000	Eb3	51	80	
40	4.136719	F#5	78	70	40	3.750000	F#5	78	80	
41	4.242188	F5	77	72	42	3.875000	F5	77	80	
42	4.342448	Eb5	75	72	43	4.000000	Eb5	75	80	
43	4.436198	F5	77	75	44	4.125000	F5	77	80	
44	4.546875	C4	60	58	46	4.250000	C4	60	80	
45	4.549479	F#5	78	78	45	4.250000	F#5	78	80	
46	4.647135	Eb5	75	72	47	4.375000	Eb5	75	80	
47	4.755208	C#3	49	47	49	4.500000	C#3	49	80	
48	4.755208	F5	77	77	48	4.500000	F5	77	80	
49	4.867188	Eb5	75	75	50	4.625000	Eb5	75	80	
50	4.964844	C#5	73	76	51	4.750000	C#5	73	80	
51	5.071615	Eb5	75	74	52	4.875000	Eb5	75	80	
52	5.165365	C#4	61	73	54	5.000000	C#4	61	80	
53	5.165365	F5	77	77	53	5.000000	F5	77	80	
54	5.269531	C#5	73	72	55	5.125000	C#5	73	80	
55	5.377604	Eb5	75	75	56	5.250000	Eb5	75	80	
56	5.471354	F5	77	77	57	5.375000	F5	77	80	
57	5.582031	C4	60	57	59	5.500000	C4	60	80	
58	5.589844	Eb5	75	74	58	5.500000	Eb5	75	80	
59	5.678385	C#5	73	76	60	5.625000	C#5	73	80	
60	5.683594	Bb3	58	66	61	5.625000	Bb3	58	80	
61	5.778646	G#3	56	68	63	5.750000	G#3	56	80	
62	5.778646	C5	72	70	62	5.750000	C5	72	80	
63	5.877604	Bb4	70	75	64	5.875000	Bb4	70	80	
64	5.881510	Bb3	58	65	65	5.875000	Bb3	58	80	
65	5.985677	C4	60	65	67	6.000000	C4	60	80	
66	5.990885	G#4	68	76	66	6.000000	G#4	68	80	
67	6.095052	G#3	56	58	68	6.125000	G#3	56	80	
68	6.182292	Eb3	51	64	69	6.250000	Eb3	51	80	
69	6.292969	G#3	56	60	70	6.375000	G#3	56	80	
70	6.399740	G#5	80	69	71	6.500000	G#5	80	80	
71	6.407552	C4	60	54	72	6.500000	C4	60	80	
72	6.510417	G#3	56	57	73	6.625000	G#3	56	80	
73	6.614583	Bb4	70	68	74	6.750000	Bb4	70	80	
74	6.631510	C#4	61	58	75	6.750000	C#4	61	80	
75	6.744792	G#3	56	55	76	6.875000	G#3	56	80	
76	6.851562	C#4	61	57	77	7.000000	C#4	61	80	
77	6.958333	G#3	56	59	78	7.125000	G#3	56	80	
78	7.040365	G#5	80	69	79	7.250000	G#5	80	80	
79	7.059896	C#4	61	62	80	7.250000	C#4	61	80	
80	7.161458	G#3	56	60	81	7.375000	G#3	56	80	
81	7.246094	C5	72	70	82	7.500000	C5	72	80	
82	7.255208	Eb4	63	62	83	7.500000	Eb4	63	80	
83	7.347656	G#3	56	61	84	7.625000	G#3	56	80	
84	7.455729	Eb4	63	68	85	7.750000	Eb4	63	80	
85	7.583333	G#3	56	65	86	7.875000	G#3	56	80	
86	7.664062	G#5	80	74	87	8.000000	G#5	80	80	
87	7.687500	Eb4	63	68	88	8.000000	Eb4	63	80	
88	7.777344	G#3	56	66	89	8.125000	G#3	56	80	
89	7.876302	C#5	73	80	90	8.250000	C#5	73	80	
90	7.897135	F4	65	69	91	8.250000	F4	65	80	
91	7.996094	G#3	56	71	92	8.375000	G#3	56	80	
92	8.102865	F4	65	65	93	8.500000	F4	65	80	
93	8.199219	G#3	56	68	94	8.625000	G#3	56	80	
94	8.312500	G#5	80	73	95	8.750000	G#5	80	80	
95	8.320312	F4	65	65	96	8.750000	F4	65	80	
96	8.415365	G#3	56	65	97	8.875000	G#3	56	80	
97	8.520833	C5	72	66	98	9.000000	C5	72	80	
98	8.541667	Eb4	63	66	99	9.000000	Eb4	63	80	
99	8.640625	G#3	56	66	100	9.125000	G#3	56	80	
100	8.748698	Eb4	63	62	101	9.250000	Eb4	63	80	
101	8.850260	G#3	56	65	102	9.375000	G#3	56	80	
102	8.944010	G#5	80	60	103	9.500000	G#5	80	80	
103	8.960938	Eb4	63	65	104	9.500000	Eb4	63	80	
104	9.062500	G#3	56	60	105	9.625000	G#3	56	80	
105	9.144531	Bb4	70	62	106	9.750000	Bb4	70	80	
106	9.147135	C#4	61	66	107	9.750000	C#4	61	80	
107	9.255208	C4	60	67	108	9.875000	C4	60	80	
108	9.365885	Bb3	58	62	109	10.000000	Bb3	58	80	
109	9.453125	C4	60	62	110	10.125000	C4	60	80	
110	9.574219	G5	79	62	111	10.250000	G5	79	80	
111	9.576823	C#4	61	65	112	10.250000	C#4	61	80	
112	9.670573	Bb3	58	62	113	10.375000	Bb3	58	80	
113	9.782552	C4	60	62	115	10.500000	C4	60	80	
114	9.783854	G#4	68	61	114	10.500000	G#4	68	80	
115	9.891927	Bb3	58	65	116	10.625000	Bb3	58	80	
116	10.005208	G#3	56	66	117	10.750000	G#3	56	80	
117	10.101562	Bb3	58	77	118	10.875000	Bb3	58	80	
118	10.200521	G#5	80	88	119	11.000000	G#5	80	80	
119	10.222656	C4	60	70	120	11.000000	C4	60	80	
120	10.315104	G#3	56	69	121	11.125000	G#3	56	80	
121	10.429688	Bb3	58	70	122	11.250000	Bb3	58	80	
122	10.540365	B3	59	65	123	11.375000	B3	59	80	
123	10.648438	Bb3	58	66	125	11.500000	Bb3	58	80	
124	10.669271	F#5	78	70	124	11.500000	F#5	78	80	
125	10.747396	G#3	56	70	127	11.625000	G#3	56	80	
126	10.766927	F5	77	71	126	11.625000	F5	77	80	
127	10.855469	F#3	54	59	129	11.750000	F#3	54	80	
128	10.864583	Eb5	75	68	128	11.750000	Eb5	75	80	
129	10.946615	F5	77	72	130	11.875000	F5	77	80	
130	10.958333	F3	53	56	131	11.875000	F3	53	80	
131	11.042969	Eb3	51	64	133	12.000000	Eb3	51	80	
132	11.059896	F#5	78	71	132	12.000000	F#5	78	80	
133	11.153646	Eb5	75	65	134	12.125000	Eb5	75	80	
134	11.251302	Bb4	70	66	135	12.250000	Bb4	70	80	
135	11.371094	Eb5	75	60	136	12.375000	Eb5	75	80	
136	11.459635	Eb4	63	58	138	12.500000	Eb4	63	80	
137	11.463542	F#5	78	66	137	12.500000	F#5	78	80	
138	11.588542	Eb5	75	58	139	12.625000	Eb5	75	80	
139	11.666667	F3	53	48	141	12.750000	F3	53	80	
140	11.674479	G#5	80	68	140	12.750000	G#5	80	80	
141	11.789062	Eb5	75	63	142	12.875000	Eb5	75	80	
142	11.877604	G#5	80	69	143	13.000000	G#5	80	80	
143	11.985677	Eb5	75	66	144	13.125000	Eb5	75	80	
144	12.075521	Eb4	63	49	146	13.250000	Eb4	63	80	
145	12.076823	G#5	80	76	145	13.250000	G#5	80	80	
146	12.174479	Eb5	75	72	147	13.375000	Eb5	75	80	
147	12.279948	Bb5	82	75	148	13.500000	Bb5	82	80	
148	12.283854	F#3	54	47	149	13.500000	F#3	54	80	
149	12.386719	Eb5	75	69	150	13.625000	Eb5	75	80	
150	12.486979	Bb5	82	78	151	13.750000	Bb5	82	80	
151	12.598958	Eb5	75	73	152	13.875000	Eb5	75	80	
152	12.697917	Bb5	82	89	153	14.000000	Bb5	82	80	
153	12.710938	Eb4	63	51	154	14.000000	Eb4	63	80	
154	12.809896	Eb5	75	77	155	14.125000	Eb5	75	80	
155	12.915365	B5	83	91	156	14.250000	B5	83	80	
156	12.917969	G#3	56	63	157	14.250000	G#3	56	80	
157	13.028646	Eb5	75	76	158	14.375000	Eb5	75	80	
158	13.132812	B5	83	78	159	14.500000	B5	83	80	
159	13.239583	Eb5	75	72	160	14.625000	Eb5	75	80	
160	13.328125	B5	83	80	161	14.750000	B5	83	80	
161	13.348958	Eb4	63	54	162	14.750000	Eb4	63	80	
162	13.449219	Eb5	75	68	163	14.875000	Eb5	75	80	
163	13.552083	Bb5	82	76	164	15.000000	Bb5	82	80	
164	13.558594	F#3	54	55	165	15.000000	F#3	54	80	
165	13.669271	Eb5	75	71	166	15.125000	Eb5	75	80	
166	13.764323	Bb5	82	77	167	15.250000	Bb5	82	80	
167	13.872396	Eb5	75	68	168	15.375000	Eb5	75	80	
168	13.971354	Bb5	82	78	169	15.500000	Bb5	82	80	
169	13.986979	Eb4	63	53	170	15.500000	Eb4	63	80	
170	14.079427	Eb5	75	70	171	15.625000	Eb5	75	80	
171	14.178385	G#5	80	77	172	15.750000	G#5	80	80	
172	14.197917	F3	53	44	173	15.750000	F3	53	80	
173	14.291667	F#5	78	74	174	15.875000	F#5	78	80	
174	14.389323	F5	77	74	175	16.000000	F5	77	80	
175	14.502604	F#5	78	71	176	16.125000	F#5	78	80	
176	14.609375	D4	62	49	178	16.250000	D4	62	80	
177	14.611979	G#5	80	74	177	16.250000	G#5	80	80	
178	14.707031	F5	77	71	179	16.375000	F5	77	80	
179	14.813802	F#5	78	75	180	16.500000	F#5	78	80	
180	14.828125	Eb3	51	53	181	16.500000	Eb3	51	80	
181	14.927083	F5	77	76	182	16.625000	F5	77	80	
182	15.029948	Eb5	75	75	183	16.750000	Eb5	75	80	
183	15.134115	F5	77	77	184	16.875000	F5	77	80	
184	15.246094	Eb4	63	80	186	17.000000	Eb4	63	80	
185	15.246094	F#5	78	78	185	17.000000	F#5	78	80	
186	15.354167	Eb5	75	71	187	17.125000	Eb5	75	80	
187	15.468750	F5	77	73	188	17.250000	F5	77	80	
188	15.591146	F#5	78	73	189	17.375000	F#5	78	80	
189	15.691406	C#4	61	61	191	17.500000	C#4	61	80	
190	15.703125	F5	77	71	190	17.500000	F5	77	80	
191	15.795573	Eb5	75	74	192	17.625000	Eb5	75	80	
192	15.802083	C4	60	62	193	17.625000	C4	60	80	
193	15.882812	Bb3	58	64	195	17.750000	Bb3	58	80	
194	15.890625	C#5	73	68	194	17.750000	C#5	73	80	
195	15.990885	C5	72	74	196	17.875000	C5	72	80	
196	15.997396	C4	60	60	197	17.875000	C4	60	80	
197	16.101562	C#4	61	63	199	18.000000	C#4	61	80	
198	16.108073	Bb4	70	75	198	18.000000	Bb4	70	80	
199	16.212240	Bb3	58	66	200	18.125000	Bb3	58	80	
200	16.312500	F3	53	61	201	18.250000	F3	53	80	
201	16.428385	Bb3	58	64	202	18.375000	Bb3	58	80	
202	16.519531	Bb5	82	73	203	18.500000	Bb5	82	80	
203	16.527344	C#4	61	55	204	18.500000	C#4	61	80	
204	16.631510	Bb3	58	68	205	18.625000	Bb3	58	80	
205	16.742188	Eb4	63	62	207	18.750000	Eb4	63	80	
206	16.751302	C5	72	66	206	18.750000	C5	72	80	
207	16.860677	Bb3	58	61	208	18.875000	Bb3	58	80	
208	16.958333	Eb4	63	60	209	19.000000	Eb4	63	80	
209	17.063802	Bb3	58	60	210	19.125000	Bb3	58	80	
210	17.161458	Bb5	82	69	211	19.250000	Bb5	82	80	
211	17.184896	Eb4	63	53	212	19.250000	Eb4	63	80	
212	17.381510	C#5	73	65	214	19.500000	C#5	73	80	
213	17.394531	F4	65	58	215	19.500000	F4	65	80	
214	17.509115	Bb3	58	51	216	19.625000	Bb3	58	80	
215	17.618490	F4	65	54	217	19.750000	F4	65	80	
216	17.709635	Bb3	58	58	218	19.875000	Bb3	58	80	
217	17.817708	Bb5	82	75	219	20.000000	Bb5	82	80	
218	17.835938	F4	65	59	220	20.000000	F4	65	80	
219	17.930990	Bb3	58	68	221	20.125000	Bb3	58	80	
220	18.033854	Eb5	75	79	222	20.250000	Eb5	75	80	
221	18.036458	F#4	66	66	223	20.250000	F#4	66	80	
222	18.140625	Bb3	58	68	224	20.375000	Bb3	58	80	
223	18.246094	F#4	66	67	225	20.500000	F#4	66	80	
224	18.355469	Bb3	58	67	226	20.625000	Bb3	58	80	
225	18.451823	Bb5	82	74	227	20.750000	Bb5	82	80	
226	18.471354	F#4	66	56	228	20.750000	F#4	66	80	
227	18.574219	Bb3	58	57	229	20.875000	Bb3	58	80	
228	18.675781	F4	65	60	231	21.000000	F4	65	80	
229	18.688802	C#5	73	58	230	21.000000	C#5	73	80	
230	18.760417	Bb3	58	55	232	21.125000	Bb3	58	80	
231	18.881510	F4	65	58	233	21.250000	F4	65	80	
232	18.984375	Bb3	58	65	234	21.375000	Bb3	58	80	
233	19.096354	Bb5	82	54	235	21.500000	Bb5	82	80	
234	19.117188	F4	65	57	236	21.500000	F4	65	80	
235	19.196615	Bb3	58	64	237	21.625000	Bb3	58	80	
236	19.315104	C5	72	62	238	21.750000	C5	72	80	
237	19.317708	Eb4	63	62	239	21.750000	Eb4	63	80	
238	19.421875	C#4	61	63	240	21.875000	C#4	61	80	
239	19.526042	C4	60	69	241	22.000000	C4	60	80	
240	19.641927	C#4	61	62	242	22.125000	C#4	61	80	
241	19.731771	Eb4	63	71	244	22.250000	Eb4	63	80	
242	19.747396	A5	81	65	243	22.250000	A5	81	80	
243	19.835938	C4	60	66	245	22.375000	C4	60	80	
244	19.940104	C#4	61	69	247	22.500000	C#4	61	80	
245	19.946615	Bb4	70	70	246	22.500000	Bb4	70	80	
246	20.070312	C4	60	61	248	22.625000	C4	60	80	
247	20.165365	Bb3	58	74	249	22.750000	Bb3	58	80	
248	20.273438	C4	60	71	250	22.875000	C4	60	80	
249	20.380208	Bb5	82	84	251	23.000000	Bb5	82	80	
250	20.382812	C#4	61	70	252	23.000000	C#4	61	80	
251	20.481771	Bb3	58	70	253	23.125000	Bb3	58	80	
252	20.623698	E4	64	63	254	23.250000	E4	64	80	
253	20.725260	D4	62	65	255	23.375000	D4	62	80	
254	20.825521	C4	60	68	257	23.500000	C4	60	80	
255	20.838542	G#5	80	73	256	23.500000	G#5	80	80	
256	20.946615	D4	62	62	258	23.625000	D4	62	80	
257	21.046875	E4	64	64	260	23.750000	E4	64	80	
258	21.057292	G5	79	65	259	23.750000	G5	79	80	
259	21.145833	C4	60	65	261	23.875000	C4	60	80	
260	21.256510	G#5	80	76	262	24.000000	G#5	80	80	
261	21.261719	F4	65	67	263	24.000000	F4	65	80	
262	21.358073	E4	64	69	264	24.125000	E4	64	80	
263	21.467448	G#4	68	77	265	24.250000	G#4	68	80	
264	21.470052	F4	65	73	266	24.250000	F4	65	80	
265	21.583333	G4	67	65	267	24.375000	G4	67	80	
266	21.695312	G#5	80	85	268	24.500000	G#5	80	80	
267	21.699219	F4	65	63	269	24.500000	F4	65	80	
268	21.792969	Eb4	63	71	270	24.625000	Eb4	63	80	
269	21.907552	D4	62	64	271	24.750000	D4	62	80	
270	22.002604	C4	60	70	272	24.875000	C4	60	80	
271	22.113281	Bb3	58	68	274	25.000000	Bb3	58	80	
272	22.135417	F#5	78	70	273	25.000000	F#5	78	80	
273	22.225260	C4	60	63	275	25.125000	C4	60	80	
274	22.324219	D4	62	63	277	25.250000	D4	62	80	
275	22.355469	F5	77	69	276	25.250000	F5	77	80	
276	22.414062	Bb3	58	62	278	25.375000	Bb3	58	80	
277	22.557292	Eb4	63	64	280	25.500000	Eb4	63	80	
278	22.559896	F#5	78	69	279	25.500000	F#5	78	80	
279	22.671875	F5	77	74	281	25.625000	F5	77	80	
280	22.772135	Eb3	51	70	283	25.750000	Eb3	51	80	
281	22.774740	Eb5	75	69	282	25.750000	Eb5	75	80	
282	22.888021	F5	77	69	284	25.875000	F5	77	80	
283	22.984375	F#5	78	73	285	26.000000	F#5	78	80	
284	22.997396	Eb4	63	65	286	26.000000	Eb4	63	80	
285	23.106771	Eb5	75	67	287	26.125000	Eb5	75	80	
286	23.199219	A5	81	72	288	26.250000	A5	81	80	
287	23.308594	G5	79	79	289	26.375000	G5	79	80	
288	23.403646	F5	77	79	290	26.500000	F5	77	80	
289	23.408854	C#4	61	66	291	26.500000	C#4	61	80	
290	23.503906	G5	79	81	292	26.625000	G5	79	80	
291	23.623698	A5	81	80	293	26.750000	A5	81	80	
292	23.632812	C4	60	68	294	26.750000	C4	60	80	
293	23.721354	F5	77	80	295	26.875000	F5	77	80	
294	23.832031	Bb5	82	82	296	27.000000	Bb5	82	80	
295	23.833333	C#4	61	69	297	27.000000	C#4	61	80	
296	23.932292	A5	81	79	298	27.125000	A5	81	80	
297	24.037760	C#3	49	68	300	27.250000	C#3	49	80	
298	24.046875	Bb5	82	83	299	27.250000	Bb5	82	80	
299	24.152344	C6	84	86	301	27.375000	C6	84	80	
300	24.266927	Bb5	82	80	302	27.500000	Bb5	82	80	
301	24.287760	C#4	61	61	303	27.500000	C#4	61	80	
302	24.365885	G#5	80	73	304	27.625000	G#5	80	80	
303	24.468750	G5	79	71	305	27.750000	G5	79	80	
304	24.583333	F5	77	71	306	27.875000	F5	77	80	
305	24.684896	C4	60	56	308	28.000000	C4	60	80	
306	24.690104	Eb5	75	69	307	28.000000	Eb5	75	80	
307	24.794271	F5	77	75	309	28.125000	F5	77	80	
308	24.893229	G5	79	73	310	28.250000	G5	79	80	
309	24.901042	Bb3	58	63	311	28.250000	Bb3	58	80	
310	24.994792	Eb5	75	75	312	28.375000	Eb5	75	80	
311	25.100260	G#5	80	81	313	28.500000	G#5	80	80	
312	25.106771	C4	60	59	314	28.500000	C4	60	80	
313	25.216146	Bb3	58	64	315	28.625000	Bb3	58	80	
314	25.315104	G#3	56	69	317	28.750000	G#3	56	80	
315	25.317708	G#4	68	80	316	28.750000	G#4	68	80	
316	25.420573	Bb3	58	77	318	28.875000	Bb3	58	80	
317	25.553385	C4	60	66	320	29.000000	C4	60	80	
318	25.562500	G#5	80	82	319	29.000000	G#5	80	80	
319	25.652344	G#3	56	70	321	29.125000	G#3	56	80	
320	25.779948	D4	62	65	322	29.250000	D4	62	80	
321	25.880208	C4	60	70	323	29.375000	C4	60	80	
322	25.979167	F#5	78	72	324	29.500000	F#5	78	80	
323	25.989583	Bb3	58	68	325	29.500000	Bb3	58	80	
324	26.098958	C4	60	69	326	29.625000	C4	60	80	
325	26.191406	F5	77	76	327	29.750000	F5	77	80	
326	26.200521	D4	62	68	328	29.750000	D4	62	80	
327	26.300781	Bb3	58	69	329	29.875000	Bb3	58	80	
328	26.411458	F#5	78	76	330	30.000000	F#5	78	80	
329	26.412760	Eb4	63	70	331	30.000000	Eb4	63	80	
330	26.514323	D4	62	67	332	30.125000	D4	62	80	
331	26.634115	F#4	66	74	333	30.250000	F#4	66	80	
332	26.636719	Eb4	63	70	334	30.250000	Eb4	63	80	
333	26.733073	F4	65	69	335	30.375000	F4	65	80	
334	26.845052	Eb4	63	67	337	30.500000	Eb4	63	80	
335	26.858073	F#5	78	81	336	30.500000	F#5	78	80	
336	26.960938	C#4	61	64	338	30.625000	C#4	61	80	
337	27.079427	C4	60	63	339	30.750000	C4	60	80	
338	27.180990	Bb3	58	67	340	30.875000	Bb3	58	80	
339	27.295573	G#3	56	66	342	31.000000	G#3	56	80	
340	27.298177	F5	77	66	341	31.000000	F5	77	80	
341	27.401042	Bb3	58	66	343	31.125000	Bb3	58	80	
342	27.514323	C4	60	60	345	31.250000	C4	60	80	
343	27.531250	Eb5	75	68	344	31.250000	Eb5	75	80	
344	27.604167	G#3	56	66	346	31.375000	G#3	56	80	
345	27.735677	F5	77	71	347	31.500000	F5	77	80	
346	27.750000	C#4	61	67	348	31.500000	C#4	61	80	
347	27.850260	Eb5	75	72	349	31.625000	Eb5	75	80	
348	27.953125	C#5	73	65	350	31.750000	C#5	73	80	
349	27.957031	C#3	49	58	351	31.750000	C#3	49	80	
350	28.069010	Eb5	75	63	352	31.875000	Eb5	75	80	
351	28.167969	F5	77	72	353	32.000000	F5	77	80	
352	28.188802	C#4	61	62	354	32.000000	C#4	61	80	
353	28.277344	C#5	73	70	355	32.125000	C#5	73	80	
354	28.388021	G5	79	70	356	32.250000	G5	79	80	
355	28.496094	F5	77	75	357	32.375000	F5	77	80	
356	28.597656	Eb5	75	76	358	32.500000	Eb5	75	80	
357	28.598958	B3	59	57	359	32.500000	B3	59	80	
358	28.699219	F5	77	80	360	32.625000	F5	77	80	
359	28.798177	G5	79	79	361	32.750000	G5	79	80	
360	28.807292	Bb3	58	68	362	32.750000	Bb3	58	80	
361	28.904948	Eb5	75	78	363	32.875000	Eb5	75	80	
362	29.005208	B3	59	70	365	33.000000	B3	59	80	
363	29.005208	G#5	80	81	364	33.000000	G#5	80	80	
364	29.109375	G5	79	75	366	33.125000	G5	79	80	
365	29.213542	B2	47	61	368	33.250000	B2	47	80	
366	29.222656	G#5	80	77	367	33.250000	G#5	80	80	
367	29.322917	Bb5	82	81	369	33.375000	Bb5	82	80	
368	29.444010	G#5	80	74	370	33.500000	G#5	80	80	
369	29.454427	B3	59	62	371	33.500000	B3	59	80	
370	29.548177	F#5	78	65	372	33.625000	F#5	78	80	
371	29.665365	F5	77	78	373	33.750000	F5	77	80	
372	29.779948	Eb5	75	76	374	33.875000	Eb5	75	80	
373	29.876302	C#5	73	74	375	34.000000	C#5	73	80	
374	29.889323	Bb3	58	63	376	34.000000	Bb3	58	80	
375	29.986979	Eb5	75	74	377	34.125000	Eb5	75	80	
376	30.085938	F5	77	73	378	34.250000	F5	77	80	
377	30.091146	G#3	56	60	379	34.250000	G#3	56	80	
378	30.194010	C#5	73	64	380	34.375000	C#5	73	80	
379	30.303385	F#4	66	61	381	34.500000	F#4	66	80	
380	30.307292	Bb3	58	53	382	34.500000	Bb3	58	80	
381	30.429688	F#3	54	56	383	34.625000	F#3	54	80	
382	30.528646	C#3	49	59	384	34.750000	C#3	49	80	
383	30.660156	F#3	54	57	385	34.875000	F#3	54	80	
384	30.735677	F#5	78	59	386	35.000000	F#5	78	80	
385	30.750000	Bb3	58	56	387	35.000000	Bb3	58	80	
386	30.842448	F#3	54	51	388	35.125000	F#3	54	80	
387	30.950521	B3	59	60	390	35.250000	B3	59	80	
388	30.959635	G#4	68	63	389	35.250000	G#4	68	80	
389	31.079427	F#3	54	55	391	35.375000	F#3	54	80	
390	31.161458	B3	59	65	392	35.500000	B3	59	80	
391	31.270833	F#3	54	57	393	35.625000	F#3	54	80	
392	31.372396	B3	59	66	395	35.750000	B3	59	80	
393	31.381510	F#5	78	69	394	35.750000	F#5	78	80	
394	31.500000	F#3	54	58	396	35.875000	F#3	54	80	
395	31.608073	C#4	61	67	398	36.000000	C#4	61	80	
396	31.611979	Bb4	70	68	397	36.000000	Bb4	70	80	
397	31.714844	F#3	54	59	399	36.125000	F#3	54	80	
398	31.826823	C#4	61	65	400	36.250000	C#4	61	80	
399	31.941406	F#3	54	63	401	36.375000	F#3	54	80	
400	32.046875	C#4	61	72	403	36.500000	C#4	61	80	
401	32.053385	F#5	78	77	402	36.500000	F#5	78	80	
402	32.153646	F#3	54	71	404	36.625000	F#3	54	80	
403	32.272135	B4	71	78	405	36.750000	B4	71	80	
404	32.281250	Eb4	63	66	406	36.750000	Eb4	63	80	
405	32.376302	F#3	54	71	407	36.875000	F#3	54	80	
406	32.492188	Eb4	63	67	408	37.000000	Eb4	63	80	
407	32.621094	F#3	54	65	409	37.125000	F#3	54	80	
408	32.725260	Eb4	63	65	411	37.250000	Eb4	63	80	
409	32.736979	F#5	78	67	410	37.250000	F#5	78	80	
410	32.829427	F#3	54	64	412	37.375000	F#3	54	80	
411	32.944010	Bb4	70	65	413	37.500000	Bb4	70	80	
412	32.947917	C#4	61	66	414	37.500000	C#4	61	80	
413	33.058594	F#3	54	63	415	37.625000	F#3	54	80	
414	33.164062	C#4	61	63	416	37.750000	C#4	61	80	
415	33.273438	F#3	54	62	417	37.875000	F#3	54	80	
416	33.382812	C#4	61	65	419	38.000000	C#4	61	80	
417	33.389323	F#5	78	69	418	38.000000	F#5	78	80	
418	33.480469	F#3	54	65	420	38.125000	F#3	54	80	
419	33.610677	B3	59	63	422	38.250000	B3	59	80	
420	33.613281	G#4	68	66	421	38.250000	G#4	68	80	
421	33.731771	Bb3	58	65	423	38.375000	Bb3	58	80	
422	33.837240	G#3	56	67	424	38.500000	G#3	56	80	
423	33.940104	Bb3	58	71	425	38.625000	Bb3	58	80	
424	34.044271	B3	59	68	427	38.750000	B3	59	80	
425	34.046875	F5	77	69	426	38.750000	F5	77	80	
426	34.143229	G#3	56	62	428	38.875000	G#3	56	80	
427	34.247396	F#4	66	57	429	39.000000	F#4	66	80	
428	34.255208	Bb3	58	60	430	39.000000	Bb3	58	80	
429	34.371094	G#3	56	69	431	39.125000	G#3	56	80	
430	34.467448	F#3	54	62	432	39.250000	F#3	54	80	
431	34.585938	G#3	56	68	433	39.375000	G#3	56	80	
432	34.696615	Bb3	58	68	435	39.500000	Bb3	58	80	
433	34.700521	F#5	78	84	434	39.500000	F#5	78	80	
434	34.817708	F#3	54	67	436	39.625000	F#3	54	80	
435	34.940104	G#3	56	66	437	39.750000	G#3	56	80	
436	35.039062	Bb3	58	65	438	39.875000	Bb3	58	80	
437	35.141927	F5	77	67	439	40.000000	F5	77	80	
438	35.154948	G#3	56	63	440	40.000000	G#3	56	80	
439	35.246094	F#3	54	64	442	40.125000	F#3	54	80	
440	35.253906	Eb5	75	70	441	40.125000	Eb5	75	80	
441	35.350260	C#5	73	69	443	40.250000	C#5	73	80	
442	35.365885	F3	53	60	444	40.250000	F3	53	80	
443	35.446615	Eb3	51	66	446	40.375000	Eb3	51	80	
444	35.457031	Eb5	75	71	445	40.375000	Eb5	75	80	
445	35.576823	C#3	49	57	448	40.500000	C#3	49	80	
446	35.579427	F5	77	70	447	40.500000	F5	77	80	
447	35.678385	C#5	73	71	449	40.625000	C#5	73	80	
448	35.782552	G#4	68	65	450	40.750000	G#4	68	80	
449	35.898438	C#5	73	65	451	40.875000	C#5	73	80	
450	35.990885	F5	77	68	452	41.000000	F5	77	80	
451	36.000000	C#4	61	49	453	41.000000	C#4	61	80	
452	36.102865	C#5	73	67	454	41.125000	C#5	73	80	
453	36.184896	Eb3	51	47	456	41.250000	Eb3	51	80	
454	36.204427	F#5	78	67	455	41.250000	F#5	78	80	
455	36.308594	C#5	73	60	457	41.375000	C#5	73	80	
456	36.412760	F#5	78	69	458	41.500000	F#5	78	80	
457	36.520833	C#5	73	63	459	41.625000	C#5	73	80	
458	36.630208	F#5	78	69	460	41.750000	F#5	78	80	
459	36.634115	C#4	61	39	461	41.750000	C#4	61	80	
460	36.735677	C#5	73	60	462	41.875000	C#5	73	80	
461	36.841146	G#5	80	68	463	42.000000	G#5	80	80	
462	36.843750	F3	53	44	464	42.000000	F3	53	80	
463	36.953125	C#5	73	62	465	42.125000	C#5	73	80	
464	37.052083	G#5	80	73	466	42.250000	G#5	80	80	
465	37.152344	C#5	73	70	467	42.375000	C#5	73	80	
466	37.253906	G#5	80	85	468	42.500000	G#5	80	80	
467	37.273438	C#4	61	50	469	42.500000	C#4	61	80	
468	37.368490	C#5	73	78	470	42.625000	C#5	73	80	
469	37.480469	Bb5	82	90	471	42.750000	Bb5	82	80	
470	37.488281	F#3	54	54	472	42.750000	F#3	54	80	
471	37.598958	C#5	73	73	473	42.875000	C#5	73	80	
472	37.699219	Bb5	82	84	474	43.000000	Bb5	82	80	
473	37.817708	C#5	73	72	475	43.125000	C#5	73	80	
474	37.902344	Bb5	82	80	476	43.250000	Bb5	82	80	
475	37.920573	C#4	61	52	477	43.250000	C#4	61	80	
476	38.020833	C#5	73	64	478	43.375000	C#5	73	80	
477	38.115885	G#5	80	72	479	43.500000	G#5	80	80	
478	38.131510	F3	53	48	480	43.500000	F3	53	80	
479	38.226562	C#5	73	67	481	43.625000	C#5	73	80	
480	38.317708	G#5	80	72	482	43.750000	G#5	80	80	
481	38.432292	C#5	73	62	483	43.875000	C#5	73	80	
482	38.527344	G#5	80	71	484	44.000000	G#5	80	80	
483	38.544271	C#4	61	48	485	44.000000	C#4	61	80	
484	38.656250	C#5	73	62	486	44.125000	C#5	73	80	
485	38.756510	F#5	78	67	487	44.250000	F#5	78	80	
486	38.757812	Eb3	51	49	488	44.250000	Eb3	51	80	
487	38.861979	F5	77	69	489	44.375000	F5	77	80	
488	38.967448	Eb5	75	69	490	44.500000	Eb5	75	80	
489	39.072917	F5	77	71	491	44.625000	F5	77	80	
490	39.170573	F#5	78	76	492	44.750000	F#5	78	80	
491	39.177083	C4	60	47	493	44.750000	C4	60	80	
492	39.274740	Eb5	75	70	494	44.875000	Eb5	75	80	
493	39.384115	F5	77	80	495	45.000000	F5	77	80	
494	39.393229	C#3	49	37	496	45.000000	C#3	49	80	
495	39.498698	Eb5	75	75	497	45.125000	Eb5	75	80	
496	39.613281	C#5	73	74	498	45.250000	C#5	73	80	
497	39.710938	Eb5	75	77	499	45.375000	Eb5	75	80	
498	39.813802	F5	77	83	500	45.500000	F5	77	80	
499	39.841146	C#4	61	59	501	45.500000	C#4	61	80	
500	39.928385	C#5	73	72	502	45.625000	C#5	73	80	
501	40.031250	Eb5	75	73	503	45.750000	Eb5	75	80	
502	40.032552	F#3	54	54	504	45.750000	F#3	54	80	
503	40.135417	F5	77	75	505	45.875000	F5	77	80	
504	40.236979	F3	53	42	507	46.000000	F3	53	80	
505	40.238281	Eb5	75	73	506	46.000000	Eb5	75	80	
506	40.350260	C#5	73	62	508	46.125000	C#5	73	80	
507	40.430990	Eb3	51	58	510	46.250000	Eb3	51	80	
508	40.434896	C5	72	66	509	46.250000	C5	72	80	
509	40.563802	Bb4	70	60	511	46.375000	Bb4	70	80	
510	40.647135	G#3	56	56	513	46.500000	G#3	56	80	
511	40.657552	C5	72	65	512	46.500000	C5	72	80	
512	40.779948	G#4	68	50	514	46.625000	G#4	68	80	
513	40.864583	F#4	66	54	515	46.750000	F#4	66	80	
514	40.972656	G#4	68	58	516	46.875000	G#4	68	80	
515	41.058594	Eb4	63	47	517	47.000000	Eb4	63	80	
516	41.174479	G#4	68	53	518	47.125000	G#4	68	80	
517	41.248698	G#3	56	48	520	47.250000	G#3	56	80	
518	41.264323	C5	72	65	519	47.250000	C5	72	80	
519	41.369792	G#4	68	59	521	47.375000	G#4	68	80	
520	41.481771	F#4	66	46	522	47.500000	F#4	66	80	
521	41.578125	G#4	68	54	523	47.625000	G#4	68	80	
522	41.682292	Eb4	63	52	524	47.750000	Eb4	63	80	
523	41.772135	G#4	68	53	525	47.875000	G#4	68	80	
524	41.867188	C#5	73	64	526	48.000000	C#5	73	80	
525	41.882812	G#3	56	41	527	48.000000	G#3	56	80	
526	41.992188	G#4	68	47	528	48.125000	G#4	68	80	
527	42.093750	F4	65	42	529	48.250000	F4	65	80	
528	42.160156	G#4	68	48	530	48.375000	G#4	68	80	
529	42.286458	C#4	61	44	531	48.500000	C#4	61	80	
530	42.372396	G#4	68	55	532	48.625000	G#4	68	80	
531	42.464844	G#3	56	42	534	48.750000	G#3	56	80	
532	42.479167	C#5	73	57	533	48.750000	C#5	73	80	
533	42.598958	G#4	68	52	535	48.875000	G#4	68	80	
534	42.712240	F4	65	41	536	49.000000	F4	65	80	
535	42.794271	G#4	68	48	537	49.125000	G#4	68	80	
536	42.907552	C#4	61	52	538	49.250000	C#4	61	80	
537	42.997396	G#4	68	60	539	49.375000	G#4	68	80	
538	43.096354	G#3	56	44	541	49.500000	G#3	56	80	
539	43.100260	F#5	78	79	540	49.500000	F#5	78	80	
540	43.204427	G#4	68	66	542	49.625000	G#4	68	80	
541	43.299479	Eb4	63	51	543	49.750000	Eb4	63	80	
542	43.408854	G#4	68	58	544	49.875000	G#4	68	80	
543	43.501302	C4	60	44	545	50.000000	C4	60	80	
544	43.610677	G#4	68	57	546	50.125000	G#4	68	80	
545	43.714844	G#3	56	47	548	50.250000	G#3	56	80	
546	43.722656	F#5	78	61	547	50.250000	F#5	78	80	
547	43.822917	G#4	68	58	549	50.375000	G#4	68	80	
548	43.923177	Eb4	63	51	550	50.500000	Eb4	63	80	
549	44.027344	G#4	68	54	551	50.625000	G#4	68	80	
550	44.113281	C4	60	54	552	50.750000	C4	60	80	
551	44.213542	G#4	68	57	553	50.875000	G#4	68	80	
552	44.316406	G#3	56	42	555	51.000000	G#3	56	80	
553	44.322917	F5	77	66	554	51.000000	F5	77	80	
554	44.437500	G#4	68	43	556	51.125000	G#4	68	80	
555	44.539062	F4	65	44	557	51.250000	F4	65	80	
556	44.636719	G#4	68	50	558	51.375000	G#4	68	80	
557	44.735677	C#4	61	39	559	51.500000	C#4	61	80	
558	44.848958	G#4	68	54	560	51.625000	G#4	68	80	
559	44.916667	G#3	56	44	562	51.750000	G#3	56	80	
560	44.942708	F5	77	64	561	51.750000	F5	77	80	
561	45.065104	G#4	68	43	563	51.875000	G#4	68	80	
562	45.135417	F4	65	46	564	52.000000	F4	65	80	
563	45.247396	G#4	68	58	565	52.125000	G#4	68	80	
564	45.339844	C#4	61	48	566	52.250000	C#4	61	80	
565	45.438802	G#4	68	65	567	52.375000	G#4	68	80	
566	45.544271	G#3	56	44	569	52.500000	G#3	56	80	
567	45.552083	G5	79	76	568	52.500000	G5	79	80	
568	45.665365	Bb4	70	49	570	52.625000	Bb4	70	80	
569	45.756510	E4	64	55	571	52.750000	E4	64	80	
570	45.837240	Bb4	70	61	572	52.875000	Bb4	70	80	
571	45.957031	C#4	61	56	573	53.000000	C#4	61	80	
572	46.041667	Bb4	70	68	574	53.125000	Bb4	70	80	
573	46.144531	G#3	56	49	576	53.250000	G#3	56	80	
574	46.148438	G5	79	77	575	53.250000	G5	79	80	
575	46.250000	Bb4	70	64	577	53.375000	Bb4	70	80	
576	46.354167	E4	64	56	578	53.500000	E4	64	80	
577	46.437500	Bb4	70	63	579	53.625000	Bb4	70	80	
578	46.572917	C#4	61	62	580	53.750000	C#4	61	80	
579	46.635417	Bb4	70	66	581	53.875000	Bb4	70	80	
580	46.751302	G#5	80	73	582	54.000000	G#5	80	80	
581	46.752604	G#3	56	68	583	54.000000	G#3	56	80	
582	46.869792	C5	72	60	584	54.125000	C5	72	80	
583	46.971354	Eb4	63	60	585	54.250000	Eb4	63	80	
584	47.065104	C5	72	60	586	54.375000	C5	72	80	
585	47.149740	C4	60	63	587	54.500000	C4	60	80	
586	47.257812	C5	72	67	588	54.625000	C5	72	80	
587	47.350260	F#3	54	74	590	54.750000	F#3	54	80	
588	47.356771	G#5	80	78	589	54.750000	G#5	80	80	
589	47.451823	C5	72	72	591	54.875000	C5	72	80	
590	47.571615	Eb4	63	67	592	55.000000	Eb4	63	80	
591	47.671875	C5	72	67	593	55.125000	C5	72	80	
592	47.747396	C4	60	71	594	55.250000	C4	60	80	
593	47.850260	C5	72	73	595	55.375000	C5	72	80	
594	47.949219	G#5	80	85	596	55.500000	G#5	80	80	
595	47.967448	F3	53	73	597	55.500000	F3	53	80	
596	48.061198	C#5	73	78	598	55.625000	C#5	73	80	
597	48.165365	F4	65	63	599	55.750000	F4	65	80	
598	48.260417	G#4	68	73	600	55.875000	G#4	68	80	
599	48.359375	C#4	61	71	601	56.000000	C#4	61	80	
600	48.460938	C#5	73	71	602	56.125000	C#5	73	80	
601	48.571615	G#3	56	73	603	56.250000	G#3	56	80	
602	48.678385	F5	77	65	604	56.375000	F5	77	80	
603	48.776042	F3	53	72	605	56.500000	F3	53	80	
604	48.882812	G#5	80	64	606	56.625000	G#5	80	80	
605	48.988281	Eb3	51	74	607	56.750000	Eb3	51	80	
606	49.096354	Bb5	82	73	608	56.875000	Bb5	82	80	
607	49.199219	D3	50	72	610	57.000000	D3	50	80	
608	49.209635	B5	83	80	609	57.000000	B5	83	80	
609	49.309896	Bb5	82	82	611	57.125000	Bb5	82	80	
610	49.395833	F3	53	56	613	57.250000	F3	53	80	
611	49.425781	G#5	80	71	612	57.250000	G#5	80	80	
612	49.520833	F#5	78	70	614	57.375000	F#5	78	80	
613	49.627604	Bb3	58	69	616	57.500000	Bb3	58	80	
614	49.634115	F5	77	74	615	57.500000	F5	77	80	
615	49.743490	Eb5	75	74	617	57.625000	Eb5	75	80	
616	49.824219	D4	62	68	619	57.750000	D4	62	80	
617	49.841146	F5	77	78	618	57.750000	F5	77	80	
618	49.941406	F#5	78	77	620	57.875000	F#5	78	80	
619	50.039062	F4	65	68	622	58.000000	F4	65	80	
620	50.039062	G#5	80	81	621	58.000000	G#5	80	80	
621	50.149740	B5	83	80	623	58.125000	B5	83	80	
622	50.238281	Bb5	82	81	624	58.250000	Bb5	82	80	
623	50.240885	G#4	68	73	625	58.250000	G#4	68	80	
624	50.342448	G#5	80	80	626	58.375000	G#5	80	80	
625	50.437500	F#4	66	75	628	58.500000	F#4	66	80	
626	50.460938	Bb5	82	84	627	58.500000	Bb5	82	80	
627	50.569010	Eb5	75	81	629	58.625000	Eb5	75	80	
628	50.669271	Eb4	63	70	630	58.750000	Eb4	63	80	
629	50.786458	F#4	66	56	631	58.875000	F#4	66	80	
630	50.876302	Bb3	58	70	632	59.000000	Bb3	58	80	
631	50.983073	Bb4	70	59	633	59.125000	Bb4	70	80	
632	51.078125	F#3	54	71	634	59.250000	F#3	54	80	
633	51.174479	Eb5	75	63	635	59.375000	Eb5	75	80	
634	51.296875	Eb3	51	73	636	59.500000	Eb3	51	80	
635	51.371094	F#5	78	73	637	59.625000	F#5	78	80	
636	51.500000	C#3	49	71	638	59.750000	C#3	49	80	
637	51.623698	G#5	80	75	639	59.875000	G#5	80	80	
638	51.730469	A5	81	75	640	60.000000	A5	81	80	
639	51.735677	C3	48	60	641	60.000000	C3	48	80	
640	51.839844	G#5	80	77	642	60.125000	G#5	80	80	
641	51.942708	Eb3	51	67	644	60.250000	Eb3	51	80	
642	51.945312	F#5	78	68	643	60.250000	F#5	78	80	
643	52.045573	E5	76	67	645	60.375000	E5	76	80	
644	52.151042	Eb5	75	72	646	60.500000	Eb5	75	80	
645	52.153646	G#3	56	66	647	60.500000	G#3	56	80	
646	52.248698	C#5	73	71	648	60.625000	C#5	73	80	
647	52.354167	C4	60	65	650	60.750000	C4	60	80	
648	52.354167	Eb5	75	80	649	60.750000	Eb5	75	80	
649	52.446615	E5	76	75	651	60.875000	E5	76	80	
650	52.553385	Eb4	63	67	653	61.000000	Eb4	63	80	
651	52.558594	F#5	78	82	652	61.000000	F#5	78	80	
652	52.666667	A5	81	81	654	61.125000	A5	81	80	
653	52.757812	F#4	66	65	656	61.250000	F#4	66	80	
654	52.769531	G#5	80	81	655	61.250000	G#5	80	80	
655	52.865885	F#5	78	79	657	61.375000	F#5	78	80	
656	52.973958	G#5	80	84	658	61.500000	G#5	80	80	
657	52.975260	E4	64	66	659	61.500000	E4	64	80	
658	53.085938	C#5	73	72	660	61.625000	C#5	73	80	
659	53.194010	C#4	61	64	661	61.750000	C#4	61	80	
660	53.289062	E5	76	72	662	61.875000	E5	76	80	
661	53.388021	A3	57	66	663	62.000000	A3	57	80	
662	53.489583	C#5	73	68	664	62.125000	C#5	73	80	
663	53.602865	F#3	54	74	665	62.250000	F#3	54	80	
664	53.692708	A4	69	61	666	62.375000	A4	69	80	
665	53.825521	Eb4	63	68	667	62.500000	Eb4	63	80	
666	53.916667	F#4	66	57	668	62.625000	F#4	66	80	
667	54.031250	C4	60	65	669	62.750000	C4	60	80	
668	54.130208	Eb5	75	66	670	62.875000	Eb5	75	80	
669	54.236979	E3	52	59	671	63.000000	E3	52	80	
670	54.332031	G#4	68	61	672	63.125000	G#4	68	80	
671	54.460938	C#4	61	58	673	63.250000	C#4	61	80	
672	54.516927	E4	64	60	674	63.375000	E4	64	80	
673	54.667969	A3	57	67	675	63.500000	A3	57	80	
674	54.725260	C#5	73	63	676	63.625000	C#5	73	80	
675	54.867188	F#3	54	59	677	63.750000	F#3	54	80	
676	54.936198	A4	69	62	678	63.875000	A4	69	80	
677	55.067708	Eb3	51	64	679	64.000000	Eb3	51	80	
678	55.162760	F#4	66	58	680	64.125000	F#4	66	80	
679	55.274740	C3	48	57	681	64.250000	C3	48	80	
680	55.376302	Eb4	63	58	682	64.375000	Eb4	63	80	
681	55.486979	G#2	44	55	684	64.500000	G#2	44	80	
682	55.500000	C4	60	68	683	64.500000	C4	60	80	
683	55.609375	G#3	56	62	685	64.625000	G#3	56	80	
684	55.720052	F#3	54	58	686	64.750000	F#3	54	80	
685	55.826823	G#3	56	53	687	64.875000	G#3	56	80	
686	55.910156	Eb3	51	60	688	65.000000	Eb3	51	80	
687	56.003906	G#3	56	50	689	65.125000	G#3	56	80	
688	56.110677	C4	60	60	690	65.250000	C4	60	80	
689	56.115885	G#2	44	41	691	65.250000	G#2	44	80	
690	56.213542	G#3	56	56	692	65.375000	G#3	56	80	
691	56.324219	F#3	54	54	693	65.500000	F#3	54	80	
692	56.421875	G#3	56	48	694	65.625000	G#3	56	80	
693	56.515625	Eb3	51	58	695	65.750000	Eb3	51	80	
694	56.621094	G#3	56	45	696	65.875000	G#3	56	80	
695	56.716146	G#2	44	44	698	66.000000	G#2	44	80	
696	56.736979	C#4	61	52	697	66.000000	C#4	61	80	
697	56.832031	G#3	56	49	699	66.125000	G#3	56	80	
698	56.946615	F3	53	44	700	66.250000	F3	53	80	
699	57.046875	G#3	56	45	701	66.375000	G#3	56	80	
700	57.139323	C#3	49	49	702	66.500000	C#3	49	80	
701	57.247396	G#3	56	46	703	66.625000	G#3	56	80	
702	57.347656	G#2	44	40	705	66.750000	G#2	44	80	
703	57.361979	C#4	61	57	704	66.750000	C#4	61	80	
704	57.463542	G#3	56	54	706	66.875000	G#3	56	80	
705	57.576823	F3	53	46	707	67.000000	F3	53	80	
706	57.701823	G#3	56	48	708	67.125000	G#3	56	80	
707	57.769531	C#3	49	52	709	67.250000	C#3	49	80	
708	57.878906	G#3	56	65	710	67.375000	G#3	56	80	
709	57.967448	G#2	44	49	712	67.500000	G#2	44	80	
710	57.990885	F#4	66	70	711	67.500000	F#4	66	80	
711	58.093750	G#3	56	61	713	67.625000	G#3	56	80	
712	58.188802	Eb3	51	58	714	67.750000	Eb3	51	80	
713	58.296875	G#3	56	54	715	67.875000	G#3	56	80	
714	58.394531	C3	48	51	716	68.000000	C3	48	80	
715	58.505208	G#3	56	55	717	68.125000	G#3	56	80	
716	58.623698	G#2	44	46	719	68.250000	G#2	44	80	
717	58.625000	F#4	66	59	718	68.250000	F#4	66	80	
718	58.725260	G#3	56	53	720	68.375000	G#3	56	80	
719	58.843750	Eb3	51	51	721	68.500000	Eb3	51	80	
720	58.929688	G#3	56	55	722	68.625000	G#3	56	80	
721	59.036458	C3	48	49	723	68.750000	C3	48	80	
722	59.126302	G#3	56	57	724	68.875000	G#3	56	80	
723	59.244792	G#2	44	42	726	69.000000	G#2	44	80	
724	59.246094	F4	65	60	725	69.000000	F4	65	80	
725	59.371094	G#3	56	43	727	69.125000	G#3	56	80	
726	59.459635	F3	53	52	728	69.250000	F3	53	80	
727	59.559896	G#3	56	52	729	69.375000	G#3	56	80	
728	59.671875	C#3	49	43	730	69.500000	C#3	49	80	
729	59.773438	G#3	56	52	731	69.625000	G#3	56	80	
730	59.858073	G#2	44	39	733	69.750000	G#2	44	80	
731	59.885417	F4	65	60	732	69.750000	F4	65	80	
732	59.985677	G#3	56	49	734	69.875000	G#3	56	80	
733	60.096354	F3	53	49	735	70.000000	F3	53	80	
734	60.178385	G#3	56	58	736	70.125000	G#3	56	80	
735	60.294271	C#3	49	49	737	70.250000	C#3	49	80	
736	60.367188	G#3	56	67	738	70.375000	G#3	56	80	
737	60.479167	G4	67	72	739	70.500000	G4	67	80	
738	60.481771	G#2	44	50	740	70.500000	G#2	44	80	
739	60.609375	Bb3	58	52	741	70.625000	Bb3	58	80	
740	60.709635	E3	52	54	742	70.750000	E3	52	80	
741	60.789062	Bb3	58	59	743	70.875000	Bb3	58	80	
742	60.907552	C#3	49	61	744	71.000000	C#3	49	80	
743	60.992188	Bb3	58	67	745	71.125000	Bb3	58	80	
744	61.104167	G4	67	76	746	71.250000	G4	67	80	
745	61.108073	G#2	44	56	747	71.250000	G#2	44	80	
746	61.208333	Bb3	58	69	748	71.375000	Bb3	58	80	
747	61.315104	E3	52	63	749	71.500000	E3	52	80	
748	61.416667	Bb3	58	68	750	71.625000	Bb3	58	80	
749	61.515625	C#3	49	64	751	71.750000	C#3	49	80	
750	61.638021	Bb3	58	75	752	71.875000	Bb3	58	80	
751	61.755208	G#2	44	69	753	72.000000	G#2	44	80	
752	61.868490	C3	48	67	754	72.125000	C3	48	80	
753	61.983073	Eb3	51	77	755	72.250000	Eb3	51	80	
754	62.079427	F#3	54	76	756	72.375000	F#3	54	80	
755	62.195312	A3	57	69	757	72.500000	A3	57	80	
756	62.302083	C4	60	65	758	72.625000	C4	60	80	
757	62.404948	C#4	61	70	759	72.750000	C#4	61	80	
758	62.524740	E4	64	71	760	72.875000	E4	64	80	
759	62.648438	G4	67	76	761	73.000000	G4	67	80	
760	62.746094	Bb4	70	74	762	73.125000	Bb4	70	80	
761	62.852865	C#5	73	77	763	73.250000	C#5	73	80	
762	62.949219	E5	76	78	764	73.375000	E5	76	80	
763	63.061198	C5	72	78	765	73.500000	C5	72	80	
764	63.074219	G#2	44	60	766	73.500000	G#2	44	80	
765	63.178385	Eb5	75	82	767	73.625000	Eb5	75	80	
766	63.281250	F#5	78	80	768	73.750000	F#5	78	80	
767	63.390625	Eb5	75	82	769	73.875000	Eb5	75	80	
768	63.493490	C5	72	79	770	74.000000	C5	72	80	
769	63.613281	G#4	68	75	771	74.125000	G#4	68	80	
770	63.721354	F#4	66	67	772	74.250000	F#4	66	80	
771	63.829427	Eb4	63	73	773	74.375000	Eb4	63	80	
772	63.937500	C4	60	68	774	74.500000	C4	60	80	
773	64.042969	G#3	56	69	775	74.625000	G#3	56	80	
774	64.166667	C4	60	64	776	74.750000	C4	60	80	
775	64.251302	Eb4	63	67	777	74.875000	Eb4	63	80	
776	64.367188	F4	65	69	778	75.000000	F4	65	80	
777	64.369792	G#3	56	67	779	75.000000	G#3	56	80	
778	64.481771	G#4	68	74	780	75.125000	G#4	68	80	
779	64.601562	C#5	73	76	781	75.250000	C#5	73	80	
780	64.714844	G#4	68	76	782	75.375000	G#4	68	80	
781	64.811198	F4	65	76	783	75.500000	F4	65	80	
782	64.917969	C#4	61	74	784	75.625000	C#4	61	80	
783	65.018229	Bb3	58	69	785	75.750000	Bb3	58	80	
784	65.123698	G3	55	66	786	75.875000	G3	55	80	
785	65.239583	E3	52	68	787	76.000000	E3	52	80	
786	65.333333	C#3	49	67	788	76.125000	C#3	49	80	
787	65.449219	E3	52	75	789	76.250000	E3	52	80	
788	65.576823	G3	55	68	790	76.375000	G3	55	80	
789	65.729167	G#2	44	75	791	76.500000	G#2	44	80	
790	66.052083	C#5	73	76	794	76.750000	C#5	73	80	
791	66.061198	G#3	56	58	797	76.750000	G#3	56	80	
792	66.062500	G#4	68	59	793	76.750000	G#4	68	80	
793	66.065104	C#3	49	53	795	76.750000	C#3	49	80	
794	66.065104	F3	53	61	796	76.750000	F3	53	80	
795	66.069010	F4	65	63	792	76.750000	F4	65	80	
796	66.419271	G#4	68	69	799	77.000000	G#4	68	80	
797	66.419271	C5	72	75	800	77.000000	C5	72	80	
798	66.423177	Eb4	63	62	798	77.000000	Eb4	63	80	
799	66.427083	Eb3	51	61	801	77.000000	Eb3	51	80	
800	66.428385	G#3	56	60	803	77.000000	G#3	56	80	
801	66.436198	F#3	54	63	802	77.000000	F#3	54	80	
802	66.962240	C#5	73	73	806	77.250000	C#5	73	80	
803	66.968750	C#4	61	63	804	77.250000	C#4	61	80	
804	66.970052	G#4	68	61	805	77.250000	G#4	68	80	
805	66.972656	C#3	49	48	809	77.250000	C#3	49	80	
806	66.973958	G#3	56	53	808	77.250000	G#3	56	80	
807	66.981771	F3	53	55	807	77.250000	F3	53	80	
*	-1	*	-1	-1	8	0.750000	F#5	78	80	
*	-1	*	-1	-1	213	19.375000	Bb3	58	80	
