// alignID alignOntime alignSitch alignPitch alignOnvel refID refOntime refSitch refPitch refOnvel
0	0.500000	F4	65	71	0	0.375000	F4	65	80	
1	0.642708	E4	64	74	1	0.500000	E4	64	80	
2	0.802083	F4	65	69	2	0.625000	F4	65	80	
3	0.963542	C5	72	78	3	0.750000	C5	72	80	
4	1.422917	A4	69	80	4	1.125000	A4	69	80	
5	1.562500	G4	67	70	5	1.250000	G4	67	80	
6	1.701042	A4	69	80	6	1.375000	A4	69	80	
7	1.880208	D5	74	75	7	1.500000	D5	74	80	
8	2.366667	C5	72	83	8	1.875000	C5	72	80	
9	2.506250	D5	74	80	9	2.000000	D5	74	80	
10	2.656250	E5	76	85	10	2.125000	E5	76	80	
11	2.810417	F5	77	85	11	2.250000	F5	77	80	
12	2.956250	E5	76	82	12	2.375000	E5	76	80	
13	3.106250	D5	74	76	13	2.500000	D5	74	80	
14	3.254167	C5	72	77	14	2.625000	C5	72	80	
15	3.409375	D5	74	69	15	2.750000	D5	74	80	
16	3.555208	Bb4	70	76	16	2.875000	Bb4	70	80	
17	3.695833	A4	69	79	17	3.000000	A4	69	80	
18	3.852083	G4	67	69	18	3.125000	G4	67	80	
19	4.006250	F4	65	64	19	3.250000	F4	65	80	
20	4.152083	C4	60	78	21	3.375000	C4	60	80	
21	4.152083	E4	64	62	20	3.375000	E4	64	80	
22	4.298958	Bb3	58	77	22	3.500000	Bb3	58	80	
23	4.442708	Bb4	70	71	23	3.625000	Bb4	70	80	
24	4.452083	C4	60	74	24	3.625000	C4	60	80	
25	4.606250	A4	69	68	25	3.750000	A4	69	80	
26	4.615625	F4	65	78	26	3.750000	F4	65	80	
27	4.914583	D5	74	68	27	4.000000	D5	74	80	
28	5.076042	E4	64	84	29	4.125000	E4	64	80	
29	5.076042	G4	67	71	28	4.125000	G4	67	80	
30	5.219792	D4	62	75	30	4.250000	D4	62	80	
31	5.365625	E4	64	77	32	4.375000	E4	64	80	
32	5.372917	D5	74	74	31	4.375000	D5	74	80	
33	5.535417	C5	72	75	33	4.500000	C5	72	80	
34	5.539583	A4	69	82	34	4.500000	A4	69	80	
35	5.848958	F5	77	77	35	4.750000	F5	77	80	
36	6.013542	G4	67	81	37	4.875000	G4	67	80	
37	6.015625	B4	71	75	36	4.875000	B4	71	80	
38	6.162500	A4	69	84	38	5.000000	A4	69	80	
39	6.313542	F5	77	80	39	5.125000	F5	77	80	
40	6.329167	B4	71	85	40	5.125000	B4	71	80	
41	6.472917	C5	72	84	42	5.250000	C5	72	80	
42	6.479167	E5	76	81	41	5.250000	E5	76	80	
43	6.619792	B4	71	82	44	5.375000	B4	71	80	
44	6.639583	D5	74	78	43	5.375000	D5	74	80	
45	6.778125	A4	69	81	46	5.500000	A4	69	80	
46	6.782292	C5	72	77	45	5.500000	C5	72	80	
47	6.928125	G4	67	72	48	5.625000	G4	67	80	
48	6.931250	G5	79	85	47	5.625000	G5	79	80	
49	7.073958	A4	69	76	49	5.750000	A4	69	80	
50	7.228125	B4	71	73	50	5.875000	B4	71	80	
51	7.246875	F4	65	74	51	5.875000	F4	65	80	
52	7.381250	C5	72	72	52	6.000000	C5	72	80	
53	7.395833	E4	64	77	53	6.000000	E4	64	80	
54	7.539583	D4	62	72	54	6.125000	D4	62	80	
55	7.700000	C4	60	79	55	6.250000	C4	60	80	
56	7.854167	D4	62	73	56	6.375000	D4	62	80	
57	8.002083	E4	64	74	58	6.500000	E4	64	80	
58	8.002083	Bb4	70	72	57	6.500000	Bb4	70	80	
59	8.157292	F#4	66	69	60	6.625000	F#4	66	80	
60	8.159375	A4	69	71	59	6.625000	A4	69	80	
61	8.327083	G4	67	54	62	6.750000	G4	67	80	
62	8.332292	Bb4	70	68	61	6.750000	Bb4	70	80	
63	8.489583	C5	72	66	63	6.875000	C5	72	80	
64	8.642708	D5	74	65	64	7.000000	D5	74	80	
65	8.813542	Eb5	75	71	65	7.125000	Eb5	75	80	
66	8.975000	F4	65	58	66	7.250000	F4	65	80	
67	9.138542	Eb4	63	63	67	7.375000	Eb4	63	80	
68	9.294792	F4	65	63	68	7.500000	F4	65	80	
69	9.447917	G4	67	63	70	7.625000	G4	67	80	
70	9.451042	D5	74	71	69	7.625000	D5	74	80	
71	9.600000	A4	69	70	72	7.750000	A4	69	80	
72	9.606250	C5	72	77	71	7.750000	C5	72	80	
73	9.756250	Bb4	70	64	74	7.875000	Bb4	70	80	
74	9.770833	D5	74	75	73	7.875000	D5	74	80	
75	9.929167	E5	76	79	75	8.000000	E5	76	80	
76	10.088542	F5	77	76	76	8.125000	F5	77	80	
77	10.251042	G5	79	79	77	8.250000	G5	79	80	
78	10.423958	A4	69	64	78	8.375000	A4	69	80	
79	10.569792	G4	67	66	79	8.500000	G4	67	80	
80	10.733333	A4	69	69	80	8.625000	A4	69	80	
81	10.880208	B4	71	79	82	8.750000	B4	71	80	
82	10.887500	F5	77	80	81	8.750000	F5	77	80	
83	11.025000	C#5	73	76	84	8.875000	C#5	73	80	
84	11.050000	E5	76	84	83	8.875000	E5	76	80	
85	11.201042	F5	77	83	85	9.000000	F5	77	80	
86	11.202083	D5	74	71	86	9.000000	D5	74	80	
87	11.352083	G5	79	86	87	9.125000	G5	79	80	
88	11.508333	A5	81	90	88	9.250000	A5	81	80	
89	11.676042	Bb5	82	90	89	9.375000	Bb5	82	80	
90	11.841667	C5	72	75	90	9.500000	C5	72	80	
91	12.003125	Bb4	70	86	91	9.625000	Bb4	70	80	
92	12.156250	C5	72	94	92	9.750000	C5	72	80	
93	12.296875	A5	81	82	93	9.875000	A5	81	80	
94	12.301042	D5	74	70	94	9.875000	D5	74	80	
95	12.446875	G5	79	76	95	10.000000	G5	79	80	
96	12.454167	E5	76	66	96	10.000000	E5	76	80	
97	12.616667	F3	53	87	99	10.125000	F3	53	80	
98	12.621875	A5	81	83	97	10.125000	A5	81	80	
99	12.623958	F5	77	74	98	10.125000	F5	77	80	
100	12.767708	E3	52	73	101	10.250000	E3	52	80	
101	12.767708	Bb5	82	72	100	10.250000	Bb5	82	80	
102	12.912500	A5	81	74	102	10.375000	A5	81	80	
103	12.922917	F3	53	80	103	10.375000	F3	53	80	
104	13.084375	C4	60	82	105	10.500000	C4	60	80	
105	13.113542	G5	79	63	104	10.500000	G5	79	80	
106	13.114583	A5	81	59	*	-1	*	-1	-1	
107	13.255208	E5	76	67	106	10.625000	E5	76	80	
108	13.392708	D5	74	67	107	10.750000	D5	74	80	
109	13.537500	C5	72	79	108	10.875000	C5	72	80	
110	13.540625	A3	57	84	109	10.875000	A3	57	80	
111	13.697917	G3	55	74	111	11.000000	G3	55	80	
112	13.698958	C6	84	65	110	11.000000	C6	84	80	
113	13.859375	A3	57	82	113	11.125000	A3	57	80	
114	13.889583	E5	76	40	112	11.125000	E5	76	80	
115	14.019792	F5	77	59	114	11.250000	F5	77	80	
116	14.022917	D4	62	85	115	11.250000	D4	62	80	
117	14.172917	A4	69	68	116	11.375000	A4	69	80	
118	14.315625	Bb4	70	72	117	11.500000	Bb4	70	80	
119	14.472917	C4	60	83	119	11.625000	C4	60	80	
120	14.495833	E5	76	57	118	11.625000	E5	76	80	
121	14.629167	D4	62	79	121	11.750000	D4	62	80	
122	14.662500	F5	77	71	120	11.750000	F5	77	80	
123	14.781250	E4	64	87	123	11.875000	E4	64	80	
124	14.800000	G5	79	74	122	11.875000	G5	79	80	
125	14.942708	F4	65	79	126	12.000000	F4	65	80	
126	14.959375	A4	69	74	125	12.000000	A4	69	80	
127	14.960417	C5	72	75	124	12.000000	C5	72	80	
128	15.102083	E4	64	79	127	12.125000	E4	64	80	
129	15.256250	F5	77	76	128	12.250000	F5	77	80	
130	15.258333	D4	62	78	130	12.250000	D4	62	80	
131	15.260417	Bb4	70	76	129	12.250000	Bb4	70	80	
132	15.412500	F5	77	84	131	12.375000	F5	77	80	
133	15.418750	C4	60	72	133	12.375000	C4	60	80	
134	15.420833	A4	69	73	132	12.375000	A4	69	80	
135	15.571875	D4	62	69	134	12.500000	D4	62	80	
136	15.723958	G4	67	73	136	12.625000	G4	67	80	
137	15.728125	E5	76	63	135	12.625000	E5	76	80	
138	15.738542	Bb3	58	73	137	12.625000	Bb3	58	80	
139	15.765625	D5	74	35	*	-1	*	-1	-1	
140	15.892708	A3	57	75	140	12.750000	A3	57	80	
141	15.896875	F5	77	75	138	12.750000	F5	77	80	
142	15.897917	C5	72	76	139	12.750000	C5	72	80	
143	15.931250	D5	74	32	*	-1	*	-1	-1	
144	16.040625	Bb4	70	78	141	12.875000	Bb4	70	80	
145	16.051042	G3	55	67	142	12.875000	G3	55	80	
146	16.180208	A4	69	81	143	13.000000	A4	69	80	
147	16.183333	F3	53	58	144	13.000000	F3	53	80	
148	16.351042	G4	67	75	145	13.125000	G4	67	80	
149	16.413542	A3	57	27	*	-1	*	-1	-1	
150	16.444792	Bb3	58	47	146	13.125000	Bb3	58	80	
151	16.507292	A4	69	80	147	13.250000	A4	69	80	
152	16.653125	F4	65	71	148	13.375000	F4	65	80	
153	16.797917	G5	79	89	149	13.500000	G5	79	80	
154	16.822917	E4	64	63	150	13.500000	E4	64	80	
155	16.959375	F5	77	82	151	13.625000	F5	77	80	
156	16.973958	D4	62	65	152	13.625000	D4	62	80	
157	17.101042	C4	60	70	154	13.750000	C4	60	80	
158	17.136458	E5	76	59	153	13.750000	E5	76	80	
159	17.270833	D5	74	61	155	13.875000	D5	74	80	
160	17.283333	F#4	66	66	156	13.875000	F#4	66	80	
161	17.286458	A3	57	64	157	13.875000	A3	57	80	
162	17.422917	Eb5	75	78	158	14.000000	Eb5	75	80	
163	17.577083	C5	72	75	159	14.125000	C5	72	80	
164	17.734375	G3	55	64	162	14.250000	G3	55	80	
165	17.737500	Bb4	70	80	160	14.250000	Bb4	70	80	
166	17.751042	G4	67	59	161	14.250000	G4	67	80	
167	17.887500	F3	53	64	164	14.375000	F3	53	80	
168	17.892708	A4	69	75	163	14.375000	A4	69	80	
169	18.037500	G4	67	71	165	14.500000	G4	67	80	
170	18.053125	E3	52	63	166	14.500000	E3	52	80	
171	18.208333	D3	50	57	169	14.625000	D3	50	80	
172	18.209375	A4	69	68	167	14.625000	A4	69	80	
173	18.214583	F4	65	53	168	14.625000	F4	65	80	
174	18.355208	E3	52	60	170	14.750000	E3	52	80	
175	18.520833	D5	74	57	171	14.875000	D5	74	80	
176	18.521875	C3	48	52	172	14.875000	C3	48	80	
177	18.672917	G4	67	61	173	15.000000	G4	67	80	
178	18.683333	B2	47	56	174	15.000000	B2	47	80	
179	18.842708	A2	45	51	175	15.125000	A2	45	80	
180	18.982292	G2	43	53	177	15.250000	G2	43	80	
181	18.992708	D5	74	62	176	15.250000	D5	74	80	
182	19.147917	C3	48	79	180	15.375000	C3	48	80	
183	19.147917	G4	67	69	178	15.375000	G4	67	80	
184	19.151042	E4	64	64	179	15.375000	E4	64	80	
185	19.290625	B2	47	80	181	15.500000	B2	47	80	
186	19.441667	E5	76	66	182	15.625000	E5	76	80	
187	19.447917	C3	48	84	183	15.625000	C3	48	80	
188	19.614583	A4	69	73	184	15.750000	A4	69	80	
189	19.619792	F3	53	80	185	15.750000	F3	53	80	
190	19.784375	C#5	73	68	186	15.875000	C#5	73	80	
191	19.943750	D5	74	55	187	16.000000	D5	74	80	
192	20.084375	E3	52	82	189	16.125000	E3	52	80	
193	20.092708	G4	67	65	188	16.125000	G4	67	80	
194	20.244792	D3	50	73	191	16.250000	D3	50	80	
195	20.261458	B4	71	66	190	16.250000	B4	71	80	
196	20.394792	E3	52	73	193	16.375000	E3	52	80	
197	20.398958	C5	72	72	192	16.375000	C5	72	80	
198	20.565625	A3	57	77	195	16.500000	A3	57	80	
199	20.565625	F4	65	67	194	16.500000	F4	65	80	
200	20.730208	E5	76	68	196	16.625000	E5	76	80	
201	20.896875	F5	77	63	197	16.750000	F5	77	80	
202	21.034375	G3	55	78	199	16.875000	G3	55	80	
203	21.051042	B4	71	69	198	16.875000	B4	71	80	
204	21.186458	A3	57	83	201	17.000000	A3	57	80	
205	21.210417	C5	72	58	200	17.000000	C5	72	80	
206	21.353125	B3	59	95	203	17.125000	B3	59	80	
207	21.368750	D5	74	18	202	17.125000	D5	74	80	
208	21.505208	C4	60	86	205	17.250000	C4	60	80	
209	21.521875	G4	67	64	204	17.250000	G4	67	80	
210	21.665625	B3	59	78	207	17.375000	B3	59	80	
211	21.669792	E4	64	73	206	17.375000	E4	64	80	
212	21.819792	A3	57	77	210	17.500000	A3	57	80	
213	21.825000	C5	72	77	208	17.500000	C5	72	80	
214	21.829167	F4	65	64	209	17.500000	F4	65	80	
215	21.976042	C5	72	77	211	17.625000	C5	72	80	
216	21.978125	G3	55	66	213	17.625000	G3	55	80	
217	21.996875	E4	64	59	212	17.625000	E4	64	80	
218	22.135417	A3	57	68	214	17.750000	A3	57	80	
219	22.279167	B4	71	78	215	17.875000	B4	71	80	
220	22.292708	F3	53	62	217	17.875000	F3	53	80	
221	22.295833	D4	62	55	216	17.875000	D4	62	80	
222	22.454167	E3	52	57	220	18.000000	E3	52	80	
223	22.454167	C5	72	80	218	18.000000	C5	72	80	
224	22.484375	C4	60	55	219	18.000000	C4	60	80	
225	22.620833	F3	53	62	221	18.125000	F3	53	80	
226	22.781250	D3	50	58	223	18.250000	D3	50	80	
227	22.786458	G4	67	64	222	18.250000	G4	67	80	
228	22.950000	Bb4	70	82	224	18.375000	Bb4	70	80	
229	22.954167	C3	48	57	225	18.375000	C3	48	80	
230	23.115625	D3	50	59	227	18.500000	D3	50	80	
231	23.267708	G4	67	71	226	18.500000	G4	67	80	
232	23.284375	E3	52	62	228	18.625000	E3	52	80	
233	23.454167	F3	53	64	230	18.750000	F3	53	80	
234	23.454167	A4	69	80	229	18.750000	A4	69	80	
235	23.628125	G3	55	58	231	18.875000	G3	55	80	
236	23.761458	C4	60	63	232	19.000000	C4	60	80	
237	23.790625	E3	52	63	233	19.000000	E3	52	80	
238	23.946875	F4	65	71	234	19.125000	F4	65	80	
239	23.955208	D3	50	63	235	19.125000	D3	50	80	
240	24.108333	E3	52	65	236	19.250000	E3	52	80	
241	24.262500	D5	74	72	237	19.375000	D5	74	80	
242	24.286458	F3	53	73	238	19.375000	F3	53	80	
243	24.438542	G4	67	65	239	19.500000	G4	67	80	
244	24.445833	G3	55	69	240	19.500000	G3	55	80	
245	24.601042	A3	57	69	241	19.625000	A3	57	80	
246	24.754167	B3	59	64	242	19.750000	B3	59	80	
247	24.766667	F3	53	66	243	19.750000	F3	53	80	
248	24.913542	E3	52	65	245	19.875000	E3	52	80	
249	24.913542	C4	60	75	244	19.875000	C4	60	80	
250	25.068750	F3	53	64	247	20.000000	F3	53	80	
251	25.087500	D4	62	71	246	20.000000	D4	62	80	
252	25.223958	E4	64	76	249	20.125000	E4	64	80	
253	25.227083	G3	55	63	250	20.125000	G3	55	80	
254	25.384375	C5	72	80	251	20.250000	C5	72	80	
255	25.386458	F4	65	71	252	20.250000	F4	65	80	
256	25.400000	A3	57	61	253	20.250000	A3	57	80	
257	25.552083	G4	67	69	254	20.375000	G4	67	80	
258	25.553125	G3	55	64	255	20.375000	G3	55	80	
259	25.720833	A4	69	70	256	20.500000	A4	69	80	
260	25.728125	F3	53	59	257	20.500000	F3	53	80	
261	25.879167	G3	55	59	259	20.625000	G3	55	80	
262	25.885417	D4	62	63	258	20.625000	D4	62	80	
263	26.027083	C5	72	66	260	20.750000	C5	72	80	
264	26.181250	B4	71	67	261	20.875000	B4	71	80	
265	26.184375	G2	43	54	262	20.875000	G2	43	80	
266	26.350000	C5	72	69	263	21.000000	C5	72	80	
267	26.364583	E4	64	65	264	21.000000	E4	64	80	
268	26.365625	C4	60	78	265	21.000000	C4	60	80	
269	26.516667	B3	59	78	267	21.125000	B3	59	80	
270	26.516667	G4	67	68	266	21.125000	G4	67	80	
271	26.665625	F4	65	68	268	21.250000	F4	65	80	
272	26.669792	A3	57	72	269	21.250000	A3	57	80	
273	26.822917	E4	64	68	270	21.375000	E4	64	80	
274	26.825000	G3	55	63	271	21.375000	G3	55	80	
275	26.968750	A3	57	59	273	21.500000	A3	57	80	
276	26.978125	F4	65	66	272	21.500000	F4	65	80	
277	27.107292	F3	53	66	275	21.625000	F3	53	80	
278	27.125000	D4	62	75	274	21.625000	D4	62	80	
279	27.287500	G5	79	93	276	21.750000	G5	79	80	
280	27.289583	E3	52	57	278	21.750000	E3	52	80	
281	27.301042	C4	60	52	277	21.750000	C4	60	80	
282	27.429167	F5	77	81	279	21.875000	F5	77	80	
283	27.437500	D3	50	56	280	21.875000	D3	50	80	
284	27.578125	C3	48	46	282	22.000000	C3	48	80	
285	27.601042	E5	76	81	281	22.000000	E5	76	80	
286	27.754167	D5	74	71	283	22.125000	D5	74	80	
287	27.766667	F3	53	60	284	22.125000	F3	53	80	
288	27.913542	E5	76	73	285	22.250000	E5	76	80	
289	28.064583	C5	72	75	286	22.375000	C5	72	80	
290	28.217708	D4	62	71	288	22.500000	D4	62	80	
291	28.221875	B4	71	82	287	22.500000	B4	71	80	
292	28.373958	A4	69	76	289	22.625000	A4	69	80	
293	28.377083	C4	60	66	290	22.625000	C4	60	80	
294	28.526042	G4	67	65	291	22.750000	G4	67	80	
295	28.545833	B3	59	71	292	22.750000	B3	59	80	
296	28.685417	C#5	73	77	293	22.875000	C#5	73	80	
297	28.712500	A3	57	65	294	22.875000	A3	57	80	
298	28.725000	E3	52	47	295	22.875000	E3	52	80	
299	28.854167	Bb3	58	71	296	23.000000	Bb3	58	80	
300	29.006250	G3	55	69	297	23.125000	G3	55	80	
301	29.176042	A5	81	90	298	23.250000	A5	81	80	
302	29.204167	D3	50	56	300	23.250000	D3	50	80	
303	29.205208	F3	53	67	299	23.250000	F3	53	80	
304	29.327083	G5	79	89	301	23.375000	G5	79	80	
305	29.359375	E3	52	65	302	23.375000	E3	52	80	
306	29.484375	F5	77	84	303	23.500000	F5	77	80	
307	29.489583	D3	50	65	304	23.500000	D3	50	80	
308	29.661458	E5	76	86	305	23.625000	E5	76	80	
309	29.668750	G3	55	63	306	23.625000	G3	55	80	
310	29.672917	Bb2	46	65	307	23.625000	Bb2	46	80	
311	29.804167	F5	77	83	308	23.750000	F5	77	80	
312	29.958333	D5	74	74	309	23.875000	D5	74	80	
313	30.104167	C#5	73	79	310	24.000000	C#5	73	80	
314	30.105208	A2	45	48	311	24.000000	A2	45	80	
315	30.255208	B4	71	73	312	24.125000	B4	71	80	
316	30.400000	A4	69	68	313	24.250000	A4	69	80	
317	30.568750	D5	74	68	314	24.375000	D5	74	80	
318	30.593750	F3	53	64	315	24.375000	F3	53	80	
319	30.729167	E3	52	70	316	24.500000	E3	52	80	
320	30.872917	D3	50	72	317	24.625000	D3	50	80	
321	31.031250	E3	52	71	318	24.750000	E3	52	80	
322	31.207292	C5	72	72	319	24.875000	C5	72	80	
323	31.215625	F#3	54	62	320	24.875000	F#3	54	80	
324	31.341667	G#3	56	67	322	25.000000	G#3	56	80	
325	31.358333	B4	71	71	321	25.000000	B4	71	80	
326	31.516667	C5	72	74	323	25.125000	C5	72	80	
327	31.519792	A3	57	50	324	25.125000	A3	57	80	
328	31.673958	Bb2	46	60	325	25.250000	Bb2	46	80	
329	31.846875	C3	48	65	326	25.375000	C3	48	80	
330	32.005208	D3	50	69	327	25.500000	D3	50	80	
331	32.163542	E3	52	70	329	25.625000	E3	52	80	
332	32.170833	Bb4	70	77	328	25.625000	Bb4	70	80	
333	32.328125	A4	69	72	330	25.750000	A4	69	80	
334	32.331250	F#3	54	71	331	25.750000	F#3	54	80	
335	32.476042	G3	55	69	333	25.875000	G3	55	80	
336	32.495833	Bb4	70	77	332	25.875000	Bb4	70	80	
337	32.639583	A3	57	76	335	26.000000	A3	57	80	
338	32.793750	F3	53	66	337	26.125000	F3	53	80	
339	32.793750	Bb3	58	74	336	26.125000	Bb3	58	80	
340	32.960417	C4	60	72	338	26.250000	C4	60	80	
341	32.965625	E3	52	64	339	26.250000	E3	52	80	
342	33.116667	C5	72	73	340	26.375000	C5	72	80	
343	33.271875	Bb4	70	76	341	26.500000	Bb4	70	80	
344	33.430208	Eb3	51	47	343	26.625000	Eb3	51	80	
345	33.432292	A4	69	70	342	26.625000	A4	69	80	
346	33.598958	Bb4	70	67	344	26.750000	Bb4	70	80	
347	33.742708	G4	67	64	345	26.875000	G4	67	80	
348	33.901042	F#4	66	62	346	27.000000	F#4	66	80	
349	33.910417	D3	50	47	347	27.000000	D3	50	80	
350	34.065625	E4	64	65	348	27.125000	E4	64	80	
351	34.219792	D4	62	53	349	27.250000	D4	62	80	
352	34.381250	G4	67	56	350	27.375000	G4	67	80	
353	34.394792	Bb3	58	51	351	27.375000	Bb3	58	80	
354	34.556250	A3	57	55	352	27.500000	A3	57	80	
355	34.713542	G3	55	59	353	27.625000	G3	55	80	
356	34.891667	A3	57	52	354	27.750000	A3	57	80	
357	35.019792	F4	65	62	355	27.875000	F4	65	80	
358	35.040625	B3	59	70	356	27.875000	B3	59	80	
359	35.184375	E4	64	70	357	28.000000	E4	64	80	
360	35.187500	C#4	61	62	358	28.000000	C#4	61	80	
361	35.346875	F4	65	70	359	28.125000	F4	65	80	
362	35.354167	D4	62	47	360	28.125000	D4	62	80	
363	35.493750	E3	52	49	362	28.250000	E3	52	80	
364	35.505208	G4	67	73	361	28.250000	G4	67	80	
365	35.660417	F3	53	59	364	28.375000	F3	53	80	
366	35.662500	A4	69	85	363	28.375000	A4	69	80	
367	35.832292	Bb4	70	80	365	28.500000	Bb4	70	80	
368	35.841667	G3	55	48	366	28.500000	G3	55	80	
369	36.018750	C4	60	57	367	28.625000	C4	60	80	
370	36.158333	Bb3	58	59	368	28.750000	Bb3	58	80	
371	36.320833	C4	60	62	369	28.875000	C4	60	80	
372	36.323958	E3	52	53	370	28.875000	E3	52	80	
373	36.484375	A4	69	71	371	29.000000	A4	69	80	
374	36.638542	G4	67	62	372	29.125000	G4	67	80	
375	36.809375	A4	69	69	373	29.250000	A4	69	80	
376	36.844792	F3	53	39	374	29.250000	F3	53	80	
377	36.976042	D4	62	54	375	29.375000	D4	62	80	
378	37.127083	E4	64	70	376	29.500000	E4	64	80	
379	37.288542	F4	65	78	377	29.625000	F4	65	80	
380	37.445833	Bb4	70	85	378	29.750000	Bb4	70	80	
381	37.473958	G3	55	64	379	29.750000	G3	55	80	
382	37.605208	C5	72	93	380	29.875000	C5	72	80	
383	37.623958	A3	57	74	381	29.875000	A3	57	80	
384	37.771875	D5	74	84	382	30.000000	D5	74	80	
385	37.787500	Bb3	58	69	383	30.000000	Bb3	58	80	
386	37.943750	E4	64	71	384	30.125000	E4	64	80	
387	38.100000	D4	62	72	385	30.250000	D4	62	80	
388	38.254167	E4	64	73	386	30.375000	E4	64	80	
389	38.255208	G3	55	61	387	30.375000	G3	55	80	
390	38.413542	C5	72	77	388	30.500000	C5	72	80	
391	38.566667	Bb4	70	82	389	30.625000	Bb4	70	80	
392	38.752083	C5	72	76	390	30.750000	C5	72	80	
393	38.766667	A3	57	44	391	30.750000	A3	57	80	
394	38.911458	F4	65	66	392	30.875000	F4	65	80	
395	39.063542	G4	67	72	393	31.000000	G4	67	80	
396	39.223958	A4	69	86	394	31.125000	A4	69	80	
397	39.384375	D5	74	86	395	31.250000	D5	74	80	
398	39.396875	Bb3	58	72	396	31.250000	Bb3	58	80	
399	39.540625	E5	76	89	397	31.375000	E5	76	80	
400	39.550000	C4	60	74	398	31.375000	C4	60	80	
401	39.708333	F5	77	87	399	31.500000	F5	77	80	
402	39.727083	D4	62	75	400	31.500000	D4	62	80	
403	39.881250	G4	67	75	401	31.625000	G4	67	80	
404	40.051042	F4	65	73	402	31.750000	F4	65	80	
405	40.206250	B3	59	68	404	31.875000	B3	59	80	
406	40.208333	G4	67	75	403	31.875000	G4	67	80	
407	40.371875	E5	76	85	405	32.000000	E5	76	80	
408	40.527083	D5	74	86	406	32.125000	D5	74	80	
409	40.685417	C4	60	48	408	32.250000	C4	60	80	
410	40.694792	E5	76	83	407	32.250000	E5	76	80	
411	40.853125	A4	69	66	409	32.375000	A4	69	80	
412	41.006250	B4	71	83	410	32.500000	B4	71	80	
413	41.172917	C5	72	85	411	32.625000	C5	72	80	
414	41.329167	F5	77	87	412	32.750000	F5	77	80	
415	41.331250	D4	62	69	413	32.750000	D4	62	80	
416	41.483333	E4	64	71	415	32.875000	E4	64	80	
417	41.485417	G5	79	94	414	32.875000	G5	79	80	
418	41.653125	F4	65	69	417	33.000000	F4	65	80	
419	41.654167	A5	81	90	416	33.000000	A5	81	80	
420	41.809375	G5	79	84	418	33.125000	G5	79	80	
421	41.818750	E4	64	67	419	33.125000	E4	64	80	
422	41.975000	F5	77	88	420	33.250000	F5	77	80	
423	41.978125	D4	62	72	421	33.250000	D4	62	80	
424	42.136458	E5	76	82	422	33.375000	E5	76	80	
425	42.138542	C4	60	71	423	33.375000	C4	60	80	
426	42.284375	D4	62	66	425	33.500000	D4	62	80	
427	42.292708	F5	77	85	424	33.500000	F5	77	80	
428	42.370833	E5	76	80	426	33.562500	E5	76	80	
429	42.436458	D5	74	78	427	33.625000	D5	74	80	
430	42.450000	Bb3	58	67	428	33.625000	Bb3	58	80	
431	42.515625	C5	72	80	429	33.687500	C5	72	80	
432	42.603125	F5	77	83	430	33.750000	F5	77	80	
433	42.609375	A3	57	72	431	33.750000	A3	57	80	
434	42.748958	G3	55	70	432	33.875000	G3	55	80	
435	42.903125	D5	74	74	433	34.000000	D5	74	80	
436	42.905208	F3	53	66	434	34.000000	F3	53	80	
437	43.056250	G3	55	75	436	34.125000	G3	55	80	
438	43.069792	B4	71	74	435	34.125000	B4	71	80	
439	43.214583	A3	57	75	437	34.250000	A3	57	80	
440	43.366667	G4	67	69	438	34.375000	G4	67	80	
441	43.386458	B3	59	72	439	34.375000	B3	59	80	
442	43.543750	Eb5	75	73	440	34.500000	Eb5	75	80	
443	43.545833	C4	60	61	441	34.500000	C4	60	80	
444	43.704167	B3	59	61	443	34.625000	B3	59	80	
445	43.708333	G5	79	74	442	34.625000	G5	79	80	
446	43.854167	F#5	78	73	444	34.750000	F#5	78	80	
447	43.869792	A3	57	67	446	34.750000	A3	57	80	
448	43.876042	C5	72	63	445	34.750000	C5	72	80	
449	44.011458	G5	79	72	447	34.875000	G5	79	80	
450	44.015625	G3	55	57	449	34.875000	G3	55	80	
451	44.019792	B4	71	70	448	34.875000	B4	71	80	
452	44.176042	G#3	56	66	451	35.000000	G#3	56	80	
453	44.187500	C5	72	68	450	35.000000	C5	72	80	
454	44.337500	D5	74	67	452	35.125000	D5	74	80	
455	44.343750	F3	53	65	453	35.125000	F3	53	80	
456	44.506250	C5	72	70	454	35.250000	C5	72	80	
457	44.522917	Eb3	51	34	455	35.250000	Eb3	51	80	
458	44.659375	D3	50	48	457	35.375000	D3	50	80	
459	44.668750	D5	74	67	456	35.375000	D5	74	80	
460	44.814583	C3	48	54	459	35.500000	C3	48	80	
461	44.853125	E5	76	48	458	35.500000	Eb5	75	80	
462	44.971875	D3	50	59	462	35.625000	D3	50	80	
463	44.981250	F#5	78	80	460	35.625000	F#5	78	80	
464	45.010417	A4	69	52	461	35.625000	A4	69	80	
465	45.135417	E3	52	67	464	35.750000	E3	52	80	
466	45.141667	G5	79	75	463	35.750000	G5	79	80	
467	45.165625	F#5	78	28	*	-1	*	-1	-1	
468	45.276042	A5	81	73	465	35.875000	A5	81	80	
469	45.295833	F#3	54	69	466	35.875000	F#3	54	80	
470	45.460417	G3	55	60	468	36.000000	G3	55	80	
471	45.471875	Bb4	70	68	467	36.000000	Bb4	70	80	
472	45.614583	F3	53	65	470	36.125000	F3	53	80	
473	45.620833	D5	74	73	469	36.125000	D5	74	80	
474	45.778125	Eb3	51	57	473	36.250000	Eb3	51	80	
475	45.786458	C5	72	73	471	36.250000	C5	72	80	
476	45.792708	G4	67	55	472	36.250000	G4	67	80	
477	45.932292	D3	50	55	476	36.375000	D3	50	80	
478	45.935417	G4	67	63	475	36.375000	G4	67	80	
479	45.982292	Bb4	70	34	474	36.375000	Bb4	70	80	
480	46.125000	Eb3	51	51	478	36.500000	Eb3	51	80	
481	46.150000	Bb4	70	33	477	36.500000	C5	72	80	
482	46.167708	A4	69	59	*	-1	*	-1	-1	
483	46.194792	F#4	66	29	*	-1	*	-1	-1	
484	46.281250	A4	69	72	479	36.625000	A4	69	80	
485	46.291667	C3	48	54	481	36.625000	C3	48	80	
486	46.309375	F#4	66	49	480	36.625000	F#4	66	80	
487	46.326042	G4	67	39	*	-1	*	-1	-1	
488	46.438542	F#4	66	77	*	-1	*	-1	-1	
489	46.441667	Bb2	46	65	484	36.750000	Bb2	46	80	
490	46.570833	G4	67	47	482	36.750000	G4	67	80	
491	46.600000	A2	45	57	485	36.875000	A2	45	80	
492	46.780208	G2	43	50	487	37.000000	G2	43	80	
493	46.781250	Eb5	75	85	486	37.000000	Eb5	75	80	
494	46.907292	A2	45	55	489	37.125000	A2	45	80	
495	46.918750	C#5	73	80	488	37.125000	C#5	73	80	
496	47.058333	B2	47	65	490	37.250000	B2	47	80	
497	47.206250	A4	69	75	491	37.375000	A4	69	80	
498	47.215625	C#3	49	65	492	37.375000	C#3	49	80	
499	47.358333	F4	65	70	493	37.500000	F4	65	80	
500	47.369792	D3	50	60	494	37.500000	D3	50	80	
501	47.522917	C3	48	56	496	37.625000	C3	48	80	
502	47.537500	A4	69	65	495	37.625000	A4	69	80	
503	47.692708	Bb2	46	59	499	37.750000	Bb2	46	80	
504	47.695833	G4	67	67	498	37.750000	G4	67	80	
505	47.765625	C#5	73	7	*	-1	*	-1	-1	
506	47.829167	C#5	73	41	500	37.875000	C#5	73	80	
507	47.836458	A2	45	51	502	37.875000	A2	45	80	
508	47.844792	A4	69	74	501	37.875000	A4	69	80	
509	47.959375	Bb2	46	51	504	38.000000	Bb2	46	80	
510	47.994792	D5	74	63	503	38.000000	D5	74	80	
511	48.157292	E5	76	72	505	38.125000	E5	76	80	
512	48.315625	F2	41	52	508	38.250000	F2	41	80	
513	48.317708	D5	74	71	507	38.250000	D5	74	80	
514	48.469792	E5	76	67	509	38.375000	E5	76	80	
515	48.475000	E2	40	45	510	38.375000	E2	40	80	
516	48.613542	D2	38	56	512	38.500000	D2	38	80	
517	48.638542	F5	77	63	511	38.500000	F5	77	80	
518	48.771875	Bb4	70	68	513	38.625000	Bb4	70	80	
519	48.788542	F3	53	83	514	38.625000	F3	53	80	
520	48.804167	D3	50	65	515	38.625000	D3	50	80	
521	48.932292	E3	52	78	516	38.750000	E3	52	80	
522	49.102083	F3	53	82	517	38.875000	F3	53	80	
523	49.265625	C4	60	84	518	39.000000	C4	60	80	
524	49.276042	E3	52	67	519	39.000000	E3	52	80	
525	49.425000	E5	76	71	520	39.125000	E5	76	80	
526	49.581250	G5	79	74	521	39.250000	G5	79	80	
527	49.721875	Eb3	51	53	524	39.375000	Eb3	51	80	
528	49.727083	C5	72	73	522	39.375000	C5	72	80	
529	49.733333	A3	57	67	523	39.375000	A3	57	80	
530	49.896875	G3	55	75	525	39.500000	G3	55	80	
531	50.059375	A3	57	78	526	39.625000	A3	57	80	
532	50.213542	D4	62	81	527	39.750000	D4	62	80	
533	50.233333	D3	50	66	528	39.750000	D3	50	80	
534	50.376042	Bb4	70	67	529	39.875000	Bb4	70	80	
535	50.387500	E3	52	55	530	39.875000	E3	52	80	
536	50.519792	A4	69	79	531	40.000000	A4	69	80	
537	50.536458	F3	53	55	532	40.000000	F3	53	80	
538	50.682292	E3	52	60	535	40.125000	E3	52	80	
539	50.694792	Bb4	70	81	533	40.125000	Bb4	70	80	
540	50.695833	C4	60	74	534	40.125000	C4	60	80	
541	50.782292	A4	69	33	*	-1	*	-1	-1	
542	50.840625	D4	62	78	536	40.250000	D4	62	80	
543	50.847917	F3	53	65	537	40.250000	F3	53	80	
544	51.001042	E4	64	81	538	40.375000	E4	64	80	
545	51.002083	G3	55	67	539	40.375000	G3	55	80	
546	51.163542	F4	65	85	540	40.500000	F4	65	80	
547	51.176042	A2	45	66	541	40.500000	A2	45	80	
548	51.314583	E4	64	80	542	40.625000	E4	64	80	
549	51.465625	Bb2	46	59	545	40.750000	Bb2	46	80	
550	51.477083	D4	62	67	544	40.750000	D4	62	80	
551	51.496875	Bb4	70	71	543	40.750000	Bb4	70	80	
552	51.635417	C4	60	77	547	40.875000	C4	60	80	
553	51.637500	C3	48	58	548	40.875000	C3	48	80	
554	51.698958	A4	69	38	546	40.875000	A4	69	80	
555	51.795833	D4	62	74	549	41.000000	D4	62	80	
556	51.943750	C#3	49	63	552	41.125000	C#3	49	80	
557	51.957292	G4	67	68	550	41.125000	G4	67	80	
558	51.958333	Bb3	58	67	551	41.125000	Bb3	58	80	
559	52.111458	A3	57	75	554	41.250000	A3	57	80	
560	52.120833	F4	65	63	553	41.250000	F4	65	80	
561	52.129167	D3	50	54	555	41.250000	D3	50	80	
562	52.303125	G3	55	53	556	41.375000	G3	55	80	
563	52.422917	F3	53	69	557	41.500000	F3	53	80	
564	52.610417	Bb3	58	65	558	41.625000	Bb3	58	80	
565	52.765625	Eb4	63	64	559	41.750000	Eb4	63	80	
566	52.779167	C3	48	44	560	41.750000	C3	48	80	
567	52.906250	Bb2	46	56	562	41.875000	Bb2	46	80	
568	52.920833	D4	62	63	561	41.875000	D4	62	80	
569	53.090625	C4	60	58	563	42.000000	C4	60	80	
570	53.096875	F3	53	64	564	42.000000	F3	53	80	
571	53.254167	A3	57	61	565	42.125000	A3	57	80	
572	53.427083	G3	55	50	566	42.250000	G3	55	80	
573	53.586458	A3	57	57	567	42.375000	A3	57	80	
574	53.736458	D4	62	63	568	42.500000	D4	62	80	
575	53.881250	Eb3	51	49	570	42.625000	Eb3	51	80	
576	53.887500	Eb4	63	69	569	42.625000	Eb4	63	80	
577	54.052083	F4	65	65	571	42.750000	F4	65	80	
578	54.055208	D3	50	65	572	42.750000	D3	50	80	
579	54.220833	Bb3	58	66	573	42.875000	Bb3	58	80	
580	54.364583	C3	48	64	575	43.000000	C3	48	80	
581	54.372917	C4	60	71	574	43.000000	C4	60	80	
582	54.529167	Bb2	46	69	577	43.125000	Bb2	46	80	
583	54.533333	D4	62	70	576	43.125000	D4	62	80	
584	54.686458	G4	67	77	578	43.250000	G4	67	80	
585	54.833333	A2	45	71	580	43.375000	A2	45	80	
586	54.839583	A4	69	77	579	43.375000	A4	69	80	
587	55.004167	Bb4	70	80	581	43.500000	Bb4	70	80	
588	55.010417	G2	43	78	582	43.500000	G2	43	80	
589	55.155208	Eb4	63	74	583	43.625000	Eb4	63	80	
590	55.301042	F2	41	74	585	43.750000	F2	41	80	
591	55.314583	F4	65	75	584	43.750000	F4	65	80	
592	55.466667	Eb2	39	77	587	43.875000	Eb2	39	80	
593	55.470833	G4	67	81	586	43.875000	G4	67	80	
594	55.631250	C5	72	87	588	44.000000	C5	72	80	
595	55.787500	D2	38	82	590	44.125000	D2	38	80	
596	55.794792	D5	74	83	589	44.125000	D5	74	80	
597	55.941667	Eb5	75	85	591	44.250000	Eb5	75	80	
598	55.956250	C2	36	78	592	44.250000	C2	36	80	
599	56.106250	A4	69	79	593	44.375000	A4	69	80	
600	56.278125	Bb4	70	84	594	44.500000	Bb4	70	80	
601	56.452083	C5	72	89	595	44.625000	C5	72	80	
602	56.615625	D2	38	77	596	44.750000	D2	38	80	
603	56.781250	Bb4	70	84	597	44.875000	Bb4	70	80	
604	56.782292	Eb2	39	70	598	44.875000	Eb2	39	80	
605	56.979167	A4	69	81	599	45.000000	A4	69	80	
606	56.985417	F2	41	76	600	45.000000	F2	41	80	
607	57.154167	D5	74	73	601	45.125000	D5	74	80	
608	57.309375	C5	72	81	602	45.250000	C5	72	80	
609	57.492708	D5	74	77	603	45.375000	D5	74	80	
610	57.498958	Bb4	70	78	604	45.375000	Bb4	70	80	
611	57.656250	Eb5	75	80	605	45.500000	Eb5	75	80	
612	57.816667	D5	74	75	606	45.625000	D5	74	80	
613	57.980208	C5	72	80	607	45.750000	C5	72	80	
614	58.138542	A4	69	69	608	45.875000	A4	69	80	
615	58.292708	G4	67	73	609	46.000000	G4	67	80	
616	58.455208	A4	69	85	610	46.125000	A4	69	80	
617	58.614583	C5	72	75	611	46.250000	C5	72	80	
618	58.763542	F5	77	72	612	46.375000	F5	77	80	
619	58.927083	Bb4	70	74	613	46.500000	Bb4	70	80	
620	59.093750	G4	67	61	614	46.625000	G4	67	80	
621	59.252083	F4	65	70	615	46.750000	F4	65	80	
622	59.405208	G4	67	75	616	46.875000	G4	67	80	
623	59.587500	Bb4	70	66	617	47.000000	Bb4	70	80	
624	59.720833	Eb5	75	64	618	47.125000	Eb5	75	80	
625	59.890625	A4	69	74	619	47.250000	A4	69	80	
626	60.052083	F4	65	63	620	47.375000	F4	65	80	
627	60.219792	E4	64	56	621	47.500000	E4	64	80	
628	60.373958	F4	65	71	622	47.625000	F4	65	80	
629	60.533333	A4	69	63	623	47.750000	A4	69	80	
630	60.686458	D5	74	59	624	47.875000	D5	74	80	
631	60.847917	G4	67	65	625	48.000000	G4	67	80	
632	61.034375	Eb4	63	46	626	48.125000	Eb4	63	80	
633	61.163542	D4	62	54	627	48.250000	D4	62	80	
634	61.340625	Eb4	63	65	628	48.375000	Eb4	63	80	
635	61.511458	G4	67	58	629	48.500000	G4	67	80	
636	61.642708	C5	72	53	630	48.625000	C5	72	80	
637	61.802083	F4	65	62	631	48.750000	F4	65	80	
638	61.969792	D4	62	48	632	48.875000	D4	62	80	
639	62.119792	C4	60	48	633	49.000000	C4	60	80	
640	62.283333	Bb2	46	73	635	49.125000	Bb2	46	80	
641	62.296875	D4	62	57	634	49.125000	D4	62	80	
642	62.447917	A2	45	68	636	49.250000	A2	45	80	
643	62.593750	Bb2	46	69	638	49.375000	Bb2	46	80	
644	62.601042	Bb4	70	65	637	49.375000	Bb4	70	80	
645	62.767708	F3	53	74	640	49.500000	F3	53	80	
646	62.770833	C4	60	62	639	49.500000	C4	60	80	
647	62.915625	G4	67	66	641	49.625000	G4	67	80	
648	63.064583	A4	69	72	642	49.750000	A4	69	80	
649	63.221875	F4	65	57	643	49.875000	F4	65	80	
650	63.240625	D3	50	76	644	49.875000	D3	50	80	
651	63.384375	C3	48	71	645	50.000000	C3	48	80	
652	63.538542	D3	50	78	647	50.125000	D3	50	80	
653	63.540625	D5	74	65	646	50.125000	D5	74	80	
654	63.704167	Bb4	70	58	648	50.250000	Bb4	70	80	
655	63.719792	G3	55	74	649	50.250000	G3	55	80	
656	63.870833	D4	62	62	650	50.375000	D4	62	80	
657	64.021875	Eb4	63	68	651	50.500000	Eb4	63	80	
658	64.193750	A4	69	78	652	50.625000	A4	69	80	
659	64.194792	F3	53	66	653	50.625000	F3	53	80	
660	64.350000	Bb4	70	82	654	50.750000	Bb4	70	80	
661	64.354167	G3	55	67	655	50.750000	G3	55	80	
662	64.506250	C5	72	85	656	50.875000	C5	72	80	
663	64.512500	A3	57	69	657	50.875000	A3	57	80	
664	64.663542	D5	74	76	658	51.000000	D5	74	80	
665	64.666667	Bb3	58	68	659	51.000000	Bb3	58	80	
666	64.819792	C5	72	83	660	51.125000	C5	72	80	
667	64.821875	A3	57	66	661	51.125000	A3	57	80	
668	64.983333	Eb5	75	82	662	51.250000	Eb5	75	80	
669	64.992708	G3	55	64	663	51.250000	G3	55	80	
670	65.140625	D5	74	82	664	51.375000	D5	74	80	
671	65.142708	F3	53	60	665	51.375000	F3	53	80	
672	65.308333	Eb5	75	78	666	51.500000	Eb5	75	80	
673	65.311458	G3	55	62	667	51.500000	G3	55	80	
674	65.477083	C5	72	77	668	51.625000	C5	72	80	
675	65.481250	Eb3	51	62	669	51.625000	Eb3	51	80	
676	65.633333	Bb4	70	74	670	51.750000	Bb4	70	80	
677	65.637500	D3	50	65	671	51.750000	D3	50	80	
678	65.796875	C3	48	61	672	51.875000	C3	48	80	
679	65.960417	Bb2	46	63	673	52.000000	Bb2	46	80	
680	66.137500	D4	62	53	674	52.125000	D4	62	80	
681	66.152083	Bb3	58	57	675	52.125000	Bb3	58	80	
682	66.301042	Eb4	63	56	676	52.250000	Eb4	63	80	
683	66.305208	C4	60	62	677	52.250000	C4	60	80	
684	66.446875	D4	62	55	679	52.375000	D4	62	80	
685	66.446875	F4	65	62	678	52.375000	F4	65	80	
686	66.611458	Eb4	63	60	681	52.500000	Eb4	63	80	
687	66.614583	G4	67	58	680	52.500000	G4	67	80	
688	66.773958	D4	62	53	683	52.625000	D4	62	80	
689	66.780208	F4	65	61	682	52.625000	F4	65	80	
690	66.937500	G#4	68	70	684	52.750000	G#4	68	80	
691	66.946875	C4	60	53	685	52.750000	C4	60	80	
692	67.100000	G4	67	59	686	52.875000	G4	67	80	
693	67.109375	Bb3	58	58	687	52.875000	Bb3	58	80	
694	67.256250	G#4	68	68	688	53.000000	G#4	68	80	
695	67.264583	C4	60	56	689	53.000000	C4	60	80	
696	67.412500	G#3	56	52	691	53.125000	G#3	56	80	
697	67.418750	F4	65	56	690	53.125000	F4	65	80	
698	67.579167	G3	55	64	693	53.250000	G3	55	80	
699	67.590625	E4	64	62	692	53.250000	E4	64	80	
700	67.738542	F4	65	55	694	53.375000	F4	65	80	
701	67.900000	G4	67	59	695	53.500000	G4	67	80	
702	67.903125	F3	53	48	696	53.500000	F3	53	80	
703	68.061458	E3	52	60	698	53.625000	E3	52	80	
704	68.065625	C4	60	64	697	53.625000	C4	60	80	
705	68.211458	G4	67	64	699	53.750000	G4	67	80	
706	68.368750	C3	48	55	701	53.875000	C3	48	80	
707	68.371875	G#4	68	78	700	53.875000	G#4	68	80	
708	68.538542	G#4	68	77	702	54.000000	G#4	68	80	
709	68.540625	F3	53	65	703	54.000000	F3	53	80	
710	68.698958	G#3	56	73	704	54.125000	G#3	56	80	
711	68.859375	Bb3	58	69	705	54.250000	Bb3	58	80	
712	69.029167	Bb3	58	69	706	54.375000	Bb3	58	80	
713	69.041667	D3	50	59	707	54.375000	D3	50	80	
714	69.179167	F4	65	66	708	54.500000	F4	65	80	
715	69.330208	G4	67	70	709	54.625000	G4	67	80	
716	69.500000	G4	67	71	710	54.750000	G4	67	80	
717	69.503125	E3	52	54	711	54.750000	E3	52	80	
718	69.663542	G3	55	62	712	54.875000	G3	55	80	
719	69.825000	G#3	56	70	713	55.000000	G#3	56	80	
720	69.977083	G#3	56	66	714	55.125000	G#3	56	80	
721	70.004167	F3	53	52	715	55.125000	F3	53	80	
722	70.167708	E4	64	64	716	55.250000	E4	64	80	
723	70.313542	F4	65	65	717	55.375000	F4	65	80	
724	70.470833	C#3	49	49	719	55.500000	C#3	49	80	
725	70.475000	F4	65	57	718	55.500000	F4	65	80	
726	70.636458	F3	53	63	720	55.625000	F3	53	80	
727	70.808333	G3	55	65	721	55.750000	G3	55	80	
728	70.980208	B2	47	49	723	55.875000	B2	47	80	
729	70.980208	G3	55	58	722	55.875000	G3	55	80	
730	71.140625	D4	62	52	724	56.000000	D4	62	80	
731	71.313542	E4	64	56	725	56.125000	E4	64	80	
732	71.468750	E4	64	65	726	56.250000	E4	64	80	
733	71.478125	C3	48	46	727	56.250000	C3	48	80	
734	71.642708	B3	59	65	728	56.375000	B3	59	80	
735	71.788542	C4	60	60	729	56.500000	C4	60	80	
736	71.963542	G#4	68	76	730	56.625000	G#4	68	80	
737	72.134375	E4	64	57	731	56.750000	E4	64	80	
738	72.286458	F4	65	47	732	56.875000	G4	67	80	
739	72.458333	Bb3	58	64	733	57.000000	Bb3	58	80	
740	72.612500	G4	67	72	734	57.125000	G4	67	80	
741	72.772917	F4	65	64	735	57.250000	F4	65	80	
742	72.930208	G4	67	63	736	57.375000	G4	67	80	
743	73.102083	E3	52	55	737	57.500000	E3	52	80	
744	73.240625	G3	55	68	738	57.625000	G3	55	80	
745	73.408333	G#3	56	67	739	57.750000	G#3	56	80	
746	73.575000	F4	65	64	740	57.875000	F4	65	80	
747	73.721875	E4	64	72	741	58.000000	E4	64	80	
748	73.889583	F4	65	71	742	58.125000	F4	65	80	
749	74.048958	C5	72	75	743	58.250000	C5	72	80	
750	74.196875	F5	77	75	744	58.375000	F5	77	80	
751	74.372917	Bb4	70	71	745	58.500000	Bb4	70	80	
752	74.527083	G3	55	65	746	58.625000	G3	55	80	
753	74.677083	F3	53	68	747	58.750000	F3	53	80	
754	74.844792	E3	52	70	748	58.875000	E3	52	80	
755	74.997917	G3	55	73	750	59.000000	G3	55	80	
756	75.007292	E5	76	78	749	59.000000	E5	76	80	
757	75.150000	Bb3	58	67	752	59.125000	Bb3	58	80	
758	75.167708	G5	79	86	751	59.125000	G5	79	80	
759	75.334375	C5	72	84	753	59.250000	C5	72	80	
760	75.488542	G#3	56	76	754	59.375000	G#3	56	80	
761	75.653125	G3	55	75	755	59.500000	G3	55	80	
762	75.803125	F3	53	76	756	59.625000	F3	53	80	
763	75.960417	F5	77	80	757	59.750000	F5	77	80	
764	75.971875	G#3	56	78	758	59.750000	G#3	56	80	
765	76.122917	G#5	80	88	759	59.875000	G#5	80	80	
766	76.123958	C4	60	68	760	59.875000	C4	60	80	
767	76.287500	C#5	73	88	761	60.000000	C#5	73	80	
768	76.437500	Bb3	58	78	762	60.125000	Bb3	58	80	
769	76.612500	F5	77	88	763	60.250000	F5	77	80	
770	76.616667	G#3	56	70	764	60.250000	G#3	56	80	
771	76.776042	G3	55	68	766	60.375000	G3	55	80	
772	76.778125	Bb5	82	92	765	60.375000	Bb5	82	80	
773	76.932292	G#3	56	77	767	60.500000	G#3	56	80	
774	77.092708	C3	48	11	*	-1	*	-1	-1	
775	77.093750	C#5	73	88	768	60.625000	C#5	73	80	
776	77.106250	F3	53	68	769	60.625000	F3	53	80	
777	77.261458	C5	72	91	770	60.750000	C5	72	80	
778	77.278125	E3	52	62	771	60.750000	E3	52	80	
779	77.420833	D3	50	65	772	60.875000	D3	50	80	
780	77.572917	E3	52	73	774	61.000000	E3	52	80	
781	77.583333	Bb5	82	92	773	61.000000	Bb5	82	80	
782	77.648958	G#5	80	23	*	-1	*	-1	-1	
783	77.741667	G#5	80	88	775	61.125000	G#5	80	80	
784	77.751042	F3	53	72	776	61.125000	F3	53	80	
785	77.893750	G3	55	75	777	61.250000	G3	55	80	
786	78.056250	G#3	56	87	779	61.375000	G#3	56	80	
787	78.057292	F5	77	83	778	61.375000	F5	77	80	
788	78.233333	B4	71	91	780	61.500000	B4	71	80	
789	78.240625	D2	38	91	781	61.500000	D2	38	80	
790	78.402083	F5	77	89	782	61.625000	F5	77	80	
791	78.568750	G5	79	95	783	61.750000	G5	79	80	
792	78.739583	G#5	80	90	784	61.875000	G#5	80	80	
793	78.740625	B2	47	82	785	61.875000	B2	47	80	
794	78.915625	G5	79	91	786	62.000000	G5	79	80	
795	79.071875	F5	77	88	787	62.125000	F5	77	80	
796	79.230208	C2	36	71	789	62.250000	C2	36	80	
797	79.232292	C3	48	80	788	62.250000	C3	48	80	
798	79.406250	E5	76	78	790	62.375000	E5	76	80	
799	79.547917	D3	50	75	792	62.500000	D3	50	80	
800	79.558333	C#5	73	82	791	62.500000	C#5	73	80	
801	79.713542	E3	52	77	793	62.625000	E3	52	80	
802	79.869792	C5	72	78	794	62.750000	C5	72	80	
803	80.021875	C3	48	60	796	62.875000	C3	48	80	
804	80.025000	Bb4	70	78	795	62.875000	Bb4	70	80	
805	80.215625	F3	53	53	798	63.000000	F3	53	80	
806	80.355208	G#4	68	65	799	63.125000	G#4	68	80	
807	80.481250	G3	55	65	801	63.250000	G3	55	80	
808	80.507292	G4	67	75	800	63.250000	G4	67	80	
809	80.662500	F4	65	86	802	63.375000	F4	65	80	
810	80.673958	G#3	56	73	803	63.375000	G#3	56	80	
811	80.823958	E4	64	84	804	63.500000	E4	64	80	
812	80.835417	C4	60	68	805	63.500000	C4	60	80	
813	80.962500	B3	59	77	807	63.625000	B3	59	80	
814	80.964583	F4	65	80	806	63.625000	F4	65	80	
815	81.114583	C5	72	85	808	63.750000	C5	72	80	
816	81.152083	C4	60	68	809	63.750000	C4	60	80	
817	81.165625	G3	55	60	810	63.750000	G3	55	80	
818	81.186458	C3	48	36	811	63.750000	C3	48	80	
819	81.281250	D4	62	63	812	63.875000	D4	62	80	
820	81.396875	E4	64	57	813	64.000000	E4	64	80	
821	81.496875	C3	48	52	818	64.125000	C3	48	80	
822	81.572917	F3	53	80	817	64.125000	F3	53	80	
823	81.585417	Eb4	63	77	816	64.125000	Eb4	63	80	
824	81.588542	C4	60	79	815	64.125000	C4	60	80	
825	81.592708	A4	69	89	814	64.125000	A4	69	80	
826	81.768750	G4	67	77	819	64.250000	G4	67	80	
827	81.904167	A4	69	88	820	64.375000	A4	69	80	
828	82.101042	Bb2	46	71	826	64.500000	Bb2	46	80	
829	82.114583	Bb3	58	62	825	64.500000	Bb3	58	80	
830	82.170833	C#4	61	67	823	64.500000	C#4	61	80	
831	82.170833	F4	65	70	824	64.500000	F4	65	80	
832	82.192708	Bb4	70	85	821	64.500000	Bb4	70	80	
833	82.196875	C#5	73	88	822	64.500000	C#5	73	80	
834	82.391667	C#3	49	74	827	64.625000	C#3	49	80	
835	82.572917	F3	53	71	828	64.750000	F3	53	80	
836	82.759375	C5	72	91	829	64.875000	C5	72	80	
837	82.768750	Bb3	58	71	830	64.875000	Bb3	58	80	
838	82.931250	A3	57	66	832	65.000000	A3	57	80	
839	82.936458	D5	74	83	831	65.000000	D5	74	80	
840	83.097917	E5	76	91	833	65.125000	E5	76	80	
841	83.115625	G3	55	55	834	65.125000	G3	55	80	
842	83.254167	F5	77	88	835	65.250000	F5	77	80	
843	83.277083	A3	57	64	836	65.250000	A3	57	80	
844	83.405208	E5	76	85	837	65.375000	E5	76	80	
845	83.550000	Bb3	58	66	840	65.500000	Bb3	58	80	
846	83.564583	D5	74	75	838	65.500000	D5	74	80	
847	83.576042	Bb4	70	79	839	65.500000	Bb4	70	80	
848	83.722917	C5	72	81	841	65.625000	C5	72	80	
849	83.730208	Bb4	70	32	*	-1	*	-1	-1	
850	83.742708	A4	69	68	842	65.625000	A4	69	80	
851	83.746875	C4	60	58	843	65.625000	C4	60	80	
852	83.882292	D5	74	68	844	65.750000	D5	74	80	
853	84.019792	C3	48	44	847	65.875000	C3	48	80	
854	84.021875	Bb4	70	78	845	65.875000	Bb4	70	80	
855	84.028125	G4	67	67	846	65.875000	G4	67	80	
856	84.181250	A4	69	75	848	66.000000	A4	69	80	
857	84.189583	F4	65	70	849	66.000000	F4	65	80	
858	84.192708	F3	53	64	850	66.000000	F3	53	80	
859	84.388542	F4	65	58	851	66.125000	F4	65	80	
860	84.452083	G4	67	65	852	66.187500	G4	67	80	
861	84.527083	A4	69	64	853	66.250000	A4	69	80	
862	84.560417	Bb4	70	71	854	66.312500	Bb4	70	80	
863	84.630208	C5	72	73	855	66.375000	C5	72	80	
864	84.631250	F2	41	61	856	66.375000	F2	41	80	
865	84.792708	A4	69	64	857	66.500000	A4	69	80	
866	84.826042	E2	40	47	858	66.500000	E2	40	80	
867	84.963542	F2	41	68	860	66.625000	F2	41	80	
868	84.973958	Eb4	63	71	859	66.625000	Eb4	63	80	
869	85.127083	Eb4	63	65	861	66.750000	Eb4	63	80	
870	85.128125	Bb2	46	70	862	66.750000	Bb2	46	80	
871	85.290625	D4	62	62	863	66.875000	D4	62	80	
872	85.378125	F4	65	61	864	66.937500	F4	65	80	
873	85.435417	G4	67	60	865	67.000000	G4	67	80	
874	85.483333	A4	69	68	866	67.062500	A4	69	80	
875	85.565625	Bb4	70	77	867	67.125000	Bb4	70	80	
876	85.572917	G2	43	64	869	67.125000	G2	43	80	
877	85.747917	F2	41	63	871	67.250000	F2	41	80	
878	85.747917	D4	62	62	870	67.250000	D4	62	80	
879	85.892708	G2	43	75	873	67.375000	G2	43	80	
880	85.898958	F4	65	60	872	67.375000	F4	65	80	
881	86.051042	C3	48	78	875	67.500000	C3	48	80	
882	86.076042	F4	65	57	874	67.500000	F4	65	80	
883	86.210417	E4	64	67	876	67.625000	E4	64	80	
884	86.321875	G4	67	62	877	67.687500	G4	67	80	
885	86.384375	A4	69	67	878	67.750000	A4	69	80	
886	86.431250	Bb4	70	71	879	67.812500	Bb4	70	80	
887	86.491667	A2	45	64	881	67.875000	A2	45	80	
888	86.515625	C5	72	79	880	67.875000	C5	72	80	
889	86.670833	E4	64	72	882	68.000000	E4	64	80	
890	86.682292	G2	43	61	883	68.000000	G2	43	80	
891	86.821875	G4	67	74	884	68.125000	G4	67	80	
892	86.832292	A2	45	68	885	68.125000	A2	45	80	
893	86.982292	D3	50	75	887	68.250000	D3	50	80	
894	86.992708	G4	67	67	886	68.250000	G4	67	80	
895	87.123958	F4	65	59	888	68.375000	F4	65	80	
896	87.209375	A4	69	73	889	68.437500	A4	69	80	
897	87.285417	Bb4	70	70	890	68.500000	Bb4	70	80	
898	87.348958	C5	72	70	891	68.562500	C5	72	80	
899	87.413542	D5	74	76	892	68.625000	D5	74	80	
900	87.426042	Bb2	46	67	893	68.625000	Bb2	46	80	
901	87.506250	C5	72	61	894	68.687500	C5	72	80	
902	87.561458	Bb4	70	71	895	68.750000	Bb4	70	80	
903	87.597917	A2	45	58	896	68.750000	A2	45	80	
904	87.634375	A4	69	73	897	68.812500	A4	69	80	
905	87.692708	Bb2	46	59	899	68.875000	Bb2	46	80	
906	87.708333	G4	67	63	898	68.875000	G4	67	80	
907	87.791667	F4	65	69	900	68.937500	F4	65	80	
908	87.852083	E3	52	82	902	69.000000	E3	52	80	
909	87.870833	G4	67	78	901	69.000000	G4	67	80	
910	87.959375	Bb4	70	74	903	69.062500	Bb4	70	80	
911	88.032292	C5	72	84	904	69.125000	C5	72	80	
912	88.116667	D5	74	81	905	69.187500	D5	74	80	
913	88.187500	E5	76	78	906	69.250000	E5	76	80	
914	88.255208	F5	77	69	907	69.312500	F5	77	80	
915	88.311458	G5	79	86	908	69.375000	G5	79	80	
916	88.321875	C3	48	76	909	69.375000	C3	48	80	
917	88.396875	F5	77	73	910	69.437500	F5	77	80	
918	88.459375	E5	76	72	911	69.500000	E5	76	80	
919	88.484375	D3	50	76	912	69.500000	D3	50	80	
920	88.532292	D5	74	76	913	69.562500	D5	74	80	
921	88.593750	C5	72	69	914	69.625000	C5	72	80	
922	88.650000	E3	52	79	915	69.625000	E3	52	80	
923	88.684375	Bb4	70	81	916	69.687500	Bb4	70	80	
924	88.776042	A4	69	85	917	69.750000	A4	69	80	
925	88.800000	F3	53	83	918	69.750000	F3	53	80	
926	88.945833	C5	72	78	919	69.875000	C5	72	80	
927	88.956250	E3	52	69	920	69.875000	E3	52	80	
928	89.105208	Bb4	70	78	921	70.000000	Bb4	70	80	
929	89.111458	D3	50	70	922	70.000000	D3	50	80	
930	89.267708	C5	72	80	923	70.125000	C5	72	80	
931	89.271875	C3	48	61	924	70.125000	C3	48	80	
932	89.436458	D3	50	65	925	70.250000	D3	50	80	
933	89.601042	E4	64	69	926	70.375000	E4	64	80	
934	89.607292	Bb2	46	60	927	70.375000	Bb2	46	80	
935	89.766667	A2	45	62	929	70.500000	A2	45	80	
936	89.772917	F4	65	67	928	70.500000	F4	65	80	
937	89.922917	Bb2	46	64	930	70.625000	Bb2	46	80	
938	90.097917	Bb4	70	72	932	70.750000	Bb4	70	80	
939	90.101042	D5	74	71	931	70.750000	D5	74	80	
940	90.103125	G2	43	60	933	70.750000	G2	43	80	
941	90.255208	Eb5	75	77	934	70.875000	Eb5	75	80	
942	90.262500	F2	41	68	936	70.875000	F2	41	80	
943	90.268750	A4	69	64	935	70.875000	A4	69	80	
944	90.423958	Bb4	70	73	937	71.000000	Bb4	70	80	
945	90.431250	G2	43	59	938	71.000000	G2	43	80	
946	90.584375	C5	72	79	939	71.125000	C5	72	80	
947	90.590625	A2	45	65	940	71.125000	A2	45	80	
948	90.763542	Bb2	46	66	942	71.250000	Bb2	46	80	
949	90.763542	D5	74	87	941	71.250000	D5	74	80	
950	90.930208	C3	48	65	943	71.375000	C3	48	80	
951	91.094792	F4	65	76	944	71.500000	F4	65	80	
952	91.101042	A2	45	67	945	71.500000	A2	45	80	
953	91.262500	Bb4	70	91	946	71.625000	Bb4	70	80	
954	91.266667	G2	43	68	947	71.625000	G2	43	80	
955	91.429167	A2	45	70	948	71.750000	A2	45	80	
956	91.581250	G5	79	89	949	71.875000	G5	79	80	
957	91.584375	Bb2	46	78	950	71.875000	Bb2	46	80	
958	91.763542	C3	48	82	952	72.000000	C3	48	80	
959	91.768750	E5	76	92	951	72.000000	E5	76	80	
960	91.925000	D3	50	77	953	72.125000	D3	50	80	
961	92.102083	G4	67	78	954	72.250000	G4	67	80	
962	92.107292	Bb2	46	74	955	72.250000	Bb2	46	80	
963	92.275000	C5	72	95	956	72.375000	C5	72	80	
964	92.281250	A2	45	76	957	72.375000	A2	45	80	
965	92.443750	Bb2	46	79	958	72.500000	Bb2	46	80	
966	92.612500	A5	81	91	959	72.625000	A5	81	80	
967	92.616667	C3	48	80	960	72.625000	C3	48	80	
968	92.798958	F5	77	87	961	72.750000	F5	77	80	
969	92.808333	D3	50	75	962	72.750000	D3	50	80	
970	92.962500	A4	69	80	963	72.875000	A4	69	80	
971	92.967708	C3	48	72	964	72.875000	C3	48	80	
972	93.129167	D5	74	84	965	73.000000	D5	74	80	
973	93.131250	Bb4	70	82	966	73.000000	Bb4	70	80	
974	93.136458	Bb2	46	73	967	73.000000	Bb2	46	80	
975	93.330208	A4	69	89	968	73.125000	A4	69	80	
976	93.336458	C3	48	70	970	73.125000	C3	48	80	
977	93.340625	F4	65	75	969	73.125000	F4	65	80	
978	93.543750	Bb4	70	88	971	73.250000	Bb4	70	80	
979	93.781250	G4	67	84	972	73.375000	G4	67	80	
980	93.784375	C2	36	63	974	73.375000	C2	36	80	
981	93.788542	E4	64	75	973	73.375000	E4	64	80	
982	94.159375	F4	65	87	975	73.500000	F4	65	80	
983	94.164583	F2	41	67	977	73.500000	F2	41	80	
*	-1	*	-1	-1	248	20.125000	G4	67	80	
*	-1	*	-1	-1	334	25.875000	G3	55	80	
*	-1	*	-1	-1	483	36.750000	G4	67	80	
*	-1	*	-1	-1	497	37.750000	D5	74	80	
*	-1	*	-1	-1	506	38.125000	G2	43	80	
*	-1	*	-1	-1	797	62.875000	C3	48	80	
*	-1	*	-1	-1	868	67.125000	Bb4	70	80	
*	-1	*	-1	-1	976	73.500000	F4	65	80	
