// alignID alignOntime alignSitch alignPitch alignOnvel refID refOntime refSitch refPitch refOnvel
0	0.979167	F4	65	47	0	0.000000	F4	65	80	
1	0.988542	G#3	56	35	2	0.000000	G#3	56	80	
2	0.994792	F3	53	30	3	0.000000	F3	53	80	
3	1.361458	G#4	68	55	4	0.125000	G#4	68	80	
4	1.663542	C5	72	54	5	0.250000	C5	72	80	
5	1.955208	F5	77	55	6	0.375000	F5	77	80	
6	2.277083	Bb3	58	41	9	0.500000	Bb3	58	80	
7	2.279167	G4	67	56	7	0.500000	G4	67	80	
8	2.604167	F5	77	61	10	0.625000	F5	77	80	
9	2.921875	E5	76	62	11	0.750000	E5	76	80	
10	3.228125	G5	79	66	12	0.875000	G5	79	80	
11	3.541667	G#4	68	67	13	1.000000	G#4	68	80	
12	3.552083	C4	60	42	15	1.000000	C4	60	80	
13	3.839583	C5	72	64	16	1.125000	C5	72	80	
14	4.144792	F5	77	60	17	1.250000	F5	77	80	
15	4.440625	E5	76	65	18	1.375000	E5	76	80	
16	4.734375	G#3	56	41	21	1.500000	G#3	56	80	
17	4.786458	F5	77	63	19	1.500000	F5	77	80	
18	5.110417	C5	72	51	22	1.625000	C5	72	80	
19	5.400000	Bb4	70	58	23	1.750000	Bb4	70	80	
20	5.703125	G#4	68	63	24	1.875000	G#4	68	80	
21	6.002083	Bb3	58	35	27	2.000000	Bb3	58	80	
22	6.040625	C#5	73	66	25	2.000000	C#5	73	80	
23	6.367708	G#4	68	57	28	2.125000	G#4	68	80	
24	6.667708	G4	67	44	29	2.250000	G4	67	80	
25	6.979167	Bb4	70	54	30	2.375000	Bb4	70	80	
26	7.297917	E4	64	50	31	2.500000	E4	64	80	
27	7.312500	G3	55	34	32	2.500000	G3	55	80	
28	7.635417	C#5	73	64	33	2.625000	C#5	73	80	
29	7.936458	C5	72	61	34	2.750000	C5	72	80	
30	8.255208	Bb4	70	66	35	2.875000	Bb4	70	80	
31	8.607292	G#4	68	54	36	3.000000	G#4	68	80	
32	8.625000	F3	53	51	38	3.000000	F3	53	80	
33	8.635417	F4	65	38	37	3.000000	F4	65	80	
34	8.929167	G#3	56	62	40	3.125000	G#3	56	80	
35	9.243750	C4	60	60	41	3.250000	C4	60	80	
36	9.536458	F4	65	52	43	3.375000	F4	65	80	
37	9.538542	Bb4	70	72	42	3.375000	Bb4	70	80	
38	9.836458	G3	55	56	46	3.500000	G3	55	80	
39	9.875000	C5	72	59	45	3.500000	C5	72	80	
40	10.056250	Bb4	70	63	44	3.500000	Bb4	70	80	
41	10.188542	F4	65	60	54	3.625000	F4	65	80	
42	10.188542	C5	72	65	*	-1	*	-1	-1	
43	10.304167	Bb4	70	65	*	-1	*	-1	-1	
44	10.377083	C5	72	55	*	-1	*	-1	-1	
45	10.468750	E4	64	65	59	3.750000	E4	64	80	
46	10.485417	Bb4	70	69	*	-1	*	-1	-1	
47	10.569792	C5	72	58	*	-1	*	-1	-1	
48	10.645833	Bb4	70	67	*	-1	*	-1	-1	
49	10.752083	G4	67	59	64	3.875000	G4	67	80	
50	10.769792	G#4	68	73	63	3.875000	G#4	68	80	
51	10.905208	Bb4	70	74	*	-1	*	-1	-1	
52	11.082292	G#3	56	53	68	4.000000	G#3	56	80	
53	11.109375	C5	72	76	69	4.000000	G#3	56	80	
54	11.439583	G#4	68	55	70	4.125000	G#4	68	80	
55	11.739583	E4	64	50	71	4.250000	E4	64	80	
56	12.044792	F4	65	49	72	4.375000	F4	65	80	
57	12.350000	Bb3	58	43	74	4.500000	Bb3	58	80	
58	12.365625	C#4	61	52	73	4.500000	C#4	61	80	
59	12.682292	C#5	73	63	75	4.625000	C#5	73	80	
60	12.984375	G4	67	61	76	4.750000	G4	67	80	
61	13.282292	Bb4	70	73	77	4.875000	Bb4	70	80	
62	13.680208	C3	48	62	80	5.000000	C3	48	80	
63	13.682292	E4	64	61	78	5.000000	E4	64	80	
64	13.698958	C4	60	46	79	5.000000	C4	60	80	
65	14.015625	E3	52	64	82	5.125000	E3	52	80	
66	14.320833	G3	55	67	83	5.250000	G3	55	80	
67	14.598958	F4	65	65	84	5.375000	F4	65	80	
68	14.608333	C4	60	59	85	5.375000	C4	60	80	
69	14.923958	C#3	49	67	88	5.500000	C#3	49	80	
70	14.937500	G4	67	53	87	5.500000	G4	67	80	
71	15.104167	F4	65	59	86	5.500000	F4	65	80	
72	15.238542	G4	67	60	*	-1	*	-1	-1	
73	15.244792	C4	60	67	96	5.625000	C4	60	80	
74	15.344792	F4	65	57	*	-1	*	-1	-1	
75	15.431250	G4	67	53	*	-1	*	-1	-1	
76	15.518750	Bb3	58	64	101	5.750000	Bb3	58	80	
77	15.527083	F4	65	62	*	-1	*	-1	-1	
78	15.628125	G4	67	59	*	-1	*	-1	-1	
79	15.702083	F4	65	59	*	-1	*	-1	-1	
80	15.810417	C#4	61	56	106	5.875000	C#4	61	80	
81	15.817708	E4	64	65	105	5.875000	E4	64	80	
82	15.962500	F4	65	63	*	-1	*	-1	-1	
83	16.136458	E3	52	49	110	6.000000	E3	52	80	
84	16.169792	G4	67	61	111	6.000000	E3	52	80	
85	16.493750	C5	72	64	112	6.125000	C5	72	80	
86	16.796875	Bb4	70	65	113	6.250000	Bb4	70	80	
87	16.807292	G3	55	54	114	6.250000	G3	55	80	
88	17.131250	C#5	73	72	115	6.375000	C#5	73	80	
89	17.445833	C4	60	65	117	6.500000	C4	60	80	
90	17.451042	E4	64	63	116	6.500000	E4	64	80	
91	17.771875	C#5	73	76	118	6.625000	C#5	73	80	
92	18.075000	C3	48	67	120	6.750000	C3	48	80	
93	18.090625	C5	72	78	119	6.750000	C5	72	80	
94	18.406250	Bb4	70	83	121	6.875000	Bb4	70	80	
95	18.809375	F2	41	74	124	7.000000	F2	41	80	
96	18.825000	A4	69	76	122	7.000000	A4	69	80	
97	18.829167	Eb4	63	57	123	7.000000	Eb4	63	80	
98	19.185417	A2	45	67	126	7.125000	A2	45	80	
99	19.481250	C3	48	70	127	7.250000	C3	48	80	
100	19.760417	Bb4	70	78	128	7.375000	Bb4	70	80	
101	19.766667	F3	53	67	129	7.375000	F3	53	80	
102	20.081250	F#2	42	69	133	7.500000	F#2	42	80	
103	20.090625	C5	72	65	132	7.500000	C5	72	80	
104	20.107292	C#4	61	47	131	7.500000	C#4	61	80	
105	20.283333	Bb4	70	63	130	7.500000	Bb4	70	80	
106	20.395833	F3	53	68	*	-1	*	-1	-1	
107	20.409375	C5	72	70	*	-1	*	-1	-1	
108	20.523958	Bb4	70	69	*	-1	*	-1	-1	
109	20.612500	C5	72	62	*	-1	*	-1	-1	
110	20.671875	Eb3	51	68	*	-1	*	-1	-1	
111	20.712500	Bb4	70	64	*	-1	*	-1	-1	
112	20.792708	C5	72	58	*	-1	*	-1	-1	
113	20.886458	Bb4	70	62	*	-1	*	-1	-1	
114	20.963542	F#3	54	62	*	-1	*	-1	-1	
115	20.987500	A4	69	74	150	7.875000	A4	69	80	
116	21.138542	Bb4	70	75	*	-1	*	-1	-1	
117	21.297917	A2	45	45	154	8.000000	A2	45	80	
118	21.327083	C5	72	71	155	8.000000	A2	45	80	
119	21.631250	F4	65	56	156	8.125000	F4	65	80	
120	21.959375	C3	48	46	158	8.250000	C3	48	80	
121	21.965625	Eb4	63	53	157	8.250000	Eb4	63	80	
122	22.291667	F#4	66	64	159	8.375000	F#4	66	80	
123	22.598958	A2	45	48	160	8.500000	A2	45	80	
124	22.911458	F#4	66	51	162	8.625000	F#4	66	80	
125	23.234375	F4	65	45	163	8.750000	F4	65	80	
126	23.250000	F2	41	38	164	8.750000	F2	41	80	
127	23.547917	Eb4	63	47	165	8.875000	Eb4	63	80	
128	23.897917	C#4	61	50	166	9.000000	C#4	61	80	
129	23.904167	Bb2	46	36	167	9.000000	Bb2	46	80	
130	24.234375	C5	72	56	168	9.125000	C5	72	80	
131	24.544792	Bb4	70	60	169	9.250000	Bb4	70	80	
132	24.866667	C#5	73	59	170	9.375000	C#5	73	80	
133	25.195833	G4	67	49	171	9.500000	G4	67	80	
134	25.512500	Bb2	46	46	172	9.625000	Bb2	46	80	
135	25.821875	C3	48	44	174	9.750000	C3	48	80	
136	25.844792	Bb4	70	57	175	9.781250	Bb4	70	80	
137	26.002083	G#4	68	57	*	-1	*	-1	-1	
138	26.109375	Bb4	70	59	*	-1	*	-1	-1	
139	26.132292	C#3	49	49	179	9.875000	C#3	49	80	
140	26.200000	G#4	68	55	178	9.875000	G#4	68	80	
141	26.284375	Bb4	70	60	*	-1	*	-1	-1	
142	26.361458	G#4	68	38	*	-1	*	-1	-1	
143	26.484375	G2	43	43	181	10.000000	G2	43	80	
144	26.488542	Bb4	70	72	180	10.000000	Bb4	70	80	
145	26.827083	C4	60	54	182	10.125000	C4	60	80	
146	27.137500	Bb2	46	49	184	10.250000	Bb2	46	80	
147	27.150000	C#4	61	60	183	10.250000	C#4	61	80	
148	27.469792	F4	65	65	185	10.375000	F4	65	80	
149	27.791667	Eb3	51	55	187	10.500000	Eb3	51	80	
150	27.795833	G3	55	55	186	10.500000	G3	55	80	
151	28.127083	F4	65	60	188	10.625000	F4	65	80	
152	28.472917	Eb4	63	49	189	10.750000	Eb4	63	80	
153	28.487500	Eb2	39	47	190	10.750000	Eb2	39	80	
154	28.822917	C#4	61	52	191	10.875000	C#4	61	80	
155	29.234375	G#2	44	37	193	11.000000	G#2	44	80	
156	29.303125	C4	60	45	192	11.000000	C4	60	80	
157	29.641667	G#4	68	65	195	11.125000	G#4	68	80	
158	29.653125	C3	48	39	196	11.125000	C3	48	80	
159	29.958333	Eb3	51	44	198	11.250000	Eb3	51	80	
160	29.963542	C5	72	66	197	11.250000	C5	72	80	
161	30.271875	G#3	56	57	199	11.375000	G#3	56	80	
162	30.575000	Bb2	46	51	201	11.500000	Bb2	46	80	
163	30.584375	C#4	61	60	200	11.500000	C#4	61	80	
164	30.898958	G#3	56	50	204	11.625000	G#3	56	80	
165	30.913542	Bb4	70	77	203	11.625000	Bb4	70	80	
166	31.195833	G3	55	55	206	11.750000	G3	55	80	
167	31.217708	C#5	73	77	205	11.750000	C#5	73	80	
168	31.527083	Bb3	58	71	207	11.875000	Bb3	58	80	
169	31.815625	C3	48	59	209	12.000000	C3	48	80	
170	31.821875	Eb4	63	76	208	12.000000	Eb4	63	80	
171	32.143750	C5	72	83	211	12.125000	C5	72	80	
172	32.146875	Eb3	51	57	212	12.125000	Eb3	51	80	
173	32.415625	G#3	56	59	214	12.250000	G#3	56	80	
174	32.452083	Eb5	75	88	213	12.250000	Eb5	75	80	
175	32.765625	C4	60	65	215	12.375000	C4	60	80	
176	33.057292	C#3	49	63	217	12.500000	C#3	49	80	
177	33.065625	F4	65	77	216	12.500000	F4	65	80	
178	33.360417	C4	60	63	220	12.625000	C4	60	80	
179	33.364583	C#5	73	83	219	12.625000	C#5	73	80	
180	33.628125	Bb3	58	64	222	12.750000	Bb3	58	80	
181	33.687500	F5	77	87	221	12.750000	F5	77	80	
182	33.970833	C#4	61	75	223	12.875000	C#4	61	80	
183	34.296875	Eb3	51	54	225	13.000000	Eb3	51	80	
184	34.330208	G4	67	73	224	13.000000	G4	67	80	
185	34.657292	Eb5	75	74	227	13.125000	Eb5	75	80	
186	34.659375	G3	55	53	228	13.125000	G3	55	80	
187	34.946875	Bb3	58	54	230	13.250000	Bb3	58	80	
188	34.959375	C#5	73	74	229	13.250000	C#5	73	80	
189	35.251042	C5	72	76	231	13.375000	C5	72	80	
190	35.256250	Eb4	63	62	232	13.375000	Eb4	63	80	
191	35.556250	F3	53	64	234	13.500000	F3	53	80	
192	35.559375	Bb4	70	75	233	13.500000	Bb4	70	80	
193	35.866667	Eb4	63	67	237	13.625000	Eb4	63	80	
194	35.871875	G4	67	73	236	13.625000	G4	67	80	
195	36.167708	C#4	61	68	239	13.750000	C#4	61	80	
196	36.178125	G#4	68	78	238	13.750000	G#4	68	80	
197	36.475000	C#5	73	75	240	13.875000	C#5	73	80	
198	36.485417	F4	65	63	241	13.875000	F4	65	80	
199	36.787500	G3	55	69	243	14.000000	G3	55	80	
200	36.823958	C5	72	70	245	14.031250	C5	72	80	
201	36.953125	Bb4	70	67	242	14.000000	Bb4	70	80	
202	37.050000	C5	72	62	*	-1	*	-1	-1	
203	37.153125	F4	65	67	*	-1	*	-1	-1	
204	37.158333	Bb4	70	59	*	-1	*	-1	-1	
205	37.250000	C5	72	55	*	-1	*	-1	-1	
206	37.364583	Bb4	70	59	*	-1	*	-1	-1	
207	37.455208	Eb4	63	74	*	-1	*	-1	-1	
208	37.465625	C5	72	57	*	-1	*	-1	-1	
209	37.555208	Bb4	70	59	*	-1	*	-1	-1	
210	37.654167	C5	72	55	*	-1	*	-1	-1	
211	37.725000	C#4	61	65	*	-1	*	-1	-1	
212	37.751042	Bb4	70	61	*	-1	*	-1	-1	
213	37.850000	C5	72	62	*	-1	*	-1	-1	
214	37.948958	Bb4	70	64	248	14.125000	Bb4	70	80	
215	38.081250	G#3	56	69	253	14.500000	G#3	56	80	
216	38.091667	C4	60	56	*	-1	*	-1	-1	
217	38.428125	Eb4	63	69	254	14.625000	Eb4	63	80	
218	38.731250	G3	55	64	256	14.750000	G3	55	80	
219	38.747917	F4	65	67	255	14.750000	F4	65	80	
220	39.041667	G4	67	67	257	14.875000	G4	67	80	
221	39.347917	F3	53	56	259	15.000000	F3	53	80	
222	39.348958	G#4	68	73	258	15.000000	G#4	68	80	
223	39.665625	G4	67	67	260	15.125000	G4	67	80	
224	39.971875	C#3	49	60	262	15.250000	C#3	49	80	
225	39.981250	G#4	68	77	261	15.250000	G#4	68	80	
226	40.307292	F5	77	78	263	15.375000	F5	77	80	
227	40.629167	Eb3	51	49	266	15.500000	Eb3	51	80	
228	40.647917	C4	60	47	267	15.531250	C4	60	80	
229	40.691667	Eb5	75	72	264	15.500000	Eb5	75	80	
230	40.802083	Bb3	58	59	*	-1	*	-1	-1	
231	40.923958	C4	60	42	*	-1	*	-1	-1	
232	40.973958	Bb3	58	55	271	15.625000	Bb3	58	80	
233	41.005208	G#4	68	65	270	15.625000	G#4	68	80	
234	41.090625	C4	60	22	*	-1	*	-1	-1	
235	41.123958	Bb3	58	46	*	-1	*	-1	-1	
236	41.198958	C4	60	36	*	-1	*	-1	-1	
237	41.275000	Bb3	58	66	*	-1	*	-1	-1	
238	41.284375	G4	67	69	272	15.750000	G4	67	80	
239	41.605208	C#5	73	80	273	15.875000	C#5	73	80	
240	42.021875	G#3	56	49	275	16.000000	G#3	56	80	
241	42.029167	G#2	44	47	276	16.000000	G#2	44	80	
242	42.051042	C5	72	71	274	16.000000	C5	72	80	
243	42.456250	G#4	68	73	277	16.125000	G#4	68	80	
244	42.776042	C5	72	75	278	16.250000	C5	72	80	
245	43.082292	E5	76	69	279	16.375000	E5	76	80	
246	43.400000	F5	77	75	280	16.500000	F5	77	80	
247	43.712500	G5	79	80	281	16.625000	G5	79	80	
248	43.713542	G#3	56	56	282	16.625000	G#3	56	80	
249	44.002083	G3	55	51	284	16.750000	G3	55	80	
250	44.019792	E5	76	75	283	16.750000	E5	76	80	
251	44.316667	F3	53	55	286	16.875000	F3	53	80	
252	44.317708	F5	77	80	285	16.875000	F5	77	80	
253	44.607292	E3	52	49	288	17.000000	E3	52	80	
254	44.662500	G5	79	82	287	17.000000	G5	79	80	
255	44.972917	G3	55	52	290	17.125000	G3	55	80	
256	45.267708	Bb3	58	61	291	17.250000	Bb3	58	80	
257	45.575000	C#4	61	68	292	17.375000	C#4	61	80	
258	45.896875	C3	48	64	293	17.500000	C3	48	80	
259	46.212500	F3	53	58	295	17.625000	F3	53	80	
260	46.521875	E3	52	56	296	17.750000	E3	52	80	
261	46.844792	G3	55	60	297	17.875000	G3	55	80	
262	47.202083	G#3	56	64	298	18.000000	G#3	56	80	
263	47.206250	F3	53	58	299	18.000000	F3	53	80	
264	47.528125	C5	72	78	300	18.125000	C5	72	80	
265	47.846875	F5	77	79	301	18.250000	F5	77	80	
266	48.181250	G#5	80	79	302	18.375000	G#5	80	80	
267	48.479167	D5	74	68	303	18.500000	D5	74	80	
268	48.776042	F5	77	66	304	18.625000	F5	77	80	
269	48.787500	F3	53	47	305	18.625000	F3	53	80	
270	49.080208	Eb3	51	46	307	18.750000	Eb3	51	80	
271	49.094792	B4	71	63	306	18.750000	B4	71	80	
272	49.376042	D3	50	50	309	18.875000	D3	50	80	
273	49.378125	C5	72	69	308	18.875000	C5	72	80	
274	49.706250	G3	55	57	311	19.000000	G3	55	80	
275	49.750000	C5	72	67	313	19.031250	C5	72	80	
276	49.893750	B4	71	56	*	-1	*	-1	-1	
277	49.975000	C5	72	61	*	-1	*	-1	-1	
278	50.046875	B4	71	55	316	19.123958	B4	71	80	
279	50.081250	B3	59	66	317	19.125000	B3	59	80	
280	50.126042	C5	72	66	*	-1	*	-1	-1	
281	50.209375	B4	71	62	*	-1	*	-1	-1	
282	50.378125	D4	62	66	318	19.250000	D4	62	80	
283	50.662500	G4	67	54	320	19.375000	G4	67	80	
284	50.663542	C5	72	81	319	19.375000	C5	72	80	
285	50.961458	G#3	56	69	323	19.500000	G#3	56	80	
286	51.029167	D5	74	67	322	19.500000	D5	74	80	
287	51.195833	C5	72	72	321	19.500000	C5	72	80	
288	51.326042	G4	67	61	331	19.625000	G4	67	80	
289	51.326042	D5	74	70	*	-1	*	-1	-1	
290	51.440625	C5	72	72	*	-1	*	-1	-1	
291	51.532292	D5	74	65	*	-1	*	-1	-1	
292	51.582292	F4	65	65	336	19.750000	F4	65	80	
293	51.621875	C5	72	69	*	-1	*	-1	-1	
294	51.720833	D5	74	64	*	-1	*	-1	-1	
295	51.790625	C5	72	67	*	-1	*	-1	-1	
296	51.878125	G#4	68	66	341	19.875000	G#4	68	80	
297	51.889583	B4	71	78	340	19.875000	B4	71	80	
298	52.028125	C5	72	78	*	-1	*	-1	-1	
299	52.185417	B3	59	62	345	20.000000	B3	59	80	
300	52.194792	D5	74	75	346	20.000000	B3	59	80	
301	52.517708	G5	79	84	347	20.125000	G5	79	80	
302	52.829167	D4	62	60	349	20.250000	D4	62	80	
303	52.835417	F5	77	78	348	20.250000	F5	77	80	
304	53.173958	G#5	80	81	350	20.375000	G#5	80	80	
305	53.476042	G4	67	67	352	20.500000	G4	67	80	
306	53.489583	B4	71	70	351	20.500000	B4	71	80	
307	53.802083	G#5	80	82	354	20.625000	G#5	80	80	
308	54.102083	G3	55	62	356	20.750000	G3	55	80	
309	54.111458	G5	79	76	355	20.750000	G5	79	80	
310	54.427083	F5	77	76	357	20.875000	F5	77	80	
311	54.741667	C4	60	58	359	21.000000	C4	60	80	
312	54.744792	Eb5	75	75	358	21.000000	Eb5	75	80	
313	55.139583	C6	84	79	361	21.125000	C6	84	80	
314	55.443750	G#3	56	65	363	21.250000	G#3	56	80	
315	55.458333	F5	77	75	362	21.250000	F5	77	80	
316	55.760417	B5	83	85	364	21.375000	B5	83	80	
317	56.055208	Eb3	51	58	366	21.500000	Eb3	51	80	
318	56.072917	C6	84	89	365	21.500000	C6	84	80	
319	56.389583	G5	79	85	367	21.625000	G5	79	80	
320	56.675000	F3	53	55	369	21.750000	F3	53	80	
321	56.682292	G#5	80	78	368	21.750000	G#5	80	80	
322	57.019792	F5	77	78	370	21.875000	F5	77	80	
323	57.356250	G3	55	53	373	22.000000	G3	55	80	
324	57.446875	Eb5	75	75	371	22.000000	Eb5	75	80	
325	57.825000	B4	71	54	374	22.125000	B4	71	80	
326	58.123958	C5	72	62	375	22.250000	C5	72	80	
327	58.417708	F#4	66	48	376	22.375000	F#4	66	80	
328	58.747917	G4	67	54	377	22.500000	G4	67	80	
329	59.056250	C5	72	65	378	22.625000	C5	72	80	
330	59.380208	B3	59	46	380	22.750000	B3	59	80	
331	59.386458	D5	74	60	379	22.750000	D5	74	80	
332	59.709375	F4	65	52	381	22.875000	F4	65	80	
333	60.067708	C3	48	43	384	23.000000	C3	48	80	
334	60.072917	C5	72	62	382	23.000000	C5	72	80	
335	60.085417	C4	60	38	383	23.000000	C4	60	80	
336	60.435417	F4	65	54	385	23.125000	F4	65	80	
337	60.791667	G3	55	51	387	23.250000	G3	55	80	
338	60.804167	E4	64	49	386	23.250000	E4	64	80	
339	61.126042	G4	67	42	388	23.375000	G4	67	80	
340	61.450000	C4	60	43	389	23.500000	C4	60	80	
341	61.760417	F3	53	42	390	23.625000	F3	53	80	
342	62.093750	E3	52	41	391	23.750000	E3	52	80	
343	62.434375	G3	55	40	392	23.875000	G3	55	80	
344	62.897917	A2	45	33	395	24.000000	A2	45	80	
345	62.913542	F4	65	46	393	24.000000	F4	65	80	
346	63.303125	A4	69	54	396	24.125000	A4	69	80	
347	63.619792	F3	53	42	398	24.250000	F3	53	80	
348	63.629167	C5	72	53	397	24.250000	C5	72	80	
349	63.942708	Eb5	75	62	399	24.375000	Eb5	75	80	
350	64.252083	F2	41	46	401	24.500000	F2	41	80	
351	64.268750	A4	69	56	400	24.500000	A4	69	80	
352	64.578125	F#5	78	65	402	24.625000	F#5	78	80	
353	64.901042	F3	53	37	404	24.750000	F3	53	80	
354	64.902083	C5	72	56	403	24.750000	C5	72	80	
355	65.215625	Eb5	75	67	405	24.875000	Eb5	75	80	
356	65.532292	Bb2	46	46	407	25.000000	Bb2	46	80	
357	65.536458	C#5	73	69	406	25.000000	C#5	73	80	
358	65.877083	C#3	49	51	409	25.125000	C#3	49	80	
359	66.190625	Bb4	70	66	410	25.250000	Bb4	70	80	
360	66.198958	F3	53	52	411	25.250000	F3	53	80	
361	66.502083	Bb3	58	59	412	25.375000	Bb3	58	80	
362	66.792708	C3	48	52	414	25.500000	C3	48	80	
363	66.817708	E4	64	63	413	25.500000	E4	64	80	
364	67.128125	Bb3	58	61	415	25.625000	Bb3	58	80	
365	67.416667	C5	72	74	416	25.750000	C5	72	80	
366	67.425000	G#3	56	55	417	25.750000	G#3	56	80	
367	67.750000	C4	60	60	418	25.875000	C4	60	80	
368	68.096875	D3	50	49	421	26.000000	D3	50	80	
369	68.103125	F3	53	46	420	26.000000	F3	53	80	
370	68.117708	F4	65	54	419	26.000000	F4	65	80	
371	68.440625	Bb4	70	69	422	26.125000	Bb4	70	80	
372	68.745833	E3	52	52	425	26.250000	E3	52	80	
373	68.747917	G3	55	52	424	26.250000	G3	55	80	
374	68.751042	G4	67	60	423	26.250000	G4	67	80	
375	69.065625	E4	64	70	426	26.375000	E4	64	80	
376	69.368750	G#3	56	57	428	26.500000	G#3	56	80	
377	69.373958	F3	53	59	429	26.500000	F3	53	80	
378	69.384375	C4	60	58	427	26.500000	C4	60	80	
379	69.700000	E4	64	63	430	26.625000	E4	64	80	
380	70.009375	F4	65	53	431	26.750000	F4	65	80	
381	70.319792	B4	71	68	433	26.875000	B4	71	80	
382	70.688542	G3	55	47	435	27.000000	G3	55	80	
383	70.708333	C3	48	46	436	27.000000	C3	48	80	
384	70.743750	C5	72	67	434	27.000000	C5	72	80	
385	71.111458	F4	65	45	437	27.125000	F4	65	80	
386	71.414583	E4	64	47	438	27.250000	E4	64	80	
387	71.707292	G4	67	50	440	27.375000	G4	67	80	
388	72.021875	Bb4	70	56	441	27.500000	Bb4	70	80	
389	72.326042	C#5	73	62	442	27.625000	C#5	73	80	
390	72.643750	C5	72	58	443	27.750000	C5	72	80	
391	72.941667	C#3	49	49	445	27.875000	C#3	49	80	
392	72.950000	Bb4	70	65	444	27.875000	Bb4	70	80	
393	73.270833	Eb3	51	45	447	28.000000	Eb3	51	80	
394	73.277083	F3	53	47	448	28.000000	F3	53	80	
395	73.282292	A4	69	68	446	28.000000	A4	69	80	
396	73.613542	F4	65	73	449	28.125000	F4	65	80	
397	73.978125	Eb4	63	74	451	28.250000	Eb4	63	80	
398	73.989583	A4	69	68	450	28.250000	A4	69	80	
399	74.302083	C5	72	77	452	28.375000	C5	72	80	
400	74.595833	F5	77	75	453	28.500000	F5	77	80	
401	74.604167	C#4	61	67	455	28.500000	C#4	61	80	
402	74.917708	Bb4	70	79	456	28.625000	Bb4	70	80	
403	75.209375	C4	60	59	458	28.750000	C4	60	80	
404	75.227083	A4	69	72	457	28.750000	A4	69	80	
405	75.543750	Eb5	75	79	459	28.875000	Eb5	75	80	
406	75.880208	Bb3	58	52	461	29.000000	Bb3	58	80	
407	75.933333	C#5	73	73	460	29.000000	C#5	73	80	
408	76.275000	F3	53	42	464	29.125000	F3	53	80	
409	76.282292	G#4	68	54	463	29.125000	G#4	68	80	
410	76.566667	C#3	49	48	466	29.250000	C#3	49	80	
411	76.583333	G4	67	48	465	29.250000	G4	67	80	
412	76.865625	Bb2	46	44	468	29.375000	Bb2	46	80	
413	76.876042	Bb4	70	53	467	29.375000	Bb4	70	80	
414	77.187500	G3	55	42	470	29.500000	G3	55	80	
415	77.189583	E4	64	53	469	29.500000	E4	64	80	
416	77.479167	C3	48	40	472	29.625000	C3	48	80	
417	77.564583	C5	72	71	471	29.625000	C5	72	80	
418	77.832292	C#3	49	41	474	29.750000	C#3	49	80	
419	77.845833	F4	65	51	473	29.750000	F4	65	80	
420	78.158333	Bb4	70	64	475	29.875000	Bb4	70	80	
421	78.161458	Bb2	46	43	476	29.875000	Bb2	46	80	
422	78.451042	C3	48	49	478	30.000000	C3	48	80	
423	78.465625	E4	64	55	477	30.000000	E4	64	80	
424	78.765625	C#5	73	70	479	30.125000	C#5	73	80	
425	78.776042	G3	55	51	480	30.125000	G3	55	80	
426	79.071875	C5	72	73	481	30.250000	C5	72	80	
427	79.084375	G#3	56	73	482	30.250000	G#3	56	80	
428	79.389583	B3	59	81	484	30.375000	B3	59	80	
429	79.396875	F4	65	68	483	30.375000	F4	65	80	
430	79.706250	G#4	68	81	485	30.500000	G#4	68	80	
431	79.709375	C4	60	84	486	30.500000	C4	60	80	
432	80.028125	F4	65	76	487	30.625000	F4	65	80	
433	80.341667	C3	48	74	489	30.750000	C3	48	80	
434	80.346875	E4	64	79	488	30.750000	E4	64	80	
435	80.670833	G4	67	82	490	30.875000	G4	67	80	
436	81.101042	C#3	49	67	493	31.000000	C#3	49	80	
437	81.186458	F4	65	77	491	31.000000	F4	65	80	
438	81.626042	G#4	68	64	494	31.125000	G#4	68	80	
439	81.951042	C5	72	69	495	31.250000	C5	72	80	
440	82.259375	F5	77	73	496	31.375000	F5	77	80	
441	82.579167	Bb3	58	68	498	31.500000	Bb3	58	80	
442	82.579167	G4	67	62	497	31.500000	G4	67	80	
443	82.893750	F5	77	74	499	31.625000	F5	77	80	
444	83.207292	E5	76	72	500	31.750000	E5	76	80	
445	83.526042	G5	79	78	501	31.875000	G5	79	80	
446	83.878125	G#4	68	78	502	32.000000	G#4	68	80	
447	83.884375	C3	48	60	505	32.000000	C3	48	80	
448	83.885417	C4	60	67	504	32.000000	C4	60	80	
449	84.215625	C5	72	75	506	32.125000	C5	72	80	
450	84.529167	F5	77	72	507	32.250000	F5	77	80	
451	84.818750	E5	76	72	508	32.375000	E5	76	80	
452	85.107292	G#3	56	61	511	32.500000	G#3	56	80	
453	85.170833	F5	77	75	509	32.500000	F5	77	80	
454	85.485417	C5	72	64	512	32.625000	C5	72	80	
455	85.781250	Bb4	70	64	513	32.750000	Bb4	70	80	
456	86.087500	G#4	68	71	514	32.875000	G#4	68	80	
457	86.360417	Bb3	58	51	517	33.000000	Bb3	58	80	
458	86.422917	C#5	73	69	515	33.000000	C#5	73	80	
459	86.763542	G#4	68	65	518	33.125000	G#4	68	80	
460	87.073958	G4	67	60	519	33.250000	G4	67	80	
461	87.375000	Bb4	70	65	520	33.375000	Bb4	70	80	
462	87.668750	G3	55	50	522	33.500000	G3	55	80	
463	87.685417	E4	64	63	521	33.500000	E4	64	80	
464	87.995833	C#5	73	70	523	33.625000	C#5	73	80	
465	88.297917	C5	72	69	524	33.750000	C5	72	80	
466	88.612500	Bb4	70	74	525	33.875000	Bb4	70	80	
467	88.930208	G#3	56	51	528	34.000000	G#3	56	80	
468	88.981250	G#4	68	65	526	34.000000	G#4	68	80	
469	88.982292	F4	65	52	527	34.000000	F4	65	80	
470	89.333333	Eb4	63	60	529	34.125000	Eb4	63	80	
471	89.635417	D4	62	65	530	34.250000	D4	62	80	
472	89.928125	F4	65	64	531	34.375000	F4	65	80	
473	90.225000	F3	53	47	533	34.500000	F3	53	80	
474	90.246875	B3	59	60	532	34.500000	B3	59	80	
475	90.559375	G#4	68	66	534	34.625000	G#4	68	80	
476	90.879167	G4	67	59	535	34.750000	G4	67	80	
477	91.171875	F4	65	65	536	34.875000	F4	65	80	
478	91.450000	G3	55	49	538	35.000000	G3	55	80	
479	91.517708	E4	64	64	537	35.000000	E4	64	80	
480	91.832292	C4	60	62	539	35.125000	C4	60	80	
481	92.130208	Bb3	58	65	540	35.250000	Bb3	58	80	
482	92.429167	C#4	61	64	541	35.375000	C#4	61	80	
483	92.752083	E3	52	47	543	35.500000	E3	52	80	
484	92.769792	G3	55	53	542	35.500000	G3	55	80	
485	93.077083	C#4	61	57	544	35.625000	C#4	61	80	
486	93.402083	C4	60	52	545	35.750000	C4	60	80	
487	93.729167	Bb3	58	47	546	35.875000	Bb3	58	80	
488	94.185417	G#3	56	46	548	36.000000	G#3	56	80	
489	94.189583	F3	53	45	547	36.000000	F3	53	80	
490	94.679167	C5	72	56	549	36.125000	C5	72	80	
491	95.004167	Bb4	70	56	550	36.250000	Bb4	70	80	
492	95.301042	C#5	73	59	551	36.375000	C#5	73	80	
493	95.610417	G3	55	38	553	36.500000	G3	55	80	
494	95.620833	Bb3	58	39	554	36.500000	Bb3	58	80	
495	95.623958	E4	64	47	552	36.500000	E4	64	80	
496	95.914583	C#5	73	55	555	36.625000	C#5	73	80	
497	96.228125	C5	72	55	556	36.750000	C5	72	80	
498	96.530208	Bb4	70	58	557	36.875000	Bb4	70	80	
499	96.844792	G#3	56	43	559	37.000000	G#3	56	80	
500	96.854167	G#4	68	56	558	37.000000	G#4	68	80	
501	96.859375	C4	60	35	560	37.000000	C4	60	80	
502	97.181250	G5	79	61	561	37.125000	G5	79	80	
503	97.485417	F5	77	57	562	37.250000	F5	77	80	
504	97.783333	G#5	80	64	563	37.375000	G#5	80	80	
505	98.107292	G#3	56	45	566	37.500000	G#3	56	80	
506	98.108333	F3	53	36	565	37.500000	F3	53	80	
507	98.120833	B4	71	53	564	37.500000	B4	71	80	
508	98.422917	G#5	80	63	567	37.625000	G#5	80	80	
509	98.723958	G5	79	62	568	37.750000	G5	79	80	
510	99.020833	F5	77	63	569	37.875000	F5	77	80	
511	99.334375	G3	55	40	571	38.000000	G3	55	80	
512	99.339583	Bb3	58	36	572	38.000000	Bb3	58	80	
513	99.344792	E5	76	61	570	38.000000	E5	76	80	
514	99.648958	F5	77	71	573	38.125000	F5	77	80	
515	99.955208	G5	79	67	574	38.250000	G5	79	80	
516	100.285417	E5	76	57	575	38.375000	E5	76	80	
517	100.717708	G3	55	40	578	38.500000	G3	55	80	
518	100.727083	E3	52	40	577	38.500000	E3	52	80	
519	100.819792	Bb5	82	69	576	38.500000	Bb5	82	80	
520	101.264583	C#5	73	57	579	38.625000	C#5	73	80	
521	101.579167	C5	72	62	580	38.750000	C5	72	80	
522	101.894792	Bb4	70	60	581	38.875000	Bb4	70	80	
523	102.198958	C4	60	42	583	39.000000	C4	60	80	
524	102.200000	F3	53	34	584	39.000000	F3	53	80	
525	102.207292	G#4	68	58	582	39.000000	G#4	68	80	
526	102.523958	Bb4	70	64	585	39.125000	Bb4	70	80	
527	102.830208	C5	72	66	586	39.250000	C5	72	80	
528	103.126042	F4	65	63	587	39.375000	F4	65	80	
529	103.429167	B3	59	47	589	39.500000	B3	59	80	
530	103.483333	D5	74	64	588	39.500000	D5	74	80	
531	103.797917	G#4	68	64	590	39.625000	G#4	68	80	
532	104.097917	G4	67	61	591	39.750000	G4	67	80	
533	104.401042	F4	65	67	592	39.875000	F4	65	80	
534	104.714583	G3	55	49	594	40.000000	G3	55	80	
535	104.765625	E4	64	72	593	40.000000	E4	64	80	
536	105.142708	C4	60	68	595	40.125000	C4	60	80	
537	105.445833	G3	55	67	596	40.250000	G3	55	80	
538	105.747917	Bb3	58	76	597	40.375000	Bb3	58	80	
539	106.050000	F4	65	72	598	40.500000	F4	65	80	
540	106.061458	G#3	56	68	599	40.500000	G#3	56	80	
541	106.373958	F3	53	71	600	40.625000	F3	53	80	
542	106.695833	B2	47	63	601	40.750000	B2	47	80	
543	107.037500	D3	50	76	602	40.875000	D3	50	80	
544	107.526042	G3	55	63	603	41.000000	G3	55	80	
545	107.556250	C2	36	69	604	41.000000	C2	36	80	
546	108.025000	D4	62	71	605	41.125000	D4	62	80	
547	108.388542	F3	53	58	607	41.250000	F3	53	80	
548	108.391667	B3	59	70	606	41.250000	B3	59	80	
549	108.729167	C4	60	68	608	41.375000	C4	60	80	
550	109.104167	G3	55	67	609	41.500000	G3	55	80	
551	109.477083	Bb3	58	66	610	41.625000	Bb3	58	80	
552	109.857292	C4	60	69	612	41.750000	C4	60	80	
553	110.289583	E4	64	79	614	41.875000	E4	64	80	
554	111.086458	F4	65	67	617	42.000000	F4	65	80	
555	111.093750	F3	53	49	619	42.000000	F3	53	80	
556	111.096875	A3	57	53	615	42.000000	A3	57	80	
557	111.097917	F2	41	45	618	42.000000	F2	41	80	
558	111.100000	C4	60	52	616	42.000000	C4	60	80	
*	-1	*	-1	-1	1	0.000000	F4	65	80	
*	-1	*	-1	-1	8	0.500000	G4	67	80	
*	-1	*	-1	-1	14	1.000000	G#4	68	80	
*	-1	*	-1	-1	20	1.500000	F5	77	80	
*	-1	*	-1	-1	26	2.000000	C#5	73	80	
*	-1	*	-1	-1	39	3.000000	F3	53	80	
*	-1	*	-1	-1	47	3.500000	G3	55	80	
*	-1	*	-1	-1	48	3.531250	Bb4	70	80	
*	-1	*	-1	-1	49	3.561458	C5	72	80	
*	-1	*	-1	-1	50	3.562500	C5	72	80	
*	-1	*	-1	-1	51	3.593750	Bb4	70	80	
*	-1	*	-1	-1	52	3.623958	Bb4	70	80	
*	-1	*	-1	-1	53	3.625000	C5	72	80	
*	-1	*	-1	-1	55	3.656250	Bb4	70	80	
*	-1	*	-1	-1	56	3.687500	C5	72	80	
*	-1	*	-1	-1	57	3.718750	Bb4	70	80	
*	-1	*	-1	-1	58	3.750000	C5	72	80	
*	-1	*	-1	-1	60	3.781250	Bb4	70	80	
*	-1	*	-1	-1	61	3.812500	C5	72	80	
*	-1	*	-1	-1	62	3.843750	Bb4	70	80	
*	-1	*	-1	-1	67	4.000000	C5	72	80	
*	-1	*	-1	-1	81	5.000000	C3	48	80	
*	-1	*	-1	-1	89	5.500000	C#3	49	80	
*	-1	*	-1	-1	90	5.531250	F4	65	80	
*	-1	*	-1	-1	91	5.561458	G4	67	80	
*	-1	*	-1	-1	92	5.562500	G4	67	80	
*	-1	*	-1	-1	93	5.593750	F4	65	80	
*	-1	*	-1	-1	94	5.623958	F4	65	80	
*	-1	*	-1	-1	95	5.625000	G4	67	80	
*	-1	*	-1	-1	97	5.656250	F4	65	80	
*	-1	*	-1	-1	98	5.687500	G4	67	80	
*	-1	*	-1	-1	99	5.718750	F4	65	80	
*	-1	*	-1	-1	100	5.750000	G4	67	80	
*	-1	*	-1	-1	102	5.781250	F4	65	80	
*	-1	*	-1	-1	103	5.812500	G4	67	80	
*	-1	*	-1	-1	104	5.843750	F4	65	80	
*	-1	*	-1	-1	109	6.000000	G4	67	80	
*	-1	*	-1	-1	125	7.000000	F2	41	80	
*	-1	*	-1	-1	134	7.500000	F#2	42	80	
*	-1	*	-1	-1	135	7.531250	Bb4	70	80	
*	-1	*	-1	-1	136	7.561458	C5	72	80	
*	-1	*	-1	-1	137	7.562500	C5	72	80	
*	-1	*	-1	-1	138	7.593750	Bb4	70	80	
*	-1	*	-1	-1	139	7.623958	Bb4	70	80	
*	-1	*	-1	-1	140	7.625000	C5	72	80	
*	-1	*	-1	-1	142	7.656250	Bb4	70	80	
*	-1	*	-1	-1	143	7.687500	C5	72	80	
*	-1	*	-1	-1	144	7.718750	Bb4	70	80	
*	-1	*	-1	-1	145	7.750000	C5	72	80	
*	-1	*	-1	-1	147	7.781250	Bb4	70	80	
*	-1	*	-1	-1	148	7.812500	C5	72	80	
*	-1	*	-1	-1	149	7.843750	Bb4	70	80	
*	-1	*	-1	-1	161	8.500000	A2	45	80	
*	-1	*	-1	-1	173	9.750000	G#4	68	80	
*	-1	*	-1	-1	176	9.812500	Bb4	70	80	
*	-1	*	-1	-1	177	9.812500	G#4	68	80	
*	-1	*	-1	-1	194	11.000000	G#2	44	80	
*	-1	*	-1	-1	202	11.500000	Bb2	46	80	
*	-1	*	-1	-1	210	12.000000	C3	48	80	
*	-1	*	-1	-1	218	12.500000	C#3	49	80	
*	-1	*	-1	-1	226	13.000000	Eb3	51	80	
*	-1	*	-1	-1	235	13.500000	F3	53	80	
*	-1	*	-1	-1	244	14.000000	G3	55	80	
*	-1	*	-1	-1	246	14.062500	C5	72	80	
*	-1	*	-1	-1	247	14.062500	Bb4	70	80	
*	-1	*	-1	-1	269	15.562500	Bb3	58	80	
*	-1	*	-1	-1	289	17.000000	E3	52	80	
*	-1	*	-1	-1	294	17.500000	C3	48	80	
*	-1	*	-1	-1	312	19.000000	G3	55	80	
*	-1	*	-1	-1	314	19.061458	C5	72	80	
*	-1	*	-1	-1	315	19.062500	B4	71	80	
*	-1	*	-1	-1	324	19.500000	G#3	56	80	
*	-1	*	-1	-1	325	19.531250	C5	72	80	
*	-1	*	-1	-1	326	19.561458	D5	74	80	
*	-1	*	-1	-1	327	19.562500	D5	74	80	
*	-1	*	-1	-1	328	19.593750	C5	72	80	
*	-1	*	-1	-1	329	19.623958	C5	72	80	
*	-1	*	-1	-1	330	19.625000	D5	74	80	
*	-1	*	-1	-1	332	19.656250	C5	72	80	
*	-1	*	-1	-1	333	19.687500	D5	74	80	
*	-1	*	-1	-1	334	19.718750	C5	72	80	
*	-1	*	-1	-1	335	19.750000	D5	74	80	
*	-1	*	-1	-1	337	19.781250	C5	72	80	
*	-1	*	-1	-1	338	19.812500	D5	74	80	
*	-1	*	-1	-1	339	19.843750	C5	72	80	
*	-1	*	-1	-1	344	20.000000	D5	74	80	
*	-1	*	-1	-1	353	20.500000	G4	67	80	
*	-1	*	-1	-1	360	21.000000	C4	60	80	
*	-1	*	-1	-1	372	22.000000	Eb5	75	80	
*	-1	*	-1	-1	394	24.000000	F4	65	80	
*	-1	*	-1	-1	408	25.000000	Bb2	46	80	
*	-1	*	-1	-1	432	26.750000	F4	65	80	
*	-1	*	-1	-1	439	27.250000	E4	64	80	
*	-1	*	-1	-1	454	28.500000	F5	77	80	
*	-1	*	-1	-1	462	29.000000	Bb3	58	80	
*	-1	*	-1	-1	492	31.000000	F4	65	80	
*	-1	*	-1	-1	503	32.000000	G#4	68	80	
*	-1	*	-1	-1	510	32.500000	F5	77	80	
*	-1	*	-1	-1	516	33.000000	C#5	73	80	
*	-1	*	-1	-1	611	41.625000	Bb3	58	80	
*	-1	*	-1	-1	613	41.750000	C4	60	80	
*	-1	*	-1	-1	65	3.937500	Bb4	70	80	
*	-1	*	-1	-1	66	4.000000	C5	72	80	
*	-1	*	-1	-1	107	5.937500	F4	65	80	
*	-1	*	-1	-1	108	6.000000	G4	67	80	
*	-1	*	-1	-1	141	7.625000	F3	53	80	
*	-1	*	-1	-1	146	7.750000	Eb3	51	80	
*	-1	*	-1	-1	151	7.875000	F#3	54	80	
*	-1	*	-1	-1	152	7.937500	Bb4	70	80	
*	-1	*	-1	-1	153	8.000000	C5	72	80	
*	-1	*	-1	-1	249	14.125000	F4	65	80	
*	-1	*	-1	-1	250	14.250000	Eb4	63	80	
*	-1	*	-1	-1	251	14.375000	C#4	61	80	
*	-1	*	-1	-1	252	14.500000	C4	60	80	
*	-1	*	-1	-1	265	15.500000	Bb3	58	80	
*	-1	*	-1	-1	268	15.562500	C4	60	80	
*	-1	*	-1	-1	310	19.000000	B4	71	80	
*	-1	*	-1	-1	342	19.937500	C5	72	80	
*	-1	*	-1	-1	343	20.000000	D5	74	80	
