// alignID alignOntime alignSitch alignPitch alignOnvel refID refOntime refSitch refPitch refOnvel
0	0.500000	C4	60	42	0	0.500000	C4	60	80	
1	1.352083	C#4	61	52	1	1.000000	C#4	61	80	
2	2.214583	C4	60	53	2	1.500000	C4	60	80	
3	3.101042	B3	59	62	3	2.000000	B3	59	80	
4	3.965625	E4	64	71	4	2.500000	E4	64	80	
5	4.848958	F4	65	53	5	3.000000	F4	65	80	
6	5.717708	Bb3	58	54	6	3.500000	Bb3	58	80	
7	6.612500	A3	57	57	7	4.000000	A3	57	80	
8	7.496875	G#3	56	51	*	-1	*	-1	-1	
9	8.440625	G#3	56	47	8	4.500000	G#3	56	80	
10	8.663542	G3	55	42	*	-1	*	-1	-1	
11	8.804167	G#3	56	41	*	-1	*	-1	-1	
12	8.867708	G3	55	51	*	-1	*	-1	-1	
13	8.913542	G#3	56	39	*	-1	*	-1	-1	
14	9.027083	G#3	56	52	*	-1	*	-1	-1	
15	9.136458	G3	55	45	9	5.000000	G3	55	80	
16	10.085417	F3	53	29	10	6.000000	F3	53	80	
17	10.504167	F3	53	43	11	6.250000	F3	53	80	
18	10.693750	G3	55	46	12	6.375000	G3	55	80	
19	10.904167	F4	65	58	13	6.500000	F4	65	80	
20	10.935417	G#3	56	39	14	6.500000	G#3	56	80	
21	11.375000	G#3	56	44	15	6.750000	G#3	56	80	
22	11.534375	Bb3	58	50	16	6.875000	Bb3	58	80	
23	11.750000	G#4	68	67	17	7.000000	G#4	68	80	
24	11.783333	C4	60	50	18	7.000000	C4	60	80	
25	11.969792	B2	47	31	19	7.125000	B2	47	80	
26	12.137500	C3	48	29	20	7.250000	C3	48	80	
27	12.338542	D3	50	51	21	7.375000	D3	50	80	
28	12.584375	G4	67	59	22	7.500000	G4	67	80	
29	12.594792	Eb3	51	47	23	7.500000	Eb3	51	80	
30	13.465625	F#4	66	63	24	8.000000	F#4	66	80	
31	13.676042	C3	48	46	25	8.125000	C3	48	80	
32	13.866667	D3	50	63	26	8.250000	D3	50	80	
33	14.048958	Eb3	51	71	27	8.375000	Eb3	51	80	
34	14.272917	B4	71	77	28	8.500000	B4	71	80	
35	14.310417	F3	53	50	29	8.500000	F3	53	80	
36	15.130208	C5	72	73	30	9.000000	C5	72	80	
37	15.334375	Eb3	51	58	31	9.125000	Eb3	51	80	
38	15.510417	F3	53	68	32	9.250000	F3	53	80	
39	15.708333	G3	55	72	33	9.375000	G3	55	80	
40	15.940625	F4	65	69	34	9.500000	F4	65	80	
41	15.963542	G#3	56	56	35	9.500000	G#3	56	80	
42	16.809375	E4	64	68	36	10.000000	E4	64	80	
43	17.002083	G3	55	55	37	10.125000	G3	55	80	
44	17.200000	A3	57	72	38	10.250000	A3	57	80	
45	17.381250	B3	59	74	39	10.375000	B3	59	80	
46	17.648958	C4	60	53	41	10.500000	C4	60	80	
47	17.654167	Eb4	63	66	40	10.500000	Eb4	63	80	
48	18.519792	Eb4	63	43	*	-1	*	-1	-1	
49	18.641667	D4	62	57	42	11.000000	D4	62	80	
50	18.745833	Eb4	63	56	*	-1	*	-1	-1	
51	18.815625	D4	62	55	*	-1	*	-1	-1	
52	18.830208	B3	59	51	43	11.250000	B3	59	80	
53	18.909375	Eb4	63	4	*	-1	*	-1	-1	
54	18.914583	D4	62	54	*	-1	*	-1	-1	
55	19.052083	A3	57	40	44	11.375000	A3	57	80	
56	19.084375	D4	62	57	*	-1	*	-1	-1	
57	19.275000	C4	60	49	46	11.531250	C4	60	80	
58	19.390625	B3	59	55	45	11.500000	B3	59	80	
59	19.471875	C4	60	51	*	-1	*	-1	-1	
60	19.544792	B3	59	61	*	-1	*	-1	-1	
61	19.622917	C4	60	65	*	-1	*	-1	-1	
62	19.677083	B3	59	59	*	-1	*	-1	-1	
63	19.773958	A3	57	56	*	-1	*	-1	-1	
64	19.890625	B3	59	50	49	11.625000	B3	59	80	
65	19.982292	C4	60	53	*	-1	*	-1	-1	
66	20.400000	C4	60	50	52	12.250000	C4	60	80	
67	20.412500	G3	55	53	53	12.250000	G3	55	80	
68	20.601042	D4	62	67	54	12.375000	D4	62	80	
69	20.864583	C3	48	67	57	12.500000	C3	48	80	
70	20.879167	E4	64	57	55	12.500000	E4	64	80	
71	20.904167	C4	60	47	56	12.500000	C4	60	80	
72	21.287500	D4	62	58	58	12.750000	D4	62	80	
73	21.291667	Bb3	58	58	59	12.750000	Bb3	58	80	
74	21.486458	E4	64	70	60	12.875000	E4	64	80	
75	21.711458	C#3	49	65	63	13.000000	C#3	49	80	
76	21.722917	F4	65	54	61	13.000000	F4	65	80	
77	21.741667	G#3	56	48	62	13.000000	G#3	56	80	
78	21.912500	E3	52	64	64	13.125000	E3	52	80	
79	22.133333	F3	53	54	65	13.250000	F3	53	80	
80	22.133333	F4	65	61	66	13.250000	F4	65	80	
81	22.317708	G3	55	68	67	13.375000	G3	55	80	
82	22.536458	C3	48	68	69	13.500000	C3	48	80	
83	22.568750	G#3	56	64	68	13.500000	G#3	56	80	
84	23.004167	Eb4	63	61	70	13.750000	Eb4	63	80	
85	23.441667	B2	47	67	72	14.000000	B2	47	80	
86	23.461458	D4	62	54	71	14.000000	D4	62	80	
87	23.644792	F3	53	63	73	14.125000	F3	53	80	
88	23.846875	G3	55	66	75	14.250000	G3	55	80	
89	23.856250	Eb4	63	63	74	14.250000	Eb4	63	80	
90	24.050000	G#3	56	71	77	14.375000	G#3	56	80	
91	24.050000	F4	65	65	76	14.375000	F4	65	80	
92	24.314583	E3	52	72	80	14.500000	E3	52	80	
93	24.314583	Bb3	58	64	79	14.500000	Bb3	58	80	
94	24.320833	G4	67	59	78	14.500000	G4	67	80	
95	24.537500	F4	65	68	81	14.625000	F4	65	80	
96	24.734375	E4	64	73	82	14.750000	E4	64	80	
97	24.916667	D4	62	75	83	14.875000	D4	62	80	
98	25.150000	F3	53	73	85	15.000000	F3	53	80	
99	25.170833	C4	60	59	84	15.000000	C4	60	80	
100	25.365625	G#3	56	63	86	15.125000	G#3	56	80	
101	25.570833	Bb3	58	72	87	15.250000	Bb3	58	80	
102	25.754167	C4	60	77	88	15.375000	C4	60	80	
103	26.004167	Bb2	46	73	90	15.500000	Bb2	46	80	
104	26.020833	C#4	61	61	89	15.500000	C#4	61	80	
105	26.218750	Bb3	58	64	91	15.625000	Bb3	58	80	
106	26.438542	G#3	56	67	92	15.750000	G#3	56	80	
107	26.622917	G3	55	65	93	15.875000	G3	55	80	
108	26.846875	A2	45	67	95	16.000000	A2	45	80	
109	26.869792	F3	53	58	94	16.000000	F3	53	80	
110	27.054167	C4	60	71	96	16.125000	C4	60	80	
111	27.251042	D4	62	77	97	16.250000	D4	62	80	
112	27.448958	E4	64	82	98	16.375000	E4	64	80	
113	27.683333	G#2	44	79	100	16.500000	G#2	44	80	
114	27.696875	F4	65	66	99	16.500000	F4	65	80	
115	27.896875	F3	53	59	101	16.625000	F3	53	80	
116	28.112500	G3	55	67	102	16.750000	G3	55	80	
117	28.326042	G#3	56	74	103	16.875000	G#3	56	80	
118	28.551042	G#2	44	35	*	-1	*	-1	-1	
119	28.605208	Bb3	58	63	104	17.000000	Bb3	58	80	
120	28.750000	G2	43	61	105	17.000000	G2	43	80	
121	28.851042	G#2	44	66	*	-1	*	-1	-1	
122	28.922917	G2	43	66	*	-1	*	-1	-1	
123	29.001042	G#2	44	67	*	-1	*	-1	-1	
124	29.012500	E4	64	70	*	-1	*	-1	-1	
125	29.080208	G2	43	70	*	-1	*	-1	-1	
126	29.151042	G#2	44	72	*	-1	*	-1	-1	
127	29.197917	D4	62	69	106	17.250000	E4	64	80	
128	29.227083	G2	43	70	*	-1	*	-1	-1	
129	29.295833	G#2	44	69	*	-1	*	-1	-1	
130	29.385417	G2	43	70	*	-1	*	-1	-1	
131	29.442708	E4	64	70	107	17.375000	D4	62	80	
132	29.895833	G#3	56	60	109	17.750000	G#3	56	80	
133	30.107292	G3	55	53	110	17.875000	G3	55	80	
134	30.414583	F4	65	48	111	18.000000	F4	65	80	
135	30.443750	G#3	56	38	112	18.000000	G#3	56	80	
136	30.446875	F2	41	38	113	18.000000	F2	41	80	
137	30.904167	F4	65	43	114	18.250000	F4	65	80	
138	31.084375	G4	67	57	115	18.375000	G4	67	80	
139	31.323958	G#4	68	61	116	18.500000	G#4	68	80	
140	31.758333	G#4	68	51	117	18.750000	G#4	68	80	
141	31.773958	F3	53	38	118	18.750000	F3	53	80	
142	31.950000	G3	55	45	120	18.875000	G3	55	80	
143	31.950000	Bb4	70	66	119	18.875000	Bb4	70	80	
144	32.189583	C5	72	64	121	19.000000	C5	72	80	
145	32.204167	G#3	56	47	122	19.000000	G#3	56	80	
146	32.614583	C4	60	58	123	19.250000	C4	60	80	
147	32.635417	G#3	56	50	124	19.250000	G#3	56	80	
148	32.812500	C#4	61	62	125	19.375000	C#4	61	80	
149	32.816667	Bb3	58	62	126	19.375000	Bb3	58	80	
150	33.044792	C4	60	53	128	19.500000	C4	60	80	
151	33.061458	Eb4	63	56	127	19.500000	Eb4	63	80	
152	33.253125	Bb4	70	61	129	19.625000	Bb4	70	80	
153	33.466667	G#4	68	59	130	19.750000	G#4	68	80	
154	33.482292	C3	48	37	131	19.750000	C3	48	80	
155	33.645833	G4	67	54	132	19.875000	G4	67	80	
156	33.923958	F4	65	43	133	20.000000	F4	65	80	
157	33.965625	C#3	49	37	134	20.000000	C#3	49	80	
158	34.402083	C#4	61	41	135	20.250000	C#4	61	80	
159	34.588542	Eb4	63	57	136	20.375000	Eb4	63	80	
160	34.804167	F4	65	43	137	20.500000	F4	65	80	
161	35.231250	C#3	49	32	139	20.750000	C#3	49	80	
162	35.243750	F4	65	45	138	20.750000	F4	65	80	
163	35.433333	G4	67	67	140	20.875000	G4	67	80	
164	35.452083	Eb3	51	48	141	20.875000	Eb3	51	80	
165	35.665625	G#4	68	70	142	21.000000	G#4	68	80	
166	35.681250	F3	53	48	143	21.000000	F3	53	80	
167	36.100000	G#3	56	61	144	21.250000	G#3	56	80	
168	36.118750	F3	53	48	145	21.250000	F3	53	80	
169	36.290625	Bb3	58	69	146	21.375000	Bb3	58	80	
170	36.305208	G3	55	53	147	21.375000	G3	55	80	
171	36.512500	C4	60	63	148	21.500000	C4	60	80	
172	36.519792	G#3	56	54	149	21.500000	G#3	56	80	
173	36.701042	F#4	66	60	150	21.625000	F#4	66	80	
174	36.925000	F4	65	51	151	21.750000	F4	65	80	
175	36.940625	G#2	44	44	152	21.750000	G#2	44	80	
176	37.118750	Eb4	63	59	153	21.875000	Eb4	63	80	
177	37.375000	C#4	61	49	154	22.000000	C#4	61	80	
178	37.390625	Bb2	46	38	155	22.000000	Bb2	46	80	
179	37.848958	Bb3	58	47	156	22.250000	Bb3	58	80	
180	38.043750	C4	60	57	157	22.375000	C4	60	80	
181	38.267708	C#4	61	47	158	22.500000	C#4	61	80	
182	38.692708	C#4	61	53	159	22.750000	C#4	61	80	
183	38.703125	Bb2	46	34	160	22.750000	Bb2	46	80	
184	38.901042	Eb4	63	66	161	22.875000	Eb4	63	80	
185	38.905208	C3	48	46	162	22.875000	C3	48	80	
186	39.133333	F4	65	64	163	23.000000	F4	65	80	
187	39.152083	C#3	49	46	164	23.000000	C#3	49	80	
188	39.523958	F3	53	62	165	23.250000	F3	53	80	
189	39.571875	C#3	49	51	166	23.250000	C#3	49	80	
190	39.717708	G3	55	66	167	23.375000	G3	55	80	
191	39.738542	Eb3	51	65	168	23.375000	Eb3	51	80	
192	39.970833	F3	53	52	170	23.500000	F3	53	80	
193	39.972917	G#3	56	72	169	23.500000	G#3	56	80	
194	40.397917	F2	41	55	172	23.750000	F2	41	80	
195	40.415625	G#3	56	64	171	23.750000	G#3	56	80	
196	40.600000	Bb3	58	72	173	23.875000	Bb3	58	80	
197	40.830208	C4	60	75	174	24.000000	C4	60	80	
198	40.834375	C3	48	59	175	24.000000	C3	48	80	
199	41.262500	E4	64	83	176	24.250000	E4	64	80	
200	41.282292	G3	55	55	177	24.250000	G3	55	80	
201	41.289583	C3	48	54	178	24.250000	C3	48	80	
202	41.483333	D3	50	65	180	24.375000	D3	50	80	
203	41.485417	F4	65	85	179	24.375000	F4	65	80	
204	41.757292	C4	60	52	183	24.500000	C4	60	80	
205	41.797917	E3	52	54	184	24.500000	E3	52	80	
206	41.853125	C5	72	85	181	24.500000	C5	72	80	
207	41.882292	G4	67	58	182	24.500000	G4	67	80	
208	42.314583	Bb3	58	61	185	24.750000	Bb3	58	80	
209	42.331250	D3	50	57	186	24.750000	D3	50	80	
210	42.521875	E3	52	65	187	24.875000	E3	52	80	
211	42.760417	C#5	73	87	188	25.000000	C#5	73	80	
212	42.779167	G#3	56	59	189	25.000000	G#3	56	80	
213	42.830208	F3	53	60	190	25.000000	F3	53	80	
214	43.016667	E2	40	62	191	25.125000	E2	40	80	
215	43.213542	F2	41	58	193	25.250000	F2	41	80	
216	43.213542	F4	65	67	192	25.250000	F4	65	80	
217	43.401042	G2	43	70	194	25.375000	G2	43	80	
218	43.632292	C5	72	83	195	25.500000	C5	72	80	
219	43.652083	G#2	44	61	196	25.500000	G#2	44	80	
220	43.830208	C3	48	62	197	25.625000	C3	48	80	
221	44.032292	Eb4	63	70	198	25.750000	Eb4	63	80	
222	44.045833	D3	50	63	199	25.750000	D3	50	80	
223	44.238542	Eb3	51	76	200	25.875000	Eb3	51	80	
224	44.473958	B4	71	79	201	26.000000	B4	71	80	
225	44.500000	D4	62	64	202	26.000000	D4	62	80	
226	44.519792	F3	53	59	203	26.000000	F3	53	80	
227	44.692708	F2	41	69	204	26.125000	F2	41	80	
228	44.896875	Eb4	63	78	205	26.250000	Eb4	63	80	
229	44.912500	G2	43	59	206	26.250000	G2	43	80	
230	45.090625	F4	65	77	207	26.375000	F4	65	80	
231	45.098958	G#2	44	71	208	26.375000	G#2	44	80	
232	45.345833	E5	76	82	209	26.500000	E5	76	80	
233	45.369792	G4	67	67	210	26.500000	G4	67	80	
234	45.377083	Bb2	46	45	211	26.500000	Bb2	46	80	
235	45.392708	G#2	44	40	*	-1	*	-1	-1	
236	45.553125	F4	65	68	212	26.625000	F4	65	80	
237	45.744792	G3	55	64	214	26.750000	G3	55	80	
238	45.759375	E4	64	75	213	26.750000	E4	64	80	
239	45.939583	D4	62	86	215	26.875000	D4	62	80	
240	46.179167	C4	60	59	217	27.000000	C4	60	80	
241	46.179167	F5	77	89	216	27.000000	F5	77	80	
242	46.196875	G#3	56	58	218	27.000000	G#3	56	80	
243	46.408333	G#2	44	69	219	27.125000	G#2	44	80	
244	46.606250	Bb2	46	75	220	27.250000	Bb2	46	80	
245	46.791667	C3	48	72	221	27.375000	C3	48	80	
246	47.027083	Bb4	70	85	222	27.500000	Bb4	70	80	
247	47.044792	C#3	49	58	223	27.500000	C#3	49	80	
248	47.231250	Bb3	58	69	224	27.625000	Bb3	58	80	
249	47.436458	Bb3	58	54	225	27.750000	Bb3	58	80	
250	47.445833	G#3	56	62	226	27.750000	G#3	56	80	
251	47.641667	G3	55	69	227	27.875000	G3	55	80	
252	47.885417	A4	69	74	228	28.000000	A4	69	80	
253	47.911458	F3	53	53	230	28.000000	F3	53	80	
254	47.911458	C4	60	64	229	28.000000	C4	60	80	
255	48.117708	C3	48	59	231	28.125000	C3	48	80	
256	48.309375	D3	50	70	232	28.250000	D3	50	80	
257	48.506250	E3	52	70	233	28.375000	E3	52	80	
258	48.757292	G#4	68	83	234	28.500000	G#4	68	80	
259	48.808333	F3	53	58	235	28.500000	F3	53	80	
260	48.978125	F3	53	64	236	28.625000	F3	53	80	
261	49.202083	G3	55	60	238	28.750000	G3	55	80	
262	49.202083	C4	60	74	237	28.750000	C4	60	80	
263	49.407292	G#3	56	79	239	28.875000	G#3	56	80	
264	49.744792	Bb3	58	49	242	29.000000	Bb3	58	80	
265	49.773958	G4	67	75	240	29.000000	G4	67	80	
266	49.823958	C#4	61	49	241	29.000000	C#4	61	80	
267	50.298958	E3	52	37	244	29.250000	E3	52	80	
268	50.298958	C4	60	50	243	29.250000	C4	60	80	
269	50.487500	D3	50	51	246	29.375000	D3	50	80	
270	50.503125	Bb3	58	58	245	29.375000	Bb3	58	80	
271	50.754167	E3	52	37	248	29.500000	E3	52	80	
272	50.771875	C4	60	46	247	29.500000	C4	60	80	
273	51.205208	G#3	56	44	249	29.750000	G#3	56	80	
274	51.404167	G3	55	43	250	29.875000	G3	55	80	
275	51.722917	F3	53	31	252	30.000000	F3	53	80	
276	51.728125	G#3	56	39	251	30.000000	G#3	56	80	
277	52.176042	F4	65	38	253	30.250000	F4	65	80	
278	52.376042	G4	67	55	254	30.375000	G4	67	80	
279	52.627083	G#4	68	56	255	30.500000	G#4	68	80	
280	53.020833	F3	53	42	256	30.750000	F3	53	80	
281	53.228125	Eb3	51	44	257	30.875000	Eb3	51	80	
282	53.447917	D3	50	41	258	31.000000	D3	50	80	
283	53.876042	D3	50	42	260	31.250000	D3	50	80	
284	53.897917	F4	65	43	259	31.250000	F4	65	80	
285	54.052083	C3	48	44	262	31.375000	C3	48	80	
286	54.089583	Eb4	63	54	261	31.375000	Eb4	63	80	
287	54.319792	Bb2	46	36	264	31.500000	Bb2	46	80	
288	54.319792	D4	62	49	263	31.500000	D4	62	80	
289	54.706250	D4	62	50	265	31.750000	D4	62	80	
290	54.739583	C3	48	39	266	31.750000	C3	48	80	
291	54.895833	C4	60	55	267	31.875000	C4	60	80	
292	54.909375	D3	50	37	268	31.875000	D3	50	80	
293	55.137500	Eb3	51	42	270	32.000000	Eb3	51	80	
294	55.142708	Bb3	58	50	269	32.000000	Bb3	58	80	
295	55.565625	G4	67	61	271	32.250000	G4	67	80	
296	55.591667	Bb3	58	35	272	32.250000	Bb3	58	80	
297	55.744792	G#4	68	79	273	32.375000	G#4	68	80	
298	55.766667	G#3	56	55	274	32.375000	G#3	56	80	
299	55.990625	Bb4	70	76	275	32.500000	Bb4	70	80	
300	55.995833	G3	55	45	276	32.500000	G3	55	80	
301	56.444792	G3	55	55	277	32.750000	G3	55	80	
302	56.635417	F3	53	64	278	32.875000	F3	53	80	
303	56.871875	E3	52	61	279	33.000000	E3	52	80	
304	57.271875	G4	67	57	280	33.250000	G4	67	80	
305	57.307292	E3	52	45	281	33.250000	E3	52	80	
306	57.468750	F4	65	67	282	33.375000	F4	65	80	
307	57.497917	D3	50	55	283	33.375000	D3	50	80	
308	57.709375	E4	64	68	284	33.500000	E4	64	80	
309	57.728125	C3	48	47	285	33.500000	C3	48	80	
310	58.110417	D3	50	54	287	33.750000	D3	50	80	
311	58.114583	E4	64	69	286	33.750000	E4	64	80	
312	58.304167	D4	62	78	288	33.875000	D4	62	80	
313	58.318750	E3	52	57	289	33.875000	E3	52	80	
314	58.511458	C4	60	69	290	34.000000	C4	60	80	
315	58.521875	F3	53	57	291	34.000000	F3	53	80	
316	58.691667	G4	67	81	292	34.125000	G4	67	80	
317	58.893750	G#4	68	85	293	34.250000	G#4	68	80	
318	58.912500	C4	60	66	294	34.250000	C4	60	80	
319	59.106250	C5	72	87	295	34.375000	C5	72	80	
320	59.111458	Bb3	58	73	296	34.375000	Bb3	58	80	
321	59.388542	F5	77	84	297	34.500000	F5	77	80	
322	59.392708	G#3	56	57	298	34.500000	G#3	56	80	
323	59.840625	D3	50	60	299	34.750000	D3	50	80	
324	60.037500	C3	48	66	300	34.875000	C3	48	80	
325	60.276042	B2	47	69	301	35.000000	B2	47	80	
326	60.700000	D5	74	64	302	35.250000	D5	74	80	
327	60.717708	B2	47	55	303	35.250000	B2	47	80	
328	60.885417	C5	72	78	304	35.375000	C5	72	80	
329	60.906250	A2	45	59	305	35.375000	A2	45	80	
330	61.117708	B4	71	76	306	35.500000	B4	71	80	
331	61.128125	G2	43	61	307	35.500000	G2	43	80	
332	61.547917	B4	71	68	308	35.750000	B4	71	80	
333	61.553125	A2	45	57	309	35.750000	A2	45	80	
334	61.736458	B2	47	66	311	35.875000	B2	47	80	
335	61.741667	A4	69	76	310	35.875000	A4	69	80	
336	61.983333	C3	48	61	313	36.000000	C3	48	80	
337	62.003125	G4	67	78	312	36.000000	G4	67	80	
338	62.443750	Eb5	75	83	314	36.250000	Eb5	75	80	
339	62.458333	G4	67	74	315	36.250000	G4	67	80	
340	62.657292	A4	69	82	316	36.375000	A4	69	80	
341	63.000000	G3	55	82	319	36.500000	G3	55	80	
342	63.054167	D5	74	71	317	36.500000	D5	74	80	
343	63.075000	B4	71	68	318	36.500000	B4	71	80	
344	63.594792	G5	79	79	320	36.750000	G5	79	80	
345	63.623958	A4	69	51	321	36.750000	A4	69	80	
346	63.815625	B4	71	77	322	36.875000	B4	71	80	
347	64.064583	G#3	56	70	324	37.000000	G#3	56	80	
348	64.080208	C5	72	62	323	37.000000	C5	72	80	
349	64.292708	B4	71	66	325	37.125000	B4	71	80	
350	64.497917	C5	72	74	326	37.250000	C5	72	80	
351	64.680208	D5	74	76	327	37.375000	D5	74	80	
352	64.934375	G3	55	68	329	37.500000	G3	55	80	
353	64.940625	Eb5	75	66	328	37.500000	Eb5	75	80	
354	65.397917	Bb4	70	60	330	37.750000	Bb4	70	80	
355	65.858333	F#3	54	66	332	38.000000	F#3	54	80	
356	65.877083	A4	69	56	331	38.000000	A4	69	80	
357	66.061458	C5	72	76	333	38.125000	C5	72	80	
358	66.270833	B4	71	75	335	38.250000	B4	71	80	
359	66.270833	D5	74	77	334	38.250000	D5	74	80	
360	66.458333	Eb5	75	76	336	38.375000	Eb5	75	80	
361	66.469792	C5	72	78	337	38.375000	C5	72	80	
362	66.720833	B3	59	71	340	38.500000	B3	59	80	
363	66.733333	D5	74	68	339	38.500000	D5	74	80	
364	66.733333	F5	77	74	338	38.500000	F5	77	80	
365	66.950000	C5	72	73	341	38.625000	C5	72	80	
366	67.160417	B4	71	75	342	38.750000	B4	71	80	
367	67.357292	A4	69	75	343	38.875000	A4	69	80	
368	67.603125	C4	60	75	345	39.000000	C4	60	80	
369	67.603125	G4	67	73	344	39.000000	G4	67	80	
370	67.802083	Eb5	75	81	346	39.125000	Eb5	75	80	
371	68.008333	F5	77	85	347	39.250000	F5	77	80	
372	68.204167	G5	79	89	348	39.375000	G5	79	80	
373	68.455208	F3	53	77	350	39.500000	F3	53	80	
374	68.470833	G#5	80	78	349	39.500000	G#5	80	80	
375	68.691667	F4	65	70	351	39.625000	F4	65	80	
376	68.891667	Eb4	63	74	352	39.750000	Eb4	63	80	
377	69.077083	D4	62	82	353	39.875000	D4	62	80	
378	69.320833	E3	52	74	355	40.000000	E3	52	80	
379	69.339583	C4	60	68	354	40.000000	C4	60	80	
380	69.529167	G5	79	81	356	40.125000	G5	79	80	
381	69.737500	A5	81	85	357	40.250000	A5	81	80	
382	69.948958	B5	83	86	358	40.375000	B5	83	80	
383	70.185417	Eb3	51	79	360	40.500000	Eb3	51	80	
384	70.198958	C6	84	78	359	40.500000	C6	84	80	
385	70.435417	C5	72	76	361	40.625000	C5	72	80	
386	70.643750	D5	74	84	362	40.750000	D5	74	80	
387	70.835417	Eb5	75	89	363	40.875000	Eb5	75	80	
388	71.025000	Eb3	51	60	*	-1	*	-1	-1	
389	71.130208	F5	77	80	364	41.000000	F5	77	80	
390	71.253125	D3	50	62	365	41.000000	D3	50	80	
391	71.375000	Eb3	51	71	*	-1	*	-1	-1	
392	71.453125	D3	50	67	*	-1	*	-1	-1	
393	71.537500	Eb3	51	68	*	-1	*	-1	-1	
394	71.583333	B5	83	74	366	41.250000	B5	83	80	
395	71.618750	D3	50	72	*	-1	*	-1	-1	
396	71.697917	Eb3	51	73	*	-1	*	-1	-1	
397	71.770833	D3	50	65	*	-1	*	-1	-1	
398	71.792708	A5	81	78	367	41.375000	A5	81	80	
399	71.855208	Eb3	51	79	*	-1	*	-1	-1	
400	71.965625	D3	50	69	*	-1	*	-1	-1	
401	72.021875	B5	83	70	368	41.500000	B5	83	80	
402	72.457292	Eb5	75	67	369	41.750000	Eb5	75	80	
403	72.666667	D5	74	69	370	41.875000	D5	74	80	
404	73.005208	C3	48	34	373	42.000000	C3	48	80	
405	73.020833	C6	84	56	371	42.000000	C6	84	80	
406	73.040625	Eb5	75	40	372	42.000000	Eb5	75	80	
407	73.579167	G5	79	60	374	42.250000	G5	79	80	
408	73.592708	C5	72	50	375	42.250000	C5	72	80	
409	73.796875	D5	74	65	376	42.375000	D5	74	80	
410	74.034375	C6	84	59	377	42.500000	C6	84	80	
411	74.050000	Eb5	75	44	378	42.500000	Eb5	75	80	
412	74.497917	C5	72	48	379	42.750000	C5	72	80	
413	74.692708	Bb4	70	56	380	42.875000	Bb4	70	80	
414	74.928125	A4	69	49	381	43.000000	A4	69	80	
415	75.338542	C6	84	50	382	43.250000	C6	84	80	
416	75.368750	A4	69	30	383	43.250000	A4	69	80	
417	75.516667	Bb5	82	61	384	43.375000	Bb5	82	80	
418	75.537500	G4	67	40	385	43.375000	G4	67	80	
419	75.751042	A5	81	55	386	43.500000	A5	81	80	
420	75.778125	F4	65	33	387	43.500000	F4	65	80	
421	76.183333	A5	81	54	388	43.750000	A5	81	80	
422	76.209375	G4	67	42	389	43.750000	G4	67	80	
423	76.371875	G5	79	71	390	43.875000	G5	79	80	
424	76.400000	A4	69	46	391	43.875000	A4	69	80	
425	76.620833	F5	77	65	392	44.000000	F5	77	80	
426	76.635417	Bb4	70	44	393	44.000000	Bb4	70	80	
427	77.043750	Bb3	58	30	396	44.250000	Bb3	58	80	
428	77.066667	G5	79	62	394	44.250000	G5	79	80	
429	77.078125	Bb4	70	53	395	44.250000	Bb4	70	80	
430	77.250000	A5	81	67	397	44.375000	A5	81	80	
431	77.283333	C5	72	57	398	44.375000	C5	72	80	
432	77.428125	C5	72	19	*	-1	*	-1	-1	
433	77.495833	Bb5	82	59	399	44.500000	Bb5	82	80	
434	77.520833	C#5	73	46	400	44.500000	C#5	73	80	
435	77.959375	Bb4	70	38	401	44.750000	Bb4	70	80	
436	78.138542	G#4	68	53	402	44.875000	G#4	68	80	
437	78.360417	G4	67	48	403	45.000000	G4	67	80	
438	78.783333	Bb5	82	52	404	45.250000	Bb5	82	80	
439	78.807292	G4	67	36	405	45.250000	G4	67	80	
440	78.965625	G#5	80	66	406	45.375000	G#5	80	80	
441	78.981250	F4	65	31	407	45.375000	F4	65	80	
442	79.197917	G5	79	61	408	45.500000	G5	79	80	
443	79.241667	Eb4	63	34	409	45.500000	Eb4	63	80	
444	79.633333	G5	79	61	410	45.750000	G5	79	80	
445	79.665625	F4	65	37	411	45.750000	F4	65	80	
446	79.822917	F5	77	68	412	45.875000	F5	77	80	
447	79.838542	G4	67	42	413	45.875000	G4	67	80	
448	80.111458	Eb5	75	56	414	46.000000	Eb5	75	80	
449	80.157292	G#4	68	34	415	46.000000	G#4	68	80	
450	80.544792	G#3	56	27	418	46.250000	G#3	56	80	
451	80.548958	F5	77	59	416	46.250000	F5	77	80	
452	80.560417	G#4	68	39	417	46.250000	G#4	68	80	
453	80.740625	G5	79	68	419	46.375000	G5	79	80	
454	80.762500	Bb4	70	53	420	46.375000	Bb4	70	80	
455	80.991667	G#5	80	56	421	46.500000	G#5	80	80	
456	81.018750	C5	72	48	422	46.500000	C5	72	80	
457	81.437500	G#4	68	42	423	46.750000	G#4	68	80	
458	81.633333	G4	67	49	424	46.875000	G4	67	80	
459	81.870833	F4	65	47	425	47.000000	F4	65	80	
460	82.295833	G#5	80	60	426	47.250000	G#5	80	80	
461	82.298958	F4	65	47	427	47.250000	F4	65	80	
462	82.472917	G5	79	68	428	47.375000	G5	79	80	
463	82.507292	Eb4	63	43	429	47.375000	Eb4	63	80	
464	82.700000	F5	77	70	430	47.500000	F5	77	80	
465	82.741667	C#4	61	38	431	47.500000	C#4	61	80	
466	83.152083	F5	77	72	432	47.750000	F5	77	80	
467	83.154167	C#4	61	44	433	47.750000	C#4	61	80	
468	83.347917	Eb5	75	74	434	47.875000	Eb5	75	80	
469	83.370833	C4	60	57	435	47.875000	C4	60	80	
470	83.648958	Bb3	58	47	437	48.000000	Bb3	58	80	
471	83.675000	C#5	73	73	436	48.000000	C#5	73	80	
472	84.120833	Bb4	70	58	438	48.250000	Bb4	70	80	
473	84.133333	C4	60	42	439	48.250000	C4	60	80	
474	84.307292	G#4	68	65	440	48.375000	G#4	68	80	
475	84.337500	C#4	61	44	441	48.375000	C#4	61	80	
476	84.548958	G4	67	53	442	48.500000	G4	67	80	
477	84.567708	Eb4	63	46	443	48.500000	Eb4	63	80	
478	84.982292	Eb5	75	59	444	48.750000	Eb5	75	80	
479	84.996875	Eb3	51	36	445	48.750000	Eb3	51	80	
480	85.184375	C#5	73	74	446	48.875000	C#5	73	80	
481	85.417708	C5	72	62	447	49.000000	C5	72	80	
482	85.429167	G#3	56	43	448	49.000000	G#3	56	80	
483	85.831250	Bb3	58	43	450	49.250000	Bb3	58	80	
484	85.835417	C5	72	57	449	49.250000	C5	72	80	
485	86.046875	Bb4	70	51	451	49.375000	Bb4	70	80	
486	86.062500	C4	60	38	452	49.375000	C4	60	80	
487	86.372917	G#4	68	44	453	49.500000	G#4	68	80	
488	86.398958	C#4	61	19	454	49.500000	C#4	61	80	
489	86.852083	F4	65	36	455	49.750000	F4	65	80	
490	87.054167	E4	64	50	456	49.875000	E4	64	80	
491	87.279167	F4	65	50	457	50.000000	F4	65	80	
492	87.682292	Bb4	70	56	458	50.250000	Bb4	70	80	
493	87.693750	C#4	61	42	459	50.250000	C#4	61	80	
494	87.889583	C5	72	69	460	50.375000	C5	72	80	
495	87.904167	C4	60	51	461	50.375000	C4	60	80	
496	88.120833	C#5	73	69	462	50.500000	C#5	73	80	
497	88.128125	Bb3	58	54	463	50.500000	Bb3	58	80	
498	88.539583	Bb3	58	51	465	50.750000	Bb3	58	80	
499	88.539583	G4	67	63	464	50.750000	G4	67	80	
500	88.725000	G#4	68	73	466	50.875000	G#4	68	80	
501	88.727083	G#3	56	60	467	50.875000	G#3	56	80	
502	88.954167	G3	55	57	469	51.000000	G3	55	80	
503	88.954167	Bb4	70	70	468	51.000000	Bb4	70	80	
504	89.154167	C5	72	80	470	51.125000	C5	72	80	
505	89.340625	C#5	73	81	471	51.250000	C#5	73	80	
506	89.372917	G3	55	69	472	51.250000	G3	55	80	
507	89.543750	Bb4	70	75	473	51.375000	Bb4	70	80	
508	89.555208	F3	53	69	474	51.375000	F3	53	80	
509	89.788542	G5	79	74	475	51.500000	G5	79	80	
510	89.793750	E3	52	63	476	51.500000	E3	52	80	
511	89.988542	G#4	68	71	477	51.625000	G#4	68	80	
512	90.192708	C3	48	65	479	51.750000	C3	48	80	
513	90.192708	Bb4	70	75	478	51.750000	Bb4	70	80	
514	90.391667	G4	67	75	480	51.875000	G4	67	80	
515	90.648958	G#4	68	76	481	52.000000	G#4	68	80	
516	90.653125	F3	53	66	482	52.000000	F3	53	80	
517	90.870833	C5	72	79	483	52.125000	C5	72	80	
518	91.064583	F4	65	61	485	52.250000	F4	65	80	
519	91.079167	C#5	73	77	484	52.250000	C#5	73	80	
520	91.255208	C5	72	82	486	52.375000	C5	72	80	
521	91.264583	Eb4	63	64	487	52.375000	Eb4	63	80	
522	91.482292	Eb4	63	52	*	-1	*	-1	-1	
523	91.507292	F5	77	73	488	52.500000	F5	77	80	
524	91.573958	C#4	61	61	489	52.500000	C#4	61	80	
525	91.653125	Eb4	63	60	490	52.500000	Eb4	63	80	
526	91.711458	C#4	61	63	*	-1	*	-1	-1	
527	91.730208	G4	67	60	495	52.625000	G4	67	80	
528	91.766667	Eb4	63	65	*	-1	*	-1	-1	
529	91.844792	C#4	61	63	*	-1	*	-1	-1	
530	91.894792	Eb4	63	68	497	52.687500	Eb4	63	80	
531	91.902083	G#4	68	72	498	52.750000	G#4	68	80	
532	91.971875	C#4	61	64	499	52.750000	C#4	61	80	
533	92.064583	Eb4	63	67	500	52.812500	Eb4	63	80	
534	92.113542	F4	65	52	501	52.875000	F4	65	80	
535	92.172917	C#4	61	59	502	52.875000	C#4	61	80	
536	92.308333	C4	60	65	505	53.000000	C4	60	80	
537	92.328125	C5	72	77	504	53.000000	C5	72	80	
538	92.766667	C3	48	71	508	53.250000	C3	48	80	
539	92.770833	E5	76	78	506	53.250000	E5	76	80	
540	92.778125	G4	67	72	507	53.250000	G4	67	80	
541	92.984375	D3	50	81	510	53.375000	D3	50	80	
542	92.990625	F5	77	84	509	53.375000	F5	77	80	
543	93.321875	C3	48	73	514	53.500000	C3	48	80	
544	93.326042	G5	79	81	511	53.500000	G5	79	80	
545	93.340625	C5	72	67	512	53.500000	C5	72	80	
546	93.350000	E3	52	69	513	53.500000	E3	52	80	
547	93.859375	Bb4	70	64	515	53.750000	Bb4	70	80	
548	93.890625	D3	50	57	516	53.750000	D3	50	80	
549	94.077083	E3	52	64	517	53.875000	E3	52	80	
550	94.326042	C#3	49	69	520	54.000000	C#3	49	80	
551	94.353125	G#4	68	64	518	54.000000	G#4	68	80	
552	94.439583	F3	53	18	519	54.000000	F3	53	80	
553	94.552083	E3	52	62	521	54.125000	E3	52	80	
554	94.742708	F5	77	77	522	54.250000	F5	77	80	
555	94.756250	Bb4	70	74	523	54.250000	Bb4	70	80	
556	94.769792	F3	53	67	524	54.250000	F3	53	80	
557	94.956250	G3	55	73	525	54.375000	G3	55	80	
558	95.181250	C3	48	75	528	54.500000	C3	48	80	
559	95.211458	G#3	56	60	527	54.500000	G#3	56	80	
560	95.220833	C5	72	65	526	54.500000	C5	72	80	
561	95.396875	C4	60	72	529	54.625000	C4	60	80	
562	95.607292	Eb5	75	79	530	54.750000	Eb5	75	80	
563	95.623958	D4	62	78	531	54.750000	D4	62	80	
564	95.812500	Eb4	63	74	532	54.875000	Eb4	63	80	
565	96.063542	B2	47	78	535	55.000000	B2	47	80	
566	96.111458	D5	74	67	533	55.000000	D5	74	80	
567	96.135417	F4	65	53	534	55.000000	F4	65	80	
568	96.290625	F3	53	65	536	55.125000	F3	53	80	
569	96.490625	G3	55	73	538	55.250000	G3	55	80	
570	96.494792	Eb5	75	66	537	55.250000	Eb5	75	80	
571	96.696875	F5	77	79	539	55.375000	F5	77	80	
572	96.701042	G#3	56	75	540	55.375000	G#3	56	80	
573	96.953125	E3	52	74	543	55.500000	E3	52	80	
574	96.962500	Bb3	58	73	542	55.500000	Bb3	58	80	
575	96.969792	G5	79	71	541	55.500000	G5	79	80	
576	97.164583	F#5	78	77	*	-1	*	-1	-1	
577	97.254167	F5	77	58	544	55.625000	F5	77	80	
578	97.371875	E5	76	78	545	55.750000	E5	76	80	
579	97.376042	G4	67	71	546	55.750000	G4	67	80	
580	97.560417	D5	74	75	547	55.875000	D5	74	80	
581	97.801042	F3	53	79	550	56.000000	F3	53	80	
582	97.810417	C5	72	71	548	56.000000	C5	72	80	
583	97.828125	G#4	68	64	549	56.000000	G#4	68	80	
584	98.016667	G#3	56	72	551	56.125000	G#3	56	80	
585	98.219792	Bb3	58	81	552	56.250000	Bb3	58	80	
586	98.423958	C4	60	82	553	56.375000	C4	60	80	
587	98.690625	Bb2	46	80	555	56.500000	Bb2	46	80	
588	98.723958	C#4	61	65	554	56.500000	C#4	61	80	
589	98.920833	Bb4	70	69	556	56.625000	Bb4	70	80	
590	99.136458	G#4	68	82	558	56.750000	G#4	68	80	
591	99.335417	G4	67	82	559	56.875000	G4	67	80	
592	99.564583	C5	72	76	561	57.000000	C5	72	80	
593	99.573958	A2	45	82	562	57.000000	A2	45	80	
594	99.584375	F4	65	62	560	57.000000	F4	65	80	
595	99.800000	C4	60	70	563	57.125000	C4	60	80	
596	100.015625	C4	60	55	*	-1	*	-1	-1	
597	100.046875	D4	62	50	564	57.250000	D4	62	80	
598	100.216667	E4	64	80	565	57.375000	E4	64	80	
599	100.453125	G#2	44	85	567	57.500000	G#2	44	80	
600	100.458333	F4	65	68	566	57.500000	F4	65	80	
601	100.672917	F4	65	74	568	57.625000	F4	65	80	
602	100.886458	G4	67	78	569	57.750000	G4	67	80	
603	100.891667	C5	72	79	570	57.750000	C5	72	80	
604	101.091667	G#4	68	88	571	57.875000	G#4	68	80	
605	101.334375	G#2	44	66	*	-1	*	-1	-1	
606	101.426042	C#5	73	73	573	58.000000	C#5	73	80	
607	101.429167	Bb4	70	69	572	58.000000	Bb4	70	80	
608	101.433333	F4	65	66	*	-1	*	-1	-1	
609	101.554167	G2	43	62	574	58.000000	G2	43	80	
610	101.671875	G#2	44	72	*	-1	*	-1	-1	
611	101.751042	G2	43	66	*	-1	*	-1	-1	
612	101.826042	E4	64	71	*	-1	*	-1	-1	
613	101.826042	C5	72	73	575	58.250000	C5	72	80	
614	101.837500	G#2	44	70	*	-1	*	-1	-1	
615	101.915625	G2	43	67	*	-1	*	-1	-1	
616	101.994792	G#2	44	75	*	-1	*	-1	-1	
617	102.035417	Bb4	70	65	577	58.375000	Bb4	70	80	
618	102.060417	D4	62	68	*	-1	*	-1	-1	
619	102.077083	G2	43	70	*	-1	*	-1	-1	
620	102.160417	G#2	44	72	*	-1	*	-1	-1	
621	102.236458	G2	43	60	*	-1	*	-1	-1	
622	102.278125	E4	64	66	*	-1	*	-1	-1	
623	102.283333	C5	72	74	579	58.500000	C5	72	80	
624	102.725000	G#4	68	68	581	58.750000	G#4	68	80	
625	102.955208	G4	67	62	582	58.875000	G4	67	80	
626	103.290625	G#4	68	45	583	59.000000	G#4	68	80	
627	103.318750	F4	65	37	584	59.000000	F4	65	80	
628	103.331250	F2	41	36	585	59.000000	F2	41	80	
629	103.762500	F3	53	45	586	59.250000	F3	53	80	
630	103.958333	G3	55	53	587	59.375000	G3	55	80	
631	104.204167	G#3	56	54	588	59.500000	G#3	56	80	
632	104.646875	C4	60	50	589	59.750000	C4	60	80	
633	104.681250	G#3	56	42	590	59.750000	G#3	56	80	
634	104.872917	C#4	61	48	591	59.875000	C#4	61	80	
635	104.878125	Bb3	58	45	592	59.875000	Bb3	58	80	
636	105.125000	C4	60	45	594	60.000000	C4	60	80	
637	105.148958	Eb4	63	39	593	60.000000	Eb4	63	80	
638	105.553125	Eb4	63	31	596	60.250000	Eb4	63	80	
639	105.555208	F#5	78	52	595	60.250000	F#5	78	80	
640	105.750000	F5	77	65	597	60.375000	F5	77	80	
641	105.768750	F4	65	46	598	60.375000	F4	65	80	
642	105.988542	Eb5	75	61	599	60.500000	Eb5	75	80	
643	106.008333	F#4	66	42	600	60.500000	F#4	66	80	
644	106.189583	C#5	73	70	601	60.625000	C#5	73	80	
645	106.193750	Bb3	58	49	602	60.625000	Bb3	58	80	
646	106.404167	C5	72	73	603	60.750000	C5	72	80	
647	106.415625	G#3	56	54	604	60.750000	G#3	56	80	
648	106.609375	Bb4	70	72	605	60.875000	Bb4	70	80	
649	106.639583	F#3	54	52	606	60.875000	F#3	54	80	
650	106.852083	G#4	68	69	607	61.000000	G#4	68	80	
651	106.892708	F3	53	42	608	61.000000	F3	53	80	
652	107.272917	Bb4	70	59	609	61.250000	Bb4	70	80	
653	107.297917	C#3	49	39	611	61.250000	C#3	49	80	
654	107.302083	F4	65	48	610	61.250000	F4	65	80	
655	107.482292	Eb3	51	53	614	61.375000	Eb3	51	80	
656	107.482292	C5	72	65	612	61.375000	C5	72	80	
657	107.487500	Eb4	63	59	613	61.375000	Eb4	63	80	
658	107.728125	F3	53	45	617	61.500000	F3	53	80	
659	107.738542	C#5	73	61	615	61.500000	C#5	73	80	
660	107.748958	C#4	61	43	616	61.500000	C#4	61	80	
661	108.172917	G#3	56	57	618	61.750000	G#3	56	80	
662	108.189583	F3	53	50	619	61.750000	F3	53	80	
663	108.361458	Bb3	58	61	620	61.875000	Bb3	58	80	
664	108.376042	G3	55	60	621	61.875000	G3	55	80	
665	108.632292	C4	60	52	622	62.000000	C4	60	80	
666	108.639583	G#3	56	52	623	62.000000	G#3	56	80	
667	109.052083	Eb5	75	56	624	62.250000	Eb5	75	80	
668	109.079167	C4	60	51	625	62.250000	C4	60	80	
669	109.259375	C#5	73	64	626	62.375000	C#5	73	80	
670	109.275000	C#4	61	51	627	62.375000	C#4	61	80	
671	109.489583	C5	72	67	628	62.500000	C5	72	80	
672	109.534375	Eb4	63	47	629	62.500000	Eb4	63	80	
673	109.700000	Bb4	70	70	630	62.625000	Bb4	70	80	
674	109.709375	F#3	54	51	631	62.625000	F#3	54	80	
675	109.892708	G#4	68	74	632	62.750000	G#4	68	80	
676	109.914583	F3	53	51	633	62.750000	F3	53	80	
677	110.093750	F#4	66	77	634	62.875000	F#4	66	80	
678	110.108333	Eb3	51	62	635	62.875000	Eb3	51	80	
679	110.327083	F4	65	65	636	63.000000	F4	65	80	
680	110.356250	C#3	49	53	637	63.000000	C#3	49	80	
681	110.745833	G4	67	60	638	63.250000	G4	67	80	
682	110.780208	Bb2	46	43	640	63.250000	Bb2	46	80	
683	110.784375	C#4	61	55	639	63.250000	C#4	61	80	
684	110.959375	A4	69	68	641	63.375000	A4	69	80	
685	110.970833	C4	60	60	642	63.375000	C4	60	80	
686	110.990625	C3	48	48	643	63.375000	C3	48	80	
687	111.231250	Bb4	70	63	644	63.500000	Bb4	70	80	
688	111.242708	C#3	49	47	646	63.500000	C#3	49	80	
689	111.247917	Bb3	58	52	645	63.500000	Bb3	58	80	
690	111.662500	F3	53	56	647	63.750000	F3	53	80	
691	111.673958	C#3	49	48	648	63.750000	C#3	49	80	
692	111.857292	Eb3	51	63	650	63.875000	Eb3	51	80	
693	111.876042	G3	55	63	649	63.875000	G3	55	80	
694	112.130208	F3	53	54	652	64.000000	F3	53	80	
695	112.139583	G#3	56	57	651	64.000000	G#3	56	80	
696	112.579167	C5	72	56	653	64.250000	C5	72	80	
697	112.597917	G#3	56	50	654	64.250000	G#3	56	80	
698	112.784375	Bb4	70	67	655	64.375000	Bb4	70	80	
699	112.796875	Bb3	58	48	656	64.375000	Bb3	58	80	
700	112.996875	G#4	68	64	657	64.500000	G#4	68	80	
701	113.030208	C4	60	52	658	64.500000	C4	60	80	
702	113.205208	Eb3	51	54	660	64.625000	Eb3	51	80	
703	113.207292	G4	67	65	659	64.625000	G4	67	80	
704	113.427083	F4	65	69	661	64.750000	F4	65	80	
705	113.434375	C#3	49	60	662	64.750000	C#3	49	80	
706	113.626042	Eb4	63	76	663	64.875000	Eb4	63	80	
707	113.647917	C3	48	61	664	64.875000	C3	48	80	
708	113.852083	Bb2	46	60	666	65.000000	Bb2	46	80	
709	113.852083	C#4	61	72	665	65.000000	C#4	61	80	
710	114.047917	C3	48	67	667	65.125000	C3	48	80	
711	114.263542	Bb3	58	69	668	65.250000	Bb3	58	80	
712	114.279167	C#3	49	58	669	65.250000	C#3	49	80	
713	114.461458	C4	60	76	670	65.375000	C4	60	80	
714	114.465625	C3	48	72	671	65.375000	C3	48	80	
715	114.678125	Bb2	46	66	673	65.500000	Bb2	46	80	
716	114.678125	C#4	61	75	672	65.500000	C#4	61	80	
717	114.879167	F4	65	72	674	65.625000	F4	65	80	
718	114.886458	G#2	44	65	675	65.625000	G#2	44	80	
719	115.080208	G2	43	67	677	65.750000	G2	43	80	
720	115.089583	Bb4	70	80	676	65.750000	Bb4	70	80	
721	115.276042	F2	41	65	679	65.875000	F2	41	80	
722	115.283333	G#4	68	87	678	65.875000	G#4	68	80	
723	115.529167	Eb2	39	56	681	66.000000	Eb2	39	80	
724	115.545833	A4	69	71	*	-1	*	-1	-1	
725	115.722917	G4	67	72	680	66.000000	G4	67	80	
726	115.972917	Eb4	63	64	682	66.250000	Eb4	63	80	
727	116.008333	Bb2	46	56	683	66.250000	Bb2	46	80	
728	116.180208	C#4	61	72	684	66.375000	C#4	61	80	
729	116.493750	Eb4	63	84	686	66.500000	Eb4	63	80	
730	116.505208	C3	48	55	688	66.500000	C3	48	80	
731	116.535417	G#4	68	74	685	66.500000	G#4	68	80	
732	116.548958	C4	60	62	687	66.500000	C4	60	80	
733	117.030208	G#2	44	55	690	66.750000	G#2	44	80	
734	117.030208	C#4	61	63	689	66.750000	C#4	61	80	
735	117.216667	C4	60	76	691	66.875000	C4	60	80	
736	117.435417	F4	65	82	692	67.000000	F4	65	80	
737	117.465625	C#3	49	56	694	67.000000	C#3	49	80	
738	117.465625	Bb3	58	53	693	67.000000	Bb3	58	80	
739	117.639583	G4	67	68	695	67.125000	G4	67	80	
740	117.850000	Bb2	46	56	697	67.250000	Bb2	46	80	
741	117.859375	G#4	68	72	696	67.250000	G#4	68	80	
742	118.050000	Bb4	70	77	698	67.375000	Bb4	70	80	
743	118.277083	Eb4	63	80	700	67.500000	Eb4	63	80	
744	118.306250	C5	72	75	699	67.500000	C5	72	80	
745	118.311458	Eb3	51	56	701	67.500000	Eb3	51	80	
746	118.730208	G#3	56	61	702	67.750000	G#3	56	80	
747	118.739583	C3	48	60	703	67.750000	C3	48	80	
748	118.937500	G3	55	75	704	67.875000	G3	55	80	
749	119.180208	F3	53	59	707	68.000000	F3	53	80	
750	119.187500	D4	62	82	705	68.000000	D4	62	80	
751	119.198958	G#3	56	53	706	68.000000	G#3	56	80	
752	119.405208	G#4	68	74	708	68.125000	G#4	68	80	
753	119.603125	G3	55	65	710	68.250000	G3	55	80	
754	119.612500	Bb4	70	80	709	68.250000	Bb4	70	80	
755	119.627083	Bb2	46	55	711	68.250000	Bb2	46	80	
756	119.800000	G#3	56	72	713	68.375000	G#3	56	80	
757	119.800000	C5	72	85	712	68.375000	C5	72	80	
758	120.036458	G4	67	82	715	68.500000	G4	67	80	
759	120.054167	Bb3	58	62	716	68.500000	Bb3	58	80	
760	120.070833	C#5	73	70	714	68.500000	C#5	73	80	
761	120.229167	G#3	56	72	717	68.625000	G#3	56	80	
762	120.433333	G3	55	71	718	68.750000	G3	55	80	
763	120.440625	Eb3	51	69	719	68.750000	Eb3	51	80	
764	120.627083	F3	53	67	720	68.875000	F3	53	80	
765	120.634375	C#3	49	60	721	68.875000	C#3	49	80	
766	120.848958	G#4	68	88	722	69.000000	G#4	68	80	
767	120.865625	Eb3	51	62	723	69.000000	Eb3	51	80	
768	120.869792	C3	48	61	724	69.000000	C3	48	80	
769	121.050000	C5	72	77	725	69.125000	C5	72	80	
770	121.276042	C#5	73	73	726	69.250000	C#5	73	80	
771	121.287500	G#3	56	77	727	69.250000	G#3	56	80	
772	121.291667	F3	53	70	728	69.250000	F3	53	80	
773	121.477083	Eb5	75	80	729	69.375000	Eb5	75	80	
774	121.756250	C#4	61	78	731	69.500000	C#4	61	80	
775	121.783333	F5	77	64	730	69.500000	F5	77	80	
776	121.960417	Eb3	51	59	733	69.625000	Eb3	51	80	
777	122.017708	G3	55	54	732	69.625000	G3	55	80	
778	122.214583	F3	53	66	735	69.750000	F3	53	80	
779	122.214583	G#3	56	71	734	69.750000	G#3	56	80	
780	122.387500	Bb3	58	72	736	69.875000	Bb3	58	80	
781	122.415625	G3	55	55	737	69.875000	G3	55	80	
782	122.619792	C4	60	80	738	70.000000	C4	60	80	
783	122.640625	G#3	56	72	740	70.000000	G#3	56	80	
784	122.821875	Eb5	75	74	741	70.125000	Eb5	75	80	
785	122.827083	G3	55	62	742	70.125000	G3	55	80	
786	123.030208	F5	77	81	743	70.250000	F5	77	80	
787	123.043750	F3	53	70	744	70.250000	F3	53	80	
788	123.232292	Eb3	51	78	746	70.375000	Eb3	51	80	
789	123.233333	G5	79	87	745	70.375000	G5	79	80	
790	123.505208	B3	59	80	748	70.500000	B3	59	80	
791	123.528125	D3	50	66	749	70.500000	D3	50	80	
792	123.528125	G#5	80	70	747	70.500000	G#5	80	80	
793	123.725000	F3	53	70	750	70.625000	F3	53	80	
794	123.955208	G3	55	71	751	70.750000	G3	55	80	
795	124.159375	G#3	56	79	752	70.875000	G#3	56	80	
796	124.471875	Bb3	58	68	753	71.000000	Bb3	58	80	
797	124.495833	Eb3	51	59	754	71.000000	Eb3	51	80	
798	124.962500	G5	79	62	756	71.250000	G5	79	80	
799	124.975000	D3	50	51	757	71.250000	D3	50	80	
800	125.153125	F5	77	66	758	71.375000	F5	77	80	
801	125.388542	G5	79	67	759	71.500000	G5	79	80	
802	125.396875	E3	52	49	760	71.500000	E3	52	80	
803	125.598958	G3	55	53	761	71.625000	G3	55	80	
804	125.821875	F3	53	49	762	71.750000	F3	53	80	
805	125.846875	C3	48	23	763	71.750000	C3	48	80	
806	126.042708	E3	52	48	764	71.875000	E3	52	80	
807	126.342708	G#3	56	50	765	72.000000	G#3	56	80	
808	126.371875	F3	53	40	766	72.000000	F3	53	80	
809	126.633333	C5	72	49	768	72.125000	C5	72	80	
810	126.848958	D5	74	55	769	72.250000	D5	74	80	
811	126.863542	F3	53	43	770	72.250000	F3	53	80	
812	127.033333	Eb3	51	45	772	72.375000	Eb3	51	80	
813	127.061458	Eb5	75	55	771	72.375000	Eb5	75	80	
814	127.276042	F5	77	60	773	72.500000	F5	77	80	
815	127.289583	D3	50	35	774	72.500000	D3	50	80	
816	127.478125	B4	71	58	775	72.625000	B4	71	80	
817	127.685417	D3	50	34	777	72.750000	D3	50	80	
818	127.687500	C5	72	62	776	72.750000	C5	72	80	
819	127.882292	D5	74	59	778	72.875000	D5	74	80	
820	127.886458	C3	48	48	779	72.875000	C3	48	80	
821	128.076042	G4	67	53	780	73.000000	G4	67	80	
822	128.113542	B2	47	39	781	73.000000	B2	47	80	
823	128.305208	G2	43	48	782	73.125000	G2	43	80	
824	128.511458	Eb5	75	61	783	73.250000	Eb5	75	80	
825	128.520833	A2	45	41	784	73.250000	A2	45	80	
826	128.696875	D5	74	71	785	73.375000	D5	74	80	
827	128.723958	B2	47	46	786	73.375000	B2	47	80	
828	128.917708	Eb5	75	66	787	73.500000	Eb5	75	80	
829	128.945833	C3	48	45	788	73.500000	C3	48	80	
830	129.134375	G#2	44	60	789	73.625000	G#2	44	80	
831	129.348958	F#4	66	68	790	73.750000	F#4	66	80	
832	129.360417	Bb2	46	51	791	73.750000	Bb2	46	80	
833	129.560417	C3	48	54	792	73.875000	C3	48	80	
834	129.811458	F4	65	47	793	74.000000	F4	65	80	
835	129.819792	C#3	49	38	794	74.000000	C#3	49	80	
836	130.042708	G#4	68	60	795	74.125000	G#4	68	80	
837	130.242708	C#3	49	37	797	74.250000	C#3	49	80	
838	130.248958	Bb4	70	62	796	74.250000	Bb4	70	80	
839	130.438542	C5	72	69	798	74.375000	C5	72	80	
840	130.450000	C3	48	43	799	74.375000	C3	48	80	
841	130.663542	C#5	73	62	800	74.500000	C#5	73	80	
842	130.688542	Bb2	46	41	801	74.500000	Bb2	46	80	
843	130.868750	G4	67	54	802	74.625000	G4	67	80	
844	131.056250	Bb2	46	43	804	74.750000	Bb2	46	80	
845	131.069792	G#4	68	58	803	74.750000	G#4	68	80	
846	131.260417	Bb4	70	60	805	74.875000	Bb4	70	80	
847	131.266667	G#2	44	52	806	74.875000	G#2	44	80	
848	131.503125	Eb4	63	45	807	75.000000	Eb4	63	80	
849	131.512500	G2	43	35	808	75.000000	G2	43	80	
850	131.710417	Eb2	39	43	809	75.125000	Eb2	39	80	
851	131.913542	C5	72	55	810	75.250000	C5	72	80	
852	131.920833	F2	41	40	811	75.250000	F2	41	80	
853	132.110417	Bb4	70	59	812	75.375000	Bb4	70	80	
854	132.122917	G2	43	43	813	75.375000	G2	43	80	
855	132.330208	C5	72	57	814	75.500000	C5	72	80	
856	132.337500	G#2	44	48	815	75.500000	G#2	44	80	
857	132.517708	F#4	66	58	816	75.625000	F#4	66	80	
858	132.541667	F2	41	45	817	75.625000	F2	41	80	
859	132.733333	F4	65	58	818	75.750000	F4	65	80	
860	132.743750	G2	43	48	819	75.750000	G2	43	80	
861	132.935417	Eb4	63	65	820	75.875000	Eb4	63	80	
862	132.961458	A2	45	45	821	75.875000	A2	45	80	
863	133.170833	Bb2	46	47	823	76.000000	Bb2	46	80	
864	133.175000	C#4	61	52	822	76.000000	C#4	61	80	
865	133.360417	A2	45	50	824	76.125000	A2	45	80	
866	133.585417	F4	65	58	825	76.250000	F4	65	80	
867	133.601042	Bb2	46	44	826	76.250000	Bb2	46	80	
868	133.798958	C3	48	45	827	76.375000	C3	48	80	
869	134.045833	C#3	49	34	829	76.500000	C#3	49	80	
870	134.232292	G#4	68	37	828	76.500000	Bb4	70	80	
871	134.379167	Bb2	46	20	830	76.625000	Bb2	46	80	
872	134.386458	G#4	68	60	831	76.750000	G#4	68	80	
873	134.497917	C3	48	23	832	76.750000	C3	48	80	
874	134.655208	C#3	49	41	833	76.875000	C#3	49	80	
875	134.869792	G4	67	45	834	77.000000	G4	67	80	
876	134.888542	Eb3	51	32	835	77.000000	Eb3	51	80	
877	135.055208	C4	60	39	*	-1	*	-1	-1	
878	135.121875	Bb3	58	47	836	77.125000	Bb3	58	80	
879	135.286458	Eb3	51	37	838	77.250000	Eb3	51	80	
880	135.310417	C4	60	43	837	77.250000	C4	60	80	
881	135.500000	C#4	61	51	839	77.375000	C#4	61	80	
882	135.504167	C#3	49	44	840	77.375000	C#3	49	80	
883	135.718750	C3	48	42	842	77.500000	C3	48	80	
884	135.723958	Eb4	63	56	841	77.500000	Eb4	63	80	
885	135.910417	G4	67	53	843	77.625000	G4	67	80	
886	136.104167	C3	48	38	845	77.750000	C3	48	80	
887	136.120833	G#4	68	63	844	77.750000	G#4	68	80	
888	136.325000	Bb4	70	62	846	77.875000	Bb4	70	80	
889	136.341667	Bb2	46	46	847	77.875000	Bb2	46	80	
890	136.558333	C5	72	55	848	78.000000	C5	72	80	
891	136.582292	G#2	44	43	849	78.000000	G#2	44	80	
892	136.754167	Eb4	63	57	850	78.125000	Eb4	63	80	
893	136.964583	F4	65	58	851	78.250000	F4	65	80	
894	136.976042	G#3	56	41	852	78.250000	G#3	56	80	
895	137.158333	G4	67	53	853	78.375000	G4	67	80	
896	137.182292	G3	55	42	854	78.375000	G3	55	80	
897	137.384375	F3	53	39	856	78.500000	F3	53	80	
898	137.393750	G#4	68	59	855	78.500000	G#4	68	80	
899	137.563542	C5	72	62	857	78.625000	C5	72	80	
900	137.778125	F3	53	43	859	78.750000	F3	53	80	
901	137.798958	D5	74	63	858	78.750000	D5	74	80	
902	138.007292	Eb5	75	66	860	78.875000	Eb5	75	80	
903	138.030208	Eb3	51	47	861	78.875000	Eb3	51	80	
904	138.271875	D3	50	39	863	79.000000	D3	50	80	
905	138.380208	F5	77	56	862	79.000000	F5	77	80	
906	138.644792	C5	72	48	864	79.125000	C5	72	80	
907	138.866667	Bb4	70	53	865	79.250000	Bb4	70	80	
908	139.076042	G#4	68	59	866	79.375000	G#4	68	80	
909	139.375000	Bb3	58	63	868	79.500000	Bb3	58	80	
910	139.435417	Eb3	51	49	869	79.500000	Eb3	51	80	
911	139.447917	G4	67	48	867	79.500000	G4	67	80	
912	139.736458	Bb4	70	51	870	79.625000	Bb4	70	80	
913	139.962500	G3	55	48	872	79.750000	G3	55	80	
914	139.967708	Eb5	75	50	871	79.750000	Eb5	75	80	
915	140.154167	G4	67	50	873	79.875000	G4	67	80	
916	140.360417	C4	60	71	875	80.000000	C4	60	80	
917	140.404167	G#3	56	54	876	80.000000	G#3	56	80	
918	140.408333	F4	65	54	874	80.000000	F4	65	80	
919	140.619792	Eb5	75	52	877	80.125000	Eb5	75	80	
920	140.806250	F3	53	56	879	80.250000	F3	53	80	
921	140.808333	D5	74	55	878	80.250000	D5	74	80	
922	141.010417	C5	72	67	880	80.375000	C5	72	80	
923	141.225000	Bb3	58	74	882	80.500000	Bb3	58	80	
924	141.250000	D5	74	59	881	80.500000	D5	74	80	
925	141.451042	Eb5	75	59	884	80.625000	Eb5	75	80	
926	141.638542	Bb2	46	62	886	80.750000	Bb2	46	80	
927	141.675000	C5	72	58	885	80.750000	C5	72	80	
928	141.863542	D5	74	57	887	80.875000	D5	74	80	
929	142.085417	A3	57	71	890	81.000000	A3	57	80	
930	142.111458	C3	48	56	891	81.000000	C3	48	80	
931	142.116667	Eb5	75	58	888	81.000000	Eb5	75	80	
932	142.325000	C5	72	63	892	81.125000	C5	72	80	
933	142.519792	C4	60	60	894	81.250000	C4	60	80	
934	142.523958	D5	74	63	893	81.250000	D5	74	80	
935	142.694792	Bb3	58	70	896	81.375000	Bb3	58	80	
936	142.709375	Eb5	75	61	895	81.375000	Eb5	75	80	
937	142.941667	D4	62	77	898	81.500000	D4	62	80	
938	142.979167	F5	77	65	897	81.500000	F5	77	80	
939	142.996875	G#3	56	46	899	81.500000	G#3	56	80	
940	143.186458	Eb5	75	65	900	81.625000	Eb5	75	80	
941	143.357292	Bb3	58	67	902	81.750000	Bb3	58	80	
942	143.370833	D5	74	68	901	81.750000	D5	74	80	
943	143.566667	C#5	73	59	*	-1	*	-1	-1	
944	143.570833	G#3	56	61	904	81.875000	G#3	56	80	
945	143.570833	C5	72	68	903	81.875000	C5	72	80	
946	143.745833	Bb4	70	59	905	82.000000	Bb4	70	80	
947	143.775000	Eb4	63	76	906	82.000000	Eb4	63	80	
948	143.793750	G3	55	53	907	82.000000	G3	55	80	
949	143.996875	C4	60	62	908	82.125000	C4	60	80	
950	144.203125	D4	62	61	909	82.250000	D4	62	80	
951	144.235417	Bb2	46	47	910	82.250000	Bb2	46	80	
952	144.400000	Eb4	63	69	911	82.375000	Eb4	63	80	
953	144.406250	C3	48	65	912	82.375000	C3	48	80	
954	144.633333	G#3	56	74	914	82.500000	G#3	56	80	
955	144.656250	D3	50	60	915	82.500000	D3	50	80	
956	144.661458	F4	65	55	913	82.500000	F4	65	80	
957	144.868750	Eb4	63	64	916	82.625000	Eb4	63	80	
958	145.059375	C3	48	59	918	82.750000	C3	48	80	
959	145.063542	D4	62	66	917	82.750000	D4	62	80	
960	145.237500	D3	50	65	920	82.875000	D3	50	80	
961	145.243750	C4	60	63	919	82.875000	C4	60	80	
962	145.485417	G3	55	73	922	83.000000	G3	55	80	
963	145.494792	Bb3	58	64	921	83.000000	Bb3	58	80	
964	145.540625	Eb3	51	58	923	83.000000	Eb3	51	80	
965	145.694792	G#4	68	74	924	83.125000	G#4	68	80	
966	145.909375	G4	67	72	925	83.250000	G4	67	80	
967	145.926042	Eb3	51	73	926	83.250000	Eb3	51	80	
968	146.109375	F4	65	77	927	83.375000	F4	65	80	
969	146.118750	D3	50	71	928	83.375000	D3	50	80	
970	146.419792	F#3	54	77	930	83.500000	F#3	54	80	
971	146.438542	Eb4	63	66	929	83.500000	Eb4	63	80	
972	146.453125	C3	48	65	931	83.500000	C3	48	80	
973	146.901042	C3	48	58	933	83.750000	C3	48	80	
974	146.913542	A3	57	60	932	83.750000	A3	57	80	
975	147.105208	Bb3	58	61	934	83.875000	Bb3	58	80	
976	147.115625	Bb2	46	57	935	83.875000	Bb2	46	80	
977	147.338542	F3	53	64	937	84.000000	F3	53	80	
978	147.364583	C4	60	52	936	84.000000	C4	60	80	
979	147.392708	A2	45	48	938	84.000000	A2	45	80	
980	147.543750	Eb4	63	53	939	84.125000	Eb4	63	80	
981	147.760417	F4	65	55	940	84.250000	F4	65	80	
982	147.938542	Eb4	63	49	941	84.375000	Eb4	63	80	
983	148.192708	D4	62	47	942	84.500000	D4	62	80	
984	148.195833	Bb2	46	45	944	84.500000	Bb2	46	80	
985	148.211458	Bb3	58	36	943	84.500000	Bb3	58	80	
986	148.387500	C5	72	61	945	84.625000	C5	72	80	
987	148.601042	Bb4	70	60	946	84.750000	Bb4	70	80	
988	148.827083	G#4	68	61	947	84.875000	G#4	68	80	
989	149.141667	G4	67	49	948	85.000000	G4	67	80	
990	149.145833	Eb3	51	31	949	85.000000	Eb3	51	80	
991	149.578125	Bb4	70	54	951	85.250000	Bb4	70	80	
992	149.601042	Eb4	63	42	952	85.250000	Eb4	63	80	
993	149.787500	F4	65	49	953	85.375000	F4	65	80	
994	150.021875	Eb5	75	63	954	85.500000	Eb5	75	80	
995	150.065625	G4	67	35	955	85.500000	G4	67	80	
996	150.459375	G4	67	51	956	85.750000	G4	67	80	
997	150.469792	Eb3	51	38	957	85.750000	Eb3	51	80	
998	150.661458	F3	53	47	959	85.875000	F3	53	80	
999	150.663542	G#4	68	66	958	85.875000	G#4	68	80	
1000	150.923958	Bb4	70	52	960	86.000000	Bb4	70	80	
1001	150.942708	G3	55	38	961	86.000000	G3	55	80	
1002	151.112500	G5	79	68	962	86.125000	G5	79	80	
1003	151.314583	F5	77	70	963	86.250000	F5	77	80	
1004	151.338542	G3	55	52	965	86.250000	G3	55	80	
1005	151.340625	Bb3	58	54	964	86.250000	Bb3	58	80	
1006	151.513542	Eb5	75	72	966	86.375000	Eb5	75	80	
1007	151.522917	C4	60	55	967	86.375000	C4	60	80	
1008	151.535417	G#3	56	54	968	86.375000	G#3	56	80	
1009	151.739583	D5	74	71	969	86.500000	D5	74	80	
1010	151.751042	D4	62	50	970	86.500000	D4	62	80	
1011	151.760417	Bb3	58	43	971	86.500000	Bb3	58	80	
1012	151.931250	C4	60	57	973	86.625000	C4	60	80	
1013	151.938542	G#4	68	69	972	86.625000	G#4	68	80	
1014	152.148958	G4	67	63	974	86.750000	G4	67	80	
1015	152.160417	Bb3	58	56	975	86.750000	Bb3	58	80	
1016	152.169792	Bb2	46	56	976	86.750000	Bb2	46	80	
1017	152.333333	F4	65	69	977	86.875000	F4	65	80	
1018	152.355208	G#3	56	64	978	86.875000	G#3	56	80	
1019	152.564583	G3	55	53	980	87.000000	G3	55	80	
1020	152.578125	C3	48	50	981	87.000000	C3	48	80	
1021	152.583333	Eb4	63	59	979	87.000000	Eb4	63	80	
1022	152.796875	D4	62	66	982	87.125000	D4	62	80	
1023	152.988542	G4	67	66	983	87.250000	G4	67	80	
1024	153.018750	C4	60	54	984	87.250000	C4	60	80	
1025	153.194792	D4	62	63	985	87.375000	D4	62	80	
1026	153.446875	C5	72	71	986	87.500000	C5	72	80	
1027	153.483333	Eb4	63	41	987	87.500000	Eb4	63	80	
1028	153.905208	C3	48	42	989	87.750000	C3	48	80	
1029	153.905208	Eb4	63	55	988	87.750000	Eb4	63	80	
1030	154.093750	F4	65	65	990	87.875000	F4	65	80	
1031	154.097917	D3	50	50	991	87.875000	D3	50	80	
1032	154.311458	G4	67	60	992	88.000000	G4	67	80	
1033	154.333333	Eb3	51	49	993	88.000000	Eb3	51	80	
1034	154.510417	Eb5	75	60	994	88.125000	Eb5	75	80	
1035	154.707292	Eb3	51	51	997	88.250000	Eb3	51	80	
1036	154.713542	D5	74	70	995	88.250000	D5	74	80	
1037	154.745833	G3	55	50	996	88.250000	G3	55	80	
1038	154.921875	C5	72	76	998	88.375000	C5	72	80	
1039	154.931250	G#3	56	61	999	88.375000	G#3	56	80	
1040	154.944792	F3	53	53	1000	88.375000	F3	53	80	
1041	155.133333	G3	55	54	1003	88.500000	G3	55	80	
1042	155.141667	Bb3	58	63	1002	88.500000	Bb3	58	80	
1043	155.141667	Bb4	70	71	1001	88.500000	Bb4	70	80	
1044	155.326042	F4	65	70	1004	88.625000	F4	65	80	
1045	155.341667	G#3	56	67	1005	88.625000	G#3	56	80	
1046	155.555208	G3	55	72	1007	88.750000	G3	55	80	
1047	155.555208	Eb4	63	69	1006	88.750000	Eb4	63	80	
1048	155.593750	G2	43	58	1008	88.750000	G2	43	80	
1049	155.754167	C#4	61	65	1009	88.875000	C#4	61	80	
1050	155.770833	F3	53	73	1010	88.875000	F3	53	80	
1051	155.981250	C4	60	69	1011	89.000000	C4	60	80	
1052	156.002083	Eb3	51	68	1012	89.000000	Eb3	51	80	
1053	156.007292	G#2	44	65	1013	89.000000	G#2	44	80	
1054	156.189583	Bb3	58	72	1014	89.125000	Bb3	58	80	
1055	156.391667	Eb4	63	75	1015	89.250000	Eb4	63	80	
1056	156.410417	G#3	56	59	1016	89.250000	G#3	56	80	
1057	156.593750	Bb3	58	66	1017	89.375000	Bb3	58	80	
1058	156.857292	G#4	68	73	1018	89.500000	G#4	68	80	
1059	156.887500	C4	60	60	1019	89.500000	C4	60	80	
1060	157.318750	G#2	44	52	1021	89.750000	G#2	44	80	
1061	157.329167	C4	60	53	1020	89.750000	C4	60	80	
1062	157.522917	D4	62	65	1022	89.875000	D4	62	80	
1063	157.537500	Bb2	46	57	1023	89.875000	Bb2	46	80	
1064	157.743750	Eb4	63	62	1024	90.000000	Eb4	63	80	
1065	157.754167	C3	48	51	1025	90.000000	C3	48	80	
1066	157.939583	C5	72	62	1026	90.125000	C5	72	80	
1067	158.137500	C3	48	54	1029	90.250000	C3	48	80	
1068	158.151042	Bb4	70	69	1027	90.250000	Bb4	70	80	
1069	158.162500	Eb3	51	58	1028	90.250000	Eb3	51	80	
1070	158.341667	G#4	68	74	1030	90.375000	G#4	68	80	
1071	158.348958	F3	53	65	1031	90.375000	F3	53	80	
1072	158.360417	D3	50	57	1032	90.375000	D3	50	80	
1073	158.558333	Eb3	51	59	1035	90.500000	Eb3	51	80	
1074	158.565625	G3	55	61	1034	90.500000	G3	55	80	
1075	158.565625	G4	67	71	1033	90.500000	G4	67	80	
1076	158.756250	F3	53	67	1037	90.625000	F3	53	80	
1077	158.756250	D4	62	72	1036	90.625000	D4	62	80	
1078	158.961458	C4	60	71	1038	90.750000	C4	60	80	
1079	158.970833	Eb3	51	74	1039	90.750000	Eb3	51	80	
1080	159.010417	Eb2	39	59	1040	90.750000	Eb2	39	80	
1081	159.145833	D3	50	75	1042	90.875000	D3	50	80	
1082	159.165625	Bb3	58	77	1041	90.875000	Bb3	58	80	
1083	159.390625	G#3	56	71	1043	91.000000	G#3	56	80	
1084	159.394792	F2	41	71	1044	91.000000	F2	41	80	
1085	159.400000	C3	48	73	1045	91.000000	C3	48	80	
1086	159.593750	F4	65	77	1046	91.125000	F4	65	80	
1087	159.795833	D3	50	69	1048	91.250000	D3	50	80	
1088	159.795833	G#4	68	81	1047	91.250000	G#4	68	80	
1089	159.815625	G2	43	66	1049	91.250000	G2	43	80	
1090	159.815625	B2	47	60	1050	91.250000	B2	47	80	
1091	159.989583	Eb3	51	79	1052	91.375000	Eb3	51	80	
1092	159.989583	G4	67	78	1051	91.375000	G4	67	80	
1093	160.207292	F4	65	76	1053	91.500000	F4	65	80	
1094	160.232292	G#2	44	68	1055	91.500000	G#2	44	80	
1095	160.232292	C3	48	62	1056	91.500000	C3	48	80	
1096	160.232292	F3	53	77	1054	91.500000	F3	53	80	
1097	160.416667	Eb4	63	82	1057	91.625000	Eb4	63	80	
1098	160.636458	F#3	54	80	1059	91.750000	F#3	54	80	
1099	160.640625	D4	62	83	1058	91.750000	D4	62	80	
1100	160.646875	A2	45	63	1060	91.750000	A2	45	80	
1101	160.857292	C4	60	88	1061	91.875000	C4	60	80	
1102	161.168750	D3	50	63	1065	92.000000	D3	50	80	
1103	161.168750	B3	59	75	1062	92.000000	B3	59	80	
1104	161.175000	G3	55	60	1063	92.000000	G3	55	80	
1105	161.179167	G2	43	62	1064	92.000000	G2	43	80	
1106	161.653125	G3	55	71	1066	92.250000	G3	55	80	
1107	161.869792	A3	57	81	1067	92.375000	A3	57	80	
1108	162.189583	B3	59	48	1069	92.500000	B3	59	80	
1109	162.189583	G5	79	87	1068	92.500000	G5	79	80	
1110	162.690625	A3	57	62	1070	92.750000	A3	57	80	
1111	162.901042	B3	59	80	1071	92.875000	B3	59	80	
1112	163.142708	G#5	80	88	1072	93.000000	G#5	80	80	
1113	163.170833	C4	60	58	1073	93.000000	C4	60	80	
1114	163.346875	B3	59	71	1074	93.125000	B3	59	80	
1115	163.566667	C4	60	61	1076	93.250000	C4	60	80	
1116	163.566667	C5	72	78	1075	93.250000	C5	72	80	
1117	163.756250	D4	62	71	1077	93.375000	D4	62	80	
1118	163.996875	G5	79	83	1078	93.500000	G5	79	80	
1119	164.034375	Eb4	63	52	1079	93.500000	Eb4	63	80	
1120	164.469792	Bb4	70	69	1080	93.750000	Bb4	70	80	
1121	164.898958	F#5	78	84	1081	94.000000	F#5	78	80	
1122	164.954167	A4	69	40	1082	94.000000	A4	69	80	
1123	165.111458	C4	60	64	1083	94.125000	C4	60	80	
1124	165.321875	Bb4	70	74	1084	94.250000	Bb4	70	80	
1125	165.332292	D4	62	66	1085	94.250000	D4	62	80	
1126	165.534375	Eb4	63	66	1087	94.375000	Eb4	63	80	
1127	165.534375	C5	72	76	1086	94.375000	C5	72	80	
1128	165.759375	B5	83	82	1088	94.500000	B5	83	80	
1129	165.764583	F4	65	55	1090	94.500000	F4	65	80	
1130	165.791667	D5	74	68	1089	94.500000	D5	74	80	
1131	165.962500	C5	72	80	1091	94.625000	C5	72	80	
1132	166.157292	B4	71	75	1092	94.750000	B4	71	80	
1133	166.363542	A4	69	71	1093	94.875000	A4	69	80	
1134	166.623958	C6	84	82	1094	95.000000	C6	84	80	
1135	166.656250	G4	67	59	1095	95.000000	G4	67	80	
1136	166.853125	Eb4	63	65	1096	95.125000	Eb4	63	80	
1137	167.038542	F4	65	67	1097	95.250000	F4	65	80	
1138	167.246875	G4	67	70	1098	95.375000	G4	67	80	
1139	167.485417	F5	77	85	1099	95.500000	F5	77	80	
1140	167.509375	G#4	68	68	1100	95.500000	G#4	68	80	
1141	167.703125	G3	55	61	1101	95.625000	G3	55	80	
1142	167.919792	G#3	56	70	1102	95.750000	G#3	56	80	
1143	168.120833	Bb3	58	72	1103	95.875000	Bb3	58	80	
1144	168.355208	E5	76	82	1104	96.000000	E5	76	80	
1145	168.398958	C4	60	45	1105	96.000000	C4	60	80	
1146	168.559375	G4	67	54	1106	96.125000	G4	67	80	
1147	168.776042	A4	69	63	1107	96.250000	A4	69	80	
1148	168.982292	B4	71	81	1108	96.375000	B4	71	80	
1149	169.219792	Eb5	75	80	1109	96.500000	Eb5	75	80	
1150	169.250000	C5	72	69	1110	96.500000	C5	72	80	
1151	169.427083	C4	60	60	1111	96.625000	C4	60	80	
1152	169.647917	D4	62	71	1112	96.750000	D4	62	80	
1153	169.871875	Eb4	63	70	1113	96.875000	Eb4	63	80	
1154	170.153125	F4	65	43	1115	97.000000	F4	65	80	
1155	170.216667	D5	74	74	1114	97.000000	D5	74	80	
1156	170.481250	D4	62	51	1116	97.125000	D4	62	80	
1157	170.714583	B4	71	58	1117	97.250000	B4	71	80	
1158	170.732292	Eb4	63	48	1118	97.250000	Eb4	63	80	
1159	170.911458	A4	69	58	1119	97.375000	A4	69	80	
1160	170.926042	F4	65	53	1120	97.375000	F4	65	80	
1161	171.140625	B4	71	74	1121	97.500000	B4	71	80	
1162	171.144792	G4	67	58	1122	97.500000	G4	67	80	
1163	171.321875	C5	72	74	1123	97.625000	C5	72	80	
1164	171.340625	G#4	68	64	1124	97.625000	G#4	68	80	
1165	171.543750	G4	67	50	1126	97.750000	G4	67	80	
1166	171.543750	B4	71	72	1125	97.750000	B4	71	80	
1167	171.735417	D5	74	68	1127	97.875000	D5	74	80	
1168	171.744792	F4	65	52	1128	97.875000	F4	65	80	
1169	171.964583	G4	67	51	1129	98.000000	G4	67	80	
1170	171.978125	Eb4	63	49	1130	98.000000	Eb4	63	80	
1171	172.166667	F4	65	45	1131	98.125000	F4	65	80	
1172	172.378125	C5	72	59	1132	98.250000	C5	72	80	
1173	172.398958	Eb4	63	50	1133	98.250000	Eb4	63	80	
1174	172.580208	D5	74	59	1134	98.375000	D5	74	80	
1175	172.597917	D4	62	43	1135	98.375000	D4	62	80	
1176	172.857292	Eb5	75	51	1136	98.500000	Eb5	75	80	
1177	172.890625	C4	60	23	1137	98.500000	C4	60	80	
1178	173.351042	C4	60	41	1139	98.750000	C4	60	80	
1179	173.361458	G4	67	36	1138	98.750000	G4	67	80	
1180	173.539583	Bb3	58	51	1140	98.875000	Bb3	58	80	
1181	173.760417	C4	60	43	1141	99.000000	C4	60	80	
1182	173.783333	A3	57	52	1142	99.000000	A3	57	80	
1183	174.186458	C5	72	51	1143	99.250000	C5	72	80	
1184	174.209375	A3	57	39	1144	99.250000	A3	57	80	
1185	174.393750	Bb4	70	61	1145	99.375000	Bb4	70	80	
1186	174.412500	G3	55	46	1146	99.375000	G3	55	80	
1187	174.622917	A4	69	51	1147	99.500000	A4	69	80	
1188	174.662500	F3	53	43	1148	99.500000	F3	53	80	
1189	175.053125	Bb4	70	48	1149	99.750000	Bb4	70	80	
1190	175.090625	G3	55	41	1150	99.750000	G3	55	80	
1191	175.231250	C5	72	60	1151	99.875000	C5	72	80	
1192	175.247917	A3	57	46	1152	99.875000	A3	57	80	
1193	175.480208	Bb3	58	44	1154	100.000000	Bb3	58	80	
1194	175.485417	F4	65	44	1153	100.000000	F4	65	80	
1195	175.905208	D5	74	70	1155	100.250000	D5	74	80	
1196	175.925000	Bb4	70	58	1156	100.250000	Bb4	70	80	
1197	175.937500	F4	65	43	1157	100.250000	F4	65	80	
1198	176.111458	Eb5	75	80	1158	100.375000	Eb5	75	80	
1199	176.131250	Eb4	63	57	1159	100.375000	Eb4	63	80	
1200	176.356250	F5	77	81	1160	100.500000	F5	77	80	
1201	176.383333	D4	62	48	1161	100.500000	D4	62	80	
1202	176.785417	G#4	68	68	1162	100.750000	G#4	68	80	
1203	176.803125	D4	62	49	1163	100.750000	D4	62	80	
1204	176.977083	C4	60	61	1164	100.875000	C4	60	80	
1205	177.214583	B3	59	46	1166	101.000000	B3	59	80	
1206	177.214583	G4	67	53	1165	101.000000	G4	67	80	
1207	177.633333	B3	59	46	1168	101.250000	B3	59	80	
1208	177.643750	D5	74	60	1167	101.250000	D5	74	80	
1209	177.827083	C5	72	72	1169	101.375000	C5	72	80	
1210	177.844792	A3	57	58	1170	101.375000	A3	57	80	
1211	178.056250	G3	55	59	1172	101.500000	G3	55	80	
1212	178.056250	B4	71	76	1171	101.500000	B4	71	80	
1213	178.466667	C5	72	79	1173	101.750000	C5	72	80	
1214	178.472917	A3	57	60	1174	101.750000	A3	57	80	
1215	178.642708	D5	74	78	1175	101.875000	D5	74	80	
1216	178.660417	B3	59	66	1176	101.875000	B3	59	80	
1217	178.877083	G4	67	75	1177	102.000000	G4	67	80	
1218	178.884375	C4	60	65	1178	102.000000	C4	60	80	
1219	179.070833	D5	74	73	1179	102.125000	D5	74	80	
1220	179.289583	E5	76	89	1180	102.250000	E5	76	80	
1221	179.301042	Bb3	58	64	1181	102.250000	Bb3	58	80	
1222	179.491667	G5	79	90	1182	102.375000	G5	79	80	
1223	179.503125	G#3	56	65	1183	102.375000	G#3	56	80	
1224	179.772917	Bb4	70	80	1184	102.500000	Bb4	70	80	
1225	179.796875	G3	55	55	1185	102.500000	G3	55	80	
1226	180.206250	C#4	61	66	1186	102.750000	C#4	61	80	
1227	180.230208	G3	55	52	1187	102.750000	G3	55	80	
1228	180.394792	F3	53	70	1188	102.875000	F3	53	80	
1229	180.646875	C4	60	59	1189	103.000000	C4	60	80	
1230	180.651042	E3	52	51	1190	103.000000	E3	52	80	
1231	181.070833	G4	67	64	1191	103.250000	G4	67	80	
1232	181.087500	E3	52	47	1192	103.250000	E3	52	80	
1233	181.264583	F4	65	68	1193	103.375000	F4	65	80	
1234	181.273958	D3	50	59	1194	103.375000	D3	50	80	
1235	181.503125	E4	64	78	1195	103.500000	E4	64	80	
1236	181.510417	C3	48	58	1196	103.500000	C3	48	80	
1237	181.937500	F4	65	74	1197	103.750000	F4	65	80	
1238	181.970833	D3	50	64	1198	103.750000	D3	50	80	
1239	182.157292	E3	52	73	1200	103.875000	E3	52	80	
1240	182.157292	G4	67	79	1199	103.875000	G4	67	80	
1241	182.383333	F3	53	73	1202	104.000000	F3	53	80	
1242	182.389583	C4	60	76	1201	104.000000	C4	60	80	
1243	182.591667	G3	55	79	1203	104.125000	G3	55	80	
1244	182.826042	G#3	56	80	1206	104.250000	G#3	56	80	
1245	182.834375	G#4	68	82	1204	104.250000	G#4	68	80	
1246	182.842708	F4	65	70	1205	104.250000	F4	65	80	
1247	183.066667	Bb3	58	87	1207	104.375000	Bb3	58	80	
1248	183.455208	G4	67	73	1208	104.500000	G4	67	80	
1249	183.466667	C3	48	78	1210	104.500000	C3	48	80	
1250	183.476042	C4	60	82	1209	104.500000	C4	60	80	
1251	184.087500	E4	64	67	1211	104.750000	E4	64	80	
1252	184.633333	C#3	49	75	1214	105.000000	C#3	49	80	
1253	184.657292	F4	65	62	1212	105.000000	F4	65	80	
1254	184.893750	E4	64	68	1215	105.125000	E4	64	80	
1255	185.106250	F4	65	63	1216	105.250000	F4	65	80	
1256	185.123958	Bb3	58	71	1217	105.250000	Bb3	58	80	
1257	185.313542	G4	67	74	1218	105.375000	G4	67	80	
1258	185.529167	C3	48	79	1220	105.500000	C3	48	80	
1259	185.558333	G#4	68	69	1219	105.500000	G#4	68	80	
1260	185.740625	G4	67	63	1221	105.625000	G4	67	80	
1261	185.962500	F4	65	60	1222	105.750000	F4	65	80	
1262	185.969792	G#3	56	64	1223	105.750000	G#3	56	80	
1263	186.170833	Eb4	63	69	1224	105.875000	Eb4	63	80	
1264	186.435417	B2	47	77	1226	106.000000	B2	47	80	
1265	186.439583	D4	62	66	1225	106.000000	D4	62	80	
1266	186.637500	F4	65	70	1227	106.125000	F4	65	80	
1267	186.845833	G4	67	70	1228	106.250000	G4	67	80	
1268	186.850000	G3	55	74	1229	106.250000	G3	55	80	
1269	187.030208	G#4	68	85	1230	106.375000	G#4	68	80	
1270	187.039583	F3	53	72	1231	106.375000	F3	53	80	
1271	187.253125	E3	52	75	1234	106.500000	E3	52	80	
1272	187.264583	Bb4	70	78	1232	106.500000	Bb4	70	80	
1273	187.270833	G3	55	75	1233	106.500000	G3	55	80	
1274	187.462500	Bb3	58	78	1235	106.625000	Bb3	58	80	
1275	187.690625	G#3	56	63	1237	106.750000	G#3	56	80	
1276	187.716667	C#4	61	79	1236	106.750000	C#4	61	80	
1277	187.920833	G3	55	70	1238	106.875000	G3	55	80	
1278	188.131250	F3	53	78	1239	107.000000	F3	53	80	
1279	188.317708	G#4	68	82	1241	107.125000	G#4	68	80	
1280	188.508333	G3	55	73	1244	107.250000	G3	55	80	
1281	188.513542	Bb4	70	70	1242	107.250000	Bb4	70	80	
1282	188.526042	C4	60	74	1243	107.250000	C4	60	80	
1283	188.719792	G#3	56	83	1246	107.375000	G#3	56	80	
1284	188.719792	C5	72	80	1245	107.375000	C5	72	80	
1285	188.966667	Bb2	46	76	1249	107.500000	Bb2	46	80	
1286	188.971875	Bb3	58	82	1248	107.500000	Bb3	58	80	
1287	188.976042	C#5	73	76	1247	107.500000	C#5	73	80	
1288	189.147917	F3	53	76	1250	107.625000	F3	53	80	
1289	189.366667	Eb3	51	82	1252	107.750000	Eb3	51	80	
1290	189.378125	F#4	66	78	1251	107.750000	F#4	66	80	
1291	189.554167	C#3	49	80	1253	107.875000	C#3	49	80	
1292	189.794792	A2	45	81	1255	108.000000	A2	45	80	
1293	189.833333	C3	48	69	1254	108.000000	C3	48	80	
1294	190.005208	C5	72	82	1256	108.125000	C5	72	80	
1295	190.222917	D5	74	80	1257	108.250000	D5	74	80	
1296	190.227083	F4	65	72	1258	108.250000	F4	65	80	
1297	190.436458	E5	76	88	1259	108.375000	E5	76	80	
1298	190.645833	G#2	44	87	1261	108.500000	G#2	44	80	
1299	190.666667	F5	77	83	1260	108.500000	F5	77	80	
1300	190.863542	D3	50	79	1263	108.625000	D3	50	80	
1301	190.877083	F4	65	74	1262	108.625000	F4	65	80	
1302	191.092708	E3	52	79	1265	108.750000	E3	52	80	
1303	191.092708	G4	67	82	1264	108.750000	G4	67	80	
1304	191.317708	F3	53	87	1267	108.875000	F3	53	80	
1305	191.327083	G#4	68	88	1266	108.875000	G#4	68	80	
1306	191.653125	Bb4	70	74	1268	109.000000	Bb4	70	80	
1307	191.659375	G3	55	85	1269	109.000000	G3	55	80	
1308	191.664583	G2	43	82	1270	109.000000	G2	43	80	
1309	192.203125	E5	76	77	1271	109.250000	E5	76	80	
1310	192.427083	D5	74	79	1272	109.375000	D5	74	80	
1311	192.682292	E5	76	81	1273	109.500000	E5	76	80	
1312	192.909375	A2	45	74	1274	109.625000	A2	45	80	
1313	193.141667	Bb2	46	83	1275	109.750000	Bb2	46	80	
1314	193.393750	C3	48	85	1276	109.875000	C3	48	80	
1315	193.754167	F2	41	75	1279	110.000000	F2	41	80	
1316	193.785417	C#3	49	72	1278	110.000000	C#3	49	80	
1317	193.794792	F5	77	73	1277	110.000000	F5	77	80	
1318	194.138542	C#5	73	68	1280	110.125000	C#5	73	80	
1319	194.151042	C3	48	58	1281	110.125000	C3	48	80	
1320	194.369792	C5	72	72	1282	110.250000	C5	72	80	
1321	194.392708	C#3	49	63	1283	110.250000	C#3	49	80	
1322	194.589583	Eb3	51	71	1285	110.375000	Eb3	51	80	
1323	194.589583	Bb4	70	71	1284	110.375000	Bb4	70	80	
1324	194.813542	A4	69	64	1286	110.500000	A4	69	80	
1325	194.820833	F3	53	67	1287	110.500000	F3	53	80	
1326	195.011458	Eb5	75	74	1288	110.625000	Eb5	75	80	
1327	195.029167	F2	41	64	1289	110.625000	F2	41	80	
1328	195.231250	G2	43	71	1291	110.750000	G2	43	80	
1329	195.231250	C#5	73	80	1290	110.750000	C#5	73	80	
1330	195.422917	A2	45	76	1293	110.875000	A2	45	80	
1331	195.434375	C5	72	85	1292	110.875000	C5	72	80	
1332	195.647917	C#5	73	76	1294	111.000000	C#5	73	80	
1333	195.658333	Bb2	46	75	1295	111.000000	Bb2	46	80	
1334	195.847917	F3	53	68	1297	111.125000	F3	53	80	
1335	195.859375	C5	72	76	1296	111.125000	C5	72	80	
1336	196.061458	G3	55	71	1299	111.250000	G3	55	80	
1337	196.061458	Bb4	70	83	1298	111.250000	Bb4	70	80	
1338	196.255208	G#3	56	75	1301	111.375000	G#3	56	80	
1339	196.259375	G#4	68	83	1300	111.375000	G#4	68	80	
1340	196.470833	G4	67	78	1302	111.500000	G4	67	80	
1341	196.484375	Bb3	58	81	1303	111.500000	Bb3	58	80	
1342	196.684375	F4	65	74	1305	111.625000	F4	65	80	
1343	196.693750	C#3	49	73	1306	111.625000	C#3	49	80	
1344	196.693750	Bb4	70	75	1304	111.625000	Bb4	70	80	
1345	196.909375	C3	48	73	1309	111.750000	C3	48	80	
1346	196.913542	C5	72	82	1307	111.750000	C5	72	80	
1347	196.920833	Eb4	63	80	1308	111.750000	Eb4	63	80	
1348	197.143750	C#4	61	81	1311	111.875000	C#4	61	80	
1349	197.148958	Bb2	46	75	1312	111.875000	Bb2	46	80	
1350	197.148958	C#5	73	84	1310	111.875000	C#5	73	80	
1351	197.400000	C3	48	71	1315	112.000000	C3	48	80	
1352	197.463542	E4	64	81	1313	112.000000	E4	64	80	
1353	197.478125	C4	60	78	1314	112.000000	C4	60	80	
1354	197.709375	Bb3	58	73	1316	112.125000	Bb3	58	80	
1355	197.932292	C5	72	83	1317	112.250000	C5	72	80	
1356	197.946875	G#3	56	72	1318	112.250000	G#3	56	80	
1357	198.168750	G3	55	75	1319	112.375000	G3	55	80	
1358	198.422917	G#3	56	76	1320	112.500000	G#3	56	80	
1359	198.651042	G4	67	76	1321	112.625000	G4	67	80	
1360	198.904167	G#4	68	81	1322	112.750000	G#4	68	80	
1361	199.168750	F4	65	75	1323	112.875000	F4	65	80	
1362	199.426042	G#3	56	67	*	-1	*	-1	-1	
1363	199.609375	G3	55	60	*	-1	*	-1	-1	
1364	199.752083	F4	65	68	*	-1	*	-1	-1	
1365	199.765625	G#3	56	67	1325	113.031250	G#3	56	80	
1366	199.883333	G3	55	69	1324	113.000000	G3	55	80	
1367	200.001042	E4	64	75	*	-1	*	-1	-1	
1368	200.025000	G#3	56	72	*	-1	*	-1	-1	
1369	200.152083	G3	55	73	*	-1	*	-1	-1	
1370	200.264583	D4	62	79	1326	113.061458	G#3	56	80	
1371	200.298958	G#3	56	75	*	-1	*	-1	-1	
1372	200.445833	G3	55	70	*	-1	*	-1	-1	
1373	200.641667	G#3	56	61	*	-1	*	-1	-1	
1374	200.641667	F4	65	64	1328	113.125000	F4	65	80	
1375	200.838542	G3	55	60	1329	113.125000	G3	55	80	
1376	200.846875	E4	64	69	*	-1	*	-1	-1	
1377	200.984375	F4	65	65	*	-1	*	-1	-1	
1378	200.986458	G#3	56	65	*	-1	*	-1	-1	
1379	201.090625	E4	64	69	*	-1	*	-1	-1	
1380	201.100000	G3	55	55	*	-1	*	-1	-1	
1381	201.182292	G#3	56	66	*	-1	*	-1	-1	
1382	201.182292	F4	65	60	*	-1	*	-1	-1	
1383	201.260417	G3	55	64	*	-1	*	-1	-1	
1384	201.260417	E4	64	68	*	-1	*	-1	-1	
1385	201.319792	G#3	56	59	*	-1	*	-1	-1	
1386	201.323958	F4	65	51	*	-1	*	-1	-1	
1387	201.415625	G3	55	62	*	-1	*	-1	-1	
1388	201.484375	G#3	56	71	*	-1	*	-1	-1	
1389	201.532292	E4	64	62	*	-1	*	-1	-1	
1390	201.553125	G3	55	70	*	-1	*	-1	-1	
1391	201.564583	C4	60	18	*	-1	*	-1	-1	
1392	201.748958	D4	62	83	*	-1	*	-1	-1	
1393	201.762500	F3	53	72	*	-1	*	-1	-1	
1394	202.055208	G3	55	76	*	-1	*	-1	-1	
1395	202.059375	E4	64	87	1330	113.250000	E4	64	80	
1396	202.652083	F2	41	70	1339	114.000000	F2	41	80	
1397	202.652083	F4	65	80	1338	114.000000	F4	65	80	
1398	202.656250	C4	60	69	1337	114.000000	C4	60	80	
1399	202.663542	A3	57	68	1340	114.000000	A3	57	80	
*	-1	*	-1	-1	47	11.562500	C4	60	80	
*	-1	*	-1	-1	48	11.562500	B3	59	80	
*	-1	*	-1	-1	51	12.000000	C4	60	80	
*	-1	*	-1	-1	108	17.500000	E4	64	80	
*	-1	*	-1	-1	491	52.531250	C#4	61	80	
*	-1	*	-1	-1	492	52.562500	Eb4	63	80	
*	-1	*	-1	-1	493	52.562500	Eb4	63	80	
*	-1	*	-1	-1	494	52.593750	C#4	61	80	
*	-1	*	-1	-1	496	52.625000	C#4	61	80	
*	-1	*	-1	-1	557	56.625000	Bb4	70	80	
*	-1	*	-1	-1	578	58.375000	D4	62	80	
*	-1	*	-1	-1	580	58.500000	E4	64	80	
*	-1	*	-1	-1	739	70.000000	C4	60	80	
*	-1	*	-1	-1	755	71.000000	Eb3	51	80	
*	-1	*	-1	-1	767	72.000000	F3	53	80	
*	-1	*	-1	-1	883	80.500000	Bb3	58	80	
*	-1	*	-1	-1	889	81.000000	C4	60	80	
*	-1	*	-1	-1	950	85.000000	Eb3	51	80	
*	-1	*	-1	-1	1213	105.000000	F4	65	80	
*	-1	*	-1	-1	1240	107.000000	F3	53	80	
*	-1	*	-1	-1	1327	113.062500	G3	55	80	
*	-1	*	-1	-1	1332	113.500000	E4	64	80	
*	-1	*	-1	-1	1334	113.562500	F4	65	80	
*	-1	*	-1	-1	1335	113.562500	E4	64	80	
*	-1	*	-1	-1	50	12.000000	C4	60	80	
*	-1	*	-1	-1	503	52.937500	Eb4	63	80	
*	-1	*	-1	-1	576	58.250000	E4	64	80	
*	-1	*	-1	-1	1331	113.375000	D4	62	80	
*	-1	*	-1	-1	1333	113.531250	F4	65	80	
*	-1	*	-1	-1	1336	113.625000	E4	64	80	
