// alignID alignOntime alignSitch alignPitch alignOnvel refID refOntime refSitch refPitch refOnvel
0	0.627604	C4	60	66	0	0.500000	C4	60	80	
1	1.566406	C#4	61	72	1	1.000000	C#4	61	80	
2	2.441406	C4	60	73	2	1.500000	C4	60	80	
3	3.300781	B3	59	69	3	2.000000	B3	59	80	
4	4.195312	E4	64	73	4	2.500000	E4	64	80	
5	5.052083	F4	65	75	5	3.000000	F4	65	80	
6	5.906250	Bb3	58	76	6	3.500000	Bb3	58	80	
7	6.790365	A3	57	73	7	4.000000	A3	57	80	
8	7.665365	G#3	56	62	8	4.500000	G#3	56	80	
9	8.555990	G3	55	43	9	5.000000	G3	55	80	
10	10.164062	F3	53	39	10	6.000000	F3	53	80	
11	10.545573	F3	53	46	11	6.250000	F3	53	80	
12	10.734375	G3	55	55	12	6.375000	G3	55	80	
13	10.927083	F4	65	76	13	6.500000	F4	65	80	
14	10.955729	G#3	56	46	14	6.500000	G#3	56	80	
15	11.324219	G#3	56	58	15	6.750000	G#3	56	80	
16	11.505208	Bb3	58	60	16	6.875000	Bb3	58	80	
17	11.669271	G#4	68	78	17	7.000000	G#4	68	80	
18	11.684896	C4	60	62	18	7.000000	C4	60	80	
19	11.851562	B2	47	59	19	7.125000	B2	47	80	
20	12.052083	C3	48	59	20	7.250000	C3	48	80	
21	12.234375	D3	50	52	21	7.375000	D3	50	80	
22	12.447917	G4	67	76	22	7.500000	G4	67	80	
23	12.454427	Eb3	51	47	23	7.500000	Eb3	51	80	
24	13.180990	F#4	66	73	24	8.000000	F#4	66	80	
25	13.376302	C3	48	54	25	8.125000	C3	48	80	
26	13.546875	D3	50	59	26	8.250000	D3	50	80	
27	13.739583	Eb3	51	63	27	8.375000	Eb3	51	80	
28	13.945312	B4	71	79	28	8.500000	B4	71	80	
29	13.953125	F3	53	52	29	8.500000	F3	53	80	
30	14.729167	C5	72	77	30	9.000000	C5	72	80	
31	14.904948	Eb3	51	54	31	9.125000	Eb3	51	80	
32	15.102865	F3	53	55	32	9.250000	F3	53	80	
33	15.292969	G3	55	52	33	9.375000	G3	55	80	
34	15.477865	F4	65	72	34	9.500000	F4	65	80	
35	15.492188	G#3	56	43	35	9.500000	G#3	56	80	
36	16.247396	E4	64	67	36	10.000000	E4	64	80	
37	16.432292	G3	55	48	37	10.125000	G3	55	80	
38	16.631510	A3	57	55	38	10.250000	A3	57	80	
39	16.799479	B3	59	53	39	10.375000	B3	59	80	
40	17.010417	C4	60	42	41	10.500000	C4	60	80	
41	17.011719	Eb4	63	63	40	10.500000	Eb4	63	80	
42	17.817708	D4	62	61	42	11.000000	D4	62	80	
43	18.223958	B3	59	41	43	11.250000	B3	59	80	
44	18.395833	A3	57	41	44	11.375000	A3	57	80	
45	18.572917	C4	60	53	*	-1	*	-1	-1	
46	18.678385	B3	59	56	45	11.500000	B3	59	80	
47	18.774740	C4	60	56	46	11.531250	C4	60	80	
48	18.864583	B3	59	57	*	-1	*	-1	-1	
49	18.975260	C4	60	55	*	-1	*	-1	-1	
50	19.053385	B3	59	55	*	-1	*	-1	-1	
51	19.161458	C4	60	63	*	-1	*	-1	-1	
52	19.272135	B3	59	58	49	11.625000	B3	59	80	
53	19.350260	C4	60	55	*	-1	*	-1	-1	
54	19.755208	G3	55	51	53	12.250000	G3	55	80	
55	19.764323	C4	60	33	52	12.250000	C4	60	80	
56	19.955729	D4	62	57	54	12.375000	D4	62	80	
57	20.147135	C3	48	86	57	12.500000	C3	48	80	
58	20.162760	E4	64	63	55	12.500000	E4	64	80	
59	20.169271	C4	60	67	56	12.500000	C4	60	80	
60	20.546875	Bb3	58	63	59	12.750000	Bb3	58	80	
61	20.574219	D4	62	52	58	12.750000	D4	62	80	
62	20.736979	E4	64	55	60	12.875000	E4	64	80	
63	20.937500	C#3	49	80	63	13.000000	C#3	49	80	
64	20.946615	G#3	56	62	62	13.000000	G#3	56	80	
65	20.970052	F4	65	63	61	13.000000	F4	65	80	
66	21.126302	E3	52	61	64	13.125000	E3	52	80	
67	21.325521	F3	53	61	65	13.250000	F3	53	80	
68	21.350260	F4	65	66	66	13.250000	F4	65	80	
69	21.510417	G3	55	67	67	13.375000	G3	55	80	
70	21.734375	G#3	56	76	68	13.500000	G#3	56	80	
71	21.738281	C3	48	78	69	13.500000	C3	48	80	
72	22.166667	Eb4	63	57	70	13.750000	Eb4	63	80	
73	22.544271	B2	47	85	72	14.000000	B2	47	80	
74	22.572917	D4	62	61	71	14.000000	D4	62	80	
75	22.748698	F3	53	69	73	14.125000	F3	53	80	
76	22.971354	G3	55	58	75	14.250000	G3	55	80	
77	22.984375	Eb4	63	54	74	14.250000	Eb4	63	80	
78	23.144531	G#3	56	69	77	14.375000	G#3	56	80	
79	23.182292	F4	65	60	76	14.375000	F4	65	80	
80	23.360677	E3	52	84	80	14.500000	E3	52	80	
81	23.372396	Bb3	58	76	79	14.500000	Bb3	58	80	
82	23.397135	G4	67	72	78	14.500000	G4	67	80	
83	23.604167	F4	65	54	81	14.625000	F4	65	80	
84	23.820312	E4	64	60	82	14.750000	E4	64	80	
85	23.997396	D4	62	54	83	14.875000	D4	62	80	
86	24.216146	F3	53	84	85	15.000000	F3	53	80	
87	24.231771	C4	60	74	84	15.000000	C4	60	80	
88	24.438802	G#3	56	65	86	15.125000	G#3	56	80	
89	24.648438	Bb3	58	61	87	15.250000	Bb3	58	80	
90	24.838542	C4	60	59	88	15.375000	C4	60	80	
91	25.046875	Bb2	46	85	90	15.500000	Bb2	46	80	
92	25.063802	C#4	61	65	89	15.500000	C#4	61	80	
93	25.278646	Bb3	58	57	91	15.625000	Bb3	58	80	
94	25.488281	G#3	56	59	92	15.750000	G#3	56	80	
95	25.684896	G3	55	59	93	15.875000	G3	55	80	
96	25.885417	A2	45	78	95	16.000000	A2	45	80	
97	25.897135	F3	53	68	94	16.000000	F3	53	80	
98	26.106771	C4	60	71	96	16.125000	C4	60	80	
99	26.308594	D4	62	76	97	16.250000	D4	62	80	
100	26.490885	E4	64	72	98	16.375000	E4	64	80	
101	26.691406	G#2	44	83	100	16.500000	G#2	44	80	
102	26.699219	F4	65	71	99	16.500000	F4	65	80	
103	26.932292	F3	53	46	101	16.625000	F3	53	80	
104	27.130208	G3	55	49	102	16.750000	G3	55	80	
105	27.319010	G#3	56	54	103	16.875000	G#3	56	80	
106	27.532552	G2	43	72	105	17.000000	G2	43	80	
107	27.566406	Bb3	58	53	104	17.000000	Bb3	58	80	
108	27.949219	E4	64	67	106	17.250000	E4	64	80	
109	28.141927	D4	62	71	107	17.375000	D4	62	80	
110	28.347656	E4	64	72	108	17.500000	E4	64	80	
111	28.738281	G#3	56	52	109	17.750000	G#3	56	80	
112	28.941406	G3	55	55	110	17.875000	G3	55	80	
113	29.165365	F2	41	45	113	18.000000	F2	41	80	
114	29.167969	G#3	56	49	112	18.000000	G#3	56	80	
115	29.171875	F4	65	46	111	18.000000	F4	65	80	
116	29.582031	F4	65	53	114	18.250000	F4	65	80	
117	29.744792	G4	67	50	115	18.375000	G4	67	80	
118	29.962240	G#4	68	55	116	18.500000	G#4	68	80	
119	30.352865	G#4	68	50	117	18.750000	G#4	68	80	
120	30.363281	F3	53	41	118	18.750000	F3	53	80	
121	30.528646	Bb4	70	57	119	18.875000	Bb4	70	80	
122	30.537760	G3	55	39	120	18.875000	G3	55	80	
123	30.729167	G#3	56	48	122	19.000000	G#3	56	80	
124	30.739583	C5	72	67	121	19.000000	C5	72	80	
125	31.141927	G#3	56	50	124	19.250000	G#3	56	80	
126	31.151042	C4	60	40	123	19.250000	C4	60	80	
127	31.320312	Bb3	58	58	126	19.375000	Bb3	58	80	
128	31.326823	C#4	61	55	125	19.375000	C#4	61	80	
129	31.511719	Eb4	63	57	127	19.500000	Eb4	63	80	
130	31.532552	C4	60	52	128	19.500000	C4	60	80	
131	31.725260	Bb4	70	61	129	19.625000	Bb4	70	80	
132	31.906250	C3	48	51	131	19.750000	C3	48	80	
133	31.925781	G#4	68	53	130	19.750000	G#4	68	80	
134	32.092448	G4	67	47	132	19.875000	G4	67	80	
135	32.302083	C#3	49	37	134	20.000000	C#3	49	80	
136	32.303385	F4	65	47	133	20.000000	F4	65	80	
137	32.710938	C#4	61	53	135	20.250000	C#4	61	80	
138	32.899740	Eb4	63	48	136	20.375000	Eb4	63	80	
139	33.114583	F4	65	58	137	20.500000	F4	65	80	
140	33.490885	F4	65	54	138	20.750000	F4	65	80	
141	33.518229	C#3	49	40	139	20.750000	C#3	49	80	
142	33.674479	G4	67	60	140	20.875000	G4	67	80	
143	33.677083	Eb3	51	49	141	20.875000	Eb3	51	80	
144	33.875000	G#4	68	70	142	21.000000	G#4	68	80	
145	33.884115	F3	53	47	143	21.000000	F3	53	80	
146	34.282552	G#3	56	52	144	21.250000	G#3	56	80	
147	34.292969	F3	53	50	145	21.250000	F3	53	80	
148	34.470052	Bb3	58	60	146	21.375000	Bb3	58	80	
149	34.488281	G3	55	55	147	21.375000	G3	55	80	
150	34.662760	G#3	56	55	149	21.500000	G#3	56	80	
151	34.673177	C4	60	63	148	21.500000	C4	60	80	
152	34.860677	F#4	66	63	150	21.625000	F#4	66	80	
153	35.063802	G#2	44	52	152	21.750000	G#2	44	80	
154	35.066406	F4	65	64	151	21.750000	F4	65	80	
155	35.255208	Eb4	63	60	153	21.875000	Eb4	63	80	
156	35.458333	Bb2	46	43	155	22.000000	Bb2	46	80	
157	35.466146	C#4	61	60	154	22.000000	C#4	61	80	
158	35.873698	Bb3	58	56	156	22.250000	Bb3	58	80	
159	36.079427	C4	60	51	157	22.375000	C4	60	80	
160	36.266927	C#4	61	56	158	22.500000	C#4	61	80	
161	36.654948	C#4	61	53	159	22.750000	C#4	61	80	
162	36.667969	Bb2	46	43	160	22.750000	Bb2	46	80	
163	36.845052	C3	48	45	162	22.875000	C3	48	80	
164	36.845052	Eb4	63	56	161	22.875000	Eb4	63	80	
165	37.045573	C#3	49	50	164	23.000000	C#3	49	80	
166	37.058594	F4	65	58	163	23.000000	F4	65	80	
167	37.451823	C#3	49	38	166	23.250000	C#3	49	80	
168	37.451823	F3	53	46	165	23.250000	F3	53	80	
169	37.627604	Eb3	51	59	168	23.375000	Eb3	51	80	
170	37.630208	G3	55	59	167	23.375000	G3	55	80	
171	37.824219	F3	53	52	170	23.500000	F3	53	80	
172	37.834635	G#3	56	62	169	23.500000	G#3	56	80	
173	38.251302	F2	41	50	172	23.750000	F2	41	80	
174	38.269531	G#3	56	54	171	23.750000	G#3	56	80	
175	38.450521	Bb3	58	55	173	23.875000	Bb3	58	80	
176	38.664062	C4	60	60	174	24.000000	C4	60	80	
177	38.677083	C3	48	44	175	24.000000	C3	48	80	
178	39.075521	C3	48	49	178	24.250000	C3	48	80	
179	39.075521	E4	64	62	176	24.250000	E4	64	80	
180	39.087240	G3	55	48	177	24.250000	G3	55	80	
181	39.257812	F4	65	65	179	24.375000	F4	65	80	
182	39.261719	D3	50	50	180	24.375000	D3	50	80	
183	39.462240	C5	72	89	181	24.500000	C5	72	80	
184	39.476562	E3	52	64	184	24.500000	E3	52	80	
185	39.489583	G4	67	75	182	24.500000	G4	67	80	
186	39.493490	C4	60	56	183	24.500000	C4	60	80	
187	39.868490	Bb3	58	68	185	24.750000	Bb3	58	80	
188	39.889323	D3	50	65	186	24.750000	D3	50	80	
189	40.063802	E3	52	67	187	24.875000	E3	52	80	
190	40.257812	F3	53	72	190	25.000000	F3	53	80	
191	40.266927	C#5	73	80	188	25.000000	C#5	73	80	
192	40.281250	G#3	56	46	189	25.000000	G#3	56	80	
193	40.466146	E2	40	79	191	25.125000	E2	40	80	
194	40.661458	F2	41	77	193	25.250000	F2	41	80	
195	40.662760	F4	65	74	192	25.250000	F4	65	80	
196	40.856771	G2	43	80	194	25.375000	G2	43	80	
197	41.066406	C5	72	92	195	25.500000	C5	72	80	
198	41.078125	G#2	44	71	196	25.500000	G#2	44	80	
199	41.281250	C3	48	60	197	25.625000	C3	48	80	
200	41.459635	D3	50	52	199	25.750000	D3	50	80	
201	41.463542	Eb4	63	59	198	25.750000	Eb4	63	80	
202	41.651042	Eb3	51	66	200	25.875000	Eb3	51	80	
203	41.858073	B4	71	84	201	26.000000	B4	71	80	
204	41.859375	F3	53	68	203	26.000000	F3	53	80	
205	41.873698	D4	62	60	202	26.000000	D4	62	80	
206	41.906250	Bb4	70	23	*	-1	*	-1	-1	
207	42.049479	F2	41	70	204	26.125000	F2	41	80	
208	42.248698	Eb4	63	54	205	26.250000	Eb4	63	80	
209	42.253906	G2	43	55	206	26.250000	G2	43	80	
210	42.407552	G#2	44	58	208	26.375000	G#2	44	80	
211	42.445312	F4	65	56	207	26.375000	F4	65	80	
212	42.630208	E5	76	73	209	26.500000	E5	76	80	
213	42.645833	G4	67	64	210	26.500000	G4	67	80	
214	42.657552	Bb2	46	61	211	26.500000	Bb2	46	80	
215	42.677083	D5	74	39	*	-1	*	-1	-1	
216	42.824219	F4	65	68	212	26.625000	F4	65	80	
217	43.037760	E4	64	66	213	26.750000	E4	64	80	
218	43.042969	G3	55	59	214	26.750000	G3	55	80	
219	43.227865	D4	62	66	215	26.875000	D4	62	80	
220	43.421875	F5	77	91	216	27.000000	F5	77	80	
221	43.425781	C4	60	74	217	27.000000	C4	60	80	
222	43.434896	G#3	56	64	218	27.000000	G#3	56	80	
223	43.627604	G#2	44	68	219	27.125000	G#2	44	80	
224	43.830729	Bb2	46	61	220	27.250000	Bb2	46	80	
225	44.024740	C3	48	68	221	27.375000	C3	48	80	
226	44.225260	Bb4	70	78	222	27.500000	Bb4	70	80	
227	44.227865	C#3	49	65	223	27.500000	C#3	49	80	
228	44.429688	Bb3	58	62	224	27.625000	Bb3	58	80	
229	44.628906	G#3	56	58	226	27.750000	G#3	56	80	
230	44.643229	Bb3	58	54	225	27.750000	Bb3	58	80	
231	44.807292	G3	55	55	227	27.875000	G3	55	80	
232	45.022135	F3	53	68	230	28.000000	F3	53	80	
233	45.028646	A4	69	75	228	28.000000	A4	69	80	
234	45.039062	C4	60	60	229	28.000000	C4	60	80	
235	45.217448	C3	48	70	231	28.125000	C3	48	80	
236	45.416667	D3	50	69	232	28.250000	D3	50	80	
237	45.615885	E3	52	74	233	28.375000	E3	52	80	
238	45.813802	F3	53	77	235	28.500000	F3	53	80	
239	45.813802	G#4	68	86	234	28.500000	G#4	68	80	
240	46.033854	F3	53	72	236	28.625000	F3	53	80	
241	46.230469	C4	60	61	237	28.750000	C4	60	80	
242	46.235677	G3	55	55	238	28.750000	G3	55	80	
243	46.419271	G#3	56	63	239	28.875000	G#3	56	80	
244	46.643229	G4	67	77	240	29.000000	G4	67	80	
245	46.654948	C#4	61	58	241	29.000000	C#4	61	80	
246	46.660156	Bb3	58	62	242	29.000000	Bb3	58	80	
247	47.065104	E3	52	51	244	29.250000	E3	52	80	
248	47.076823	C4	60	60	243	29.250000	C4	60	80	
249	47.247396	D3	50	54	246	29.375000	D3	50	80	
250	47.273438	Bb3	58	65	245	29.375000	Bb3	58	80	
251	47.450521	E3	52	59	248	29.500000	E3	52	80	
252	47.473958	C4	60	62	247	29.500000	C4	60	80	
253	47.867188	G#3	56	50	249	29.750000	G#3	56	80	
254	48.063802	G3	55	48	250	29.875000	G3	55	80	
255	48.281250	G#3	56	36	251	30.000000	G#3	56	80	
256	48.302083	F3	53	46	252	30.000000	F3	53	80	
257	48.703125	F4	65	51	253	30.250000	F4	65	80	
258	48.897135	G4	67	59	254	30.375000	G4	67	80	
259	49.102865	G#4	68	74	255	30.500000	G#4	68	80	
260	49.509115	F3	53	48	256	30.750000	F3	53	80	
261	49.691406	Eb3	51	59	257	30.875000	Eb3	51	80	
262	49.906250	D3	50	44	258	31.000000	D3	50	80	
263	50.298177	F4	65	57	259	31.250000	F4	65	80	
264	50.307292	D3	50	42	260	31.250000	D3	50	80	
265	50.475260	C3	48	48	262	31.375000	C3	48	80	
266	50.496094	Eb4	63	47	261	31.375000	Eb4	63	80	
267	50.671875	Bb2	46	43	264	31.500000	Bb2	46	80	
268	50.675781	D4	62	52	263	31.500000	D4	62	80	
269	51.098958	D4	62	50	265	31.750000	D4	62	80	
270	51.115885	C3	48	35	266	31.750000	C3	48	80	
271	51.260417	D3	50	58	268	31.875000	D3	50	80	
272	51.292969	C4	60	49	267	31.875000	C4	60	80	
273	51.493490	Eb3	51	67	270	32.000000	Eb3	51	80	
274	51.507812	Bb3	58	65	269	32.000000	Bb3	58	80	
275	51.906250	Bb3	58	57	272	32.250000	Bb3	58	80	
276	51.928385	G4	67	68	271	32.250000	G4	67	80	
277	52.109375	G#4	68	83	273	32.375000	G#4	68	80	
278	52.126302	G#3	56	62	274	32.375000	G#3	56	80	
279	52.319010	Bb4	70	80	275	32.500000	Bb4	70	80	
280	52.335938	G3	55	57	276	32.500000	G3	55	80	
281	52.742188	G3	55	57	277	32.750000	G3	55	80	
282	52.936198	F3	53	55	278	32.875000	F3	53	80	
283	53.152344	E3	52	56	279	33.000000	E3	52	80	
284	53.545573	E3	52	42	281	33.250000	E3	52	80	
285	53.545573	G4	67	57	280	33.250000	G4	67	80	
286	53.740885	D3	50	45	283	33.375000	D3	50	80	
287	53.757812	F4	65	56	282	33.375000	F4	65	80	
288	53.944010	E4	64	52	284	33.500000	E4	64	80	
289	53.953125	C3	48	52	285	33.500000	C3	48	80	
290	54.342448	D3	50	47	287	33.750000	D3	50	80	
291	54.354167	E4	64	54	286	33.750000	E4	64	80	
292	54.540365	E3	52	57	289	33.875000	E3	52	80	
293	54.554688	D4	62	56	288	33.875000	D4	62	80	
294	54.751302	F3	53	66	291	34.000000	F3	53	80	
295	54.757812	C4	60	67	290	34.000000	C4	60	80	
296	54.949219	G4	67	77	292	34.125000	G4	67	80	
297	55.144531	C4	60	62	294	34.250000	C4	60	80	
298	55.145833	G#4	68	90	293	34.250000	G#4	68	80	
299	55.332031	C5	72	86	295	34.375000	C5	72	80	
300	55.358073	Bb3	58	55	296	34.375000	Bb3	58	80	
301	55.532552	F5	77	94	297	34.500000	F5	77	80	
302	55.562500	G#3	56	69	298	34.500000	G#3	56	80	
303	55.949219	D3	50	65	299	34.750000	D3	50	80	
304	56.141927	C3	48	68	300	34.875000	C3	48	80	
305	56.354167	B2	47	72	301	35.000000	B2	47	80	
306	56.740885	B2	47	62	303	35.250000	B2	47	80	
307	56.740885	D5	74	73	302	35.250000	D5	74	80	
308	56.936198	C5	72	76	304	35.375000	C5	72	80	
309	56.937500	A2	45	63	305	35.375000	A2	45	80	
310	57.147135	G2	43	65	307	35.500000	G2	43	80	
311	57.156250	B4	71	74	306	35.500000	B4	71	80	
312	57.549479	A2	45	57	309	35.750000	A2	45	80	
313	57.561198	B4	71	74	308	35.750000	B4	71	80	
314	57.750000	B2	47	68	311	35.875000	B2	47	80	
315	57.756510	A4	69	72	310	35.875000	A4	69	80	
316	57.989583	C3	48	74	313	36.000000	C3	48	80	
317	57.998698	G4	67	68	312	36.000000	G4	67	80	
318	58.415365	Eb5	75	72	314	36.250000	Eb5	75	80	
319	58.429688	G4	67	63	315	36.250000	G4	67	80	
320	58.606771	A4	69	67	316	36.375000	A4	69	80	
321	58.821615	G3	55	89	319	36.500000	G3	55	80	
322	58.833333	B4	71	69	318	36.500000	B4	71	80	
323	58.835938	D5	74	71	317	36.500000	D5	74	80	
324	59.250000	G5	79	60	320	36.750000	G5	79	80	
325	59.264323	A4	69	61	321	36.750000	A4	69	80	
326	59.463542	B4	71	55	322	36.875000	B4	71	80	
327	59.670573	G#3	56	87	324	37.000000	G#3	56	80	
328	59.671875	C5	72	69	323	37.000000	C5	72	80	
329	59.890625	B4	71	65	325	37.125000	B4	71	80	
330	60.108073	C5	72	65	326	37.250000	C5	72	80	
331	60.298177	D5	74	74	327	37.375000	D5	74	80	
332	60.509115	G3	55	84	329	37.500000	G3	55	80	
333	60.532552	Eb5	75	72	328	37.500000	Eb5	75	80	
334	60.541667	C5	72	61	*	-1	*	-1	-1	
335	60.964844	Bb4	70	55	330	37.750000	Bb4	70	80	
336	61.346354	F#3	54	83	332	38.000000	F#3	54	80	
337	61.384115	A4	69	59	331	38.000000	A4	69	80	
338	61.557292	C5	72	69	333	38.125000	C5	72	80	
339	61.744792	D5	74	70	334	38.250000	D5	74	80	
340	61.759115	B4	71	60	335	38.250000	B4	71	80	
341	61.950521	C5	72	60	337	38.375000	C5	72	80	
342	61.950521	Eb5	75	68	336	38.375000	Eb5	75	80	
343	62.148438	B3	59	88	340	38.500000	B3	59	80	
344	62.157552	D5	74	66	339	38.500000	D5	74	80	
345	62.157552	F5	77	74	338	38.500000	F5	77	80	
346	62.371094	C5	72	63	341	38.625000	C5	72	80	
347	62.561198	B4	71	60	342	38.750000	B4	71	80	
348	62.755208	A4	69	62	343	38.875000	A4	69	80	
349	62.957031	C4	60	75	345	39.000000	C4	60	80	
350	62.975260	G4	67	60	344	39.000000	G4	67	80	
351	63.166667	Eb5	75	80	346	39.125000	Eb5	75	80	
352	63.356771	F5	77	87	347	39.250000	F5	77	80	
353	63.536458	G5	79	80	348	39.375000	G5	79	80	
354	63.752604	G#5	80	89	349	39.500000	G#5	80	80	
355	63.755208	F3	53	75	350	39.500000	F3	53	80	
356	63.971354	F4	65	63	351	39.625000	F4	65	80	
357	64.010417	G4	67	48	*	-1	*	-1	-1	
358	64.190104	Eb4	63	69	352	39.750000	Eb4	63	80	
359	64.363281	D4	62	72	353	39.875000	D4	62	80	
360	64.569010	C4	60	80	354	40.000000	C4	60	80	
361	64.576823	E3	52	71	355	40.000000	E3	52	80	
362	64.773438	G5	79	79	356	40.125000	G5	79	80	
363	64.984375	A5	81	82	357	40.250000	A5	81	80	
364	65.165365	B5	83	84	358	40.375000	B5	83	80	
365	65.365885	Eb3	51	90	360	40.500000	Eb3	51	80	
366	65.365885	C6	84	83	359	40.500000	C6	84	80	
367	65.572917	C5	72	62	361	40.625000	C5	72	80	
368	65.785156	D5	74	67	362	40.750000	D5	74	80	
369	65.971354	Eb5	75	63	363	40.875000	Eb5	75	80	
370	66.194010	F5	77	75	364	41.000000	F5	77	80	
371	66.197917	D3	50	79	365	41.000000	D3	50	80	
372	66.611979	B5	83	81	366	41.250000	B5	83	80	
373	66.798177	A5	81	80	367	41.375000	A5	81	80	
374	67.022135	B5	83	83	368	41.500000	B5	83	80	
375	67.436198	Eb5	75	63	369	41.750000	Eb5	75	80	
376	67.601562	D5	74	58	370	41.875000	D5	74	80	
377	67.819010	C6	84	60	371	42.000000	C6	84	80	
378	67.864583	Eb5	75	35	372	42.000000	Eb5	75	80	
379	67.869792	C3	48	37	373	42.000000	C3	48	80	
380	68.244792	G5	79	58	374	42.250000	G5	79	80	
381	68.247396	C5	72	45	375	42.250000	C5	72	80	
382	68.425781	D5	74	59	376	42.375000	D5	74	80	
383	68.639323	C6	84	68	377	42.500000	C6	84	80	
384	68.667969	Eb5	75	46	378	42.500000	Eb5	75	80	
385	69.045573	C5	72	50	379	42.750000	C5	72	80	
386	69.243490	Bb4	70	52	380	42.875000	Bb4	70	80	
387	69.444010	A4	69	47	381	43.000000	A4	69	80	
388	69.828125	C6	84	58	382	43.250000	C6	84	80	
389	69.850260	A4	69	48	383	43.250000	A4	69	80	
390	70.044271	Bb5	82	56	384	43.375000	Bb5	82	80	
391	70.048177	G4	67	41	385	43.375000	G4	67	80	
392	70.222656	A5	81	60	386	43.500000	A5	81	80	
393	70.242188	F4	65	59	387	43.500000	F4	65	80	
394	70.623698	G4	67	53	389	43.750000	G4	67	80	
395	70.625000	A5	81	56	388	43.750000	A5	81	80	
396	70.809896	G5	79	61	390	43.875000	G5	79	80	
397	70.825521	A4	69	43	391	43.875000	A4	69	80	
398	71.019531	Bb4	70	54	393	44.000000	Bb4	70	80	
399	71.024740	F5	77	61	392	44.000000	F5	77	80	
400	71.408854	G5	79	71	394	44.250000	G5	79	80	
401	71.410156	Bb4	70	58	395	44.250000	Bb4	70	80	
402	71.416667	Bb3	58	52	396	44.250000	Bb3	58	80	
403	71.582031	A5	81	69	397	44.375000	A5	81	80	
404	71.592448	C5	72	67	398	44.375000	C5	72	80	
405	71.787760	Bb5	82	74	399	44.500000	Bb5	82	80	
406	71.790365	C#5	73	64	400	44.500000	C#5	73	80	
407	72.199219	Bb4	70	54	401	44.750000	Bb4	70	80	
408	72.401042	G#4	68	48	402	44.875000	G#4	68	80	
409	72.588542	G4	67	52	403	45.000000	G4	67	80	
410	72.979167	Bb5	82	61	404	45.250000	Bb5	82	80	
411	72.992188	G4	67	42	405	45.250000	G4	67	80	
412	73.175781	G#5	80	63	406	45.375000	G#5	80	80	
413	73.187500	F4	65	55	407	45.375000	F4	65	80	
414	73.365885	G5	79	59	408	45.500000	G5	79	80	
415	73.407552	Eb4	63	55	409	45.500000	Eb4	63	80	
416	73.785156	F4	65	56	411	45.750000	F4	65	80	
417	73.785156	G5	79	65	410	45.750000	G5	79	80	
418	73.979167	F5	77	61	412	45.875000	F5	77	80	
419	73.984375	G4	67	53	413	45.875000	G4	67	80	
420	74.190104	Eb5	75	66	414	46.000000	Eb5	75	80	
421	74.192708	G#4	68	52	415	46.000000	G#4	68	80	
422	74.589844	F5	77	76	416	46.250000	F5	77	80	
423	74.598958	G#3	56	55	418	46.250000	G#3	56	80	
424	74.602865	G#4	68	63	417	46.250000	G#4	68	80	
425	74.773438	G5	79	71	419	46.375000	G5	79	80	
426	74.821615	B4	71	33	420	46.375000	Bb4	70	80	
427	74.972656	G#5	80	76	421	46.500000	G#5	80	80	
428	75.015625	C5	72	62	422	46.500000	C5	72	80	
429	75.361979	G#4	68	55	423	46.750000	G#4	68	80	
430	75.546875	G4	67	57	424	46.875000	G4	67	80	
431	75.747396	F4	65	53	425	47.000000	F4	65	80	
432	76.149740	F4	65	47	427	47.250000	F4	65	80	
433	76.149740	G#5	80	63	426	47.250000	G#5	80	80	
434	76.321615	Eb4	63	52	429	47.375000	Eb4	63	80	
435	76.322917	G5	79	58	428	47.375000	G5	79	80	
436	76.544271	C#4	61	48	431	47.500000	C#4	61	80	
437	76.552083	F5	77	64	430	47.500000	F5	77	80	
438	76.929688	C#4	61	53	433	47.750000	C#4	61	80	
439	76.937500	F5	77	67	432	47.750000	F5	77	80	
440	77.127604	Eb5	75	68	434	47.875000	Eb5	75	80	
441	77.130208	C4	60	56	435	47.875000	C4	60	80	
442	77.320312	C#5	73	69	436	48.000000	C#5	73	80	
443	77.325521	Bb3	58	53	437	48.000000	Bb3	58	80	
444	77.707031	Bb4	70	56	438	48.250000	Bb4	70	80	
445	77.730469	C4	60	55	439	48.250000	C4	60	80	
446	77.893229	G#4	68	59	440	48.375000	G#4	68	80	
447	77.903646	C#4	61	57	441	48.375000	C#4	61	80	
448	78.121094	G4	67	67	442	48.500000	G4	67	80	
449	78.122396	Eb4	63	57	443	48.500000	Eb4	63	80	
450	78.528646	Eb5	75	65	444	48.750000	Eb5	75	80	
451	78.532552	Eb3	51	51	445	48.750000	Eb3	51	80	
452	78.713542	C#5	73	62	446	48.875000	C#5	73	80	
453	78.928385	G#3	56	45	448	49.000000	G#3	56	80	
454	78.947917	C5	72	46	447	49.000000	C5	72	80	
455	79.346354	Bb3	58	48	450	49.250000	Bb3	58	80	
456	79.350260	C5	72	50	449	49.250000	C5	72	80	
457	79.524740	Bb4	70	59	451	49.375000	Bb4	70	80	
458	79.533854	C4	60	48	452	49.375000	C4	60	80	
459	79.739583	G#4	68	71	453	49.500000	G#4	68	80	
460	79.748698	C#4	61	50	454	49.500000	C#4	61	80	
461	80.160156	F4	65	51	455	49.750000	F4	65	80	
462	80.351562	E4	64	52	456	49.875000	E4	64	80	
463	80.555990	F4	65	64	457	50.000000	F4	65	80	
464	80.983073	Bb4	70	61	458	50.250000	Bb4	70	80	
465	80.988281	C#4	61	43	459	50.250000	C#4	61	80	
466	81.162760	C5	72	64	460	50.375000	C5	72	80	
467	81.166667	C4	60	46	461	50.375000	C4	60	80	
468	81.365885	C#5	73	78	462	50.500000	C#5	73	80	
469	81.369792	Bb3	58	54	463	50.500000	Bb3	58	80	
470	81.782552	G4	67	58	464	50.750000	G4	67	80	
471	81.792969	Bb3	58	46	465	50.750000	Bb3	58	80	
472	81.977865	G#3	56	52	467	50.875000	G#3	56	80	
473	81.984375	G#4	68	55	466	50.875000	G#4	68	80	
474	82.180990	G3	55	60	469	51.000000	G3	55	80	
475	82.182292	Bb4	70	75	468	51.000000	Bb4	70	80	
476	82.377604	C5	72	64	470	51.125000	C5	72	80	
477	82.575521	C#5	73	62	471	51.250000	C#5	73	80	
478	82.593750	G3	55	58	472	51.250000	G3	55	80	
479	82.773438	F3	53	63	474	51.375000	F3	53	80	
480	82.779948	Bb4	70	67	473	51.375000	Bb4	70	80	
481	82.966146	E3	52	69	476	51.500000	E3	52	80	
482	82.976562	G5	79	75	475	51.500000	G5	79	80	
483	83.180990	G#4	68	60	477	51.625000	G#4	68	80	
484	83.377604	C3	48	60	479	51.750000	C3	48	80	
485	83.382812	Bb4	70	63	478	51.750000	Bb4	70	80	
486	83.559896	G4	67	68	480	51.875000	G4	67	80	
487	83.761719	F3	53	54	482	52.000000	F3	53	80	
488	83.773438	G#4	68	83	481	52.000000	G#4	68	80	
489	84.006510	C5	72	67	483	52.125000	C5	72	80	
490	84.174479	F4	65	68	485	52.250000	F4	65	80	
491	84.183594	C#5	73	71	484	52.250000	C#5	73	80	
492	84.354167	Eb4	63	61	487	52.375000	Eb4	63	80	
493	84.367188	C5	72	68	486	52.375000	C5	72	80	
494	84.549479	Eb4	63	63	490	52.500000	Eb4	63	80	
495	84.557292	F5	77	84	488	52.500000	F5	77	80	
496	84.660156	C#4	61	72	489	52.500000	C#4	61	80	
497	84.750000	G4	67	60	*	-1	*	-1	-1	
498	84.763021	Eb4	63	62	497	52.687500	Eb4	63	80	
499	84.868490	C#4	61	66	499	52.750000	C#4	61	80	
500	84.971354	Eb4	63	71	500	52.812500	Eb4	63	80	
501	84.979167	G#4	68	62	498	52.750000	G#4	68	80	
502	85.102865	C#4	61	65	502	52.875000	C#4	61	80	
503	85.158854	F4	65	64	501	52.875000	F4	65	80	
504	85.184896	Eb4	63	72	503	52.937500	Eb4	63	80	
505	85.313802	C4	60	75	505	53.000000	C4	60	80	
506	85.411458	C5	72	68	504	53.000000	C5	72	80	
507	85.755208	C3	48	52	508	53.250000	C3	48	80	
508	85.787760	G4	67	52	507	53.250000	G4	67	80	
509	85.791667	E5	76	54	506	53.250000	E5	76	80	
510	85.945312	D3	50	62	510	53.375000	D3	50	80	
511	85.973958	F5	77	70	509	53.375000	F5	77	80	
512	86.161458	C3	48	89	514	53.500000	C3	48	80	
513	86.166667	G5	79	87	511	53.500000	G5	79	80	
514	86.167969	E3	52	66	513	53.500000	E3	52	80	
515	86.177083	C5	72	63	512	53.500000	C5	72	80	
516	86.557292	D3	50	65	516	53.750000	D3	50	80	
517	86.557292	Bb4	70	62	515	53.750000	Bb4	70	80	
518	86.731771	E3	52	64	517	53.875000	E3	52	80	
519	86.949219	C#3	49	80	520	54.000000	C#3	49	80	
520	86.971354	F3	53	61	519	54.000000	F3	53	80	
521	86.973958	G#4	68	89	518	54.000000	G#4	68	80	
522	87.153646	E3	52	60	521	54.125000	E3	52	80	
523	87.347656	F3	53	62	524	54.250000	F3	53	80	
524	87.365885	F5	77	76	522	54.250000	F5	77	80	
525	87.372396	Bb4	70	64	523	54.250000	Bb4	70	80	
526	87.544271	G3	55	63	525	54.375000	G3	55	80	
527	87.746094	G#3	56	74	527	54.500000	G#3	56	80	
528	87.748698	C3	48	76	528	54.500000	C3	48	80	
529	87.768229	C5	72	84	526	54.500000	C5	72	80	
530	87.966146	C4	60	76	529	54.625000	C4	60	80	
531	88.173177	D4	62	80	531	54.750000	D4	62	80	
532	88.178385	Eb5	75	76	530	54.750000	Eb5	75	80	
533	88.365885	Eb4	63	73	532	54.875000	Eb4	63	80	
534	88.414062	C5	72	7	*	-1	*	-1	-1	
535	88.552083	B2	47	87	535	55.000000	B2	47	80	
536	88.575521	F4	65	74	534	55.000000	F4	65	80	
537	88.578125	D5	74	73	533	55.000000	D5	74	80	
538	88.778646	F3	53	72	536	55.125000	F3	53	80	
539	88.976562	G3	55	69	538	55.250000	G3	55	80	
540	88.992188	Eb5	75	70	537	55.250000	Eb5	75	80	
541	89.174479	G#3	56	72	540	55.375000	G#3	56	80	
542	89.183594	F5	77	76	539	55.375000	F5	77	80	
543	89.378906	E3	52	80	543	55.500000	E3	52	80	
544	89.391927	Bb3	58	81	542	55.500000	Bb3	58	80	
545	89.393229	G5	79	79	541	55.500000	G5	79	80	
546	89.587240	F5	77	71	544	55.625000	F5	77	80	
547	89.799479	G4	67	69	546	55.750000	G4	67	80	
548	89.799479	E5	76	74	545	55.750000	E5	76	80	
549	89.997396	D5	74	66	547	55.875000	D5	74	80	
550	90.169271	F3	53	81	550	56.000000	F3	53	80	
551	90.186198	C5	72	77	548	56.000000	C5	72	80	
552	90.187500	G#4	68	77	549	56.000000	G#4	68	80	
553	90.404948	G#3	56	65	551	56.125000	G#3	56	80	
554	90.608073	Bb3	58	74	552	56.250000	Bb3	58	80	
555	90.789062	C4	60	75	553	56.375000	C4	60	80	
556	90.986979	Bb2	46	84	555	56.500000	Bb2	46	80	
557	90.996094	C#4	61	77	554	56.500000	C#4	61	80	
558	91.187500	Bb4	70	61	556	56.625000	Bb4	70	80	
559	91.376302	G#4	68	67	558	56.750000	G#4	68	80	
560	91.569010	G4	67	58	559	56.875000	G4	67	80	
561	91.783854	A2	45	81	562	57.000000	A2	45	80	
562	91.792969	C5	72	71	561	57.000000	C5	72	80	
563	91.796875	F4	65	39	560	57.000000	F4	65	80	
564	92.000000	C4	60	61	563	57.125000	C4	60	80	
565	92.218750	D4	62	61	564	57.250000	D4	62	80	
566	92.388021	E4	64	66	565	57.375000	E4	64	80	
567	92.580729	G#2	44	81	567	57.500000	G#2	44	80	
568	92.587240	F4	65	70	566	57.500000	F4	65	80	
569	92.802083	F4	65	58	568	57.625000	F4	65	80	
570	93.005208	C5	72	67	570	57.750000	C5	72	80	
571	93.013021	G4	67	61	569	57.750000	G4	67	80	
572	93.214844	G#4	68	61	571	57.875000	G#4	68	80	
573	93.419271	C#5	73	70	573	58.000000	C#5	73	80	
574	93.421875	G2	43	71	574	58.000000	G2	43	80	
575	93.421875	Bb4	70	56	572	58.000000	Bb4	70	80	
576	93.824219	E4	64	68	576	58.250000	E4	64	80	
577	93.825521	C5	72	67	575	58.250000	C5	72	80	
578	94.019531	D4	62	52	578	58.375000	D4	62	80	
579	94.041667	Bb4	70	68	577	58.375000	Bb4	70	80	
580	94.216146	E4	64	26	580	58.500000	E4	64	80	
581	94.222656	C5	72	63	579	58.500000	C5	72	80	
582	94.610677	G#4	68	63	581	58.750000	G#4	68	80	
583	94.796875	G4	67	56	582	58.875000	G4	67	80	
584	95.024740	F2	41	54	585	59.000000	F2	41	80	
585	95.026042	G#4	68	56	583	59.000000	G#4	68	80	
586	95.032552	F4	65	44	584	59.000000	F4	65	80	
587	95.408854	F3	53	66	586	59.250000	F3	53	80	
588	95.604167	G3	55	63	587	59.375000	G3	55	80	
589	95.803385	G#3	56	65	588	59.500000	G#3	56	80	
590	96.221354	C4	60	66	589	59.750000	C4	60	80	
591	96.229167	G#3	56	54	590	59.750000	G#3	56	80	
592	96.408854	C#4	61	63	591	59.875000	C#4	61	80	
593	96.425781	Bb3	58	60	592	59.875000	Bb3	58	80	
594	96.609375	C4	60	71	594	60.000000	C4	60	80	
595	96.615885	Eb4	63	60	593	60.000000	Eb4	63	80	
596	97.024740	F#5	78	76	595	60.250000	F#5	78	80	
597	97.028646	Eb4	63	60	596	60.250000	Eb4	63	80	
598	97.218750	F5	77	79	597	60.375000	F5	77	80	
599	97.230469	F4	65	67	598	60.375000	F4	65	80	
600	97.411458	F#4	66	66	600	60.500000	F#4	66	80	
601	97.412760	Eb5	75	77	599	60.500000	Eb5	75	80	
602	97.604167	Bb3	58	68	602	60.625000	Bb3	58	80	
603	97.613281	C#5	73	80	601	60.625000	C#5	73	80	
604	97.809896	C5	72	80	603	60.750000	C5	72	80	
605	97.811198	G#3	56	61	604	60.750000	G#3	56	80	
606	97.996094	Bb4	70	71	605	60.875000	Bb4	70	80	
607	98.000000	F#3	54	62	606	60.875000	F#3	54	80	
608	98.212240	G#4	68	74	607	61.000000	G#4	68	80	
609	98.217448	F3	53	58	608	61.000000	F3	53	80	
610	98.498698	F3	53	7	*	-1	*	-1	-1	
611	98.618490	Bb4	70	62	609	61.250000	Bb4	70	80	
612	98.631510	F4	65	57	610	61.250000	F4	65	80	
613	98.634115	C#3	49	55	611	61.250000	C#3	49	80	
614	98.816406	Eb3	51	58	614	61.375000	Eb3	51	80	
615	98.828125	C5	72	52	612	61.375000	C5	72	80	
616	98.829427	Eb4	63	50	613	61.375000	Eb4	63	80	
617	99.031250	C#4	61	47	616	61.500000	C#4	61	80	
618	99.031250	C#5	73	62	615	61.500000	C#5	73	80	
619	99.037760	F3	53	53	617	61.500000	F3	53	80	
620	99.410156	G#3	56	49	618	61.750000	G#3	56	80	
621	99.419271	F3	53	45	619	61.750000	F3	53	80	
622	99.592448	Bb3	58	60	620	61.875000	Bb3	58	80	
623	99.634115	G3	55	42	621	61.875000	G3	55	80	
624	99.802083	G#3	56	58	623	62.000000	G#3	56	80	
625	99.815104	C4	60	48	622	62.000000	C4	60	80	
626	100.210938	Eb5	75	58	624	62.250000	Eb5	75	80	
627	100.221354	C4	60	47	625	62.250000	C4	60	80	
628	100.391927	C#5	73	51	626	62.375000	C#5	73	80	
629	100.406250	C#4	61	42	627	62.375000	C#4	61	80	
630	100.608073	Eb4	63	50	629	62.500000	Eb4	63	80	
631	100.622396	C5	72	58	628	62.500000	C5	72	80	
632	100.802083	F#3	54	49	631	62.625000	F#3	54	80	
633	100.804688	Bb4	70	54	630	62.625000	Bb4	70	80	
634	100.989583	F3	53	55	633	62.750000	F3	53	80	
635	101.014323	G#4	68	54	632	62.750000	G#4	68	80	
636	101.196615	Eb3	51	53	635	62.875000	Eb3	51	80	
637	101.208333	F#4	66	55	634	62.875000	F#4	66	80	
638	101.403646	C#3	49	48	637	63.000000	C#3	49	80	
639	101.415365	F4	65	62	636	63.000000	F4	65	80	
640	101.817708	G4	67	44	638	63.250000	G4	67	80	
641	101.832031	C#4	61	44	639	63.250000	C#4	61	80	
642	101.841146	Bb2	46	52	640	63.250000	Bb2	46	80	
643	102.024740	A4	69	50	641	63.375000	A4	69	80	
644	102.032552	C3	48	51	643	63.375000	C3	48	80	
645	102.067708	C4	60	29	642	63.375000	C4	60	80	
646	102.229167	C#3	49	52	646	63.500000	C#3	49	80	
647	102.242188	Bb3	58	45	645	63.500000	Bb3	58	80	
648	102.246094	Bb4	70	49	644	63.500000	Bb4	70	80	
649	102.645833	F3	53	59	647	63.750000	F3	53	80	
650	102.837240	Eb3	51	42	650	63.875000	Eb3	51	80	
651	102.903646	F#3	54	45	649	63.875000	G3	55	80	
652	103.065104	G#3	56	52	651	64.000000	G#3	56	80	
653	103.083333	F3	53	45	652	64.000000	F3	53	80	
654	103.440104	G#3	56	44	654	64.250000	G#3	56	80	
655	103.446615	C5	72	69	653	64.250000	C5	72	80	
656	103.645833	Bb3	58	55	656	64.375000	Bb3	58	80	
657	103.645833	Bb4	70	65	655	64.375000	Bb4	70	80	
658	103.842448	G#4	68	64	657	64.500000	G#4	68	80	
659	103.847656	C4	60	55	658	64.500000	C4	60	80	
660	104.049479	G4	67	58	659	64.625000	G4	67	80	
661	104.052083	Eb3	51	51	660	64.625000	Eb3	51	80	
662	104.226562	C#3	49	52	662	64.750000	C#3	49	80	
663	104.251302	F4	65	59	661	64.750000	F4	65	80	
664	104.432292	C3	48	51	664	64.875000	C3	48	80	
665	104.444010	Eb4	63	62	663	64.875000	Eb4	63	80	
666	104.639323	Bb2	46	57	666	65.000000	Bb2	46	80	
667	104.641927	C#4	61	62	665	65.000000	C#4	61	80	
668	104.843750	C3	48	62	667	65.125000	C3	48	80	
669	105.055990	C#3	49	65	669	65.250000	C#3	49	80	
670	105.067708	Bb3	58	67	668	65.250000	Bb3	58	80	
671	105.244792	C3	48	56	671	65.375000	C3	48	80	
672	105.265625	C4	60	72	670	65.375000	C4	60	80	
673	105.472656	C#4	61	79	672	65.500000	C#4	61	80	
674	105.476562	Bb2	46	65	673	65.500000	Bb2	46	80	
675	105.666667	G#2	44	70	675	65.625000	G#2	44	80	
676	105.667969	F4	65	75	674	65.625000	F4	65	80	
677	105.858073	Bb4	70	77	676	65.750000	Bb4	70	80	
678	105.865885	G2	43	62	677	65.750000	G2	43	80	
679	106.059896	G#4	68	71	678	65.875000	G#4	68	80	
680	106.063802	F2	41	61	679	65.875000	F2	41	80	
681	106.278646	G4	67	72	680	66.000000	G4	67	80	
682	106.289062	Eb2	39	66	681	66.000000	Eb2	39	80	
683	106.713542	Bb2	46	60	683	66.250000	Bb2	46	80	
684	106.722656	Eb4	63	65	682	66.250000	Eb4	63	80	
685	106.898438	C#4	61	72	684	66.375000	C#4	61	80	
686	107.114583	Eb4	63	85	686	66.500000	Eb4	63	80	
687	107.115885	G#4	68	79	685	66.500000	G#4	68	80	
688	107.134115	C3	48	71	688	66.500000	C3	48	80	
689	107.531250	G#2	44	57	690	66.750000	G#2	44	80	
690	107.565104	C#4	61	59	689	66.750000	C#4	61	80	
691	107.768229	C4	60	53	691	66.875000	C4	60	80	
692	107.951823	C#3	49	51	694	67.000000	C#3	49	80	
693	107.958333	Bb3	58	69	693	67.000000	Bb3	58	80	
694	107.960938	F4	65	87	692	67.000000	F4	65	80	
695	108.174479	G4	67	67	695	67.125000	G4	67	80	
696	108.371094	Bb2	46	59	697	67.250000	Bb2	46	80	
697	108.376302	G#4	68	67	696	67.250000	G#4	68	80	
698	108.579427	Bb4	70	64	698	67.375000	Bb4	70	80	
699	108.785156	Eb4	63	85	700	67.500000	Eb4	63	80	
700	108.789062	Eb3	51	66	701	67.500000	Eb3	51	80	
701	108.795573	C5	72	72	699	67.500000	C5	72	80	
702	109.186198	G#3	56	57	702	67.750000	G#3	56	80	
703	109.191406	C3	48	55	703	67.750000	C3	48	80	
704	109.398438	G3	55	62	704	67.875000	G3	55	80	
705	109.615885	F3	53	63	707	68.000000	F3	53	80	
706	109.618490	D4	62	83	705	68.000000	D4	62	80	
707	109.632812	G#3	56	54	706	68.000000	G#3	56	80	
708	109.839844	G#4	68	69	708	68.125000	G#4	68	80	
709	110.037760	G3	55	58	710	68.250000	G3	55	80	
710	110.049479	Bb2	46	47	711	68.250000	Bb2	46	80	
711	110.061198	Bb4	70	69	709	68.250000	Bb4	70	80	
712	110.252604	C5	72	67	712	68.375000	C5	72	80	
713	110.253906	G#3	56	56	713	68.375000	G#3	56	80	
714	110.455729	G4	67	80	715	68.500000	G4	67	80	
715	110.458333	C#5	73	78	714	68.500000	C#5	73	80	
716	110.464844	Bb3	58	72	716	68.500000	Bb3	58	80	
717	110.489583	Bb4	70	6	*	-1	*	-1	-1	
718	110.660156	G#3	56	67	717	68.625000	G#3	56	80	
719	110.871094	Eb3	51	68	719	68.750000	Eb3	51	80	
720	110.882812	G3	55	66	718	68.750000	G3	55	80	
721	111.089844	C#3	49	55	721	68.875000	C#3	49	80	
722	111.096354	F3	53	66	720	68.875000	F3	53	80	
723	111.281250	G#4	68	88	722	69.000000	G#4	68	80	
724	111.282552	Eb3	51	69	723	69.000000	Eb3	51	80	
725	111.286458	C3	48	61	724	69.000000	C3	48	80	
726	111.486979	C5	72	67	725	69.125000	C5	72	80	
727	111.699219	C#5	73	67	726	69.250000	C#5	73	80	
728	111.703125	G#3	56	71	727	69.250000	G#3	56	80	
729	111.704427	F3	53	60	728	69.250000	F3	53	80	
730	111.893229	Eb5	75	59	729	69.375000	Eb5	75	80	
731	112.095052	C#4	61	81	731	69.500000	C#4	61	80	
732	112.109375	F5	77	81	730	69.500000	F5	77	80	
733	112.312500	G3	55	68	732	69.625000	G3	55	80	
734	112.315104	Eb3	51	65	733	69.625000	Eb3	51	80	
735	112.524740	G#3	56	70	734	69.750000	G#3	56	80	
736	112.533854	F3	53	65	735	69.750000	F3	53	80	
737	112.716146	Bb3	58	73	736	69.875000	Bb3	58	80	
738	112.723958	G3	55	66	737	69.875000	G3	55	80	
739	112.940104	C4	60	86	738	70.000000	C4	60	80	
740	112.947917	G#3	56	72	740	70.000000	G#3	56	80	
741	113.157552	G3	55	54	742	70.125000	G3	55	80	
742	113.170573	Eb5	75	59	741	70.125000	Eb5	75	80	
743	113.352865	F3	53	65	744	70.250000	F3	53	80	
744	113.381510	F5	77	64	743	70.250000	F5	77	80	
745	113.559896	Eb3	51	66	746	70.375000	Eb3	51	80	
746	113.571615	G5	79	63	745	70.375000	G5	79	80	
747	113.768229	B3	59	88	748	70.500000	B3	59	80	
748	113.773438	D3	50	69	749	70.500000	D3	50	80	
749	113.787760	G#5	80	75	747	70.500000	G#5	80	80	
750	114.011719	F3	53	58	750	70.625000	F3	53	80	
751	114.195312	G3	55	63	751	70.750000	G3	55	80	
752	114.380208	G#3	56	74	752	70.875000	G#3	56	80	
753	114.611979	Bb3	58	79	753	71.000000	Bb3	58	80	
754	114.623698	Eb3	51	71	754	71.000000	Eb3	51	80	
755	115.045573	G5	79	69	756	71.250000	G5	79	80	
756	115.055990	D3	50	54	757	71.250000	D3	50	80	
757	115.251302	F5	77	76	758	71.375000	F5	77	80	
758	115.444010	E3	52	55	760	71.500000	E3	52	80	
759	115.454427	G5	79	71	759	71.500000	G5	79	80	
760	115.645833	G3	55	56	761	71.625000	G3	55	80	
761	115.850260	F3	53	49	762	71.750000	F3	53	80	
762	115.871094	C3	48	34	763	71.750000	C3	48	80	
763	116.070312	E3	52	48	764	71.875000	E3	52	80	
764	116.268229	F3	53	37	766	72.000000	F3	53	80	
765	116.285156	G#3	56	34	765	72.000000	G#3	56	80	
766	116.506510	C5	72	49	768	72.125000	C5	72	80	
767	116.704427	D5	74	52	769	72.250000	D5	74	80	
768	116.707031	F3	53	41	770	72.250000	F3	53	80	
769	116.878906	Eb3	51	50	772	72.375000	Eb3	51	80	
770	116.889323	Eb5	75	50	771	72.375000	Eb5	75	80	
771	117.089844	F5	77	62	773	72.500000	F5	77	80	
772	117.093750	D3	50	39	774	72.500000	D3	50	80	
773	117.294271	B4	71	52	775	72.625000	B4	71	80	
774	117.506510	C5	72	58	776	72.750000	C5	72	80	
775	117.528646	D3	50	31	777	72.750000	D3	50	80	
776	117.684896	C3	48	48	779	72.875000	C3	48	80	
777	117.703125	D5	74	53	778	72.875000	D5	74	80	
778	117.895833	B2	47	43	781	73.000000	B2	47	80	
779	117.899740	G4	67	61	780	73.000000	G4	67	80	
780	118.118490	G2	43	53	782	73.125000	G2	43	80	
781	118.313802	A2	45	55	784	73.250000	A2	45	80	
782	118.316406	Eb5	75	69	783	73.250000	Eb5	75	80	
783	118.492188	B2	47	57	786	73.375000	B2	47	80	
784	118.497396	D5	74	69	785	73.375000	D5	74	80	
785	118.703125	C3	48	58	788	73.500000	C3	48	80	
786	118.707031	Eb5	75	78	787	73.500000	Eb5	75	80	
787	118.904948	G#2	44	55	789	73.625000	G#2	44	80	
788	119.105469	Bb2	46	60	791	73.750000	Bb2	46	80	
789	119.109375	F#4	66	67	790	73.750000	F#4	66	80	
790	119.309896	C3	48	60	792	73.875000	C3	48	80	
791	119.511719	C#3	49	54	794	74.000000	C#3	49	80	
792	119.523438	F4	65	66	793	74.000000	F4	65	80	
793	119.726562	G#4	68	71	795	74.125000	G#4	68	80	
794	119.923177	Bb4	70	73	796	74.250000	Bb4	70	80	
795	119.929688	C#3	49	55	797	74.250000	C#3	49	80	
796	120.121094	C3	48	61	799	74.375000	C3	48	80	
797	120.121094	C5	72	74	798	74.375000	C5	72	80	
798	120.313802	C#5	73	82	800	74.500000	C#5	73	80	
799	120.326823	Bb2	46	62	801	74.500000	Bb2	46	80	
800	120.511719	G4	67	73	802	74.625000	G4	67	80	
801	120.725260	G#4	68	75	803	74.750000	G#4	68	80	
802	120.734375	Bb2	46	64	804	74.750000	Bb2	46	80	
803	120.907552	Bb4	70	72	805	74.875000	Bb4	70	80	
804	120.934896	G#2	44	65	806	74.875000	G#2	44	80	
805	121.122396	Eb4	63	75	807	75.000000	Eb4	63	80	
806	121.130208	G2	43	62	808	75.000000	G2	43	80	
807	121.354167	Eb2	39	66	809	75.125000	Eb2	39	80	
808	121.548177	F2	41	63	811	75.250000	F2	41	80	
809	121.553385	C5	72	76	810	75.250000	C5	72	80	
810	121.738281	Bb4	70	74	812	75.375000	Bb4	70	80	
811	121.756510	G2	43	62	813	75.375000	G2	43	80	
812	121.954427	C5	72	82	814	75.500000	C5	72	80	
813	121.958333	G#2	44	72	815	75.500000	G#2	44	80	
814	122.148438	F#4	66	64	816	75.625000	F#4	66	80	
815	122.162760	F2	41	58	817	75.625000	F2	41	80	
816	122.360677	F4	65	66	818	75.750000	F4	65	80	
817	122.373698	G2	43	57	819	75.750000	G2	43	80	
818	122.563802	A2	45	64	821	75.875000	A2	45	80	
819	122.567708	Eb4	63	64	820	75.875000	Eb4	63	80	
820	122.766927	C#4	61	81	822	76.000000	C#4	61	80	
821	122.779948	Bb2	46	64	823	76.000000	Bb2	46	80	
822	122.992188	A2	45	63	824	76.125000	A2	45	80	
823	123.196615	Bb2	46	62	826	76.250000	Bb2	46	80	
824	123.200521	F4	65	69	825	76.250000	F4	65	80	
825	123.391927	C3	48	59	827	76.375000	C3	48	80	
826	123.585938	Bb4	70	85	828	76.500000	Bb4	70	80	
827	123.602865	C#3	49	59	829	76.500000	C#3	49	80	
828	123.808594	Bb2	46	59	830	76.625000	Bb2	46	80	
829	124.001302	G#4	68	67	831	76.750000	G#4	68	80	
830	124.005208	C3	48	53	832	76.750000	C3	48	80	
831	124.196615	C#3	49	61	833	76.875000	C#3	49	80	
832	124.385417	G4	67	81	834	77.000000	G4	67	80	
833	124.416667	Eb3	51	72	835	77.000000	Eb3	51	80	
834	124.585938	Bb3	58	61	836	77.125000	Bb3	58	80	
835	124.802083	Eb3	51	62	838	77.250000	Eb3	51	80	
836	124.804688	C4	60	72	837	77.250000	C4	60	80	
837	124.990885	C#4	61	69	839	77.375000	C#4	61	80	
838	125.000000	C#3	49	64	840	77.375000	C#3	49	80	
839	125.190104	Eb4	63	79	841	77.500000	Eb4	63	80	
840	125.199219	C3	48	71	842	77.500000	C3	48	80	
841	125.401042	G4	67	65	843	77.625000	G4	67	80	
842	125.602865	G#4	68	70	844	77.750000	G#4	68	80	
843	125.634115	C3	48	26	845	77.750000	C3	48	80	
844	125.656250	D3	50	24	*	-1	*	-1	-1	
845	125.795573	Bb4	70	69	846	77.875000	Bb4	70	80	
846	125.799479	Bb2	46	57	847	77.875000	Bb2	46	80	
847	126.006510	G#2	44	63	849	78.000000	G#2	44	80	
848	126.014323	C5	72	83	848	78.000000	C5	72	80	
849	126.222656	Eb4	63	61	850	78.125000	Eb4	63	80	
850	126.424479	G#3	56	55	852	78.250000	G#3	56	80	
851	126.434896	F4	65	70	851	78.250000	F4	65	80	
852	126.615885	G3	55	60	854	78.375000	G3	55	80	
853	126.631510	G4	67	73	853	78.375000	G4	67	80	
854	126.830729	G#4	68	89	855	78.500000	G#4	68	80	
855	126.832031	F3	53	67	856	78.500000	F3	53	80	
856	127.057292	C5	72	65	857	78.625000	C5	72	80	
857	127.263021	F3	53	64	859	78.750000	F3	53	80	
858	127.270833	D5	74	69	858	78.750000	D5	74	80	
859	127.453125	Eb3	51	69	861	78.875000	Eb3	51	80	
860	127.455729	Eb5	75	70	860	78.875000	Eb5	75	80	
861	127.667969	F5	77	87	862	79.000000	F5	77	80	
862	127.669271	D3	50	72	863	79.000000	D3	50	80	
863	127.885417	C5	72	63	864	79.125000	C5	72	80	
864	128.098958	Bb4	70	61	865	79.250000	Bb4	70	80	
865	128.279948	G#4	68	63	866	79.375000	G#4	68	80	
866	128.503906	Eb3	51	76	869	79.500000	Eb3	51	80	
867	128.506510	Bb3	58	89	868	79.500000	Bb3	58	80	
868	128.526042	G4	67	62	867	79.500000	G4	67	80	
869	128.740885	Bb4	70	54	870	79.625000	Bb4	70	80	
870	128.937500	Eb5	75	69	871	79.750000	Eb5	75	80	
871	128.941406	G3	55	63	872	79.750000	G3	55	80	
872	129.130208	G4	67	62	873	79.875000	G4	67	80	
873	129.329427	C4	60	90	875	80.000000	C4	60	80	
874	129.338542	F4	65	71	874	80.000000	F4	65	80	
875	129.342448	G#3	56	70	876	80.000000	G#3	56	80	
876	129.545573	Eb5	75	69	877	80.125000	Eb5	75	80	
877	129.761719	D5	74	64	878	80.250000	D5	74	80	
878	129.765625	F3	53	71	879	80.250000	F3	53	80	
879	129.970052	C5	72	69	880	80.375000	C5	72	80	
880	130.165365	Bb3	58	90	882	80.500000	Bb3	58	80	
881	130.194010	D5	74	60	881	80.500000	D5	74	80	
882	130.378906	Eb5	75	65	884	80.625000	Eb5	75	80	
883	130.579427	Bb2	46	70	886	80.750000	Bb2	46	80	
884	130.608073	C5	72	68	885	80.750000	C5	72	80	
885	130.805990	D5	74	67	887	80.875000	D5	74	80	
886	130.988281	C3	48	79	891	81.000000	C3	48	80	
887	130.989583	A3	57	87	890	81.000000	A3	57	80	
888	131.010417	Eb5	75	77	888	81.000000	Eb5	75	80	
889	131.220052	C5	72	67	892	81.125000	C5	72	80	
890	131.411458	C4	60	67	894	81.250000	C4	60	80	
891	131.427083	D5	74	66	893	81.250000	D5	74	80	
892	131.610677	Bb3	58	74	896	81.375000	Bb3	58	80	
893	131.618490	Eb5	75	67	895	81.375000	Eb5	75	80	
894	131.822917	G#3	56	77	899	81.500000	G#3	56	80	
895	131.825521	D4	62	88	898	81.500000	D4	62	80	
896	131.826823	F5	77	83	897	81.500000	F5	77	80	
897	132.044271	Eb5	75	59	900	81.625000	Eb5	75	80	
898	132.247396	Bb3	58	72	902	81.750000	Bb3	58	80	
899	132.263021	D5	74	71	901	81.750000	D5	74	80	
900	132.451823	G#3	56	70	904	81.875000	G#3	56	80	
901	132.462240	C5	72	71	903	81.875000	C5	72	80	
902	132.658854	G3	55	71	907	82.000000	G3	55	80	
903	132.671875	Eb4	63	83	906	82.000000	Eb4	63	80	
904	132.677083	Bb4	70	76	905	82.000000	Bb4	70	80	
905	132.863281	G3	55	46	*	-1	*	-1	-1	
906	132.871094	F3	53	26	*	-1	*	-1	-1	
907	132.880208	C4	60	67	908	82.125000	C4	60	80	
908	133.065104	Bb2	46	63	910	82.250000	Bb2	46	80	
909	133.097656	D4	62	70	909	82.250000	D4	62	80	
910	133.278646	C3	48	63	912	82.375000	C3	48	80	
911	133.302083	Eb4	63	63	911	82.375000	Eb4	63	80	
912	133.493490	G#3	56	93	914	82.500000	G#3	56	80	
913	133.500000	D3	50	72	915	82.500000	D3	50	80	
914	133.503906	F4	65	68	913	82.500000	F4	65	80	
915	133.718750	Eb4	63	52	916	82.625000	Eb4	63	80	
916	133.917969	C3	48	69	918	82.750000	C3	48	80	
917	133.955729	D4	62	55	917	82.750000	D4	62	80	
918	134.114583	D3	50	64	920	82.875000	D3	50	80	
919	134.144531	C4	60	52	919	82.875000	C4	60	80	
920	134.325521	G3	55	84	922	83.000000	G3	55	80	
921	134.337240	Eb3	51	73	923	83.000000	Eb3	51	80	
922	134.365885	Bb3	58	71	921	83.000000	Bb3	58	80	
923	134.553385	G#4	68	62	924	83.125000	G#4	68	80	
924	134.743490	Eb3	51	70	926	83.250000	Eb3	51	80	
925	134.747396	G4	67	66	925	83.250000	G4	67	80	
926	134.950521	D3	50	67	928	83.375000	D3	50	80	
927	134.967448	F4	65	61	927	83.375000	F4	65	80	
928	135.167969	F#3	54	84	930	83.500000	F#3	54	80	
929	135.175781	C3	48	69	931	83.500000	C3	48	80	
930	135.190104	Eb4	63	64	929	83.500000	Eb4	63	80	
931	135.588542	C3	48	65	933	83.750000	C3	48	80	
932	135.596354	A3	57	53	932	83.750000	A3	57	80	
933	135.772135	Bb2	46	65	935	83.875000	Bb2	46	80	
934	135.805990	Bb3	58	58	934	83.875000	Bb3	58	80	
935	136.019531	A2	45	69	938	84.000000	A2	45	80	
936	136.027344	F3	53	80	937	84.000000	F3	53	80	
937	136.050781	C4	60	62	936	84.000000	C4	60	80	
938	136.244792	Eb4	63	58	939	84.125000	Eb4	63	80	
939	136.447917	F4	65	63	940	84.250000	F4	65	80	
940	136.651042	Eb4	63	55	941	84.375000	Eb4	63	80	
941	136.826823	Bb2	46	56	944	84.500000	Bb2	46	80	
942	136.832031	D4	62	62	942	84.500000	D4	62	80	
943	136.842448	Bb3	58	60	943	84.500000	Bb3	58	80	
944	137.053385	C5	72	76	945	84.625000	C5	72	80	
945	137.255208	Bb4	70	73	946	84.750000	Bb4	70	80	
946	137.451823	G#4	68	59	947	84.875000	G#4	68	80	
947	137.649740	Eb3	51	47	949	85.000000	Eb3	51	80	
948	137.666667	G4	67	52	948	85.000000	G4	67	80	
949	138.074219	Bb4	70	70	951	85.250000	Bb4	70	80	
950	138.101562	Eb4	63	46	952	85.250000	Eb4	63	80	
951	138.282552	F4	65	48	953	85.375000	F4	65	80	
952	138.472656	Eb5	75	76	954	85.500000	Eb5	75	80	
953	138.481771	G4	67	43	955	85.500000	G4	67	80	
954	138.901042	Eb3	51	41	957	85.750000	Eb3	51	80	
955	138.910156	G4	67	42	956	85.750000	G4	67	80	
956	139.088542	G#4	68	59	958	85.875000	G#4	68	80	
957	139.093750	F3	53	51	959	85.875000	F3	53	80	
958	139.291667	G3	55	53	961	86.000000	G3	55	80	
959	139.292969	Bb4	70	66	960	86.000000	Bb4	70	80	
960	139.490885	G5	79	75	962	86.125000	G5	79	80	
961	139.683594	G3	55	47	965	86.250000	G3	55	80	
962	139.690104	Bb3	58	56	964	86.250000	Bb3	58	80	
963	139.699219	F5	77	73	963	86.250000	F5	77	80	
964	139.876302	Eb5	75	81	966	86.375000	Eb5	75	80	
965	139.878906	C4	60	55	967	86.375000	C4	60	80	
966	139.881510	G#3	56	55	968	86.375000	G#3	56	80	
967	140.083333	D5	74	76	969	86.500000	D5	74	80	
968	140.088542	D4	62	51	970	86.500000	D4	62	80	
969	140.098958	Bb3	58	61	971	86.500000	Bb3	58	80	
970	140.277344	G#4	68	65	972	86.625000	G#4	68	80	
971	140.304688	C4	60	63	973	86.625000	C4	60	80	
972	140.481771	G4	67	63	974	86.750000	G4	67	80	
973	140.497396	Bb2	46	66	976	86.750000	Bb2	46	80	
974	140.497396	Bb3	58	76	975	86.750000	Bb3	58	80	
975	140.674479	F4	65	67	977	86.875000	F4	65	80	
976	140.680990	G#3	56	67	978	86.875000	G#3	56	80	
977	140.888021	Eb4	63	62	979	87.000000	Eb4	63	80	
978	140.895833	C3	48	58	981	87.000000	C3	48	80	
979	140.907552	G3	55	52	980	87.000000	G3	55	80	
980	141.102865	D4	62	58	982	87.125000	D4	62	80	
981	141.309896	G4	67	74	983	87.250000	G4	67	80	
982	141.325521	C4	60	58	984	87.250000	C4	60	80	
983	141.506510	D4	62	64	985	87.375000	D4	62	80	
984	141.712240	C5	72	56	986	87.500000	C5	72	80	
985	141.743490	Eb4	63	44	987	87.500000	Eb4	63	80	
986	142.145833	Eb4	63	59	988	87.750000	Eb4	63	80	
987	142.148438	C3	48	52	989	87.750000	C3	48	80	
988	142.334635	D3	50	49	991	87.875000	D3	50	80	
989	142.334635	F4	65	52	990	87.875000	F4	65	80	
990	142.528646	Eb3	51	55	993	88.000000	Eb3	51	80	
991	142.552083	G4	67	60	992	88.000000	G4	67	80	
992	142.734375	Eb5	75	70	994	88.125000	Eb5	75	80	
993	142.925781	Eb3	51	52	997	88.250000	Eb3	51	80	
994	142.925781	D5	74	65	995	88.250000	D5	74	80	
995	142.947917	G3	55	49	996	88.250000	G3	55	80	
996	143.131510	C5	72	70	998	88.375000	C5	72	80	
997	143.147135	G#3	56	51	999	88.375000	G#3	56	80	
998	143.324219	Bb4	70	68	1001	88.500000	Bb4	70	80	
999	143.332031	G3	55	55	1003	88.500000	G3	55	80	
1000	143.350260	Bb3	58	51	1002	88.500000	Bb3	58	80	
1001	143.519531	G#3	56	61	1005	88.625000	G#3	56	80	
1002	143.539062	F4	65	60	1004	88.625000	F4	65	80	
1003	143.723958	G2	43	62	1008	88.750000	G2	43	80	
1004	143.725260	G3	55	62	1007	88.750000	G3	55	80	
1005	143.730469	Eb4	63	67	1006	88.750000	Eb4	63	80	
1006	143.920573	C#4	61	65	1009	88.875000	C#4	61	80	
1007	143.924479	F3	53	62	1010	88.875000	F3	53	80	
1008	144.123698	C4	60	65	1011	89.000000	C4	60	80	
1009	144.126302	Eb3	51	66	1012	89.000000	Eb3	51	80	
1010	144.130208	G#2	44	53	1013	89.000000	G#2	44	80	
1011	144.315104	Bb3	58	64	1014	89.125000	Bb3	58	80	
1012	144.511719	Eb4	63	78	1015	89.250000	Eb4	63	80	
1013	144.545573	G#3	56	55	1016	89.250000	G#3	56	80	
1014	144.714844	Bb3	58	68	1017	89.375000	Bb3	58	80	
1015	144.988281	G#4	68	67	1018	89.500000	G#4	68	80	
1016	145.049479	C4	60	32	1019	89.500000	C4	60	80	
1017	145.381510	C4	60	51	1020	89.750000	C4	60	80	
1018	145.402344	G#2	44	49	1021	89.750000	G#2	44	80	
1019	145.554688	Bb2	46	44	1023	89.875000	Bb2	46	80	
1020	145.579427	D4	62	55	1022	89.875000	D4	62	80	
1021	145.770833	Eb4	63	53	1024	90.000000	Eb4	63	80	
1022	145.782552	C3	48	53	1025	90.000000	C3	48	80	
1023	145.988281	C5	72	68	1026	90.125000	C5	72	80	
1024	146.178385	Eb3	51	55	1028	90.250000	Eb3	51	80	
1025	146.192708	Bb4	70	67	1027	90.250000	Bb4	70	80	
1026	146.373698	D3	50	45	1032	90.375000	D3	50	80	
1027	146.377604	F3	53	47	1031	90.375000	F3	53	80	
1028	146.378906	G#4	68	67	1030	90.375000	G#4	68	80	
1029	146.567708	G4	67	68	1033	90.500000	G4	67	80	
1030	146.578125	G3	55	52	1034	90.500000	G3	55	80	
1031	146.579427	Eb3	51	55	1035	90.500000	Eb3	51	80	
1032	146.766927	F3	53	67	1037	90.625000	F3	53	80	
1033	146.766927	D4	62	61	1036	90.625000	D4	62	80	
1034	146.972656	Eb3	51	73	1039	90.750000	Eb3	51	80	
1035	146.973958	C4	60	70	1038	90.750000	C4	60	80	
1036	146.986979	Eb2	39	66	1040	90.750000	Eb2	39	80	
1037	147.143229	D3	50	70	1042	90.875000	D3	50	80	
1038	147.160156	Bb3	58	72	1041	90.875000	Bb3	58	80	
1039	147.355469	G#3	56	77	1043	91.000000	G#3	56	80	
1040	147.356771	C3	48	73	1045	91.000000	C3	48	80	
1041	147.364583	F2	41	69	1044	91.000000	F2	41	80	
1042	147.550781	F4	65	78	1046	91.125000	F4	65	80	
1043	147.736979	G2	43	67	1049	91.250000	G2	43	80	
1044	147.744792	D3	50	72	1048	91.250000	D3	50	80	
1045	147.746094	G#4	68	84	1047	91.250000	G#4	68	80	
1046	147.750000	B2	47	62	1050	91.250000	B2	47	80	
1047	147.936198	Eb3	51	79	1052	91.375000	Eb3	51	80	
1048	147.936198	G4	67	79	1051	91.375000	G4	67	80	
1049	148.154948	F4	65	82	1053	91.500000	F4	65	80	
1050	148.157552	C3	48	71	1056	91.500000	C3	48	80	
1051	148.157552	F3	53	77	1054	91.500000	F3	53	80	
1052	148.164062	G#2	44	75	1055	91.500000	G#2	44	80	
1053	148.342448	Eb4	63	75	1057	91.625000	Eb4	63	80	
1054	148.541667	F#3	54	77	1059	91.750000	F#3	54	80	
1055	148.544271	A2	45	67	1060	91.750000	A2	45	80	
1056	148.544271	D4	62	78	1058	91.750000	D4	62	80	
1057	148.742188	C4	60	77	1061	91.875000	C4	60	80	
1058	148.957031	G2	43	56	1064	92.000000	G2	43	80	
1059	148.970052	B3	59	79	1062	92.000000	B3	59	80	
1060	148.971354	G3	55	63	1063	92.000000	G3	55	80	
1061	149.384115	G3	55	57	1066	92.250000	G3	55	80	
1062	149.572917	A3	57	65	1067	92.375000	A3	57	80	
1063	149.772135	G5	79	93	1068	92.500000	G5	79	80	
1064	149.791667	B3	59	69	1069	92.500000	B3	59	80	
1065	150.207031	A3	57	67	1070	92.750000	A3	57	80	
1066	150.391927	B3	59	65	1071	92.875000	B3	59	80	
1067	150.582031	G#5	80	88	1072	93.000000	G#5	80	80	
1068	150.588542	C4	60	67	1073	93.000000	C4	60	80	
1069	150.796875	B3	59	63	1074	93.125000	B3	59	80	
1070	150.992188	C4	60	62	1076	93.250000	C4	60	80	
1071	151.010417	C5	72	73	1075	93.250000	C5	72	80	
1072	151.178385	D4	62	60	1077	93.375000	D4	62	80	
1073	151.397135	G5	79	87	1078	93.500000	G5	79	80	
1074	151.399740	Eb4	63	66	1079	93.500000	Eb4	63	80	
1075	151.802083	Bb4	70	58	1080	93.750000	Bb4	70	80	
1076	152.209635	A4	69	58	1082	94.000000	A4	69	80	
1077	152.214844	F#5	78	85	1081	94.000000	F#5	78	80	
1078	152.420573	C4	60	66	1083	94.125000	C4	60	80	
1079	152.596354	D4	62	66	1085	94.250000	D4	62	80	
1080	152.619792	Bb4	70	60	1084	94.250000	Bb4	70	80	
1081	152.787760	Eb4	63	70	1087	94.375000	Eb4	63	80	
1082	152.815104	C5	72	62	1086	94.375000	C5	72	80	
1083	152.997396	F4	65	74	1090	94.500000	F4	65	80	
1084	153.001302	D5	74	60	1089	94.500000	D5	74	80	
1085	153.001302	B5	83	87	1088	94.500000	B5	83	80	
1086	153.213542	C5	72	65	1091	94.625000	C5	72	80	
1087	153.412760	B4	71	62	1092	94.750000	B4	71	80	
1088	153.587240	A4	69	69	1093	94.875000	A4	69	80	
1089	153.772135	C6	84	87	1094	95.000000	C6	84	80	
1090	153.781250	G4	67	54	1095	95.000000	G4	67	80	
1091	153.983073	Eb4	63	63	1096	95.125000	Eb4	63	80	
1092	154.184896	F4	65	68	1097	95.250000	F4	65	80	
1093	154.369792	G4	67	66	1098	95.375000	G4	67	80	
1094	154.579427	F5	77	86	1099	95.500000	F5	77	80	
1095	154.585938	G#4	68	73	1100	95.500000	G#4	68	80	
1096	154.799479	G3	55	63	1101	95.625000	G3	55	80	
1097	155.011719	G#3	56	68	1102	95.750000	G#3	56	80	
1098	155.203125	Bb3	58	73	1103	95.875000	Bb3	58	80	
1099	155.410156	E5	76	84	1104	96.000000	E5	76	80	
1100	155.414062	C4	60	68	1105	96.000000	C4	60	80	
1101	155.619792	G4	67	56	1106	96.125000	G4	67	80	
1102	155.809896	A4	69	70	1107	96.250000	A4	69	80	
1103	156.006510	B4	71	60	1108	96.375000	B4	71	80	
1104	156.204427	Eb5	75	81	1109	96.500000	Eb5	75	80	
1105	156.221354	C5	72	67	1110	96.500000	C5	72	80	
1106	156.414062	C4	60	59	1111	96.625000	C4	60	80	
1107	156.615885	D4	62	57	1112	96.750000	D4	62	80	
1108	156.791667	Eb4	63	68	1113	96.875000	Eb4	63	80	
1109	156.994792	D5	74	77	1114	97.000000	D5	74	80	
1110	157.005208	F4	65	61	1115	97.000000	F4	65	80	
1111	157.197917	D4	62	57	1116	97.125000	D4	62	80	
1112	157.395833	B4	71	60	1117	97.250000	B4	71	80	
1113	157.404948	Eb4	63	63	1118	97.250000	Eb4	63	80	
1114	157.587240	F4	65	59	1120	97.375000	F4	65	80	
1115	157.588542	A4	69	64	1119	97.375000	A4	69	80	
1116	157.774740	G4	67	61	1122	97.500000	G4	67	80	
1117	157.796875	B4	71	69	1121	97.500000	B4	71	80	
1118	157.990885	G#4	68	67	1124	97.625000	G#4	68	80	
1119	157.996094	C5	72	70	1123	97.625000	C5	72	80	
1120	158.183594	G4	67	61	1126	97.750000	G4	67	80	
1121	158.196615	B4	71	70	1125	97.750000	B4	71	80	
1122	158.391927	D5	74	65	1127	97.875000	D5	74	80	
1123	158.397135	F4	65	62	1128	97.875000	F4	65	80	
1124	158.592448	Eb4	63	56	1130	98.000000	Eb4	63	80	
1125	158.600260	G4	67	60	1129	98.000000	G4	67	80	
1126	158.790365	F4	65	48	1131	98.125000	F4	65	80	
1127	158.997396	Eb4	63	54	1133	98.250000	Eb4	63	80	
1128	159.002604	C5	72	63	1132	98.250000	C5	72	80	
1129	159.199219	D5	74	65	1134	98.375000	D5	74	80	
1130	159.203125	D4	62	54	1135	98.375000	D4	62	80	
1131	159.394531	Eb5	75	65	1136	98.500000	Eb5	75	80	
1132	159.402344	C4	60	56	1137	98.500000	C4	60	80	
1133	159.800781	G4	67	63	1138	98.750000	G4	67	80	
1134	159.802083	C4	60	49	1139	98.750000	C4	60	80	
1135	160.019531	Bb3	58	55	1140	98.875000	Bb3	58	80	
1136	160.192708	C4	60	58	1141	99.000000	C4	60	80	
1137	160.201823	A3	57	60	1142	99.000000	A3	57	80	
1138	160.604167	C5	72	59	1143	99.250000	C5	72	80	
1139	160.617188	A3	57	51	1144	99.250000	A3	57	80	
1140	160.803385	Bb4	70	58	1145	99.375000	Bb4	70	80	
1141	160.819010	G3	55	47	1146	99.375000	G3	55	80	
1142	161.024740	A4	69	54	1147	99.500000	A4	69	80	
1143	161.032552	F3	53	51	1148	99.500000	F3	53	80	
1144	161.414062	Bb4	70	44	1149	99.750000	Bb4	70	80	
1145	161.428385	G3	55	43	1150	99.750000	G3	55	80	
1146	161.623698	C5	72	51	1151	99.875000	C5	72	80	
1147	161.645833	A3	57	40	1152	99.875000	A3	57	80	
1148	161.830729	F4	65	60	1153	100.000000	F4	65	80	
1149	161.835938	Bb3	58	58	1154	100.000000	Bb3	58	80	
1150	162.238281	D5	74	74	1155	100.250000	D5	74	80	
1151	162.250000	F4	65	55	1157	100.250000	F4	65	80	
1152	162.252604	Bb4	70	55	1156	100.250000	Bb4	70	80	
1153	162.420573	Eb5	75	82	1158	100.375000	Eb5	75	80	
1154	162.433594	Eb4	63	61	1159	100.375000	Eb4	63	80	
1155	162.628906	F5	77	84	1160	100.500000	F5	77	80	
1156	162.638021	D4	62	55	1161	100.500000	D4	62	80	
1157	163.055990	G#4	68	59	1162	100.750000	G#4	68	80	
1158	163.070312	D4	62	50	1163	100.750000	D4	62	80	
1159	163.261719	C4	60	52	1164	100.875000	C4	60	80	
1160	163.455729	B3	59	46	1166	101.000000	B3	59	80	
1161	163.468750	G4	67	53	1165	101.000000	G4	67	80	
1162	163.878906	D5	74	59	1167	101.250000	D5	74	80	
1163	163.884115	B3	59	42	1168	101.250000	B3	59	80	
1164	164.082031	A3	57	53	1170	101.375000	A3	57	80	
1165	164.085938	C5	72	57	1169	101.375000	C5	72	80	
1166	164.279948	B4	71	59	1171	101.500000	B4	71	80	
1167	164.283854	G3	55	47	1172	101.500000	G3	55	80	
1168	164.684896	A3	57	45	1174	101.750000	A3	57	80	
1169	164.687500	C5	72	58	1173	101.750000	C5	72	80	
1170	164.872396	B3	59	56	1176	101.875000	B3	59	80	
1171	164.891927	D5	74	54	1175	101.875000	D5	74	80	
1172	165.095052	C4	60	55	1178	102.000000	C4	60	80	
1173	165.104167	G4	67	66	1177	102.000000	G4	67	80	
1174	165.285156	D5	74	80	1179	102.125000	D5	74	80	
1175	165.472656	E5	76	86	1180	102.250000	E5	76	80	
1176	165.481771	Bb3	58	60	1181	102.250000	Bb3	58	80	
1177	165.651042	G5	79	83	1182	102.375000	G5	79	80	
1178	165.667969	G#3	56	66	1183	102.375000	G#3	56	80	
1179	165.697917	G4	67	3	*	-1	*	-1	-1	
1180	165.886719	G3	55	58	1185	102.500000	G3	55	80	
1181	165.891927	Bb4	70	71	1184	102.500000	Bb4	70	80	
1182	165.955729	C#5	73	25	*	-1	*	-1	-1	
1183	166.305990	C#4	61	63	1186	102.750000	C#4	61	80	
1184	166.325521	G3	55	49	1187	102.750000	G3	55	80	
1185	166.524740	F3	53	58	1188	102.875000	F3	53	80	
1186	166.738281	E3	52	49	1190	103.000000	E3	52	80	
1187	166.742188	C4	60	63	1189	103.000000	C4	60	80	
1188	167.180990	E3	52	43	1192	103.250000	E3	52	80	
1189	167.191406	G4	67	63	1191	103.250000	G4	67	80	
1190	167.369792	F4	65	59	1193	103.375000	F4	65	80	
1191	167.372396	D3	50	51	1194	103.375000	D3	50	80	
1192	167.591146	C3	48	50	1196	103.500000	C3	48	80	
1193	167.591146	E4	64	54	1195	103.500000	E4	64	80	
1194	168.000000	D3	50	50	1198	103.750000	D3	50	80	
1195	168.018229	F4	65	44	1197	103.750000	F4	65	80	
1196	168.195312	E3	52	54	1200	103.875000	E3	52	80	
1197	168.214844	G4	67	47	1199	103.875000	G4	67	80	
1198	168.421875	F3	53	55	1202	104.000000	F3	53	80	
1199	168.454427	C4	60	33	1201	104.000000	C4	60	80	
1200	168.627604	G3	55	56	1203	104.125000	G3	55	80	
1201	168.816406	G#3	56	60	1206	104.250000	G#3	56	80	
1202	168.848958	F4	65	42	1205	104.250000	F4	65	80	
1203	168.861979	G#4	68	46	1204	104.250000	G#4	68	80	
1204	169.023438	Bb3	58	58	1207	104.375000	Bb3	58	80	
1205	169.268229	C3	48	68	1210	104.500000	C3	48	80	
1206	169.270833	G4	67	62	1208	104.500000	G4	67	80	
1207	169.276042	C4	60	60	1209	104.500000	C4	60	80	
1208	169.709635	E4	64	55	1211	104.750000	E4	64	80	
1209	170.151042	C#3	49	80	1214	105.000000	C#3	49	80	
1210	170.158854	F4	65	49	1212	105.000000	F4	65	80	
1211	170.365885	E4	64	49	1215	105.125000	E4	64	80	
1212	170.559896	Bb3	58	61	1217	105.250000	Bb3	58	80	
1213	170.583333	F4	65	49	1216	105.250000	F4	65	80	
1214	170.792969	G4	67	54	1218	105.375000	G4	67	80	
1215	171.009115	C3	48	72	1220	105.500000	C3	48	80	
1216	171.028646	G#4	68	62	1219	105.500000	G#4	68	80	
1217	171.233073	G4	67	52	1221	105.625000	G4	67	80	
1218	171.434896	G#3	56	66	1223	105.750000	G#3	56	80	
1219	171.460938	F4	65	50	1222	105.750000	F4	65	80	
1220	171.647135	Eb4	63	53	1224	105.875000	Eb4	63	80	
1221	171.824219	B2	47	79	1226	106.000000	B2	47	80	
1222	171.859375	D4	62	63	1225	106.000000	D4	62	80	
1223	172.084635	F4	65	57	1227	106.125000	F4	65	80	
1224	172.282552	G3	55	61	1229	106.250000	G3	55	80	
1225	172.291667	G4	67	58	1228	106.250000	G4	67	80	
1226	172.473958	F3	53	62	1231	106.375000	F3	53	80	
1227	172.483073	G#4	68	65	1230	106.375000	G#4	68	80	
1228	172.665365	E3	52	79	1234	106.500000	E3	52	80	
1229	172.675781	Bb4	70	79	1232	106.500000	Bb4	70	80	
1230	172.691406	G3	55	33	1233	106.500000	G3	55	80	
1231	172.886719	Bb3	58	68	1235	106.625000	Bb3	58	80	
1232	173.113281	C#4	61	57	1236	106.750000	C#4	61	80	
1233	173.118490	G#3	56	61	1237	106.750000	G#3	56	80	
1234	173.300781	G3	55	66	1238	106.875000	G3	55	80	
1235	173.515625	F3	53	85	1239	107.000000	F3	53	80	
1236	173.727865	G#4	68	69	1241	107.125000	G#4	68	80	
1237	173.954427	C4	60	64	1243	107.250000	C4	60	80	
1238	173.955729	Bb4	70	70	1242	107.250000	Bb4	70	80	
1239	173.957031	G3	55	55	1244	107.250000	G3	55	80	
1240	174.132812	C5	72	70	1245	107.375000	C5	72	80	
1241	174.161458	G#3	56	77	1246	107.375000	G#3	56	80	
1242	174.356771	Bb3	58	74	1248	107.500000	Bb3	58	80	
1243	174.359375	C#5	73	86	1247	107.500000	C#5	73	80	
1244	174.361979	Bb2	46	79	1249	107.500000	Bb2	46	80	
1245	174.555990	F3	53	69	1250	107.625000	F3	53	80	
1246	174.768229	Eb3	51	75	1252	107.750000	Eb3	51	80	
1247	174.778646	F#4	66	73	1251	107.750000	F#4	66	80	
1248	174.980469	C#3	49	67	1253	107.875000	C#3	49	80	
1249	175.183594	A2	45	71	1255	108.000000	A2	45	80	
1250	175.184896	C#3	49	33	*	-1	*	-1	-1	
1251	175.194010	C3	48	84	1254	108.000000	C3	48	80	
1252	175.395833	C5	72	77	1256	108.125000	C5	72	80	
1253	175.600260	D5	74	81	1257	108.250000	D5	74	80	
1254	175.605469	F4	65	71	1258	108.250000	F4	65	80	
1255	175.787760	E5	76	81	1259	108.375000	E5	76	80	
1256	176.001302	G#2	44	82	1261	108.500000	G#2	44	80	
1257	176.006510	F5	77	89	1260	108.500000	F5	77	80	
1258	176.214844	F4	65	69	1262	108.625000	F4	65	80	
1259	176.217448	D3	50	70	1263	108.625000	D3	50	80	
1260	176.408854	E3	52	76	1265	108.750000	E3	52	80	
1261	176.427083	G4	67	70	1264	108.750000	G4	67	80	
1262	176.614583	F3	53	79	1267	108.875000	F3	53	80	
1263	176.614583	G#4	68	71	1266	108.875000	G#4	68	80	
1264	176.837240	Bb4	70	75	1268	109.000000	Bb4	70	80	
1265	176.848958	G2	43	77	1270	109.000000	G2	43	80	
1266	176.852865	G3	55	81	1269	109.000000	G3	55	80	
1267	176.901042	A2	45	38	*	-1	*	-1	-1	
1268	177.287760	E5	76	81	1271	109.250000	E5	76	80	
1269	177.483073	D5	74	85	1272	109.375000	D5	74	80	
1270	177.684896	E5	76	88	1273	109.500000	E5	76	80	
1271	177.880208	A2	45	76	1274	109.625000	A2	45	80	
1272	178.100260	Bb2	46	73	1275	109.750000	Bb2	46	80	
1273	178.308594	C3	48	72	1276	109.875000	C3	48	80	
1274	178.542969	F2	41	66	1279	110.000000	F2	41	80	
1275	178.542969	C#3	49	66	1278	110.000000	C#3	49	80	
1276	178.549479	F5	77	88	1277	110.000000	F5	77	80	
1277	178.755208	C3	48	65	1281	110.125000	C3	48	80	
1278	178.768229	C#5	73	67	1280	110.125000	C#5	73	80	
1279	178.962240	C#3	49	64	1283	110.250000	C#3	49	80	
1280	178.985677	C5	72	67	1282	110.250000	C5	72	80	
1281	179.164062	Eb3	51	68	1285	110.375000	Eb3	51	80	
1282	179.187500	Bb4	70	61	1284	110.375000	Bb4	70	80	
1283	179.375000	A4	69	70	1286	110.500000	A4	69	80	
1284	179.376302	F3	53	73	1287	110.500000	F3	53	80	
1285	179.582031	Eb5	75	86	1288	110.625000	Eb5	75	80	
1286	179.585938	F2	41	82	1289	110.625000	F2	41	80	
1287	179.778646	G2	43	66	1291	110.750000	G2	43	80	
1288	179.785156	C#5	73	80	1290	110.750000	C#5	73	80	
1289	179.971354	A2	45	70	1293	110.875000	A2	45	80	
1290	179.988281	C5	72	78	1292	110.875000	C5	72	80	
1291	180.174479	C#5	73	84	1294	111.000000	C#5	73	80	
1292	180.178385	Bb2	46	73	1295	111.000000	Bb2	46	80	
1293	180.381510	C5	72	71	1296	111.125000	C5	72	80	
1294	180.386719	F3	53	58	1297	111.125000	F3	53	80	
1295	180.596354	Bb4	70	71	1298	111.250000	Bb4	70	80	
1296	180.606771	G3	55	54	1299	111.250000	G3	55	80	
1297	180.781250	G#4	68	72	1300	111.375000	G#4	68	80	
1298	180.799479	G#3	56	69	1301	111.375000	G#3	56	80	
1299	181.007812	G4	67	72	1302	111.500000	G4	67	80	
1300	181.010417	Bb3	58	73	1303	111.500000	Bb3	58	80	
1301	181.195312	Bb4	70	78	1304	111.625000	Bb4	70	80	
1302	181.203125	C#3	49	69	1306	111.625000	C#3	49	80	
1303	181.203125	F4	65	74	1305	111.625000	F4	65	80	
1304	181.391927	C5	72	79	1307	111.750000	C5	72	80	
1305	181.398438	Eb4	63	80	1308	111.750000	Eb4	63	80	
1306	181.404948	C3	48	68	1309	111.750000	C3	48	80	
1307	181.583333	Bb2	46	74	1312	111.875000	Bb2	46	80	
1308	181.587240	C#5	73	80	1310	111.875000	C#5	73	80	
1309	181.596354	C#4	61	75	1311	111.875000	C#4	61	80	
1310	181.794271	C3	48	63	1315	112.000000	C3	48	80	
1311	181.805990	C4	60	82	1314	112.000000	C4	60	80	
1312	181.805990	E4	64	79	1313	112.000000	E4	64	80	
1313	181.875000	G#4	68	21	*	-1	*	-1	-1	
1314	182.046875	Bb3	58	74	1316	112.125000	Bb3	58	80	
1315	182.264323	C5	72	87	1317	112.250000	C5	72	80	
1316	182.272135	G#3	56	67	1318	112.250000	G#3	56	80	
1317	182.496094	G3	55	65	1319	112.375000	G3	55	80	
1318	182.734375	G#3	56	78	1320	112.500000	G#3	56	80	
1319	182.986979	G4	67	81	1321	112.625000	G4	67	80	
1320	183.229167	G#4	68	80	1322	112.750000	G#4	68	80	
1321	183.496094	F4	65	77	1323	112.875000	F4	65	80	
1322	183.742188	G#3	56	64	*	-1	*	-1	-1	
1323	183.890625	G3	55	56	*	-1	*	-1	-1	
1324	184.057292	G#3	56	62	1325	113.031250	G#3	56	80	
1325	184.057292	F4	65	69	*	-1	*	-1	-1	
1326	184.220052	G3	55	56	1324	113.000000	G3	55	80	
1327	184.384115	G#3	56	55	*	-1	*	-1	-1	
1328	184.391927	E4	64	64	*	-1	*	-1	-1	
1329	184.553385	G3	55	54	*	-1	*	-1	-1	
1330	184.730469	G#3	56	50	*	-1	*	-1	-1	
1331	184.735677	D4	62	58	1326	113.061458	G#3	56	80	
1332	184.928385	G3	55	47	*	-1	*	-1	-1	
1333	185.122396	G#3	56	47	*	-1	*	-1	-1	
1334	185.126302	F4	65	49	1328	113.125000	F4	65	80	
1335	185.287760	E4	64	58	*	-1	*	-1	-1	
1336	185.294271	G3	55	49	1329	113.125000	G3	55	80	
1337	185.454427	G#3	56	56	*	-1	*	-1	-1	
1338	185.462240	F4	65	54	*	-1	*	-1	-1	
1339	185.623698	G3	55	44	*	-1	*	-1	-1	
1340	185.631510	E4	64	57	*	-1	*	-1	-1	
1341	185.795573	G#3	56	50	*	-1	*	-1	-1	
1342	185.803385	F4	65	55	*	-1	*	-1	-1	
1343	186.001302	E4	64	53	*	-1	*	-1	-1	
1344	186.002604	G3	55	38	*	-1	*	-1	-1	
1345	186.203125	G#3	56	40	*	-1	*	-1	-1	
1346	186.225260	F4	65	35	*	-1	*	-1	-1	
1347	186.488281	G3	55	40	*	-1	*	-1	-1	
1348	186.489583	E4	64	45	1330	113.250000	E4	64	80	
1349	188.842448	F4	65	45	1338	114.000000	F4	65	80	
1350	188.851562	C4	60	30	1337	114.000000	C4	60	80	
1351	188.854167	A3	57	28	1340	114.000000	A3	57	80	
1352	188.868490	F2	41	24	1339	114.000000	F2	41	80	
*	-1	*	-1	-1	47	11.562500	C4	60	80	
*	-1	*	-1	-1	48	11.562500	B3	59	80	
*	-1	*	-1	-1	51	12.000000	C4	60	80	
*	-1	*	-1	-1	491	52.531250	C#4	61	80	
*	-1	*	-1	-1	492	52.562500	Eb4	63	80	
*	-1	*	-1	-1	493	52.562500	Eb4	63	80	
*	-1	*	-1	-1	494	52.593750	C#4	61	80	
*	-1	*	-1	-1	496	52.625000	C#4	61	80	
*	-1	*	-1	-1	557	56.625000	Bb4	70	80	
*	-1	*	-1	-1	648	63.750000	C#3	49	80	
*	-1	*	-1	-1	687	66.500000	C4	60	80	
*	-1	*	-1	-1	739	70.000000	C4	60	80	
*	-1	*	-1	-1	755	71.000000	Eb3	51	80	
*	-1	*	-1	-1	767	72.000000	F3	53	80	
*	-1	*	-1	-1	883	80.500000	Bb3	58	80	
*	-1	*	-1	-1	889	81.000000	C4	60	80	
*	-1	*	-1	-1	950	85.000000	Eb3	51	80	
*	-1	*	-1	-1	1000	88.375000	F3	53	80	
*	-1	*	-1	-1	1029	90.250000	C3	48	80	
*	-1	*	-1	-1	1065	92.000000	D3	50	80	
*	-1	*	-1	-1	1213	105.000000	F4	65	80	
*	-1	*	-1	-1	1240	107.000000	F3	53	80	
*	-1	*	-1	-1	1327	113.062500	G3	55	80	
*	-1	*	-1	-1	1332	113.500000	E4	64	80	
*	-1	*	-1	-1	1334	113.562500	F4	65	80	
*	-1	*	-1	-1	50	12.000000	C4	60	80	
*	-1	*	-1	-1	495	52.625000	G4	67	80	
*	-1	*	-1	-1	1331	113.375000	D4	62	80	
*	-1	*	-1	-1	1335	113.562500	E4	64	80	
*	-1	*	-1	-1	1333	113.531250	F4	65	80	
*	-1	*	-1	-1	1336	113.625000	E4	64	80	
