// alignID alignOntime alignSitch alignPitch alignOnvel refID refOntime refSitch refPitch refOnvel
0	0.500000	C4	60	47	0	0.500000	C4	60	80	
1	1.517708	C#4	61	58	1	1.000000	C#4	61	80	
2	2.568750	C4	60	55	2	1.500000	C4	60	80	
3	3.614583	B3	59	57	3	2.000000	B3	59	80	
4	4.629167	E4	64	62	4	2.500000	E4	64	80	
5	5.663542	F4	65	63	5	3.000000	F4	65	80	
6	6.669792	Bb3	58	52	6	3.500000	Bb3	58	80	
7	7.667708	A3	57	57	7	4.000000	A3	57	80	
8	8.655208	G#3	56	62	8	4.500000	G#3	56	80	
9	9.746875	G3	55	53	9	5.000000	G3	55	80	
10	11.634375	F3	53	37	10	6.000000	F3	53	80	
11	12.130208	F3	53	43	11	6.250000	F3	53	80	
12	12.345833	G3	55	49	12	6.375000	G3	55	80	
13	12.604167	G#3	56	45	14	6.500000	G#3	56	80	
14	12.613542	F4	65	49	13	6.500000	F4	65	80	
15	13.063542	G#3	56	61	15	6.750000	G#3	56	80	
16	13.270833	Bb3	58	59	16	6.875000	Bb3	58	80	
17	13.509375	G#4	68	68	17	7.000000	G#4	68	80	
18	13.525000	C4	60	44	18	7.000000	C4	60	80	
19	13.714583	B2	47	58	19	7.125000	B2	47	80	
20	13.928125	C3	48	66	20	7.250000	C3	48	80	
21	14.153125	D3	50	67	21	7.375000	D3	50	80	
22	14.416667	G4	67	58	22	7.500000	G4	67	80	
23	14.440625	Eb3	51	48	23	7.500000	Eb3	51	80	
24	15.347917	F#4	66	61	24	8.000000	F#4	66	80	
25	15.566667	C3	48	52	25	8.125000	C3	48	80	
26	15.788542	D3	50	67	26	8.250000	D3	50	80	
27	15.989583	Eb3	51	67	27	8.375000	Eb3	51	80	
28	16.267708	B4	71	73	28	8.500000	B4	71	80	
29	16.277083	F3	53	50	29	8.500000	F3	53	80	
30	17.200000	C5	72	75	30	9.000000	C5	72	80	
31	17.409375	Eb3	51	56	31	9.125000	Eb3	51	80	
32	17.640625	F3	53	64	32	9.250000	F3	53	80	
33	17.851042	G3	55	64	33	9.375000	G3	55	80	
34	18.137500	F4	65	61	34	9.500000	F4	65	80	
35	18.146875	G#3	56	48	35	9.500000	G#3	56	80	
36	19.052083	E4	64	67	36	10.000000	E4	64	80	
37	19.272917	G3	55	58	37	10.125000	G3	55	80	
38	19.487500	A3	57	70	38	10.250000	A3	57	80	
39	19.704167	B3	59	72	39	10.375000	B3	59	80	
40	19.996875	Eb4	63	62	40	10.500000	Eb4	63	80	
41	20.019792	C4	60	52	41	10.500000	C4	60	80	
42	21.016667	D4	62	63	42	11.000000	D4	62	80	
43	21.444792	B3	59	49	43	11.250000	B3	59	80	
44	21.681250	A3	57	52	44	11.375000	A3	57	80	
45	21.911458	C4	60	51	*	-1	*	-1	-1	
46	22.032292	B3	59	62	45	11.500000	B3	59	80	
47	22.136458	C4	60	56	46	11.531250	C4	60	80	
48	22.222917	B3	59	68	*	-1	*	-1	-1	
49	22.315625	C4	60	56	*	-1	*	-1	-1	
50	22.375000	B3	59	54	*	-1	*	-1	-1	
51	22.472917	C4	60	63	*	-1	*	-1	-1	
52	22.597917	B3	59	54	*	-1	*	-1	-1	
53	22.862500	C4	60	55	49	11.625000	B3	59	80	
54	23.331250	C4	60	52	52	12.250000	C4	60	80	
55	23.340625	G3	55	44	53	12.250000	G3	55	80	
56	23.543750	D4	62	64	54	12.375000	D4	62	80	
57	23.789583	E4	64	62	55	12.500000	E4	64	80	
58	23.805208	C3	48	69	57	12.500000	C3	48	80	
59	23.805208	C4	60	64	56	12.500000	C4	60	80	
60	24.252083	D4	62	54	58	12.750000	D4	62	80	
61	24.266667	Bb3	58	52	59	12.750000	Bb3	58	80	
62	24.472917	E4	64	66	60	12.875000	E4	64	80	
63	24.698958	C#3	49	80	63	13.000000	C#3	49	80	
64	24.715625	F4	65	66	61	13.000000	F4	65	80	
65	24.716667	G#3	56	56	62	13.000000	G#3	56	80	
66	24.927083	E3	52	65	64	13.125000	E3	52	80	
67	25.151042	F3	53	64	65	13.250000	F3	53	80	
68	25.152083	F4	65	75	66	13.250000	F4	65	80	
69	25.360417	G3	55	69	67	13.375000	G3	55	80	
70	25.615625	G#3	56	78	68	13.500000	G#3	56	80	
71	25.616667	C3	48	70	69	13.500000	C3	48	80	
72	26.081250	Eb4	63	67	70	13.750000	Eb4	63	80	
73	26.523958	B2	47	70	72	14.000000	B2	47	80	
74	26.535417	D4	62	66	71	14.000000	D4	62	80	
75	26.751042	F3	53	67	73	14.125000	F3	53	80	
76	26.961458	G3	55	65	75	14.250000	G3	55	80	
77	26.961458	Eb4	63	69	74	14.250000	Eb4	63	80	
78	27.176042	G#3	56	67	77	14.375000	G#3	56	80	
79	27.214583	F4	65	47	76	14.375000	F4	65	80	
80	27.413542	E3	52	72	80	14.500000	E3	52	80	
81	27.414583	Bb3	58	76	79	14.500000	Bb3	58	80	
82	27.414583	G4	67	71	78	14.500000	G4	67	80	
83	27.613542	F4	65	60	81	14.625000	F4	65	80	
84	27.870833	E4	64	69	82	14.750000	E4	64	80	
85	28.090625	D4	62	68	83	14.875000	D4	62	80	
86	28.302083	F3	53	69	85	15.000000	F3	53	80	
87	28.319792	C4	60	64	84	15.000000	C4	60	80	
88	28.540625	G#3	56	67	86	15.125000	G#3	56	80	
89	28.763542	Bb3	58	70	87	15.250000	Bb3	58	80	
90	28.963542	C4	60	76	88	15.375000	C4	60	80	
91	29.201042	Bb2	46	66	90	15.500000	Bb2	46	80	
92	29.201042	C#4	61	77	89	15.500000	C#4	61	80	
93	29.419792	Bb3	58	62	91	15.625000	Bb3	58	80	
94	29.637500	G#3	56	68	92	15.750000	G#3	56	80	
95	29.845833	G3	55	65	93	15.875000	G3	55	80	
96	30.080208	A2	45	58	95	16.000000	A2	45	80	
97	30.080208	F3	53	66	94	16.000000	F3	53	80	
98	30.287500	C4	60	72	96	16.125000	C4	60	80	
99	30.502083	D4	62	77	97	16.250000	D4	62	80	
100	30.709375	E4	64	80	98	16.375000	E4	64	80	
101	30.930208	G#2	44	71	100	16.500000	G#2	44	80	
102	30.940625	F4	65	81	99	16.500000	F4	65	80	
103	31.168750	F3	53	63	101	16.625000	F3	53	80	
104	31.366667	G3	55	68	102	16.750000	G3	55	80	
105	31.568750	G#3	56	75	103	16.875000	G#3	56	80	
106	31.867708	Bb3	58	71	104	17.000000	Bb3	58	80	
107	31.870833	G2	43	55	105	17.000000	G2	43	80	
108	32.329167	E4	64	64	106	17.250000	E4	64	80	
109	32.534375	D4	62	64	107	17.375000	D4	62	80	
110	32.812500	E4	64	62	108	17.500000	E4	64	80	
111	33.263542	G#3	56	50	109	17.750000	G#3	56	80	
112	33.485417	G3	55	48	110	17.875000	G3	55	80	
113	33.746875	F4	65	55	111	18.000000	F4	65	80	
114	33.756250	F2	41	40	113	18.000000	F2	41	80	
115	33.795833	G#3	56	38	112	18.000000	G#3	56	80	
116	34.260417	F4	65	50	114	18.250000	F4	65	80	
117	34.466667	G4	67	50	115	18.375000	G4	67	80	
118	34.722917	G#4	68	52	116	18.500000	G#4	68	80	
119	35.175000	G#4	68	52	117	18.750000	G#4	68	80	
120	35.181250	F3	53	43	118	18.750000	F3	53	80	
121	35.380208	Bb4	70	70	119	18.875000	Bb4	70	80	
122	35.402083	G3	55	47	120	18.875000	G3	55	80	
123	35.651042	C5	72	68	121	19.000000	C5	72	80	
124	35.668750	G#3	56	49	122	19.000000	G#3	56	80	
125	36.088542	G#3	56	55	124	19.250000	G#3	56	80	
126	36.096875	C4	60	51	123	19.250000	C4	60	80	
127	36.318750	Bb3	58	52	126	19.375000	Bb3	58	80	
128	36.321875	C#4	61	55	125	19.375000	C#4	61	80	
129	36.553125	Eb4	63	59	127	19.500000	Eb4	63	80	
130	36.557292	C4	60	46	128	19.500000	C4	60	80	
131	36.762500	Bb4	70	73	129	19.625000	Bb4	70	80	
132	36.975000	C3	48	49	131	19.750000	C3	48	80	
133	36.985417	G#4	68	73	130	19.750000	G#4	68	80	
134	37.209375	G4	67	61	132	19.875000	G4	67	80	
135	37.528125	F4	65	61	133	20.000000	F4	65	80	
136	37.541667	C#3	49	53	134	20.000000	C#3	49	80	
137	38.007292	C#4	61	47	135	20.250000	C#4	61	80	
138	38.213542	Eb4	63	56	136	20.375000	Eb4	63	80	
139	38.473958	F4	65	47	137	20.500000	F4	65	80	
140	38.916667	F4	65	55	138	20.750000	F4	65	80	
141	38.919792	C#3	49	47	139	20.750000	C#3	49	80	
142	39.132292	G4	67	65	140	20.875000	G4	67	80	
143	39.140625	Eb3	51	49	141	20.875000	Eb3	51	80	
144	39.369792	F3	53	45	143	21.000000	F3	53	80	
145	39.388542	G#4	68	69	142	21.000000	G#4	68	80	
146	39.807292	G#3	56	57	144	21.250000	G#3	56	80	
147	39.821875	F3	53	39	145	21.250000	F3	53	80	
148	40.034375	G3	55	51	147	21.375000	G3	55	80	
149	40.036458	Bb3	58	56	146	21.375000	Bb3	58	80	
150	40.271875	C4	60	53	148	21.500000	C4	60	80	
151	40.273958	G#3	56	51	149	21.500000	G#3	56	80	
152	40.459375	F#4	66	65	150	21.625000	F#4	66	80	
153	40.683333	F4	65	71	151	21.750000	F4	65	80	
154	40.696875	G#2	44	49	152	21.750000	G#2	44	80	
155	40.907292	Eb4	63	72	153	21.875000	Eb4	63	80	
156	41.205208	Bb2	46	50	155	22.000000	Bb2	46	80	
157	41.207292	C#4	61	60	154	22.000000	C#4	61	80	
158	41.670833	Bb3	58	49	156	22.250000	Bb3	58	80	
159	41.889583	C4	60	52	157	22.375000	C4	60	80	
160	42.144792	C#4	61	56	158	22.500000	C#4	61	80	
161	42.600000	C#4	61	51	159	22.750000	C#4	61	80	
162	42.602083	Bb2	46	42	160	22.750000	Bb2	46	80	
163	42.807292	C3	48	46	162	22.875000	C3	48	80	
164	42.809375	Eb4	63	62	161	22.875000	Eb4	63	80	
165	43.059375	C#3	49	47	164	23.000000	C#3	49	80	
166	43.079167	F4	65	62	163	23.000000	F4	65	80	
167	43.504167	C#3	49	42	166	23.250000	C#3	49	80	
168	43.511458	F3	53	55	165	23.250000	F3	53	80	
169	43.728125	Eb3	51	47	168	23.375000	Eb3	51	80	
170	43.735417	G3	55	57	167	23.375000	G3	55	80	
171	43.977083	F3	53	41	170	23.500000	F3	53	80	
172	43.979167	G#3	56	58	169	23.500000	G#3	56	80	
173	44.398958	G#3	56	57	171	23.750000	G#3	56	80	
174	44.434375	F2	41	39	172	23.750000	F2	41	80	
175	44.619792	Bb3	58	57	173	23.875000	Bb3	58	80	
176	44.877083	C4	60	57	174	24.000000	C4	60	80	
177	44.889583	C3	48	40	175	24.000000	C3	48	80	
178	45.315625	C3	48	50	178	24.250000	C3	48	80	
179	45.316667	E4	64	59	176	24.250000	E4	64	80	
180	45.350000	G3	55	38	177	24.250000	G3	55	80	
181	45.520833	F4	65	69	179	24.375000	F4	65	80	
182	45.539583	D3	50	55	180	24.375000	D3	50	80	
183	45.835417	C5	72	87	181	24.500000	C5	72	80	
184	45.842708	E3	52	45	184	24.500000	E3	52	80	
185	45.852083	C4	60	45	183	24.500000	C4	60	80	
186	45.857292	G4	67	55	182	24.500000	G4	67	80	
187	46.311458	D3	50	57	186	24.750000	D3	50	80	
188	46.321875	Bb3	58	53	185	24.750000	Bb3	58	80	
189	46.519792	E3	52	69	187	24.875000	E3	52	80	
190	46.734375	C#5	73	83	188	25.000000	C#5	73	80	
191	46.745833	G#3	56	58	189	25.000000	G#3	56	80	
192	46.748958	F3	53	63	190	25.000000	F3	53	80	
193	46.982292	E2	40	61	191	25.125000	E2	40	80	
194	47.181250	F2	41	61	193	25.250000	F2	41	80	
195	47.184375	F4	65	65	192	25.250000	F4	65	80	
196	47.384375	G2	43	56	194	25.375000	G2	43	80	
197	47.604167	G#2	44	54	196	25.500000	G#2	44	80	
198	47.606250	C5	72	82	195	25.500000	C5	72	80	
199	47.837500	C3	48	52	197	25.625000	C3	48	80	
200	48.050000	D3	50	52	199	25.750000	D3	50	80	
201	48.061458	Eb4	63	65	198	25.750000	Eb4	63	80	
202	48.280208	Eb3	51	56	200	25.875000	Eb3	51	80	
203	48.517708	B4	71	76	201	26.000000	B4	71	80	
204	48.529167	F3	53	56	203	26.000000	F3	53	80	
205	48.540625	D4	62	49	202	26.000000	D4	62	80	
206	48.729167	F2	41	59	204	26.125000	F2	41	80	
207	48.969792	G2	43	55	206	26.250000	G2	43	80	
208	48.970833	Eb4	63	66	205	26.250000	Eb4	63	80	
209	49.168750	G#2	44	59	208	26.375000	G#2	44	80	
210	49.182292	F4	65	71	207	26.375000	F4	65	80	
211	49.388542	Bb2	46	57	211	26.500000	Bb2	46	80	
212	49.398958	E5	76	84	209	26.500000	E5	76	80	
213	49.418750	G4	67	62	210	26.500000	G4	67	80	
214	49.615625	F4	65	69	212	26.625000	F4	65	80	
215	49.844792	E4	64	70	213	26.750000	E4	64	80	
216	49.858333	G3	55	59	214	26.750000	G3	55	80	
217	50.035417	D4	62	77	215	26.875000	D4	62	80	
218	50.264583	F5	77	85	216	27.000000	F5	77	80	
219	50.269792	G#3	56	62	218	27.000000	G#3	56	80	
220	50.282292	C4	60	48	217	27.000000	C4	60	80	
221	50.486458	G#2	44	63	219	27.125000	G#2	44	80	
222	50.694792	Bb2	46	68	220	27.250000	Bb2	46	80	
223	50.897917	C3	48	73	221	27.375000	C3	48	80	
224	51.154167	C#3	49	71	223	27.500000	C#3	49	80	
225	51.158333	Bb4	70	83	222	27.500000	Bb4	70	80	
226	51.373958	Bb3	58	55	224	27.625000	Bb3	58	80	
227	51.601042	Bb3	58	62	225	27.750000	Bb3	58	80	
228	51.611458	G#3	56	59	226	27.750000	G#3	56	80	
229	51.814583	G3	55	57	227	27.875000	G3	55	80	
230	52.045833	A4	69	79	228	28.000000	A4	69	80	
231	52.063542	C4	60	57	229	28.000000	C4	60	80	
232	52.075000	F3	53	48	230	28.000000	F3	53	80	
233	52.279167	C3	48	51	231	28.125000	C3	48	80	
234	52.484375	D3	50	59	232	28.250000	D3	50	80	
235	52.695833	E3	52	53	233	28.375000	E3	52	80	
236	52.914583	G#4	68	75	234	28.500000	G#4	68	80	
237	52.918750	F3	53	58	235	28.500000	F3	53	80	
238	53.120833	F3	53	55	236	28.625000	F3	53	80	
239	53.358333	C4	60	61	237	28.750000	C4	60	80	
240	53.365625	G3	55	59	238	28.750000	G3	55	80	
241	53.584375	G#3	56	65	239	28.875000	G#3	56	80	
242	53.839583	Bb3	58	50	242	29.000000	Bb3	58	80	
243	53.841667	C#4	61	56	241	29.000000	C#4	61	80	
244	53.845833	G4	67	67	240	29.000000	G4	67	80	
245	54.279167	C4	60	59	243	29.250000	C4	60	80	
246	54.281250	E3	52	53	244	29.250000	E3	52	80	
247	54.487500	Bb3	58	58	245	29.375000	Bb3	58	80	
248	54.497917	D3	50	53	246	29.375000	D3	50	80	
249	54.751042	C4	60	52	247	29.500000	C4	60	80	
250	54.769792	E3	52	48	248	29.500000	E3	52	80	
251	55.170833	G#3	56	54	249	29.750000	G#3	56	80	
252	55.397917	G3	55	41	250	29.875000	G3	55	80	
253	55.686458	F3	53	38	252	30.000000	F3	53	80	
254	55.693750	G#3	56	47	251	30.000000	G#3	56	80	
255	56.159375	F4	65	54	253	30.250000	F4	65	80	
256	56.358333	G4	67	62	254	30.375000	G4	67	80	
257	56.666667	G#4	68	62	255	30.500000	G#4	68	80	
258	57.164583	F3	53	49	256	30.750000	F3	53	80	
259	57.376042	Eb3	51	53	257	30.875000	Eb3	51	80	
260	57.638542	D3	50	47	258	31.000000	D3	50	80	
261	58.111458	D3	50	42	260	31.250000	D3	50	80	
262	58.123958	F4	65	51	259	31.250000	F4	65	80	
263	58.322917	C3	48	46	262	31.375000	C3	48	80	
264	58.337500	Eb4	63	55	261	31.375000	Eb4	63	80	
265	58.588542	D4	62	51	263	31.500000	D4	62	80	
266	58.592708	Bb2	46	44	264	31.500000	Bb2	46	80	
267	59.046875	C3	48	49	266	31.750000	C3	48	80	
268	59.067708	D4	62	58	265	31.750000	D4	62	80	
269	59.265625	C4	60	61	267	31.875000	C4	60	80	
270	59.279167	D3	50	55	268	31.875000	D3	50	80	
271	59.520833	Bb3	58	61	269	32.000000	Bb3	58	80	
272	59.534375	Eb3	51	53	270	32.000000	Eb3	51	80	
273	60.001042	G4	67	67	271	32.250000	G4	67	80	
274	60.007292	Bb3	58	51	272	32.250000	Bb3	58	80	
275	60.198958	G#4	68	79	273	32.375000	G#4	68	80	
276	60.227083	G#3	56	54	274	32.375000	G#3	56	80	
277	60.502083	Bb4	70	72	275	32.500000	Bb4	70	80	
278	60.530208	G3	55	49	276	32.500000	G3	55	80	
279	61.014583	G3	55	54	277	32.750000	G3	55	80	
280	61.231250	F3	53	57	278	32.875000	F3	53	80	
281	61.473958	E3	52	60	279	33.000000	E3	52	80	
282	61.923958	E3	52	49	281	33.250000	E3	52	80	
283	61.936458	G4	67	60	280	33.250000	G4	67	80	
284	62.144792	D3	50	51	283	33.375000	D3	50	80	
285	62.152083	F4	65	60	282	33.375000	F4	65	80	
286	62.401042	E4	64	60	284	33.500000	E4	64	80	
287	62.407292	C3	48	45	285	33.500000	C3	48	80	
288	62.845833	D3	50	56	287	33.750000	D3	50	80	
289	62.858333	E4	64	56	286	33.750000	E4	64	80	
290	63.072917	D4	62	59	288	33.875000	D4	62	80	
291	63.076042	E3	52	60	289	33.875000	E3	52	80	
292	63.295833	F3	53	67	291	34.000000	F3	53	80	
293	63.295833	C4	60	65	290	34.000000	C4	60	80	
294	63.487500	G4	67	71	292	34.125000	G4	67	80	
295	63.704167	G#4	68	81	293	34.250000	G#4	68	80	
296	63.717708	C4	60	67	294	34.250000	C4	60	80	
297	63.908333	C5	72	84	295	34.375000	C5	72	80	
298	63.931250	Bb3	58	71	296	34.375000	Bb3	58	80	
299	64.236458	F5	77	83	297	34.500000	F5	77	80	
300	64.258333	G#3	56	63	298	34.500000	G#3	56	80	
301	64.719792	D3	50	56	299	34.750000	D3	50	80	
302	64.930208	C3	48	60	300	34.875000	C3	48	80	
303	65.193750	B2	47	59	301	35.000000	B2	47	80	
304	65.682292	B2	47	49	303	35.250000	B2	47	80	
305	65.686458	D5	74	55	302	35.250000	D5	74	80	
306	65.885417	C5	72	62	304	35.375000	C5	72	80	
307	65.891667	A2	45	51	305	35.375000	A2	45	80	
308	66.140625	B4	71	55	306	35.500000	B4	71	80	
309	66.160417	G2	43	45	307	35.500000	G2	43	80	
310	66.597917	B4	71	56	308	35.750000	B4	71	80	
311	66.602083	A2	45	53	309	35.750000	A2	45	80	
312	66.810417	A4	69	57	310	35.875000	A4	69	80	
313	66.820833	B2	47	49	311	35.875000	B2	47	80	
314	67.068750	C3	48	54	313	36.000000	C3	48	80	
315	67.071875	G4	67	57	312	36.000000	G4	67	80	
316	67.512500	Eb5	75	79	314	36.250000	Eb5	75	80	
317	67.518750	G4	67	62	315	36.250000	G4	67	80	
318	67.725000	A4	69	82	316	36.375000	A4	69	80	
319	68.021875	D5	74	71	317	36.500000	D5	74	80	
320	68.023958	B4	71	70	318	36.500000	B4	71	80	
321	68.030208	G3	55	77	319	36.500000	G3	55	80	
322	68.491667	G5	79	75	320	36.750000	G5	79	80	
323	68.509375	A4	69	65	321	36.750000	A4	69	80	
324	68.723958	B4	71	76	322	36.875000	B4	71	80	
325	68.968750	G#3	56	79	324	37.000000	G#3	56	80	
326	68.978125	C5	72	72	323	37.000000	C5	72	80	
327	69.196875	B4	71	69	325	37.125000	B4	71	80	
328	69.405208	C5	72	74	326	37.250000	C5	72	80	
329	69.605208	D5	74	77	327	37.375000	D5	74	80	
330	69.862500	Eb5	75	77	328	37.500000	Eb5	75	80	
331	69.863542	G3	55	76	329	37.500000	G3	55	80	
332	70.332292	Bb4	70	72	330	37.750000	Bb4	70	80	
333	70.810417	F#3	54	66	332	38.000000	F#3	54	80	
334	70.823958	A4	69	62	331	38.000000	A4	69	80	
335	71.036458	C5	72	73	333	38.125000	C5	72	80	
336	71.256250	D5	74	76	334	38.250000	D5	74	80	
337	71.261458	B4	71	71	335	38.250000	B4	71	80	
338	71.453125	C5	72	77	337	38.375000	C5	72	80	
339	71.457292	Eb5	75	80	336	38.375000	Eb5	75	80	
340	71.686458	B3	59	79	340	38.500000	B3	59	80	
341	71.686458	D5	74	68	339	38.500000	D5	74	80	
342	71.689583	F5	77	77	338	38.500000	F5	77	80	
343	71.926042	C5	72	75	341	38.625000	C5	72	80	
344	72.132292	B4	71	70	342	38.750000	B4	71	80	
345	72.346875	A4	69	75	343	38.875000	A4	69	80	
346	72.590625	C4	60	75	345	39.000000	C4	60	80	
347	72.592708	G4	67	71	344	39.000000	G4	67	80	
348	72.803125	Eb5	75	80	346	39.125000	Eb5	75	80	
349	73.014583	F5	77	84	347	39.250000	F5	77	80	
350	73.208333	G5	79	89	348	39.375000	G5	79	80	
351	73.465625	G#5	80	87	349	39.500000	G#5	80	80	
352	73.472917	F3	53	69	350	39.500000	F3	53	80	
353	73.689583	F4	65	60	351	39.625000	F4	65	80	
354	73.905208	Eb4	63	72	352	39.750000	Eb4	63	80	
355	74.112500	D4	62	70	353	39.875000	D4	62	80	
356	74.348958	C4	60	77	354	40.000000	C4	60	80	
357	74.353125	E3	52	65	355	40.000000	E3	52	80	
358	74.566667	G5	79	84	356	40.125000	G5	79	80	
359	74.781250	A5	81	90	357	40.250000	A5	81	80	
360	74.982292	B5	83	94	358	40.375000	B5	83	80	
361	75.237500	C6	84	92	359	40.500000	C6	84	80	
362	75.243750	Eb3	51	71	360	40.500000	Eb3	51	80	
363	75.453125	C5	72	76	361	40.625000	C5	72	80	
364	75.668750	D5	74	80	362	40.750000	D5	74	80	
365	75.880208	Eb5	75	86	363	40.875000	Eb5	75	80	
366	76.179167	D3	50	63	365	41.000000	D3	50	80	
367	76.179167	F5	77	81	364	41.000000	F5	77	80	
368	76.614583	B5	83	78	366	41.250000	B5	83	80	
369	76.825000	A5	81	83	367	41.375000	A5	81	80	
370	77.136458	B5	83	76	368	41.500000	B5	83	80	
371	77.603125	Eb5	75	56	369	41.750000	Eb5	75	80	
372	77.797917	D5	74	55	370	41.875000	D5	74	80	
373	78.120833	C6	84	64	371	42.000000	C6	84	80	
374	78.131250	C3	48	41	373	42.000000	C3	48	80	
375	78.133333	Eb5	75	48	372	42.000000	Eb5	75	80	
376	78.604167	G5	79	55	374	42.250000	G5	79	80	
377	78.618750	C5	72	51	375	42.250000	C5	72	80	
378	78.828125	D5	74	63	376	42.375000	D5	74	80	
379	79.111458	C6	84	67	377	42.500000	C6	84	80	
380	79.125000	Eb5	75	45	378	42.500000	Eb5	75	80	
381	79.594792	C5	72	48	379	42.750000	C5	72	80	
382	79.818750	Bb4	70	51	380	42.875000	Bb4	70	80	
383	80.055208	A4	69	55	381	43.000000	A4	69	80	
384	80.528125	C6	84	66	382	43.250000	C6	84	80	
385	80.551042	A4	69	38	383	43.250000	A4	69	80	
386	80.735417	Bb5	82	71	384	43.375000	Bb5	82	80	
387	80.752083	G4	67	42	385	43.375000	G4	67	80	
388	81.007292	A5	81	64	386	43.500000	A5	81	80	
389	81.019792	F4	65	29	387	43.500000	F4	65	80	
390	81.477083	A5	81	59	388	43.750000	A5	81	80	
391	81.486458	G4	67	44	389	43.750000	G4	67	80	
392	81.695833	A4	69	52	391	43.875000	A4	69	80	
393	81.695833	G5	79	66	390	43.875000	G5	79	80	
394	81.954167	F5	77	62	392	44.000000	F5	77	80	
395	81.964583	Bb4	70	45	393	44.000000	Bb4	70	80	
396	82.434375	Bb4	70	55	395	44.250000	Bb4	70	80	
397	82.436458	G5	79	69	394	44.250000	G5	79	80	
398	82.447917	Bb3	58	42	396	44.250000	Bb3	58	80	
399	82.653125	A5	81	80	397	44.375000	A5	81	80	
400	82.662500	C5	72	61	398	44.375000	C5	72	80	
401	82.973958	Bb5	82	74	399	44.500000	Bb5	82	80	
402	82.986458	C#5	73	50	400	44.500000	C#5	73	80	
403	83.477083	Bb4	70	54	401	44.750000	Bb4	70	80	
404	83.694792	G#4	68	58	402	44.875000	G#4	68	80	
405	83.950000	G4	67	49	403	45.000000	G4	67	80	
406	84.419792	Bb5	82	64	404	45.250000	Bb5	82	80	
407	84.451042	G4	67	33	405	45.250000	G4	67	80	
408	84.636458	G#5	80	69	406	45.375000	G#5	80	80	
409	84.640625	F4	65	41	407	45.375000	F4	65	80	
410	84.877083	G5	79	66	408	45.500000	G5	79	80	
411	84.896875	Eb4	63	42	409	45.500000	Eb4	63	80	
412	85.359375	G5	79	69	410	45.750000	G5	79	80	
413	85.366667	F4	65	47	411	45.750000	F4	65	80	
414	85.562500	F5	77	65	412	45.875000	F5	77	80	
415	85.585417	G4	67	48	413	45.875000	G4	67	80	
416	85.830208	Eb5	75	61	414	46.000000	Eb5	75	80	
417	85.856250	G#4	68	45	415	46.000000	G#4	68	80	
418	86.315625	G#4	68	59	417	46.250000	G#4	68	80	
419	86.315625	F5	77	63	416	46.250000	F5	77	80	
420	86.336458	G#3	56	47	418	46.250000	G#3	56	80	
421	86.526042	G5	79	76	419	46.375000	G5	79	80	
422	86.535417	Bb4	70	65	420	46.375000	Bb4	70	80	
423	86.816667	C5	72	63	422	46.500000	C5	72	80	
424	86.816667	G#5	80	77	421	46.500000	G#5	80	80	
425	87.314583	G#4	68	54	423	46.750000	G#4	68	80	
426	87.510417	G4	67	56	424	46.875000	G4	67	80	
427	87.768750	F4	65	49	425	47.000000	F4	65	80	
428	88.242708	G#5	80	67	426	47.250000	G#5	80	80	
429	88.266667	F4	65	41	427	47.250000	F4	65	80	
430	88.455208	Eb4	63	53	429	47.375000	Eb4	63	80	
431	88.472917	G5	79	66	428	47.375000	G5	79	80	
432	88.705208	C#4	61	48	431	47.500000	C#4	61	80	
433	88.713542	F5	77	65	430	47.500000	F5	77	80	
434	89.175000	F5	77	63	432	47.750000	F5	77	80	
435	89.189583	C#4	61	48	433	47.750000	C#4	61	80	
436	89.378125	Eb5	75	72	434	47.875000	Eb5	75	80	
437	89.396875	C4	60	50	435	47.875000	C4	60	80	
438	89.630208	C#5	73	67	436	48.000000	C#5	73	80	
439	89.634375	Bb3	58	45	437	48.000000	Bb3	58	80	
440	90.086458	Bb4	70	62	438	48.250000	Bb4	70	80	
441	90.095833	C4	60	44	439	48.250000	C4	60	80	
442	90.305208	G#4	68	63	440	48.375000	G#4	68	80	
443	90.314583	C#4	61	53	441	48.375000	C#4	61	80	
444	90.564583	G4	67	50	442	48.500000	G4	67	80	
445	90.581250	Eb4	63	39	443	48.500000	Eb4	63	80	
446	91.008333	Eb5	75	61	444	48.750000	Eb5	75	80	
447	91.030208	Eb3	51	38	445	48.750000	Eb3	51	80	
448	91.223958	C#5	73	61	446	48.875000	C#5	73	80	
449	91.487500	C5	72	62	447	49.000000	C5	72	80	
450	91.489583	G#3	56	47	448	49.000000	G#3	56	80	
451	91.928125	C5	72	65	449	49.250000	C5	72	80	
452	91.954167	Bb3	58	54	450	49.250000	Bb3	58	80	
453	92.142708	Bb4	70	75	451	49.375000	Bb4	70	80	
454	92.168750	C4	60	51	452	49.375000	C4	60	80	
455	92.423958	G#4	68	64	453	49.500000	G#4	68	80	
456	92.458333	C#4	61	51	454	49.500000	C#4	61	80	
457	92.921875	F4	65	51	455	49.750000	F4	65	80	
458	93.126042	E4	64	53	456	49.875000	E4	64	80	
459	93.378125	F4	65	52	457	50.000000	F4	65	80	
460	93.869792	Bb4	70	64	458	50.250000	Bb4	70	80	
461	93.873958	C#4	61	45	459	50.250000	C#4	61	80	
462	94.080208	C5	72	61	460	50.375000	C5	72	80	
463	94.083333	C4	60	44	461	50.375000	C4	60	80	
464	94.342708	C#5	73	60	462	50.500000	C#5	73	80	
465	94.350000	Bb3	58	43	463	50.500000	Bb3	58	80	
466	94.807292	G4	67	53	464	50.750000	G4	67	80	
467	94.808333	Bb3	58	48	465	50.750000	Bb3	58	80	
468	95.011458	G#3	56	57	467	50.875000	G#3	56	80	
469	95.013542	G#4	68	67	466	50.875000	G#4	68	80	
470	95.243750	Bb4	70	71	468	51.000000	Bb4	70	80	
471	95.246875	G3	55	51	469	51.000000	G3	55	80	
472	95.452083	C5	72	78	470	51.125000	C5	72	80	
473	95.668750	C#5	73	75	471	51.250000	C#5	73	80	
474	95.681250	G3	55	54	472	51.250000	G3	55	80	
475	95.870833	Bb4	70	76	473	51.375000	Bb4	70	80	
476	95.872917	F3	53	59	474	51.375000	F3	53	80	
477	96.100000	G5	79	77	475	51.500000	G5	79	80	
478	96.106250	E3	52	54	476	51.500000	E3	52	80	
479	96.308333	G#4	68	71	477	51.625000	G#4	68	80	
480	96.525000	Bb4	70	73	478	51.750000	Bb4	70	80	
481	96.531250	C3	48	57	479	51.750000	C3	48	80	
482	96.720833	G4	67	63	480	51.875000	G4	67	80	
483	96.946875	F3	53	61	482	52.000000	F3	53	80	
484	96.963542	G#4	68	71	481	52.000000	G#4	68	80	
485	97.167708	C5	72	79	483	52.125000	C5	72	80	
486	97.377083	C#5	73	76	484	52.250000	C#5	73	80	
487	97.379167	F4	65	56	485	52.250000	F4	65	80	
488	97.577083	Eb4	63	57	487	52.375000	Eb4	63	80	
489	97.579167	C5	72	70	486	52.375000	C5	72	80	
490	97.801042	Eb4	63	55	490	52.500000	Eb4	63	80	
491	97.827083	F5	77	71	488	52.500000	F5	77	80	
492	97.927083	C#4	61	55	489	52.500000	C#4	61	80	
493	98.032292	Eb4	63	64	497	52.687500	Eb4	63	80	
494	98.039583	G4	67	61	*	-1	*	-1	-1	
495	98.139583	C#4	61	63	499	52.750000	C#4	61	80	
496	98.225000	G#4	68	70	498	52.750000	G#4	68	80	
497	98.239583	Eb4	63	66	500	52.812500	Eb4	63	80	
498	98.345833	C#4	61	59	502	52.875000	C#4	61	80	
499	98.429167	F4	65	62	501	52.875000	F4	65	80	
500	98.447917	Eb4	63	54	*	-1	*	-1	-1	
501	98.533333	C#4	61	55	503	52.937500	Eb4	63	80	
502	98.657292	C5	72	65	504	53.000000	C5	72	80	
503	98.691667	C4	60	52	505	53.000000	C4	60	80	
504	99.086458	E5	76	69	506	53.250000	E5	76	80	
505	99.091667	C3	48	59	508	53.250000	C3	48	80	
506	99.105208	G4	67	51	507	53.250000	G4	67	80	
507	99.288542	F5	77	78	509	53.375000	F5	77	80	
508	99.294792	D3	50	67	510	53.375000	D3	50	80	
509	99.581250	C5	72	69	512	53.500000	C5	72	80	
510	99.590625	G5	79	79	511	53.500000	G5	79	80	
511	99.591667	E3	52	70	513	53.500000	E3	52	80	
512	99.593750	C3	48	68	514	53.500000	C3	48	80	
513	100.040625	Bb4	70	64	515	53.750000	Bb4	70	80	
514	100.065625	D3	50	59	516	53.750000	D3	50	80	
515	100.272917	E3	52	67	517	53.875000	E3	52	80	
516	100.481250	G#4	68	73	518	54.000000	G#4	68	80	
517	100.489583	C#3	49	78	520	54.000000	C#3	49	80	
518	100.489583	F3	53	72	519	54.000000	F3	53	80	
519	100.703125	E3	52	70	521	54.125000	E3	52	80	
520	100.920833	F5	77	77	522	54.250000	F5	77	80	
521	100.928125	F3	53	67	524	54.250000	F3	53	80	
522	100.936458	Bb4	70	67	523	54.250000	Bb4	70	80	
523	101.121875	G3	55	65	525	54.375000	G3	55	80	
524	101.339583	C5	72	79	526	54.500000	C5	72	80	
525	101.342708	C3	48	65	528	54.500000	C3	48	80	
526	101.352083	G#3	56	76	527	54.500000	G#3	56	80	
527	101.562500	C4	60	74	529	54.625000	C4	60	80	
528	101.789583	Eb5	75	79	530	54.750000	Eb5	75	80	
529	101.798958	D4	62	68	531	54.750000	D4	62	80	
530	101.983333	Eb4	63	75	532	54.875000	Eb4	63	80	
531	102.226042	B2	47	79	535	55.000000	B2	47	80	
532	102.228125	D5	74	74	533	55.000000	D5	74	80	
533	102.234375	F4	65	60	534	55.000000	F4	65	80	
534	102.433333	F3	53	74	536	55.125000	F3	53	80	
535	102.645833	Eb5	75	77	537	55.250000	Eb5	75	80	
536	102.647917	G3	55	71	538	55.250000	G3	55	80	
537	102.853125	G#3	56	69	540	55.375000	G#3	56	80	
538	102.854167	F5	77	77	539	55.375000	F5	77	80	
539	103.088542	Bb3	58	77	542	55.500000	Bb3	58	80	
540	103.091667	E3	52	74	543	55.500000	E3	52	80	
541	103.092708	G5	79	79	541	55.500000	G5	79	80	
542	103.307292	F5	77	74	544	55.625000	F5	77	80	
543	103.515625	E5	76	78	545	55.750000	E5	76	80	
544	103.526042	G4	67	64	546	55.750000	G4	67	80	
545	103.725000	D5	74	75	547	55.875000	D5	74	80	
546	103.939583	C5	72	76	548	56.000000	C5	72	80	
547	103.946875	G#4	68	69	549	56.000000	G#4	68	80	
548	103.958333	F3	53	74	550	56.000000	F3	53	80	
549	104.167708	G#3	56	74	551	56.125000	G#3	56	80	
550	104.372917	Bb3	58	72	552	56.250000	Bb3	58	80	
551	104.568750	C4	60	76	553	56.375000	C4	60	80	
552	104.837500	C#4	61	85	554	56.500000	C#4	61	80	
553	104.840625	Bb2	46	66	555	56.500000	Bb2	46	80	
554	105.080208	Bb4	70	68	556	56.625000	Bb4	70	80	
555	105.285417	G#4	68	68	558	56.750000	G#4	68	80	
556	105.506250	G4	67	68	559	56.875000	G4	67	80	
557	105.730208	C5	72	75	561	57.000000	C5	72	80	
558	105.731250	A2	45	71	562	57.000000	A2	45	80	
559	105.747917	F4	65	57	560	57.000000	F4	65	80	
560	105.942708	C4	60	70	563	57.125000	C4	60	80	
561	106.159375	D4	62	74	564	57.250000	D4	62	80	
562	106.361458	E4	64	78	565	57.375000	E4	64	80	
563	106.580208	G#2	44	67	567	57.500000	G#2	44	80	
564	106.595833	F4	65	71	566	57.500000	F4	65	80	
565	106.797917	F4	65	68	568	57.625000	F4	65	80	
566	107.013542	G4	67	73	569	57.750000	G4	67	80	
567	107.013542	C5	72	78	570	57.750000	C5	72	80	
568	107.218750	G#4	68	77	571	57.875000	G#4	68	80	
569	107.440625	G#2	44	53	*	-1	*	-1	-1	
570	107.451042	C#5	73	69	573	58.000000	C#5	73	80	
571	107.456250	Bb4	70	66	572	58.000000	Bb4	70	80	
572	107.564583	G2	43	60	574	58.000000	G2	43	80	
573	107.666667	G#2	44	72	*	-1	*	-1	-1	
574	107.757292	G2	43	60	*	-1	*	-1	-1	
575	107.859375	C5	72	80	575	58.250000	C5	72	80	
576	107.863542	E4	64	69	576	58.250000	E4	64	80	
577	107.868750	G#2	44	64	*	-1	*	-1	-1	
578	107.980208	G2	43	61	*	-1	*	-1	-1	
579	108.071875	Bb4	70	72	577	58.375000	Bb4	70	80	
580	108.076042	D4	62	70	578	58.375000	D4	62	80	
581	108.082292	G#2	44	65	*	-1	*	-1	-1	
582	108.202083	G2	43	59	*	-1	*	-1	-1	
583	108.313542	E4	64	70	580	58.500000	E4	64	80	
584	108.318750	C5	72	71	579	58.500000	C5	72	80	
585	108.319792	G#2	44	66	*	-1	*	-1	-1	
586	108.416667	G2	43	61	*	-1	*	-1	-1	
587	108.514583	G#2	44	65	*	-1	*	-1	-1	
588	108.608333	G2	43	64	*	-1	*	-1	-1	
589	108.727083	G#2	44	58	*	-1	*	-1	-1	
590	108.740625	G#4	68	66	581	58.750000	G#4	68	80	
591	108.816667	G2	43	53	*	-1	*	-1	-1	
592	108.898958	G#2	44	61	*	-1	*	-1	-1	
593	108.955208	G4	67	55	582	58.875000	G4	67	80	
594	109.007292	G2	43	49	*	-1	*	-1	-1	
595	109.214583	F2	41	45	*	-1	*	-1	-1	
596	109.246875	G#4	68	54	583	59.000000	G#4	68	80	
597	109.256250	F4	65	46	584	59.000000	F4	65	80	
598	109.705208	F3	53	54	586	59.250000	F3	53	80	
599	109.928125	G3	55	54	587	59.375000	G3	55	80	
600	110.155208	G#3	56	52	588	59.500000	G#3	56	80	
601	110.631250	G#3	56	50	590	59.750000	G#3	56	80	
602	110.642708	C4	60	50	589	59.750000	C4	60	80	
603	110.835417	C#4	61	62	591	59.875000	C#4	61	80	
604	110.858333	Bb3	58	50	592	59.875000	Bb3	58	80	
605	111.071875	Eb4	63	53	593	60.000000	Eb4	63	80	
606	111.080208	C4	60	58	594	60.000000	C4	60	80	
607	111.537500	Eb4	63	52	596	60.250000	Eb4	63	80	
608	111.538542	F#5	78	69	595	60.250000	F#5	78	80	
609	111.757292	F5	77	74	597	60.375000	F5	77	80	
610	111.765625	F4	65	62	598	60.375000	F4	65	80	
611	111.965625	Eb5	75	74	599	60.500000	Eb5	75	80	
612	111.988542	F#4	66	57	600	60.500000	F#4	66	80	
613	112.164583	C#5	73	69	601	60.625000	C#5	73	80	
614	112.187500	Bb3	58	55	602	60.625000	Bb3	58	80	
615	112.389583	C5	72	68	603	60.750000	C5	72	80	
616	112.394792	G#3	56	54	604	60.750000	G#3	56	80	
617	112.596875	Bb4	70	65	605	60.875000	Bb4	70	80	
618	112.612500	F#3	54	52	606	60.875000	F#3	54	80	
619	112.819792	G#4	68	63	607	61.000000	G#4	68	80	
620	112.828125	F3	53	44	608	61.000000	F3	53	80	
621	113.269792	Bb4	70	69	609	61.250000	Bb4	70	80	
622	113.282292	F4	65	52	610	61.250000	F4	65	80	
623	113.301042	C#3	49	47	611	61.250000	C#3	49	80	
624	113.472917	C5	72	67	612	61.375000	C5	72	80	
625	113.488542	Eb4	63	59	613	61.375000	Eb4	63	80	
626	113.501042	Eb3	51	47	614	61.375000	Eb3	51	80	
627	113.762500	C#5	73	62	615	61.500000	C#5	73	80	
628	113.776042	C#4	61	48	616	61.500000	C#4	61	80	
629	113.786458	F3	53	47	617	61.500000	F3	53	80	
630	114.217708	F3	53	43	619	61.750000	F3	53	80	
631	114.230208	G#3	56	52	618	61.750000	G#3	56	80	
632	114.441667	Bb3	58	61	620	61.875000	Bb3	58	80	
633	114.454167	G3	55	51	621	61.875000	G3	55	80	
634	114.685417	G#3	56	66	623	62.000000	G#3	56	80	
635	114.685417	C4	60	59	622	62.000000	C4	60	80	
636	115.139583	C4	60	52	625	62.250000	C4	60	80	
637	115.157292	Eb5	75	70	624	62.250000	Eb5	75	80	
638	115.357292	C#4	61	63	627	62.375000	C#4	61	80	
639	115.360417	C#5	73	70	626	62.375000	C#5	73	80	
640	115.583333	C5	72	74	628	62.500000	C5	72	80	
641	115.585417	Eb4	63	58	629	62.500000	Eb4	63	80	
642	115.787500	Bb4	70	67	630	62.625000	Bb4	70	80	
643	115.798958	F#3	54	54	631	62.625000	F#3	54	80	
644	115.979167	F3	53	50	633	62.750000	F3	53	80	
645	115.990625	G#4	68	67	632	62.750000	G#4	68	80	
646	116.197917	Eb3	51	49	635	62.875000	Eb3	51	80	
647	116.209375	F#4	66	61	634	62.875000	F#4	66	80	
648	116.464583	C#3	49	55	637	63.000000	C#3	49	80	
649	116.478125	F4	65	59	636	63.000000	F4	65	80	
650	116.915625	Bb2	46	48	640	63.250000	Bb2	46	80	
651	116.919792	G4	67	57	638	63.250000	G4	67	80	
652	116.943750	C#4	61	51	639	63.250000	C#4	61	80	
653	117.126042	C3	48	52	643	63.375000	C3	48	80	
654	117.126042	A4	69	70	641	63.375000	A4	69	80	
655	117.130208	C4	60	54	642	63.375000	C4	60	80	
656	117.372917	Bb4	70	72	644	63.500000	Bb4	70	80	
657	117.383333	C#3	49	59	646	63.500000	C#3	49	80	
658	117.388542	Bb3	58	55	645	63.500000	Bb3	58	80	
659	117.831250	F3	53	59	647	63.750000	F3	53	80	
660	117.833333	C#3	49	55	648	63.750000	C#3	49	80	
661	118.033333	G3	55	63	649	63.875000	G3	55	80	
662	118.039583	Eb3	51	51	650	63.875000	Eb3	51	80	
663	118.260417	G#3	56	66	651	64.000000	G#3	56	80	
664	118.277083	F3	53	62	652	64.000000	F3	53	80	
665	118.748958	C5	72	66	653	64.250000	C5	72	80	
666	118.772917	G#3	56	61	654	64.250000	G#3	56	80	
667	118.955208	Bb3	58	56	656	64.375000	Bb3	58	80	
668	118.956250	Bb4	70	70	655	64.375000	Bb4	70	80	
669	119.161458	G#4	68	70	657	64.500000	G#4	68	80	
670	119.189583	C4	60	55	658	64.500000	C4	60	80	
671	119.376042	G4	67	59	659	64.625000	G4	67	80	
672	119.382292	Eb3	51	54	660	64.625000	Eb3	51	80	
673	119.602083	C#3	49	55	662	64.750000	C#3	49	80	
674	119.602083	F4	65	59	661	64.750000	F4	65	80	
675	119.797917	C3	48	50	664	64.875000	C3	48	80	
676	119.808333	Eb4	63	64	663	64.875000	Eb4	63	80	
677	120.018750	Bb2	46	48	666	65.000000	Bb2	46	80	
678	120.046875	C#4	61	64	665	65.000000	C#4	61	80	
679	120.257292	C3	48	49	667	65.125000	C3	48	80	
680	120.479167	C#3	49	61	669	65.250000	C#3	49	80	
681	120.483333	Bb3	58	59	668	65.250000	Bb3	58	80	
682	120.662500	C3	48	52	671	65.375000	C3	48	80	
683	120.667708	C4	60	67	670	65.375000	C4	60	80	
684	120.893750	C#4	61	64	672	65.500000	C#4	61	80	
685	120.894792	Bb2	46	54	673	65.500000	Bb2	46	80	
686	121.107292	G#2	44	56	675	65.625000	G#2	44	80	
687	121.107292	F4	65	62	674	65.625000	F4	65	80	
688	121.317708	Bb4	70	71	676	65.750000	Bb4	70	80	
689	121.328125	G2	43	51	677	65.750000	G2	43	80	
690	121.518750	G#4	68	66	678	65.875000	G#4	68	80	
691	121.536458	F2	41	47	679	65.875000	F2	41	80	
692	121.798958	G4	67	62	680	66.000000	G4	67	80	
693	121.812500	Eb2	39	44	681	66.000000	Eb2	39	80	
694	122.277083	Eb4	63	66	682	66.250000	Eb4	63	80	
695	122.298958	Bb2	46	43	683	66.250000	Bb2	46	80	
696	122.469792	C#4	61	74	684	66.375000	C#4	61	80	
697	122.728125	G#4	68	73	685	66.500000	G#4	68	80	
698	122.735417	C4	60	52	687	66.500000	C4	60	80	
699	122.737500	Eb4	63	48	686	66.500000	Eb4	63	80	
700	122.745833	C3	48	38	688	66.500000	C3	48	80	
701	123.190625	C#4	61	56	689	66.750000	C#4	61	80	
702	123.193750	G#2	44	47	690	66.750000	G#2	44	80	
703	123.395833	C4	60	55	691	66.875000	C4	60	80	
704	123.623958	F4	65	61	692	67.000000	F4	65	80	
705	123.630208	Bb3	58	47	693	67.000000	Bb3	58	80	
706	123.645833	C#3	49	45	694	67.000000	C#3	49	80	
707	123.833333	G4	67	67	695	67.125000	G4	67	80	
708	124.032292	G#4	68	76	696	67.250000	G#4	68	80	
709	124.057292	Bb2	46	47	697	67.250000	Bb2	46	80	
710	124.241667	Bb4	70	76	698	67.375000	Bb4	70	80	
711	124.492708	C5	72	73	699	67.500000	C5	72	80	
712	124.502083	Eb3	51	46	701	67.500000	Eb3	51	80	
713	124.516667	Eb4	63	47	700	67.500000	Eb4	63	80	
714	124.951042	G#3	56	56	702	67.750000	G#3	56	80	
715	124.959375	C3	48	46	703	67.750000	C3	48	80	
716	125.147917	G3	55	59	704	67.875000	G3	55	80	
717	125.354167	F3	53	49	707	68.000000	F3	53	80	
718	125.370833	G#3	56	53	706	68.000000	G#3	56	80	
719	125.370833	D4	62	64	705	68.000000	D4	62	80	
720	125.576042	G#4	68	73	708	68.125000	G#4	68	80	
721	125.788542	Bb4	70	78	709	68.250000	Bb4	70	80	
722	125.797917	Bb2	46	46	711	68.250000	Bb2	46	80	
723	125.797917	G3	55	50	710	68.250000	G3	55	80	
724	125.979167	C5	72	81	712	68.375000	C5	72	80	
725	125.994792	G#3	56	57	713	68.375000	G#3	56	80	
726	126.211458	C#5	73	80	714	68.500000	C#5	73	80	
727	126.221875	G4	67	62	715	68.500000	G4	67	80	
728	126.229167	Bb3	58	49	716	68.500000	Bb3	58	80	
729	126.423958	G#3	56	65	717	68.625000	G#3	56	80	
730	126.654167	Eb3	51	55	719	68.750000	Eb3	51	80	
731	126.658333	G3	55	49	718	68.750000	G3	55	80	
732	126.861458	C#3	49	61	721	68.875000	C#3	49	80	
733	126.880208	F3	53	56	720	68.875000	F3	53	80	
734	127.079167	G#4	68	77	722	69.000000	G#4	68	80	
735	127.087500	Eb3	51	56	723	69.000000	Eb3	51	80	
736	127.092708	C3	48	55	724	69.000000	C3	48	80	
737	127.287500	C5	72	87	725	69.125000	C5	72	80	
738	127.501042	C#5	73	85	726	69.250000	C#5	73	80	
739	127.512500	G#3	56	68	727	69.250000	G#3	56	80	
740	127.515625	F3	53	65	728	69.250000	F3	53	80	
741	127.683333	Eb5	75	85	729	69.375000	Eb5	75	80	
742	127.919792	F5	77	87	730	69.500000	F5	77	80	
743	127.943750	C#4	61	68	731	69.500000	C#4	61	80	
744	128.135417	Eb3	51	58	733	69.625000	Eb3	51	80	
745	128.145833	G3	55	62	732	69.625000	G3	55	80	
746	128.329167	G#3	56	71	734	69.750000	G#3	56	80	
747	128.343750	F3	53	68	735	69.750000	F3	53	80	
748	128.538542	Bb3	58	74	736	69.875000	Bb3	58	80	
749	128.556250	G3	55	61	737	69.875000	G3	55	80	
750	128.764583	C4	60	68	738	70.000000	C4	60	80	
751	128.771875	G#3	56	75	740	70.000000	G#3	56	80	
752	128.965625	Eb5	75	86	741	70.125000	Eb5	75	80	
753	128.990625	G3	55	64	742	70.125000	G3	55	80	
754	129.185417	F3	53	65	744	70.250000	F3	53	80	
755	129.188542	F5	77	90	743	70.250000	F5	77	80	
756	129.395833	Eb3	51	63	746	70.375000	Eb3	51	80	
757	129.397917	G5	79	95	745	70.375000	G5	79	80	
758	129.651042	G#5	80	95	747	70.500000	G#5	80	80	
759	129.659375	D3	50	70	749	70.500000	D3	50	80	
760	129.661458	B3	59	70	748	70.500000	B3	59	80	
761	129.875000	F3	53	72	750	70.625000	F3	53	80	
762	130.105208	G3	55	72	751	70.750000	G3	55	80	
763	130.316667	G#3	56	81	752	70.875000	G#3	56	80	
764	130.550000	Bb3	58	76	753	71.000000	Bb3	58	80	
765	130.551042	Eb3	51	73	754	71.000000	Eb3	51	80	
766	131.005208	G5	79	89	756	71.250000	G5	79	80	
767	131.008333	D3	50	63	757	71.250000	D3	50	80	
768	131.226042	F5	77	87	758	71.375000	F5	77	80	
769	131.498958	G5	79	89	759	71.500000	G5	79	80	
770	131.517708	E3	52	59	760	71.500000	E3	52	80	
771	131.746875	G3	55	58	761	71.625000	G3	55	80	
772	131.967708	F3	53	61	762	71.750000	F3	53	80	
773	131.981250	C3	48	51	763	71.750000	C3	48	80	
774	132.179167	E3	52	65	764	71.875000	E3	52	80	
775	132.452083	F3	53	45	766	72.000000	F3	53	80	
776	132.456250	G#3	56	62	765	72.000000	G#3	56	80	
777	132.689583	C5	72	61	768	72.125000	C5	72	80	
778	132.903125	F3	53	48	770	72.250000	F3	53	80	
779	132.907292	D5	74	59	769	72.250000	D5	74	80	
780	133.105208	Eb3	51	51	772	72.375000	Eb3	51	80	
781	133.121875	Eb5	75	67	771	72.375000	Eb5	75	80	
782	133.339583	F5	77	61	773	72.500000	F5	77	80	
783	133.357292	D3	50	49	774	72.500000	D3	50	80	
784	133.562500	B4	71	58	775	72.625000	B4	71	80	
785	133.745833	D3	50	47	777	72.750000	D3	50	80	
786	133.766667	C5	72	63	776	72.750000	C5	72	80	
787	133.968750	C3	48	50	779	72.875000	C3	48	80	
788	133.972917	D5	74	59	778	72.875000	D5	74	80	
789	134.188542	B2	47	42	781	73.000000	B2	47	80	
790	134.212500	G4	67	51	780	73.000000	G4	67	80	
791	134.407292	G2	43	51	782	73.125000	G2	43	80	
792	134.634375	A2	45	50	784	73.250000	A2	45	80	
793	134.639583	Eb5	75	64	783	73.250000	Eb5	75	80	
794	134.836458	D5	74	69	785	73.375000	D5	74	80	
795	134.850000	B2	47	55	786	73.375000	B2	47	80	
796	135.069792	Eb5	75	69	787	73.500000	Eb5	75	80	
797	135.080208	C3	48	53	788	73.500000	C3	48	80	
798	135.289583	G#2	44	51	789	73.625000	G#2	44	80	
799	135.508333	Bb2	46	56	791	73.750000	Bb2	46	80	
800	135.510417	F#4	66	55	790	73.750000	F#4	66	80	
801	135.714583	C3	48	53	792	73.875000	C3	48	80	
802	135.956250	C#3	49	52	794	74.000000	C#3	49	80	
803	135.958333	F4	65	51	793	74.000000	F4	65	80	
804	136.158333	G#4	68	64	795	74.125000	G#4	68	80	
805	136.371875	Bb4	70	67	796	74.250000	Bb4	70	80	
806	136.379167	C#3	49	53	797	74.250000	C#3	49	80	
807	136.580208	C3	48	40	799	74.375000	C3	48	80	
808	136.587500	C5	72	67	798	74.375000	C5	72	80	
809	136.801042	Bb2	46	43	801	74.500000	Bb2	46	80	
810	136.820833	C#5	73	66	800	74.500000	C#5	73	80	
811	137.034375	G4	67	58	802	74.625000	G4	67	80	
812	137.239583	Bb2	46	48	804	74.750000	Bb2	46	80	
813	137.239583	G#4	68	62	803	74.750000	G#4	68	80	
814	137.442708	Bb4	70	63	805	74.875000	Bb4	70	80	
815	137.455208	G#2	44	50	806	74.875000	G#2	44	80	
816	137.671875	Eb4	63	59	807	75.000000	Eb4	63	80	
817	137.690625	G2	43	46	808	75.000000	G2	43	80	
818	137.883333	Eb2	39	53	809	75.125000	Eb2	39	80	
819	138.102083	C5	72	66	810	75.250000	C5	72	80	
820	138.112500	F2	41	55	811	75.250000	F2	41	80	
821	138.303125	Bb4	70	73	812	75.375000	Bb4	70	80	
822	138.320833	G2	43	52	813	75.375000	G2	43	80	
823	138.534375	C5	72	71	814	75.500000	C5	72	80	
824	138.540625	G#2	44	51	815	75.500000	G#2	44	80	
825	138.739583	F#4	66	67	816	75.625000	F#4	66	80	
826	138.742708	F2	41	53	817	75.625000	F2	41	80	
827	138.943750	G2	43	52	819	75.750000	G2	43	80	
828	138.950000	F4	65	68	818	75.750000	F4	65	80	
829	139.142708	A2	45	55	821	75.875000	A2	45	80	
830	139.154167	Eb4	63	69	820	75.875000	Eb4	63	80	
831	139.387500	Bb2	46	55	823	76.000000	Bb2	46	80	
832	139.395833	C#4	61	68	822	76.000000	C#4	61	80	
833	139.585417	A2	45	60	824	76.125000	A2	45	80	
834	139.832292	F4	65	65	825	76.250000	F4	65	80	
835	139.857292	Bb2	46	55	826	76.250000	Bb2	46	80	
836	140.046875	C3	48	54	827	76.375000	C3	48	80	
837	140.267708	Bb4	70	72	828	76.500000	Bb4	70	80	
838	140.272917	C#3	49	49	829	76.500000	C#3	49	80	
839	140.468750	Bb2	46	48	830	76.625000	Bb2	46	80	
840	140.686458	C3	48	42	832	76.750000	C3	48	80	
841	140.703125	G#4	68	61	831	76.750000	G#4	68	80	
842	140.904167	C#3	49	51	833	76.875000	C#3	49	80	
843	141.185417	Eb3	51	40	835	77.000000	Eb3	51	80	
844	141.193750	G4	67	52	834	77.000000	G4	67	80	
845	141.437500	Bb3	58	50	836	77.125000	Bb3	58	80	
846	141.623958	Eb3	51	40	838	77.250000	Eb3	51	80	
847	141.636458	C4	60	51	837	77.250000	C4	60	80	
848	141.831250	C#4	61	58	839	77.375000	C#4	61	80	
849	141.832292	C#3	49	50	840	77.375000	C#3	49	80	
850	142.070833	C3	48	41	842	77.500000	C3	48	80	
851	142.076042	Eb4	63	57	841	77.500000	Eb4	63	80	
852	142.276042	G4	67	54	843	77.625000	G4	67	80	
853	142.491667	G#4	68	62	844	77.750000	G#4	68	80	
854	142.495833	C3	48	48	845	77.750000	C3	48	80	
855	142.686458	Bb4	70	67	846	77.875000	Bb4	70	80	
856	142.695833	Bb2	46	48	847	77.875000	Bb2	46	80	
857	142.903125	G#2	44	54	849	78.000000	G#2	44	80	
858	142.916667	C5	72	70	848	78.000000	C5	72	80	
859	143.130208	Eb4	63	69	850	78.125000	Eb4	63	80	
860	143.345833	F4	65	67	851	78.250000	F4	65	80	
861	143.358333	G#3	56	63	852	78.250000	G#3	56	80	
862	143.541667	G4	67	73	853	78.375000	G4	67	80	
863	143.545833	G3	55	66	854	78.375000	G3	55	80	
864	143.779167	G#4	68	80	855	78.500000	G#4	68	80	
865	143.781250	F3	53	65	856	78.500000	F3	53	80	
866	143.981250	C5	72	81	857	78.625000	C5	72	80	
867	144.188542	D5	74	84	858	78.750000	D5	74	80	
868	144.196875	F3	53	74	859	78.750000	F3	53	80	
869	144.394792	Eb5	75	86	860	78.875000	Eb5	75	80	
870	144.406250	Eb3	51	71	861	78.875000	Eb3	51	80	
871	144.658333	F5	77	88	862	79.000000	F5	77	80	
872	144.669792	D3	50	74	863	79.000000	D3	50	80	
873	144.910417	C5	72	77	864	79.125000	C5	72	80	
874	145.109375	Bb4	70	77	865	79.250000	Bb4	70	80	
875	145.311458	G#4	68	77	866	79.375000	G#4	68	80	
876	145.538542	G4	67	75	867	79.500000	G4	67	80	
877	145.547917	Eb3	51	67	869	79.500000	Eb3	51	80	
878	145.556250	Bb3	58	68	868	79.500000	Bb3	58	80	
879	145.748958	Bb4	70	75	870	79.625000	Bb4	70	80	
880	145.955208	Eb5	75	81	871	79.750000	Eb5	75	80	
881	145.975000	G3	55	56	872	79.750000	G3	55	80	
882	146.148958	G4	67	69	873	79.875000	G4	67	80	
883	146.375000	F4	65	74	874	80.000000	F4	65	80	
884	146.379167	G#3	56	65	876	80.000000	G#3	56	80	
885	146.387500	C4	60	66	875	80.000000	C4	60	80	
886	146.588542	Eb5	75	78	877	80.125000	Eb5	75	80	
887	146.791667	D5	74	67	878	80.250000	D5	74	80	
888	146.809375	F3	53	58	879	80.250000	F3	53	80	
889	146.994792	C5	72	77	880	80.375000	C5	72	80	
890	147.237500	Bb3	58	64	882	80.500000	Bb3	58	80	
891	147.241667	D5	74	75	881	80.500000	D5	74	80	
892	147.450000	Eb5	75	73	884	80.625000	Eb5	75	80	
893	147.663542	Bb2	46	57	886	80.750000	Bb2	46	80	
894	147.664583	C5	72	68	885	80.750000	C5	72	80	
895	147.883333	D5	74	69	887	80.875000	D5	74	80	
896	148.109375	C4	60	59	889	81.000000	C4	60	80	
897	148.109375	Eb5	75	70	888	81.000000	Eb5	75	80	
898	148.115625	C3	48	43	891	81.000000	C3	48	80	
899	148.122917	A3	57	58	890	81.000000	A3	57	80	
900	148.319792	C5	72	74	892	81.125000	C5	72	80	
901	148.530208	C4	60	58	894	81.250000	C4	60	80	
902	148.533333	D5	74	76	893	81.250000	D5	74	80	
903	148.723958	Eb5	75	88	895	81.375000	Eb5	75	80	
904	148.731250	Bb3	58	69	896	81.375000	Bb3	58	80	
905	148.958333	G#3	56	64	899	81.500000	G#3	56	80	
906	148.959375	F5	77	86	897	81.500000	F5	77	80	
907	148.973958	D4	62	70	898	81.500000	D4	62	80	
908	149.164583	Eb5	75	82	900	81.625000	Eb5	75	80	
909	149.377083	D5	74	77	901	81.750000	D5	74	80	
910	149.390625	Bb3	58	60	902	81.750000	Bb3	58	80	
911	149.582292	C5	72	76	903	81.875000	C5	72	80	
912	149.597917	G#3	56	64	904	81.875000	G#3	56	80	
913	149.807292	Bb4	70	75	905	82.000000	Bb4	70	80	
914	149.812500	Eb4	63	70	906	82.000000	Eb4	63	80	
915	149.814583	G3	55	60	907	82.000000	G3	55	80	
916	150.015625	C4	60	70	908	82.125000	C4	60	80	
917	150.222917	Bb2	46	55	910	82.250000	Bb2	46	80	
918	150.237500	D4	62	66	909	82.250000	D4	62	80	
919	150.428125	C3	48	57	912	82.375000	C3	48	80	
920	150.450000	Eb4	63	59	911	82.375000	Eb4	63	80	
921	150.663542	F4	65	58	913	82.500000	F4	65	80	
922	150.670833	D3	50	55	915	82.500000	D3	50	80	
923	150.675000	G#3	56	55	914	82.500000	G#3	56	80	
924	150.876042	Eb4	63	69	916	82.625000	Eb4	63	80	
925	151.084375	D4	62	64	917	82.750000	D4	62	80	
926	151.095833	C3	48	48	918	82.750000	C3	48	80	
927	151.278125	D3	50	55	920	82.875000	D3	50	80	
928	151.284375	C4	60	65	919	82.875000	C4	60	80	
929	151.492708	Bb3	58	66	921	83.000000	Bb3	58	80	
930	151.497917	Eb3	51	55	923	83.000000	Eb3	51	80	
931	151.507292	G3	55	51	922	83.000000	G3	55	80	
932	151.707292	G#4	68	73	924	83.125000	G#4	68	80	
933	151.925000	Eb3	51	65	926	83.250000	Eb3	51	80	
934	151.933333	G4	67	72	925	83.250000	G4	67	80	
935	152.128125	D3	50	68	928	83.375000	D3	50	80	
936	152.130208	F4	65	77	927	83.375000	F4	65	80	
937	152.378125	Eb4	63	77	929	83.500000	Eb4	63	80	
938	152.396875	F#3	54	59	930	83.500000	F#3	54	80	
939	152.400000	C3	48	53	931	83.500000	C3	48	80	
940	152.441667	Bb3	58	3	*	-1	*	-1	-1	
941	152.803125	A3	57	63	932	83.750000	A3	57	80	
942	152.816667	C3	48	53	933	83.750000	C3	48	80	
943	153.006250	Bb2	46	52	935	83.875000	Bb2	46	80	
944	153.011458	Bb3	58	63	934	83.875000	Bb3	58	80	
945	153.277083	A2	45	49	938	84.000000	A2	45	80	
946	153.277083	F3	53	53	937	84.000000	F3	53	80	
947	153.278125	C4	60	62	936	84.000000	C4	60	80	
948	153.470833	Eb4	63	70	939	84.125000	Eb4	63	80	
949	153.696875	F4	65	72	940	84.250000	F4	65	80	
950	153.880208	Eb4	63	73	941	84.375000	Eb4	63	80	
951	154.094792	Bb2	46	47	944	84.500000	Bb2	46	80	
952	154.111458	Bb3	58	45	943	84.500000	Bb3	58	80	
953	154.119792	D4	62	68	942	84.500000	D4	62	80	
954	154.321875	C5	72	67	945	84.625000	C5	72	80	
955	154.544792	Bb4	70	62	946	84.750000	Bb4	70	80	
956	154.760417	G#4	68	59	947	84.875000	G#4	68	80	
957	155.007292	G4	67	53	948	85.000000	G4	67	80	
958	155.025000	Eb3	51	33	949	85.000000	Eb3	51	80	
959	155.466667	Bb4	70	68	951	85.250000	Bb4	70	80	
960	155.503125	Eb4	63	37	952	85.250000	Eb4	63	80	
961	155.684375	F4	65	59	953	85.375000	F4	65	80	
962	155.973958	Eb5	75	68	954	85.500000	Eb5	75	80	
963	156.005208	G4	67	31	955	85.500000	G4	67	80	
964	156.410417	G4	67	44	956	85.750000	G4	67	80	
965	156.426042	Eb3	51	41	957	85.750000	Eb3	51	80	
966	156.631250	G#4	68	55	958	85.875000	G#4	68	80	
967	156.633333	F3	53	41	959	85.875000	F3	53	80	
968	156.842708	Bb4	70	58	960	86.000000	Bb4	70	80	
969	156.862500	G3	55	40	961	86.000000	G3	55	80	
970	157.047917	G5	79	74	962	86.125000	G5	79	80	
971	157.253125	G3	55	41	965	86.250000	G3	55	80	
972	157.254167	F5	77	77	963	86.250000	F5	77	80	
973	157.269792	Bb3	58	48	964	86.250000	Bb3	58	80	
974	157.445833	Eb5	75	81	966	86.375000	Eb5	75	80	
975	157.455208	G#3	56	50	968	86.375000	G#3	56	80	
976	157.479167	C4	60	55	967	86.375000	C4	60	80	
977	157.672917	D5	74	84	969	86.500000	D5	74	80	
978	157.693750	Bb3	58	55	971	86.500000	Bb3	58	80	
979	157.708333	D4	62	52	970	86.500000	D4	62	80	
980	157.892708	C4	60	58	973	86.625000	C4	60	80	
981	157.904167	G#4	68	71	972	86.625000	G#4	68	80	
982	158.106250	Bb3	58	56	975	86.750000	Bb3	58	80	
983	158.112500	G4	67	67	974	86.750000	G4	67	80	
984	158.122917	Bb2	46	51	976	86.750000	Bb2	46	80	
985	158.311458	F4	65	63	977	86.875000	F4	65	80	
986	158.330208	G#3	56	60	978	86.875000	G#3	56	80	
987	158.552083	Eb4	63	63	979	87.000000	Eb4	63	80	
988	158.565625	G3	55	53	980	87.000000	G3	55	80	
989	158.570833	C3	48	46	981	87.000000	C3	48	80	
990	158.754167	D4	62	62	982	87.125000	D4	62	80	
991	158.969792	G4	67	65	983	87.250000	G4	67	80	
992	158.985417	C4	60	56	984	87.250000	C4	60	80	
993	159.179167	D4	62	57	985	87.375000	D4	62	80	
994	159.448958	C5	72	64	986	87.500000	C5	72	80	
995	159.482292	Eb4	63	43	987	87.500000	Eb4	63	80	
996	159.896875	Eb4	63	57	988	87.750000	Eb4	63	80	
997	159.906250	C3	48	44	989	87.750000	C3	48	80	
998	160.096875	D3	50	46	991	87.875000	D3	50	80	
999	160.104167	F4	65	57	990	87.875000	F4	65	80	
1000	160.312500	G4	67	59	992	88.000000	G4	67	80	
1001	160.317708	Eb3	51	47	993	88.000000	Eb3	51	80	
1002	160.519792	Eb5	75	71	994	88.125000	Eb5	75	80	
1003	160.735417	Eb3	51	50	997	88.250000	Eb3	51	80	
1004	160.751042	G3	55	46	996	88.250000	G3	55	80	
1005	160.755208	D5	74	63	995	88.250000	D5	74	80	
1006	160.946875	C5	72	81	998	88.375000	C5	72	80	
1007	160.954167	G#3	56	65	999	88.375000	G#3	56	80	
1008	160.968750	F3	53	50	1000	88.375000	F3	53	80	
1009	161.158333	Bb4	70	80	1001	88.500000	Bb4	70	80	
1010	161.159375	G3	55	53	1003	88.500000	G3	55	80	
1011	161.159375	Bb3	58	66	1002	88.500000	Bb3	58	80	
1012	161.366667	G#3	56	70	1005	88.625000	G#3	56	80	
1013	161.366667	F4	65	66	1004	88.625000	F4	65	80	
1014	161.589583	Eb4	63	72	1006	88.750000	Eb4	63	80	
1015	161.595833	G2	43	62	1008	88.750000	G2	43	80	
1016	161.603125	G3	55	53	1007	88.750000	G3	55	80	
1017	161.794792	C#4	61	74	1009	88.875000	C#4	61	80	
1018	161.834375	F3	53	44	1010	88.875000	F3	53	80	
1019	162.040625	C4	60	67	1011	89.000000	C4	60	80	
1020	162.050000	G#2	44	52	1013	89.000000	G#2	44	80	
1021	162.065625	Eb3	51	46	1012	89.000000	Eb3	51	80	
1022	162.266667	Bb3	58	66	1014	89.125000	Bb3	58	80	
1023	162.469792	Eb4	63	73	1015	89.250000	Eb4	63	80	
1024	162.493750	G#3	56	55	1016	89.250000	G#3	56	80	
1025	162.693750	Bb3	58	58	1017	89.375000	Bb3	58	80	
1026	162.915625	G#4	68	68	1018	89.500000	G#4	68	80	
1027	162.952083	C4	60	40	1019	89.500000	C4	60	80	
1028	163.368750	G#2	44	57	1021	89.750000	G#2	44	80	
1029	163.380208	C4	60	58	1020	89.750000	C4	60	80	
1030	163.566667	D4	62	59	1022	89.875000	D4	62	80	
1031	163.571875	Bb2	46	51	1023	89.875000	Bb2	46	80	
1032	163.793750	Eb4	63	64	1024	90.000000	Eb4	63	80	
1033	163.800000	C3	48	52	1025	90.000000	C3	48	80	
1034	163.998958	C5	72	66	1026	90.125000	C5	72	80	
1035	164.215625	Bb4	70	64	1027	90.250000	Bb4	70	80	
1036	164.218750	C3	48	46	1029	90.250000	C3	48	80	
1037	164.218750	Eb3	51	50	1028	90.250000	Eb3	51	80	
1038	164.416667	D3	50	57	1032	90.375000	D3	50	80	
1039	164.416667	G#4	68	73	1030	90.375000	G#4	68	80	
1040	164.430208	F3	53	60	1031	90.375000	F3	53	80	
1041	164.636458	Eb3	51	48	1035	90.500000	Eb3	51	80	
1042	164.650000	G4	67	68	1033	90.500000	G4	67	80	
1043	164.653125	G3	55	54	1034	90.500000	G3	55	80	
1044	164.836458	F3	53	60	1037	90.625000	F3	53	80	
1045	164.861458	D4	62	62	1036	90.625000	D4	62	80	
1046	165.068750	Eb3	51	55	1039	90.750000	Eb3	51	80	
1047	165.068750	C4	60	69	1038	90.750000	C4	60	80	
1048	165.086458	Eb2	39	52	1040	90.750000	Eb2	39	80	
1049	165.271875	D3	50	57	1042	90.875000	D3	50	80	
1050	165.279167	Bb3	58	66	1041	90.875000	Bb3	58	80	
1051	165.487500	F2	41	59	1044	91.000000	F2	41	80	
1052	165.505208	C3	48	61	1045	91.000000	C3	48	80	
1053	165.505208	G#3	56	66	1043	91.000000	G#3	56	80	
1054	165.716667	F4	65	71	1046	91.125000	F4	65	80	
1055	165.925000	D3	50	78	1048	91.250000	D3	50	80	
1056	165.930208	G#4	68	80	1047	91.250000	G#4	68	80	
1057	165.938542	B2	47	67	1050	91.250000	B2	47	80	
1058	165.940625	G2	43	64	1049	91.250000	G2	43	80	
1059	166.135417	Eb3	51	71	1052	91.375000	Eb3	51	80	
1060	166.136458	G4	67	83	1051	91.375000	G4	67	80	
1061	166.351042	F3	53	84	1054	91.500000	F3	53	80	
1062	166.354167	F4	65	82	1053	91.500000	F4	65	80	
1063	166.360417	C3	48	63	1056	91.500000	C3	48	80	
1064	166.361458	G#2	44	74	1055	91.500000	G#2	44	80	
1065	166.553125	Eb4	63	89	1057	91.625000	Eb4	63	80	
1066	166.768750	A2	45	73	1060	91.750000	A2	45	80	
1067	166.769792	F#3	54	87	1059	91.750000	F#3	54	80	
1068	166.771875	D4	62	82	1058	91.750000	D4	62	80	
1069	166.990625	C4	60	91	1061	91.875000	C4	60	80	
1070	167.325000	B3	59	90	1062	92.000000	B3	59	80	
1071	167.333333	G2	43	73	1064	92.000000	G2	43	80	
1072	167.333333	D3	50	71	1065	92.000000	D3	50	80	
1073	167.336458	G3	55	75	1063	92.000000	G3	55	80	
1074	167.891667	G3	55	60	1066	92.250000	G3	55	80	
1075	168.110417	A3	57	64	1067	92.375000	A3	57	80	
1076	168.343750	G5	79	92	1068	92.500000	G5	79	80	
1077	168.375000	B3	59	61	1069	92.500000	B3	59	80	
1078	168.818750	A3	57	59	1070	92.750000	A3	57	80	
1079	169.030208	B3	59	69	1071	92.875000	B3	59	80	
1080	169.246875	G#5	80	88	1072	93.000000	G#5	80	80	
1081	169.259375	C4	60	58	1073	93.000000	C4	60	80	
1082	169.460417	B3	59	61	1074	93.125000	B3	59	80	
1083	169.686458	C5	72	60	1075	93.250000	C5	72	80	
1084	169.687500	C4	60	52	1076	93.250000	C4	60	80	
1085	169.893750	D4	62	55	1077	93.375000	D4	62	80	
1086	170.142708	G5	79	83	1078	93.500000	G5	79	80	
1087	170.151042	Eb4	63	53	1079	93.500000	Eb4	63	80	
1088	170.607292	Bb4	70	64	1080	93.750000	Bb4	70	80	
1089	171.062500	F#5	78	74	1081	94.000000	F#5	78	80	
1090	171.086458	A4	69	49	1082	94.000000	A4	69	80	
1091	171.280208	C4	60	51	1083	94.125000	C4	60	80	
1092	171.478125	Bb4	70	74	1084	94.250000	Bb4	70	80	
1093	171.488542	D4	62	55	1085	94.250000	D4	62	80	
1094	171.680208	C5	72	73	1086	94.375000	C5	72	80	
1095	171.690625	Eb4	63	60	1087	94.375000	Eb4	63	80	
1096	171.914583	B5	83	87	1088	94.500000	B5	83	80	
1097	171.919792	F4	65	46	1090	94.500000	F4	65	80	
1098	171.931250	D5	74	62	1089	94.500000	D5	74	80	
1099	172.126042	C5	72	67	1091	94.625000	C5	72	80	
1100	172.343750	B4	71	63	1092	94.750000	B4	71	80	
1101	172.538542	A4	69	72	1093	94.875000	A4	69	80	
1102	172.771875	C6	84	94	1094	95.000000	C6	84	80	
1103	172.805208	G4	67	52	1095	95.000000	G4	67	80	
1104	172.982292	Eb4	63	59	1096	95.125000	Eb4	63	80	
1105	173.217708	F4	65	61	1097	95.250000	F4	65	80	
1106	173.413542	G4	67	69	1098	95.375000	G4	67	80	
1107	173.630208	F5	77	86	1099	95.500000	F5	77	80	
1108	173.637500	G#4	68	60	1100	95.500000	G#4	68	80	
1109	173.833333	G3	55	51	1101	95.625000	G3	55	80	
1110	174.065625	G#3	56	62	1102	95.750000	G#3	56	80	
1111	174.272917	Bb3	58	62	1103	95.875000	Bb3	58	80	
1112	174.492708	E5	76	76	1104	96.000000	E5	76	80	
1113	174.513542	C4	60	52	1105	96.000000	C4	60	80	
1114	174.715625	G4	67	49	1106	96.125000	G4	67	80	
1115	174.935417	A4	69	58	1107	96.250000	A4	69	80	
1116	175.134375	B4	71	66	1108	96.375000	B4	71	80	
1117	175.360417	Eb5	75	75	1109	96.500000	Eb5	75	80	
1118	175.366667	C5	72	66	1110	96.500000	C5	72	80	
1119	175.563542	C4	60	43	1111	96.625000	C4	60	80	
1120	175.786458	D4	62	54	1112	96.750000	D4	62	80	
1121	175.996875	Eb4	63	58	1113	96.875000	Eb4	63	80	
1122	176.209375	D5	74	68	1114	97.000000	D5	74	80	
1123	176.216667	F4	65	45	1115	97.000000	F4	65	80	
1124	176.423958	D4	62	50	1116	97.125000	D4	62	80	
1125	176.632292	Eb4	63	47	1118	97.250000	Eb4	63	80	
1126	176.632292	B4	71	60	1117	97.250000	B4	71	80	
1127	176.827083	F4	65	52	1120	97.375000	F4	65	80	
1128	176.833333	A4	69	65	1119	97.375000	A4	69	80	
1129	177.040625	B4	71	70	1121	97.500000	B4	71	80	
1130	177.052083	G4	67	54	1122	97.500000	G4	67	80	
1131	177.253125	C5	72	77	1123	97.625000	C5	72	80	
1132	177.267708	G#4	68	66	1124	97.625000	G#4	68	80	
1133	177.464583	B4	71	65	1125	97.750000	B4	71	80	
1134	177.470833	G4	67	48	1126	97.750000	G4	67	80	
1135	177.666667	D5	74	63	1127	97.875000	D5	74	80	
1136	177.676042	F4	65	49	1128	97.875000	F4	65	80	
1137	177.893750	Eb4	63	57	1130	98.000000	Eb4	63	80	
1138	177.906250	G4	67	61	1129	98.000000	G4	67	80	
1139	178.105208	F4	65	49	1131	98.125000	F4	65	80	
1140	178.315625	C5	72	65	1132	98.250000	C5	72	80	
1141	178.337500	Eb4	63	49	1133	98.250000	Eb4	63	80	
1142	178.534375	D5	74	64	1134	98.375000	D5	74	80	
1143	178.546875	D4	62	45	1135	98.375000	D4	62	80	
1144	178.801042	Eb5	75	60	1136	98.500000	Eb5	75	80	
1145	178.813542	C4	60	44	1137	98.500000	C4	60	80	
1146	179.293750	C4	60	54	1139	98.750000	C4	60	80	
1147	179.300000	G4	67	45	1138	98.750000	G4	67	80	
1148	179.501042	Bb3	58	63	1140	98.875000	Bb3	58	80	
1149	179.748958	A3	57	44	1142	99.000000	A3	57	80	
1150	179.755208	C4	60	50	1141	99.000000	C4	60	80	
1151	180.217708	C5	72	60	1143	99.250000	C5	72	80	
1152	180.233333	A3	57	47	1144	99.250000	A3	57	80	
1153	180.423958	G3	55	47	1146	99.375000	G3	55	80	
1154	180.426042	Bb4	70	59	1145	99.375000	Bb4	70	80	
1155	180.675000	F3	53	45	1148	99.500000	F3	53	80	
1156	180.675000	A4	69	53	1147	99.500000	A4	69	80	
1157	181.111458	Bb4	70	53	1149	99.750000	Bb4	70	80	
1158	181.119792	G3	55	43	1150	99.750000	G3	55	80	
1159	181.301042	C5	72	59	1151	99.875000	C5	72	80	
1160	181.313542	A3	57	50	1152	99.875000	A3	57	80	
1161	181.566667	F4	65	58	1153	100.000000	F4	65	80	
1162	181.569792	Bb3	58	55	1154	100.000000	Bb3	58	80	
1163	182.013542	Bb4	70	65	1156	100.250000	Bb4	70	80	
1164	182.018750	D5	74	73	1155	100.250000	D5	74	80	
1165	182.019792	F4	65	51	1157	100.250000	F4	65	80	
1166	182.213542	Eb5	75	84	1158	100.375000	Eb5	75	80	
1167	182.232292	Eb4	63	54	1159	100.375000	Eb4	63	80	
1168	182.512500	F5	77	80	1160	100.500000	F5	77	80	
1169	182.530208	D4	62	47	1161	100.500000	D4	62	80	
1170	182.992708	D4	62	40	1163	100.750000	D4	62	80	
1171	183.002083	G#4	68	64	1162	100.750000	G#4	68	80	
1172	183.211458	C4	60	56	1164	100.875000	C4	60	80	
1173	183.470833	G4	67	48	1165	101.000000	G4	67	80	
1174	183.476042	B3	59	49	1166	101.000000	B3	59	80	
1175	183.901042	B3	59	49	1168	101.250000	B3	59	80	
1176	183.909375	D5	74	58	1167	101.250000	D5	74	80	
1177	184.109375	C5	72	64	1169	101.375000	C5	72	80	
1178	184.114583	A3	57	52	1170	101.375000	A3	57	80	
1179	184.376042	B4	71	62	1171	101.500000	B4	71	80	
1180	184.406250	G3	55	49	1172	101.500000	G3	55	80	
1181	184.800000	A3	57	56	1174	101.750000	A3	57	80	
1182	184.811458	C5	72	65	1173	101.750000	C5	72	80	
1183	185.006250	D5	74	63	1175	101.875000	D5	74	80	
1184	185.021875	B3	59	64	1176	101.875000	B3	59	80	
1185	185.239583	G4	67	70	1177	102.000000	G4	67	80	
1186	185.257292	C4	60	61	1178	102.000000	C4	60	80	
1187	185.459375	D5	74	80	1179	102.125000	D5	74	80	
1188	185.660417	E5	76	85	1180	102.250000	E5	76	80	
1189	185.685417	Bb3	58	58	1181	102.250000	Bb3	58	80	
1190	185.866667	G5	79	90	1182	102.375000	G5	79	80	
1191	185.890625	G#3	56	64	1183	102.375000	G#3	56	80	
1192	186.130208	Bb4	70	79	1184	102.500000	Bb4	70	80	
1193	186.164583	G3	55	59	1185	102.500000	G3	55	80	
1194	186.597917	C#4	61	65	1186	102.750000	C#4	61	80	
1195	186.615625	G3	55	47	1187	102.750000	G3	55	80	
1196	186.818750	F3	53	53	1188	102.875000	F3	53	80	
1197	187.078125	E3	52	51	1190	103.000000	E3	52	80	
1198	187.078125	C4	60	57	1189	103.000000	C4	60	80	
1199	187.505208	G4	67	63	1191	103.250000	G4	67	80	
1200	187.525000	E3	52	56	1192	103.250000	E3	52	80	
1201	187.706250	D3	50	51	1194	103.375000	D3	50	80	
1202	187.714583	F4	65	63	1193	103.375000	F4	65	80	
1203	187.954167	C3	48	45	1196	103.500000	C3	48	80	
1204	187.966667	E4	64	61	1195	103.500000	E4	64	80	
1205	188.425000	F4	65	62	1197	103.750000	F4	65	80	
1206	188.430208	D3	50	51	1198	103.750000	D3	50	80	
1207	188.628125	E3	52	60	1200	103.875000	E3	52	80	
1208	188.628125	G4	67	67	1199	103.875000	G4	67	80	
1209	188.850000	F3	53	71	1202	104.000000	F3	53	80	
1210	188.854167	C4	60	72	1201	104.000000	C4	60	80	
1211	189.044792	G3	55	73	1203	104.125000	G3	55	80	
1212	189.268750	G#3	56	76	1206	104.250000	G#3	56	80	
1213	189.275000	G#4	68	83	1204	104.250000	G#4	68	80	
1214	189.282292	F4	65	73	1205	104.250000	F4	65	80	
1215	189.481250	Bb3	58	74	1207	104.375000	Bb3	58	80	
1216	189.784375	C3	48	77	1210	104.500000	C3	48	80	
1217	189.784375	C4	60	79	1209	104.500000	C4	60	80	
1218	189.784375	G4	67	76	1208	104.500000	G4	67	80	
1219	190.287500	E4	64	65	1211	104.750000	E4	64	80	
1220	190.790625	C#3	49	84	1214	105.000000	C#3	49	80	
1221	190.802083	F4	65	64	1212	105.000000	F4	65	80	
1222	191.047917	E4	64	62	1215	105.125000	E4	64	80	
1223	191.260417	Bb3	58	66	1217	105.250000	Bb3	58	80	
1224	191.268750	F4	65	61	1216	105.250000	F4	65	80	
1225	191.479167	G4	67	63	1218	105.375000	G4	67	80	
1226	191.693750	C3	48	79	1220	105.500000	C3	48	80	
1227	191.703125	G#4	68	79	1219	105.500000	G#4	68	80	
1228	191.905208	G4	67	70	1221	105.625000	G4	67	80	
1229	192.121875	F4	65	63	1222	105.750000	F4	65	80	
1230	192.134375	G#3	56	57	1223	105.750000	G#3	56	80	
1231	192.312500	Eb4	63	68	1224	105.875000	Eb4	63	80	
1232	192.565625	B2	47	80	1226	106.000000	B2	47	80	
1233	192.575000	D4	62	67	1225	106.000000	D4	62	80	
1234	192.792708	F4	65	64	1227	106.125000	F4	65	80	
1235	193.015625	G4	67	67	1228	106.250000	G4	67	80	
1236	193.028125	G3	55	57	1229	106.250000	G3	55	80	
1237	193.206250	G#4	68	76	1230	106.375000	G#4	68	80	
1238	193.222917	F3	53	67	1231	106.375000	F3	53	80	
1239	193.435417	Bb4	70	85	1232	106.500000	Bb4	70	80	
1240	193.442708	E3	52	74	1234	106.500000	E3	52	80	
1241	193.461458	G3	55	69	1233	106.500000	G3	55	80	
1242	193.656250	Bb3	58	68	1235	106.625000	Bb3	58	80	
1243	193.873958	C#4	61	69	1236	106.750000	C#4	61	80	
1244	193.876042	G#3	56	65	1237	106.750000	G#3	56	80	
1245	194.081250	G3	55	64	1238	106.875000	G3	55	80	
1246	194.319792	F3	53	73	1239	107.000000	F3	53	80	
1247	194.513542	G#4	68	71	1241	107.125000	G#4	68	80	
1248	194.709375	Bb4	70	78	1242	107.250000	Bb4	70	80	
1249	194.715625	G3	55	61	1244	107.250000	G3	55	80	
1250	194.718750	C4	60	69	1243	107.250000	C4	60	80	
1251	194.921875	C5	72	84	1245	107.375000	C5	72	80	
1252	194.930208	G#3	56	67	1246	107.375000	G#3	56	80	
1253	195.165625	C#5	73	77	1247	107.500000	C#5	73	80	
1254	195.172917	Bb3	58	75	1248	107.500000	Bb3	58	80	
1255	195.180208	Bb2	46	66	1249	107.500000	Bb2	46	80	
1256	195.382292	F3	53	68	1250	107.625000	F3	53	80	
1257	195.595833	F#4	66	76	1251	107.750000	F#4	66	80	
1258	195.610417	Eb3	51	66	1252	107.750000	Eb3	51	80	
1259	195.783333	C#3	49	79	1253	107.875000	C#3	49	80	
1260	196.036458	C3	48	80	1254	108.000000	C3	48	80	
1261	196.037500	A2	45	71	1255	108.000000	A2	45	80	
1262	196.240625	C5	72	84	1256	108.125000	C5	72	80	
1263	196.452083	D5	74	84	1257	108.250000	D5	74	80	
1264	196.458333	F4	65	73	1258	108.250000	F4	65	80	
1265	196.663542	E5	76	89	1259	108.375000	E5	76	80	
1266	196.892708	G#2	44	79	1261	108.500000	G#2	44	80	
1267	196.892708	F5	77	86	1260	108.500000	F5	77	80	
1268	197.102083	D3	50	72	1263	108.625000	D3	50	80	
1269	197.108333	F4	65	76	1262	108.625000	F4	65	80	
1270	197.326042	G4	67	82	1264	108.750000	G4	67	80	
1271	197.338542	E3	52	74	1265	108.750000	E3	52	80	
1272	197.542708	G#4	68	90	1266	108.875000	G#4	68	80	
1273	197.544792	F3	53	77	1267	108.875000	F3	53	80	
1274	197.865625	Bb4	70	89	1268	109.000000	Bb4	70	80	
1275	197.868750	G2	43	80	1270	109.000000	G2	43	80	
1276	197.869792	G3	55	83	1269	109.000000	G3	55	80	
1277	198.366667	E5	76	83	1271	109.250000	E5	76	80	
1278	198.584375	D5	74	83	1272	109.375000	D5	74	80	
1279	198.862500	E5	76	87	1273	109.500000	E5	76	80	
1280	199.108333	A2	45	69	1274	109.625000	A2	45	80	
1281	199.314583	Bb2	46	80	1275	109.750000	Bb2	46	80	
1282	199.532292	C3	48	84	1276	109.875000	C3	48	80	
1283	199.828125	F5	77	87	1277	110.000000	F5	77	80	
1284	199.833333	F2	41	71	1279	110.000000	F2	41	80	
1285	199.835417	C#3	49	82	1278	110.000000	C#3	49	80	
1286	200.097917	C3	48	62	1281	110.125000	C3	48	80	
1287	200.101042	C#5	73	78	1280	110.125000	C#5	73	80	
1288	200.318750	C#3	49	72	1283	110.250000	C#3	49	80	
1289	200.321875	C5	72	84	1282	110.250000	C5	72	80	
1290	200.532292	Bb4	70	86	1284	110.375000	Bb4	70	80	
1291	200.544792	Eb3	51	64	1285	110.375000	Eb3	51	80	
1292	200.758333	A4	69	79	1286	110.500000	A4	69	80	
1293	200.766667	F3	53	64	1287	110.500000	F3	53	80	
1294	200.971875	Eb5	75	87	1288	110.625000	Eb5	75	80	
1295	200.972917	F2	41	65	1289	110.625000	F2	41	80	
1296	201.193750	C#5	73	80	1290	110.750000	C#5	73	80	
1297	201.203125	G2	43	71	1291	110.750000	G2	43	80	
1298	201.409375	C5	72	84	1292	110.875000	C5	72	80	
1299	201.413542	A2	45	66	1293	110.875000	A2	45	80	
1300	201.659375	Bb2	46	66	1295	111.000000	Bb2	46	80	
1301	201.661458	C#5	73	79	1294	111.000000	C#5	73	80	
1302	201.888542	C5	72	81	1296	111.125000	C5	72	80	
1303	201.891667	F3	53	67	1297	111.125000	F3	53	80	
1304	202.110417	Bb4	70	86	1298	111.250000	Bb4	70	80	
1305	202.125000	G3	55	65	1299	111.250000	G3	55	80	
1306	202.334375	G#4	68	80	1300	111.375000	G#4	68	80	
1307	202.336458	G#3	56	69	1301	111.375000	G#3	56	80	
1308	202.573958	G4	67	74	1302	111.500000	G4	67	80	
1309	202.582292	Bb3	58	63	1303	111.500000	Bb3	58	80	
1310	202.808333	C#3	49	63	1306	111.625000	C#3	49	80	
1311	202.810417	Bb4	70	81	1304	111.625000	Bb4	70	80	
1312	202.811458	F4	65	60	1305	111.625000	F4	65	80	
1313	203.041667	C5	72	86	1307	111.750000	C5	72	80	
1314	203.044792	C3	48	62	1309	111.750000	C3	48	80	
1315	203.063542	Eb4	63	71	1308	111.750000	Eb4	63	80	
1316	203.293750	C#5	73	83	1310	111.875000	C#5	73	80	
1317	203.305208	Bb2	46	71	1312	111.875000	Bb2	46	80	
1318	203.307292	C#4	61	74	1311	111.875000	C#4	61	80	
1319	203.572917	E4	64	77	1313	112.000000	E4	64	80	
1320	203.587500	C4	60	64	1314	112.000000	C4	60	80	
1321	203.601042	C3	48	67	1315	112.000000	C3	48	80	
1322	203.829167	Bb3	58	69	1316	112.125000	Bb3	58	80	
1323	204.091667	C5	72	85	1317	112.250000	C5	72	80	
1324	204.130208	G#3	56	59	1318	112.250000	G#3	56	80	
1325	204.368750	G3	55	70	1319	112.375000	G3	55	80	
1326	204.668750	G#3	56	69	1320	112.500000	G#3	56	80	
1327	204.951042	G4	67	66	1321	112.625000	G4	67	80	
1328	205.287500	G#4	68	76	1322	112.750000	G#4	68	80	
1329	205.631250	F4	65	62	1323	112.875000	F4	65	80	
1330	205.982292	G#3	56	50	1325	113.031250	G#3	56	80	
1331	206.105208	G3	55	55	1327	113.062500	G3	55	80	
1332	206.243750	F3	53	54	*	-1	*	-1	-1	
1333	206.263542	F4	65	70	*	-1	*	-1	-1	
1334	206.417708	G3	55	64	*	-1	*	-1	-1	
1335	206.540625	E4	64	72	*	-1	*	-1	-1	
1336	206.553125	G#3	56	59	*	-1	*	-1	-1	
1337	206.687500	G3	55	61	*	-1	*	-1	-1	
1338	206.817708	D4	62	75	1326	113.061458	G#3	56	80	
1339	206.828125	G#3	56	64	*	-1	*	-1	-1	
1340	206.966667	G3	55	62	*	-1	*	-1	-1	
1341	207.144792	G#3	56	50	*	-1	*	-1	-1	
1342	207.159375	F4	65	66	*	-1	*	-1	-1	
1343	207.342708	G3	55	55	*	-1	*	-1	-1	
1344	207.346875	E4	64	73	*	-1	*	-1	-1	
1345	207.536458	G#3	56	54	*	-1	*	-1	-1	
1346	207.537500	F4	65	76	*	-1	*	-1	-1	
1347	207.727083	E4	64	78	*	-1	*	-1	-1	
1348	207.735417	G3	55	56	*	-1	*	-1	-1	
1349	207.998958	F4	65	71	1328	113.125000	F4	65	80	
1350	208.010417	G#3	56	55	1329	113.125000	G3	55	80	
1351	208.267708	E4	64	70	*	-1	*	-1	-1	
1352	208.280208	G3	55	46	1324	113.000000	G3	55	80	
1353	208.643750	D4	62	66	1330	113.250000	E4	64	80	
1354	208.652083	F3	53	42	*	-1	*	-1	-1	
1355	209.196875	E4	64	68	1331	113.375000	D4	62	80	
1356	209.230208	G3	55	43	*	-1	*	-1	-1	
1357	210.534375	F4	65	58	1338	114.000000	F4	65	80	
1358	210.545833	C4	60	47	1337	114.000000	C4	60	80	
1359	210.546875	F2	41	36	1339	114.000000	F2	41	80	
1360	210.546875	A3	57	40	1340	114.000000	A3	57	80	
*	-1	*	-1	-1	47	11.562500	C4	60	80	
*	-1	*	-1	-1	48	11.562500	B3	59	80	
*	-1	*	-1	-1	51	12.000000	C4	60	80	
*	-1	*	-1	-1	491	52.531250	C#4	61	80	
*	-1	*	-1	-1	492	52.562500	Eb4	63	80	
*	-1	*	-1	-1	493	52.562500	Eb4	63	80	
*	-1	*	-1	-1	494	52.593750	C#4	61	80	
*	-1	*	-1	-1	496	52.625000	C#4	61	80	
*	-1	*	-1	-1	557	56.625000	Bb4	70	80	
*	-1	*	-1	-1	739	70.000000	C4	60	80	
*	-1	*	-1	-1	755	71.000000	Eb3	51	80	
*	-1	*	-1	-1	767	72.000000	F3	53	80	
*	-1	*	-1	-1	883	80.500000	Bb3	58	80	
*	-1	*	-1	-1	950	85.000000	Eb3	51	80	
*	-1	*	-1	-1	1213	105.000000	F4	65	80	
*	-1	*	-1	-1	1240	107.000000	F3	53	80	
*	-1	*	-1	-1	1332	113.500000	E4	64	80	
*	-1	*	-1	-1	1334	113.562500	F4	65	80	
*	-1	*	-1	-1	1335	113.562500	E4	64	80	
*	-1	*	-1	-1	50	12.000000	C4	60	80	
*	-1	*	-1	-1	495	52.625000	G4	67	80	
*	-1	*	-1	-1	585	59.000000	F2	41	80	
*	-1	*	-1	-1	1333	113.531250	F4	65	80	
*	-1	*	-1	-1	1336	113.625000	E4	64	80	
