// alignID alignOntime alignSitch alignPitch alignOnvel refID refOntime refSitch refPitch refOnvel
0	0.500000	C4	60	44	0	0.500000	C4	60	80	
1	1.455208	C#4	61	53	1	1.000000	C#4	61	80	
2	2.406250	C4	60	51	2	1.500000	C4	60	80	
3	3.355208	B3	59	50	3	2.000000	B3	59	80	
4	4.305208	E4	64	62	4	2.500000	E4	64	80	
5	5.263542	F4	65	57	5	3.000000	F4	65	80	
6	6.264583	Bb3	58	53	6	3.500000	Bb3	58	80	
7	7.233333	A3	57	54	7	4.000000	A3	57	80	
8	8.196875	G#3	56	47	8	4.500000	G#3	56	80	
9	9.248958	G3	55	39	9	5.000000	G3	55	80	
10	11.126042	F3	53	31	10	6.000000	F3	53	80	
11	11.542708	F3	53	45	11	6.250000	F3	53	80	
12	11.760417	G3	55	50	12	6.375000	G3	55	80	
13	12.046875	G#3	56	41	14	6.500000	G#3	56	80	
14	12.046875	F4	65	51	13	6.500000	F4	65	80	
15	12.472917	G#3	56	48	15	6.750000	G#3	56	80	
16	12.689583	Bb3	58	50	16	6.875000	Bb3	58	80	
17	12.937500	G#4	68	70	17	7.000000	G#4	68	80	
18	12.941667	C4	60	52	18	7.000000	C4	60	80	
19	13.137500	B2	47	48	19	7.125000	B2	47	80	
20	13.377083	C3	48	47	20	7.250000	C3	48	80	
21	13.590625	D3	50	45	21	7.375000	D3	50	80	
22	13.836458	G4	67	56	22	7.500000	G4	67	80	
23	13.845833	Eb3	51	40	23	7.500000	Eb3	51	80	
24	14.794792	F#4	66	54	24	8.000000	F#4	66	80	
25	15.022917	C3	48	44	25	8.125000	C3	48	80	
26	15.247917	D3	50	51	26	8.250000	D3	50	80	
27	15.447917	Eb3	51	56	27	8.375000	Eb3	51	80	
28	15.691667	B4	71	69	28	8.500000	B4	71	80	
29	15.718750	F3	53	47	29	8.500000	F3	53	80	
30	16.608333	C5	72	71	30	9.000000	C5	72	80	
31	16.836458	Eb3	51	60	31	9.125000	Eb3	51	80	
32	17.055208	F3	53	62	32	9.250000	F3	53	80	
33	17.265625	G3	55	53	33	9.375000	G3	55	80	
34	17.514583	F4	65	58	34	9.500000	F4	65	80	
35	17.516667	G#3	56	48	35	9.500000	G#3	56	80	
36	18.457292	E4	64	54	36	10.000000	E4	64	80	
37	18.687500	G3	55	43	37	10.125000	G3	55	80	
38	18.914583	A3	57	51	38	10.250000	A3	57	80	
39	19.130208	B3	59	42	39	10.375000	B3	59	80	
40	19.367708	Eb4	63	49	40	10.500000	Eb4	63	80	
41	19.400000	C4	60	40	41	10.500000	C4	60	80	
42	20.281250	D4	62	42	42	11.000000	D4	62	80	
43	20.718750	B3	59	44	43	11.250000	B3	59	80	
44	20.941667	A3	57	48	44	11.375000	A3	57	80	
45	21.204167	B3	59	44	48	11.562500	B3	59	80	
46	21.430208	C4	60	49	49	11.625000	B3	59	80	
47	21.528125	B3	59	48	45	11.500000	B3	59	80	
48	21.618750	C4	60	58	*	-1	*	-1	-1	
49	21.713542	B3	59	59	*	-1	*	-1	-1	
50	21.795833	A3	57	64	*	-1	*	-1	-1	
51	21.908333	B3	59	58	*	-1	*	-1	-1	
52	22.028125	C4	60	58	50	12.000000	C4	60	80	
53	22.431250	G3	55	46	53	12.250000	G3	55	80	
54	22.444792	C4	60	47	52	12.250000	C4	60	80	
55	22.647917	D4	62	53	54	12.375000	D4	62	80	
56	22.909375	C3	48	64	57	12.500000	C3	48	80	
57	22.930208	E4	64	58	55	12.500000	E4	64	80	
58	22.946875	C4	60	51	56	12.500000	C4	60	80	
59	23.380208	D4	62	59	58	12.750000	D4	62	80	
60	23.384375	Bb3	58	54	59	12.750000	Bb3	58	80	
61	23.570833	E4	64	59	60	12.875000	E4	64	80	
62	23.830208	C#3	49	70	63	13.000000	C#3	49	80	
63	23.851042	G#3	56	62	62	13.000000	G#3	56	80	
64	23.851042	F4	65	67	61	13.000000	F4	65	80	
65	24.047917	E3	52	65	64	13.125000	E3	52	80	
66	24.288542	F3	53	58	65	13.250000	F3	53	80	
67	24.288542	F4	65	55	66	13.250000	F4	65	80	
68	24.514583	G3	55	58	67	13.375000	G3	55	80	
69	24.755208	C3	48	68	69	13.500000	C3	48	80	
70	24.770833	G#3	56	67	68	13.500000	G#3	56	80	
71	25.208333	Eb4	63	63	70	13.750000	Eb4	63	80	
72	25.659375	B2	47	62	72	14.000000	B2	47	80	
73	25.669792	D4	62	64	71	14.000000	D4	62	80	
74	25.872917	F3	53	65	73	14.125000	F3	53	80	
75	26.106250	G3	55	67	75	14.250000	G3	55	80	
76	26.120833	Eb4	63	72	74	14.250000	Eb4	63	80	
77	26.319792	F4	65	68	76	14.375000	F4	65	80	
78	26.330208	G#3	56	68	77	14.375000	G#3	56	80	
79	26.573958	G4	67	67	78	14.500000	G4	67	80	
80	26.581250	E3	52	81	80	14.500000	E3	52	80	
81	26.581250	Bb3	58	62	79	14.500000	Bb3	58	80	
82	26.795833	F4	65	71	81	14.625000	F4	65	80	
83	27.028125	E4	64	70	82	14.750000	E4	64	80	
84	27.231250	D4	62	69	83	14.875000	D4	62	80	
85	27.494792	C4	60	68	84	15.000000	C4	60	80	
86	27.503125	F3	53	74	85	15.000000	F3	53	80	
87	27.712500	G#3	56	69	86	15.125000	G#3	56	80	
88	27.940625	Bb3	58	66	87	15.250000	Bb3	58	80	
89	28.154167	C4	60	69	88	15.375000	C4	60	80	
90	28.392708	Bb2	46	66	90	15.500000	Bb2	46	80	
91	28.397917	C#4	61	58	89	15.500000	C#4	61	80	
92	28.613542	Bb3	58	58	91	15.625000	Bb3	58	80	
93	28.850000	G#3	56	58	92	15.750000	G#3	56	80	
94	29.066667	G3	55	53	93	15.875000	G3	55	80	
95	29.301042	F3	53	61	94	16.000000	F3	53	80	
96	29.305208	A2	45	61	95	16.000000	A2	45	80	
97	29.530208	C4	60	53	96	16.125000	C4	60	80	
98	29.746875	D4	62	57	97	16.250000	D4	62	80	
99	29.971875	E4	64	59	98	16.375000	E4	64	80	
100	30.198958	G#2	44	65	100	16.500000	G#2	44	80	
101	30.235417	F4	65	59	99	16.500000	F4	65	80	
102	30.431250	F3	53	43	101	16.625000	F3	53	80	
103	30.663542	G3	55	53	102	16.750000	G3	55	80	
104	30.876042	G#3	56	48	103	16.875000	G#3	56	80	
105	31.159375	G2	43	56	105	17.000000	G2	43	80	
106	31.159375	Bb3	58	47	104	17.000000	Bb3	58	80	
107	31.602083	E4	64	56	106	17.250000	E4	64	80	
108	31.821875	D4	62	59	107	17.375000	D4	62	80	
109	32.055208	E4	64	64	108	17.500000	E4	64	80	
110	32.280208	F4	65	58	*	-1	*	-1	-1	
111	32.397917	E4	64	65	*	-1	*	-1	-1	
112	32.479167	G#3	56	66	109	17.750000	G#3	56	80	
113	32.497917	F4	65	62	*	-1	*	-1	-1	
114	32.585417	E4	64	67	*	-1	*	-1	-1	
115	32.696875	G3	55	49	110	17.875000	G3	55	80	
116	32.702083	D4	62	71	*	-1	*	-1	-1	
117	32.807292	E4	64	65	*	-1	*	-1	-1	
118	32.975000	F4	65	59	111	18.000000	F4	65	80	
119	32.979167	F2	41	45	113	18.000000	F2	41	80	
120	32.986458	G#3	56	57	112	18.000000	G#3	56	80	
121	33.439583	F4	65	53	114	18.250000	F4	65	80	
122	33.672917	G4	67	64	115	18.375000	G4	67	80	
123	33.941667	G#4	68	68	116	18.500000	G#4	68	80	
124	34.380208	G#4	68	72	117	18.750000	G#4	68	80	
125	34.385417	F3	53	55	118	18.750000	F3	53	80	
126	34.596875	Bb4	70	78	119	18.875000	Bb4	70	80	
127	34.605208	G3	55	62	120	18.875000	G3	55	80	
128	34.873958	G#3	56	57	122	19.000000	G#3	56	80	
129	34.873958	C5	72	77	121	19.000000	C5	72	80	
130	35.322917	C4	60	68	123	19.250000	C4	60	80	
131	35.330208	G#3	56	65	124	19.250000	G#3	56	80	
132	35.541667	Bb3	58	70	126	19.375000	Bb3	58	80	
133	35.562500	C#4	61	60	125	19.375000	C#4	61	80	
134	35.801042	C4	60	63	128	19.500000	C4	60	80	
135	35.801042	Eb4	63	71	127	19.500000	Eb4	63	80	
136	35.996875	Bb4	70	73	129	19.625000	Bb4	70	80	
137	36.233333	C3	48	55	131	19.750000	C3	48	80	
138	36.233333	G#4	68	70	130	19.750000	G#4	68	80	
139	36.452083	G4	67	64	132	19.875000	G4	67	80	
140	36.746875	C#3	49	45	134	20.000000	C#3	49	80	
141	36.746875	F4	65	57	133	20.000000	F4	65	80	
142	37.196875	C#4	61	57	135	20.250000	C#4	61	80	
143	37.411458	Eb4	63	66	136	20.375000	Eb4	63	80	
144	37.680208	F4	65	63	137	20.500000	F4	65	80	
145	38.118750	C#3	49	54	139	20.750000	C#3	49	80	
146	38.118750	F4	65	64	138	20.750000	F4	65	80	
147	38.347917	Eb3	51	58	141	20.875000	Eb3	51	80	
148	38.347917	G4	67	69	140	20.875000	G4	67	80	
149	38.604167	F3	53	49	143	21.000000	F3	53	80	
150	38.613542	G#4	68	67	142	21.000000	G#4	68	80	
151	39.044792	F3	53	55	145	21.250000	F3	53	80	
152	39.056250	G#3	56	59	144	21.250000	G#3	56	80	
153	39.256250	Bb3	58	61	146	21.375000	Bb3	58	80	
154	39.277083	G3	55	59	147	21.375000	G3	55	80	
155	39.503125	C4	60	58	148	21.500000	C4	60	80	
156	39.539583	G#3	56	53	149	21.500000	G#3	56	80	
157	39.736458	F#4	66	58	150	21.625000	F#4	66	80	
158	39.941667	G#2	44	44	152	21.750000	G#2	44	80	
159	39.980208	F4	65	54	151	21.750000	F4	65	80	
160	40.219792	Eb4	63	49	153	21.875000	Eb4	63	80	
161	40.504167	Bb2	46	36	155	22.000000	Bb2	46	80	
162	40.515625	C#4	61	42	154	22.000000	C#4	61	80	
163	40.967708	Bb3	58	47	156	22.250000	Bb3	58	80	
164	41.170833	C4	60	54	157	22.375000	C4	60	80	
165	41.458333	C#4	61	49	158	22.500000	C#4	61	80	
166	41.871875	C#4	61	58	159	22.750000	C#4	61	80	
167	41.880208	Bb2	46	49	160	22.750000	Bb2	46	80	
168	42.082292	C3	48	49	162	22.875000	C3	48	80	
169	42.105208	Eb4	63	66	161	22.875000	Eb4	63	80	
170	42.372917	C#3	49	48	164	23.000000	C#3	49	80	
171	42.372917	F4	65	58	163	23.000000	F4	65	80	
172	42.816667	C#3	49	53	166	23.250000	C#3	49	80	
173	42.820833	F3	53	52	165	23.250000	F3	53	80	
174	43.041667	Eb3	51	62	168	23.375000	Eb3	51	80	
175	43.043750	G3	55	52	167	23.375000	G3	55	80	
176	43.296875	G#3	56	56	169	23.500000	G#3	56	80	
177	43.308333	F3	53	52	170	23.500000	F3	53	80	
178	43.733333	F2	41	58	172	23.750000	F2	41	80	
179	43.733333	G#3	56	52	171	23.750000	G#3	56	80	
180	43.939583	Bb3	58	62	173	23.875000	Bb3	58	80	
181	44.207292	C4	60	58	174	24.000000	C4	60	80	
182	44.211458	C3	48	52	175	24.000000	C3	48	80	
183	44.638542	C3	48	55	178	24.250000	C3	48	80	
184	44.653125	E4	64	59	176	24.250000	E4	64	80	
185	44.666667	G3	55	44	177	24.250000	G3	55	80	
186	44.864583	F4	65	54	179	24.375000	F4	65	80	
187	44.869792	D3	50	51	180	24.375000	D3	50	80	
188	45.185417	G4	67	71	182	24.500000	G4	67	80	
189	45.185417	C5	72	81	181	24.500000	C5	72	80	
190	45.198958	E3	52	52	184	24.500000	E3	52	80	
191	45.210417	C4	60	52	183	24.500000	C4	60	80	
192	45.677083	D3	50	61	186	24.750000	D3	50	80	
193	45.681250	Bb3	58	58	185	24.750000	Bb3	58	80	
194	45.907292	E3	52	62	187	24.875000	E3	52	80	
195	46.153125	F3	53	67	190	25.000000	F3	53	80	
196	46.153125	C#5	73	89	188	25.000000	C#5	73	80	
197	46.157292	G#3	56	59	189	25.000000	G#3	56	80	
198	46.391667	E2	40	55	191	25.125000	E2	40	80	
199	46.630208	F2	41	62	193	25.250000	F2	41	80	
200	46.630208	F4	65	55	192	25.250000	F4	65	80	
201	46.846875	G2	43	65	194	25.375000	G2	43	80	
202	47.080208	C5	72	84	195	25.500000	C5	72	80	
203	47.084375	G#2	44	69	196	25.500000	G#2	44	80	
204	47.315625	C3	48	54	197	25.625000	C3	48	80	
205	47.544792	Eb4	63	58	198	25.750000	Eb4	63	80	
206	47.550000	D3	50	55	199	25.750000	D3	50	80	
207	47.754167	Eb3	51	55	200	25.875000	Eb3	51	80	
208	47.991667	F3	53	54	203	26.000000	F3	53	80	
209	48.004167	B4	71	68	201	26.000000	B4	71	80	
210	48.020833	D4	62	53	202	26.000000	D4	62	80	
211	48.219792	F2	41	58	204	26.125000	F2	41	80	
212	48.450000	Eb4	63	60	205	26.250000	Eb4	63	80	
213	48.454167	G2	43	56	206	26.250000	G2	43	80	
214	48.656250	F4	65	52	207	26.375000	F4	65	80	
215	48.678125	G#2	44	64	208	26.375000	G#2	44	80	
216	48.904167	G4	67	73	210	26.500000	G4	67	80	
217	48.909375	E5	76	79	209	26.500000	E5	76	80	
218	48.935417	Bb2	46	65	211	26.500000	Bb2	46	80	
219	49.115625	F4	65	70	212	26.625000	F4	65	80	
220	49.364583	E4	64	66	213	26.750000	E4	64	80	
221	49.368750	G3	55	63	214	26.750000	G3	55	80	
222	49.596875	D4	62	60	215	26.875000	D4	62	80	
223	49.831250	F5	77	91	216	27.000000	F5	77	80	
224	49.836458	C4	60	50	217	27.000000	C4	60	80	
225	49.847917	G#3	56	61	218	27.000000	G#3	56	80	
226	50.055208	G#2	44	73	219	27.125000	G#2	44	80	
227	50.283333	Bb2	46	72	220	27.250000	Bb2	46	80	
228	50.487500	C3	48	69	221	27.375000	C3	48	80	
229	50.741667	C#3	49	66	223	27.500000	C#3	49	80	
230	50.741667	Bb4	70	83	222	27.500000	Bb4	70	80	
231	50.950000	Bb3	58	69	224	27.625000	Bb3	58	80	
232	51.187500	Bb3	58	62	225	27.750000	Bb3	58	80	
233	51.194792	G#3	56	55	226	27.750000	G#3	56	80	
234	51.416667	G3	55	54	227	27.875000	G3	55	80	
235	51.658333	C4	60	57	229	28.000000	C4	60	80	
236	51.663542	A4	69	65	228	28.000000	A4	69	80	
237	51.667708	F3	53	60	230	28.000000	F3	53	80	
238	51.895833	C3	48	54	231	28.125000	C3	48	80	
239	52.141667	D3	50	59	232	28.250000	D3	50	80	
240	52.353125	E3	52	59	233	28.375000	E3	52	80	
241	52.596875	F3	53	55	235	28.500000	F3	53	80	
242	52.601042	G#4	68	75	234	28.500000	G#4	68	80	
243	52.815625	F3	53	57	236	28.625000	F3	53	80	
244	53.059375	C4	60	58	237	28.750000	C4	60	80	
245	53.068750	G3	55	48	238	28.750000	G3	55	80	
246	53.259375	G#3	56	53	239	28.875000	G#3	56	80	
247	53.539583	C#4	61	51	241	29.000000	C#4	61	80	
248	53.541667	Bb3	58	48	242	29.000000	Bb3	58	80	
249	53.546875	G4	67	61	240	29.000000	G4	67	80	
250	54.008333	C4	60	51	243	29.250000	C4	60	80	
251	54.017708	E3	52	49	244	29.250000	E3	52	80	
252	54.221875	Bb3	58	53	245	29.375000	Bb3	58	80	
253	54.227083	D3	50	50	246	29.375000	D3	50	80	
254	54.473958	C4	60	56	247	29.500000	C4	60	80	
255	54.483333	E3	52	50	248	29.500000	E3	52	80	
256	54.907292	G#3	56	50	249	29.750000	G#3	56	80	
257	55.117708	G3	55	43	250	29.875000	G3	55	80	
258	55.397917	F3	53	45	252	30.000000	F3	53	80	
259	55.402083	G#3	56	41	251	30.000000	G#3	56	80	
260	55.834375	F4	65	39	253	30.250000	F4	65	80	
261	56.041667	G4	67	52	254	30.375000	G4	67	80	
262	56.328125	G#4	68	56	255	30.500000	G#4	68	80	
263	56.792708	F3	53	41	256	30.750000	F3	53	80	
264	56.996875	Eb3	51	53	257	30.875000	Eb3	51	80	
265	57.248958	D3	50	50	258	31.000000	D3	50	80	
266	57.688542	F4	65	53	259	31.250000	F4	65	80	
267	57.703125	D3	50	46	260	31.250000	D3	50	80	
268	57.914583	C3	48	48	262	31.375000	C3	48	80	
269	57.918750	Eb4	63	56	261	31.375000	Eb4	63	80	
270	58.180208	Bb2	46	48	264	31.500000	Bb2	46	80	
271	58.192708	D4	62	52	263	31.500000	D4	62	80	
272	58.598958	D4	62	60	265	31.750000	D4	62	80	
273	58.605208	C3	48	57	266	31.750000	C3	48	80	
274	58.813542	C4	60	55	267	31.875000	C4	60	80	
275	58.831250	D3	50	50	268	31.875000	D3	50	80	
276	59.072917	Eb3	51	53	270	32.000000	Eb3	51	80	
277	59.077083	Bb3	58	54	269	32.000000	Bb3	58	80	
278	59.515625	G4	67	65	271	32.250000	G4	67	80	
279	59.520833	Bb3	58	52	272	32.250000	Bb3	58	80	
280	59.728125	G#4	68	78	273	32.375000	G#4	68	80	
281	59.731250	G#3	56	55	274	32.375000	G#3	56	80	
282	59.989583	G3	55	50	276	32.500000	G3	55	80	
283	59.997917	Bb4	70	68	275	32.500000	Bb4	70	80	
284	60.442708	G3	55	62	277	32.750000	G3	55	80	
285	60.660417	F3	53	60	278	32.875000	F3	53	80	
286	60.896875	E3	52	58	279	33.000000	E3	52	80	
287	61.341667	E3	52	56	281	33.250000	E3	52	80	
288	61.351042	G4	67	59	280	33.250000	G4	67	80	
289	61.581250	D3	50	58	283	33.375000	D3	50	80	
290	61.581250	F4	65	60	282	33.375000	F4	65	80	
291	61.817708	C3	48	55	285	33.500000	C3	48	80	
292	61.829167	E4	64	54	284	33.500000	E4	64	80	
293	62.246875	E4	64	64	286	33.750000	E4	64	80	
294	62.258333	D3	50	56	287	33.750000	D3	50	80	
295	62.469792	D4	62	60	288	33.875000	D4	62	80	
296	62.473958	E3	52	60	289	33.875000	E3	52	80	
297	62.698958	F3	53	56	291	34.000000	F3	53	80	
298	62.709375	C4	60	66	290	34.000000	C4	60	80	
299	62.904167	G4	67	71	292	34.125000	G4	67	80	
300	63.123958	C4	60	66	294	34.250000	C4	60	80	
301	63.138542	G#4	68	82	293	34.250000	G#4	68	80	
302	63.343750	Bb3	58	70	296	34.375000	Bb3	58	80	
303	63.348958	C5	72	80	295	34.375000	C5	72	80	
304	63.703125	F5	77	87	297	34.500000	F5	77	80	
305	63.714583	G#3	56	61	298	34.500000	G#3	56	80	
306	64.130208	D3	50	69	299	34.750000	D3	50	80	
307	64.360417	C3	48	69	300	34.875000	C3	48	80	
308	64.625000	B2	47	66	301	35.000000	B2	47	80	
309	65.057292	B2	47	63	303	35.250000	B2	47	80	
310	65.077083	D5	74	66	302	35.250000	D5	74	80	
311	65.298958	A2	45	62	305	35.375000	A2	45	80	
312	65.303125	C5	72	66	304	35.375000	C5	72	80	
313	65.550000	B4	71	57	306	35.500000	B4	71	80	
314	65.570833	G2	43	58	307	35.500000	G2	43	80	
315	65.971875	A2	45	63	309	35.750000	A2	45	80	
316	65.976042	B4	71	66	308	35.750000	B4	71	80	
317	66.187500	A4	69	64	310	35.875000	A4	69	80	
318	66.210417	B2	47	61	311	35.875000	B2	47	80	
319	66.448958	G4	67	65	312	36.000000	G4	67	80	
320	66.453125	C3	48	56	313	36.000000	C3	48	80	
321	66.909375	G4	67	62	315	36.250000	G4	67	80	
322	66.909375	Eb5	75	68	314	36.250000	Eb5	75	80	
323	67.140625	A4	69	55	316	36.375000	A4	69	80	
324	67.400000	G3	55	83	319	36.500000	G3	55	80	
325	67.418750	D5	74	60	317	36.500000	D5	74	80	
326	67.422917	B4	71	49	318	36.500000	B4	71	80	
327	67.868750	G5	79	68	320	36.750000	G5	79	80	
328	67.879167	A4	69	60	321	36.750000	A4	69	80	
329	68.104167	B4	71	61	322	36.875000	B4	71	80	
330	68.346875	G#3	56	82	324	37.000000	G#3	56	80	
331	68.357292	C5	72	66	323	37.000000	C5	72	80	
332	68.563542	B4	71	67	325	37.125000	B4	71	80	
333	68.787500	C5	72	76	326	37.250000	C5	72	80	
334	69.006250	D5	74	71	327	37.375000	D5	74	80	
335	69.284375	G3	55	71	329	37.500000	G3	55	80	
336	69.288542	Eb5	75	63	328	37.500000	Eb5	75	80	
337	69.708333	Bb4	70	59	330	37.750000	Bb4	70	80	
338	70.181250	F#3	54	64	332	38.000000	F#3	54	80	
339	70.183333	A4	69	51	331	38.000000	A4	69	80	
340	70.420833	C5	72	73	333	38.125000	C5	72	80	
341	70.643750	D5	74	76	334	38.250000	D5	74	80	
342	70.647917	B4	71	71	335	38.250000	B4	71	80	
343	70.850000	Eb5	75	72	336	38.375000	Eb5	75	80	
344	70.861458	C5	72	71	337	38.375000	C5	72	80	
345	71.102083	B3	59	89	340	38.500000	B3	59	80	
346	71.102083	F5	77	74	338	38.500000	F5	77	80	
347	71.106250	D5	74	69	339	38.500000	D5	74	80	
348	71.330208	C5	72	74	341	38.625000	C5	72	80	
349	71.568750	B4	71	72	342	38.750000	B4	71	80	
350	71.781250	A4	69	63	343	38.875000	A4	69	80	
351	72.046875	C4	60	85	345	39.000000	C4	60	80	
352	72.064583	G4	67	62	344	39.000000	G4	67	80	
353	72.268750	Eb5	75	76	346	39.125000	Eb5	75	80	
354	72.480208	F5	77	80	347	39.250000	F5	77	80	
355	72.690625	G5	79	84	348	39.375000	G5	79	80	
356	72.947917	F3	53	86	350	39.500000	F3	53	80	
357	72.963542	G#5	80	78	349	39.500000	G#5	80	80	
358	73.167708	F4	65	65	351	39.625000	F4	65	80	
359	73.405208	Eb4	63	70	352	39.750000	Eb4	63	80	
360	73.629167	D4	62	68	353	39.875000	D4	62	80	
361	73.887500	C4	60	76	354	40.000000	C4	60	80	
362	73.896875	E3	52	70	355	40.000000	E3	52	80	
363	74.122917	G5	79	71	356	40.125000	G5	79	80	
364	74.359375	A5	81	68	357	40.250000	A5	81	80	
365	74.580208	B5	83	69	358	40.375000	B5	83	80	
366	74.845833	Eb3	51	62	360	40.500000	Eb3	51	80	
367	74.858333	C6	84	63	359	40.500000	C6	84	80	
368	75.081250	C5	72	62	361	40.625000	C5	72	80	
369	75.321875	D5	74	59	362	40.750000	D5	74	80	
370	75.529167	Eb5	75	57	363	40.875000	Eb5	75	80	
371	75.816667	F5	77	57	364	41.000000	F5	77	80	
372	75.821875	D3	50	53	365	41.000000	D3	50	80	
373	76.303125	B5	83	57	366	41.250000	B5	83	80	
374	76.513542	A5	81	58	367	41.375000	A5	81	80	
375	76.801042	B5	83	57	368	41.500000	B5	83	80	
376	77.258333	Eb5	75	40	369	41.750000	Eb5	75	80	
377	77.443750	D5	74	47	370	41.875000	D5	74	80	
378	77.737500	C3	48	42	373	42.000000	C3	48	80	
379	77.742708	C6	84	56	371	42.000000	C6	84	80	
380	77.755208	Eb5	75	53	372	42.000000	Eb5	75	80	
381	78.190625	C5	72	70	375	42.250000	C5	72	80	
382	78.195833	G5	79	68	374	42.250000	G5	79	80	
383	78.417708	D5	74	80	376	42.375000	D5	74	80	
384	78.686458	Eb5	75	72	378	42.500000	Eb5	75	80	
385	78.695833	C6	84	70	377	42.500000	C6	84	80	
386	79.148958	C5	72	64	379	42.750000	C5	72	80	
387	79.380208	Bb4	70	58	380	42.875000	Bb4	70	80	
388	79.638542	A4	69	57	381	43.000000	A4	69	80	
389	80.082292	A4	69	50	383	43.250000	A4	69	80	
390	80.096875	C6	84	63	382	43.250000	C6	84	80	
391	80.297917	Bb5	82	69	384	43.375000	Bb5	82	80	
392	80.308333	G4	67	51	385	43.375000	G4	67	80	
393	80.548958	A5	81	68	386	43.500000	A5	81	80	
394	80.568750	F4	65	49	387	43.500000	F4	65	80	
395	80.985417	A5	81	65	388	43.750000	A5	81	80	
396	80.991667	G4	67	61	389	43.750000	G4	67	80	
397	81.206250	A4	69	64	391	43.875000	A4	69	80	
398	81.206250	G5	79	71	390	43.875000	G5	79	80	
399	81.487500	Bb4	70	58	393	44.000000	Bb4	70	80	
400	81.489583	F5	77	67	392	44.000000	F5	77	80	
401	81.935417	Bb3	58	44	396	44.250000	Bb3	58	80	
402	81.940625	G5	79	68	394	44.250000	G5	79	80	
403	81.961458	Bb4	70	43	395	44.250000	Bb4	70	80	
404	82.162500	C5	72	75	398	44.375000	C5	72	80	
405	82.162500	A5	81	67	397	44.375000	A5	81	80	
406	82.445833	C#5	73	73	400	44.500000	C#5	73	80	
407	82.451042	Bb5	82	74	399	44.500000	Bb5	82	80	
408	82.893750	Bb4	70	59	401	44.750000	Bb4	70	80	
409	83.109375	G#4	68	62	402	44.875000	G#4	68	80	
410	83.369792	G4	67	59	403	45.000000	G4	67	80	
411	83.802083	G4	67	50	405	45.250000	G4	67	80	
412	83.807292	Bb5	82	59	404	45.250000	Bb5	82	80	
413	84.032292	G#5	80	59	406	45.375000	G#5	80	80	
414	84.041667	F4	65	40	407	45.375000	F4	65	80	
415	84.287500	G5	79	63	408	45.500000	G5	79	80	
416	84.296875	Eb4	63	47	409	45.500000	Eb4	63	80	
417	84.721875	G5	79	61	410	45.750000	G5	79	80	
418	84.730208	F4	65	51	411	45.750000	F4	65	80	
419	84.941667	F5	77	65	412	45.875000	F5	77	80	
420	84.953125	G4	67	53	413	45.875000	G4	67	80	
421	85.221875	Eb5	75	54	414	46.000000	Eb5	75	80	
422	85.226042	G#4	68	54	415	46.000000	G#4	68	80	
423	85.664583	G#4	68	50	417	46.250000	G#4	68	80	
424	85.664583	F5	77	61	416	46.250000	F5	77	80	
425	85.673958	G#3	56	41	418	46.250000	G#3	56	80	
426	85.905208	G5	79	65	419	46.375000	G5	79	80	
427	85.910417	Bb4	70	58	420	46.375000	Bb4	70	80	
428	86.250000	C5	72	61	422	46.500000	C5	72	80	
429	86.254167	G#5	80	59	421	46.500000	G#5	80	80	
430	86.695833	G#4	68	50	423	46.750000	G#4	68	80	
431	86.926042	G4	67	53	424	46.875000	G4	67	80	
432	87.201042	F4	65	42	425	47.000000	F4	65	80	
433	87.660417	G#5	80	54	426	47.250000	G#5	80	80	
434	87.667708	F4	65	36	427	47.250000	F4	65	80	
435	87.890625	G5	79	51	428	47.375000	G5	79	80	
436	87.902083	Eb4	63	40	429	47.375000	Eb4	63	80	
437	88.137500	F5	77	64	430	47.500000	F5	77	80	
438	88.160417	C#4	61	40	431	47.500000	C#4	61	80	
439	88.584375	F5	77	64	432	47.750000	F5	77	80	
440	88.610417	C#4	61	45	433	47.750000	C#4	61	80	
441	88.808333	C4	60	64	435	47.875000	C4	60	80	
442	88.816667	Eb5	75	64	434	47.875000	Eb5	75	80	
443	89.060417	Bb3	58	58	437	48.000000	Bb3	58	80	
444	89.072917	C#5	73	68	436	48.000000	C#5	73	80	
445	89.492708	C4	60	62	439	48.250000	C4	60	80	
446	89.508333	Bb4	70	59	438	48.250000	Bb4	70	80	
447	89.720833	C#4	61	63	441	48.375000	C#4	61	80	
448	89.725000	G#4	68	61	440	48.375000	G#4	68	80	
449	89.973958	G4	67	56	442	48.500000	G4	67	80	
450	89.996875	Eb4	63	60	443	48.500000	Eb4	63	80	
451	90.389583	Eb3	51	59	445	48.750000	Eb3	51	80	
452	90.398958	Eb5	75	62	444	48.750000	Eb5	75	80	
453	90.626042	C#5	73	64	446	48.875000	C#5	73	80	
454	90.888542	G#3	56	61	448	49.000000	G#3	56	80	
455	90.900000	C5	72	61	447	49.000000	C5	72	80	
456	91.332292	Bb3	58	66	450	49.250000	Bb3	58	80	
457	91.337500	C5	72	70	449	49.250000	C5	72	80	
458	91.556250	C4	60	71	452	49.375000	C4	60	80	
459	91.565625	Bb4	70	71	451	49.375000	Bb4	70	80	
460	91.829167	C#4	61	49	454	49.500000	C#4	61	80	
461	91.831250	G#4	68	67	453	49.500000	G#4	68	80	
462	92.269792	F4	65	55	455	49.750000	F4	65	80	
463	92.485417	E4	64	57	456	49.875000	E4	64	80	
464	92.761458	F4	65	54	457	50.000000	F4	65	80	
465	93.172917	C#4	61	53	459	50.250000	C#4	61	80	
466	93.182292	Bb4	70	63	458	50.250000	Bb4	70	80	
467	93.396875	C5	72	68	460	50.375000	C5	72	80	
468	93.417708	C4	60	43	461	50.375000	C4	60	80	
469	93.657292	C#5	73	64	462	50.500000	C#5	73	80	
470	93.661458	Bb3	58	50	463	50.500000	Bb3	58	80	
471	94.073958	G4	67	60	464	50.750000	G4	67	80	
472	94.081250	Bb3	58	58	465	50.750000	Bb3	58	80	
473	94.292708	G#3	56	61	467	50.875000	G#3	56	80	
474	94.304167	G#4	68	58	466	50.875000	G#4	68	80	
475	94.526042	Bb4	70	61	468	51.000000	Bb4	70	80	
476	94.545833	G3	55	58	469	51.000000	G3	55	80	
477	94.750000	C5	72	77	470	51.125000	C5	72	80	
478	94.967708	C#5	73	77	471	51.250000	C#5	73	80	
479	94.977083	G3	55	55	472	51.250000	G3	55	80	
480	95.177083	F3	53	67	474	51.375000	F3	53	80	
481	95.187500	Bb4	70	76	473	51.375000	Bb4	70	80	
482	95.437500	E3	52	65	476	51.500000	E3	52	80	
483	95.439583	G5	79	85	475	51.500000	G5	79	80	
484	95.665625	G#4	68	75	477	51.625000	G#4	68	80	
485	95.878125	C3	48	61	479	51.750000	C3	48	80	
486	95.898958	Bb4	70	64	478	51.750000	Bb4	70	80	
487	96.100000	G4	67	66	480	51.875000	G4	67	80	
488	96.307292	F3	53	70	482	52.000000	F3	53	80	
489	96.326042	G#4	68	72	481	52.000000	G#4	68	80	
490	96.552083	C5	72	68	483	52.125000	C5	72	80	
491	96.777083	F4	65	73	485	52.250000	F4	65	80	
492	96.786458	C#5	73	82	484	52.250000	C#5	73	80	
493	97.003125	Eb4	63	82	487	52.375000	Eb4	63	80	
494	97.007292	C5	72	84	486	52.375000	C5	72	80	
495	97.235417	F5	77	87	488	52.500000	F5	77	80	
496	97.239583	C#4	61	78	489	52.500000	C#4	61	80	
497	97.462500	Eb4	63	74	497	52.687500	Eb4	63	80	
498	97.463542	G4	67	61	*	-1	*	-1	-1	
499	97.571875	C#4	61	76	499	52.750000	C#4	61	80	
500	97.632292	G#4	68	68	498	52.750000	G#4	68	80	
501	97.675000	Eb4	63	75	500	52.812500	Eb4	63	80	
502	97.775000	C#4	61	78	502	52.875000	C#4	61	80	
503	97.851042	F4	65	70	501	52.875000	F4	65	80	
504	97.923958	Eb4	63	66	503	52.937500	Eb4	63	80	
505	98.031250	C#4	61	74	505	53.000000	C4	60	80	
506	98.126042	C5	72	84	504	53.000000	C5	72	80	
507	98.153125	C4	60	80	*	-1	*	-1	-1	
508	98.527083	C3	48	64	508	53.250000	C3	48	80	
509	98.545833	G4	67	65	507	53.250000	G4	67	80	
510	98.545833	E5	76	71	506	53.250000	E5	76	80	
511	98.739583	D3	50	61	510	53.375000	D3	50	80	
512	98.766667	F5	77	70	509	53.375000	F5	77	80	
513	99.062500	C3	48	85	514	53.500000	C3	48	80	
514	99.073958	E3	52	81	513	53.500000	E3	52	80	
515	99.081250	C5	72	66	512	53.500000	C5	72	80	
516	99.081250	G5	79	78	511	53.500000	G5	79	80	
517	99.542708	Bb4	70	62	515	53.750000	Bb4	70	80	
518	99.546875	D3	50	62	516	53.750000	D3	50	80	
519	99.725000	E3	52	67	517	53.875000	E3	52	80	
520	100.003125	C#3	49	75	520	54.000000	C#3	49	80	
521	100.014583	F3	53	73	519	54.000000	F3	53	80	
522	100.014583	G#4	68	75	518	54.000000	G#4	68	80	
523	100.239583	E3	52	70	521	54.125000	E3	52	80	
524	100.472917	F3	53	73	524	54.250000	F3	53	80	
525	100.472917	Bb4	70	69	523	54.250000	Bb4	70	80	
526	100.478125	F5	77	75	522	54.250000	F5	77	80	
527	100.686458	G3	55	69	525	54.375000	G3	55	80	
528	100.920833	G#3	56	80	527	54.500000	G#3	56	80	
529	100.923958	C3	48	74	528	54.500000	C3	48	80	
530	100.930208	C5	72	73	526	54.500000	C5	72	80	
531	101.141667	C4	60	75	529	54.625000	C4	60	80	
532	101.368750	D4	62	81	531	54.750000	D4	62	80	
533	101.368750	Eb5	75	78	530	54.750000	Eb5	75	80	
534	101.452083	C#5	73	11	*	-1	*	-1	-1	
535	101.581250	Eb4	63	69	532	54.875000	Eb4	63	80	
536	101.836458	B2	47	76	535	55.000000	B2	47	80	
537	101.858333	F4	65	63	534	55.000000	F4	65	80	
538	101.858333	D5	74	68	533	55.000000	D5	74	80	
539	102.071875	F3	53	66	536	55.125000	F3	53	80	
540	102.304167	G3	55	69	538	55.250000	G3	55	80	
541	102.304167	Eb5	75	59	537	55.250000	Eb5	75	80	
542	102.518750	G#3	56	65	540	55.375000	G#3	56	80	
543	102.518750	F5	77	66	539	55.375000	F5	77	80	
544	102.766667	E3	52	85	543	55.500000	E3	52	80	
545	102.766667	Bb3	58	82	542	55.500000	Bb3	58	80	
546	102.783333	G5	79	76	541	55.500000	G5	79	80	
547	103.016667	F5	77	75	544	55.625000	F5	77	80	
548	103.240625	E5	76	74	545	55.750000	E5	76	80	
549	103.244792	G4	67	61	546	55.750000	G4	67	80	
550	103.454167	D5	74	69	547	55.875000	D5	74	80	
551	103.719792	F3	53	85	550	56.000000	F3	53	80	
552	103.723958	C5	72	74	548	56.000000	C5	72	80	
553	103.733333	G#4	68	68	549	56.000000	G#4	68	80	
554	103.940625	G#3	56	71	551	56.125000	G#3	56	80	
555	104.172917	Bb3	58	74	552	56.250000	Bb3	58	80	
556	104.382292	C4	60	70	553	56.375000	C4	60	80	
557	104.639583	Bb2	46	79	555	56.500000	Bb2	46	80	
558	104.654167	C#4	61	65	554	56.500000	C#4	61	80	
559	104.881250	Bb4	70	63	556	56.625000	Bb4	70	80	
560	105.094792	G#4	68	72	558	56.750000	G#4	68	80	
561	105.306250	G4	67	66	559	56.875000	G4	67	80	
562	105.566667	A2	45	72	562	57.000000	A2	45	80	
563	105.570833	F4	65	61	560	57.000000	F4	65	80	
564	105.570833	C5	72	62	561	57.000000	C5	72	80	
565	105.788542	C4	60	68	563	57.125000	C4	60	80	
566	106.023958	D4	62	68	564	57.250000	D4	62	80	
567	106.254167	E4	64	66	565	57.375000	E4	64	80	
568	106.471875	G#2	44	66	567	57.500000	G#2	44	80	
569	106.497917	F4	65	56	566	57.500000	F4	65	80	
570	106.697917	F4	65	58	568	57.625000	F4	65	80	
571	106.928125	C5	72	63	570	57.750000	C5	72	80	
572	106.937500	G4	67	54	569	57.750000	G4	67	80	
573	107.157292	G#4	68	58	571	57.875000	G#4	68	80	
574	107.414583	G2	43	61	574	58.000000	G2	43	80	
575	107.435417	C#5	73	61	573	58.000000	C#5	73	80	
576	107.446875	Bb4	70	52	572	58.000000	Bb4	70	80	
577	107.865625	C5	72	68	575	58.250000	C5	72	80	
578	107.877083	E4	64	63	576	58.250000	E4	64	80	
579	108.093750	D4	62	65	578	58.375000	D4	62	80	
580	108.093750	Bb4	70	63	577	58.375000	Bb4	70	80	
581	108.357292	E4	64	61	580	58.500000	E4	64	80	
582	108.357292	C5	72	64	579	58.500000	C5	72	80	
583	108.806250	G#4	68	65	581	58.750000	G#4	68	80	
584	109.030208	G4	67	61	582	58.875000	G4	67	80	
585	109.304167	F2	41	54	585	59.000000	F2	41	80	
586	109.304167	G#4	68	51	583	59.000000	G#4	68	80	
587	109.306250	F4	65	48	584	59.000000	F4	65	80	
588	109.311458	C5	72	54	*	-1	*	-1	-1	
589	109.782292	F3	53	50	586	59.250000	F3	53	80	
590	110.002083	G3	55	60	587	59.375000	G3	55	80	
591	110.276042	G#3	56	58	588	59.500000	G#3	56	80	
592	110.692708	C4	60	65	589	59.750000	C4	60	80	
593	110.921875	C#4	61	66	591	59.875000	C#4	61	80	
594	110.946875	Bb3	58	56	592	59.875000	Bb3	58	80	
595	111.203125	C4	60	64	594	60.000000	C4	60	80	
596	111.203125	Eb4	63	62	593	60.000000	Eb4	63	80	
597	111.601042	Eb4	63	63	596	60.250000	Eb4	63	80	
598	111.605208	F#5	78	66	595	60.250000	F#5	78	80	
599	111.833333	F5	77	70	597	60.375000	F5	77	80	
600	111.844792	F4	65	52	598	60.375000	F4	65	80	
601	112.081250	F#4	66	64	600	60.500000	F#4	66	80	
602	112.081250	Eb5	75	67	599	60.500000	Eb5	75	80	
603	112.285417	C#5	73	67	601	60.625000	C#5	73	80	
604	112.309375	Bb3	58	61	602	60.625000	Bb3	58	80	
605	112.517708	G#3	56	60	604	60.750000	G#3	56	80	
606	112.532292	C5	72	65	603	60.750000	C5	72	80	
607	112.723958	F#3	54	59	606	60.875000	F#3	54	80	
608	112.730208	Bb4	70	65	605	60.875000	Bb4	70	80	
609	112.985417	F3	53	55	608	61.000000	F3	53	80	
610	113.001042	G#4	68	58	607	61.000000	G#4	68	80	
611	113.426042	Bb4	70	62	609	61.250000	Bb4	70	80	
612	113.431250	F4	65	55	610	61.250000	F4	65	80	
613	113.440625	C#3	49	49	611	61.250000	C#3	49	80	
614	113.661458	Eb3	51	58	614	61.375000	Eb3	51	80	
615	113.661458	Eb4	63	56	613	61.375000	Eb4	63	80	
616	113.665625	C5	72	64	612	61.375000	C5	72	80	
617	113.914583	F3	53	44	617	61.500000	F3	53	80	
618	113.922917	C#5	73	61	615	61.500000	C#5	73	80	
619	113.955208	C#4	61	47	616	61.500000	C#4	61	80	
620	114.373958	G#3	56	63	618	61.750000	G#3	56	80	
621	114.404167	F3	53	57	619	61.750000	F3	53	80	
622	114.606250	G3	55	60	621	61.875000	G3	55	80	
623	114.610417	Bb3	58	71	620	61.875000	Bb3	58	80	
624	114.873958	G#3	56	65	623	62.000000	G#3	56	80	
625	114.879167	C4	60	58	622	62.000000	C4	60	80	
626	115.309375	C4	60	57	625	62.250000	C4	60	80	
627	115.322917	Eb5	75	60	624	62.250000	Eb5	75	80	
628	115.523958	C#4	61	55	627	62.375000	C#4	61	80	
629	115.542708	C#5	73	65	626	62.375000	C#5	73	80	
630	115.777083	C5	72	72	628	62.500000	C5	72	80	
631	115.781250	Eb4	63	64	629	62.500000	Eb4	63	80	
632	115.983333	F#3	54	64	631	62.625000	F#3	54	80	
633	115.991667	Bb4	70	69	630	62.625000	Bb4	70	80	
634	116.201042	F3	53	60	633	62.750000	F3	53	80	
635	116.208333	G#4	68	72	632	62.750000	G#4	68	80	
636	116.417708	Eb3	51	59	635	62.875000	Eb3	51	80	
637	116.423958	F#4	66	66	634	62.875000	F#4	66	80	
638	116.692708	F4	65	58	636	63.000000	F4	65	80	
639	116.696875	C#3	49	53	637	63.000000	C#3	49	80	
640	117.136458	G4	67	67	638	63.250000	G4	67	80	
641	117.143750	C#4	61	60	639	63.250000	C#4	61	80	
642	117.151042	Bb2	46	56	640	63.250000	Bb2	46	80	
643	117.355208	A4	69	70	641	63.375000	A4	69	80	
644	117.357292	C4	60	68	642	63.375000	C4	60	80	
645	117.369792	C3	48	56	643	63.375000	C3	48	80	
646	117.639583	C#3	49	62	646	63.500000	C#3	49	80	
647	117.639583	Bb4	70	69	644	63.500000	Bb4	70	80	
648	117.644792	Bb3	58	64	645	63.500000	Bb3	58	80	
649	118.066667	F3	53	68	647	63.750000	F3	53	80	
650	118.070833	C#3	49	65	648	63.750000	C#3	49	80	
651	118.281250	Eb3	51	66	650	63.875000	Eb3	51	80	
652	118.295833	G3	55	72	649	63.875000	G3	55	80	
653	118.553125	F3	53	71	652	64.000000	F3	53	80	
654	118.562500	G#3	56	68	651	64.000000	G#3	56	80	
655	119.014583	G#3	56	66	654	64.250000	G#3	56	80	
656	119.014583	C5	72	70	653	64.250000	C5	72	80	
657	119.233333	Bb3	58	68	656	64.375000	Bb3	58	80	
658	119.244792	Bb4	70	76	655	64.375000	Bb4	70	80	
659	119.467708	C4	60	74	658	64.500000	C4	60	80	
660	119.467708	G#4	68	78	657	64.500000	G#4	68	80	
661	119.680208	G4	67	75	659	64.625000	G4	67	80	
662	119.685417	Eb3	51	72	660	64.625000	Eb3	51	80	
663	119.895833	C#3	49	63	662	64.750000	C#3	49	80	
664	119.914583	F4	65	67	661	64.750000	F4	65	80	
665	120.137500	C3	48	49	664	64.875000	C3	48	80	
666	120.141667	Eb4	63	71	663	64.875000	Eb4	63	80	
667	120.158333	B2	47	47	*	-1	*	-1	-1	
668	120.346875	Bb2	46	67	666	65.000000	Bb2	46	80	
669	120.355208	C#4	61	68	665	65.000000	C#4	61	80	
670	120.573958	C3	48	70	667	65.125000	C3	48	80	
671	120.787500	C#3	49	69	669	65.250000	C#3	49	80	
672	120.795833	Bb3	58	64	668	65.250000	Bb3	58	80	
673	121.005208	C3	48	71	671	65.375000	C3	48	80	
674	121.007292	C4	60	71	670	65.375000	C4	60	80	
675	121.240625	Bb2	46	66	673	65.500000	Bb2	46	80	
676	121.243750	C#4	61	64	672	65.500000	C#4	61	80	
677	121.452083	G#2	44	73	675	65.625000	G#2	44	80	
678	121.456250	F4	65	66	674	65.625000	F4	65	80	
679	121.683333	G2	43	75	677	65.750000	G2	43	80	
680	121.692708	Bb4	70	72	676	65.750000	Bb4	70	80	
681	121.893750	F2	41	69	679	65.875000	F2	41	80	
682	121.908333	G#4	68	73	678	65.875000	G#4	68	80	
683	122.158333	Eb2	39	58	681	66.000000	Eb2	39	80	
684	122.162500	G4	67	63	680	66.000000	G4	67	80	
685	122.625000	Bb2	46	48	683	66.250000	Bb2	46	80	
686	122.630208	Eb4	63	63	682	66.250000	Eb4	63	80	
687	122.822917	C#4	61	45	684	66.375000	C#4	61	80	
688	123.106250	Eb4	63	82	686	66.500000	Eb4	63	80	
689	123.110417	C4	60	58	687	66.500000	C4	60	80	
690	123.119792	C3	48	51	688	66.500000	C3	48	80	
691	123.119792	G#4	68	63	685	66.500000	G#4	68	80	
692	123.560417	G#2	44	54	690	66.750000	G#2	44	80	
693	123.580208	C#4	61	55	689	66.750000	C#4	61	80	
694	123.814583	C4	60	50	691	66.875000	C4	60	80	
695	124.063542	F4	65	83	692	67.000000	F4	65	80	
696	124.075000	C#3	49	55	694	67.000000	C#3	49	80	
697	124.079167	Bb3	58	59	693	67.000000	Bb3	58	80	
698	124.286458	G4	67	67	695	67.125000	G4	67	80	
699	124.520833	Bb2	46	54	697	67.250000	Bb2	46	80	
700	124.525000	G#4	68	68	696	67.250000	G#4	68	80	
701	124.738542	Bb4	70	70	698	67.375000	Bb4	70	80	
702	124.977083	Eb3	51	63	701	67.500000	Eb3	51	80	
703	124.977083	C5	72	79	699	67.500000	C5	72	80	
704	124.988542	Eb4	63	80	700	67.500000	Eb4	63	80	
705	125.398958	C3	48	58	703	67.750000	C3	48	80	
706	125.404167	G#3	56	66	702	67.750000	G#3	56	80	
707	125.621875	G3	55	65	704	67.875000	G3	55	80	
708	125.866667	G#3	56	57	706	68.000000	G#3	56	80	
709	125.877083	F3	53	50	707	68.000000	F3	53	80	
710	125.877083	D4	62	82	705	68.000000	D4	62	80	
711	126.090625	G#4	68	69	708	68.125000	G#4	68	80	
712	126.310417	Bb2	46	62	711	68.250000	Bb2	46	80	
713	126.326042	G3	55	55	710	68.250000	G3	55	80	
714	126.326042	Bb4	70	65	709	68.250000	Bb4	70	80	
715	126.531250	C5	72	73	712	68.375000	C5	72	80	
716	126.540625	G#3	56	59	713	68.375000	G#3	56	80	
717	126.786458	G4	67	86	715	68.500000	G4	67	80	
718	126.803125	C#5	73	77	714	68.500000	C#5	73	80	
719	126.818750	Bb3	58	63	716	68.500000	Bb3	58	80	
720	127.005208	G#3	56	74	717	68.625000	G#3	56	80	
721	127.237500	Eb3	51	74	719	68.750000	Eb3	51	80	
722	127.246875	G3	55	63	718	68.750000	G3	55	80	
723	127.460417	C#3	49	66	721	68.875000	C#3	49	80	
724	127.460417	F3	53	73	720	68.875000	F3	53	80	
725	127.717708	C3	48	61	724	69.000000	C3	48	80	
726	127.717708	G#4	68	90	722	69.000000	G#4	68	80	
727	127.720833	Eb3	51	66	723	69.000000	Eb3	51	80	
728	127.916667	C5	72	74	725	69.125000	C5	72	80	
729	128.168750	G#3	56	64	727	69.250000	G#3	56	80	
730	128.172917	F3	53	60	728	69.250000	F3	53	80	
731	128.172917	C#5	73	72	726	69.250000	C#5	73	80	
732	128.377083	Eb5	75	66	729	69.375000	Eb5	75	80	
733	128.621875	C#4	61	85	731	69.500000	C#4	61	80	
734	128.623958	F5	77	76	730	69.500000	F5	77	80	
735	128.835417	Eb3	51	70	733	69.625000	Eb3	51	80	
736	128.852083	G3	55	63	732	69.625000	G3	55	80	
737	129.067708	G#3	56	81	734	69.750000	G#3	56	80	
738	129.075000	F3	53	68	735	69.750000	F3	53	80	
739	129.272917	Bb3	58	80	736	69.875000	Bb3	58	80	
740	129.290625	G3	55	73	737	69.875000	G3	55	80	
741	129.533333	G#3	56	82	740	70.000000	G#3	56	80	
742	129.533333	C4	60	84	738	70.000000	C4	60	80	
743	129.742708	Eb5	75	74	741	70.125000	Eb5	75	80	
744	129.747917	G3	55	66	742	70.125000	G3	55	80	
745	129.975000	F3	53	65	744	70.250000	F3	53	80	
746	129.975000	F5	77	76	743	70.250000	F5	77	80	
747	130.175000	Eb3	51	68	746	70.375000	Eb3	51	80	
748	130.187500	G5	79	76	745	70.375000	G5	79	80	
749	130.445833	B3	59	84	748	70.500000	B3	59	80	
750	130.450000	G#5	80	77	747	70.500000	G#5	80	80	
751	130.459375	D3	50	78	749	70.500000	D3	50	80	
752	130.668750	F3	53	65	750	70.625000	F3	53	80	
753	130.921875	G3	55	63	751	70.750000	G3	55	80	
754	131.156250	G#3	56	60	752	70.875000	G#3	56	80	
755	131.440625	Bb3	58	67	753	71.000000	Bb3	58	80	
756	131.444792	Eb3	51	70	754	71.000000	Eb3	51	80	
757	131.886458	D3	50	48	757	71.250000	D3	50	80	
758	131.895833	G5	79	70	756	71.250000	G5	79	80	
759	132.108333	F5	77	68	758	71.375000	F5	77	80	
760	132.329167	E3	52	56	760	71.500000	E3	52	80	
761	132.347917	G5	79	66	759	71.500000	G5	79	80	
762	132.547917	G3	55	65	761	71.625000	G3	55	80	
763	132.768750	C3	48	66	763	71.750000	C3	48	80	
764	132.786458	F3	53	60	762	71.750000	F3	53	80	
765	132.984375	E3	52	69	764	71.875000	E3	52	80	
766	133.242708	F3	53	68	766	72.000000	F3	53	80	
767	133.242708	G#3	56	74	765	72.000000	G#3	56	80	
768	133.441667	C5	72	75	768	72.125000	C5	72	80	
769	133.661458	D5	74	79	769	72.250000	D5	74	80	
770	133.673958	F3	53	62	770	72.250000	F3	53	80	
771	133.877083	Eb3	51	65	772	72.375000	Eb3	51	80	
772	133.877083	Eb5	75	77	771	72.375000	Eb5	75	80	
773	134.105208	D3	50	52	774	72.500000	D3	50	80	
774	134.110417	F5	77	84	773	72.500000	F5	77	80	
775	134.325000	B4	71	71	775	72.625000	B4	71	80	
776	134.533333	D3	50	62	777	72.750000	D3	50	80	
777	134.555208	C5	72	72	776	72.750000	C5	72	80	
778	134.754167	C3	48	66	779	72.875000	C3	48	80	
779	134.756250	D5	74	71	778	72.875000	D5	74	80	
780	134.971875	G4	67	64	780	73.000000	G4	67	80	
781	134.991667	B2	47	64	781	73.000000	B2	47	80	
782	135.192708	G2	43	66	782	73.125000	G2	43	80	
783	135.413542	A2	45	60	784	73.250000	A2	45	80	
784	135.419792	Eb5	75	71	783	73.250000	Eb5	75	80	
785	135.617708	B2	47	60	786	73.375000	B2	47	80	
786	135.623958	D5	74	77	785	73.375000	D5	74	80	
787	135.836458	Eb5	75	67	787	73.500000	Eb5	75	80	
788	135.873958	C3	48	59	788	73.500000	C3	48	80	
789	136.098958	G#2	44	66	789	73.625000	G#2	44	80	
790	136.309375	Bb2	46	62	791	73.750000	Bb2	46	80	
791	136.341667	F#4	66	64	790	73.750000	F#4	66	80	
792	136.533333	C3	48	56	792	73.875000	C3	48	80	
793	136.783333	F4	65	53	793	74.000000	F4	65	80	
794	136.787500	C#3	49	43	794	74.000000	C#3	49	80	
795	137.001042	G#4	68	60	795	74.125000	G#4	68	80	
796	137.223958	C#3	49	50	797	74.250000	C#3	49	80	
797	137.233333	Bb4	70	61	796	74.250000	Bb4	70	80	
798	137.447917	C3	48	40	799	74.375000	C3	48	80	
799	137.453125	C5	72	61	798	74.375000	C5	72	80	
800	137.721875	C#5	73	58	800	74.500000	C#5	73	80	
801	137.735417	Bb2	46	41	801	74.500000	Bb2	46	80	
802	137.953125	G4	67	54	802	74.625000	G4	67	80	
803	138.169792	Bb2	46	57	804	74.750000	Bb2	46	80	
804	138.179167	G#4	68	67	803	74.750000	G#4	68	80	
805	138.375000	Bb4	70	64	805	74.875000	Bb4	70	80	
806	138.378125	G#2	44	61	806	74.875000	G#2	44	80	
807	138.603125	Eb4	63	58	807	75.000000	Eb4	63	80	
808	138.607292	G2	43	58	808	75.000000	G2	43	80	
809	138.810417	Eb2	39	63	809	75.125000	Eb2	39	80	
810	139.035417	F2	41	59	811	75.250000	F2	41	80	
811	139.042708	C5	72	68	810	75.250000	C5	72	80	
812	139.252083	G2	43	59	813	75.375000	G2	43	80	
813	139.258333	Bb4	70	65	812	75.375000	Bb4	70	80	
814	139.509375	G#2	44	59	815	75.500000	G#2	44	80	
815	139.509375	C5	72	73	814	75.500000	C5	72	80	
816	139.721875	F2	41	54	817	75.625000	F2	41	80	
817	139.736458	F#4	66	56	816	75.625000	F#4	66	80	
818	139.923958	G2	43	61	819	75.750000	G2	43	80	
819	139.946875	F4	65	60	818	75.750000	F4	65	80	
820	140.142708	Eb4	63	65	820	75.875000	Eb4	63	80	
821	140.157292	A2	45	58	821	75.875000	A2	45	80	
822	140.371875	C#4	61	61	822	76.000000	C#4	61	80	
823	140.383333	Bb2	46	57	823	76.000000	Bb2	46	80	
824	140.570833	A2	45	62	824	76.125000	A2	45	80	
825	140.807292	Bb2	46	64	826	76.250000	Bb2	46	80	
826	140.807292	F4	65	72	825	76.250000	F4	65	80	
827	141.013542	C3	48	63	827	76.375000	C3	48	80	
828	141.250000	C#3	49	56	829	76.500000	C#3	49	80	
829	141.256250	Bb4	70	73	828	76.500000	Bb4	70	80	
830	141.470833	Bb2	46	59	830	76.625000	Bb2	46	80	
831	141.697917	C3	48	48	832	76.750000	C3	48	80	
832	141.715625	G#4	68	66	831	76.750000	G#4	68	80	
833	141.945833	C#3	49	52	833	76.875000	C#3	49	80	
834	142.218750	Eb3	51	48	835	77.000000	Eb3	51	80	
835	142.220833	G4	67	57	834	77.000000	G4	67	80	
836	142.464583	Bb3	58	52	836	77.125000	Bb3	58	80	
837	142.673958	Eb3	51	60	838	77.250000	Eb3	51	80	
838	142.673958	C4	60	56	837	77.250000	C4	60	80	
839	142.880208	C#4	61	59	839	77.375000	C#4	61	80	
840	142.887500	C#3	49	53	840	77.375000	C#3	49	80	
841	143.108333	Eb4	63	58	841	77.500000	Eb4	63	80	
842	143.120833	C3	48	53	842	77.500000	C3	48	80	
843	143.308333	G4	67	72	843	77.625000	G4	67	80	
844	143.534375	C3	48	69	845	77.750000	C3	48	80	
845	143.534375	G#4	68	81	844	77.750000	G#4	68	80	
846	143.741667	Bb4	70	73	846	77.875000	Bb4	70	80	
847	143.751042	Bb2	46	69	847	77.875000	Bb2	46	80	
848	143.985417	G#2	44	65	849	78.000000	G#2	44	80	
849	143.985417	C5	72	73	848	78.000000	C5	72	80	
850	144.204167	Eb4	63	62	850	78.125000	Eb4	63	80	
851	144.413542	G#3	56	84	852	78.250000	G#3	56	80	
852	144.422917	F4	65	64	851	78.250000	F4	65	80	
853	144.629167	G3	55	78	854	78.375000	G3	55	80	
854	144.640625	G4	67	68	853	78.375000	G4	67	80	
855	144.862500	F3	53	74	856	78.500000	F3	53	80	
856	144.873958	G#4	68	65	855	78.500000	G#4	68	80	
857	145.072917	C5	72	84	857	78.625000	C5	72	80	
858	145.293750	D5	74	84	858	78.750000	D5	74	80	
859	145.300000	F3	53	72	859	78.750000	F3	53	80	
860	145.496875	Eb5	75	79	860	78.875000	Eb5	75	80	
861	145.514583	Eb3	51	70	861	78.875000	Eb3	51	80	
862	145.736458	F5	77	78	862	79.000000	F5	77	80	
863	145.737500	D3	50	58	863	79.000000	D3	50	80	
864	145.943750	C5	72	73	864	79.125000	C5	72	80	
865	146.191667	Bb4	70	66	865	79.250000	Bb4	70	80	
866	146.403125	G#4	68	66	866	79.375000	G#4	68	80	
867	146.629167	Eb3	51	71	869	79.500000	Eb3	51	80	
868	146.633333	Bb3	58	89	868	79.500000	Bb3	58	80	
869	146.667708	G4	67	63	867	79.500000	G4	67	80	
870	146.879167	Bb4	70	54	870	79.625000	Bb4	70	80	
871	147.080208	G3	55	59	872	79.750000	G3	55	80	
872	147.106250	Eb5	75	61	871	79.750000	Eb5	75	80	
873	147.326042	G4	67	53	873	79.875000	G4	67	80	
874	147.544792	G#3	56	77	876	80.000000	G#3	56	80	
875	147.552083	C4	60	82	875	80.000000	C4	60	80	
876	147.573958	F4	65	63	874	80.000000	F4	65	80	
877	147.790625	Eb5	75	61	877	80.125000	Eb5	75	80	
878	148.007292	D5	74	65	878	80.250000	D5	74	80	
879	148.011458	F3	53	62	879	80.250000	F3	53	80	
880	148.223958	C5	72	64	880	80.375000	C5	72	80	
881	148.427083	Bb3	58	75	882	80.500000	Bb3	58	80	
882	148.457292	D5	74	72	881	80.500000	D5	74	80	
883	148.668750	Eb5	75	64	884	80.625000	Eb5	75	80	
884	148.873958	Bb2	46	58	886	80.750000	Bb2	46	80	
885	148.890625	C5	72	58	885	80.750000	C5	72	80	
886	149.087500	D5	74	67	887	80.875000	D5	74	80	
887	149.314583	A3	57	76	890	81.000000	A3	57	80	
888	149.320833	C3	48	73	891	81.000000	C3	48	80	
889	149.328125	Eb4	63	57	889	81.000000	C4	60	80	
890	149.344792	Eb5	75	54	888	81.000000	Eb5	75	80	
891	149.540625	C5	72	63	892	81.125000	C5	72	80	
892	149.775000	C4	60	60	894	81.250000	C4	60	80	
893	149.775000	D5	74	62	893	81.250000	D5	74	80	
894	149.997917	Bb3	58	58	896	81.375000	Bb3	58	80	
895	149.997917	Eb5	75	59	895	81.375000	Eb5	75	80	
896	150.238542	F5	77	76	897	81.500000	F5	77	80	
897	150.240625	G#3	56	76	899	81.500000	G#3	56	80	
898	150.242708	D4	62	89	898	81.500000	D4	62	80	
899	150.463542	Eb5	75	69	900	81.625000	Eb5	75	80	
900	150.685417	Bb3	58	71	902	81.750000	Bb3	58	80	
901	150.700000	D5	74	64	901	81.750000	D5	74	80	
902	150.880208	G#3	56	49	904	81.875000	G#3	56	80	
903	150.889583	C5	72	62	903	81.875000	C5	72	80	
904	151.142708	G3	55	80	907	82.000000	G3	55	80	
905	151.150000	Eb4	63	87	906	82.000000	Eb4	63	80	
906	151.167708	Bb4	70	65	905	82.000000	Bb4	70	80	
907	151.383333	C4	60	64	908	82.125000	C4	60	80	
908	151.612500	Bb2	46	56	910	82.250000	Bb2	46	80	
909	151.621875	D4	62	59	909	82.250000	D4	62	80	
910	151.830208	C3	48	67	912	82.375000	C3	48	80	
911	151.855208	Eb4	63	47	911	82.375000	Eb4	63	80	
912	152.084375	G#3	56	82	914	82.500000	G#3	56	80	
913	152.093750	D3	50	78	915	82.500000	D3	50	80	
914	152.097917	F4	65	58	913	82.500000	F4	65	80	
915	152.316667	Eb4	63	57	916	82.625000	Eb4	63	80	
916	152.553125	D4	62	60	917	82.750000	D4	62	80	
917	152.562500	C3	48	61	918	82.750000	C3	48	80	
918	152.748958	D3	50	62	920	82.875000	D3	50	80	
919	152.753125	C4	60	66	919	82.875000	C4	60	80	
920	153.000000	Eb3	51	74	923	83.000000	Eb3	51	80	
921	153.000000	G3	55	74	922	83.000000	G3	55	80	
922	153.009375	Bb3	58	62	921	83.000000	Bb3	58	80	
923	153.223958	G#4	68	69	924	83.125000	G#4	68	80	
924	153.447917	Eb3	51	65	926	83.250000	Eb3	51	80	
925	153.464583	G4	67	63	925	83.250000	G4	67	80	
926	153.675000	F4	65	55	927	83.375000	F4	65	80	
927	153.685417	D3	50	60	928	83.375000	D3	50	80	
928	153.937500	F#3	54	70	930	83.500000	F#3	54	80	
929	153.937500	Eb4	63	60	929	83.500000	Eb4	63	80	
930	153.942708	C3	48	65	931	83.500000	C3	48	80	
931	154.386458	C3	48	46	933	83.750000	C3	48	80	
932	154.386458	A3	57	52	932	83.750000	A3	57	80	
933	154.571875	Bb2	46	58	935	83.875000	Bb2	46	80	
934	154.615625	Bb3	58	57	934	83.875000	Bb3	58	80	
935	154.834375	F3	53	63	937	84.000000	F3	53	80	
936	154.851042	A2	45	59	938	84.000000	A2	45	80	
937	154.851042	C4	60	58	936	84.000000	C4	60	80	
938	155.052083	Eb4	63	58	939	84.125000	Eb4	63	80	
939	155.276042	F4	65	67	940	84.250000	F4	65	80	
940	155.478125	Eb4	63	58	941	84.375000	Eb4	63	80	
941	155.716667	Bb3	58	64	943	84.500000	Bb3	58	80	
942	155.735417	Bb2	46	61	944	84.500000	Bb2	46	80	
943	155.735417	D4	62	60	942	84.500000	D4	62	80	
944	155.948958	C5	72	70	945	84.625000	C5	72	80	
945	156.169792	Bb4	70	67	946	84.750000	Bb4	70	80	
946	156.379167	G#4	68	64	947	84.875000	G#4	68	80	
947	156.648958	Eb3	51	58	949	85.000000	Eb3	51	80	
948	156.648958	G4	67	57	948	85.000000	G4	67	80	
949	157.090625	Bb4	70	71	951	85.250000	Bb4	70	80	
950	157.102083	Eb4	63	64	952	85.250000	Eb4	63	80	
951	157.302083	F4	65	60	953	85.375000	F4	65	80	
952	157.566667	Eb5	75	65	954	85.500000	Eb5	75	80	
953	157.576042	G4	67	56	955	85.500000	G4	67	80	
954	157.994792	Eb3	51	57	957	85.750000	Eb3	51	80	
955	158.009375	G4	67	51	956	85.750000	G4	67	80	
956	158.205208	F3	53	54	959	85.875000	F3	53	80	
957	158.225000	G#4	68	62	958	85.875000	G#4	68	80	
958	158.465625	Bb4	70	55	960	86.000000	Bb4	70	80	
959	158.478125	G3	55	56	961	86.000000	G3	55	80	
960	158.663542	G5	79	68	962	86.125000	G5	79	80	
961	158.888542	F5	77	73	963	86.250000	F5	77	80	
962	158.891667	Bb3	58	63	964	86.250000	Bb3	58	80	
963	158.895833	G3	55	53	965	86.250000	G3	55	80	
964	159.100000	G#3	56	64	968	86.375000	G#3	56	80	
965	159.104167	Eb5	75	76	966	86.375000	Eb5	75	80	
966	159.115625	C4	60	62	967	86.375000	C4	60	80	
967	159.335417	D5	74	78	969	86.500000	D5	74	80	
968	159.350000	Bb3	58	62	971	86.500000	Bb3	58	80	
969	159.355208	D4	62	67	970	86.500000	D4	62	80	
970	159.557292	C4	60	69	973	86.625000	C4	60	80	
971	159.561458	G#4	68	69	972	86.625000	G#4	68	80	
972	159.764583	Bb2	46	70	976	86.750000	Bb2	46	80	
973	159.776042	Bb3	58	71	975	86.750000	Bb3	58	80	
974	159.786458	G4	67	60	974	86.750000	G4	67	80	
975	159.990625	F4	65	62	977	86.875000	F4	65	80	
976	159.995833	G#3	56	66	978	86.875000	G#3	56	80	
977	160.214583	C3	48	65	981	87.000000	C3	48	80	
978	160.221875	G3	55	65	980	87.000000	G3	55	80	
979	160.226042	Eb4	63	63	979	87.000000	Eb4	63	80	
980	160.433333	D4	62	67	982	87.125000	D4	62	80	
981	160.659375	G4	67	70	983	87.250000	G4	67	80	
982	160.670833	C4	60	68	984	87.250000	C4	60	80	
983	160.869792	D4	62	72	985	87.375000	D4	62	80	
984	161.122917	C5	72	75	986	87.500000	C5	72	80	
985	161.127083	Eb4	63	64	987	87.500000	Eb4	63	80	
986	161.552083	Eb4	63	62	988	87.750000	Eb4	63	80	
987	161.561458	C3	48	56	989	87.750000	C3	48	80	
988	161.771875	F4	65	54	990	87.875000	F4	65	80	
989	161.778125	D3	50	62	991	87.875000	D3	50	80	
990	162.020833	G4	67	61	992	88.000000	G4	67	80	
991	162.030208	Eb3	51	64	993	88.000000	Eb3	51	80	
992	162.233333	Eb5	75	77	994	88.125000	Eb5	75	80	
993	162.419792	Eb3	51	70	997	88.250000	Eb3	51	80	
994	162.441667	G3	55	64	996	88.250000	G3	55	80	
995	162.444792	D5	74	77	995	88.250000	D5	74	80	
996	162.653125	F3	53	70	1000	88.375000	F3	53	80	
997	162.657292	C5	72	76	998	88.375000	C5	72	80	
998	162.662500	G#3	56	76	999	88.375000	G#3	56	80	
999	162.893750	G3	55	64	1003	88.500000	G3	55	80	
1000	162.893750	Bb4	70	76	1001	88.500000	Bb4	70	80	
1001	162.905208	Bb3	58	70	1002	88.500000	Bb3	58	80	
1002	163.104167	G#3	56	69	1005	88.625000	G#3	56	80	
1003	163.108333	F4	65	65	1004	88.625000	F4	65	80	
1004	163.330208	G2	43	71	1008	88.750000	G2	43	80	
1005	163.330208	G3	55	76	1007	88.750000	G3	55	80	
1006	163.343750	Eb4	63	61	1006	88.750000	Eb4	63	80	
1007	163.539583	F3	53	69	1010	88.875000	F3	53	80	
1008	163.548958	C#4	61	62	1009	88.875000	C#4	61	80	
1009	163.762500	G#2	44	65	1013	89.000000	G#2	44	80	
1010	163.783333	Eb3	51	74	1012	89.000000	Eb3	51	80	
1011	163.783333	C4	60	67	1011	89.000000	C4	60	80	
1012	164.001042	Bb3	58	62	1014	89.125000	Bb3	58	80	
1013	164.216667	G#3	56	75	1016	89.250000	G#3	56	80	
1014	164.216667	Eb4	63	72	1015	89.250000	Eb4	63	80	
1015	164.433333	Bb3	58	67	1017	89.375000	Bb3	58	80	
1016	164.696875	G#4	68	84	1018	89.500000	G#4	68	80	
1017	164.706250	C4	60	76	1019	89.500000	C4	60	80	
1018	165.150000	G#2	44	70	1021	89.750000	G#2	44	80	
1019	165.154167	C4	60	61	1020	89.750000	C4	60	80	
1020	165.354167	Bb2	46	68	1023	89.875000	Bb2	46	80	
1021	165.375000	D4	62	71	1022	89.875000	D4	62	80	
1022	165.612500	C3	48	69	1025	90.000000	C3	48	80	
1023	165.612500	Eb4	63	64	1024	90.000000	Eb4	63	80	
1024	165.807292	C5	72	79	1026	90.125000	C5	72	80	
1025	166.034375	Bb4	70	79	1027	90.250000	Bb4	70	80	
1026	166.040625	Eb3	51	71	1028	90.250000	Eb3	51	80	
1027	166.058333	C3	48	59	1029	90.250000	C3	48	80	
1028	166.251042	D3	50	64	1032	90.375000	D3	50	80	
1029	166.251042	F3	53	73	1031	90.375000	F3	53	80	
1030	166.255208	G#4	68	78	1030	90.375000	G#4	68	80	
1031	166.483333	G4	67	84	1033	90.500000	G4	67	80	
1032	166.490625	Eb3	51	74	1035	90.500000	Eb3	51	80	
1033	166.497917	G3	55	73	1034	90.500000	G3	55	80	
1034	166.696875	F3	53	67	1037	90.625000	F3	53	80	
1035	166.730208	D4	62	72	1036	90.625000	D4	62	80	
1036	166.922917	Eb3	51	77	1039	90.750000	Eb3	51	80	
1037	166.929167	Eb2	39	70	1040	90.750000	Eb2	39	80	
1038	166.944792	C4	60	73	1038	90.750000	C4	60	80	
1039	167.141667	Bb3	58	69	1041	90.875000	Bb3	58	80	
1040	167.157292	D3	50	61	1042	90.875000	D3	50	80	
1041	167.375000	G#3	56	75	1043	91.000000	G#3	56	80	
1042	167.377083	C3	48	75	1045	91.000000	C3	48	80	
1043	167.393750	F2	41	73	1044	91.000000	F2	41	80	
1044	167.582292	F4	65	76	1046	91.125000	F4	65	80	
1045	167.843750	G#4	68	82	1047	91.250000	G#4	68	80	
1046	167.847917	D3	50	73	1048	91.250000	D3	50	80	
1047	167.850000	G2	43	70	1049	91.250000	G2	43	80	
1048	167.855208	B2	47	74	1050	91.250000	B2	47	80	
1049	168.050000	G4	67	81	1051	91.375000	G4	67	80	
1050	168.057292	Eb3	51	72	1052	91.375000	Eb3	51	80	
1051	168.305208	G#2	44	78	1055	91.500000	G#2	44	80	
1052	168.305208	F3	53	77	1054	91.500000	F3	53	80	
1053	168.309375	C3	48	71	1056	91.500000	C3	48	80	
1054	168.313542	F4	65	79	1053	91.500000	F4	65	80	
1055	168.523958	Eb4	63	79	1057	91.625000	Eb4	63	80	
1056	168.764583	F#3	54	82	1059	91.750000	F#3	54	80	
1057	168.771875	A2	45	75	1060	91.750000	A2	45	80	
1058	168.788542	D4	62	82	1058	91.750000	D4	62	80	
1059	169.002083	C4	60	85	1061	91.875000	C4	60	80	
1060	169.325000	G2	43	69	1064	92.000000	G2	43	80	
1061	169.325000	D3	50	66	1065	92.000000	D3	50	80	
1062	169.330208	G3	55	71	1063	92.000000	G3	55	80	
1063	169.347917	B3	59	80	1062	92.000000	B3	59	80	
1064	169.887500	G3	55	42	1066	92.250000	G3	55	80	
1065	170.130208	A3	57	32	1067	92.375000	A3	57	80	
1066	170.594792	G5	79	61	1068	92.500000	G5	79	80	
1067	170.609375	B3	59	37	1069	92.500000	B3	59	80	
1068	171.086458	A3	57	35	1070	92.750000	A3	57	80	
1069	171.302083	B3	59	39	1071	92.875000	B3	59	80	
1070	171.538542	G#5	80	65	1072	93.000000	G#5	80	80	
1071	171.555208	C4	60	38	1073	93.000000	C4	60	80	
1072	171.785417	B3	59	35	1074	93.125000	B3	59	80	
1073	171.988542	C5	72	50	1075	93.250000	C5	72	80	
1074	172.030208	C4	60	40	1076	93.250000	C4	60	80	
1075	172.221875	D4	62	42	1077	93.375000	D4	62	80	
1076	172.473958	Eb4	63	42	1079	93.500000	Eb4	63	80	
1077	172.473958	G5	79	58	1078	93.500000	G5	79	80	
1078	172.922917	Bb4	70	51	1080	93.750000	Bb4	70	80	
1079	173.403125	F#5	78	62	1081	94.000000	F#5	78	80	
1080	173.415625	A4	69	36	1082	94.000000	A4	69	80	
1081	173.628125	C4	60	45	1083	94.125000	C4	60	80	
1082	173.852083	D4	62	43	1085	94.250000	D4	62	80	
1083	173.858333	Bb4	70	53	1084	94.250000	Bb4	70	80	
1084	174.073958	C5	72	55	1086	94.375000	C5	72	80	
1085	174.078125	Eb4	63	53	1087	94.375000	Eb4	63	80	
1086	174.330208	B5	83	69	1088	94.500000	B5	83	80	
1087	174.337500	D5	74	56	1089	94.500000	D5	74	80	
1088	174.344792	F4	65	42	1090	94.500000	F4	65	80	
1089	174.558333	C5	72	56	1091	94.625000	C5	72	80	
1090	174.792708	B4	71	48	1092	94.750000	B4	71	80	
1091	174.997917	A4	69	43	1093	94.875000	A4	69	80	
1092	175.245833	C6	84	72	1094	95.000000	C6	84	80	
1093	175.292708	G4	67	47	1095	95.000000	G4	67	80	
1094	175.471875	Eb4	63	51	1096	95.125000	Eb4	63	80	
1095	175.702083	F4	65	51	1097	95.250000	F4	65	80	
1096	175.937500	G4	67	55	1098	95.375000	G4	67	80	
1097	176.175000	F5	77	62	1099	95.500000	F5	77	80	
1098	176.180208	G#4	68	55	1100	95.500000	G#4	68	80	
1099	176.395833	G3	55	47	1101	95.625000	G3	55	80	
1100	176.628125	G#3	56	53	1102	95.750000	G#3	56	80	
1101	176.844792	Bb3	58	55	1103	95.875000	Bb3	58	80	
1102	177.082292	E5	76	70	1104	96.000000	E5	76	80	
1103	177.101042	C4	60	48	1105	96.000000	C4	60	80	
1104	177.312500	G4	67	49	1106	96.125000	G4	67	80	
1105	177.532292	A4	69	44	1107	96.250000	A4	69	80	
1106	177.737500	B4	71	60	1108	96.375000	B4	71	80	
1107	178.005208	Eb5	75	63	1109	96.500000	Eb5	75	80	
1108	178.011458	C5	72	60	1110	96.500000	C5	72	80	
1109	178.230208	C4	60	39	1111	96.625000	C4	60	80	
1110	178.457292	D4	62	37	1112	96.750000	D4	62	80	
1111	178.676042	Eb4	63	49	1113	96.875000	Eb4	63	80	
1112	178.942708	D5	74	62	1114	97.000000	D5	74	80	
1113	178.947917	F4	65	38	1115	97.000000	F4	65	80	
1114	179.156250	D4	62	50	1116	97.125000	D4	62	80	
1115	179.375000	Eb4	63	45	1118	97.250000	Eb4	63	80	
1116	179.403125	B4	71	49	1117	97.250000	B4	71	80	
1117	179.598958	F4	65	51	1120	97.375000	F4	65	80	
1118	179.598958	A4	69	50	1119	97.375000	A4	69	80	
1119	179.817708	G4	67	49	1122	97.500000	G4	67	80	
1120	179.817708	B4	71	51	1121	97.500000	B4	71	80	
1121	180.022917	G#4	68	55	1124	97.625000	G#4	68	80	
1122	180.029167	C5	72	55	1123	97.625000	C5	72	80	
1123	180.259375	B4	71	56	1125	97.750000	B4	71	80	
1124	180.262500	G4	67	46	1126	97.750000	G4	67	80	
1125	180.458333	D5	74	53	1127	97.875000	D5	74	80	
1126	180.467708	F4	65	44	1128	97.875000	F4	65	80	
1127	180.698958	G4	67	44	1129	98.000000	G4	67	80	
1128	180.704167	Eb4	63	44	1130	98.000000	Eb4	63	80	
1129	180.977083	F4	65	25	1131	98.125000	F4	65	80	
1130	181.132292	C5	72	55	1132	98.250000	C5	72	80	
1131	181.156250	Eb4	63	33	1133	98.250000	Eb4	63	80	
1132	181.347917	D5	74	59	1134	98.375000	D5	74	80	
1133	181.371875	D4	62	42	1135	98.375000	D4	62	80	
1134	181.636458	C4	60	40	1137	98.500000	C4	60	80	
1135	181.652083	Eb5	75	53	1136	98.500000	Eb5	75	80	
1136	182.062500	G4	67	52	1138	98.750000	G4	67	80	
1137	182.076042	C4	60	49	1139	98.750000	C4	60	80	
1138	182.293750	Bb3	58	55	1140	98.875000	Bb3	58	80	
1139	182.546875	A3	57	55	1142	99.000000	A3	57	80	
1140	182.551042	C4	60	50	1141	99.000000	C4	60	80	
1141	182.969792	C5	72	58	1143	99.250000	C5	72	80	
1142	182.987500	A3	57	48	1144	99.250000	A3	57	80	
1143	183.194792	Bb4	70	59	1145	99.375000	Bb4	70	80	
1144	183.207292	G3	55	52	1146	99.375000	G3	55	80	
1145	183.465625	A4	69	52	1147	99.500000	A4	69	80	
1146	183.471875	F3	53	49	1148	99.500000	F3	53	80	
1147	183.894792	Bb4	70	54	1149	99.750000	Bb4	70	80	
1148	183.906250	G3	55	49	1150	99.750000	G3	55	80	
1149	184.104167	A3	57	53	1152	99.875000	A3	57	80	
1150	184.113542	C5	72	55	1151	99.875000	C5	72	80	
1151	184.364583	Bb3	58	47	1154	100.000000	Bb3	58	80	
1152	184.375000	F4	65	48	1153	100.000000	F4	65	80	
1153	184.777083	Bb4	70	64	1156	100.250000	Bb4	70	80	
1154	184.781250	F4	65	47	1157	100.250000	F4	65	80	
1155	184.781250	D5	74	67	1155	100.250000	D5	74	80	
1156	184.995833	Eb5	75	75	1158	100.375000	Eb5	75	80	
1157	185.001042	Eb4	63	53	1159	100.375000	Eb4	63	80	
1158	185.254167	D4	62	53	1161	100.500000	D4	62	80	
1159	185.259375	F5	77	79	1160	100.500000	F5	77	80	
1160	185.707292	G#4	68	66	1162	100.750000	G#4	68	80	
1161	185.714583	D4	62	50	1163	100.750000	D4	62	80	
1162	185.918750	C4	60	65	1164	100.875000	C4	60	80	
1163	186.142708	G4	67	62	1165	101.000000	G4	67	80	
1164	186.144792	B3	59	56	1166	101.000000	B3	59	80	
1165	186.596875	B3	59	59	1168	101.250000	B3	59	80	
1166	186.606250	D5	74	71	1167	101.250000	D5	74	80	
1167	186.821875	A3	57	68	1170	101.375000	A3	57	80	
1168	186.827083	C5	72	71	1169	101.375000	C5	72	80	
1169	187.083333	G3	55	60	1172	101.500000	G3	55	80	
1170	187.088542	B4	71	64	1171	101.500000	B4	71	80	
1171	187.513542	A3	57	60	1174	101.750000	A3	57	80	
1172	187.523958	C5	72	66	1173	101.750000	C5	72	80	
1173	187.730208	D5	74	67	1175	101.875000	D5	74	80	
1174	187.734375	B3	59	59	1176	101.875000	B3	59	80	
1175	187.965625	G4	67	68	1177	102.000000	G4	67	80	
1176	187.984375	C4	60	55	1178	102.000000	C4	60	80	
1177	188.168750	D5	74	82	1179	102.125000	D5	74	80	
1178	188.382292	Bb3	58	63	1181	102.250000	Bb3	58	80	
1179	188.382292	E5	76	84	1180	102.250000	E5	76	80	
1180	188.592708	G#3	56	68	1183	102.375000	G#3	56	80	
1181	188.592708	G5	79	87	1182	102.375000	G5	79	80	
1182	188.869792	G3	55	68	1185	102.500000	G3	55	80	
1183	188.869792	Bb4	70	84	1184	102.500000	Bb4	70	80	
1184	189.310417	G3	55	67	1187	102.750000	G3	55	80	
1185	189.321875	C#4	61	78	1186	102.750000	C#4	61	80	
1186	189.517708	F3	53	77	1188	102.875000	F3	53	80	
1187	189.765625	E3	52	67	1190	103.000000	E3	52	80	
1188	189.779167	C4	60	75	1189	103.000000	C4	60	80	
1189	190.229167	E3	52	71	1192	103.250000	E3	52	80	
1190	190.237500	G4	67	70	1191	103.250000	G4	67	80	
1191	190.458333	D3	50	74	1194	103.375000	D3	50	80	
1192	190.458333	F4	65	72	1193	103.375000	F4	65	80	
1193	190.702083	C3	48	67	1196	103.500000	C3	48	80	
1194	190.707292	E4	64	78	1195	103.500000	E4	64	80	
1195	191.134375	D3	50	70	1198	103.750000	D3	50	80	
1196	191.147917	F4	65	67	1197	103.750000	F4	65	80	
1197	191.359375	E3	52	77	1200	103.875000	E3	52	80	
1198	191.359375	G4	67	68	1199	103.875000	G4	67	80	
1199	191.591667	F3	53	71	1202	104.000000	F3	53	80	
1200	191.607292	C4	60	65	1201	104.000000	C4	60	80	
1201	191.816667	G3	55	78	1203	104.125000	G3	55	80	
1202	192.057292	G#3	56	77	1206	104.250000	G#3	56	80	
1203	192.068750	F4	65	66	1205	104.250000	F4	65	80	
1204	192.068750	G#4	68	73	1204	104.250000	G#4	68	80	
1205	192.264583	Bb3	58	76	1207	104.375000	Bb3	58	80	
1206	192.623958	C4	60	88	1209	104.500000	C4	60	80	
1207	192.634375	C3	48	81	1210	104.500000	C3	48	80	
1208	192.642708	G4	67	62	1208	104.500000	G4	67	80	
1209	193.122917	E4	64	64	1211	104.750000	E4	64	80	
1210	193.590625	C#3	49	86	1214	105.000000	C#3	49	80	
1211	193.614583	F4	65	65	1212	105.000000	F4	65	80	
1212	193.838542	E4	64	62	1215	105.125000	E4	64	80	
1213	194.060417	Bb3	58	66	1217	105.250000	Bb3	58	80	
1214	194.078125	F4	65	61	1216	105.250000	F4	65	80	
1215	194.275000	G4	67	63	1218	105.375000	G4	67	80	
1216	194.510417	C3	48	81	1220	105.500000	C3	48	80	
1217	194.518750	G#4	68	71	1219	105.500000	G#4	68	80	
1218	194.719792	G4	67	57	1221	105.625000	G4	67	80	
1219	194.972917	G#3	56	60	1223	105.750000	G#3	56	80	
1220	194.977083	F4	65	55	1222	105.750000	F4	65	80	
1221	194.988542	G#4	68	9	*	-1	*	-1	-1	
1222	195.173958	Eb4	63	56	1224	105.875000	Eb4	63	80	
1223	195.417708	B2	47	77	1226	106.000000	B2	47	80	
1224	195.422917	D4	62	63	1225	106.000000	D4	62	80	
1225	195.643750	F4	65	56	1227	106.125000	F4	65	80	
1226	195.886458	G4	67	60	1228	106.250000	G4	67	80	
1227	195.895833	G3	55	65	1229	106.250000	G3	55	80	
1228	196.076042	F3	53	72	1231	106.375000	F3	53	80	
1229	196.127083	G#4	68	66	1230	106.375000	G#4	68	80	
1230	196.347917	G3	55	24	1233	106.500000	G3	55	80	
1231	196.352083	E3	52	86	1234	106.500000	E3	52	80	
1232	196.373958	Bb4	70	76	1232	106.500000	Bb4	70	80	
1233	196.553125	Bb3	58	78	1235	106.625000	Bb3	58	80	
1234	196.798958	G#3	56	74	1237	106.750000	G#3	56	80	
1235	196.798958	C#4	61	66	1236	106.750000	C#4	61	80	
1236	197.014583	G3	55	75	1238	106.875000	G3	55	80	
1237	197.277083	F3	53	93	1239	107.000000	F3	53	80	
1238	197.490625	G#4	68	81	1241	107.125000	G#4	68	80	
1239	197.710417	C4	60	73	1243	107.250000	C4	60	80	
1240	197.714583	Bb4	70	76	1242	107.250000	Bb4	70	80	
1241	197.718750	G3	55	66	1244	107.250000	G3	55	80	
1242	197.895833	G#3	56	78	1246	107.375000	G#3	56	80	
1243	197.910417	C5	72	79	1245	107.375000	C5	72	80	
1244	198.185417	Bb2	46	79	1249	107.500000	Bb2	46	80	
1245	198.185417	Bb3	58	83	1248	107.500000	Bb3	58	80	
1246	198.191667	C#5	73	81	1247	107.500000	C#5	73	80	
1247	198.381250	F3	53	75	1250	107.625000	F3	53	80	
1248	198.613542	Eb3	51	83	1252	107.750000	Eb3	51	80	
1249	198.627083	F#4	66	77	1251	107.750000	F#4	66	80	
1250	198.809375	C#3	49	66	1253	107.875000	C#3	49	80	
1251	199.078125	C3	48	80	1254	108.000000	C3	48	80	
1252	199.091667	A2	45	76	1255	108.000000	A2	45	80	
1253	199.293750	C5	72	82	1256	108.125000	C5	72	80	
1254	199.537500	F4	65	74	1258	108.250000	F4	65	80	
1255	199.541667	D5	74	82	1257	108.250000	D5	74	80	
1256	199.762500	E5	76	84	1259	108.375000	E5	76	80	
1257	200.003125	G#2	44	87	1261	108.500000	G#2	44	80	
1258	200.019792	F5	77	88	1260	108.500000	F5	77	80	
1259	200.247917	D3	50	68	1263	108.625000	D3	50	80	
1260	200.264583	F4	65	63	1262	108.625000	F4	65	80	
1261	200.486458	G4	67	71	1264	108.750000	G4	67	80	
1262	200.490625	E3	52	72	1265	108.750000	E3	52	80	
1263	200.692708	F3	53	73	1267	108.875000	F3	53	80	
1264	200.713542	G#4	68	77	1266	108.875000	G#4	68	80	
1265	201.022917	Bb4	70	68	1268	109.000000	Bb4	70	80	
1266	201.030208	G3	55	82	1269	109.000000	G3	55	80	
1267	201.034375	G2	43	80	1270	109.000000	G2	43	80	
1268	201.518750	E5	76	79	1271	109.250000	E5	76	80	
1269	201.787500	D5	74	82	1272	109.375000	D5	74	80	
1270	202.093750	E5	76	88	1273	109.500000	E5	76	80	
1271	202.352083	A2	45	76	1274	109.625000	A2	45	80	
1272	202.655208	Bb2	46	83	1275	109.750000	Bb2	46	80	
1273	202.943750	C3	48	83	1276	109.875000	C3	48	80	
1274	203.372917	C#3	49	87	1278	110.000000	C#3	49	80	
1275	203.380208	F2	41	82	1279	110.000000	F2	41	80	
1276	203.380208	F5	77	86	1277	110.000000	F5	77	80	
1277	203.773958	C3	48	78	1281	110.125000	C3	48	80	
1278	203.787500	C#5	73	72	1280	110.125000	C#5	73	80	
1279	204.069792	C5	72	71	1282	110.250000	C5	72	80	
1280	204.070833	C#3	49	71	1283	110.250000	C#3	49	80	
1281	204.289583	Eb3	51	72	1285	110.375000	Eb3	51	80	
1282	204.305208	Bb4	70	71	1284	110.375000	Bb4	70	80	
1283	204.542708	F3	53	79	1287	110.500000	F3	53	80	
1284	204.547917	A4	69	68	1286	110.500000	A4	69	80	
1285	204.798958	F2	41	87	1289	110.625000	F2	41	80	
1286	204.812500	Eb5	75	81	1288	110.625000	Eb5	75	80	
1287	205.057292	C#5	73	82	1290	110.750000	C#5	73	80	
1288	205.062500	G2	43	81	1291	110.750000	G2	43	80	
1289	205.285417	A2	45	76	1293	110.875000	A2	45	80	
1290	205.285417	C5	72	87	1292	110.875000	C5	72	80	
1291	205.578125	Bb2	46	84	1295	111.000000	Bb2	46	80	
1292	205.589583	C#5	73	85	1294	111.000000	C#5	73	80	
1293	205.876042	F3	53	67	1297	111.125000	F3	53	80	
1294	205.885417	C5	72	72	1296	111.125000	C5	72	80	
1295	206.126042	G3	55	71	1299	111.250000	G3	55	80	
1296	206.135417	Bb4	70	73	1298	111.250000	Bb4	70	80	
1297	206.343750	G#3	56	74	1301	111.375000	G#3	56	80	
1298	206.366667	G#4	68	73	1300	111.375000	G#4	68	80	
1299	206.595833	Bb3	58	75	1303	111.500000	Bb3	58	80	
1300	206.595833	G4	67	71	1302	111.500000	G4	67	80	
1301	206.838542	C#3	49	82	1306	111.625000	C#3	49	80	
1302	206.848958	F4	65	75	1305	111.625000	F4	65	80	
1303	206.848958	Bb4	70	86	1304	111.625000	Bb4	70	80	
1304	207.108333	Eb4	63	81	1308	111.750000	Eb4	63	80	
1305	207.111458	C5	72	79	1307	111.750000	C5	72	80	
1306	207.115625	C3	48	73	1309	111.750000	C3	48	80	
1307	207.376042	Bb2	46	76	1312	111.875000	Bb2	46	80	
1308	207.381250	C#5	73	88	1310	111.875000	C#5	73	80	
1309	207.385417	C#4	61	84	1311	111.875000	C#4	61	80	
1310	207.694792	C3	48	78	1315	112.000000	C3	48	80	
1311	207.694792	C4	60	76	1314	112.000000	C4	60	80	
1312	207.694792	E4	64	80	1313	112.000000	E4	64	80	
1313	207.980208	Bb3	58	82	1316	112.125000	Bb3	58	80	
1314	208.321875	C5	72	84	1317	112.250000	C5	72	80	
1315	208.331250	G#3	56	76	1318	112.250000	G#3	56	80	
1316	208.597917	G3	55	73	1319	112.375000	G3	55	80	
1317	208.873958	G#3	56	76	1320	112.500000	G#3	56	80	
1318	209.135417	G4	67	75	1321	112.625000	G4	67	80	
1319	209.460417	G#4	68	75	1322	112.750000	G#4	68	80	
1320	209.732292	F4	65	69	1323	112.875000	F4	65	80	
1321	210.012500	G#3	56	59	*	-1	*	-1	-1	
1322	210.118750	G3	55	53	*	-1	*	-1	-1	
1323	210.190625	G#3	56	55	1325	113.031250	G#3	56	80	
1324	210.285417	G3	55	64	1324	113.000000	G3	55	80	
1325	210.411458	F4	65	60	1328	113.125000	F4	65	80	
1326	210.757292	E4	64	61	1330	113.250000	E4	64	80	
1327	211.135417	D4	62	52	1331	113.375000	D4	62	80	
1328	211.600000	F4	65	42	*	-1	*	-1	-1	
1329	211.775000	E4	64	49	*	-1	*	-1	-1	
1330	211.947917	F4	65	51	*	-1	*	-1	-1	
1331	212.111458	E4	64	59	*	-1	*	-1	-1	
1332	212.311458	F4	65	54	*	-1	*	-1	-1	
1333	212.498958	E4	64	66	*	-1	*	-1	-1	
1334	212.793750	D4	62	62	*	-1	*	-1	-1	
1335	213.369792	E4	64	58	1336	113.625000	E4	64	80	
1336	214.480208	F2	41	43	1339	114.000000	F2	41	80	
1337	214.564583	A3	57	48	1340	114.000000	A3	57	80	
1338	214.658333	C4	60	54	1337	114.000000	C4	60	80	
1339	214.743750	F4	65	55	1338	114.000000	F4	65	80	
*	-1	*	-1	-1	47	11.562500	C4	60	80	
*	-1	*	-1	-1	51	12.000000	C4	60	80	
*	-1	*	-1	-1	491	52.531250	C#4	61	80	
*	-1	*	-1	-1	492	52.562500	Eb4	63	80	
*	-1	*	-1	-1	493	52.562500	Eb4	63	80	
*	-1	*	-1	-1	494	52.593750	C#4	61	80	
*	-1	*	-1	-1	496	52.625000	C#4	61	80	
*	-1	*	-1	-1	557	56.625000	Bb4	70	80	
*	-1	*	-1	-1	590	59.750000	G#3	56	80	
*	-1	*	-1	-1	739	70.000000	C4	60	80	
*	-1	*	-1	-1	755	71.000000	Eb3	51	80	
*	-1	*	-1	-1	767	72.000000	F3	53	80	
*	-1	*	-1	-1	883	80.500000	Bb3	58	80	
*	-1	*	-1	-1	950	85.000000	Eb3	51	80	
*	-1	*	-1	-1	1213	105.000000	F4	65	80	
*	-1	*	-1	-1	1240	107.000000	F3	53	80	
*	-1	*	-1	-1	1326	113.061458	G#3	56	80	
*	-1	*	-1	-1	1327	113.062500	G3	55	80	
*	-1	*	-1	-1	1329	113.125000	G3	55	80	
*	-1	*	-1	-1	1332	113.500000	E4	64	80	
*	-1	*	-1	-1	1333	113.531250	F4	65	80	
*	-1	*	-1	-1	1334	113.562500	F4	65	80	
*	-1	*	-1	-1	1335	113.562500	E4	64	80	
*	-1	*	-1	-1	46	11.531250	C4	60	80	
*	-1	*	-1	-1	490	52.500000	Eb4	63	80	
*	-1	*	-1	-1	495	52.625000	G4	67	80	
