// alignID alignOntime alignSitch alignPitch alignOnvel refID refOntime refSitch refPitch refOnvel
0	0.500000	C4	60	43	0	0.500000	C4	60	80	
1	1.541667	C#4	61	52	1	1.000000	C#4	61	80	
2	2.580208	C4	60	44	2	1.500000	C4	60	80	
3	3.555208	B3	59	42	3	2.000000	B3	59	80	
4	4.548958	E4	64	59	4	2.500000	E4	64	80	
5	5.591667	F4	65	46	5	3.000000	F4	65	80	
6	6.595833	Bb3	58	40	6	3.500000	Bb3	58	80	
7	7.548958	A3	57	41	7	4.000000	A3	57	80	
8	8.521875	G#3	56	41	8	4.500000	G#3	56	80	
9	9.615625	G3	55	36	9	5.000000	G3	55	80	
10	11.505208	F3	53	29	10	6.000000	F3	53	80	
11	11.963542	F3	53	45	11	6.250000	F3	53	80	
12	12.183333	G3	55	42	12	6.375000	G3	55	80	
13	12.409375	F4	65	65	13	6.500000	F4	65	80	
14	12.429167	G#3	56	39	14	6.500000	G#3	56	80	
15	12.844792	G#3	56	47	15	6.750000	G#3	56	80	
16	13.080208	Bb3	58	50	16	6.875000	Bb3	58	80	
17	13.282292	G#4	68	72	17	7.000000	G#4	68	80	
18	13.293750	C4	60	44	18	7.000000	C4	60	80	
19	13.485417	B2	47	54	19	7.125000	B2	47	80	
20	13.713542	C3	48	49	20	7.250000	C3	48	80	
21	13.901042	D3	50	54	21	7.375000	D3	50	80	
22	14.150000	G4	67	62	22	7.500000	G4	67	80	
23	14.161458	Eb3	51	42	23	7.500000	Eb3	51	80	
24	15.028125	F#4	66	59	24	8.000000	F#4	66	80	
25	15.250000	C3	48	49	25	8.125000	C3	48	80	
26	15.453125	D3	50	64	26	8.250000	D3	50	80	
27	15.629167	Eb3	51	61	27	8.375000	Eb3	51	80	
28	15.878125	B4	71	72	28	8.500000	B4	71	80	
29	15.892708	F3	53	52	29	8.500000	F3	53	80	
30	16.798958	C5	72	80	30	9.000000	C5	72	80	
31	16.990625	Eb3	51	53	31	9.125000	Eb3	51	80	
32	17.207292	F3	53	59	32	9.250000	F3	53	80	
33	17.413542	G3	55	49	33	9.375000	G3	55	80	
34	17.658333	F4	65	56	34	9.500000	F4	65	80	
35	17.693750	G#3	56	43	35	9.500000	G#3	56	80	
36	18.586458	E4	64	49	36	10.000000	E4	64	80	
37	18.778125	G3	55	44	37	10.125000	G3	55	80	
38	18.990625	A3	57	41	38	10.250000	A3	57	80	
39	19.186458	B3	59	46	39	10.375000	B3	59	80	
40	19.456250	C4	60	33	41	10.500000	C4	60	80	
41	19.459375	Eb4	63	40	40	10.500000	Eb4	63	80	
42	20.390625	D4	62	45	42	11.000000	D4	62	80	
43	20.830208	B3	59	40	43	11.250000	B3	59	80	
44	21.036458	A3	57	43	44	11.375000	A3	57	80	
45	21.260417	C4	60	42	46	11.531250	C4	60	80	
46	21.372917	B3	59	52	45	11.500000	B3	59	80	
47	21.489583	C4	60	44	*	-1	*	-1	-1	
48	21.565625	B3	59	56	*	-1	*	-1	-1	
49	21.668750	C4	60	53	*	-1	*	-1	-1	
50	21.739583	B3	59	57	*	-1	*	-1	-1	
51	21.818750	A3	57	54	*	-1	*	-1	-1	
52	21.916667	B3	59	57	*	-1	*	-1	-1	
53	22.064583	C4	60	51	49	11.625000	B3	59	80	
54	22.505208	G3	55	54	53	12.250000	G3	55	80	
55	22.520833	C4	60	53	52	12.250000	C4	60	80	
56	22.706250	D4	62	57	54	12.375000	D4	62	80	
57	22.968750	C3	48	69	57	12.500000	C3	48	80	
58	22.980208	E4	64	56	55	12.500000	E4	64	80	
59	23.012500	C4	60	33	56	12.500000	C4	60	80	
60	23.422917	Bb3	58	60	59	12.750000	Bb3	58	80	
61	23.429167	D4	62	59	58	12.750000	D4	62	80	
62	23.629167	E4	64	64	60	12.875000	E4	64	80	
63	23.840625	C#3	49	72	63	13.000000	C#3	49	80	
64	23.855208	F4	65	61	61	13.000000	F4	65	80	
65	23.870833	G#3	56	47	62	13.000000	G#3	56	80	
66	24.056250	E3	52	68	64	13.125000	E3	52	80	
67	24.269792	F3	53	53	65	13.250000	F3	53	80	
68	24.306250	F4	65	76	66	13.250000	F4	65	80	
69	24.488542	G3	55	60	67	13.375000	G3	55	80	
70	24.714583	G#3	56	73	68	13.500000	G#3	56	80	
71	24.730208	C3	48	65	69	13.500000	C3	48	80	
72	25.167708	Eb4	63	63	70	13.750000	Eb4	63	80	
73	25.586458	B2	47	69	72	14.000000	B2	47	80	
74	25.604167	D4	62	50	71	14.000000	D4	62	80	
75	25.789583	F3	53	63	73	14.125000	F3	53	80	
76	26.019792	G3	55	58	75	14.250000	G3	55	80	
77	26.032292	Eb4	63	68	74	14.250000	Eb4	63	80	
78	26.210417	G#3	56	59	77	14.375000	G#3	56	80	
79	26.217708	F4	65	67	76	14.375000	F4	65	80	
80	26.466667	G4	67	64	78	14.500000	G4	67	80	
81	26.467708	Bb3	58	73	79	14.500000	Bb3	58	80	
82	26.482292	E3	52	68	80	14.500000	E3	52	80	
83	26.690625	F4	65	64	81	14.625000	F4	65	80	
84	26.902083	E4	64	67	82	14.750000	E4	64	80	
85	27.125000	D4	62	63	83	14.875000	D4	62	80	
86	27.328125	F3	53	73	85	15.000000	F3	53	80	
87	27.351042	C4	60	65	84	15.000000	C4	60	80	
88	27.554167	G#3	56	66	86	15.125000	G#3	56	80	
89	27.770833	Bb3	58	53	87	15.250000	Bb3	58	80	
90	27.973958	C4	60	51	88	15.375000	C4	60	80	
91	28.191667	Bb2	46	67	90	15.500000	Bb2	46	80	
92	28.213542	C#4	61	57	89	15.500000	C#4	61	80	
93	28.441667	Bb3	58	58	91	15.625000	Bb3	58	80	
94	28.633333	G#3	56	61	92	15.750000	G#3	56	80	
95	28.843750	G3	55	62	93	15.875000	G3	55	80	
96	29.063542	A2	45	64	95	16.000000	A2	45	80	
97	29.063542	F3	53	68	94	16.000000	F3	53	80	
98	29.271875	C4	60	70	96	16.125000	C4	60	80	
99	29.475000	D4	62	67	97	16.250000	D4	62	80	
100	29.668750	E4	64	69	98	16.375000	E4	64	80	
101	29.892708	G#2	44	75	100	16.500000	G#2	44	80	
102	29.893750	F4	65	68	99	16.500000	F4	65	80	
103	30.104167	F3	53	58	101	16.625000	F3	53	80	
104	30.315625	G3	55	65	102	16.750000	G3	55	80	
105	30.507292	G#3	56	70	103	16.875000	G#3	56	80	
106	30.769792	G2	43	72	105	17.000000	G2	43	80	
107	30.789583	Bb3	58	59	104	17.000000	Bb3	58	80	
108	31.230208	E4	64	75	106	17.250000	E4	64	80	
109	31.428125	D4	62	71	107	17.375000	D4	62	80	
110	31.706250	E4	64	80	108	17.500000	E4	64	80	
111	32.137500	G#3	56	81	109	17.750000	G#3	56	80	
112	32.319792	G3	55	74	110	17.875000	G3	55	80	
113	32.628125	F2	41	55	113	18.000000	F2	41	80	
114	32.631250	F4	65	60	111	18.000000	F4	65	80	
115	32.634375	G#3	56	63	112	18.000000	G#3	56	80	
116	33.147917	F4	65	31	114	18.250000	F4	65	80	
117	33.359375	G4	67	48	115	18.375000	G4	67	80	
118	33.588542	G#4	68	48	116	18.500000	G#4	68	80	
119	34.016667	F3	53	42	118	18.750000	F3	53	80	
120	34.029167	G#4	68	50	117	18.750000	G#4	68	80	
121	34.229167	Bb4	70	59	119	18.875000	Bb4	70	80	
122	34.243750	G3	55	36	120	18.875000	G3	55	80	
123	34.456250	C5	72	61	121	19.000000	C5	72	80	
124	34.468750	G#3	56	41	122	19.000000	G#3	56	80	
125	34.900000	C4	60	40	123	19.250000	C4	60	80	
126	34.907292	G#3	56	46	124	19.250000	G#3	56	80	
127	35.114583	Bb3	58	37	126	19.375000	Bb3	58	80	
128	35.154167	C#4	61	45	125	19.375000	C#4	61	80	
129	35.355208	Eb4	63	54	127	19.500000	Eb4	63	80	
130	35.364583	C4	60	37	128	19.500000	C4	60	80	
131	35.561458	Bb4	70	55	129	19.625000	Bb4	70	80	
132	35.771875	C3	48	38	131	19.750000	C3	48	80	
133	35.794792	G#4	68	59	130	19.750000	G#4	68	80	
134	35.982292	G4	67	52	132	19.875000	G4	67	80	
135	36.240625	C#3	49	45	134	20.000000	C#3	49	80	
136	36.248958	F4	65	51	133	20.000000	F4	65	80	
137	36.709375	C#4	61	60	135	20.250000	C#4	61	80	
138	36.919792	Eb4	63	70	136	20.375000	Eb4	63	80	
139	37.152083	F4	65	66	137	20.500000	F4	65	80	
140	37.591667	C#3	49	56	139	20.750000	C#3	49	80	
141	37.593750	F4	65	66	138	20.750000	F4	65	80	
142	37.798958	Eb3	51	51	141	20.875000	Eb3	51	80	
143	37.806250	G4	67	72	140	20.875000	G4	67	80	
144	38.013542	F3	53	49	143	21.000000	F3	53	80	
145	38.059375	G#4	68	79	142	21.000000	G#4	68	80	
146	38.489583	F3	53	55	145	21.250000	F3	53	80	
147	38.492708	G#3	56	56	144	21.250000	G#3	56	80	
148	38.692708	G3	55	64	147	21.375000	G3	55	80	
149	38.701042	Bb3	58	65	146	21.375000	Bb3	58	80	
150	38.918750	C4	60	65	148	21.500000	C4	60	80	
151	38.921875	G#3	56	62	149	21.500000	G#3	56	80	
152	39.133333	F#4	66	77	150	21.625000	F#4	66	80	
153	39.334375	G#2	44	55	152	21.750000	G#2	44	80	
154	39.344792	F4	65	74	151	21.750000	F4	65	80	
155	39.544792	Eb4	63	73	153	21.875000	Eb4	63	80	
156	39.817708	Bb2	46	41	155	22.000000	Bb2	46	80	
157	39.835417	C#4	61	60	154	22.000000	C#4	61	80	
158	40.293750	Bb3	58	46	156	22.250000	Bb3	58	80	
159	40.507292	C4	60	45	157	22.375000	C4	60	80	
160	40.746875	C#4	61	43	158	22.500000	C#4	61	80	
161	41.187500	Bb2	46	35	160	22.750000	Bb2	46	80	
162	41.206250	C#4	61	43	159	22.750000	C#4	61	80	
163	41.409375	Eb4	63	53	161	22.875000	Eb4	63	80	
164	41.418750	C3	48	33	162	22.875000	C3	48	80	
165	41.657292	F4	65	52	163	23.000000	F4	65	80	
166	41.661458	C#3	49	44	164	23.000000	C#3	49	80	
167	42.081250	C#3	49	38	166	23.250000	C#3	49	80	
168	42.088542	F3	53	43	165	23.250000	F3	53	80	
169	42.291667	G3	55	47	167	23.375000	G3	55	80	
170	42.306250	Eb3	51	40	168	23.375000	Eb3	51	80	
171	42.547917	F3	53	32	170	23.500000	F3	53	80	
172	42.547917	G#3	56	57	169	23.500000	G#3	56	80	
173	42.985417	G#3	56	56	171	23.750000	G#3	56	80	
174	42.988542	F2	41	33	172	23.750000	F2	41	80	
175	43.203125	Bb3	58	51	173	23.875000	Bb3	58	80	
176	43.442708	C3	48	37	175	24.000000	C3	48	80	
177	43.477083	C4	60	51	174	24.000000	C4	60	80	
178	43.912500	C3	48	48	178	24.250000	C3	48	80	
179	43.918750	E4	64	64	176	24.250000	E4	64	80	
180	43.939583	G3	55	40	177	24.250000	G3	55	80	
181	44.119792	F4	65	68	179	24.375000	F4	65	80	
182	44.136458	D3	50	55	180	24.375000	D3	50	80	
183	44.382292	E3	52	57	184	24.500000	E3	52	80	
184	44.388542	C4	60	45	183	24.500000	C4	60	80	
185	44.447917	C5	72	88	181	24.500000	C5	72	80	
186	44.472917	G4	67	69	182	24.500000	G4	67	80	
187	44.855208	D3	50	60	186	24.750000	D3	50	80	
188	44.883333	Bb3	58	59	185	24.750000	Bb3	58	80	
189	45.063542	E3	52	60	187	24.875000	E3	52	80	
190	45.293750	F3	53	61	190	25.000000	F3	53	80	
191	45.314583	G#3	56	55	189	25.000000	G#3	56	80	
192	45.328125	C#5	73	89	188	25.000000	C#5	73	80	
193	45.551042	E2	40	61	191	25.125000	E2	40	80	
194	45.768750	F4	65	65	192	25.250000	F4	65	80	
195	45.775000	F2	41	56	193	25.250000	F2	41	80	
196	45.982292	G2	43	64	194	25.375000	G2	43	80	
197	46.198958	G#2	44	57	196	25.500000	G#2	44	80	
198	46.210417	C5	72	87	195	25.500000	C5	72	80	
199	46.436458	C3	48	63	197	25.625000	C3	48	80	
200	46.654167	D3	50	52	199	25.750000	D3	50	80	
201	46.661458	Eb4	63	67	198	25.750000	Eb4	63	80	
202	46.867708	Eb3	51	57	200	25.875000	Eb3	51	80	
203	47.095833	F3	53	55	203	26.000000	F3	53	80	
204	47.101042	B4	71	86	201	26.000000	B4	71	80	
205	47.108333	D4	62	57	202	26.000000	D4	62	80	
206	47.325000	F2	41	62	204	26.125000	F2	41	80	
207	47.550000	G2	43	52	206	26.250000	G2	43	80	
208	47.551042	Eb4	63	66	205	26.250000	Eb4	63	80	
209	47.762500	G#2	44	60	208	26.375000	G#2	44	80	
210	47.763542	F4	65	68	207	26.375000	F4	65	80	
211	48.001042	E5	76	89	209	26.500000	E5	76	80	
212	48.006250	Bb2	46	53	211	26.500000	Bb2	46	80	
213	48.011458	G4	67	69	210	26.500000	G4	67	80	
214	48.227083	F4	65	67	212	26.625000	F4	65	80	
215	48.448958	E4	64	73	213	26.750000	E4	64	80	
216	48.463542	G3	55	45	214	26.750000	G3	55	80	
217	48.653125	D4	62	71	215	26.875000	D4	62	80	
218	48.884375	G#3	56	59	218	27.000000	G#3	56	80	
219	48.912500	C4	60	45	217	27.000000	C4	60	80	
220	48.916667	F5	77	91	216	27.000000	F5	77	80	
221	49.144792	G#2	44	55	219	27.125000	G#2	44	80	
222	49.385417	Bb2	46	60	220	27.250000	Bb2	46	80	
223	49.585417	C3	48	64	221	27.375000	C3	48	80	
224	49.789583	C#3	49	58	223	27.500000	C#3	49	80	
225	49.803125	Bb4	70	86	222	27.500000	Bb4	70	80	
226	50.040625	Bb3	58	56	224	27.625000	Bb3	58	80	
227	50.240625	G#3	56	55	226	27.750000	G#3	56	80	
228	50.268750	Bb3	58	58	225	27.750000	Bb3	58	80	
229	50.458333	G3	55	51	227	27.875000	G3	55	80	
230	50.691667	F3	53	47	230	28.000000	F3	53	80	
231	50.707292	A4	69	77	228	28.000000	A4	69	80	
232	50.728125	C4	60	54	229	28.000000	C4	60	80	
233	50.938542	C3	48	45	231	28.125000	C3	48	80	
234	51.159375	D3	50	51	232	28.250000	D3	50	80	
235	51.390625	E3	52	45	233	28.375000	E3	52	80	
236	51.612500	G#4	68	68	234	28.500000	G#4	68	80	
237	51.620833	F3	53	45	235	28.500000	F3	53	80	
238	51.817708	F3	53	44	236	28.625000	F3	53	80	
239	52.062500	C4	60	49	237	28.750000	C4	60	80	
240	52.065625	G3	55	43	238	28.750000	G3	55	80	
241	52.280208	G#3	56	50	239	28.875000	G#3	56	80	
242	52.571875	Bb3	58	35	242	29.000000	Bb3	58	80	
243	52.597917	G4	67	60	240	29.000000	G4	67	80	
244	52.623958	C#4	61	38	241	29.000000	C#4	61	80	
245	53.081250	E3	52	41	244	29.250000	E3	52	80	
246	53.087500	C4	60	46	243	29.250000	C4	60	80	
247	53.302083	D3	50	48	246	29.375000	D3	50	80	
248	53.310417	Bb3	58	53	245	29.375000	Bb3	58	80	
249	53.530208	E3	52	33	248	29.500000	E3	52	80	
250	53.540625	C4	60	48	247	29.500000	C4	60	80	
251	53.993750	G#3	56	55	249	29.750000	G#3	56	80	
252	54.219792	G3	55	50	250	29.875000	G3	55	80	
253	54.448958	G#3	56	46	251	30.000000	G#3	56	80	
254	54.463542	F3	53	42	252	30.000000	F3	53	80	
255	54.936458	F4	65	42	253	30.250000	F4	65	80	
256	55.154167	G4	67	48	254	30.375000	G4	67	80	
257	55.393750	G#4	68	50	255	30.500000	G#4	68	80	
258	55.856250	F3	53	39	256	30.750000	F3	53	80	
259	56.057292	Eb3	51	40	257	30.875000	Eb3	51	80	
260	56.310417	D3	50	43	258	31.000000	D3	50	80	
261	56.758333	D3	50	33	260	31.250000	D3	50	80	
262	56.783333	F4	65	40	259	31.250000	F4	65	80	
263	56.983333	Eb4	63	47	261	31.375000	Eb4	63	80	
264	56.988542	C3	48	30	262	31.375000	C3	48	80	
265	57.213542	D4	62	45	263	31.500000	D4	62	80	
266	57.231250	Bb2	46	37	264	31.500000	Bb2	46	80	
267	57.659375	D4	62	45	265	31.750000	D4	62	80	
268	57.677083	C3	48	41	266	31.750000	C3	48	80	
269	57.879167	C4	60	51	267	31.875000	C4	60	80	
270	57.886458	D3	50	47	268	31.875000	D3	50	80	
271	58.120833	Eb3	51	46	270	32.000000	Eb3	51	80	
272	58.130208	Bb3	58	57	269	32.000000	Bb3	58	80	
273	58.576042	Bb3	58	46	272	32.250000	Bb3	58	80	
274	58.590625	G4	67	73	271	32.250000	G4	67	80	
275	58.801042	G#4	68	78	273	32.375000	G#4	68	80	
276	58.823958	G#3	56	51	274	32.375000	G#3	56	80	
277	59.050000	G3	55	45	276	32.500000	G3	55	80	
278	59.076042	Bb4	70	78	275	32.500000	Bb4	70	80	
279	59.527083	G3	55	64	277	32.750000	G3	55	80	
280	59.754167	F3	53	65	278	32.875000	F3	53	80	
281	59.988542	E3	52	57	279	33.000000	E3	52	80	
282	60.435417	E3	52	44	281	33.250000	E3	52	80	
283	60.446875	G4	67	59	280	33.250000	G4	67	80	
284	60.660417	D3	50	55	283	33.375000	D3	50	80	
285	60.666667	F4	65	59	282	33.375000	F4	65	80	
286	60.906250	E4	64	62	284	33.500000	E4	64	80	
287	60.916667	C3	48	40	285	33.500000	C3	48	80	
288	61.359375	D3	50	54	287	33.750000	D3	50	80	
289	61.360417	E4	64	70	286	33.750000	E4	64	80	
290	61.580208	D4	62	70	288	33.875000	D4	62	80	
291	61.582292	E3	52	60	289	33.875000	E3	52	80	
292	61.798958	F3	53	70	291	34.000000	F3	53	80	
293	61.815625	C4	60	67	290	34.000000	C4	60	80	
294	62.026042	G4	67	83	292	34.125000	G4	67	80	
295	62.227083	C4	60	60	294	34.250000	C4	60	80	
296	62.262500	G#4	68	88	293	34.250000	G#4	68	80	
297	62.462500	Bb3	58	73	296	34.375000	Bb3	58	80	
298	62.466667	C5	72	95	295	34.375000	C5	72	80	
299	62.711458	G#3	56	78	298	34.500000	G#3	56	80	
300	62.790625	F5	77	93	297	34.500000	F5	77	80	
301	63.229167	D3	50	68	299	34.750000	D3	50	80	
302	63.445833	C3	48	70	300	34.875000	C3	48	80	
303	63.670833	B2	47	70	301	35.000000	B2	47	80	
304	64.133333	B2	47	58	303	35.250000	B2	47	80	
305	64.140625	D5	74	72	302	35.250000	D5	74	80	
306	64.353125	A2	45	58	305	35.375000	A2	45	80	
307	64.355208	C5	72	79	304	35.375000	C5	72	80	
308	64.584375	G2	43	64	307	35.500000	G2	43	80	
309	64.603125	B4	71	70	306	35.500000	B4	71	80	
310	65.038542	A2	45	68	309	35.750000	A2	45	80	
311	65.046875	B4	71	75	308	35.750000	B4	71	80	
312	65.245833	B2	47	73	311	35.875000	B2	47	80	
313	65.257292	A4	69	73	310	35.875000	A4	69	80	
314	65.506250	G4	67	67	312	36.000000	G4	67	80	
315	65.515625	C3	48	74	313	36.000000	C3	48	80	
316	65.980208	G4	67	69	315	36.250000	G4	67	80	
317	65.980208	Eb5	75	81	314	36.250000	Eb5	75	80	
318	66.192708	A4	69	76	316	36.375000	A4	69	80	
319	66.535417	G3	55	82	319	36.500000	G3	55	80	
320	66.535417	B4	71	59	318	36.500000	B4	71	80	
321	66.542708	D5	74	58	317	36.500000	D5	74	80	
322	67.015625	G5	79	82	320	36.750000	G5	79	80	
323	67.019792	A4	69	76	321	36.750000	A4	69	80	
324	67.217708	B4	71	62	322	36.875000	B4	71	80	
325	67.468750	G#3	56	85	324	37.000000	G#3	56	80	
326	67.471875	C5	72	58	323	37.000000	C5	72	80	
327	67.693750	B4	71	65	325	37.125000	B4	71	80	
328	67.915625	C5	72	63	326	37.250000	C5	72	80	
329	68.105208	D5	74	60	327	37.375000	D5	74	80	
330	68.348958	G3	55	75	329	37.500000	G3	55	80	
331	68.348958	Eb5	75	67	328	37.500000	Eb5	75	80	
332	68.809375	Bb4	70	66	330	37.750000	Bb4	70	80	
333	69.248958	A4	69	57	331	38.000000	A4	69	80	
334	69.258333	F#3	54	72	332	38.000000	F#3	54	80	
335	69.480208	C5	72	76	333	38.125000	C5	72	80	
336	69.709375	B4	71	60	335	38.250000	B4	71	80	
337	69.712500	D5	74	72	334	38.250000	D5	74	80	
338	69.913542	Eb5	75	69	336	38.375000	Eb5	75	80	
339	69.918750	C5	72	54	337	38.375000	C5	72	80	
340	70.147917	B3	59	82	340	38.500000	B3	59	80	
341	70.193750	F5	77	50	338	38.500000	F5	77	80	
342	70.244792	D5	74	50	339	38.500000	D5	74	80	
343	70.394792	C5	72	71	341	38.625000	C5	72	80	
344	70.580208	B4	71	62	342	38.750000	B4	71	80	
345	70.788542	A4	69	66	343	38.875000	A4	69	80	
346	71.017708	C4	60	76	345	39.000000	C4	60	80	
347	71.033333	G4	67	52	344	39.000000	G4	67	80	
348	71.231250	Eb5	75	80	346	39.125000	Eb5	75	80	
349	71.461458	F5	77	81	347	39.250000	F5	77	80	
350	71.666667	G5	79	82	348	39.375000	G5	79	80	
351	71.892708	F3	53	71	350	39.500000	F3	53	80	
352	71.917708	G#5	80	78	349	39.500000	G#5	80	80	
353	72.120833	F4	65	69	351	39.625000	F4	65	80	
354	72.376042	Eb4	63	74	352	39.750000	Eb4	63	80	
355	72.571875	D4	62	68	353	39.875000	D4	62	80	
356	72.800000	C4	60	78	354	40.000000	C4	60	80	
357	72.807292	E3	52	70	355	40.000000	E3	52	80	
358	73.007292	G5	79	81	356	40.125000	G5	79	80	
359	73.226042	A5	81	81	357	40.250000	A5	81	80	
360	73.428125	B5	83	79	358	40.375000	B5	83	80	
361	73.645833	Eb3	51	72	360	40.500000	Eb3	51	80	
362	73.656250	C6	84	77	359	40.500000	C6	84	80	
363	73.860417	C5	72	71	361	40.625000	C5	72	80	
364	74.080208	D5	74	73	362	40.750000	D5	74	80	
365	74.271875	Eb5	75	77	363	40.875000	Eb5	75	80	
366	74.526042	D3	50	72	365	41.000000	D3	50	80	
367	74.527083	F5	77	73	364	41.000000	F5	77	80	
368	74.990625	B5	83	83	366	41.250000	B5	83	80	
369	75.182292	A5	81	80	367	41.375000	A5	81	80	
370	75.444792	B5	83	86	368	41.500000	B5	83	80	
371	75.890625	Eb5	75	87	369	41.750000	Eb5	75	80	
372	76.087500	D5	74	74	370	41.875000	D5	74	80	
373	76.352083	C3	48	72	373	42.000000	C3	48	80	
374	76.355208	C6	84	85	371	42.000000	C6	84	80	
375	76.378125	Eb5	75	71	372	42.000000	Eb5	75	80	
376	76.810417	G5	79	86	374	42.250000	G5	79	80	
377	76.812500	C5	72	76	375	42.250000	C5	72	80	
378	77.015625	D5	74	76	376	42.375000	D5	74	80	
379	77.268750	C6	84	86	377	42.500000	C6	84	80	
380	77.277083	Eb5	75	72	378	42.500000	Eb5	75	80	
381	77.731250	C5	72	71	379	42.750000	C5	72	80	
382	77.955208	Bb4	70	67	380	42.875000	Bb4	70	80	
383	78.183333	A4	69	60	381	43.000000	A4	69	80	
384	78.626042	A4	69	38	383	43.250000	A4	69	80	
385	78.626042	C6	84	78	382	43.250000	C6	84	80	
386	78.843750	Bb5	82	77	384	43.375000	Bb5	82	80	
387	78.870833	G4	67	54	385	43.375000	G4	67	80	
388	79.082292	A5	81	70	386	43.500000	A5	81	80	
389	79.094792	F4	65	45	387	43.500000	F4	65	80	
390	79.526042	A5	81	73	388	43.750000	A5	81	80	
391	79.539583	G4	67	48	389	43.750000	G4	67	80	
392	79.746875	G5	79	78	390	43.875000	G5	79	80	
393	79.750000	A4	69	60	391	43.875000	A4	69	80	
394	79.990625	Bb4	70	66	393	44.000000	Bb4	70	80	
395	79.990625	F5	77	77	392	44.000000	F5	77	80	
396	80.448958	Bb4	70	61	395	44.250000	Bb4	70	80	
397	80.450000	Bb3	58	57	396	44.250000	Bb3	58	80	
398	80.450000	G5	79	73	394	44.250000	G5	79	80	
399	80.653125	A5	81	80	397	44.375000	A5	81	80	
400	80.664583	C5	72	71	398	44.375000	C5	72	80	
401	80.950000	Bb5	82	77	399	44.500000	Bb5	82	80	
402	80.971875	C#5	73	59	400	44.500000	C#5	73	80	
403	81.425000	Bb4	70	55	401	44.750000	Bb4	70	80	
404	81.639583	G#4	68	53	402	44.875000	G#4	68	80	
405	81.880208	G4	67	43	403	45.000000	G4	67	80	
406	82.339583	Bb5	82	63	404	45.250000	Bb5	82	80	
407	82.350000	G4	67	38	405	45.250000	G4	67	80	
408	82.551042	G#5	80	63	406	45.375000	G#5	80	80	
409	82.563542	F4	65	39	407	45.375000	F4	65	80	
410	82.800000	Eb4	63	40	409	45.500000	Eb4	63	80	
411	82.811458	G5	79	55	408	45.500000	G5	79	80	
412	83.254167	F4	65	37	411	45.750000	F4	65	80	
413	83.256250	G5	79	60	410	45.750000	G5	79	80	
414	83.475000	F5	77	59	412	45.875000	F5	77	80	
415	83.498958	G4	67	37	413	45.875000	G4	67	80	
416	83.713542	Eb5	75	57	414	46.000000	Eb5	75	80	
417	83.731250	G#4	68	46	415	46.000000	G#4	68	80	
418	84.139583	G#4	68	55	417	46.250000	G#4	68	80	
419	84.146875	G#3	56	51	418	46.250000	G#3	56	80	
420	84.162500	F5	77	55	416	46.250000	F5	77	80	
421	84.354167	G5	79	70	419	46.375000	G5	79	80	
422	84.373958	Bb4	70	55	420	46.375000	Bb4	70	80	
423	84.636458	C5	72	55	422	46.500000	C5	72	80	
424	84.648958	G#5	80	63	421	46.500000	G#5	80	80	
425	85.067708	G#4	68	48	423	46.750000	G#4	68	80	
426	85.280208	G4	67	38	424	46.875000	G4	67	80	
427	85.532292	F4	65	38	425	47.000000	F4	65	80	
428	85.971875	F4	65	34	427	47.250000	F4	65	80	
429	85.976042	G#5	80	55	426	47.250000	G#5	80	80	
430	86.183333	G5	79	56	428	47.375000	G5	79	80	
431	86.219792	Eb4	63	37	429	47.375000	Eb4	63	80	
432	86.452083	F5	77	52	430	47.500000	F5	77	80	
433	86.458333	C#4	61	40	431	47.500000	C#4	61	80	
434	86.893750	C#4	61	41	433	47.750000	C#4	61	80	
435	86.901042	F5	77	61	432	47.750000	F5	77	80	
436	87.108333	Eb5	75	64	434	47.875000	Eb5	75	80	
437	87.112500	C4	60	41	435	47.875000	C4	60	80	
438	87.410417	Bb3	58	38	437	48.000000	Bb3	58	80	
439	87.461458	C#5	73	61	436	48.000000	C#5	73	80	
440	87.896875	C4	60	43	439	48.250000	C4	60	80	
441	87.928125	Bb4	70	53	438	48.250000	Bb4	70	80	
442	88.123958	G#4	68	58	440	48.375000	G#4	68	80	
443	88.130208	C#4	61	54	441	48.375000	C#4	61	80	
444	88.377083	Eb4	63	47	443	48.500000	Eb4	63	80	
445	88.383333	G4	67	50	442	48.500000	G4	67	80	
446	88.813542	Eb3	51	41	445	48.750000	Eb3	51	80	
447	88.832292	Eb5	75	62	444	48.750000	Eb5	75	80	
448	89.033333	C#5	73	54	446	48.875000	C#5	73	80	
449	89.284375	C5	72	58	447	49.000000	C5	72	80	
450	89.294792	G#3	56	41	448	49.000000	G#3	56	80	
451	89.729167	Bb3	58	41	450	49.250000	Bb3	58	80	
452	89.739583	C5	72	69	449	49.250000	C5	72	80	
453	89.954167	Bb4	70	74	451	49.375000	Bb4	70	80	
454	89.970833	C4	60	45	452	49.375000	C4	60	80	
455	90.329167	C#4	61	45	454	49.500000	C#4	61	80	
456	90.329167	G#4	68	68	453	49.500000	G#4	68	80	
457	90.833333	F4	65	55	455	49.750000	F4	65	80	
458	91.046875	E4	64	61	456	49.875000	E4	64	80	
459	91.302083	F4	65	62	457	50.000000	F4	65	80	
460	91.773958	Bb4	70	57	458	50.250000	Bb4	70	80	
461	91.781250	C#4	61	43	459	50.250000	C#4	61	80	
462	91.987500	C4	60	41	461	50.375000	C4	60	80	
463	92.007292	C5	72	57	460	50.375000	C5	72	80	
464	92.238542	Bb3	58	36	463	50.500000	Bb3	58	80	
465	92.261458	C#5	73	63	462	50.500000	C#5	73	80	
466	92.709375	Bb3	58	39	465	50.750000	Bb3	58	80	
467	92.715625	G4	67	39	464	50.750000	G4	67	80	
468	92.935417	G#3	56	49	467	50.875000	G#3	56	80	
469	92.935417	G#4	68	48	466	50.875000	G#4	68	80	
470	93.156250	G3	55	40	469	51.000000	G3	55	80	
471	93.178125	Bb4	70	57	468	51.000000	Bb4	70	80	
472	93.378125	C5	72	72	470	51.125000	C5	72	80	
473	93.597917	G3	55	51	472	51.250000	G3	55	80	
474	93.608333	C#5	73	74	471	51.250000	C#5	73	80	
475	93.815625	F3	53	73	474	51.375000	F3	53	80	
476	93.816667	Bb4	70	74	473	51.375000	Bb4	70	80	
477	94.047917	E3	52	67	476	51.500000	E3	52	80	
478	94.052083	G5	79	80	475	51.500000	G5	79	80	
479	94.268750	G#4	68	68	477	51.625000	G#4	68	80	
480	94.489583	C3	48	70	479	51.750000	C3	48	80	
481	94.498958	Bb4	70	71	478	51.750000	Bb4	70	80	
482	94.703125	G4	67	68	480	51.875000	G4	67	80	
483	94.927083	G#4	68	72	481	52.000000	G#4	68	80	
484	94.933333	F3	53	59	482	52.000000	F3	53	80	
485	95.150000	C5	72	68	483	52.125000	C5	72	80	
486	95.371875	F4	65	50	485	52.250000	F4	65	80	
487	95.379167	C#5	73	55	484	52.250000	C#5	73	80	
488	95.576042	C5	72	53	486	52.375000	C5	72	80	
489	95.612500	Eb4	63	44	487	52.375000	Eb4	63	80	
490	95.788542	Eb4	63	41	490	52.500000	Eb4	63	80	
491	95.810417	F5	77	55	488	52.500000	F5	77	80	
492	95.931250	C#4	61	52	*	-1	*	-1	-1	
493	96.011458	G4	67	52	*	-1	*	-1	-1	
494	96.051042	Eb4	63	58	497	52.687500	Eb4	63	80	
495	96.143750	C#4	61	43	499	52.750000	C#4	61	80	
496	96.216667	Eb4	63	56	500	52.812500	Eb4	63	80	
497	96.219792	G#4	68	59	498	52.750000	G#4	68	80	
498	96.300000	C#4	61	48	502	52.875000	C#4	61	80	
499	96.431250	C4	60	42	505	53.000000	C4	60	80	
500	96.440625	F4	65	51	501	52.875000	F4	65	80	
501	96.533333	C#4	61	50	503	52.937500	Eb4	63	80	
502	96.732292	C4	60	30	*	-1	*	-1	-1	
503	96.756250	C5	72	51	504	53.000000	C5	72	80	
504	97.207292	C3	48	49	508	53.250000	C3	48	80	
505	97.213542	E5	76	62	506	53.250000	E5	76	80	
506	97.221875	G4	67	45	507	53.250000	G4	67	80	
507	97.416667	D3	50	67	510	53.375000	D3	50	80	
508	97.416667	F5	77	72	509	53.375000	F5	77	80	
509	97.767708	G5	79	71	511	53.500000	G5	79	80	
510	97.784375	C3	48	70	514	53.500000	C3	48	80	
511	97.786458	E3	52	73	513	53.500000	E3	52	80	
512	97.791667	C5	72	57	512	53.500000	C5	72	80	
513	98.267708	D3	50	56	516	53.750000	D3	50	80	
514	98.272917	Bb4	70	59	515	53.750000	Bb4	70	80	
515	98.485417	E3	52	59	517	53.875000	E3	52	80	
516	98.691667	C#3	49	69	520	54.000000	C#3	49	80	
517	98.698958	G#4	68	68	518	54.000000	G#4	68	80	
518	98.705208	F3	53	66	519	54.000000	F3	53	80	
519	98.936458	E3	52	74	521	54.125000	E3	52	80	
520	99.154167	F3	53	56	524	54.250000	F3	53	80	
521	99.156250	F5	77	75	522	54.250000	F5	77	80	
522	99.166667	Bb4	70	68	523	54.250000	Bb4	70	80	
523	99.366667	G3	55	70	525	54.375000	G3	55	80	
524	99.582292	G#3	56	86	527	54.500000	G#3	56	80	
525	99.585417	C3	48	75	528	54.500000	C3	48	80	
526	99.592708	C5	72	66	526	54.500000	C5	72	80	
527	99.812500	C4	60	58	529	54.625000	C4	60	80	
528	100.038542	Eb5	75	66	530	54.750000	Eb5	75	80	
529	100.042708	D4	62	67	531	54.750000	D4	62	80	
530	100.252083	Eb4	63	66	532	54.875000	Eb4	63	80	
531	100.487500	B2	47	77	535	55.000000	B2	47	80	
532	100.489583	D5	74	71	533	55.000000	D5	74	80	
533	100.498958	F4	65	55	534	55.000000	F4	65	80	
534	100.706250	F3	53	69	536	55.125000	F3	53	80	
535	100.928125	Eb5	75	73	537	55.250000	Eb5	75	80	
536	100.936458	G3	55	61	538	55.250000	G3	55	80	
537	101.125000	G#3	56	62	540	55.375000	G#3	56	80	
538	101.157292	F5	77	74	539	55.375000	F5	77	80	
539	101.391667	Bb3	58	80	542	55.500000	Bb3	58	80	
540	101.396875	G5	79	81	541	55.500000	G5	79	80	
541	101.401042	E3	52	72	543	55.500000	E3	52	80	
542	101.629167	F5	77	69	544	55.625000	F5	77	80	
543	101.847917	E5	76	66	545	55.750000	E5	76	80	
544	101.870833	G4	67	38	546	55.750000	G4	67	80	
545	102.062500	D5	74	64	547	55.875000	D5	74	80	
546	102.285417	F3	53	73	550	56.000000	F3	53	80	
547	102.290625	C5	72	56	548	56.000000	C5	72	80	
548	102.301042	G#4	68	57	549	56.000000	G#4	68	80	
549	102.512500	G#3	56	65	551	56.125000	G#3	56	80	
550	102.736458	Bb3	58	63	552	56.250000	Bb3	58	80	
551	102.953125	C4	60	72	553	56.375000	C4	60	80	
552	103.171875	Bb2	46	76	555	56.500000	Bb2	46	80	
553	103.181250	C#4	61	69	554	56.500000	C#4	61	80	
554	103.395833	Bb4	70	77	556	56.625000	Bb4	70	80	
555	103.617708	G#4	68	77	558	56.750000	G#4	68	80	
556	103.821875	G4	67	70	559	56.875000	G4	67	80	
557	104.054167	C5	72	68	561	57.000000	C5	72	80	
558	104.055208	A2	45	74	562	57.000000	A2	45	80	
559	104.076042	F4	65	57	560	57.000000	F4	65	80	
560	104.257292	C4	60	64	563	57.125000	C4	60	80	
561	104.473958	D4	62	67	564	57.250000	D4	62	80	
562	104.669792	E4	64	69	565	57.375000	E4	64	80	
563	104.910417	G#2	44	83	567	57.500000	G#2	44	80	
564	104.919792	F4	65	61	566	57.500000	F4	65	80	
565	105.131250	F4	65	76	568	57.625000	F4	65	80	
566	105.359375	C5	72	79	570	57.750000	C5	72	80	
567	105.363542	G4	67	72	569	57.750000	G4	67	80	
568	105.571875	G#4	68	79	571	57.875000	G#4	68	80	
569	105.827083	G2	43	74	574	58.000000	G2	43	80	
570	105.921875	C#5	73	77	573	58.000000	C#5	73	80	
571	105.926042	Bb4	70	68	572	58.000000	Bb4	70	80	
572	106.382292	C5	72	74	575	58.250000	C5	72	80	
573	106.391667	E4	64	65	576	58.250000	E4	64	80	
574	106.586458	Bb4	70	74	577	58.375000	Bb4	70	80	
575	106.587500	D4	62	65	578	58.375000	D4	62	80	
576	106.829167	C5	72	81	579	58.500000	C5	72	80	
577	106.832292	E4	64	71	580	58.500000	E4	64	80	
578	107.278125	G#4	68	78	581	58.750000	G#4	68	80	
579	107.488542	G4	67	70	582	58.875000	G4	67	80	
580	107.782292	F2	41	56	585	59.000000	F2	41	80	
581	107.796875	G#4	68	71	583	59.000000	G#4	68	80	
582	107.807292	F4	65	46	584	59.000000	F4	65	80	
583	108.375000	F3	53	55	586	59.250000	F3	53	80	
584	108.589583	G3	55	49	587	59.375000	G3	55	80	
585	108.804167	G#3	56	50	588	59.500000	G#3	56	80	
586	109.275000	G#3	56	44	590	59.750000	G#3	56	80	
587	109.292708	C4	60	34	589	59.750000	C4	60	80	
588	109.488542	Bb3	58	43	592	59.875000	Bb3	58	80	
589	109.516667	C#4	61	47	591	59.875000	C#4	61	80	
590	109.725000	C4	60	34	594	60.000000	C4	60	80	
591	109.739583	Eb4	63	51	593	60.000000	Eb4	63	80	
592	110.204167	F#5	78	55	595	60.250000	F#5	78	80	
593	110.206250	Eb4	63	46	596	60.250000	Eb4	63	80	
594	110.420833	F5	77	62	597	60.375000	F5	77	80	
595	110.426042	F4	65	41	598	60.375000	F4	65	80	
596	110.647917	Eb5	75	59	599	60.500000	Eb5	75	80	
597	110.653125	F#4	66	50	600	60.500000	F#4	66	80	
598	110.852083	Bb3	58	41	602	60.625000	Bb3	58	80	
599	110.858333	C#5	73	55	601	60.625000	C#5	73	80	
600	111.094792	G#3	56	44	604	60.750000	G#3	56	80	
601	111.104167	C5	72	60	603	60.750000	C5	72	80	
602	111.314583	Bb4	70	60	605	60.875000	Bb4	70	80	
603	111.323958	F#3	54	39	606	60.875000	F#3	54	80	
604	111.539583	F3	53	46	608	61.000000	F3	53	80	
605	111.562500	G#4	68	57	607	61.000000	G#4	68	80	
606	111.994792	Bb4	70	59	609	61.250000	Bb4	70	80	
607	112.010417	C#3	49	46	611	61.250000	C#3	49	80	
608	112.015625	F4	65	43	610	61.250000	F4	65	80	
609	112.200000	Eb3	51	44	614	61.375000	Eb3	51	80	
610	112.207292	C5	72	65	612	61.375000	C5	72	80	
611	112.222917	Eb4	63	43	613	61.375000	Eb4	63	80	
612	112.426042	F3	53	42	617	61.500000	F3	53	80	
613	112.458333	C#5	73	63	615	61.500000	C#5	73	80	
614	112.488542	C#4	61	42	616	61.500000	C#4	61	80	
615	112.933333	F3	53	37	619	61.750000	F3	53	80	
616	112.939583	G#3	56	46	618	61.750000	G#3	56	80	
617	113.139583	Bb3	58	46	620	61.875000	Bb3	58	80	
618	113.147917	G3	55	37	621	61.875000	G3	55	80	
619	113.386458	G#3	56	48	623	62.000000	G#3	56	80	
620	113.388542	C4	60	48	622	62.000000	C4	60	80	
621	113.835417	Eb5	75	68	624	62.250000	Eb5	75	80	
622	113.848958	C4	60	44	625	62.250000	C4	60	80	
623	114.060417	C#5	73	70	626	62.375000	C#5	73	80	
624	114.065625	C#4	61	53	627	62.375000	C#4	61	80	
625	114.277083	C5	72	79	628	62.500000	C5	72	80	
626	114.314583	Eb4	63	51	629	62.500000	Eb4	63	80	
627	114.495833	F#3	54	56	631	62.625000	F#3	54	80	
628	114.498958	Bb4	70	80	630	62.625000	Bb4	70	80	
629	114.712500	G#4	68	77	632	62.750000	G#4	68	80	
630	114.714583	F3	53	59	633	62.750000	F3	53	80	
631	114.929167	F#4	66	73	634	62.875000	F#4	66	80	
632	114.932292	Eb3	51	64	635	62.875000	Eb3	51	80	
633	115.169792	C#3	49	61	637	63.000000	C#3	49	80	
634	115.177083	F4	65	68	636	63.000000	F4	65	80	
635	115.608333	Bb2	46	53	640	63.250000	Bb2	46	80	
636	115.611458	G4	67	72	638	63.250000	G4	67	80	
637	115.644792	C#4	61	59	639	63.250000	C#4	61	80	
638	115.813542	C3	48	60	643	63.375000	C3	48	80	
639	115.819792	C4	60	70	642	63.375000	C4	60	80	
640	115.821875	A4	69	81	641	63.375000	A4	69	80	
641	116.041667	C#3	49	61	646	63.500000	C#3	49	80	
642	116.080208	Bb4	70	81	644	63.500000	Bb4	70	80	
643	116.095833	Bb3	58	65	645	63.500000	Bb3	58	80	
644	116.523958	C#3	49	56	648	63.750000	C#3	49	80	
645	116.525000	F3	53	58	647	63.750000	F3	53	80	
646	116.717708	Eb3	51	54	650	63.875000	Eb3	51	80	
647	116.733333	G3	55	61	649	63.875000	G3	55	80	
648	116.969792	G#3	56	66	651	64.000000	G#3	56	80	
649	116.971875	F3	53	56	652	64.000000	F3	53	80	
650	117.434375	G#3	56	54	654	64.250000	G#3	56	80	
651	117.434375	C5	72	79	653	64.250000	C5	72	80	
652	117.653125	Bb4	70	80	655	64.375000	Bb4	70	80	
653	117.659375	Bb3	58	61	656	64.375000	Bb3	58	80	
654	117.875000	C4	60	69	658	64.500000	C4	60	80	
655	117.881250	G#4	68	82	657	64.500000	G#4	68	80	
656	118.083333	Eb3	51	58	660	64.625000	Eb3	51	80	
657	118.089583	G4	67	78	659	64.625000	G4	67	80	
658	118.309375	C#3	49	61	662	64.750000	C#3	49	80	
659	118.314583	F4	65	74	661	64.750000	F4	65	80	
660	118.507292	C3	48	65	664	64.875000	C3	48	80	
661	118.527083	Eb4	63	80	663	64.875000	Eb4	63	80	
662	118.747917	Bb2	46	52	666	65.000000	Bb2	46	80	
663	118.813542	C#4	61	80	665	65.000000	C#4	61	80	
664	119.015625	C3	48	58	667	65.125000	C3	48	80	
665	119.244792	C#3	49	54	669	65.250000	C#3	49	80	
666	119.247917	Bb3	58	64	668	65.250000	Bb3	58	80	
667	119.446875	C3	48	55	671	65.375000	C3	48	80	
668	119.463542	C4	60	72	670	65.375000	C4	60	80	
669	119.676042	Bb2	46	66	673	65.500000	Bb2	46	80	
670	119.692708	C#4	61	78	672	65.500000	C#4	61	80	
671	119.890625	G#2	44	61	675	65.625000	G#2	44	80	
672	119.903125	F4	65	78	674	65.625000	F4	65	80	
673	120.108333	G2	43	69	677	65.750000	G2	43	80	
674	120.128125	Bb4	70	83	676	65.750000	Bb4	70	80	
675	120.328125	F2	41	79	679	65.875000	F2	41	80	
676	120.334375	G#4	68	82	678	65.875000	G#4	68	80	
677	120.566667	Eb2	39	75	681	66.000000	Eb2	39	80	
678	120.647917	G4	67	78	680	66.000000	G4	67	80	
679	121.097917	Bb2	46	69	683	66.250000	Bb2	46	80	
680	121.101042	Eb4	63	75	682	66.250000	Eb4	63	80	
681	121.290625	C#4	61	80	684	66.375000	C#4	61	80	
682	121.522917	C3	48	58	688	66.500000	C3	48	80	
683	121.623958	Eb4	63	84	686	66.500000	Eb4	63	80	
684	121.644792	C4	60	70	687	66.500000	C4	60	80	
685	121.660417	G#4	68	44	685	66.500000	G#4	68	80	
686	122.055208	G#2	44	58	690	66.750000	G#2	44	80	
687	122.079167	C#4	61	61	689	66.750000	C#4	61	80	
688	122.284375	C4	60	58	691	66.875000	C4	60	80	
689	122.484375	Bb3	58	59	693	67.000000	Bb3	58	80	
690	122.487500	C#3	49	64	694	67.000000	C#3	49	80	
691	122.537500	F4	65	82	692	67.000000	F4	65	80	
692	122.741667	G4	67	69	695	67.125000	G4	67	80	
693	122.953125	Bb2	46	61	697	67.250000	Bb2	46	80	
694	122.989583	G#4	68	70	696	67.250000	G#4	68	80	
695	123.179167	Bb4	70	73	698	67.375000	Bb4	70	80	
696	123.386458	Eb3	51	56	701	67.500000	Eb3	51	80	
697	123.421875	Eb4	63	82	700	67.500000	Eb4	63	80	
698	123.446875	C5	72	66	699	67.500000	C5	72	80	
699	123.853125	G#3	56	63	702	67.750000	G#3	56	80	
700	123.863542	C3	48	53	703	67.750000	C3	48	80	
701	124.063542	G3	55	61	704	67.875000	G3	55	80	
702	124.252083	F3	53	51	707	68.000000	F3	53	80	
703	124.270833	G#3	56	57	706	68.000000	G#3	56	80	
704	124.315625	D4	62	81	705	68.000000	D4	62	80	
705	124.547917	G#4	68	62	708	68.125000	G#4	68	80	
706	124.737500	Bb2	46	54	711	68.250000	Bb2	46	80	
707	124.764583	Bb4	70	71	709	68.250000	Bb4	70	80	
708	124.769792	G3	55	45	710	68.250000	G3	55	80	
709	124.956250	C5	72	73	712	68.375000	C5	72	80	
710	124.958333	G#3	56	63	713	68.375000	G#3	56	80	
711	125.186458	G4	67	81	715	68.500000	G4	67	80	
712	125.189583	Bb3	58	58	716	68.500000	Bb3	58	80	
713	125.271875	C#5	73	21	714	68.500000	C#5	73	80	
714	125.413542	G#3	56	66	717	68.625000	G#3	56	80	
715	125.639583	Eb3	51	45	719	68.750000	Eb3	51	80	
716	125.643750	G3	55	49	718	68.750000	G3	55	80	
717	125.841667	C#3	49	54	721	68.875000	C#3	49	80	
718	125.859375	F3	53	57	720	68.875000	F3	53	80	
719	126.054167	Eb3	51	44	723	69.000000	Eb3	51	80	
720	126.084375	C3	48	46	724	69.000000	C3	48	80	
721	126.090625	G#4	68	88	722	69.000000	G#4	68	80	
722	126.301042	C5	72	77	725	69.125000	C5	72	80	
723	126.513542	G#3	56	59	727	69.250000	G#3	56	80	
724	126.531250	C#5	73	65	726	69.250000	C#5	73	80	
725	126.539583	F3	53	55	728	69.250000	F3	53	80	
726	126.729167	Eb5	75	72	729	69.375000	Eb5	75	80	
727	126.984375	C#4	61	80	731	69.500000	C#4	61	80	
728	126.995833	F5	77	69	730	69.500000	F5	77	80	
729	127.204167	Eb3	51	54	733	69.625000	Eb3	51	80	
730	127.213542	G3	55	54	732	69.625000	G3	55	80	
731	127.412500	F3	53	53	735	69.750000	F3	53	80	
732	127.630208	Bb3	58	76	736	69.875000	Bb3	58	80	
733	127.691667	G3	55	59	737	69.875000	G3	55	80	
734	127.865625	C4	60	75	738	70.000000	C4	60	80	
735	127.872917	G#3	56	73	740	70.000000	G#3	56	80	
736	128.079167	Eb5	75	79	741	70.125000	Eb5	75	80	
737	128.081250	G3	55	62	742	70.125000	G3	55	80	
738	128.303125	F5	77	84	743	70.250000	F5	77	80	
739	128.310417	F3	53	57	744	70.250000	F3	53	80	
740	128.503125	Eb3	51	63	746	70.375000	Eb3	51	80	
741	128.503125	G5	79	82	745	70.375000	G5	79	80	
742	128.736458	D3	50	61	749	70.500000	D3	50	80	
743	128.739583	B3	59	56	748	70.500000	B3	59	80	
744	128.769792	G#5	80	87	747	70.500000	G#5	80	80	
745	128.981250	F3	53	59	750	70.625000	F3	53	80	
746	129.205208	G3	55	56	751	70.750000	G3	55	80	
747	129.413542	G#3	56	61	752	70.875000	G#3	56	80	
748	129.671875	Eb3	51	57	754	71.000000	Eb3	51	80	
749	129.673958	Bb3	58	62	753	71.000000	Bb3	58	80	
750	130.107292	D3	50	48	757	71.250000	D3	50	80	
751	130.125000	G5	79	75	756	71.250000	G5	79	80	
752	130.344792	F5	77	78	758	71.375000	F5	77	80	
753	130.571875	E3	52	51	760	71.500000	E3	52	80	
754	130.597917	G5	79	84	759	71.500000	G5	79	80	
755	130.804167	G3	55	56	761	71.625000	G3	55	80	
756	131.039583	F3	53	47	762	71.750000	F3	53	80	
757	131.063542	C3	48	49	763	71.750000	C3	48	80	
758	131.262500	E3	52	42	764	71.875000	E3	52	80	
759	131.492708	F3	53	45	766	72.000000	F3	53	80	
760	131.493750	G#3	56	51	765	72.000000	G#3	56	80	
761	131.714583	C5	72	64	768	72.125000	C5	72	80	
762	131.935417	F3	53	47	770	72.250000	F3	53	80	
763	131.945833	D5	74	64	769	72.250000	D5	74	80	
764	132.150000	Eb3	51	50	772	72.375000	Eb3	51	80	
765	132.153125	Eb5	75	73	771	72.375000	Eb5	75	80	
766	132.380208	D3	50	46	774	72.500000	D3	50	80	
767	132.389583	F5	77	69	773	72.500000	F5	77	80	
768	132.612500	B4	71	52	775	72.625000	B4	71	80	
769	132.823958	C5	72	56	776	72.750000	C5	72	80	
770	132.834375	D3	50	38	777	72.750000	D3	50	80	
771	133.050000	C3	48	42	779	72.875000	C3	48	80	
772	133.053125	D5	74	52	778	72.875000	D5	74	80	
773	133.275000	B2	47	38	781	73.000000	B2	47	80	
774	133.285417	G4	67	46	780	73.000000	G4	67	80	
775	133.493750	G2	43	43	782	73.125000	G2	43	80	
776	133.727083	Eb5	75	68	783	73.250000	Eb5	75	80	
777	133.728125	A2	45	46	784	73.250000	A2	45	80	
778	133.928125	B2	47	48	786	73.375000	B2	47	80	
779	133.935417	D5	74	70	785	73.375000	D5	74	80	
780	134.165625	C3	48	43	788	73.500000	C3	48	80	
781	134.172917	Eb5	75	77	787	73.500000	Eb5	75	80	
782	134.388542	G#2	44	47	789	73.625000	G#2	44	80	
783	134.598958	Bb2	46	44	791	73.750000	Bb2	46	80	
784	134.629167	F#4	66	52	790	73.750000	F#4	66	80	
785	134.815625	C3	48	49	792	73.875000	C3	48	80	
786	135.042708	C#3	49	46	794	74.000000	C#3	49	80	
787	135.057292	F4	65	45	793	74.000000	F4	65	80	
788	135.287500	G#4	68	60	795	74.125000	G#4	68	80	
789	135.497917	C#3	49	40	797	74.250000	C#3	49	80	
790	135.514583	Bb4	70	61	796	74.250000	Bb4	70	80	
791	135.723958	C5	72	69	798	74.375000	C5	72	80	
792	135.733333	C3	48	42	799	74.375000	C3	48	80	
793	135.935417	Bb2	46	39	801	74.500000	Bb2	46	80	
794	135.946875	C#5	73	68	800	74.500000	C#5	73	80	
795	136.176042	G4	67	42	802	74.625000	G4	67	80	
796	136.393750	Bb2	46	29	804	74.750000	Bb2	46	80	
797	136.405208	G#4	68	56	803	74.750000	G#4	68	80	
798	136.609375	G#2	44	43	806	74.875000	G#2	44	80	
799	136.617708	Bb4	70	55	805	74.875000	Bb4	70	80	
800	136.825000	G2	43	41	808	75.000000	G2	43	80	
801	136.842708	Eb4	63	51	807	75.000000	Eb4	63	80	
802	137.031250	Eb2	39	49	809	75.125000	Eb2	39	80	
803	137.252083	F2	41	46	811	75.250000	F2	41	80	
804	137.293750	C5	72	67	810	75.250000	C5	72	80	
805	137.493750	Bb4	70	66	812	75.375000	Bb4	70	80	
806	137.496875	G2	43	41	813	75.375000	G2	43	80	
807	137.751042	G#2	44	32	815	75.500000	G#2	44	80	
808	137.756250	C5	72	66	814	75.500000	C5	72	80	
809	137.983333	F2	41	42	817	75.625000	F2	41	80	
810	137.984375	F#4	66	49	816	75.625000	F#4	66	80	
811	138.206250	F4	65	48	818	75.750000	F4	65	80	
812	138.215625	G2	43	33	819	75.750000	G2	43	80	
813	138.419792	A2	45	36	821	75.875000	A2	45	80	
814	138.430208	Eb4	63	49	820	75.875000	Eb4	63	80	
815	138.631250	Bb2	46	44	823	76.000000	Bb2	46	80	
816	138.657292	C#4	61	49	822	76.000000	C#4	61	80	
817	138.868750	A2	45	39	824	76.125000	A2	45	80	
818	139.069792	Bb2	46	35	826	76.250000	Bb2	46	80	
819	139.107292	F4	65	55	825	76.250000	F4	65	80	
820	139.305208	C3	48	51	827	76.375000	C3	48	80	
821	139.523958	C#3	49	51	829	76.500000	C#3	49	80	
822	139.533333	Bb4	70	66	828	76.500000	Bb4	70	80	
823	139.735417	Bb2	46	54	830	76.625000	Bb2	46	80	
824	139.952083	C3	48	48	832	76.750000	C3	48	80	
825	139.960417	G#4	68	60	831	76.750000	G#4	68	80	
826	140.159375	C#3	49	58	833	76.875000	C#3	49	80	
827	140.404167	Eb3	51	43	835	77.000000	Eb3	51	80	
828	140.421875	G4	67	54	834	77.000000	G4	67	80	
829	140.651042	Bb3	58	46	836	77.125000	Bb3	58	80	
830	140.869792	C4	60	48	837	77.250000	C4	60	80	
831	140.875000	Eb3	51	45	838	77.250000	Eb3	51	80	
832	141.080208	C#4	61	60	839	77.375000	C#4	61	80	
833	141.086458	C#3	49	49	840	77.375000	C#3	49	80	
834	141.290625	C3	48	50	842	77.500000	C3	48	80	
835	141.319792	Eb4	63	59	841	77.500000	Eb4	63	80	
836	141.513542	G4	67	66	843	77.625000	G4	67	80	
837	141.746875	C3	48	49	845	77.750000	C3	48	80	
838	141.753125	G#4	68	72	844	77.750000	G#4	68	80	
839	141.957292	Bb2	46	60	847	77.875000	Bb2	46	80	
840	141.958333	Bb4	70	71	846	77.875000	Bb4	70	80	
841	142.195833	G#2	44	59	849	78.000000	G#2	44	80	
842	142.203125	C5	72	76	848	78.000000	C5	72	80	
843	142.417708	Eb4	63	70	850	78.125000	Eb4	63	80	
844	142.640625	F4	65	72	851	78.250000	F4	65	80	
845	142.641667	G#3	56	74	852	78.250000	G#3	56	80	
846	142.851042	G3	55	68	854	78.375000	G3	55	80	
847	142.854167	G4	67	73	853	78.375000	G4	67	80	
848	143.069792	F3	53	75	856	78.500000	F3	53	80	
849	143.077083	G#4	68	80	855	78.500000	G#4	68	80	
850	143.295833	C5	72	83	857	78.625000	C5	72	80	
851	143.510417	F3	53	77	859	78.750000	F3	53	80	
852	143.513542	D5	74	76	858	78.750000	D5	74	80	
853	143.730208	Eb3	51	76	861	78.875000	Eb3	51	80	
854	143.734375	Eb5	75	79	860	78.875000	Eb5	75	80	
855	143.995833	D3	50	75	863	79.000000	D3	50	80	
856	144.003125	F5	77	77	862	79.000000	F5	77	80	
857	144.225000	C5	72	80	864	79.125000	C5	72	80	
858	144.450000	Bb4	70	83	865	79.250000	Bb4	70	80	
859	144.676042	G#4	68	78	866	79.375000	G#4	68	80	
860	144.965625	Bb3	58	83	868	79.500000	Bb3	58	80	
861	144.988542	G4	67	71	867	79.500000	G4	67	80	
862	144.989583	Eb3	51	63	869	79.500000	Eb3	51	80	
863	145.214583	Bb4	70	73	870	79.625000	Bb4	70	80	
864	145.439583	G3	55	69	872	79.750000	G3	55	80	
865	145.463542	Eb5	75	68	871	79.750000	Eb5	75	80	
866	145.658333	G4	67	68	873	79.875000	G4	67	80	
867	145.878125	C4	60	82	875	80.000000	C4	60	80	
868	145.885417	F4	65	63	874	80.000000	F4	65	80	
869	145.890625	G#3	56	73	876	80.000000	G#3	56	80	
870	146.094792	Eb5	75	70	877	80.125000	Eb5	75	80	
871	146.317708	F3	53	66	879	80.250000	F3	53	80	
872	146.332292	D5	74	63	878	80.250000	D5	74	80	
873	146.538542	C5	72	70	880	80.375000	C5	72	80	
874	146.769792	Bb3	58	87	882	80.500000	Bb3	58	80	
875	146.776042	D5	74	62	881	80.500000	D5	74	80	
876	146.994792	Eb5	75	69	884	80.625000	Eb5	75	80	
877	147.212500	Bb2	46	65	886	80.750000	Bb2	46	80	
878	147.225000	C5	72	61	885	80.750000	C5	72	80	
879	147.433333	D5	74	65	887	80.875000	D5	74	80	
880	147.663542	C4	60	79	889	81.000000	C4	60	80	
881	147.666667	A3	57	67	890	81.000000	A3	57	80	
882	147.666667	Eb5	75	66	888	81.000000	Eb5	75	80	
883	147.670833	C3	48	63	891	81.000000	C3	48	80	
884	147.881250	C5	72	72	892	81.125000	C5	72	80	
885	148.120833	C4	60	71	894	81.250000	C4	60	80	
886	148.121875	D5	74	60	893	81.250000	D5	74	80	
887	148.314583	Bb3	58	65	896	81.375000	Bb3	58	80	
888	148.319792	Eb5	75	71	895	81.375000	Eb5	75	80	
889	148.547917	D4	62	76	898	81.500000	D4	62	80	
890	148.555208	F5	77	69	897	81.500000	F5	77	80	
891	148.559375	G#3	56	67	899	81.500000	G#3	56	80	
892	148.765625	Eb5	75	70	900	81.625000	Eb5	75	80	
893	148.995833	D5	74	68	901	81.750000	D5	74	80	
894	148.998958	Bb3	58	64	902	81.750000	Bb3	58	80	
895	149.205208	G#3	56	66	904	81.875000	G#3	56	80	
896	149.207292	C5	72	73	903	81.875000	C5	72	80	
897	149.457292	G3	55	59	907	82.000000	G3	55	80	
898	149.477083	Eb4	63	68	906	82.000000	Eb4	63	80	
899	149.480208	Bb4	70	71	905	82.000000	Bb4	70	80	
900	149.714583	C4	60	61	908	82.125000	C4	60	80	
901	149.909375	Bb2	46	52	910	82.250000	Bb2	46	80	
902	149.922917	D4	62	56	909	82.250000	D4	62	80	
903	150.088542	C3	48	57	912	82.375000	C3	48	80	
904	150.138542	Eb4	63	57	911	82.375000	Eb4	63	80	
905	150.373958	G#3	56	76	914	82.500000	G#3	56	80	
906	150.375000	D3	50	62	915	82.500000	D3	50	80	
907	150.397917	F4	65	62	913	82.500000	F4	65	80	
908	150.591667	Eb4	63	60	916	82.625000	Eb4	63	80	
909	150.806250	C3	48	57	918	82.750000	C3	48	80	
910	150.836458	D4	62	65	917	82.750000	D4	62	80	
911	151.039583	D3	50	54	920	82.875000	D3	50	80	
912	151.054167	C4	60	63	919	82.875000	C4	60	80	
913	151.264583	Eb3	51	63	923	83.000000	Eb3	51	80	
914	151.268750	G3	55	65	922	83.000000	G3	55	80	
915	151.285417	Bb3	58	64	921	83.000000	Bb3	58	80	
916	151.491667	G#4	68	75	924	83.125000	G#4	68	80	
917	151.720833	Eb3	51	58	926	83.250000	Eb3	51	80	
918	151.736458	G4	67	71	925	83.250000	G4	67	80	
919	151.956250	D3	50	59	928	83.375000	D3	50	80	
920	151.964583	F4	65	73	927	83.375000	F4	65	80	
921	152.306250	F#3	54	55	930	83.500000	F#3	54	80	
922	152.316667	C3	48	49	931	83.500000	C3	48	80	
923	152.369792	Eb4	63	67	929	83.500000	Eb4	63	80	
924	152.831250	C3	48	38	933	83.750000	C3	48	80	
925	152.864583	A3	57	50	932	83.750000	A3	57	80	
926	153.067708	Bb2	46	38	935	83.875000	Bb2	46	80	
927	153.095833	Bb3	58	55	934	83.875000	Bb3	58	80	
928	153.388542	F3	53	58	937	84.000000	F3	53	80	
929	153.389583	A2	45	51	938	84.000000	A2	45	80	
930	153.402083	C4	60	59	936	84.000000	C4	60	80	
931	153.629167	Eb4	63	60	939	84.125000	Eb4	63	80	
932	153.840625	F4	65	57	940	84.250000	F4	65	80	
933	154.053125	Eb4	63	59	941	84.375000	Eb4	63	80	
934	154.256250	Bb2	46	46	944	84.500000	Bb2	46	80	
935	154.268750	Bb3	58	44	943	84.500000	Bb3	58	80	
936	154.288542	D4	62	54	942	84.500000	D4	62	80	
937	154.491667	C5	72	67	945	84.625000	C5	72	80	
938	154.705208	Bb4	70	69	946	84.750000	Bb4	70	80	
939	154.931250	G#4	68	68	947	84.875000	G#4	68	80	
940	155.192708	Eb3	51	40	949	85.000000	Eb3	51	80	
941	155.210417	G4	67	50	948	85.000000	G4	67	80	
942	155.685417	Bb4	70	70	951	85.250000	Bb4	70	80	
943	155.707292	Eb4	63	53	952	85.250000	Eb4	63	80	
944	155.903125	F4	65	66	953	85.375000	F4	65	80	
945	156.153125	Eb5	75	81	954	85.500000	Eb5	75	80	
946	156.176042	G4	67	61	955	85.500000	G4	67	80	
947	156.627083	Eb3	51	46	957	85.750000	Eb3	51	80	
948	156.635417	G4	67	49	956	85.750000	G4	67	80	
949	156.838542	F3	53	48	959	85.875000	F3	53	80	
950	156.843750	G#4	68	67	958	85.875000	G#4	68	80	
951	157.083333	Bb4	70	65	960	86.000000	Bb4	70	80	
952	157.084375	G3	55	46	961	86.000000	G3	55	80	
953	157.304167	G5	79	85	962	86.125000	G5	79	80	
954	157.521875	F5	77	79	963	86.250000	F5	77	80	
955	157.526042	G3	55	50	965	86.250000	G3	55	80	
956	157.532292	Bb3	58	54	964	86.250000	Bb3	58	80	
957	157.733333	G#3	56	51	968	86.375000	G#3	56	80	
958	157.734375	Eb5	75	80	966	86.375000	Eb5	75	80	
959	157.758333	C4	60	60	967	86.375000	C4	60	80	
960	157.944792	D4	62	50	970	86.500000	D4	62	80	
961	157.960417	Bb3	58	54	971	86.500000	Bb3	58	80	
962	157.981250	D5	74	79	969	86.500000	D5	74	80	
963	158.194792	C4	60	58	973	86.625000	C4	60	80	
964	158.217708	G#4	68	77	972	86.625000	G#4	68	80	
965	158.420833	Bb3	58	61	975	86.750000	Bb3	58	80	
966	158.420833	G4	67	76	974	86.750000	G4	67	80	
967	158.441667	Bb2	46	49	976	86.750000	Bb2	46	80	
968	158.632292	F4	65	75	977	86.875000	F4	65	80	
969	158.633333	G#3	56	68	978	86.875000	G#3	56	80	
970	158.840625	G3	55	58	980	87.000000	G3	55	80	
971	158.850000	C3	48	54	981	87.000000	C3	48	80	
972	158.851042	Eb4	63	66	979	87.000000	Eb4	63	80	
973	159.072917	D4	62	62	982	87.125000	D4	62	80	
974	159.322917	G4	67	49	983	87.250000	G4	67	80	
975	159.323958	C4	60	52	984	87.250000	C4	60	80	
976	159.518750	D4	62	47	985	87.375000	D4	62	80	
977	159.772917	C5	72	58	986	87.500000	C5	72	80	
978	159.795833	Eb4	63	43	987	87.500000	Eb4	63	80	
979	160.234375	C3	48	34	989	87.750000	C3	48	80	
980	160.252083	Eb4	63	41	988	87.750000	Eb4	63	80	
981	160.456250	D3	50	46	991	87.875000	D3	50	80	
982	160.457292	F4	65	46	990	87.875000	F4	65	80	
983	160.671875	Eb3	51	44	993	88.000000	Eb3	51	80	
984	160.683333	G4	67	50	992	88.000000	G4	67	80	
985	160.889583	Eb5	75	59	994	88.125000	Eb5	75	80	
986	161.126042	Eb3	51	38	997	88.250000	Eb3	51	80	
987	161.132292	G3	55	44	996	88.250000	G3	55	80	
988	161.136458	D5	74	56	995	88.250000	D5	74	80	
989	161.326042	C5	72	65	998	88.375000	C5	72	80	
990	161.335417	F3	53	50	1000	88.375000	F3	53	80	
991	161.364583	G#3	56	56	999	88.375000	G#3	56	80	
992	161.560417	Bb3	58	50	1002	88.500000	Bb3	58	80	
993	161.575000	Bb4	70	60	1001	88.500000	Bb4	70	80	
994	161.601042	G3	55	37	1003	88.500000	G3	55	80	
995	161.772917	F4	65	59	1004	88.625000	F4	65	80	
996	161.796875	G#3	56	51	1005	88.625000	G#3	56	80	
997	162.008333	G3	55	52	1007	88.750000	G3	55	80	
998	162.009375	Eb4	63	63	1006	88.750000	Eb4	63	80	
999	162.010417	G2	43	55	1008	88.750000	G2	43	80	
1000	162.222917	C#4	61	64	1009	88.875000	C#4	61	80	
1001	162.232292	G3	55	40	*	-1	*	-1	-1	
1002	162.257292	F3	53	28	1010	88.875000	F3	53	80	
1003	162.446875	Eb3	51	63	1012	89.000000	Eb3	51	80	
1004	162.446875	C4	60	67	1011	89.000000	C4	60	80	
1005	162.459375	G#2	44	59	1013	89.000000	G#2	44	80	
1006	162.654167	Bb3	58	69	1014	89.125000	Bb3	58	80	
1007	162.880208	Eb4	63	76	1015	89.250000	Eb4	63	80	
1008	162.893750	G#3	56	71	1016	89.250000	G#3	56	80	
1009	163.082292	Bb3	58	75	1017	89.375000	Bb3	58	80	
1010	163.358333	G#4	68	79	1018	89.500000	G#4	68	80	
1011	163.378125	C4	60	65	1019	89.500000	C4	60	80	
1012	163.816667	G#2	44	54	1021	89.750000	G#2	44	80	
1013	163.820833	C4	60	61	1020	89.750000	C4	60	80	
1014	164.027083	Bb2	46	59	1023	89.875000	Bb2	46	80	
1015	164.032292	D4	62	69	1022	89.875000	D4	62	80	
1016	164.251042	Eb4	63	70	1024	90.000000	Eb4	63	80	
1017	164.257292	C3	48	57	1025	90.000000	C3	48	80	
1018	164.469792	C5	72	81	1026	90.125000	C5	72	80	
1019	164.698958	Bb4	70	82	1027	90.250000	Bb4	70	80	
1020	164.701042	Eb3	51	58	1028	90.250000	Eb3	51	80	
1021	164.707292	C3	48	56	1029	90.250000	C3	48	80	
1022	164.907292	G#4	68	84	1030	90.375000	G#4	68	80	
1023	164.908333	F3	53	70	1031	90.375000	F3	53	80	
1024	164.910417	D3	50	61	1032	90.375000	D3	50	80	
1025	165.135417	G3	55	61	1034	90.500000	G3	55	80	
1026	165.145833	Eb3	51	62	1035	90.500000	Eb3	51	80	
1027	165.164583	G4	67	86	1033	90.500000	G4	67	80	
1028	165.378125	F3	53	73	1037	90.625000	F3	53	80	
1029	165.398958	D4	62	74	1036	90.625000	D4	62	80	
1030	165.597917	Eb3	51	73	1039	90.750000	Eb3	51	80	
1031	165.618750	Eb2	39	67	1040	90.750000	Eb2	39	80	
1032	165.621875	C4	60	72	1038	90.750000	C4	60	80	
1033	165.804167	D3	50	77	1042	90.875000	D3	50	80	
1034	165.819792	Bb3	58	78	1041	90.875000	Bb3	58	80	
1035	166.038542	F2	41	72	1044	91.000000	F2	41	80	
1036	166.041667	G#3	56	71	1043	91.000000	G#3	56	80	
1037	166.043750	C3	48	76	1045	91.000000	C3	48	80	
1038	166.260417	F4	65	75	1046	91.125000	F4	65	80	
1039	166.473958	G2	43	74	1049	91.250000	G2	43	80	
1040	166.481250	D3	50	77	1048	91.250000	D3	50	80	
1041	166.491667	G#4	68	86	1047	91.250000	G#4	68	80	
1042	166.496875	B2	47	59	1050	91.250000	B2	47	80	
1043	166.684375	Eb3	51	74	1052	91.375000	Eb3	51	80	
1044	166.713542	G4	67	81	1051	91.375000	G4	67	80	
1045	166.919792	G#2	44	75	1055	91.500000	G#2	44	80	
1046	166.930208	F3	53	86	1054	91.500000	F3	53	80	
1047	166.934375	C3	48	65	1056	91.500000	C3	48	80	
1048	166.938542	F4	65	74	1053	91.500000	F4	65	80	
1049	167.166667	Eb4	63	81	1057	91.625000	Eb4	63	80	
1050	167.412500	F#3	54	89	1059	91.750000	F#3	54	80	
1051	167.416667	A2	45	68	1060	91.750000	A2	45	80	
1052	167.416667	D4	62	74	1058	91.750000	D4	62	80	
1053	167.651042	C4	60	87	1061	91.875000	C4	60	80	
1054	168.019792	G3	55	69	1063	92.000000	G3	55	80	
1055	168.020833	D3	50	63	1065	92.000000	D3	50	80	
1056	168.025000	G2	43	66	1064	92.000000	G2	43	80	
1057	168.026042	B3	59	82	1062	92.000000	B3	59	80	
1058	168.566667	G3	55	71	1066	92.250000	G3	55	80	
1059	168.768750	A3	57	69	1067	92.375000	A3	57	80	
1060	169.037500	B3	59	53	1069	92.500000	B3	59	80	
1061	169.078125	G5	79	87	1068	92.500000	G5	79	80	
1062	169.537500	A3	57	53	1070	92.750000	A3	57	80	
1063	169.741667	B3	59	60	1071	92.875000	B3	59	80	
1064	169.969792	G#5	80	84	1072	93.000000	G#5	80	80	
1065	169.980208	C4	60	48	1073	93.000000	C4	60	80	
1066	170.209375	B3	59	50	1074	93.125000	B3	59	80	
1067	170.413542	C4	60	40	1076	93.250000	C4	60	80	
1068	170.426042	C5	72	61	1075	93.250000	C5	72	80	
1069	170.626042	D4	62	57	1077	93.375000	D4	62	80	
1070	170.866667	G5	79	81	1078	93.500000	G5	79	80	
1071	170.880208	Eb4	63	51	1079	93.500000	Eb4	63	80	
1072	171.347917	Bb4	70	58	1080	93.750000	Bb4	70	80	
1073	171.784375	F#5	78	73	1081	94.000000	F#5	78	80	
1074	171.786458	A4	69	49	1082	94.000000	A4	69	80	
1075	172.005208	C4	60	50	1083	94.125000	C4	60	80	
1076	172.228125	Bb4	70	64	1084	94.250000	Bb4	70	80	
1077	172.256250	D4	62	44	1085	94.250000	D4	62	80	
1078	172.433333	Eb4	63	55	1087	94.375000	Eb4	63	80	
1079	172.442708	C5	72	69	1086	94.375000	C5	72	80	
1080	172.632292	F4	65	49	1090	94.500000	F4	65	80	
1081	172.672917	B5	83	80	1088	94.500000	B5	83	80	
1082	172.681250	D5	74	51	1089	94.500000	D5	74	80	
1083	172.894792	C5	72	63	1091	94.625000	C5	72	80	
1084	173.115625	B4	71	52	1092	94.750000	B4	71	80	
1085	173.314583	A4	69	57	1093	94.875000	A4	69	80	
1086	173.552083	G4	67	49	1095	95.000000	G4	67	80	
1087	173.560417	C6	84	87	1094	95.000000	C6	84	80	
1088	173.791667	Eb4	63	53	1096	95.125000	Eb4	63	80	
1089	174.015625	F4	65	52	1097	95.250000	F4	65	80	
1090	174.226042	G4	67	59	1098	95.375000	G4	67	80	
1091	174.467708	F5	77	71	1099	95.500000	F5	77	80	
1092	174.485417	G#4	68	57	1100	95.500000	G#4	68	80	
1093	174.692708	G3	55	47	1101	95.625000	G3	55	80	
1094	174.927083	G#3	56	51	1102	95.750000	G#3	56	80	
1095	175.129167	Bb3	58	50	1103	95.875000	Bb3	58	80	
1096	175.367708	C4	60	45	1105	96.000000	C4	60	80	
1097	175.373958	E5	76	67	1104	96.000000	E5	76	80	
1098	175.602083	G4	67	48	1106	96.125000	G4	67	80	
1099	175.816667	A4	69	56	1107	96.250000	A4	69	80	
1100	176.023958	B4	71	57	1108	96.375000	B4	71	80	
1101	176.254167	Eb5	75	58	1109	96.500000	Eb5	75	80	
1102	176.268750	C5	72	51	1110	96.500000	C5	72	80	
1103	176.456250	C4	60	42	1111	96.625000	C4	60	80	
1104	176.681250	D4	62	48	1112	96.750000	D4	62	80	
1105	176.893750	Eb4	63	50	1113	96.875000	Eb4	63	80	
1106	177.109375	F4	65	42	1115	97.000000	F4	65	80	
1107	177.132292	D5	74	66	1114	97.000000	D5	74	80	
1108	177.379167	D4	62	37	1116	97.125000	D4	62	80	
1109	177.575000	B4	71	50	1117	97.250000	B4	71	80	
1110	177.594792	Eb4	63	45	1118	97.250000	Eb4	63	80	
1111	177.786458	A4	69	51	1119	97.375000	A4	69	80	
1112	177.798958	F4	65	42	1120	97.375000	F4	65	80	
1113	178.017708	B4	71	58	1121	97.500000	B4	71	80	
1114	178.035417	G4	67	36	1122	97.500000	G4	67	80	
1115	178.239583	C5	72	53	1123	97.625000	C5	72	80	
1116	178.243750	G#4	68	48	1124	97.625000	G#4	68	80	
1117	178.451042	G4	67	36	1126	97.750000	G4	67	80	
1118	178.469792	B4	71	56	1125	97.750000	B4	71	80	
1119	178.682292	F4	65	39	1128	97.875000	F4	65	80	
1120	178.684375	D5	74	52	1127	97.875000	D5	74	80	
1121	178.897917	Eb4	63	47	1130	98.000000	Eb4	63	80	
1122	178.908333	G4	67	52	1129	98.000000	G4	67	80	
1123	179.106250	F4	65	48	1131	98.125000	F4	65	80	
1124	179.352083	Eb4	63	47	1133	98.250000	Eb4	63	80	
1125	179.352083	C5	72	74	1132	98.250000	C5	72	80	
1126	179.551042	D4	62	50	1135	98.375000	D4	62	80	
1127	179.554167	D5	74	71	1134	98.375000	D5	74	80	
1128	179.807292	C4	60	37	1137	98.500000	C4	60	80	
1129	179.826042	Eb5	75	77	1136	98.500000	Eb5	75	80	
1130	180.276042	G4	67	50	1138	98.750000	G4	67	80	
1131	180.281250	C4	60	44	1139	98.750000	C4	60	80	
1132	180.491667	Bb3	58	47	1140	98.875000	Bb3	58	80	
1133	180.737500	A3	57	38	1142	99.000000	A3	57	80	
1134	180.747917	C4	60	37	1141	99.000000	C4	60	80	
1135	181.197917	C5	72	53	1143	99.250000	C5	72	80	
1136	181.207292	A3	57	42	1144	99.250000	A3	57	80	
1137	181.409375	Bb4	70	55	1145	99.375000	Bb4	70	80	
1138	181.428125	G3	55	37	1146	99.375000	G3	55	80	
1139	181.670833	A4	69	46	1147	99.500000	A4	69	80	
1140	181.672917	F3	53	34	1148	99.500000	F3	53	80	
1141	182.119792	G3	55	40	1150	99.750000	G3	55	80	
1142	182.119792	Bb4	70	58	1149	99.750000	Bb4	70	80	
1143	182.337500	C5	72	60	1151	99.875000	C5	72	80	
1144	182.338542	A3	57	48	1152	99.875000	A3	57	80	
1145	182.573958	Bb3	58	49	1154	100.000000	Bb3	58	80	
1146	182.585417	F4	65	58	1153	100.000000	F4	65	80	
1147	183.041667	F4	65	43	1157	100.250000	F4	65	80	
1148	183.043750	D5	74	75	1155	100.250000	D5	74	80	
1149	183.048958	Bb4	70	71	1156	100.250000	Bb4	70	80	
1150	183.254167	Eb4	63	56	1159	100.375000	Eb4	63	80	
1151	183.258333	Eb5	75	82	1158	100.375000	Eb5	75	80	
1152	183.481250	D4	62	45	1161	100.500000	D4	62	80	
1153	183.516667	F5	77	78	1160	100.500000	F5	77	80	
1154	183.981250	G#4	68	60	1162	100.750000	G#4	68	80	
1155	183.988542	D4	62	33	1163	100.750000	D4	62	80	
1156	184.214583	C4	60	41	1164	100.875000	C4	60	80	
1157	184.426042	G4	67	45	1165	101.000000	G4	67	80	
1158	184.452083	B3	59	40	1166	101.000000	B3	59	80	
1159	184.902083	B3	59	37	1168	101.250000	B3	59	80	
1160	184.906250	D5	74	57	1167	101.250000	D5	74	80	
1161	185.117708	C5	72	56	1169	101.375000	C5	72	80	
1162	185.132292	A3	57	44	1170	101.375000	A3	57	80	
1163	185.366667	G3	55	41	1172	101.500000	G3	55	80	
1164	185.373958	B4	71	51	1171	101.500000	B4	71	80	
1165	185.797917	A3	57	46	1174	101.750000	A3	57	80	
1166	185.803125	C5	72	64	1173	101.750000	C5	72	80	
1167	186.018750	B3	59	63	1176	101.875000	B3	59	80	
1168	186.022917	D5	74	65	1175	101.875000	D5	74	80	
1169	186.233333	C4	60	59	1178	102.000000	C4	60	80	
1170	186.258333	G4	67	68	1177	102.000000	G4	67	80	
1171	186.476042	D5	74	82	1179	102.125000	D5	74	80	
1172	186.689583	Bb3	58	61	1181	102.250000	Bb3	58	80	
1173	186.691667	E5	76	83	1180	102.250000	E5	76	80	
1174	186.883333	G#3	56	56	1183	102.375000	G#3	56	80	
1175	186.901042	G5	79	89	1182	102.375000	G5	79	80	
1176	187.173958	G3	55	53	1185	102.500000	G3	55	80	
1177	187.212500	Bb4	70	76	1184	102.500000	Bb4	70	80	
1178	187.721875	G3	55	38	1187	102.750000	G3	55	80	
1179	187.729167	C#4	61	59	1186	102.750000	C#4	61	80	
1180	187.948958	F3	53	39	1188	102.875000	F3	53	80	
1181	188.145833	C4	60	48	1189	103.000000	C4	60	80	
1182	188.163542	E3	52	40	1190	103.000000	E3	52	80	
1183	188.658333	G4	67	43	1191	103.250000	G4	67	80	
1184	188.666667	E3	52	42	1192	103.250000	E3	52	80	
1185	188.862500	F4	65	49	1193	103.375000	F4	65	80	
1186	188.866667	D3	50	40	1194	103.375000	D3	50	80	
1187	189.106250	C3	48	36	1196	103.500000	C3	48	80	
1188	189.113542	E4	64	51	1195	103.500000	E4	64	80	
1189	189.547917	D3	50	43	1198	103.750000	D3	50	80	
1190	189.556250	F4	65	57	1197	103.750000	F4	65	80	
1191	189.756250	E3	52	51	1200	103.875000	E3	52	80	
1192	189.757292	G4	67	59	1199	103.875000	G4	67	80	
1193	189.988542	F3	53	61	1202	104.000000	F3	53	80	
1194	190.003125	C4	60	67	1201	104.000000	C4	60	80	
1195	190.187500	G3	55	76	1203	104.125000	G3	55	80	
1196	190.407292	G#3	56	73	1206	104.250000	G#3	56	80	
1197	190.420833	G#4	68	84	1204	104.250000	G#4	68	80	
1198	190.426042	F4	65	73	1205	104.250000	F4	65	80	
1199	190.629167	Bb3	58	78	1207	104.375000	Bb3	58	80	
1200	191.028125	C4	60	75	1209	104.500000	C4	60	80	
1201	191.033333	G4	67	65	1208	104.500000	G4	67	80	
1202	191.034375	C3	48	70	1210	104.500000	C3	48	80	
1203	191.520833	E4	64	68	1211	104.750000	E4	64	80	
1204	191.962500	C#3	49	84	1214	105.000000	C#3	49	80	
1205	191.977083	F4	65	60	1212	105.000000	F4	65	80	
1206	192.212500	E4	64	57	1215	105.125000	E4	64	80	
1207	192.434375	Bb3	58	60	1217	105.250000	Bb3	58	80	
1208	192.439583	F4	65	53	1216	105.250000	F4	65	80	
1209	192.646875	G4	67	62	1218	105.375000	G4	67	80	
1210	192.857292	C3	48	73	1220	105.500000	C3	48	80	
1211	192.881250	G#4	68	67	1219	105.500000	G#4	68	80	
1212	193.091667	G4	67	57	1221	105.625000	G4	67	80	
1213	193.309375	G#3	56	62	1223	105.750000	G#3	56	80	
1214	193.322917	F4	65	54	1222	105.750000	F4	65	80	
1215	193.532292	Eb4	63	61	1224	105.875000	Eb4	63	80	
1216	193.753125	B2	47	76	1226	106.000000	B2	47	80	
1217	193.761458	D4	62	63	1225	106.000000	D4	62	80	
1218	193.987500	F4	65	63	1227	106.125000	F4	65	80	
1219	194.193750	G3	55	65	1229	106.250000	G3	55	80	
1220	194.208333	G4	67	72	1228	106.250000	G4	67	80	
1221	194.405208	F3	53	69	1231	106.375000	F3	53	80	
1222	194.411458	G#4	68	77	1230	106.375000	G#4	68	80	
1223	194.626042	E3	52	54	1234	106.500000	E3	52	80	
1224	194.633333	G3	55	53	1233	106.500000	G3	55	80	
1225	194.640625	Bb4	70	80	1232	106.500000	Bb4	70	80	
1226	194.879167	Bb3	58	61	1235	106.625000	Bb3	58	80	
1227	195.088542	G#3	56	60	1237	106.750000	G#3	56	80	
1228	195.092708	C#4	61	72	1236	106.750000	C#4	61	80	
1229	195.305208	G3	55	62	1238	106.875000	G3	55	80	
1230	195.530208	F3	53	76	1239	107.000000	F3	53	80	
1231	195.734375	G#4	68	86	1241	107.125000	G#4	68	80	
1232	195.942708	G3	55	68	1244	107.250000	G3	55	80	
1233	195.960417	C4	60	66	1243	107.250000	C4	60	80	
1234	195.977083	Bb4	70	79	1242	107.250000	Bb4	70	80	
1235	196.157292	G#3	56	74	1246	107.375000	G#3	56	80	
1236	196.173958	C5	72	82	1245	107.375000	C5	72	80	
1237	196.390625	Bb2	46	67	1249	107.500000	Bb2	46	80	
1238	196.393750	Bb3	58	71	1248	107.500000	Bb3	58	80	
1239	196.428125	C#5	73	88	1247	107.500000	C#5	73	80	
1240	196.654167	F3	53	68	1250	107.625000	F3	53	80	
1241	196.855208	F#4	66	84	1251	107.750000	F#4	66	80	
1242	196.861458	Eb3	51	63	1252	107.750000	Eb3	51	80	
1243	197.055208	C#3	49	72	1253	107.875000	C#3	49	80	
1244	197.290625	A2	45	78	1255	108.000000	A2	45	80	
1245	197.296875	C3	48	77	1254	108.000000	C3	48	80	
1246	197.511458	C5	72	90	1256	108.125000	C5	72	80	
1247	197.725000	D5	74	82	1257	108.250000	D5	74	80	
1248	197.727083	F4	65	67	1258	108.250000	F4	65	80	
1249	197.932292	E5	76	87	1259	108.375000	E5	76	80	
1250	198.182292	G#2	44	68	1261	108.500000	G#2	44	80	
1251	198.184375	F5	77	87	1260	108.500000	F5	77	80	
1252	198.401042	F4	65	72	1262	108.625000	F4	65	80	
1253	198.407292	D3	50	68	1263	108.625000	D3	50	80	
1254	198.622917	E3	52	79	1265	108.750000	E3	52	80	
1255	198.629167	G4	67	74	1264	108.750000	G4	67	80	
1256	198.817708	F3	53	78	1267	108.875000	F3	53	80	
1257	198.826042	G#4	68	84	1266	108.875000	G#4	68	80	
1258	199.111458	Bb4	70	82	1268	109.000000	Bb4	70	80	
1259	199.114583	G3	55	74	1269	109.000000	G3	55	80	
1260	199.121875	G2	43	72	1270	109.000000	G2	43	80	
1261	199.607292	E5	76	79	1271	109.250000	E5	76	80	
1262	199.842708	D5	74	77	1272	109.375000	D5	74	80	
1263	200.086458	E5	76	82	1273	109.500000	E5	76	80	
1264	200.312500	A2	45	71	1274	109.625000	A2	45	80	
1265	200.551042	Bb2	46	74	1275	109.750000	Bb2	46	80	
1266	200.790625	C3	48	81	1276	109.875000	C3	48	80	
1267	201.089583	C#3	49	74	1278	110.000000	C#3	49	80	
1268	201.102083	F2	41	67	1279	110.000000	F2	41	80	
1269	201.202083	F5	77	87	1277	110.000000	F5	77	80	
1270	201.518750	C3	48	66	1281	110.125000	C3	48	80	
1271	201.522917	C#5	73	80	1280	110.125000	C#5	73	80	
1272	201.761458	C5	72	79	1282	110.250000	C5	72	80	
1273	201.766667	C#3	49	74	1283	110.250000	C#3	49	80	
1274	201.970833	Eb3	51	76	1285	110.375000	Eb3	51	80	
1275	201.976042	Bb4	70	81	1284	110.375000	Bb4	70	80	
1276	202.194792	A4	69	81	1286	110.500000	A4	69	80	
1277	202.202083	F3	53	78	1287	110.500000	F3	53	80	
1278	202.418750	Eb5	75	86	1288	110.625000	Eb5	75	80	
1279	202.419792	F2	41	73	1289	110.625000	F2	41	80	
1280	202.650000	G2	43	64	1291	110.750000	G2	43	80	
1281	202.656250	C#5	73	78	1290	110.750000	C#5	73	80	
1282	202.850000	A2	45	65	1293	110.875000	A2	45	80	
1283	202.864583	C5	72	81	1292	110.875000	C5	72	80	
1284	203.091667	Bb2	46	70	1295	111.000000	Bb2	46	80	
1285	203.171875	C#5	73	83	1294	111.000000	C#5	73	80	
1286	203.419792	C5	72	76	1296	111.125000	C5	72	80	
1287	203.423958	F3	53	63	1297	111.125000	F3	53	80	
1288	203.644792	G3	55	62	1299	111.250000	G3	55	80	
1289	203.653125	Bb4	70	80	1298	111.250000	Bb4	70	80	
1290	203.866667	G#3	56	72	1301	111.375000	G#3	56	80	
1291	203.868750	G#4	68	72	1300	111.375000	G#4	68	80	
1292	204.123958	Bb3	58	67	1303	111.500000	Bb3	58	80	
1293	204.126042	G4	67	77	1302	111.500000	G4	67	80	
1294	204.388542	C#3	49	69	1306	111.625000	C#3	49	80	
1295	204.390625	Bb4	70	81	1304	111.625000	Bb4	70	80	
1296	204.396875	F4	65	70	1305	111.625000	F4	65	80	
1297	204.661458	C3	48	58	1309	111.750000	C3	48	80	
1298	204.673958	C5	72	81	1307	111.750000	C5	72	80	
1299	204.686458	Eb4	63	78	1308	111.750000	Eb4	63	80	
1300	204.962500	Bb2	46	65	1312	111.875000	Bb2	46	80	
1301	205.032292	C#5	73	84	1310	111.875000	C#5	73	80	
1302	205.046875	C#4	61	72	1311	111.875000	C#4	61	80	
1303	205.380208	C3	48	74	1315	112.000000	C3	48	80	
1304	205.467708	E4	64	79	1313	112.000000	E4	64	80	
1305	205.470833	C4	60	68	1314	112.000000	C4	60	80	
1306	205.789583	Bb3	58	73	1316	112.125000	Bb3	58	80	
1307	206.048958	G#3	56	61	1318	112.250000	G#3	56	80	
1308	206.063542	C5	72	88	1317	112.250000	C5	72	80	
1309	206.319792	G3	55	71	1319	112.375000	G3	55	80	
1310	206.564583	G#3	56	77	1320	112.500000	G#3	56	80	
1311	206.840625	G4	67	75	1321	112.625000	G4	67	80	
1312	207.115625	G#4	68	81	1322	112.750000	G#4	68	80	
1313	207.445833	F4	65	75	1323	112.875000	F4	65	80	
1314	207.770833	G#3	56	74	1325	113.031250	G#3	56	80	
1315	208.013542	G3	55	66	1324	113.000000	G3	55	80	
1316	208.233333	F4	65	76	1328	113.125000	F4	65	80	
1317	208.245833	G#3	56	63	*	-1	*	-1	-1	
1318	208.425000	G3	55	58	1329	113.125000	G3	55	80	
1319	208.539583	E4	64	79	*	-1	*	-1	-1	
1320	208.548958	G#3	56	63	*	-1	*	-1	-1	
1321	208.684375	G3	55	65	*	-1	*	-1	-1	
1322	208.809375	G#3	56	67	*	-1	*	-1	-1	
1323	208.812500	D4	62	76	*	-1	*	-1	-1	
1324	208.972917	G3	55	67	*	-1	*	-1	-1	
1325	209.205208	G#3	56	65	*	-1	*	-1	-1	
1326	209.304167	F4	65	73	*	-1	*	-1	-1	
1327	209.573958	G3	55	54	*	-1	*	-1	-1	
1328	209.597917	E4	64	75	*	-1	*	-1	-1	
1329	209.741667	G#3	56	59	*	-1	*	-1	-1	
1330	209.757292	F4	65	72	*	-1	*	-1	-1	
1331	209.876042	G3	55	58	*	-1	*	-1	-1	
1332	209.889583	E4	64	76	*	-1	*	-1	-1	
1333	209.979167	G#3	56	61	*	-1	*	-1	-1	
1334	209.998958	F4	65	71	*	-1	*	-1	-1	
1335	210.091667	G3	55	57	*	-1	*	-1	-1	
1336	210.104167	E4	64	73	*	-1	*	-1	-1	
1337	210.185417	F4	65	64	*	-1	*	-1	-1	
1338	210.186458	G#3	56	62	*	-1	*	-1	-1	
1339	210.282292	G3	55	62	*	-1	*	-1	-1	
1340	210.283333	E4	64	71	*	-1	*	-1	-1	
1341	210.348958	G#3	56	67	*	-1	*	-1	-1	
1342	210.363542	F4	65	65	*	-1	*	-1	-1	
1343	210.440625	G3	55	68	*	-1	*	-1	-1	
1344	210.451042	E4	64	69	*	-1	*	-1	-1	
1345	210.525000	G#3	56	73	*	-1	*	-1	-1	
1346	210.544792	F4	65	65	*	-1	*	-1	-1	
1347	210.623958	G3	55	67	*	-1	*	-1	-1	
1348	210.631250	E4	64	72	*	-1	*	-1	-1	
1349	210.873958	F3	53	61	*	-1	*	-1	-1	
1350	210.877083	D4	62	79	*	-1	*	-1	-1	
1351	211.384375	G3	55	56	*	-1	*	-1	-1	
1352	211.386458	E4	64	79	1330	113.250000	E4	64	80	
1353	212.354167	F3	53	46	*	-1	*	-1	-1	
1354	212.354167	F4	65	70	1338	114.000000	F4	65	80	
1355	212.362500	F2	41	40	1339	114.000000	F2	41	80	
1356	212.385417	A3	57	40	1340	114.000000	A3	57	80	
1357	212.385417	C4	60	51	1337	114.000000	C4	60	80	
*	-1	*	-1	-1	47	11.562500	C4	60	80	
*	-1	*	-1	-1	48	11.562500	B3	59	80	
*	-1	*	-1	-1	51	12.000000	C4	60	80	
*	-1	*	-1	-1	491	52.531250	C#4	61	80	
*	-1	*	-1	-1	492	52.562500	Eb4	63	80	
*	-1	*	-1	-1	493	52.562500	Eb4	63	80	
*	-1	*	-1	-1	494	52.593750	C#4	61	80	
*	-1	*	-1	-1	496	52.625000	C#4	61	80	
*	-1	*	-1	-1	557	56.625000	Bb4	70	80	
*	-1	*	-1	-1	734	69.750000	G#3	56	80	
*	-1	*	-1	-1	739	70.000000	C4	60	80	
*	-1	*	-1	-1	755	71.000000	Eb3	51	80	
*	-1	*	-1	-1	767	72.000000	F3	53	80	
*	-1	*	-1	-1	883	80.500000	Bb3	58	80	
*	-1	*	-1	-1	950	85.000000	Eb3	51	80	
*	-1	*	-1	-1	1213	105.000000	F4	65	80	
*	-1	*	-1	-1	1240	107.000000	F3	53	80	
*	-1	*	-1	-1	1327	113.062500	G3	55	80	
*	-1	*	-1	-1	1332	113.500000	E4	64	80	
*	-1	*	-1	-1	1333	113.531250	F4	65	80	
*	-1	*	-1	-1	1335	113.562500	E4	64	80	
*	-1	*	-1	-1	50	12.000000	C4	60	80	
*	-1	*	-1	-1	489	52.500000	C#4	61	80	
*	-1	*	-1	-1	495	52.625000	G4	67	80	
*	-1	*	-1	-1	1326	113.061458	G#3	56	80	
*	-1	*	-1	-1	1331	113.375000	D4	62	80	
*	-1	*	-1	-1	1334	113.562500	F4	65	80	
*	-1	*	-1	-1	1336	113.625000	E4	64	80	
