// alignID alignOntime alignSitch alignPitch alignOnvel refID refOntime refSitch refPitch refOnvel
0	0.962240	A2	45	24	0	0.000000	A2	45	80	
1	1.128906	C5	72	57	1	0.062500	C5	72	80	
2	1.272135	D5	74	65	2	0.125000	D5	74	80	
3	1.382812	E5	76	69	3	0.187500	E5	76	80	
4	1.574219	F5	77	81	4	0.250000	F5	77	80	
5	1.618490	A3	57	50	5	0.250000	A3	57	80	
6	1.894531	C5	72	68	6	0.375000	C5	72	80	
7	2.210938	B4	71	65	7	0.500000	B4	71	80	
8	2.225260	G#3	56	55	8	0.500000	G#3	56	80	
9	2.496094	Eb5	75	70	9	0.625000	Eb5	75	80	
10	2.791667	E5	76	70	10	0.750000	E5	76	80	
11	2.795573	G3	55	57	11	0.750000	G3	55	80	
12	3.097656	Bb4	70	71	12	0.875000	Bb4	70	80	
13	3.390625	F#3	54	62	14	1.000000	F#3	54	80	
14	3.398438	A4	69	65	13	1.000000	A4	69	80	
15	3.669271	C#5	73	71	15	1.125000	C#5	73	80	
16	3.967448	D5	74	66	16	1.250000	D5	74	80	
17	3.983073	F3	53	58	17	1.250000	F3	53	80	
18	4.287760	G#4	68	72	18	1.375000	G#4	68	80	
19	4.561198	E3	52	59	19	1.500000	E3	52	80	
20	4.852865	A4	69	65	20	1.625000	A4	69	80	
21	5.134115	D3	50	49	21	1.750000	D3	50	80	
22	5.425781	B4	71	62	22	1.875000	B4	71	80	
23	5.729167	E4	64	51	23	2.000000	E4	64	80	
24	5.897135	C3	48	60	24	2.062500	C3	48	80	
25	6.039062	D3	50	70	25	2.125000	D3	50	80	
26	6.156250	E3	52	72	26	2.187500	E3	52	80	
27	6.321615	A4	69	81	27	2.250000	A4	69	80	
28	6.339844	F3	53	61	28	2.250000	F3	53	80	
29	6.593750	C3	48	71	29	2.375000	C3	48	80	
30	6.895833	B2	47	55	31	2.500000	B2	47	80	
31	6.895833	G#4	68	81	30	2.500000	G#4	68	80	
32	7.173177	Eb3	51	77	32	2.625000	Eb3	51	80	
33	7.464844	G4	67	78	33	2.750000	G4	67	80	
34	7.475260	E3	52	61	34	2.750000	E3	52	80	
35	7.733073	Bb2	46	71	35	2.875000	Bb2	46	80	
36	8.041667	A2	45	59	37	3.000000	A2	45	80	
37	8.042969	F#4	66	73	36	3.000000	F#4	66	80	
38	8.312500	C#3	49	66	38	3.125000	C#3	49	80	
39	8.596354	F4	65	73	39	3.250000	F4	65	80	
40	8.597656	D3	50	59	40	3.250000	D3	50	80	
41	8.880208	G#2	44	69	41	3.375000	G#2	44	80	
42	9.169271	E4	64	67	42	3.500000	E4	64	80	
43	9.455729	A2	45	59	43	3.625000	A2	45	80	
44	9.752604	D4	62	57	44	3.750000	D4	62	80	
45	10.046875	B2	47	49	45	3.875000	B2	47	80	
46	10.320312	E2	40	47	46	4.000000	E2	40	80	
47	10.606771	C4	60	62	47	4.125000	C4	60	80	
48	10.726562	B3	59	64	48	4.187500	B3	59	80	
49	10.877604	C4	60	70	49	4.250000	C4	60	80	
50	10.880208	A2	45	62	50	4.250000	A2	45	80	
51	11.195312	A4	69	82	51	4.375000	A4	69	80	
52	11.475260	B2	47	72	52	4.500000	B2	47	80	
53	11.740885	G#4	68	82	53	4.625000	G#4	68	80	
54	12.055990	E5	76	81	54	4.750000	E5	76	80	
55	12.061198	C#3	49	60	55	4.750000	C#3	49	80	
56	12.341146	G4	67	76	56	4.875000	G4	67	80	
57	12.619792	D3	50	77	57	5.000000	D3	50	80	
58	12.893229	F4	65	80	58	5.125000	F4	65	80	
59	13.039062	E4	64	83	59	5.187500	E4	64	80	
60	13.180990	Eb4	63	83	60	5.250000	Eb4	63	80	
61	13.203125	B2	47	73	61	5.250000	B2	47	80	
62	13.476562	B4	71	93	62	5.375000	B4	71	80	
63	13.768229	C#3	49	76	63	5.500000	C#3	49	80	
64	14.048177	Bb4	70	87	64	5.625000	Bb4	70	80	
65	14.341146	F#5	78	83	65	5.750000	F#5	78	80	
66	14.346354	Eb3	51	68	66	5.750000	Eb3	51	80	
67	14.597656	A4	69	73	67	5.875000	A4	69	80	
68	14.895833	E3	52	67	68	6.000000	E3	52	80	
69	15.032552	G4	67	74	69	6.062500	G4	67	80	
70	15.170573	A4	69	76	70	6.125000	A4	69	80	
71	15.296875	B4	71	67	71	6.187500	B4	71	80	
72	15.488281	E4	64	73	73	6.250000	E4	64	80	
73	15.502604	C5	72	66	72	6.250000	C5	72	80	
74	15.795573	G4	67	66	74	6.375000	G4	67	80	
75	16.076823	F#4	66	69	75	6.500000	F#4	66	80	
76	16.078125	Eb4	63	69	76	6.500000	Eb4	63	80	
77	16.364583	Bb4	70	70	77	6.625000	Bb4	70	80	
78	16.647135	D4	62	63	79	6.750000	D4	62	80	
79	16.649740	B4	71	67	78	6.750000	B4	71	80	
80	16.949219	F4	65	69	80	6.875000	F4	65	80	
81	17.235677	C#4	61	63	82	7.000000	C#4	61	80	
82	17.235677	E4	64	66	81	7.000000	E4	64	80	
83	17.532552	G#4	68	64	83	7.125000	G#4	68	80	
84	17.805990	A4	69	63	84	7.250000	A4	69	80	
85	17.808594	C4	60	55	85	7.250000	C4	60	80	
86	18.096354	Eb4	63	76	86	7.375000	Eb4	63	80	
87	18.389323	B3	59	51	87	7.500000	B3	59	80	
88	18.677083	E4	64	65	88	7.625000	E4	64	80	
89	18.976562	A3	57	49	89	7.750000	A3	57	80	
90	19.238281	F#4	66	56	90	7.875000	F#4	66	80	
91	19.531250	B3	59	56	91	8.000000	B3	59	80	
92	19.651042	G3	55	59	92	8.062500	G3	55	80	
93	19.774740	A3	57	73	93	8.125000	A3	57	80	
94	19.902344	B3	59	76	94	8.187500	B3	59	80	
95	20.076823	C4	60	63	96	8.250000	C4	60	80	
96	20.085938	E5	76	83	95	8.250000	E5	76	80	
97	20.384115	G3	55	66	97	8.375000	G3	55	80	
98	20.667969	F#3	54	56	99	8.500000	F#3	54	80	
99	20.669271	Eb5	75	81	98	8.500000	Eb5	75	80	
100	20.964844	Bb3	58	66	100	8.625000	Bb3	58	80	
101	21.233073	D5	74	73	101	8.750000	D5	74	80	
102	21.257812	B3	59	48	102	8.750000	B3	59	80	
103	21.523438	F3	53	59	103	8.875000	F3	53	80	
104	21.817708	E3	52	50	105	9.000000	E3	52	80	
105	21.817708	C#5	73	69	104	9.000000	C#5	73	80	
106	22.110677	G#3	56	64	106	9.125000	G#3	56	80	
107	22.399740	C5	72	67	107	9.250000	C5	72	80	
108	22.403646	A3	57	54	108	9.250000	A3	57	80	
109	22.670573	Eb3	51	70	109	9.375000	Eb3	51	80	
110	22.973958	B4	71	60	110	9.500000	B4	71	80	
111	23.247396	E3	52	58	111	9.625000	E3	52	80	
112	23.542969	A4	69	56	112	9.750000	A4	69	80	
113	23.835938	F#3	54	56	113	9.875000	F#3	54	80	
114	24.125000	B2	47	32	114	10.000000	B2	47	80	
115	24.425781	G4	67	50	115	10.125000	G4	67	80	
116	24.537760	F#4	66	57	116	10.187500	F#4	66	80	
117	24.675781	G4	67	56	117	10.250000	G4	67	80	
118	24.692708	E3	52	49	118	10.250000	E3	52	80	
119	24.979167	E5	76	75	119	10.375000	E5	76	80	
120	25.246094	F#3	54	65	120	10.500000	F#3	54	80	
121	25.531250	Eb5	75	76	121	10.625000	Eb5	75	80	
122	25.832031	G#3	56	50	123	10.750000	G#3	56	80	
123	25.835938	B5	83	70	122	10.750000	B5	83	80	
124	26.123698	D5	74	68	124	10.875000	D5	74	80	
125	26.404948	A3	57	64	125	11.000000	A3	57	80	
126	26.678385	A2	45	65	127	11.125000	A2	45	80	
127	26.683594	C5	72	78	126	11.125000	C5	72	80	
128	26.815104	B4	71	74	128	11.187500	B4	71	80	
129	26.979167	C5	72	81	129	11.250000	C5	72	80	
130	26.981771	A3	57	70	130	11.250000	A3	57	80	
131	27.266927	A4	69	74	131	11.375000	A4	69	80	
132	27.557292	B4	71	73	132	11.500000	B4	71	80	
133	27.816406	G#3	56	70	133	11.625000	G#3	56	80	
134	28.111979	E4	64	63	135	11.750000	E4	64	80	
135	28.119792	C#5	73	76	134	11.750000	C#5	73	80	
136	28.406250	G3	55	79	136	11.875000	G3	55	80	
137	28.669271	D5	74	80	137	12.000000	D5	74	80	
138	28.970052	D4	62	81	138	12.125000	D4	62	80	
139	28.972656	F#3	54	76	139	12.125000	F#3	54	80	
140	29.100260	E3	52	58	140	12.187500	E3	52	80	
141	29.233073	D5	74	87	141	12.250000	D5	74	80	
142	29.235677	F#3	54	78	142	12.250000	F#3	54	80	
143	29.505208	D3	50	74	143	12.375000	D3	50	80	
144	29.798177	E3	52	75	144	12.500000	E3	52	80	
145	30.075521	C#5	73	77	145	12.625000	C#5	73	80	
146	30.365885	A5	81	71	146	12.750000	A5	81	80	
147	30.381510	F#3	54	65	147	12.750000	F#3	54	80	
148	30.649740	C5	72	69	148	12.875000	C5	72	80	
149	30.925781	G3	55	65	149	13.000000	G3	55	80	
150	31.199219	G2	43	58	151	13.125000	G2	43	80	
151	31.213542	B4	71	70	150	13.125000	B4	71	80	
152	31.328125	A4	69	67	152	13.187500	A4	69	80	
153	31.485677	G3	55	73	154	13.250000	G3	55	80	
154	31.493490	B4	71	79	153	13.250000	B4	71	80	
155	31.761719	G4	67	69	155	13.375000	G4	67	80	
156	32.074219	A4	69	70	156	13.500000	A4	69	80	
157	32.320312	F#3	54	66	157	13.625000	F#3	54	80	
158	32.589844	D4	62	51	159	13.750000	D4	62	80	
159	32.598958	B4	71	63	158	13.750000	B4	71	80	
160	32.882812	F3	53	49	160	13.875000	F3	53	80	
161	33.143229	C5	72	57	161	14.000000	C5	72	80	
162	33.303385	E3	52	53	162	14.062500	E3	52	80	
163	33.419271	F3	53	69	163	14.125000	F3	53	80	
164	33.544271	G3	55	72	164	14.187500	G3	55	80	
165	33.709635	C6	84	83	165	14.250000	C6	84	80	
166	33.751302	A3	57	56	166	14.250000	A3	57	80	
167	34.013021	E3	52	63	167	14.375000	E3	52	80	
168	34.289062	B5	83	85	168	14.500000	B5	83	80	
169	34.307292	Eb3	51	57	169	14.500000	Eb3	51	80	
170	34.583333	F#3	54	69	170	14.625000	F#3	54	80	
171	34.860677	Bb5	82	80	171	14.750000	Bb5	82	80	
172	34.868490	G3	55	58	172	14.750000	G3	55	80	
173	35.145833	D3	50	72	173	14.875000	D3	50	80	
174	35.438802	A5	81	76	174	15.000000	A5	81	80	
175	35.442708	C#3	49	63	175	15.000000	C#3	49	80	
176	35.723958	E3	52	77	176	15.125000	E3	52	80	
177	36.016927	G#5	80	79	177	15.250000	G#5	80	80	
178	36.024740	F3	53	55	178	15.250000	F3	53	80	
179	36.296875	C3	48	72	179	15.375000	C3	48	80	
180	36.587240	G5	79	69	180	15.500000	G5	79	80	
181	36.852865	B2	47	63	181	15.625000	B2	47	80	
182	37.162760	F5	77	71	182	15.750000	F5	77	80	
183	37.459635	C3	48	56	183	15.875000	C3	48	80	
184	37.605469	D3	50	59	184	15.937500	D3	50	80	
185	37.744792	G2	43	55	185	16.000000	G2	43	80	
186	37.898438	B4	71	58	186	16.062500	B4	71	80	
187	38.037760	C5	72	69	187	16.125000	C5	72	80	
188	38.157552	D5	74	72	188	16.187500	D5	74	80	
189	38.328125	G3	55	60	190	16.250000	G3	55	80	
190	38.338542	E5	76	69	189	16.250000	E5	76	80	
191	38.610677	B4	71	65	191	16.375000	B4	71	80	
192	38.877604	Bb4	70	66	192	16.500000	Bb4	70	80	
193	38.897135	F#3	54	67	193	16.500000	F#3	54	80	
194	39.166667	C#5	73	75	194	16.625000	C#5	73	80	
195	39.437500	F3	53	68	196	16.750000	F3	53	80	
196	39.446615	D5	74	67	195	16.750000	D5	74	80	
197	39.726562	A4	69	73	197	16.875000	A4	69	80	
198	40.014323	G#4	68	68	198	17.000000	G#4	68	80	
199	40.022135	E3	52	70	199	17.000000	E3	52	80	
200	40.278646	B4	71	69	200	17.125000	B4	71	80	
201	40.557292	Eb3	51	72	202	17.250000	Eb3	51	80	
202	40.569010	C5	72	69	201	17.250000	C5	72	80	
203	40.847656	G4	67	70	203	17.375000	G4	67	80	
204	41.147135	D3	50	64	204	17.500000	D3	50	80	
205	41.419271	F#4	66	66	205	17.625000	F#4	66	80	
206	41.705729	C3	48	63	206	17.750000	C3	48	80	
207	41.993490	G4	67	61	207	17.875000	G4	67	80	
208	42.136719	A4	69	60	208	17.937500	A4	69	80	
209	42.295573	D4	62	56	209	18.000000	D4	62	80	
210	42.585938	B2	47	65	210	18.125000	B2	47	80	
211	42.726562	A2	45	67	211	18.187500	A2	45	80	
212	42.858073	B2	47	71	213	18.250000	B2	47	80	
213	42.860677	G4	67	76	212	18.250000	G4	67	80	
214	43.139323	G3	55	72	214	18.375000	G3	55	80	
215	43.438802	A4	69	77	215	18.500000	A4	69	80	
216	43.712240	F#3	54	72	216	18.625000	F#3	54	80	
217	44.009115	D4	62	70	218	18.750000	D4	62	80	
218	44.015625	B4	71	77	217	18.750000	B4	71	80	
219	44.276042	F3	53	78	219	18.875000	F3	53	80	
220	44.562500	C5	72	79	220	19.000000	C5	72	80	
221	44.838542	E3	52	73	221	19.125000	E3	52	80	
222	44.955729	D3	50	68	222	19.187500	D3	50	80	
223	45.111979	A4	69	89	223	19.250000	A4	69	80	
224	45.143229	C#3	49	60	224	19.250000	C#3	49	80	
225	45.411458	A3	57	79	225	19.375000	A3	57	80	
226	45.700521	B4	71	86	226	19.500000	B4	71	80	
227	45.981771	G#3	56	73	227	19.625000	G#3	56	80	
228	46.255208	C#5	73	87	228	19.750000	C#5	73	80	
229	46.265625	E4	64	67	229	19.750000	E4	64	80	
230	46.522135	G3	55	70	230	19.875000	G3	55	80	
231	46.808594	D5	74	76	231	20.000000	D5	74	80	
232	46.908854	F#3	54	72	232	20.062500	F#3	54	80	
233	47.076823	G3	55	81	233	20.125000	G3	55	80	
234	47.197917	A3	57	77	234	20.187500	A3	57	80	
235	47.395833	D4	62	81	235	20.250000	D4	62	80	
236	47.404948	Bb3	58	71	236	20.250000	Bb3	58	80	
237	47.684896	F3	53	69	237	20.375000	F3	53	80	
238	47.979167	C#4	61	79	238	20.500000	C#4	61	80	
239	48.001302	E3	52	58	239	20.500000	E3	52	80	
240	48.269531	G#3	56	69	240	20.625000	G#3	56	80	
241	48.541667	C4	60	79	241	20.750000	C4	60	80	
242	48.558594	A3	57	59	242	20.750000	A3	57	80	
243	48.833333	Eb3	51	66	243	20.875000	Eb3	51	80	
244	49.101562	B3	59	68	244	21.000000	B3	59	80	
245	49.105469	D3	50	58	245	21.000000	D3	50	80	
246	49.384115	F#3	54	66	246	21.125000	F#3	54	80	
247	49.664062	Bb3	58	69	247	21.250000	Bb3	58	80	
248	49.679688	G3	55	57	248	21.250000	G3	55	80	
249	49.929688	C#3	49	64	249	21.375000	C#3	49	80	
250	50.235677	A3	57	62	250	21.500000	A3	57	80	
251	50.507812	D3	50	60	251	21.625000	D3	50	80	
252	50.799479	G3	55	59	252	21.750000	G3	55	80	
253	51.071615	E3	52	57	253	21.875000	E3	52	80	
254	51.368490	A2	45	50	254	22.000000	A2	45	80	
255	51.653646	F3	53	58	255	22.125000	F3	53	80	
256	51.759115	E3	52	60	256	22.187500	E3	52	80	
257	51.895833	F3	53	58	257	22.250000	F3	53	80	
258	51.899740	D3	50	61	258	22.250000	D3	50	80	
259	52.190104	D4	62	73	259	22.375000	D4	62	80	
260	52.489583	E3	52	70	260	22.500000	E3	52	80	
261	52.760417	C#4	61	70	261	22.625000	C#4	61	80	
262	53.044271	A4	69	71	262	22.750000	A4	69	80	
263	53.063802	F#3	54	61	263	22.750000	F#3	54	80	
264	53.321615	C4	60	75	264	22.875000	C4	60	80	
265	53.604167	G3	55	78	265	23.000000	G3	55	80	
266	53.885417	B3	59	76	266	23.125000	B3	59	80	
267	54.010417	A3	57	81	267	23.187500	A3	57	80	
268	54.153646	G#3	56	82	268	23.250000	G#3	56	80	
269	54.167969	E3	52	70	269	23.250000	E3	52	80	
270	54.440104	E4	64	86	270	23.375000	E4	64	80	
271	54.717448	F#3	54	78	271	23.500000	F#3	54	80	
272	55.003906	Eb4	63	79	272	23.625000	Eb4	63	80	
273	55.287760	B4	71	78	273	23.750000	B4	71	80	
274	55.320312	G#3	56	65	274	23.750000	G#3	56	80	
275	55.554688	D4	62	68	275	23.875000	D4	62	80	
276	55.835938	A3	57	68	276	24.000000	A3	57	80	
277	55.960938	C4	60	72	277	24.062500	C4	60	80	
278	56.108073	A2	45	65	279	24.125000	A2	45	80	
279	56.111979	D4	62	68	278	24.125000	D4	62	80	
280	56.233073	E4	64	77	280	24.187500	E4	64	80	
281	56.423177	A3	57	72	282	24.250000	A3	57	80	
282	56.425781	F4	65	74	281	24.250000	F4	65	80	
283	56.710938	C4	60	71	283	24.375000	C4	60	80	
284	57.006510	G#3	56	70	285	24.500000	G#3	56	80	
285	57.028646	B3	59	67	284	24.500000	B3	59	80	
286	57.291667	Eb4	63	68	286	24.625000	Eb4	63	80	
287	57.557292	G3	55	64	288	24.750000	G3	55	80	
288	57.565104	E4	64	62	287	24.750000	E4	64	80	
289	57.842448	Bb3	58	65	289	24.875000	Bb3	58	80	
290	58.110677	F#3	54	64	291	25.000000	F#3	54	80	
291	58.126302	A3	57	64	290	25.000000	A3	57	80	
292	58.404948	C#4	61	66	292	25.125000	C#4	61	80	
293	58.688802	F3	53	50	294	25.250000	F3	53	80	
294	58.695312	D4	62	64	293	25.250000	D4	62	80	
295	58.996094	G#3	56	70	295	25.375000	G#3	56	80	
296	59.302083	E3	52	54	296	25.500000	E3	52	80	
297	59.570312	A3	57	64	297	25.625000	A3	57	80	
298	59.854167	D3	50	51	298	25.750000	D3	50	80	
299	60.135417	B3	59	53	299	25.875000	B3	59	80	
300	60.410156	E3	52	53	300	26.000000	E3	52	80	
301	60.671875	C3	48	66	301	26.125000	C3	48	80	
302	60.808594	B2	47	62	302	26.187500	B2	47	80	
303	60.962240	E4	64	77	303	26.250000	E4	64	80	
304	60.993490	C3	48	56	304	26.250000	C3	48	80	
305	61.266927	E3	52	70	305	26.375000	E3	52	80	
306	61.541667	F#4	66	79	306	26.500000	F#4	66	80	
307	61.813802	Eb3	51	76	307	26.625000	Eb3	51	80	
308	62.121094	G#4	68	86	308	26.750000	G#4	68	80	
309	62.128906	B3	59	62	309	26.750000	B3	59	80	
310	62.390625	D3	50	72	310	26.875000	D3	50	80	
311	62.641927	A4	69	76	311	27.000000	A4	69	80	
312	62.934896	A3	57	68	312	27.125000	A3	57	80	
313	62.950521	C#3	49	67	313	27.125000	C#3	49	80	
314	63.095052	B2	47	61	314	27.187500	B2	47	80	
315	63.217448	A4	69	88	315	27.250000	A4	69	80	
316	63.246094	C#3	49	66	316	27.250000	C#3	49	80	
317	63.497396	A2	45	71	317	27.375000	A2	45	80	
318	63.778646	B2	47	81	318	27.500000	B2	47	80	
319	64.069010	G#4	68	77	319	27.625000	G#4	68	80	
320	64.341146	E5	76	81	320	27.750000	E5	76	80	
321	64.347656	C#3	49	58	321	27.750000	C#3	49	80	
322	64.619792	G4	67	77	322	27.875000	G4	67	80	
323	64.898438	D3	50	76	323	28.000000	D3	50	80	
324	65.180990	F#4	66	76	324	28.125000	F#4	66	80	
325	65.187500	D2	38	58	325	28.125000	D2	38	80	
326	65.308594	E4	64	74	326	28.187500	E4	64	80	
327	65.447917	F#4	66	82	327	28.250000	F#4	66	80	
328	65.462240	D3	50	74	328	28.250000	D3	50	80	
329	65.730469	D4	62	77	329	28.375000	D4	62	80	
330	66.029948	E4	64	75	330	28.500000	E4	64	80	
331	66.299479	C#3	49	68	331	28.625000	C#3	49	80	
332	66.571615	A3	57	68	333	28.750000	A3	57	80	
333	66.574219	F#4	66	76	332	28.750000	F#4	66	80	
334	66.854167	C3	48	70	334	28.875000	C3	48	80	
335	67.134115	G4	67	72	335	29.000000	G4	67	80	
336	67.407552	B2	47	70	337	29.125000	B2	47	80	
337	67.414062	G3	55	70	336	29.125000	G3	55	80	
338	67.528646	A2	45	65	338	29.187500	A2	45	80	
339	67.664062	B2	47	72	340	29.250000	B2	47	80	
340	67.670573	G4	67	87	339	29.250000	G4	67	80	
341	67.964844	G2	43	73	341	29.375000	G2	43	80	
342	68.250000	A2	45	78	342	29.500000	A2	45	80	
343	68.505208	F#4	66	76	343	29.625000	F#4	66	80	
344	68.804688	D5	74	69	344	29.750000	D5	74	80	
345	68.813802	B2	47	76	345	29.750000	B2	47	80	
346	69.076823	F4	65	76	346	29.875000	F4	65	80	
347	69.356771	C3	48	81	347	30.000000	C3	48	80	
348	69.623698	E4	64	74	348	30.125000	E4	64	80	
349	69.731771	D4	62	79	349	30.187500	D4	62	80	
350	69.865885	E4	64	80	350	30.250000	E4	64	80	
351	70.147135	E5	76	88	351	30.375000	E5	76	80	
352	70.151042	B2	47	67	352	30.375000	B2	47	80	
353	70.255208	A2	45	71	353	30.437500	A2	45	80	
354	70.430990	E3	52	74	*	-1	*	-1	-1	
355	70.523438	F3	53	81	354	30.500000	F3	53	80	
356	70.641927	G3	55	78	355	30.562500	G3	55	80	
357	70.708333	F5	77	83	356	30.625000	F5	77	80	
358	70.720052	F3	53	76	357	30.625000	F3	53	80	
359	70.796875	G3	55	70	359	30.687500	G3	55	80	
360	70.847656	E5	76	83	358	30.687500	E5	76	80	
361	70.859375	F3	53	72	*	-1	*	-1	-1	
362	70.953125	G3	55	73	*	-1	*	-1	-1	
363	70.970052	D5	74	80	360	30.750000	D5	74	80	
364	71.010417	F3	53	73	361	30.750000	F3	53	80	
365	71.075521	C5	72	84	362	30.812500	C5	72	80	
366	71.106771	G3	55	77	363	30.812500	G3	55	80	
367	71.165365	F3	53	69	365	30.875000	F3	53	80	
368	71.200521	B4	71	83	364	30.875000	B4	71	80	
369	71.252604	G3	55	75	*	-1	*	-1	-1	
370	71.304688	F3	53	72	*	-1	*	-1	-1	
371	71.317708	A4	69	85	366	30.937500	A4	69	80	
372	71.398438	G3	55	44	367	30.937500	G3	55	80	
373	71.484375	G#4	68	84	368	31.000000	G#4	68	80	
374	71.500000	E3	52	67	369	31.000000	E3	52	80	
375	71.634115	E4	64	75	370	31.062500	E4	64	80	
376	71.776042	D4	62	69	371	31.125000	D4	62	80	
377	71.908854	C4	60	70	372	31.187500	C4	60	80	
378	72.066406	B3	59	70	373	31.250000	B3	59	80	
379	72.194010	A3	57	69	374	31.312500	A3	57	80	
380	72.316406	G#3	56	68	375	31.375000	G#3	56	80	
381	72.458333	F#3	54	59	376	31.437500	F#3	54	80	
382	72.690104	E3	52	50	377	31.500000	E3	52	80	
383	73.283854	E2	40	30	378	31.750000	E2	40	80	
384	73.828125	E5	76	57	379	32.000000	E5	76	80	
385	74.007812	C4	60	60	380	32.062500	C4	60	80	
386	74.147135	B3	59	53	381	32.125000	B3	59	80	
387	74.243490	A3	57	49	382	32.187500	A3	57	80	
388	74.399740	G#3	56	51	384	32.250000	G#3	56	80	
389	74.410156	E4	64	62	383	32.250000	E4	64	80	
390	74.700521	C#4	61	59	385	32.375000	C#4	61	80	
391	74.992188	F4	65	73	386	32.500000	F4	65	80	
392	75.014323	D4	62	52	387	32.500000	D4	62	80	
393	75.260417	Bb3	58	71	388	32.625000	Bb3	58	80	
394	75.536458	F#4	66	81	389	32.750000	F#4	66	80	
395	75.542969	A3	57	54	390	32.750000	A3	57	80	
396	75.807292	Eb4	63	78	391	32.875000	Eb4	63	80	
397	76.084635	G4	67	84	392	33.000000	G4	67	80	
398	76.106771	E4	64	62	393	33.000000	E4	64	80	
399	76.351562	C4	60	80	394	33.125000	C4	60	80	
400	76.638021	B3	59	65	396	33.250000	B3	59	80	
401	76.645833	G#4	68	85	395	33.250000	G#4	68	80	
402	76.921875	F4	65	86	397	33.375000	F4	65	80	
403	77.208333	A4	69	83	398	33.500000	A4	69	80	
404	77.450521	E4	64	74	399	33.625000	E4	64	80	
405	77.722656	B4	71	82	400	33.750000	B4	71	80	
406	78.002604	D4	62	66	401	33.875000	D4	62	80	
407	78.269531	A4	69	65	403	34.000000	A4	69	80	
408	78.274740	C5	72	68	402	34.000000	C5	72	80	
409	78.411458	F5	77	70	404	34.062500	F5	77	80	
410	78.546875	E5	76	61	405	34.125000	E5	76	80	
411	78.679688	D5	74	57	406	34.187500	D5	74	80	
412	78.821615	A3	57	59	408	34.250000	A3	57	80	
413	78.846354	C#5	73	52	407	34.250000	C#5	73	80	
414	79.122396	F#5	78	62	409	34.375000	F#5	78	80	
415	79.393229	G5	79	62	410	34.500000	G5	79	80	
416	79.395833	Bb3	58	70	411	34.500000	Bb3	58	80	
417	79.660156	Eb5	75	74	412	34.625000	Eb5	75	80	
418	79.932292	B3	59	75	414	34.750000	B3	59	80	
419	79.944010	D5	74	69	413	34.750000	D5	74	80	
420	80.208333	G#5	80	83	415	34.875000	G#5	80	80	
421	80.468750	C4	60	74	417	35.000000	C4	60	80	
422	80.473958	A5	81	74	416	35.000000	A5	81	80	
423	80.736979	F5	77	86	418	35.125000	F5	77	80	
424	81.013021	C#4	61	75	420	35.250000	C#4	61	80	
425	81.028646	E5	76	74	419	35.250000	E5	76	80	
426	81.305990	Bb5	82	89	421	35.375000	Bb5	82	80	
427	81.563802	D4	62	78	422	35.500000	D4	62	80	
428	81.856771	A5	81	77	423	35.625000	A5	81	80	
429	82.160156	E4	64	70	424	35.750000	E4	64	80	
430	82.417969	G#5	80	73	425	35.875000	G#5	80	80	
431	82.673177	A5	81	67	426	36.000000	A5	81	80	
432	82.677083	F4	65	59	427	36.000000	F4	65	80	
433	82.816406	G5	79	64	428	36.062500	G5	79	80	
434	82.955729	F5	77	71	429	36.125000	F5	77	80	
435	83.071615	E5	76	71	430	36.187500	E5	76	80	
436	83.234375	D4	62	64	432	36.250000	D4	62	80	
437	83.246094	F5	77	72	431	36.250000	F5	77	80	
438	83.514323	Bb4	70	64	433	36.375000	Bb4	70	80	
439	83.772135	C4	60	55	435	36.500000	C4	60	80	
440	83.785156	A4	69	60	434	36.500000	A4	69	80	
441	84.100260	E5	76	55	436	36.625000	E5	76	80	
442	84.358073	D5	74	61	437	36.750000	D5	74	80	
443	84.369792	B3	59	57	438	36.750000	B3	59	80	
444	84.638021	G#4	68	68	439	36.875000	G#4	68	80	
445	84.888021	A3	57	62	440	37.000000	A3	57	80	
446	85.046875	D5	74	70	441	37.062500	D5	74	80	
447	85.190104	C5	72	74	442	37.125000	C5	72	80	
448	85.302083	B4	71	73	443	37.187500	B4	71	80	
449	85.427083	C4	60	62	445	37.250000	C4	60	80	
450	85.441406	A4	69	85	444	37.250000	A4	69	80	
451	85.705729	E5	76	82	446	37.375000	E5	76	80	
452	85.993490	D5	74	75	447	37.500000	D5	74	80	
453	86.007812	B3	59	66	448	37.500000	B3	59	80	
454	86.269531	G4	67	76	449	37.625000	G4	67	80	
455	86.524740	F#4	66	69	450	37.750000	F#4	66	80	
456	86.533854	A3	57	58	451	37.750000	A3	57	80	
457	86.790365	C5	72	62	452	37.875000	C5	72	80	
458	87.069010	G3	55	53	454	38.000000	G3	55	80	
459	87.069010	B4	71	60	453	38.000000	B4	71	80	
460	87.213542	B3	59	65	455	38.062500	B3	59	80	
461	87.312500	C4	60	72	456	38.125000	C4	60	80	
462	87.440104	D4	62	77	457	38.187500	D4	62	80	
463	87.597656	G5	79	84	458	38.250000	G5	79	80	
464	87.613281	E4	64	74	459	38.250000	E4	64	80	
465	87.877604	Bb3	58	71	460	38.375000	Bb3	58	80	
466	88.147135	A3	57	54	462	38.500000	A3	57	80	
467	88.156250	F5	77	82	461	38.500000	F5	77	80	
468	88.433594	D4	62	53	463	38.625000	D4	62	80	
469	88.669271	C#4	61	47	465	38.750000	C#4	61	80	
470	88.682292	E5	76	66	464	38.750000	E5	76	80	
471	88.971354	G3	55	48	466	38.875000	G3	55	80	
472	89.233073	D5	74	63	467	39.000000	D5	74	80	
473	89.382812	G4	67	68	468	39.062500	G4	67	80	
474	89.520833	F4	65	70	469	39.125000	F4	65	80	
475	89.618490	E4	64	73	470	39.187500	E4	64	80	
476	89.779948	F5	77	82	471	39.250000	F5	77	80	
477	89.783854	D4	62	64	472	39.250000	D4	62	80	
478	90.074219	G#4	68	73	473	39.375000	G#4	68	80	
479	90.337240	E5	76	71	474	39.500000	E5	76	80	
480	90.343750	A4	69	63	475	39.500000	A4	69	80	
481	90.604167	C4	60	64	476	39.625000	C4	60	80	
482	90.886719	B3	59	44	478	39.750000	B3	59	80	
483	90.898438	D5	74	65	477	39.750000	D5	74	80	
484	91.169271	F4	65	63	479	39.875000	F4	65	80	
485	91.424479	E4	64	60	480	40.000000	E4	64	80	
486	91.542969	D4	62	65	481	40.062500	D4	62	80	
487	91.694010	C4	60	62	482	40.125000	C4	60	80	
488	91.790365	B3	59	60	483	40.187500	B3	59	80	
489	91.967448	C5	72	62	484	40.250000	C5	72	80	
490	92.001302	A3	57	55	485	40.250000	A3	57	80	
491	92.235677	G#3	56	57	487	40.375000	G#3	56	80	
492	92.238281	B4	71	68	486	40.375000	B4	71	80	
493	92.527344	C5	72	72	488	40.500000	C5	72	80	
494	92.535156	A3	57	54	489	40.500000	A3	57	80	
495	92.785156	F3	53	60	490	40.625000	F3	53	80	
496	93.084635	C#5	73	78	491	40.750000	C#5	73	80	
497	93.105469	E3	52	43	492	40.750000	E3	52	80	
498	93.355469	Bb3	58	73	493	40.875000	Bb3	58	80	
499	93.644531	D5	74	85	494	41.000000	D5	74	80	
500	93.667969	B3	59	61	495	41.000000	B3	59	80	
501	93.920573	G3	55	68	496	41.125000	G3	55	80	
502	94.194010	F#3	54	73	498	41.250000	F#3	54	80	
503	94.194010	Eb5	75	88	497	41.250000	Eb5	75	80	
504	94.468750	C4	60	83	499	41.375000	C4	60	80	
505	94.736979	E5	76	90	500	41.500000	E5	76	80	
506	95.011719	B3	59	75	501	41.625000	B3	59	80	
507	95.286458	F#5	78	82	502	41.750000	F#5	78	80	
508	95.546875	A3	57	72	503	41.875000	A3	57	80	
509	95.819010	G5	79	66	504	42.000000	G5	79	80	
510	95.830729	E4	64	70	505	42.000000	E4	64	80	
511	95.984375	F5	77	75	506	42.062500	F5	77	80	
512	96.089844	E5	76	72	507	42.125000	E5	76	80	
513	96.213542	D5	74	64	508	42.187500	D5	74	80	
514	96.385417	C#5	73	64	509	42.250000	C#5	73	80	
515	96.389323	E3	52	66	510	42.250000	E3	52	80	
516	96.671875	G#5	80	65	511	42.375000	G#5	80	80	
517	96.950521	A5	81	61	512	42.500000	A5	81	80	
518	96.953125	F3	53	75	513	42.500000	F3	53	80	
519	97.227865	Eb5	75	77	514	42.625000	Eb5	75	80	
520	97.503906	D5	74	64	515	42.750000	D5	74	80	
521	97.506510	F#3	54	73	516	42.750000	F#3	54	80	
522	97.766927	Bb5	82	80	517	42.875000	Bb5	82	80	
523	98.055990	B5	83	75	518	43.000000	B5	83	80	
524	98.067708	G3	55	74	519	43.000000	G3	55	80	
525	98.335938	F5	77	80	520	43.125000	F5	77	80	
526	98.606771	G#3	56	72	522	43.250000	G#3	56	80	
527	98.623698	E5	76	71	521	43.250000	E5	76	80	
528	98.877604	D5	74	80	523	43.375000	D5	74	80	
529	99.156250	A3	57	73	524	43.500000	A3	57	80	
530	99.421875	C5	72	85	525	43.625000	C5	72	80	
531	99.712240	B3	59	74	526	43.750000	B3	59	80	
532	99.985677	B4	71	74	527	43.875000	B4	71	80	
533	100.253906	C4	60	62	528	44.000000	C4	60	80	
534	100.531250	A4	69	57	529	44.125000	A4	69	80	
535	100.664062	B4	71	65	530	44.187500	B4	71	80	
536	100.787760	C5	72	69	531	44.250000	C5	72	80	
537	100.805990	A3	57	51	532	44.250000	A3	57	80	
538	101.066406	Eb4	63	63	533	44.375000	Eb4	63	80	
539	101.321615	E4	64	68	534	44.500000	E4	64	80	
540	101.328125	G3	55	52	535	44.500000	G3	55	80	
541	101.604167	C#5	73	78	536	44.625000	C#5	73	80	
542	101.876302	F3	53	64	538	44.750000	F3	53	80	
543	101.878906	D5	74	76	537	44.750000	D5	74	80	
544	102.153646	F4	65	77	539	44.875000	F4	65	80	
545	102.419271	E3	52	55	541	45.000000	E3	52	80	
546	102.428385	G4	67	78	540	45.000000	G4	67	80	
547	102.544271	F3	53	68	542	45.062500	F3	53	80	
548	102.658854	G3	55	75	543	45.125000	G3	55	80	
549	102.779948	A3	57	79	544	45.187500	A3	57	80	
550	102.955729	D5	74	82	545	45.250000	D5	74	80	
551	102.990885	Bb3	58	72	546	45.250000	Bb3	58	80	
552	103.242188	F3	53	76	547	45.375000	F3	53	80	
553	103.497396	E3	52	63	549	45.500000	E3	52	80	
554	103.518229	C#5	73	82	548	45.500000	C#5	73	80	
555	103.769531	A3	57	68	550	45.625000	A3	57	80	
556	104.036458	G3	55	60	552	45.750000	G3	55	80	
557	104.054688	Bb4	70	71	551	45.750000	Bb4	70	80	
558	104.291667	D3	50	65	553	45.875000	D3	50	80	
559	104.587240	C#3	49	73	554	46.000000	C#3	49	80	
560	104.738281	A4	69	66	555	46.062500	A4	69	80	
561	104.872396	G4	67	69	556	46.125000	G4	67	80	
562	104.997396	A4	69	72	557	46.187500	A4	69	80	
563	105.141927	G3	55	73	559	46.250000	G3	55	80	
564	105.169271	Bb4	70	66	558	46.250000	Bb4	70	80	
565	105.412760	C#4	61	72	560	46.375000	C#4	61	80	
566	105.670573	D4	62	62	561	46.500000	D4	62	80	
567	105.687500	F3	53	77	562	46.500000	F3	53	80	
568	105.938802	B4	71	78	563	46.625000	B4	71	80	
569	106.226562	C5	72	75	564	46.750000	C5	72	80	
570	106.229167	E3	52	66	565	46.750000	E3	52	80	
571	106.486979	E4	64	76	566	46.875000	E4	64	80	
572	106.744792	D3	50	64	568	47.000000	D3	50	80	
573	106.803385	F#4	66	70	567	47.000000	F#4	66	80	
574	106.865885	E3	52	70	569	47.062500	E3	52	80	
575	107.002604	F#3	54	79	570	47.125000	F#3	54	80	
576	107.126302	G3	55	78	571	47.187500	G3	55	80	
577	107.268229	C5	72	88	572	47.250000	C5	72	80	
578	107.291667	A3	57	74	573	47.250000	A3	57	80	
579	107.563802	Eb3	51	72	574	47.375000	Eb3	51	80	
580	107.816406	B4	71	80	575	47.500000	B4	71	80	
581	107.830729	D3	50	63	576	47.500000	D3	50	80	
582	108.102865	G3	55	67	577	47.625000	G3	55	80	
583	108.360677	F#3	54	57	579	47.750000	F3	53	80	
584	108.375000	A4	69	66	578	47.750000	G#4	68	80	
585	108.645833	C3	48	65	580	47.875000	C3	48	80	
586	108.917969	B2	47	63	581	48.000000	B2	47	80	
587	109.054688	G4	67	59	582	48.062500	G4	67	80	
588	109.179688	A4	69	68	583	48.125000	A4	69	80	
589	109.295573	B4	71	71	584	48.187500	B4	71	80	
590	109.470052	E3	52	74	586	48.250000	E3	52	80	
591	109.472656	C5	72	64	585	48.250000	C5	72	80	
592	109.747396	G4	67	69	587	48.375000	G4	67	80	
593	110.032552	F#4	66	70	588	48.500000	F#4	66	80	
594	110.041667	Eb3	51	81	589	48.500000	Eb3	51	80	
595	110.304688	Bb4	70	78	590	48.625000	Bb4	70	80	
596	110.578125	D3	50	73	592	48.750000	D3	50	80	
597	110.578125	B4	71	79	591	48.750000	B4	71	80	
598	110.860677	F4	65	79	593	48.875000	F4	65	80	
599	111.132812	E4	64	73	594	49.000000	E4	64	80	
600	111.136719	C#3	49	74	595	49.000000	C#3	49	80	
601	111.410156	G#4	68	82	596	49.125000	G#4	68	80	
602	111.679688	A4	69	75	597	49.250000	A4	69	80	
603	111.696615	C3	48	66	598	49.250000	C3	48	80	
604	111.976562	Eb4	63	79	599	49.375000	Eb4	63	80	
605	112.269531	B2	47	68	600	49.500000	B2	47	80	
606	112.516927	E4	64	75	601	49.625000	E4	64	80	
607	112.805990	A2	45	61	602	49.750000	A2	45	80	
608	113.088542	F#4	66	65	603	49.875000	F4	65	80	
609	113.348958	B3	59	65	604	50.000000	B3	59	80	
610	113.484375	C3	48	65	605	50.062500	C3	48	80	
611	113.615885	B2	47	70	606	50.125000	B2	47	80	
612	113.718750	A2	45	66	607	50.187500	A2	45	80	
613	113.880208	E5	76	79	608	50.250000	E5	76	80	
614	113.904948	G#2	44	52	609	50.250000	G#2	44	80	
615	114.169271	C#3	49	67	610	50.375000	C#3	49	80	
616	114.427083	F5	77	89	611	50.500000	F5	77	80	
617	114.467448	D3	50	59	612	50.500000	D3	50	80	
618	114.703125	Bb2	46	78	613	50.625000	Bb2	46	80	
619	114.979167	F#5	78	90	614	50.750000	F#5	78	80	
620	114.985677	A2	45	62	615	50.750000	A2	45	80	
621	115.229167	Eb3	51	82	616	50.875000	Eb3	51	80	
622	115.505208	G5	79	90	617	51.000000	G5	79	80	
623	115.522135	E3	52	71	618	51.000000	E3	52	80	
624	115.761719	C3	48	77	619	51.125000	C3	48	80	
625	116.053385	B2	47	72	621	51.250000	B2	47	80	
626	116.055990	G#5	80	90	620	51.250000	G#5	80	80	
627	116.341146	F3	53	91	622	51.375000	F3	53	80	
628	116.619792	A5	81	91	623	51.500000	A5	81	80	
629	116.864583	E3	52	80	624	51.625000	E3	52	80	
630	117.165365	B5	83	91	625	51.750000	B5	83	80	
631	117.432292	D3	50	78	626	51.875000	D3	50	80	
632	117.692708	C3	48	74	627	52.000000	C3	48	80	
633	117.996094	A5	81	83	628	52.125000	A5	81	80	
634	118.111979	B5	83	91	629	52.187500	B5	83	80	
635	118.279948	C6	84	95	630	52.250000	C6	84	80	
636	118.295573	E3	52	69	631	52.250000	E3	52	80	
637	118.555990	E5	76	86	632	52.375000	E5	76	80	
638	118.832031	F#3	54	80	633	52.500000	F#3	54	80	
639	119.083333	Eb5	75	91	634	52.625000	Eb5	75	80	
640	119.381510	G#3	56	64	636	52.750000	G#3	56	80	
641	119.385417	B5	83	87	635	52.750000	B5	83	80	
642	119.640625	D5	74	74	637	52.875000	D5	74	80	
643	119.908854	A3	57	77	638	53.000000	A3	57	80	
644	120.070312	C5	72	78	639	53.062500	C5	72	80	
645	120.177083	D5	74	77	640	53.125000	D5	74	80	
646	120.302083	E5	76	75	641	53.187500	E5	76	80	
647	120.445312	A2	45	65	643	53.250000	A2	45	80	
648	120.471354	F5	77	82	642	53.250000	F5	77	80	
649	120.742188	A4	69	81	644	53.375000	A4	69	80	
650	121.010417	B2	47	76	645	53.500000	B2	47	80	
651	121.281250	G#4	68	79	646	53.625000	G#4	68	80	
652	121.570312	C#3	49	69	648	53.750000	C#3	49	80	
653	121.582031	E5	76	72	647	53.750000	E5	76	80	
654	121.839844	G4	67	74	649	53.875000	G4	67	80	
655	122.131510	D3	50	70	650	54.000000	D3	50	80	
656	122.266927	F4	65	71	651	54.062500	F4	65	80	
657	122.385417	G4	67	73	652	54.125000	G4	67	80	
658	122.502604	A4	69	72	653	54.187500	A4	69	80	
659	122.669271	Bb4	70	74	654	54.250000	Bb4	70	80	
660	122.675781	D2	38	68	655	54.250000	D2	38	80	
661	122.925781	D4	62	71	656	54.375000	D4	62	80	
662	123.255208	E2	40	73	657	54.500000	E2	40	80	
663	123.503906	C#4	61	76	658	54.625000	C#4	61	80	
664	123.787760	A4	69	69	659	54.750000	A4	69	80	
665	123.816406	E3	52	72	660	54.750000	E3	52	80	
666	124.084635	C4	60	73	661	54.875000	C4	60	80	
667	124.350260	Eb3	51	76	662	55.000000	Eb3	51	80	
668	124.634115	B3	59	73	663	55.125000	B3	59	80	
669	124.902344	D3	50	68	665	55.250000	D3	50	80	
670	124.916667	G#4	68	70	664	55.250000	G#4	68	80	
671	125.182292	B3	59	68	666	55.375000	B3	59	80	
672	125.451823	C#3	49	67	667	55.500000	C#3	49	80	
673	125.710938	A3	57	66	668	55.625000	A3	57	80	
674	126.005208	C3	48	59	670	55.750000	C3	48	80	
675	126.020833	F4	65	59	669	55.750000	F4	65	80	
676	126.287760	A3	57	65	671	55.875000	A3	57	80	
677	126.587240	B2	47	68	672	56.000000	B2	47	80	
678	126.898438	G#3	56	59	673	56.125000	G#3	56	80	
679	127.001302	F#3	54	60	674	56.187500	F#3	54	80	
680	127.135417	G#3	56	60	675	56.250000	G#3	56	80	
681	127.152344	B2	47	68	676	56.250000	B2	47	80	
682	127.415365	D4	62	77	677	56.375000	D4	62	80	
683	127.680990	A2	45	67	678	56.500000	A2	45	80	
684	127.832031	C4	60	75	679	56.562500	C4	60	80	
685	127.962240	B3	59	77	680	56.625000	B3	59	80	
686	128.062500	A3	57	68	681	56.687500	A3	57	80	
687	128.207031	A2	45	78	683	56.750000	A2	45	80	
688	128.207031	B3	59	80	682	56.750000	B3	59	80	
689	128.496094	F4	65	89	684	56.875000	F4	65	80	
690	128.747396	G#2	44	79	685	57.000000	G#2	44	80	
691	128.886719	E4	64	81	686	57.062500	E4	64	80	
692	129.011719	D4	62	79	687	57.125000	D4	62	80	
693	129.125000	C#4	61	83	688	57.187500	C#4	61	80	
694	129.270833	D4	62	79	689	57.250000	D4	62	80	
695	129.296875	G#2	44	77	690	57.250000	G#2	44	80	
696	129.563802	B4	71	91	691	57.375000	B4	71	80	
697	129.843750	E2	40	84	692	57.500000	E2	40	80	
698	129.954427	A4	69	72	693	57.562500	A4	69	80	
699	130.089844	G#4	68	84	694	57.625000	G#4	68	80	
700	130.201823	F#4	66	76	695	57.687500	F#4	66	80	
701	130.363281	G#4	68	81	696	57.750000	G#4	68	80	
702	130.367188	E2	40	85	697	57.750000	E2	40	80	
703	130.636719	D5	74	93	698	57.875000	D5	74	80	
704	130.895833	A2	45	81	699	58.000000	A2	45	80	
705	131.188802	C5	72	74	700	58.125000	C5	72	80	
706	131.304688	B4	71	77	701	58.187500	B4	71	80	
707	131.464844	C5	72	79	702	58.250000	C5	72	80	
708	131.591146	D3	50	68	703	58.312500	D3	50	80	
709	131.695312	A4	69	77	704	58.375000	A4	69	80	
710	131.708333	E3	52	76	705	58.375000	E3	52	80	
711	131.822917	F#3	54	83	706	58.437500	F#3	54	80	
712	131.964844	Bb4	70	80	707	58.500000	Bb4	70	80	
713	131.968750	G3	55	66	708	58.500000	G3	55	80	
714	132.227865	Eb3	51	80	709	58.625000	E3	52	80	
715	132.490885	D3	50	66	711	58.750000	Eb3	51	80	
716	132.493490	B4	71	86	710	58.750000	B4	71	80	
717	132.742188	G#3	56	75	712	58.875000	G#3	56	80	
718	133.014323	C5	72	81	713	59.000000	C5	72	80	
719	133.022135	A3	57	67	714	59.000000	A3	57	80	
720	133.274740	F3	53	79	715	59.125000	F3	53	80	
721	133.541667	E3	52	63	717	59.250000	E3	52	80	
722	133.544271	C#5	73	89	716	59.250000	C#5	73	80	
723	133.803385	Bb3	58	85	718	59.375000	Bb3	58	80	
724	134.093750	D5	74	93	719	59.500000	D5	74	80	
725	134.358073	A3	57	74	720	59.625000	A3	57	80	
726	134.626302	E5	76	82	721	59.750000	E5	76	80	
727	134.875000	G3	55	64	722	59.875000	G3	55	80	
728	135.141927	F3	53	63	723	60.000000	F3	53	80	
729	135.285156	C#5	73	79	724	60.062500	C#5	73	80	
730	135.294271	E3	52	68	725	60.062500	E3	52	80	
731	135.424479	F3	53	69	727	60.125000	F3	53	80	
732	135.440104	D5	74	88	726	60.125000	D5	74	80	
733	135.511719	G3	55	65	729	60.187500	G3	55	80	
734	135.561198	E5	76	82	728	60.187500	E5	76	80	
735	135.735677	F5	77	87	730	60.250000	F5	77	80	
736	135.743490	A3	57	57	731	60.250000	A3	57	80	
737	136.040365	C5	72	74	732	60.375000	C5	72	80	
738	136.312500	B4	71	72	733	60.500000	B4	71	80	
739	136.317708	G#3	56	66	734	60.500000	G#3	56	80	
740	136.572917	Eb5	75	81	735	60.625000	Eb5	75	80	
741	136.859375	E5	76	80	736	60.750000	E5	76	80	
742	136.865885	G3	55	60	737	60.750000	G3	55	80	
743	137.158854	Bb4	70	77	738	60.875000	Bb4	70	80	
744	137.421875	F#3	54	66	740	61.000000	F#3	54	80	
745	137.425781	A4	69	76	739	61.000000	A4	69	80	
746	137.687500	C#5	73	80	741	61.125000	C#5	73	80	
747	137.985677	D5	74	73	742	61.250000	D5	74	80	
748	138.007812	F3	53	51	743	61.250000	F3	53	80	
749	138.257812	G#4	68	76	744	61.375000	G#4	68	80	
750	138.552083	E3	52	58	745	61.500000	E3	52	80	
751	138.808594	A4	69	69	746	61.625000	A4	69	80	
752	139.115885	D3	50	58	747	61.750000	D3	50	80	
753	139.375000	B4	71	62	748	61.875000	B4	71	80	
754	139.636719	E4	64	68	749	62.000000	E4	64	80	
755	139.911458	E5	76	82	750	62.125000	E5	76	80	
756	139.925781	C3	48	56	751	62.125000	C3	48	80	
757	140.048177	B2	47	57	752	62.187500	B2	47	80	
758	140.186198	C3	48	76	753	62.250000	C3	48	80	
759	140.307292	D5	74	81	754	62.312500	D5	74	80	
760	140.430990	C5	72	85	755	62.375000	C5	72	80	
761	140.455729	A2	45	55	756	62.375000	A2	45	80	
762	140.561198	B4	71	84	757	62.437500	B4	71	80	
763	140.718750	D5	74	79	758	62.500000	D5	74	80	
764	140.723958	E3	52	52	759	62.500000	E3	52	80	
765	140.868490	C5	72	82	760	62.562500	C5	72	80	
766	141.009115	B4	71	79	762	62.625000	B4	71	80	
767	141.128906	A4	69	75	764	62.687500	A4	69	80	
768	141.265625	E2	40	47	766	62.750000	E2	40	80	
769	141.276042	C5	72	81	765	62.750000	C5	72	80	
770	141.423177	B4	71	73	767	62.812500	B4	71	80	
771	141.555990	A4	69	73	768	62.875000	A4	69	80	
772	141.697917	G#4	68	64	769	62.937500	G#4	68	80	
773	141.828125	A4	69	76	770	63.000000	A4	69	80	
774	141.869792	A2	45	53	771	63.000000	A2	45	80	
775	141.924479	G#4	68	72	*	-1	*	-1	-1	
776	142.036458	A4	69	76	*	-1	*	-1	-1	
777	142.221354	B2	47	58	772	63.125000	B2	47	80	
778	142.350260	C3	48	71	773	63.187500	C3	48	80	
779	142.506510	D3	50	75	774	63.250000	D3	50	80	
780	142.641927	E3	52	71	775	63.312500	E3	52	80	
781	142.794271	F#3	54	68	776	63.375000	F#3	54	80	
782	142.977865	G#3	56	70	777	63.437500	G#3	56	80	
783	143.257812	A3	57	52	778	63.500000	A3	57	80	
784	144.239583	A2	45	24	779	63.750000	A2	45	80	
*	-1	*	-1	-1	761	62.562500	D3	50	80	
*	-1	*	-1	-1	763	62.625000	E3	52	80	
