// alignID alignOntime alignSitch alignPitch alignOnvel refID refOntime refSitch refPitch refOnvel
0	1.020833	A2	45	42	0	0.000000	A2	45	80	
1	1.171875	C5	72	58	1	0.062500	C5	72	80	
2	1.294792	D5	74	62	2	0.125000	D5	74	80	
3	1.390625	E5	76	68	3	0.187500	E5	76	80	
4	1.543750	F5	77	64	4	0.250000	F5	77	80	
5	1.550000	A3	57	52	5	0.250000	A3	57	80	
6	1.816667	C5	72	64	6	0.375000	C5	72	80	
7	2.061458	G#3	56	50	8	0.500000	G#3	56	80	
8	2.066667	B4	71	61	7	0.500000	B4	71	80	
9	2.339583	Eb5	75	68	9	0.625000	Eb5	75	80	
10	2.596875	G3	55	55	11	0.750000	G3	55	80	
11	2.600000	E5	76	62	10	0.750000	E5	76	80	
12	2.866667	Bb4	70	65	12	0.875000	Bb4	70	80	
13	3.098958	F#3	54	39	14	1.000000	F#3	54	80	
14	3.129167	A4	69	57	13	1.000000	A4	69	80	
15	3.401042	C#5	73	59	15	1.125000	C#5	73	80	
16	3.652083	F3	53	42	17	1.250000	F3	53	80	
17	3.668750	D5	74	49	16	1.250000	D5	74	80	
18	3.956250	G#4	68	53	18	1.375000	G#4	68	80	
19	4.194792	E3	52	41	19	1.500000	E3	52	80	
20	4.453125	A4	69	52	20	1.625000	A4	69	80	
21	4.705208	D3	50	46	21	1.750000	D3	50	80	
22	4.959375	B4	71	53	22	1.875000	B4	71	80	
23	5.231250	E4	64	47	23	2.000000	E4	64	80	
24	5.367708	C3	48	47	24	2.062500	C3	48	80	
25	5.484375	D3	50	59	25	2.125000	D3	50	80	
26	5.581250	E3	52	64	26	2.187500	E3	52	80	
27	5.718750	F3	53	47	28	2.250000	F3	53	80	
28	5.731250	A4	69	65	27	2.250000	A4	69	80	
29	5.992708	C3	48	53	29	2.375000	C3	48	80	
30	6.233333	B2	47	49	31	2.500000	B2	47	80	
31	6.246875	G#4	68	67	30	2.500000	G#4	68	80	
32	6.495833	Eb3	51	52	32	2.625000	Eb3	51	80	
33	6.745833	E3	52	52	34	2.750000	E3	52	80	
34	6.752083	G4	67	60	33	2.750000	G4	67	80	
35	7.020833	Bb2	46	49	35	2.875000	Bb2	46	80	
36	7.268750	A2	45	44	37	3.000000	A2	45	80	
37	7.271875	F#4	66	55	36	3.000000	F#4	66	80	
38	7.538542	C#3	49	48	38	3.125000	C#3	49	80	
39	7.797917	D3	50	42	40	3.250000	D3	50	80	
40	7.810417	F4	65	42	39	3.250000	F4	65	80	
41	8.064583	G#2	44	38	41	3.375000	G#2	44	80	
42	8.336458	E4	64	46	42	3.500000	E4	64	80	
43	8.591667	A2	45	38	43	3.625000	A2	45	80	
44	8.870833	D4	62	42	44	3.750000	D4	62	80	
45	9.136458	B2	47	37	45	3.875000	B2	47	80	
46	9.421875	E2	40	37	46	4.000000	E2	40	80	
47	9.709375	C4	60	47	47	4.125000	C4	60	80	
48	9.811458	B3	59	60	48	4.187500	B3	59	80	
49	9.950000	C4	60	47	49	4.250000	C4	60	80	
50	9.954167	A2	45	40	50	4.250000	A2	45	80	
51	10.246875	A4	69	56	51	4.375000	A4	69	80	
52	10.491667	B2	47	39	52	4.500000	B2	47	80	
53	10.753125	G#4	68	62	53	4.625000	G#4	68	80	
54	11.017708	C#3	49	47	55	4.750000	C#3	49	80	
55	11.031250	E5	76	64	54	4.750000	E5	76	80	
56	11.335417	G4	67	47	56	4.875000	G4	67	80	
57	11.556250	D3	50	51	57	5.000000	D3	50	80	
58	11.811458	F4	65	42	58	5.125000	F4	65	80	
59	11.918750	E4	64	63	59	5.187500	E4	64	80	
60	12.019792	B2	47	47	61	5.250000	B2	47	80	
61	12.042708	Eb4	63	56	60	5.250000	Eb4	63	80	
62	12.284375	B4	71	69	62	5.375000	B4	71	80	
63	12.509375	C#3	49	61	63	5.500000	C#3	49	80	
64	12.786458	Bb4	70	74	64	5.625000	Bb4	70	80	
65	13.047917	Eb3	51	52	66	5.750000	Eb3	51	80	
66	13.069792	F#5	78	66	65	5.750000	F#5	78	80	
67	13.358333	A4	69	53	67	5.875000	A4	69	80	
68	13.586458	E3	52	43	68	6.000000	E3	52	80	
69	13.752083	G4	67	55	69	6.062500	G4	67	80	
70	13.876042	A4	69	69	70	6.125000	A4	69	80	
71	13.960417	B4	71	72	71	6.187500	B4	71	80	
72	14.094792	E4	64	61	73	6.250000	E4	64	80	
73	14.119792	C5	72	67	72	6.250000	C5	72	80	
74	14.386458	G4	67	64	74	6.375000	G4	67	80	
75	14.637500	Eb4	63	60	76	6.500000	Eb4	63	80	
76	14.646875	F#4	66	57	75	6.500000	F#4	66	80	
77	14.911458	Bb4	70	70	77	6.625000	Bb4	70	80	
78	15.170833	D4	62	54	79	6.750000	D4	62	80	
79	15.176042	B4	71	60	78	6.750000	B4	71	80	
80	15.421875	F4	65	51	80	6.875000	F4	65	80	
81	15.688542	C#4	61	45	82	7.000000	C#4	61	80	
82	15.692708	E4	64	49	81	7.000000	E4	64	80	
83	15.958333	G#4	68	54	83	7.125000	G#4	68	80	
84	16.221875	A4	69	51	84	7.250000	A4	69	80	
85	16.226042	C4	60	41	85	7.250000	C4	60	80	
86	16.535417	Eb4	63	40	86	7.375000	Eb4	63	80	
87	16.772917	B3	59	43	87	7.500000	B3	59	80	
88	17.057292	E4	64	42	88	7.625000	E4	64	80	
89	17.290625	A3	57	49	89	7.750000	A3	57	80	
90	17.568750	F#4	66	50	90	7.875000	F#4	66	80	
91	17.814583	B3	59	49	91	8.000000	B3	59	80	
92	17.947917	G3	55	53	92	8.062500	G3	55	80	
93	18.053125	A3	57	63	93	8.125000	A3	57	80	
94	18.140625	B3	59	69	94	8.187500	B3	59	80	
95	18.310417	C4	60	43	96	8.250000	C4	60	80	
96	18.319792	E5	76	60	95	8.250000	E5	76	80	
97	18.584375	G3	55	52	97	8.375000	G3	55	80	
98	18.813542	F#3	54	53	99	8.500000	F#3	54	80	
99	18.833333	Eb5	75	70	98	8.500000	Eb5	75	80	
100	19.084375	Bb3	58	64	100	8.625000	Bb3	58	80	
101	19.326042	B3	59	59	102	8.750000	B3	59	80	
102	19.338542	D5	74	67	101	8.750000	D5	74	80	
103	19.595833	F3	53	55	103	8.875000	F3	53	80	
104	19.853125	E3	52	43	105	9.000000	E3	52	80	
105	19.857292	C#5	73	62	104	9.000000	C#5	73	80	
106	20.122917	G#3	56	45	106	9.125000	G#3	56	80	
107	20.357292	A3	57	40	108	9.250000	A3	57	80	
108	20.379167	C5	72	55	107	9.250000	C5	72	80	
109	20.642708	Eb3	51	33	109	9.375000	Eb3	51	80	
110	20.915625	B4	71	49	110	9.500000	B4	71	80	
111	21.194792	E3	52	42	111	9.625000	E3	52	80	
112	21.429167	A4	69	50	112	9.750000	A4	69	80	
113	21.701042	F#3	54	48	113	9.875000	F#3	54	80	
114	21.993750	B2	47	42	114	10.000000	B2	47	80	
115	22.277083	G4	67	39	115	10.125000	G4	67	80	
116	22.392708	F#4	66	56	116	10.187500	F#4	66	80	
117	22.495833	E3	52	38	118	10.250000	E3	52	80	
118	22.540625	G4	67	42	117	10.250000	G4	67	80	
119	22.808333	E5	76	53	119	10.375000	E5	76	80	
120	23.031250	F#3	54	49	120	10.500000	F#3	54	80	
121	23.301042	Eb5	75	69	121	10.625000	Eb5	75	80	
122	23.565625	G#3	56	46	123	10.750000	G#3	56	80	
123	23.579167	B5	83	71	122	10.750000	B5	83	80	
124	23.869792	D5	74	57	124	10.875000	D5	74	80	
125	24.118750	A3	57	58	125	11.000000	A3	57	80	
126	24.372917	A2	45	55	127	11.125000	A2	45	80	
127	24.388542	C5	72	56	126	11.125000	C5	72	80	
128	24.512500	B4	71	53	128	11.187500	B4	71	80	
129	24.644792	A3	57	48	130	11.250000	A3	57	80	
130	24.664583	C5	72	52	129	11.250000	C5	72	80	
131	24.935417	A4	69	59	131	11.375000	A4	69	80	
132	25.193750	B4	71	61	132	11.500000	B4	71	80	
133	25.467708	G#3	56	49	133	11.625000	G#3	56	80	
134	25.704167	C#5	73	55	134	11.750000	C#5	73	80	
135	25.725000	E4	64	53	135	11.750000	E4	64	80	
136	25.968750	G3	55	50	136	11.875000	G3	55	80	
137	26.235417	D5	74	60	137	12.000000	D5	74	80	
138	26.480208	F#3	54	59	139	12.125000	F#3	54	80	
139	26.491667	D4	62	64	138	12.125000	D4	62	80	
140	26.621875	E3	52	42	140	12.187500	E3	52	80	
141	26.746875	D5	74	51	141	12.250000	D5	74	80	
142	26.767708	F#3	54	52	142	12.250000	F#3	54	80	
143	27.000000	D3	50	47	143	12.375000	D3	50	80	
144	27.277083	E3	52	47	144	12.500000	E3	52	80	
145	27.540625	C#5	73	57	145	12.625000	C#5	73	80	
146	27.791667	F#3	54	47	147	12.750000	F#3	54	80	
147	27.817708	A5	81	66	146	12.750000	A5	81	80	
148	28.106250	C5	72	55	148	12.875000	C5	72	80	
149	28.336458	G3	55	62	149	13.000000	G3	55	80	
150	28.587500	G2	43	61	151	13.125000	G2	43	80	
151	28.607292	B4	71	59	150	13.125000	B4	71	80	
152	28.723958	A4	69	58	152	13.187500	A4	69	80	
153	28.840625	G3	55	55	154	13.250000	G3	55	80	
154	28.876042	B4	71	52	153	13.250000	B4	71	80	
155	29.135417	G4	67	59	155	13.375000	G4	67	80	
156	29.382292	A4	69	66	156	13.500000	A4	69	80	
157	29.641667	F#3	54	51	157	13.625000	F#3	54	80	
158	29.892708	B4	71	69	158	13.750000	B4	71	80	
159	29.897917	D4	62	49	159	13.750000	D4	62	80	
160	30.140625	F3	53	61	160	13.875000	F3	53	80	
161	30.410417	C5	72	60	161	14.000000	C5	72	80	
162	30.545833	E3	52	60	162	14.062500	E3	52	80	
163	30.661458	F3	53	73	163	14.125000	F3	53	80	
164	30.770833	G3	55	69	164	14.187500	G3	55	80	
165	30.928125	A3	57	53	166	14.250000	A3	57	80	
166	30.954167	C6	84	78	165	14.250000	C6	84	80	
167	31.218750	E3	52	64	167	14.375000	E3	52	80	
168	31.469792	B5	83	80	168	14.500000	B5	83	80	
169	31.475000	Eb3	51	54	169	14.500000	Eb3	51	80	
170	31.727083	F#3	54	65	170	14.625000	F#3	54	80	
171	31.977083	G3	55	59	172	14.750000	G3	55	80	
172	31.993750	Bb5	82	77	171	14.750000	Bb5	82	80	
173	32.238542	D3	50	64	173	14.875000	D3	50	80	
174	32.500000	C#3	49	49	175	15.000000	C#3	49	80	
175	32.501042	A5	81	74	174	15.000000	A5	81	80	
176	32.766667	E3	52	60	176	15.125000	E3	52	80	
177	33.029167	G#5	80	70	177	15.250000	G#5	80	80	
178	33.035417	F3	53	46	178	15.250000	F3	53	80	
179	33.281250	C3	48	50	179	15.375000	C3	48	80	
180	33.553125	G5	79	63	180	15.500000	G5	79	80	
181	33.829167	B2	47	45	181	15.625000	B2	47	80	
182	34.068750	F5	77	49	182	15.750000	F5	77	80	
183	34.342708	C3	48	51	183	15.875000	C3	48	80	
184	34.447917	D3	50	48	184	15.937500	D3	50	80	
185	34.570833	G2	43	43	185	16.000000	G2	43	80	
186	34.726042	B4	71	49	186	16.062500	B4	71	80	
187	34.831250	C5	72	64	187	16.125000	C5	72	80	
188	34.935417	D5	74	65	188	16.187500	D5	74	80	
189	35.087500	G3	55	57	190	16.250000	G3	55	80	
190	35.088542	E5	76	48	189	16.250000	E5	76	80	
191	35.376042	B4	71	63	191	16.375000	B4	71	80	
192	35.623958	F#3	54	57	193	16.500000	F#3	54	80	
193	35.629167	Bb4	70	60	192	16.500000	Bb4	70	80	
194	35.902083	C#5	73	66	194	16.625000	C#5	73	80	
195	36.148958	F3	53	58	196	16.750000	F3	53	80	
196	36.161458	D5	74	57	195	16.750000	D5	74	80	
197	36.422917	A4	69	60	197	16.875000	A4	69	80	
198	36.677083	E3	52	50	199	17.000000	E3	52	80	
199	36.689583	G#4	68	54	198	17.000000	G#4	68	80	
200	36.955208	B4	71	58	200	17.125000	B4	71	80	
201	37.184375	Eb3	51	41	202	17.250000	Eb3	51	80	
202	37.207292	C5	72	55	201	17.250000	C5	72	80	
203	37.491667	G4	67	44	203	17.375000	G4	67	80	
204	37.730208	D3	50	37	204	17.500000	D3	50	80	
205	37.986458	F#4	66	46	205	17.625000	F#4	66	80	
206	38.251042	C3	48	34	206	17.750000	C3	48	80	
207	38.531250	G4	67	50	207	17.875000	G4	67	80	
208	38.641667	A4	69	52	208	17.937500	A4	69	80	
209	38.806250	D4	62	36	209	18.000000	D4	62	80	
210	39.047917	B2	47	47	210	18.125000	B2	47	80	
211	39.189583	A2	45	30	211	18.187500	A2	45	80	
212	39.284375	B2	47	45	213	18.250000	B2	47	80	
213	39.319792	G4	67	46	212	18.250000	G4	67	80	
214	39.587500	G3	55	48	214	18.375000	G3	55	80	
215	39.847917	A4	69	56	215	18.500000	A4	69	80	
216	40.094792	F#3	54	54	216	18.625000	F#3	54	80	
217	40.361458	D4	62	44	218	18.750000	D4	62	80	
218	40.367708	B4	71	62	217	18.750000	B4	71	80	
219	40.634375	F3	53	52	219	18.875000	F3	53	80	
220	40.897917	C5	72	58	220	19.000000	C5	72	80	
221	41.151042	E3	52	50	221	19.125000	E3	52	80	
222	41.264583	D3	50	50	222	19.187500	D3	50	80	
223	41.391667	A4	69	57	223	19.250000	A4	69	80	
224	41.406250	C#3	49	49	224	19.250000	C#3	49	80	
225	41.660417	A3	57	59	225	19.375000	A3	57	80	
226	41.906250	B4	71	68	226	19.500000	B4	71	80	
227	42.147917	G#3	56	60	227	19.625000	G#3	56	80	
228	42.414583	E4	64	53	229	19.750000	E4	64	80	
229	42.419792	C#5	73	70	228	19.750000	C#5	73	80	
230	42.664583	G3	55	64	230	19.875000	G3	55	80	
231	42.961458	D5	74	63	231	20.000000	D5	74	80	
232	43.080208	F#3	54	60	232	20.062500	F#3	54	80	
233	43.197917	G3	55	67	233	20.125000	G3	55	80	
234	43.296875	A3	57	73	234	20.187500	A3	57	80	
235	43.486458	Bb3	58	56	236	20.250000	Bb3	58	80	
236	43.496875	D4	62	47	235	20.250000	D4	62	80	
237	43.814583	F3	53	58	237	20.375000	F3	53	80	
238	44.081250	E3	52	49	239	20.500000	E3	52	80	
239	44.086458	C#4	61	56	238	20.500000	C#4	61	80	
240	44.391667	G#3	56	65	240	20.625000	G#3	56	80	
241	44.636458	A3	57	62	242	20.750000	A3	57	80	
242	44.644792	C4	60	53	241	20.750000	C4	60	80	
243	44.894792	Eb3	51	53	243	20.875000	Eb3	51	80	
244	45.141667	D3	50	48	245	21.000000	D3	50	80	
245	45.142708	B3	59	55	244	21.000000	B3	59	80	
246	45.404167	F#3	54	49	246	21.125000	F#3	54	80	
247	45.654167	Bb3	58	52	247	21.250000	Bb3	58	80	
248	45.676042	G3	55	50	248	21.250000	G3	55	80	
249	45.930208	C#3	49	48	249	21.375000	C#3	49	80	
250	46.201042	A3	57	51	250	21.500000	A3	57	80	
251	46.458333	D3	50	43	251	21.625000	D3	50	80	
252	46.718750	G3	55	44	252	21.750000	G3	55	80	
253	46.994792	E3	52	37	253	21.875000	E3	52	80	
254	47.265625	A2	45	34	254	22.000000	A2	45	80	
255	47.544792	F3	53	45	255	22.125000	F3	53	80	
256	47.669792	E3	52	45	256	22.187500	E3	52	80	
257	47.790625	D3	50	41	258	22.250000	D3	50	80	
258	47.805208	F3	53	44	257	22.250000	F3	53	80	
259	48.110417	D4	62	47	259	22.375000	D4	62	80	
260	48.363542	E3	52	44	260	22.500000	E3	52	80	
261	48.640625	C#4	61	55	261	22.625000	C#4	61	80	
262	48.896875	F#3	54	55	263	22.750000	F#3	54	80	
263	48.902083	A4	69	58	262	22.750000	A4	69	80	
264	49.203125	C4	60	48	264	22.875000	C4	60	80	
265	49.464583	G3	55	45	265	23.000000	G3	55	80	
266	49.729167	B3	59	48	266	23.125000	B3	59	80	
267	49.861458	A3	57	57	267	23.187500	A3	57	80	
268	49.986458	E3	52	42	269	23.250000	E3	52	80	
269	50.205208	E4	64	56	270	23.375000	E4	64	80	
270	50.477083	F#3	54	54	271	23.500000	F#3	54	80	
271	50.764583	Eb4	63	63	272	23.625000	Eb4	63	80	
272	51.012500	G#3	56	58	274	23.750000	G#3	56	80	
273	51.031250	B4	71	68	273	23.750000	B4	71	80	
274	51.322917	D4	62	53	275	23.875000	D4	62	80	
275	51.560417	A3	57	48	276	24.000000	A3	57	80	
276	51.727083	C4	60	56	277	24.062500	C4	60	80	
277	51.819792	A2	45	52	279	24.125000	A2	45	80	
278	51.841667	D4	62	63	278	24.125000	D4	62	80	
279	51.932292	E4	64	68	280	24.187500	E4	64	80	
280	52.093750	F4	65	58	281	24.250000	F4	65	80	
281	52.094792	A3	57	57	282	24.250000	A3	57	80	
282	52.403125	C4	60	59	283	24.375000	C4	60	80	
283	52.658333	B3	59	54	284	24.500000	B3	59	80	
284	52.661458	G#3	56	52	285	24.500000	G#3	56	80	
285	52.964583	Eb4	63	58	286	24.625000	Eb4	63	80	
286	53.214583	G3	55	52	288	24.750000	G3	55	80	
287	53.225000	E4	64	49	287	24.750000	E4	64	80	
288	53.500000	Bb3	58	55	289	24.875000	Bb3	58	80	
289	53.735417	F#3	54	44	291	25.000000	F#3	54	80	
290	53.760417	A3	57	46	290	25.000000	A3	57	80	
291	54.027083	C#4	61	54	292	25.125000	C#4	61	80	
292	54.275000	F3	53	46	294	25.250000	F3	53	80	
293	54.295833	D4	62	49	293	25.250000	D4	62	80	
294	54.597917	G#3	56	45	295	25.375000	G#3	56	80	
295	54.838542	E3	52	41	296	25.500000	E3	52	80	
296	55.119792	A3	57	43	297	25.625000	A3	57	80	
297	55.372917	D3	50	40	298	25.750000	D3	50	80	
298	55.644792	B3	59	50	299	25.875000	B3	59	80	
299	55.928125	E3	52	44	300	26.000000	E3	52	80	
300	56.201042	C3	48	48	301	26.125000	C3	48	80	
301	56.297917	B2	47	52	302	26.187500	B2	47	80	
302	56.431250	C3	48	43	304	26.250000	C3	48	80	
303	56.473958	E4	64	49	303	26.250000	E4	64	80	
304	56.711458	E3	52	42	305	26.375000	E3	52	80	
305	56.969792	F#4	66	56	306	26.500000	F#4	66	80	
306	57.239583	Eb3	51	49	307	26.625000	Eb3	51	80	
307	57.507292	B3	59	47	309	26.750000	B3	59	80	
308	57.507292	G#4	68	57	308	26.750000	G#4	68	80	
309	57.760417	D3	50	47	310	26.875000	D3	50	80	
310	58.044792	A4	69	60	311	27.000000	A4	69	80	
311	58.310417	C#3	49	53	313	27.125000	C#3	49	80	
312	58.333333	A3	57	59	312	27.125000	A3	57	80	
313	58.443750	B2	47	46	314	27.187500	B2	47	80	
314	58.569792	C#3	49	53	316	27.250000	C#3	49	80	
315	58.592708	A4	69	62	315	27.250000	A4	69	80	
316	58.848958	A2	45	53	317	27.375000	A2	45	80	
317	59.110417	B2	47	53	318	27.500000	B2	47	80	
318	59.368750	G#4	68	61	319	27.625000	G#4	68	80	
319	59.640625	C#3	49	46	321	27.750000	C#3	49	80	
320	59.656250	E5	76	62	320	27.750000	E5	76	80	
321	59.947917	G4	67	46	322	27.875000	G4	67	80	
322	60.179167	D3	50	49	323	28.000000	D3	50	80	
323	60.450000	D2	38	58	325	28.125000	D2	38	80	
324	60.467708	F#4	66	52	324	28.125000	F#4	66	80	
325	60.596875	E4	64	45	326	28.187500	E4	64	80	
326	60.694792	D3	50	43	328	28.250000	D3	50	80	
327	60.734375	F#4	66	53	327	28.250000	F#4	66	80	
328	60.997917	D4	62	58	329	28.375000	D4	62	80	
329	61.243750	E4	64	63	330	28.500000	E4	64	80	
330	61.513542	C#3	49	56	331	28.625000	C#3	49	80	
331	61.756250	F#4	66	54	332	28.750000	F#4	66	80	
332	61.769792	A3	57	48	333	28.750000	A3	57	80	
333	62.021875	C3	48	48	334	28.875000	C3	48	80	
334	62.263542	G4	67	52	335	29.000000	G4	67	80	
335	62.532292	G3	55	56	336	29.125000	G3	55	80	
336	62.533333	B2	47	56	337	29.125000	B2	47	80	
337	62.647917	A2	45	49	338	29.187500	A2	45	80	
338	62.773958	B2	47	53	340	29.250000	B2	47	80	
339	62.785417	G4	67	57	339	29.250000	G4	67	80	
340	63.025000	G2	43	55	341	29.375000	G2	43	80	
341	63.291667	A2	45	50	342	29.500000	A2	45	80	
342	63.540625	F#4	66	51	343	29.625000	F#4	66	80	
343	63.827083	D5	74	57	344	29.750000	D5	74	80	
344	63.830208	B2	47	45	345	29.750000	B2	47	80	
345	64.135417	F4	65	46	346	29.875000	F4	65	80	
346	64.340625	C3	48	55	347	30.000000	C3	48	80	
347	64.617708	E4	64	59	348	30.125000	E4	64	80	
348	64.739583	D4	62	64	349	30.187500	D4	62	80	
349	64.865625	E4	64	61	350	30.250000	E4	64	80	
350	65.119792	B2	47	50	352	30.375000	B2	47	80	
351	65.147917	E5	76	74	351	30.375000	E5	76	80	
352	65.271875	A2	45	55	353	30.437500	A2	45	80	
353	65.417708	E3	52	58	*	-1	*	-1	-1	
354	65.533333	F3	53	65	354	30.500000	F3	53	80	
355	65.644792	G3	55	61	355	30.562500	G3	55	80	
356	65.691667	F5	77	67	356	30.625000	F5	77	80	
357	65.766667	F3	53	53	357	30.625000	F3	53	80	
358	65.820833	E5	76	80	358	30.687500	E5	76	80	
359	65.847917	G3	55	61	359	30.687500	G3	55	80	
360	65.943750	F3	53	63	361	30.750000	F3	53	80	
361	65.943750	D5	74	77	360	30.750000	D5	74	80	
362	66.044792	G3	55	62	363	30.812500	G3	55	80	
363	66.054167	C5	72	78	362	30.812500	C5	72	80	
364	66.125000	F3	53	61	365	30.875000	F3	53	80	
365	66.165625	B4	71	74	364	30.875000	B4	71	80	
366	66.188542	G3	55	62	367	30.937500	G3	55	80	
367	66.287500	A4	69	57	366	30.937500	A4	69	80	
368	66.297917	F3	53	55	*	-1	*	-1	-1	
369	66.345833	A4	69	29	*	-1	*	-1	-1	
370	66.438542	G#4	68	73	368	31.000000	G#4	68	80	
371	66.455208	E3	52	40	369	31.000000	E3	52	80	
372	66.601042	E4	64	69	370	31.062500	E4	64	80	
373	66.732292	D4	62	56	371	31.125000	D4	62	80	
374	66.875000	C4	60	61	372	31.187500	C4	60	80	
375	66.991667	B3	59	52	373	31.250000	B3	59	80	
376	67.122917	A3	57	54	374	31.312500	A3	57	80	
377	67.237500	G#3	56	55	375	31.375000	G#3	56	80	
378	67.372917	F#3	54	49	376	31.437500	F#3	54	80	
379	67.592708	E3	52	40	377	31.500000	E3	52	80	
380	68.311458	E2	40	35	378	31.750000	E2	40	80	
381	69.357292	E5	76	44	379	32.000000	E5	76	80	
382	69.496875	C4	60	40	380	32.062500	C4	60	80	
383	69.623958	B3	59	46	381	32.125000	B3	59	80	
384	69.743750	A3	57	46	382	32.187500	A3	57	80	
385	69.895833	G#3	56	41	384	32.250000	G#3	56	80	
386	69.910417	E4	64	45	383	32.250000	E4	64	80	
387	70.221875	C#4	61	39	385	32.375000	C#4	61	80	
388	70.478125	D4	62	38	387	32.500000	D4	62	80	
389	70.478125	F4	65	40	386	32.500000	F4	65	80	
390	70.753125	Bb3	58	40	388	32.625000	Bb3	58	80	
391	70.998958	F#4	66	46	389	32.750000	F#4	66	80	
392	71.016667	A3	57	36	390	32.750000	A3	57	80	
393	71.300000	Eb4	63	45	391	32.875000	Eb4	63	80	
394	71.533333	E4	64	38	393	33.000000	E4	64	80	
395	71.547917	G4	67	49	392	33.000000	G4	67	80	
396	71.797917	C4	60	46	394	33.125000	C4	60	80	
397	72.038542	B3	59	37	396	33.250000	B3	59	80	
398	72.048958	G#4	68	56	395	33.250000	G#4	68	80	
399	72.313542	F4	65	43	397	33.375000	F4	65	80	
400	72.553125	A4	69	56	398	33.500000	A4	69	80	
401	72.804167	E4	64	50	399	33.625000	E4	64	80	
402	73.071875	B4	71	59	400	33.750000	B4	71	80	
403	73.334375	D4	62	47	401	33.875000	D4	62	80	
404	73.600000	C5	72	45	402	34.000000	C5	72	80	
405	73.606250	A4	69	45	403	34.000000	A4	69	80	
406	73.727083	F5	77	54	404	34.062500	F5	77	80	
407	73.830208	E5	76	55	405	34.125000	E5	76	80	
408	73.951042	D5	74	52	406	34.187500	D5	74	80	
409	74.100000	A3	57	35	408	34.250000	A3	57	80	
410	74.100000	C#5	73	44	407	34.250000	C#5	73	80	
411	74.407292	F#5	78	54	409	34.375000	F#5	78	80	
412	74.651042	G5	79	58	410	34.500000	G5	79	80	
413	74.663542	Bb3	58	37	411	34.500000	Bb3	58	80	
414	74.930208	Eb5	75	54	412	34.625000	Eb5	75	80	
415	75.173958	B3	59	52	414	34.750000	B3	59	80	
416	75.178125	D5	74	41	413	34.750000	D5	74	80	
417	75.443750	G#5	80	63	415	34.875000	G#5	80	80	
418	75.712500	A5	81	63	416	35.000000	A5	81	80	
419	75.720833	C4	60	47	417	35.000000	C4	60	80	
420	75.985417	F5	77	59	418	35.125000	F5	77	80	
421	76.234375	E5	76	57	419	35.250000	E5	76	80	
422	76.240625	C#4	61	51	420	35.250000	C#4	61	80	
423	76.516667	Bb5	82	75	421	35.375000	Bb5	82	80	
424	76.758333	D4	62	59	422	35.500000	D4	62	80	
425	77.025000	A5	81	75	423	35.625000	A5	81	80	
426	77.280208	E4	64	62	424	35.750000	E4	64	80	
427	77.564583	G#5	80	68	425	35.875000	G#5	80	80	
428	77.838542	F4	65	35	427	36.000000	F4	65	80	
429	77.861458	A5	81	58	426	36.000000	A5	81	80	
430	77.992708	G5	79	64	428	36.062500	G5	79	80	
431	78.087500	F5	77	70	429	36.125000	F5	77	80	
432	78.196875	E5	76	64	430	36.187500	E5	76	80	
433	78.342708	D4	62	38	432	36.250000	D4	62	80	
434	78.347917	F5	77	56	431	36.250000	F5	77	80	
435	78.627083	Bb4	70	54	433	36.375000	Bb4	70	80	
436	78.846875	C4	60	41	435	36.500000	C4	60	80	
437	78.855208	A4	69	52	434	36.500000	A4	69	80	
438	79.108333	E5	76	59	436	36.625000	E5	76	80	
439	79.353125	D5	74	51	437	36.750000	D5	74	80	
440	79.359375	B3	59	47	438	36.750000	B3	59	80	
441	79.680208	G#4	68	54	439	36.875000	G#4	68	80	
442	79.914583	A3	57	37	440	37.000000	A3	57	80	
443	80.079167	D5	74	53	441	37.062500	D5	74	80	
444	80.168750	C5	72	62	442	37.125000	C5	72	80	
445	80.278125	B4	71	67	443	37.187500	B4	71	80	
446	80.418750	C4	60	43	445	37.250000	C4	60	80	
447	80.418750	A4	69	49	444	37.250000	A4	69	80	
448	80.667708	E5	76	62	446	37.375000	E5	76	80	
449	80.907292	B3	59	36	448	37.500000	B3	59	80	
450	80.918750	D5	74	54	447	37.500000	D5	74	80	
451	81.189583	G4	67	42	449	37.625000	G4	67	80	
452	81.410417	A3	57	41	451	37.750000	A3	57	80	
453	81.458333	F#4	66	47	450	37.750000	F#4	66	80	
454	81.693750	C5	72	56	452	37.875000	C5	72	80	
455	81.923958	G3	55	46	454	38.000000	G3	55	80	
456	81.950000	B4	71	52	453	38.000000	B4	71	80	
457	82.087500	B3	59	54	455	38.062500	B3	59	80	
458	82.160417	C4	60	61	456	38.125000	C4	60	80	
459	82.286458	D4	62	67	457	38.187500	D4	62	80	
460	82.427083	E4	64	51	459	38.250000	E4	64	80	
461	82.456250	G5	79	67	458	38.250000	G5	79	80	
462	82.702083	Bb3	58	54	460	38.375000	Bb3	58	80	
463	82.942708	A3	57	35	462	38.500000	A3	57	80	
464	82.955208	F5	77	59	461	38.500000	F5	77	80	
465	83.209375	D4	62	41	463	38.625000	D4	62	80	
466	83.455208	C#4	61	40	465	38.750000	C#4	61	80	
467	83.456250	E5	76	61	464	38.750000	E5	76	80	
468	83.725000	G3	55	45	466	38.875000	G3	55	80	
469	83.981250	D5	74	56	467	39.000000	D5	74	80	
470	84.105208	G4	67	56	468	39.062500	G4	67	80	
471	84.223958	F4	65	61	469	39.125000	F4	65	80	
472	84.316667	E4	64	66	470	39.187500	E4	64	80	
473	84.460417	D4	62	52	472	39.250000	D4	62	80	
474	84.461458	F5	77	68	471	39.250000	F5	77	80	
475	84.716667	G#4	68	69	473	39.375000	G#4	68	80	
476	84.985417	A4	69	67	475	39.500000	A4	69	80	
477	84.998958	E5	76	56	474	39.500000	E5	76	80	
478	85.279167	C4	60	53	476	39.625000	C4	60	80	
479	85.526042	B3	59	47	478	39.750000	B3	59	80	
480	85.532292	D5	74	55	477	39.750000	D5	74	80	
481	85.804167	F4	65	41	479	39.875000	F4	65	80	
482	86.107292	E4	64	47	480	40.000000	E4	64	80	
483	86.241667	D4	62	44	481	40.062500	D4	62	80	
484	86.360417	C4	60	48	482	40.125000	C4	60	80	
485	86.475000	B3	59	56	483	40.187500	B3	59	80	
486	86.608333	C5	72	38	484	40.250000	C5	72	80	
487	86.652083	A3	57	44	485	40.250000	A3	57	80	
488	86.921875	B4	71	47	486	40.375000	B4	71	80	
489	86.926042	G#3	56	50	487	40.375000	G#3	56	80	
490	87.227083	C5	72	48	488	40.500000	C5	72	80	
491	87.229167	A3	57	44	489	40.500000	A3	57	80	
492	87.498958	F3	53	46	490	40.625000	F3	53	80	
493	87.744792	C#5	73	52	491	40.750000	C#5	73	80	
494	87.753125	E3	52	38	492	40.750000	E3	52	80	
495	88.026042	Bb3	58	48	493	40.875000	Bb3	58	80	
496	88.247917	D5	74	58	494	41.000000	D5	74	80	
497	88.264583	B3	59	57	495	41.000000	B3	59	80	
498	88.484375	G3	55	49	496	41.125000	G3	55	80	
499	88.736458	F#3	54	43	498	41.250000	F#3	54	80	
500	88.767708	Eb5	75	64	497	41.250000	Eb5	75	80	
501	89.022917	C4	60	57	499	41.375000	C4	60	80	
502	89.286458	E5	76	59	500	41.500000	E5	76	80	
503	89.545833	B3	59	56	501	41.625000	B3	59	80	
504	89.805208	F#5	78	63	502	41.750000	F#5	78	80	
505	90.047917	A3	57	47	503	41.875000	A3	57	80	
506	90.311458	G5	79	48	504	42.000000	G5	79	80	
507	90.318750	E4	64	40	505	42.000000	E4	64	80	
508	90.452083	F5	77	60	506	42.062500	F5	77	80	
509	90.557292	E5	76	66	507	42.125000	E5	76	80	
510	90.682292	D5	74	49	508	42.187500	D5	74	80	
511	90.826042	E3	52	37	510	42.250000	E3	52	80	
512	90.835417	C#5	73	53	509	42.250000	C#5	73	80	
513	91.094792	G#5	80	68	511	42.375000	G#5	80	80	
514	91.358333	A5	81	64	512	42.500000	A5	81	80	
515	91.367708	F3	53	47	513	42.500000	F3	53	80	
516	91.616667	Eb5	75	69	514	42.625000	Eb5	75	80	
517	91.872917	F#3	54	53	516	42.750000	F#3	54	80	
518	91.881250	D5	74	61	515	42.750000	D5	74	80	
519	92.141667	Bb5	82	76	517	42.875000	Bb5	82	80	
520	92.446875	G3	55	44	519	43.000000	G3	55	80	
521	92.455208	B5	83	63	518	43.000000	B5	83	80	
522	92.747917	F5	77	70	520	43.125000	F5	77	80	
523	92.993750	E5	76	65	521	43.250000	E5	76	80	
524	93.005208	G#3	56	58	522	43.250000	G#3	56	80	
525	93.276042	D5	74	58	523	43.375000	D5	74	80	
526	93.517708	A3	57	58	524	43.500000	A3	57	80	
527	93.801042	C5	72	68	525	43.625000	C5	72	80	
528	94.044792	B3	59	66	526	43.750000	B3	59	80	
529	94.339583	B4	71	70	527	43.875000	B4	71	80	
530	94.605208	C4	60	54	528	44.000000	C4	60	80	
531	94.871875	A4	69	66	529	44.125000	A4	69	80	
532	95.019792	B4	71	66	530	44.187500	B4	71	80	
533	95.126042	A3	57	42	532	44.250000	A3	57	80	
534	95.156250	C5	72	53	531	44.250000	C5	72	80	
535	95.420833	Eb4	63	50	533	44.375000	Eb4	63	80	
536	95.650000	G3	55	36	535	44.500000	G3	55	80	
537	95.672917	E4	64	54	534	44.500000	E4	64	80	
538	95.946875	C#5	73	60	536	44.625000	C#5	73	80	
539	96.192708	F3	53	41	538	44.750000	F3	53	80	
540	96.206250	D5	74	55	537	44.750000	D5	74	80	
541	96.473958	F4	65	52	539	44.875000	F4	65	80	
542	96.714583	E3	52	37	541	45.000000	E3	52	80	
543	96.745833	G4	67	48	540	45.000000	G4	67	80	
544	96.841667	F3	53	54	542	45.062500	F3	53	80	
545	96.950000	G3	55	61	543	45.125000	G3	55	80	
546	97.064583	A3	57	67	544	45.187500	A3	57	80	
547	97.212500	D5	74	68	545	45.250000	D5	74	80	
548	97.234375	Bb3	58	52	546	45.250000	Bb3	58	80	
549	97.479167	F3	53	64	547	45.375000	F3	53	80	
550	97.717708	E3	52	50	549	45.500000	E3	52	80	
551	97.736458	C#5	73	70	548	45.500000	C#5	73	80	
552	97.986458	A3	57	58	550	45.625000	A3	57	80	
553	98.251042	G3	55	55	552	45.750000	G3	55	80	
554	98.267708	Bb4	70	61	551	45.750000	Bb4	70	80	
555	98.521875	D3	50	64	553	45.875000	D3	50	80	
556	98.798958	C#3	49	57	554	46.000000	C#3	49	80	
557	98.945833	A4	69	63	555	46.062500	A4	69	80	
558	99.064583	G4	67	59	556	46.125000	G4	67	80	
559	99.170833	A4	69	62	557	46.187500	A4	69	80	
560	99.302083	G3	55	54	559	46.250000	G3	55	80	
561	99.313542	Bb4	70	56	558	46.250000	Bb4	70	80	
562	99.615625	C#4	61	49	560	46.375000	C#4	61	80	
563	99.864583	D4	62	50	561	46.500000	D4	62	80	
564	99.867708	F3	53	44	562	46.500000	F3	53	80	
565	100.123958	B4	71	57	563	46.625000	B4	71	80	
566	100.364583	E3	52	44	565	46.750000	E3	52	80	
567	100.386458	C5	72	51	564	46.750000	C5	72	80	
568	100.650000	E4	64	53	566	46.875000	E4	64	80	
569	100.896875	D3	50	40	568	47.000000	D3	50	80	
570	100.917708	F#4	66	48	567	47.000000	F#4	66	80	
571	101.058333	E3	52	49	569	47.062500	E3	52	80	
572	101.158333	F#3	54	58	570	47.125000	F#3	54	80	
573	101.273958	G3	55	59	571	47.187500	G3	55	80	
574	101.425000	A3	57	43	573	47.250000	A3	57	80	
575	101.440625	C5	72	63	572	47.250000	C5	72	80	
576	101.693750	Eb3	51	46	574	47.375000	Eb3	51	80	
577	101.936458	D3	50	38	576	47.500000	D3	50	80	
578	101.978125	B4	71	58	575	47.500000	B4	71	80	
579	102.240625	G3	55	43	577	47.625000	G3	55	80	
580	102.527083	F#3	54	41	579	47.750000	F3	53	80	
581	102.541667	G#4	68	60	578	47.750000	G#4	68	80	
582	102.871875	C3	48	47	580	47.875000	C3	48	80	
583	103.236458	B2	47	44	581	48.000000	B2	47	80	
584	103.427083	G4	67	52	582	48.062500	G4	67	80	
585	103.560417	A4	69	66	583	48.125000	A4	69	80	
586	103.659375	B4	71	63	584	48.187500	B4	71	80	
587	103.809375	E3	52	54	586	48.250000	E3	52	80	
588	103.818750	C5	72	56	585	48.250000	C5	72	80	
589	104.121875	G4	67	58	587	48.375000	G4	67	80	
590	104.367708	Eb3	51	50	589	48.500000	Eb3	51	80	
591	104.386458	F#4	66	59	588	48.500000	F#4	66	80	
592	104.643750	Bb4	70	68	590	48.625000	Bb4	70	80	
593	104.900000	D3	50	57	592	48.750000	D3	50	80	
594	104.912500	B4	71	62	591	48.750000	B4	71	80	
595	105.192708	F4	65	54	593	48.875000	F4	65	80	
596	105.447917	C#3	49	50	595	49.000000	C#3	49	80	
597	105.452083	E4	64	48	594	49.000000	E4	64	80	
598	105.707292	G#4	68	53	596	49.125000	G#4	68	80	
599	105.985417	A4	69	51	597	49.250000	A4	69	80	
600	105.988542	C3	48	39	598	49.250000	C3	48	80	
601	106.281250	Eb4	63	47	599	49.375000	Eb4	63	80	
602	106.537500	B2	47	32	600	49.500000	B2	47	80	
603	106.801042	E4	64	49	601	49.625000	E4	64	80	
604	107.062500	A2	45	41	602	49.750000	A2	45	80	
605	107.355208	F4	65	47	603	49.875000	F4	65	80	
606	107.641667	B3	59	46	604	50.000000	B3	59	80	
607	107.762500	C3	48	52	605	50.062500	C3	48	80	
608	107.907292	B2	47	54	606	50.125000	B2	47	80	
609	108.009375	A2	45	54	607	50.187500	A2	45	80	
610	108.134375	G#2	44	42	609	50.250000	G#2	44	80	
611	108.171875	E5	76	60	608	50.250000	E5	76	80	
612	108.418750	C#3	49	55	610	50.375000	C#3	49	80	
613	108.684375	D3	50	48	612	50.500000	D3	50	80	
614	108.689583	F5	77	60	611	50.500000	F5	77	80	
615	108.947917	Bb2	46	54	613	50.625000	Bb2	46	80	
616	109.208333	A2	45	40	615	50.750000	A2	45	80	
617	109.214583	F#5	78	68	614	50.750000	F#5	78	80	
618	109.481250	Eb3	51	52	616	50.875000	Eb3	51	80	
619	109.703125	E3	52	55	618	51.000000	E3	52	80	
620	109.721875	G5	79	74	617	51.000000	G5	79	80	
621	109.982292	C3	48	61	619	51.125000	C3	48	80	
622	110.230208	B2	47	58	621	51.250000	B2	47	80	
623	110.237500	G#5	80	77	620	51.250000	G#5	80	80	
624	110.504167	F3	53	74	622	51.375000	F3	53	80	
625	110.772917	A5	81	81	623	51.500000	A5	81	80	
626	111.034375	E3	52	66	624	51.625000	E3	52	80	
627	111.302083	B5	83	79	625	51.750000	B5	83	80	
628	111.571875	D3	50	67	626	51.875000	D3	50	80	
629	111.843750	C3	48	67	627	52.000000	C3	48	80	
630	112.137500	A5	81	75	628	52.125000	A5	81	80	
631	112.246875	B5	83	78	629	52.187500	B5	83	80	
632	112.390625	C6	84	70	630	52.250000	C6	84	80	
633	112.392708	E3	52	55	631	52.250000	E3	52	80	
634	112.691667	E5	76	71	632	52.375000	E5	76	80	
635	112.951042	F#3	54	71	633	52.500000	F#3	54	80	
636	113.210417	Eb5	75	78	634	52.625000	Eb5	75	80	
637	113.465625	G#3	56	69	636	52.750000	G#3	56	80	
638	113.469792	B5	83	76	635	52.750000	B5	83	80	
639	113.766667	D5	74	61	637	52.875000	D5	74	80	
640	114.004167	A3	57	58	638	53.000000	A3	57	80	
641	114.141667	C5	72	74	639	53.062500	C5	72	80	
642	114.237500	D5	74	74	640	53.125000	D5	74	80	
643	114.330208	E5	76	77	641	53.187500	E5	76	80	
644	114.451042	A2	45	50	643	53.250000	A2	45	80	
645	114.470833	F5	77	65	642	53.250000	F5	77	80	
646	114.750000	A4	69	57	644	53.375000	A4	69	80	
647	114.982292	B2	47	53	645	53.500000	B2	47	80	
648	115.252083	G#4	68	63	646	53.625000	G#4	68	80	
649	115.503125	C#3	49	52	648	53.750000	C#3	49	80	
650	115.518750	E5	76	57	647	53.750000	E5	76	80	
651	115.826042	G4	67	43	649	53.875000	G4	67	80	
652	116.070833	D3	50	41	650	54.000000	D3	50	80	
653	116.230208	F4	65	51	651	54.062500	F4	65	80	
654	116.343750	G4	67	57	652	54.125000	G4	67	80	
655	116.434375	A4	69	54	653	54.187500	A4	69	80	
656	116.573958	Bb4	70	50	654	54.250000	Bb4	70	80	
657	116.588542	D2	38	60	655	54.250000	D2	38	80	
658	116.916667	D4	62	43	656	54.375000	D4	62	80	
659	117.167708	E2	40	51	657	54.500000	E2	40	80	
660	117.434375	C#4	61	49	658	54.625000	C#4	61	80	
661	117.681250	E3	52	55	660	54.750000	E3	52	80	
662	117.683333	A4	69	55	659	54.750000	A4	69	80	
663	118.006250	C4	60	44	661	54.875000	C4	60	80	
664	118.221875	Eb3	51	51	662	55.000000	Eb3	51	80	
665	118.501042	B3	59	47	663	55.125000	B3	59	80	
666	118.733333	D3	50	45	665	55.250000	D3	50	80	
667	118.745833	G#4	68	51	664	55.250000	G#4	68	80	
668	119.064583	B3	59	42	666	55.375000	B3	59	80	
669	119.287500	C#3	49	43	667	55.500000	C#3	49	80	
670	119.550000	A3	57	37	668	55.625000	A3	57	80	
671	119.808333	C3	48	39	670	55.750000	C3	48	80	
672	119.808333	F4	65	43	669	55.750000	F4	65	80	
673	120.122917	A3	57	42	671	55.875000	A3	57	80	
674	120.364583	B2	47	42	672	56.000000	B2	47	80	
675	120.647917	G#3	56	50	673	56.125000	G#3	56	80	
676	120.762500	F#3	54	47	674	56.187500	F#3	54	80	
677	120.872917	B2	47	44	676	56.250000	B2	47	80	
678	120.873958	G#3	56	47	675	56.250000	G#3	56	80	
679	121.184375	D4	62	39	677	56.375000	D4	62	80	
680	121.417708	A2	45	43	678	56.500000	A2	45	80	
681	121.555208	C4	60	54	679	56.562500	C4	60	80	
682	121.654167	B3	59	63	680	56.625000	B3	59	80	
683	121.767708	A3	57	44	681	56.687500	A3	57	80	
684	121.877083	A2	45	44	683	56.750000	A2	45	80	
685	121.895833	B3	59	54	682	56.750000	B3	59	80	
686	122.163542	F4	65	58	684	56.875000	F4	65	80	
687	122.430208	G#2	44	50	685	57.000000	G#2	44	80	
688	122.550000	E4	64	58	686	57.062500	E4	64	80	
689	122.671875	D4	62	63	687	57.125000	D4	62	80	
690	122.770833	C#4	61	66	688	57.187500	C#4	61	80	
691	122.902083	D4	62	62	689	57.250000	D4	62	80	
692	122.905208	G#2	44	60	690	57.250000	G#2	44	80	
693	123.184375	B4	71	77	691	57.375000	B4	71	80	
694	123.447917	E2	40	65	692	57.500000	E2	40	80	
695	123.581250	A4	69	68	693	57.562500	A4	69	80	
696	123.695833	G#4	68	78	694	57.625000	G#4	68	80	
697	123.813542	F#4	66	70	695	57.687500	F#4	66	80	
698	123.940625	G#4	68	73	696	57.750000	G#4	68	80	
699	123.943750	E2	40	71	697	57.750000	E2	40	80	
700	124.288542	D5	74	71	698	57.875000	D5	74	80	
701	124.543750	A2	45	53	699	58.000000	A2	45	80	
702	124.811458	C5	72	64	700	58.125000	C5	72	80	
703	124.935417	B4	71	62	701	58.187500	B4	71	80	
704	125.055208	C5	72	66	702	58.250000	C5	72	80	
705	125.185417	D3	50	54	703	58.312500	D3	50	80	
706	125.293750	E3	52	60	705	58.375000	E3	52	80	
707	125.326042	A4	69	41	704	58.375000	A4	69	80	
708	125.423958	F#3	54	58	706	58.437500	F#3	54	80	
709	125.585417	G3	55	40	708	58.500000	G3	55	80	
710	125.616667	Bb4	70	59	707	58.500000	Bb4	70	80	
711	125.881250	Eb3	51	44	709	58.625000	E3	52	80	
712	126.123958	D3	50	39	711	58.750000	Eb3	51	80	
713	126.135417	B4	71	62	710	58.750000	B4	71	80	
714	126.395833	G#3	56	53	712	58.875000	G#3	56	80	
715	126.637500	A3	57	44	714	59.000000	A3	57	80	
716	126.641667	C5	72	62	713	59.000000	C5	72	80	
717	126.917708	F3	53	55	715	59.125000	F3	53	80	
718	127.157292	E3	52	45	717	59.250000	E3	52	80	
719	127.167708	C#5	73	68	716	59.250000	C#5	73	80	
720	127.442708	Bb3	58	60	718	59.375000	Bb3	58	80	
721	127.685417	D5	74	71	719	59.500000	D5	74	80	
722	127.958333	A3	57	61	720	59.625000	A3	57	80	
723	128.221875	E5	76	74	721	59.750000	E5	76	80	
724	128.495833	G3	55	63	722	59.875000	G3	55	80	
725	128.738542	F3	53	61	723	60.000000	F3	53	80	
726	128.866667	E3	52	56	725	60.062500	E3	52	80	
727	128.878125	C#5	73	67	724	60.062500	C#5	73	80	
728	128.977083	F3	53	67	727	60.125000	F3	53	80	
729	128.983333	D5	74	73	726	60.125000	D5	74	80	
730	129.081250	G3	55	71	729	60.187500	G3	55	80	
731	129.090625	E5	76	78	728	60.187500	E5	76	80	
732	129.242708	A3	57	56	731	60.250000	A3	57	80	
733	129.252083	F5	77	71	730	60.250000	F5	77	80	
734	129.554167	C5	72	65	732	60.375000	C5	72	80	
735	129.814583	G#3	56	56	734	60.500000	G#3	56	80	
736	129.814583	B4	71	59	733	60.500000	B4	71	80	
737	130.090625	Eb5	75	76	735	60.625000	Eb5	75	80	
738	130.339583	G3	55	58	737	60.750000	G3	55	80	
739	130.343750	E5	76	63	736	60.750000	E5	76	80	
740	130.635417	Bb4	70	61	738	60.875000	Bb4	70	80	
741	130.885417	F#3	54	50	740	61.000000	F#3	54	80	
742	130.901042	A4	69	51	739	61.000000	A4	69	80	
743	131.158333	C#5	73	62	741	61.125000	C#5	73	80	
744	131.423958	F3	53	50	743	61.250000	F3	53	80	
745	131.433333	D5	74	55	742	61.250000	D5	74	80	
746	131.748958	G#4	68	50	744	61.375000	G#4	68	80	
747	131.986458	E3	52	42	745	61.500000	E3	52	80	
748	132.266667	A4	69	53	746	61.625000	A4	69	80	
749	132.508333	D3	50	45	747	61.750000	D3	50	80	
750	132.796875	B4	71	50	748	61.875000	B4	71	80	
751	133.104167	E4	64	47	749	62.000000	E4	64	80	
752	133.393750	C3	48	44	751	62.125000	C3	48	80	
753	133.415625	E5	76	53	750	62.125000	E5	76	80	
754	133.510417	B2	47	45	752	62.187500	B2	47	80	
755	133.620833	C3	48	55	753	62.250000	C3	48	80	
756	133.778125	D5	74	59	754	62.312500	D5	74	80	
757	133.889583	A2	45	62	756	62.375000	A2	45	80	
758	133.894792	C5	72	70	755	62.375000	C5	72	80	
759	134.034375	B4	71	64	757	62.437500	B4	71	80	
760	134.146875	E3	52	52	759	62.500000	E3	52	80	
761	134.183333	D5	74	54	758	62.500000	D5	74	80	
762	134.318750	C5	72	59	760	62.562500	C5	72	80	
763	134.441667	B4	71	63	762	62.625000	B4	71	80	
764	134.585417	A4	69	55	764	62.687500	A4	69	80	
765	134.706250	E2	40	43	766	62.750000	E2	40	80	
766	134.721875	C5	72	52	765	62.750000	C5	72	80	
767	134.861458	B4	71	52	767	62.812500	B4	71	80	
768	135.014583	A4	69	54	768	62.875000	A4	69	80	
769	135.183333	G#4	68	48	769	62.937500	G#4	68	80	
770	135.378125	A2	45	31	771	63.000000	A2	45	80	
771	135.450000	A4	69	55	770	63.000000	A4	69	80	
772	135.570833	G#4	68	63	*	-1	*	-1	-1	
773	135.679167	A4	69	48	*	-1	*	-1	-1	
774	135.817708	B2	47	49	772	63.125000	B2	47	80	
775	135.959375	C3	48	55	773	63.187500	C3	48	80	
776	136.075000	D3	50	65	774	63.250000	D3	50	80	
777	136.204167	E3	52	59	775	63.312500	E3	52	80	
778	136.322917	F#3	54	58	776	63.375000	F#3	54	80	
779	136.448958	G#3	56	49	777	63.437500	G#3	56	80	
780	136.666667	A3	57	38	778	63.500000	A3	57	80	
781	137.488542	A2	45	36	779	63.750000	A2	45	80	
*	-1	*	-1	-1	268	23.250000	G#3	56	80	
*	-1	*	-1	-1	761	62.562500	D3	50	80	
*	-1	*	-1	-1	763	62.625000	E3	52	80	
