// alignID alignOntime alignSitch alignPitch alignOnvel refID refOntime refSitch refPitch refOnvel
0	0.557292	A2	45	32	0	0.000000	A2	45	80	
1	0.696615	C5	72	58	1	0.062500	C5	72	80	
2	0.864583	D5	74	69	2	0.125000	D5	74	80	
3	0.990885	E5	76	71	3	0.187500	E5	76	80	
4	1.143229	F5	77	75	4	0.250000	F5	77	80	
5	1.161458	A3	57	51	5	0.250000	A3	57	80	
6	1.447917	C5	72	76	6	0.375000	C5	72	80	
7	1.747396	G#3	56	50	8	0.500000	G#3	56	80	
8	1.750000	B4	71	70	7	0.500000	B4	71	80	
9	2.014323	Eb5	75	74	9	0.625000	Eb5	75	80	
10	2.281250	E5	76	67	10	0.750000	E5	76	80	
11	2.300781	G3	55	34	11	0.750000	G3	55	80	
12	2.571615	Bb4	70	72	12	0.875000	Bb4	70	80	
13	2.845052	A4	69	70	13	1.000000	A4	69	80	
14	2.856771	F#3	54	48	14	1.000000	F#3	54	80	
15	3.113281	C#5	73	75	15	1.125000	C#5	73	80	
16	3.395833	F3	53	43	17	1.250000	F3	53	80	
17	3.397135	D5	74	66	16	1.250000	D5	74	80	
18	3.690104	G#4	68	71	18	1.375000	G#4	68	80	
19	3.947917	E3	52	52	19	1.500000	E3	52	80	
20	4.225260	A4	69	69	20	1.625000	A4	69	80	
21	4.503906	D3	50	52	21	1.750000	D3	50	80	
22	4.774740	B4	71	62	22	1.875000	B4	71	80	
23	5.037760	E4	64	59	23	2.000000	E4	64	80	
24	5.179688	C3	48	63	24	2.062500	C3	48	80	
25	5.316406	D3	50	74	25	2.125000	D3	50	80	
26	5.450521	E3	52	72	26	2.187500	E3	52	80	
27	5.583333	A4	69	69	27	2.250000	A4	69	80	
28	5.609375	F3	53	73	28	2.250000	F3	53	80	
29	5.891927	C3	48	70	29	2.375000	C3	48	80	
30	6.147135	B2	47	66	31	2.500000	B2	47	80	
31	6.167969	G#4	68	64	30	2.500000	G#4	68	80	
32	6.441406	Eb3	51	80	32	2.625000	Eb3	51	80	
33	6.709635	E3	52	70	34	2.750000	E3	52	80	
34	6.723958	G4	67	66	33	2.750000	G4	67	80	
35	6.967448	Bb2	46	69	35	2.875000	Bb2	46	80	
36	7.243490	A2	45	61	37	3.000000	A2	45	80	
37	7.256510	F#4	66	59	36	3.000000	F#4	66	80	
38	7.544271	C#3	49	67	38	3.125000	C#3	49	80	
39	7.809896	D3	50	65	40	3.250000	D3	50	80	
40	7.816406	F4	65	58	39	3.250000	F4	65	80	
41	8.079427	G#2	44	67	41	3.375000	G#2	44	80	
42	8.360677	E4	64	62	42	3.500000	E4	64	80	
43	8.652344	A2	45	59	43	3.625000	A2	45	80	
44	8.929688	D4	62	60	44	3.750000	D4	62	80	
45	9.178385	B2	47	66	45	3.875000	B2	47	80	
46	9.485677	E2	40	55	46	4.000000	E2	40	80	
47	9.791667	C4	60	62	47	4.125000	C4	60	80	
48	9.908854	B3	59	66	48	4.187500	B3	59	80	
49	10.046875	A2	45	56	50	4.250000	A2	45	80	
50	10.049479	C4	60	68	49	4.250000	C4	60	80	
51	10.332031	A4	69	74	51	4.375000	A4	69	80	
52	10.605469	B2	47	59	52	4.500000	B2	47	80	
53	10.876302	G#4	68	72	53	4.625000	G#4	68	80	
54	11.147135	E5	76	71	54	4.750000	E5	76	80	
55	11.167969	C#3	49	49	55	4.750000	C#3	49	80	
56	11.444010	G4	67	67	56	4.875000	G4	67	80	
57	11.707031	D3	50	57	57	5.000000	D3	50	80	
58	11.977865	F4	65	72	58	5.125000	F4	65	80	
59	12.097656	E4	64	72	59	5.187500	E4	64	80	
60	12.227865	Eb4	63	71	60	5.250000	Eb4	63	80	
61	12.251302	B2	47	59	61	5.250000	B2	47	80	
62	12.526042	B4	71	82	62	5.375000	B4	71	80	
63	12.803385	C#3	49	60	63	5.500000	C#3	49	80	
64	13.083333	Bb4	70	75	64	5.625000	Bb4	70	80	
65	13.355469	F#5	78	79	65	5.750000	F#5	78	80	
66	13.380208	Eb3	51	59	66	5.750000	Eb3	51	80	
67	13.653646	A4	69	75	67	5.875000	A4	69	80	
68	13.917969	E3	52	60	68	6.000000	E3	52	80	
69	14.069010	G4	67	75	69	6.062500	G4	67	80	
70	14.208333	A4	69	83	70	6.125000	A4	69	80	
71	14.320312	B4	71	80	71	6.187500	B4	71	80	
72	14.501302	C5	72	74	72	6.250000	C5	72	80	
73	14.513021	E4	64	49	73	6.250000	E4	64	80	
74	14.832031	G4	67	75	74	6.375000	G4	67	80	
75	15.100260	Eb4	63	51	76	6.500000	Eb4	63	80	
76	15.106771	F#4	66	76	75	6.500000	F#4	66	80	
77	15.371094	Bb4	70	77	77	6.625000	Bb4	70	80	
78	15.649740	D4	62	49	79	6.750000	D4	62	80	
79	15.661458	B4	71	74	78	6.750000	B4	71	80	
80	15.924479	F4	65	70	80	6.875000	F4	65	80	
81	16.212240	C#4	61	47	82	7.000000	C#4	61	80	
82	16.216146	E4	64	69	81	7.000000	E4	64	80	
83	16.470052	G#4	68	74	83	7.125000	G#4	68	80	
84	16.740885	C4	60	52	85	7.250000	C4	60	80	
85	16.743490	A4	69	68	84	7.250000	A4	69	80	
86	17.022135	Eb4	63	64	86	7.375000	Eb4	63	80	
87	17.295573	B3	59	55	87	7.500000	B3	59	80	
88	17.576823	E4	64	67	88	7.625000	E4	64	80	
89	17.832031	A3	57	58	89	7.750000	A3	57	80	
90	18.100260	F#4	66	61	90	7.875000	F#4	66	80	
91	18.352865	B3	59	62	91	8.000000	B3	59	80	
92	18.502604	G3	55	71	92	8.062500	G3	55	80	
93	18.630208	A3	57	78	93	8.125000	A3	57	80	
94	18.755208	B3	59	79	94	8.187500	B3	59	80	
95	18.889323	E5	76	72	95	8.250000	E5	76	80	
96	18.912760	C4	60	72	96	8.250000	C4	60	80	
97	19.184896	G3	55	73	97	8.375000	G3	55	80	
98	19.466146	Eb5	75	69	98	8.500000	Eb5	75	80	
99	19.467448	F#3	54	69	99	8.500000	F#3	54	80	
100	19.748698	Bb3	58	78	100	8.625000	Bb3	58	80	
101	20.020833	B3	59	70	102	8.750000	B3	59	80	
102	20.028646	D5	74	67	101	8.750000	D5	74	80	
103	20.292969	F3	53	73	103	8.875000	F3	53	80	
104	20.583333	E3	52	64	105	9.000000	E3	52	80	
105	20.602865	C#5	73	66	104	9.000000	C#5	73	80	
106	20.872396	G#3	56	73	106	9.125000	G#3	56	80	
107	21.126302	C5	72	61	107	9.250000	C5	72	80	
108	21.139323	A3	57	67	108	9.250000	A3	57	80	
109	21.410156	Eb3	51	71	109	9.375000	Eb3	51	80	
110	21.701823	B4	71	70	110	9.500000	B4	71	80	
111	21.971354	E3	52	67	111	9.625000	E3	52	80	
112	22.235677	A4	69	71	112	9.750000	A4	69	80	
113	22.540365	F#3	54	67	113	9.875000	F#3	54	80	
114	22.834635	B2	47	57	114	10.000000	B2	47	80	
115	23.113281	G4	67	64	115	10.125000	G4	67	80	
116	23.230469	F#4	66	68	116	10.187500	F#4	66	80	
117	23.364583	G4	67	74	117	10.250000	G4	67	80	
118	23.367188	E3	52	62	118	10.250000	E3	52	80	
119	23.640625	E5	76	83	119	10.375000	E5	76	80	
120	23.949219	F#3	54	64	120	10.500000	F#3	54	80	
121	24.192708	Eb5	75	72	121	10.625000	Eb5	75	80	
122	24.475260	G#3	56	46	123	10.750000	G#3	56	80	
123	24.475260	B5	83	73	122	10.750000	B5	83	80	
124	24.755208	D5	74	66	124	10.875000	D5	74	80	
125	25.013021	A3	57	73	125	11.000000	A3	57	80	
126	25.279948	C5	72	69	126	11.125000	C5	72	80	
127	25.283854	A2	45	66	127	11.125000	A2	45	80	
128	25.412760	B4	71	74	128	11.187500	B4	71	80	
129	25.563802	C5	72	78	129	11.250000	C5	72	80	
130	25.570312	A3	57	67	130	11.250000	A3	57	80	
131	25.834635	A4	69	73	131	11.375000	A4	69	80	
132	26.105469	B4	71	74	132	11.500000	B4	71	80	
133	26.363281	G#3	56	62	133	11.625000	G#3	56	80	
134	26.660156	C#5	73	66	134	11.750000	C#5	73	80	
135	26.673177	E4	64	54	135	11.750000	E4	64	80	
136	26.936198	G3	55	62	136	11.875000	G3	55	80	
137	27.191406	D5	74	79	137	12.000000	D5	74	80	
138	27.486979	F#3	54	55	139	12.125000	F#3	54	80	
139	27.489583	D4	62	79	138	12.125000	D4	62	80	
140	27.606771	E3	52	58	140	12.187500	E3	52	80	
141	27.747396	D5	74	83	141	12.250000	D5	74	80	
142	27.764323	F#3	54	53	142	12.250000	F#3	54	80	
143	28.031250	D3	50	59	143	12.375000	D3	50	80	
144	28.302083	E3	52	65	144	12.500000	E3	52	80	
145	28.583333	C#5	73	74	145	12.625000	C#5	73	80	
146	28.842448	F#3	54	56	147	12.750000	F#3	54	80	
147	28.865885	A5	81	68	146	12.750000	A5	81	80	
148	29.135417	C5	72	67	148	12.875000	C5	72	80	
149	29.411458	G3	55	71	149	13.000000	G3	55	80	
150	29.680990	G2	43	67	151	13.125000	G2	43	80	
151	29.682292	B4	71	70	150	13.125000	B4	71	80	
152	29.813802	A4	69	77	152	13.187500	A4	69	80	
153	29.960938	G3	55	66	154	13.250000	G3	55	80	
154	29.962240	B4	71	73	153	13.250000	B4	71	80	
155	30.239583	G4	67	71	155	13.375000	G4	67	80	
156	30.529948	A4	69	69	156	13.500000	A4	69	80	
157	30.802083	F#3	54	65	157	13.625000	F#3	54	80	
158	31.091146	B4	71	68	158	13.750000	B4	71	80	
159	31.108073	D4	62	60	159	13.750000	D4	62	80	
160	31.363281	F3	53	59	160	13.875000	F3	53	80	
161	31.683594	C5	72	61	161	14.000000	C5	72	80	
162	31.829427	E3	52	71	162	14.062500	E3	52	80	
163	31.971354	F3	53	78	163	14.125000	F3	53	80	
164	32.093750	G3	55	79	164	14.187500	G3	55	80	
165	32.247396	C6	84	72	165	14.250000	C6	84	80	
166	32.257812	A3	57	74	166	14.250000	A3	57	80	
167	32.536458	E3	52	73	167	14.375000	E3	52	80	
168	32.813802	B5	83	68	168	14.500000	B5	83	80	
169	32.815104	Eb3	51	73	169	14.500000	Eb3	51	80	
170	33.104167	F#3	54	82	170	14.625000	F#3	54	80	
171	33.372396	G3	55	73	172	14.750000	G3	55	80	
172	33.381510	Bb5	82	67	171	14.750000	Bb5	82	80	
173	33.652344	D3	50	71	173	14.875000	D3	50	80	
174	33.941406	C#3	49	66	175	15.000000	C#3	49	80	
175	33.946615	A5	81	60	174	15.000000	A5	81	80	
176	34.236979	E3	52	73	176	15.125000	E3	52	80	
177	34.511719	G#5	80	68	177	15.250000	G#5	80	80	
178	34.519531	F3	53	65	178	15.250000	F3	53	80	
179	34.781250	C3	48	67	179	15.375000	C3	48	80	
180	35.061198	G5	79	67	180	15.500000	G5	79	80	
181	35.316406	B2	47	65	181	15.625000	B2	47	80	
182	35.638021	F5	77	69	182	15.750000	F5	77	80	
183	35.872396	C3	48	57	183	15.875000	C3	48	80	
184	36.005208	D3	50	63	184	15.937500	D3	50	80	
185	36.167969	G2	43	61	185	16.000000	G2	43	80	
186	36.322917	B4	71	71	186	16.062500	B4	71	80	
187	36.473958	C5	72	79	187	16.125000	C5	72	80	
188	36.601562	D5	74	79	188	16.187500	D5	74	80	
189	36.747396	E5	76	77	189	16.250000	E5	76	80	
190	36.753906	G3	55	59	190	16.250000	G3	55	80	
191	37.042969	B4	71	78	191	16.375000	B4	71	80	
192	37.334635	F#3	54	53	193	16.500000	F#3	54	80	
193	37.337240	Bb4	70	75	192	16.500000	Bb4	70	80	
194	37.626302	C#5	73	75	194	16.625000	C#5	73	80	
195	37.899740	F3	53	46	196	16.750000	F3	53	80	
196	37.907552	D5	74	69	195	16.750000	D5	74	80	
197	38.186198	A4	69	72	197	16.875000	A4	69	80	
198	38.476562	E3	52	45	199	17.000000	E3	52	80	
199	38.501302	G#4	68	69	198	17.000000	G#4	68	80	
200	38.763021	B4	71	73	200	17.125000	B4	71	80	
201	39.039062	C5	72	72	201	17.250000	C5	72	80	
202	39.057292	Eb3	51	53	202	17.250000	Eb3	51	80	
203	39.320312	G4	67	58	203	17.375000	G4	67	80	
204	39.368490	F4	65	28	*	-1	*	-1	-1	
205	39.605469	D3	50	53	204	17.500000	D3	50	80	
206	39.872396	F#4	66	65	205	17.625000	F#4	66	80	
207	40.158854	C3	48	55	206	17.750000	C3	48	80	
208	40.427083	G4	67	61	207	17.875000	G4	67	80	
209	40.569010	A4	69	67	208	17.937500	A4	69	80	
210	40.716146	D4	62	66	209	18.000000	D4	62	80	
211	41.003906	B2	47	58	210	18.125000	B2	47	80	
212	41.128906	A2	45	59	211	18.187500	A2	45	80	
213	41.265625	B2	47	59	213	18.250000	B2	47	80	
214	41.278646	G4	67	69	212	18.250000	G4	67	80	
215	41.565104	G3	55	68	214	18.375000	G3	55	80	
216	41.819010	A4	69	78	215	18.500000	A4	69	80	
217	42.080729	F#3	54	69	216	18.625000	F#3	54	80	
218	42.363281	B4	71	73	217	18.750000	B4	71	80	
219	42.377604	D4	62	56	218	18.750000	D4	62	80	
220	42.669271	F3	53	58	219	18.875000	F3	53	80	
221	42.951823	C5	72	65	220	19.000000	C5	72	80	
222	43.221354	E3	52	58	221	19.125000	E3	52	80	
223	43.348958	D3	50	67	222	19.187500	D3	50	80	
224	43.484375	C#3	49	65	224	19.250000	C#3	49	80	
225	43.498698	A4	69	68	223	19.250000	A4	69	80	
226	43.790365	A3	57	72	225	19.375000	A3	57	80	
227	44.033854	B4	71	76	226	19.500000	B4	71	80	
228	44.302083	G#3	56	67	227	19.625000	G#3	56	80	
229	44.591146	C#5	73	68	228	19.750000	C#5	73	80	
230	44.606771	E4	64	66	229	19.750000	E4	64	80	
231	44.869792	G3	55	71	230	19.875000	G3	55	80	
232	45.128906	D5	74	64	231	20.000000	D5	74	80	
233	45.292969	F#3	54	72	232	20.062500	F#3	54	80	
234	45.427083	G3	55	79	233	20.125000	G3	55	80	
235	45.558594	A3	57	81	234	20.187500	A3	57	80	
236	45.703125	D4	62	65	235	20.250000	D4	62	80	
237	45.718750	Bb3	58	78	236	20.250000	Bb3	58	80	
238	46.013021	F3	53	77	237	20.375000	F3	53	80	
239	46.266927	E3	52	69	239	20.500000	E3	52	80	
240	46.286458	C#4	61	64	238	20.500000	C#4	61	80	
241	46.580729	G#3	56	76	240	20.625000	G#3	56	80	
242	46.851562	A3	57	69	242	20.750000	A3	57	80	
243	46.856771	C4	60	62	241	20.750000	C4	60	80	
244	47.122396	Eb3	51	73	243	20.875000	Eb3	51	80	
245	47.391927	B3	59	63	244	21.000000	B3	59	80	
246	47.404948	D3	50	62	245	21.000000	D3	50	80	
247	47.688802	F#3	54	71	246	21.125000	F#3	54	80	
248	47.947917	Bb3	58	62	247	21.250000	Bb3	58	80	
249	47.951823	G3	55	63	248	21.250000	G3	55	80	
250	48.238281	C#3	49	59	249	21.375000	C#3	49	80	
251	48.520833	A3	57	60	250	21.500000	A3	57	80	
252	48.808594	D3	50	50	251	21.625000	D3	50	80	
253	49.085938	G3	55	51	252	21.750000	G3	55	80	
254	49.360677	E3	52	49	253	21.875000	E3	52	80	
255	49.666667	A2	45	42	254	22.000000	A2	45	80	
256	49.963542	F3	53	52	255	22.125000	F3	53	80	
257	50.080729	E3	52	55	256	22.187500	E3	52	80	
258	50.220052	D3	50	50	258	22.250000	D3	50	80	
259	50.235677	F3	53	55	257	22.250000	F3	53	80	
260	50.542969	D4	62	67	259	22.375000	D4	62	80	
261	50.798177	E3	52	52	260	22.500000	E3	52	80	
262	51.084635	C#4	61	66	261	22.625000	C#4	61	80	
263	51.363281	A4	69	70	262	22.750000	A4	69	80	
264	51.365885	F#3	54	47	263	22.750000	F#3	54	80	
265	51.654948	C4	60	66	264	22.875000	C4	60	80	
266	51.933594	G3	55	55	265	23.000000	G3	55	80	
267	52.194010	B3	59	67	266	23.125000	B3	59	80	
268	52.317708	A3	57	69	267	23.187500	A3	57	80	
269	52.470052	G#3	56	68	268	23.250000	G#3	56	80	
270	52.473958	E3	52	51	269	23.250000	E3	52	80	
271	52.765625	E4	64	77	270	23.375000	E4	64	80	
272	53.042969	F#3	54	61	271	23.500000	F#3	54	80	
273	53.317708	Eb4	63	69	272	23.625000	Eb4	63	80	
274	53.578125	G#3	56	50	274	23.750000	G#3	56	80	
275	53.604167	B4	71	73	273	23.750000	B4	71	80	
276	53.876302	D4	62	69	275	23.875000	D4	62	80	
277	54.127604	A3	57	64	276	24.000000	A3	57	80	
278	54.264323	C4	60	72	277	24.062500	C4	60	80	
279	54.369792	A2	45	52	279	24.125000	A2	45	80	
280	54.407552	D4	62	77	278	24.125000	D4	62	80	
281	54.535156	E4	64	81	280	24.187500	E4	64	80	
282	54.662760	A3	57	54	282	24.250000	A3	57	80	
283	54.697917	F4	65	77	281	24.250000	F4	65	80	
284	54.973958	C4	60	79	283	24.375000	C4	60	80	
285	55.252604	G#3	56	50	285	24.500000	G#3	56	80	
286	55.264323	B3	59	74	284	24.500000	B3	59	80	
287	55.552083	Eb4	63	77	286	24.625000	Eb4	63	80	
288	55.842448	G3	55	48	288	24.750000	G3	55	80	
289	55.843750	E4	64	72	287	24.750000	E4	64	80	
290	56.125000	Bb3	58	73	289	24.875000	Bb3	58	80	
291	56.417969	A3	57	66	290	25.000000	A3	57	80	
292	56.423177	F#3	54	40	291	25.000000	F#3	54	80	
293	56.695312	C#4	61	69	292	25.125000	C#4	61	80	
294	56.989583	F3	53	41	294	25.250000	F3	53	80	
295	56.994792	D4	62	64	293	25.250000	D4	62	80	
296	57.269531	G#3	56	67	295	25.375000	G#3	56	80	
297	57.580729	E3	52	49	296	25.500000	E3	52	80	
298	57.811198	A3	57	63	297	25.625000	A3	57	80	
299	58.097656	D3	50	52	298	25.750000	D3	50	80	
300	58.381510	B3	59	53	299	25.875000	B3	59	80	
301	58.674479	E3	52	53	300	26.000000	E3	52	80	
302	58.958333	C3	48	60	301	26.125000	C3	48	80	
303	59.076823	B2	47	61	302	26.187500	B2	47	80	
304	59.200521	E4	64	62	303	26.250000	E4	64	80	
305	59.213542	C3	48	52	304	26.250000	C3	48	80	
306	59.507812	E3	52	60	305	26.375000	E3	52	80	
307	59.774740	F#4	66	73	306	26.500000	F#4	66	80	
308	60.055990	Eb3	51	63	307	26.625000	Eb3	51	80	
309	60.334635	G#4	68	69	308	26.750000	G#4	68	80	
310	60.345052	B3	59	59	309	26.750000	B3	59	80	
311	60.621094	D3	50	54	310	26.875000	D3	50	80	
312	60.902344	A4	69	76	311	27.000000	A4	69	80	
313	61.182292	C#3	49	50	313	27.125000	C#3	49	80	
314	61.183594	A3	57	73	312	27.125000	A3	57	80	
315	61.309896	B2	47	47	314	27.187500	B2	47	80	
316	61.458333	A4	69	78	315	27.250000	A4	69	80	
317	61.467448	C#3	49	54	316	27.250000	C#3	49	80	
318	61.726562	A2	45	63	317	27.375000	A2	45	80	
319	61.997396	B2	47	63	318	27.500000	B2	47	80	
320	62.287760	G#4	68	69	319	27.625000	G#4	68	80	
321	62.570312	C#3	49	48	321	27.750000	C#3	49	80	
322	62.582031	E5	76	66	320	27.750000	E5	76	80	
323	62.859375	G4	67	70	322	27.875000	G4	67	80	
324	63.128906	D3	50	73	323	28.000000	D3	50	80	
325	63.380208	F#4	66	67	324	28.125000	F#4	66	80	
326	63.390625	D2	38	68	325	28.125000	D2	38	80	
327	63.535156	E4	64	68	326	28.187500	E4	64	80	
328	63.686198	D3	50	73	328	28.250000	D3	50	80	
329	63.694010	F#4	66	60	327	28.250000	F#4	66	80	
330	63.964844	D4	62	64	329	28.375000	D4	62	80	
331	64.227865	E4	64	62	330	28.500000	E4	64	80	
332	64.492188	C#3	49	60	331	28.625000	C#3	49	80	
333	64.781250	F#4	66	61	332	28.750000	F#4	66	80	
334	64.782552	A3	57	60	333	28.750000	A3	57	80	
335	65.069010	C3	48	60	334	28.875000	C3	48	80	
336	65.330729	G4	67	82	335	29.000000	G4	67	80	
337	65.615885	G3	55	69	336	29.125000	G3	55	80	
338	65.636719	B2	47	53	337	29.125000	B2	47	80	
339	65.756510	A2	45	51	338	29.187500	A2	45	80	
340	65.886719	G4	67	73	339	29.250000	G4	67	80	
341	65.899740	B2	47	51	340	29.250000	B2	47	80	
342	66.166667	G2	43	63	341	29.375000	G2	43	80	
343	66.481771	A2	45	63	342	29.500000	A2	45	80	
344	66.734375	F#4	66	73	343	29.625000	F#4	66	80	
345	67.036458	D5	74	74	344	29.750000	D5	74	80	
346	67.046875	B2	47	61	345	29.750000	B2	47	80	
347	67.296875	F4	65	78	346	29.875000	F4	65	80	
348	67.604167	C3	48	71	347	30.000000	C3	48	80	
349	67.891927	E4	64	78	348	30.125000	E4	64	80	
350	68.024740	D4	62	72	349	30.187500	D4	62	80	
351	68.148438	E4	64	80	350	30.250000	E4	64	80	
352	68.455729	B2	47	57	352	30.375000	B2	47	80	
353	68.455729	E5	76	83	351	30.375000	E5	76	80	
354	68.578125	A2	45	67	353	30.437500	A2	45	80	
355	68.717448	E3	52	75	*	-1	*	-1	-1	
356	68.861979	F3	53	74	354	30.500000	F3	53	80	
357	68.989583	G3	55	71	355	30.562500	G3	55	80	
358	69.032552	F5	77	77	356	30.625000	F5	77	80	
359	69.126302	F3	53	70	357	30.625000	F3	53	80	
360	69.180990	E5	76	84	358	30.687500	E5	76	80	
361	69.243490	G3	55	70	359	30.687500	G3	55	80	
362	69.328125	D5	74	80	360	30.750000	D5	74	80	
363	69.332031	F3	53	59	361	30.750000	F3	53	80	
364	69.401042	G3	55	66	363	30.812500	G3	55	80	
365	69.463542	C5	72	83	362	30.812500	C5	72	80	
366	69.494792	F3	53	68	365	30.875000	F3	53	80	
367	69.588542	E3	52	67	*	-1	*	-1	-1	
368	69.600260	B4	71	82	364	30.875000	B4	71	80	
369	69.718750	F3	53	72	367	30.937500	G3	55	80	
370	69.752604	A4	69	77	366	30.937500	A4	69	80	
371	69.863281	E3	52	70	369	31.000000	E3	52	80	
372	69.908854	G#4	68	77	368	31.000000	G#4	68	80	
373	69.986979	F#4	66	34	*	-1	*	-1	-1	
374	70.080729	E4	64	73	370	31.062500	E4	64	80	
375	70.218750	D4	62	76	371	31.125000	D4	62	80	
376	70.351562	C4	60	78	372	31.187500	C4	60	80	
377	70.473958	B3	59	74	373	31.250000	B3	59	80	
378	70.614583	A3	57	76	374	31.312500	A3	57	80	
379	70.764323	G#3	56	78	375	31.375000	G#3	56	80	
380	70.901042	F#3	54	76	376	31.437500	F#3	54	80	
381	71.083333	E3	52	73	377	31.500000	E3	52	80	
382	71.740885	E2	40	64	378	31.750000	E2	40	80	
383	72.562500	E5	76	54	379	32.000000	E5	76	80	
384	72.748698	C4	60	61	380	32.062500	C4	60	80	
385	72.891927	B3	59	70	381	32.125000	B3	59	80	
386	73.010417	A3	57	72	382	32.187500	A3	57	80	
387	73.167969	G#3	56	63	384	32.250000	G#3	56	80	
388	73.173177	E4	64	62	383	32.250000	E4	64	80	
389	73.468750	C#4	61	74	385	32.375000	C#4	61	80	
390	73.742188	F4	65	63	386	32.500000	F4	65	80	
391	73.752604	D4	62	64	387	32.500000	D4	62	80	
392	74.032552	Bb3	58	74	388	32.625000	Bb3	58	80	
393	74.300781	A3	57	64	390	32.750000	A3	57	80	
394	74.304688	F#4	66	65	389	32.750000	F#4	66	80	
395	74.598958	Eb4	63	75	391	32.875000	Eb4	63	80	
396	74.868490	E4	64	70	393	33.000000	E4	64	80	
397	74.885417	G4	67	66	392	33.000000	G4	67	80	
398	75.152344	C4	60	75	394	33.125000	C4	60	80	
399	75.420573	B3	59	67	396	33.250000	B3	59	80	
400	75.447917	G#4	68	59	395	33.250000	G#4	68	80	
401	75.718750	F4	65	78	397	33.375000	F4	65	80	
402	76.003906	A4	69	69	398	33.500000	A4	69	80	
403	76.287760	E4	64	70	399	33.625000	E4	64	80	
404	76.595052	B4	71	66	400	33.750000	B4	71	80	
405	76.885417	D4	62	59	401	33.875000	D4	62	80	
406	77.179688	A4	69	47	403	34.000000	A4	69	80	
407	77.209635	C5	72	62	402	34.000000	C5	72	80	
408	77.348958	F5	77	73	404	34.062500	F5	77	80	
409	77.479167	E5	76	75	405	34.125000	E5	76	80	
410	77.600260	D5	74	80	406	34.187500	D5	74	80	
411	77.755208	C#5	73	78	407	34.250000	C#5	73	80	
412	77.760417	A3	57	53	408	34.250000	A3	57	80	
413	78.020833	F#5	78	81	409	34.375000	F#5	78	80	
414	78.307292	G5	79	76	410	34.500000	G5	79	80	
415	78.324219	Bb3	58	53	411	34.500000	Bb3	58	80	
416	78.595052	Eb5	75	82	412	34.625000	Eb5	75	80	
417	78.873698	D5	74	77	413	34.750000	D5	74	80	
418	78.881510	B3	59	54	414	34.750000	B3	59	80	
419	79.143229	G#5	80	78	415	34.875000	G#5	80	80	
420	79.427083	A5	81	71	416	35.000000	A5	81	80	
421	79.432292	C4	60	54	417	35.000000	C4	60	80	
422	79.710938	F5	77	82	418	35.125000	F5	77	80	
423	79.989583	C#4	61	56	420	35.250000	C#4	61	80	
424	80.001302	E5	76	76	419	35.250000	E5	76	80	
425	80.279948	Bb5	82	77	421	35.375000	Bb5	82	80	
426	80.580729	D4	62	57	422	35.500000	D4	62	80	
427	80.846354	A5	81	69	423	35.625000	A5	81	80	
428	81.153646	E4	64	59	424	35.750000	E4	64	80	
429	81.402344	G5	79	69	425	35.875000	G#5	80	80	
430	81.709635	A5	81	60	426	36.000000	A5	81	80	
431	81.712240	F4	65	39	427	36.000000	F4	65	80	
432	81.858073	G5	79	76	428	36.062500	G5	79	80	
433	81.989583	F5	77	81	429	36.125000	F5	77	80	
434	82.109375	E5	76	81	430	36.187500	E5	76	80	
435	82.253906	F5	77	77	431	36.250000	F5	77	80	
436	82.263021	D4	62	54	432	36.250000	D4	62	80	
437	82.537760	Bb4	70	74	433	36.375000	Bb4	70	80	
438	82.813802	A4	69	69	434	36.500000	A4	69	80	
439	82.820312	C4	60	50	435	36.500000	C4	60	80	
440	83.089844	E5	76	68	436	36.625000	E5	76	80	
441	83.375000	B3	59	46	438	36.750000	B3	59	80	
442	83.382812	D5	74	65	437	36.750000	D5	74	80	
443	83.656250	G#4	68	67	439	36.875000	G#4	68	80	
444	83.933594	A3	57	52	440	37.000000	A3	57	80	
445	84.063802	D5	74	61	441	37.062500	D5	74	80	
446	84.195312	C5	72	72	442	37.125000	C5	72	80	
447	84.317708	B4	71	73	443	37.187500	B4	71	80	
448	84.484375	A4	69	70	444	37.250000	A4	69	80	
449	84.493490	C4	60	47	445	37.250000	C4	60	80	
450	84.759115	E5	76	70	446	37.375000	E5	76	80	
451	85.032552	D5	74	70	447	37.500000	D5	74	80	
452	85.042969	B3	59	46	448	37.500000	B3	59	80	
453	85.313802	G4	67	63	449	37.625000	G4	67	80	
454	85.606771	F#4	66	63	450	37.750000	F#4	66	80	
455	85.615885	A3	57	49	451	37.750000	A3	57	80	
456	85.886719	C5	72	66	452	37.875000	C5	72	80	
457	86.165365	B4	71	59	453	38.000000	B4	71	80	
458	86.167969	G3	55	58	454	38.000000	G3	55	80	
459	86.302083	B3	59	67	455	38.062500	B3	59	80	
460	86.419271	C4	60	76	456	38.125000	C4	60	80	
461	86.557292	D4	62	78	457	38.187500	D4	62	80	
462	86.701823	G5	79	71	458	38.250000	G5	79	80	
463	86.716146	E4	64	73	459	38.250000	E4	64	80	
464	86.980469	Bb3	58	76	460	38.375000	Bb3	58	80	
465	87.243490	F5	77	67	461	38.500000	F5	77	80	
466	87.244792	A3	57	70	462	38.500000	A3	57	80	
467	87.548177	D4	62	75	463	38.625000	D4	62	80	
468	87.811198	C#4	61	67	465	38.750000	C#4	61	80	
469	87.828125	E5	76	66	464	38.750000	E5	76	80	
470	88.109375	G3	55	70	466	38.875000	G3	55	80	
471	88.385417	D5	74	62	467	39.000000	D5	74	80	
472	88.545573	G4	67	68	468	39.062500	G4	67	80	
473	88.675781	F4	65	76	469	39.125000	F4	65	80	
474	88.805990	E4	64	71	470	39.187500	E4	64	80	
475	88.930990	F5	77	69	471	39.250000	F5	77	80	
476	88.947917	D4	62	66	472	39.250000	D4	62	80	
477	89.218750	G#4	68	79	473	39.375000	G#4	68	80	
478	89.501302	E5	76	69	474	39.500000	E5	76	80	
479	89.507812	A4	69	72	475	39.500000	A4	69	80	
480	89.790365	C4	60	72	476	39.625000	C4	60	80	
481	90.059896	B3	59	64	478	39.750000	B3	59	80	
482	90.079427	D5	74	68	477	39.750000	D5	74	80	
483	90.352865	F4	65	58	479	39.875000	F4	65	80	
484	90.631510	E4	64	53	480	40.000000	E4	64	80	
485	90.765625	D4	62	65	481	40.062500	D4	62	80	
486	90.884115	C4	60	72	482	40.125000	C4	60	80	
487	91.001302	B3	59	78	483	40.187500	B3	59	80	
488	91.149740	A3	57	71	485	40.250000	A3	57	80	
489	91.175781	C5	72	69	484	40.250000	C5	72	80	
490	91.421875	B4	71	71	486	40.375000	B4	71	80	
491	91.427083	G#3	56	72	487	40.375000	G#3	56	80	
492	91.712240	A3	57	67	489	40.500000	A3	57	80	
493	91.712240	C5	72	71	488	40.500000	C5	72	80	
494	91.996094	F3	53	68	490	40.625000	F3	53	80	
495	92.261719	C#5	73	68	491	40.750000	C#5	73	80	
496	92.268229	E3	52	67	492	40.750000	E3	52	80	
497	92.557292	Bb3	58	73	493	40.875000	Bb3	58	80	
498	92.832031	B3	59	70	495	41.000000	B3	59	80	
499	92.835938	D5	74	66	494	41.000000	D5	74	80	
500	93.096354	G3	55	75	496	41.125000	G3	55	80	
501	93.381510	Eb5	75	71	497	41.250000	Eb5	75	80	
502	93.389323	F#3	54	70	498	41.250000	F#3	54	80	
503	93.682292	C4	60	76	499	41.375000	C4	60	80	
504	93.932292	E5	76	75	500	41.500000	E5	76	80	
505	94.235677	B3	59	68	501	41.625000	B3	59	80	
506	94.513021	F#5	78	77	502	41.750000	F#5	78	80	
507	94.802083	A3	57	57	503	41.875000	A3	57	80	
508	95.058594	G5	79	59	504	42.000000	G5	79	80	
509	95.062500	E4	64	49	505	42.000000	E4	64	80	
510	95.205729	F5	77	76	506	42.062500	F5	77	80	
511	95.333333	E5	76	77	507	42.125000	E5	76	80	
512	95.470052	D5	74	75	508	42.187500	D5	74	80	
513	95.614583	C#5	73	78	509	42.250000	C#5	73	80	
514	95.618490	E3	52	56	510	42.250000	E3	52	80	
515	95.881510	G#5	80	80	511	42.375000	G#5	80	80	
516	96.175781	A5	81	70	512	42.500000	A5	81	80	
517	96.177083	F3	53	52	513	42.500000	F3	53	80	
518	96.472656	Eb5	75	83	514	42.625000	Eb5	75	80	
519	96.748698	D5	74	77	515	42.750000	D5	74	80	
520	96.753906	F#3	54	55	516	42.750000	F#3	54	80	
521	97.022135	Bb5	82	82	517	42.875000	Bb5	82	80	
522	97.307292	G3	55	55	519	43.000000	G3	55	80	
523	97.307292	B5	83	78	518	43.000000	B5	83	80	
524	97.606771	F5	77	83	520	43.125000	F5	77	80	
525	97.893229	G#3	56	57	522	43.250000	G#3	56	80	
526	97.903646	E5	76	78	521	43.250000	E5	76	80	
527	98.201823	D5	74	78	523	43.375000	D5	74	80	
528	98.473958	A3	57	62	524	43.500000	A3	57	80	
529	98.769531	C5	72	65	525	43.625000	C5	72	80	
530	99.033854	B3	59	60	526	43.750000	B3	59	80	
531	99.358073	B4	71	62	527	43.875000	B4	71	80	
532	99.608073	C4	60	57	528	44.000000	C4	60	80	
533	99.914062	A4	69	64	529	44.125000	A4	69	80	
534	100.031250	B4	71	71	530	44.187500	B4	71	80	
535	100.170573	A3	57	58	532	44.250000	A3	57	80	
536	100.174479	C5	72	70	531	44.250000	C5	72	80	
537	100.447917	Eb4	63	74	533	44.375000	Eb4	63	80	
538	100.729167	G3	55	52	535	44.500000	G3	55	80	
539	100.750000	E4	64	69	534	44.500000	E4	64	80	
540	101.027344	C#5	73	69	536	44.625000	C#5	73	80	
541	101.298177	F3	53	52	538	44.750000	F3	53	80	
542	101.298177	D5	74	63	537	44.750000	D5	74	80	
543	101.570312	F4	65	60	539	44.875000	F4	65	80	
544	101.826823	E3	52	52	541	45.000000	E3	52	80	
545	101.830729	G4	67	57	540	45.000000	G4	67	80	
546	101.957031	F3	53	73	542	45.062500	F3	53	80	
547	102.087240	G3	55	73	543	45.125000	G3	55	80	
548	102.217448	A3	57	79	544	45.187500	A3	57	80	
549	102.382812	Bb3	58	78	546	45.250000	Bb3	58	80	
550	102.388021	D5	74	65	545	45.250000	D5	74	80	
551	102.686198	F3	53	73	547	45.375000	F3	53	80	
552	102.957031	C#5	73	65	548	45.500000	C#5	73	80	
553	102.968750	E3	52	69	549	45.500000	E3	52	80	
554	103.248698	A3	57	74	550	45.625000	A3	57	80	
555	103.523438	Bb4	70	57	551	45.750000	Bb4	70	80	
556	103.536458	G3	55	63	552	45.750000	G3	55	80	
557	103.805990	D3	50	70	553	45.875000	D3	50	80	
558	104.095052	C#3	49	62	554	46.000000	C#3	49	80	
559	104.225260	A4	69	63	555	46.062500	A4	69	80	
560	104.345052	G4	67	68	556	46.125000	G4	67	80	
561	104.479167	A4	69	80	557	46.187500	A4	69	80	
562	104.648438	Bb4	70	73	558	46.250000	Bb4	70	80	
563	104.662760	G3	55	55	559	46.250000	G3	55	80	
564	104.917969	C#4	61	69	560	46.375000	C#4	61	80	
565	105.205729	D4	62	67	561	46.500000	D4	62	80	
566	105.225260	F3	53	51	562	46.500000	F3	53	80	
567	105.485677	B4	71	71	563	46.625000	B4	71	80	
568	105.764323	C5	72	72	564	46.750000	C5	72	80	
569	105.766927	E3	52	48	565	46.750000	E3	52	80	
570	106.029948	E4	64	63	566	46.875000	E4	64	80	
571	106.319010	F#4	66	58	567	47.000000	F#4	66	80	
572	106.325521	D3	50	55	568	47.000000	D3	50	80	
573	106.458333	E3	52	69	569	47.062500	E3	52	80	
574	106.583333	F#3	54	76	570	47.125000	F#3	54	80	
575	106.718750	G3	55	77	571	47.187500	G3	55	80	
576	106.860677	A3	57	72	573	47.250000	A3	57	80	
577	106.881510	C5	72	64	572	47.250000	C5	72	80	
578	107.139323	Eb3	51	73	574	47.375000	Eb3	51	80	
579	107.421875	D3	50	60	576	47.500000	D3	50	80	
580	107.446615	B4	71	69	575	47.500000	B4	71	80	
581	107.713542	G3	55	63	577	47.625000	G3	55	80	
582	107.975260	F#3	54	60	579	47.750000	F3	53	80	
583	107.992188	A4	69	62	578	47.750000	G#4	68	80	
584	108.234375	C3	48	62	580	47.875000	C3	48	80	
585	108.532552	B2	47	60	581	48.000000	B2	47	80	
586	108.699219	G4	67	72	582	48.062500	G4	67	80	
587	108.852865	A4	69	79	583	48.125000	A4	69	80	
588	108.983073	B4	71	81	584	48.187500	B4	71	80	
589	109.149740	C5	72	80	585	48.250000	C5	72	80	
590	109.162760	E3	52	57	586	48.250000	E3	52	80	
591	109.479167	G4	67	77	587	48.375000	G4	67	80	
592	109.756510	F#4	66	75	588	48.500000	F#4	66	80	
593	109.760417	Eb3	51	57	589	48.500000	Eb3	51	80	
594	110.033854	Bb4	70	78	590	48.625000	Bb4	70	80	
595	110.308594	B4	71	72	591	48.750000	B4	71	80	
596	110.313802	D3	50	49	592	48.750000	D3	50	80	
597	110.602865	F4	65	73	593	48.875000	F4	65	80	
598	110.884115	C#3	49	46	595	49.000000	C#3	49	80	
599	110.898438	E4	64	69	594	49.000000	E4	64	80	
600	111.160156	G#4	68	71	596	49.125000	G#4	68	80	
601	111.450521	A4	69	67	597	49.250000	A4	69	80	
602	111.463542	C3	48	43	598	49.250000	C3	48	80	
603	111.736979	Eb4	63	73	599	49.375000	Eb4	63	80	
604	112.039062	B2	47	58	600	49.500000	B2	47	80	
605	112.308594	E4	64	68	601	49.625000	E4	64	80	
606	112.631510	A2	45	63	602	49.750000	A2	45	80	
607	112.871094	F#4	66	60	603	49.875000	F4	65	80	
608	113.158854	B3	59	60	604	50.000000	B3	59	80	
609	113.304688	C3	48	68	605	50.062500	C3	48	80	
610	113.454427	B2	47	70	606	50.125000	B2	47	80	
611	113.565104	A2	45	71	607	50.187500	A2	45	80	
612	113.708333	E5	76	69	608	50.250000	E5	76	80	
613	113.718750	G#2	44	67	609	50.250000	G#2	44	80	
614	114.003906	C#3	49	66	610	50.375000	C#3	49	80	
615	114.272135	F5	77	67	611	50.500000	F5	77	80	
616	114.287760	D3	50	68	612	50.500000	D3	50	80	
617	114.574219	Bb2	46	73	613	50.625000	Bb2	46	80	
618	114.834635	A2	45	62	615	50.750000	A2	45	80	
619	114.839844	F#5	78	69	614	50.750000	F#5	78	80	
620	115.123698	Eb3	51	75	616	50.875000	Eb3	51	80	
621	115.402344	G5	79	70	617	51.000000	G5	79	80	
622	115.416667	E3	52	69	618	51.000000	E3	52	80	
623	115.680990	C3	48	75	619	51.125000	C3	48	80	
624	115.951823	G#5	80	78	620	51.250000	G#5	80	80	
625	115.973958	B2	47	67	621	51.250000	B2	47	80	
626	116.253906	F3	53	77	622	51.375000	F3	53	80	
627	116.513021	A5	81	73	623	51.500000	A5	81	80	
628	116.791667	E3	52	71	624	51.625000	E3	52	80	
629	117.071615	B5	83	75	625	51.750000	B5	83	80	
630	117.339844	D3	50	71	626	51.875000	D3	50	80	
631	117.652344	C3	48	66	627	52.000000	C3	48	80	
632	117.942708	A5	81	68	628	52.125000	A5	81	80	
633	118.063802	B5	83	80	629	52.187500	B5	83	80	
634	118.186198	C6	84	76	630	52.250000	C6	84	80	
635	118.196615	E3	52	54	631	52.250000	E3	52	80	
636	118.483073	E5	76	74	632	52.375000	E5	76	80	
637	118.776042	F#3	54	64	633	52.500000	F#3	54	80	
638	119.041667	Eb5	75	75	634	52.625000	Eb5	75	80	
639	119.320312	B5	83	78	635	52.750000	B5	83	80	
640	119.328125	G#3	56	53	636	52.750000	G#3	56	80	
641	119.604167	D5	74	68	637	52.875000	D5	74	80	
642	119.868490	A3	57	62	638	53.000000	A3	57	80	
643	120.001302	C5	72	74	639	53.062500	C5	72	80	
644	120.119792	D5	74	74	640	53.125000	D5	74	80	
645	120.229167	E5	76	75	641	53.187500	E5	76	80	
646	120.371094	F5	77	80	642	53.250000	F5	77	80	
647	120.398438	A2	45	52	643	53.250000	A2	45	80	
648	120.695312	A4	69	73	644	53.375000	A4	69	80	
649	120.988281	B2	47	59	645	53.500000	B2	47	80	
650	121.266927	G#4	68	70	646	53.625000	G#4	68	80	
651	121.562500	C#3	49	51	648	53.750000	C#3	49	80	
652	121.566406	E5	76	68	647	53.750000	E5	76	80	
653	121.828125	G4	67	66	649	53.875000	G4	67	80	
654	122.118490	D3	50	61	650	54.000000	D3	50	80	
655	122.242188	F4	65	67	651	54.062500	F4	65	80	
656	122.368490	G4	67	75	652	54.125000	G4	67	80	
657	122.493490	A4	69	76	653	54.187500	A4	69	80	
658	122.641927	Bb4	70	75	654	54.250000	Bb4	70	80	
659	122.661458	D2	38	48	655	54.250000	D2	38	80	
660	122.930990	D4	62	74	656	54.375000	D4	62	80	
661	123.226562	E2	40	59	657	54.500000	E2	40	80	
662	123.488281	C#4	61	71	658	54.625000	C#4	61	80	
663	123.789062	A4	69	67	659	54.750000	A4	69	80	
664	123.800781	E3	52	51	660	54.750000	E3	52	80	
665	124.088542	C4	60	73	661	54.875000	C4	60	80	
666	124.367188	Eb3	51	64	662	55.000000	Eb3	51	80	
667	124.648438	B3	59	70	663	55.125000	B3	59	80	
668	124.933594	D3	50	44	665	55.250000	D3	50	80	
669	124.933594	G#4	68	69	664	55.250000	G#4	68	80	
670	125.205729	B3	59	71	666	55.375000	B3	59	80	
671	125.510417	C#3	49	52	667	55.500000	C#3	49	80	
672	125.768229	A3	57	63	668	55.625000	A3	57	80	
673	126.057292	F4	65	64	669	55.750000	F4	65	80	
674	126.065104	C3	48	45	670	55.750000	C3	48	80	
675	126.335938	A3	57	64	671	55.875000	A3	57	80	
676	126.652344	B2	47	43	672	56.000000	B2	47	80	
677	126.963542	G#3	56	60	673	56.125000	G#3	56	80	
678	127.088542	F#3	54	62	674	56.187500	F#3	54	80	
679	127.227865	B2	47	37	676	56.250000	B2	47	80	
680	127.247396	G#3	56	63	675	56.250000	G#3	56	80	
681	127.540365	D4	62	70	677	56.375000	D4	62	80	
682	127.824219	A2	45	58	678	56.500000	A2	45	80	
683	127.944010	C4	60	73	679	56.562500	C4	60	80	
684	128.079427	B3	59	75	680	56.625000	B3	59	80	
685	128.196615	A3	57	72	681	56.687500	A3	57	80	
686	128.334635	B3	59	74	682	56.750000	B3	59	80	
687	128.355469	A2	45	60	683	56.750000	A2	45	80	
688	128.619792	F4	65	84	684	56.875000	F4	65	80	
689	128.876302	G#2	44	67	685	57.000000	G#2	44	80	
690	129.040365	E4	64	76	686	57.062500	E4	64	80	
691	129.156250	D4	62	78	687	57.125000	D4	62	80	
692	129.278646	C#4	61	76	688	57.187500	C#4	61	80	
693	129.408854	D4	62	78	689	57.250000	D4	62	80	
694	129.420573	G#2	44	67	690	57.250000	G#2	44	80	
695	129.692708	B4	71	86	691	57.375000	B4	71	80	
696	129.975260	E2	40	65	692	57.500000	E2	40	80	
697	130.118490	A4	69	79	693	57.562500	A4	69	80	
698	130.248698	G#4	68	85	694	57.625000	G#4	68	80	
699	130.372396	F#4	66	78	695	57.687500	F#4	66	80	
700	130.515625	G#4	68	80	696	57.750000	G#4	68	80	
701	130.526042	E2	40	60	697	57.750000	E2	40	80	
702	130.843750	D5	74	83	698	57.875000	D5	74	80	
703	131.170573	A2	45	63	699	58.000000	A2	45	80	
704	131.532552	C5	72	71	700	58.125000	C5	72	80	
705	131.645833	B4	71	75	701	58.187500	B4	71	80	
706	131.777344	C5	72	82	702	58.250000	C5	72	80	
707	131.912760	D3	50	73	703	58.312500	D3	50	80	
708	132.019531	E3	52	69	705	58.375000	E3	52	80	
709	132.036458	A4	69	73	704	58.375000	A4	69	80	
710	132.148438	F#3	54	80	706	58.437500	F#3	54	80	
711	132.279948	G3	55	72	708	58.500000	G3	55	80	
712	132.315104	Bb4	70	75	707	58.500000	Bb4	70	80	
713	132.589844	Eb3	51	76	709	58.625000	E3	52	80	
714	132.891927	D3	50	62	711	58.750000	Eb3	51	80	
715	132.891927	B4	71	73	710	58.750000	B4	71	80	
716	133.171875	G#3	56	73	712	58.875000	G#3	56	80	
717	133.440104	A3	57	71	714	59.000000	A3	57	80	
718	133.467448	C5	72	72	713	59.000000	C5	72	80	
719	133.731771	F3	53	78	715	59.125000	F3	53	80	
720	134.013021	C#5	73	78	716	59.250000	C#5	73	80	
721	134.019531	E3	52	72	717	59.250000	E3	52	80	
722	134.286458	Bb3	58	83	718	59.375000	Bb3	58	80	
723	134.579427	D5	74	78	719	59.500000	D5	74	80	
724	134.859375	A3	57	76	720	59.625000	A3	57	80	
725	135.148438	E5	76	77	721	59.750000	E5	76	80	
726	135.445312	G3	55	71	722	59.875000	G3	55	80	
727	135.746094	F3	53	68	723	60.000000	F3	53	80	
728	135.930990	E3	52	62	725	60.062500	E3	52	80	
729	135.937500	C#5	73	70	724	60.062500	C#5	73	80	
730	136.076823	D5	74	77	726	60.125000	D5	74	80	
731	136.079427	F3	53	65	727	60.125000	F3	53	80	
732	136.187500	G3	55	69	729	60.187500	G3	55	80	
733	136.190104	E5	76	80	728	60.187500	E5	76	80	
734	136.330729	F5	77	81	730	60.250000	F5	77	80	
735	136.342448	A3	57	68	731	60.250000	A3	57	80	
736	136.628906	C5	72	86	732	60.375000	C5	72	80	
737	136.904948	G#3	56	64	734	60.500000	G#3	56	80	
738	136.907552	B4	71	81	733	60.500000	B4	71	80	
739	137.177083	Eb5	75	85	735	60.625000	Eb5	75	80	
740	137.467448	E5	76	77	736	60.750000	E5	76	80	
741	137.480469	G3	55	59	737	60.750000	G3	55	80	
742	137.751302	Bb4	70	76	738	60.875000	Bb4	70	80	
743	138.045573	F#3	54	58	740	61.000000	F#3	54	80	
744	138.049479	A4	69	75	739	61.000000	A4	69	80	
745	138.326823	C#5	73	71	741	61.125000	C#5	73	80	
746	138.615885	D5	74	65	742	61.250000	D5	74	80	
747	138.638021	F3	53	52	743	61.250000	F3	53	80	
748	138.903646	G#4	68	75	744	61.375000	G#4	68	80	
749	139.194010	E3	52	63	745	61.500000	E3	52	80	
750	139.479167	A4	69	73	746	61.625000	A4	69	80	
751	139.764323	D3	50	68	747	61.750000	D3	50	80	
752	140.040365	B4	71	73	748	61.875000	B4	71	80	
753	140.319010	E4	64	70	749	62.000000	E4	64	80	
754	140.665365	C3	48	54	751	62.125000	C3	48	80	
755	140.665365	E5	76	73	750	62.125000	E5	76	80	
756	140.820312	B2	47	64	752	62.187500	B2	47	80	
757	140.983073	C3	48	64	753	62.250000	C3	48	80	
758	141.125000	D5	74	71	754	62.312500	D5	74	80	
759	141.312500	A2	45	56	756	62.375000	A2	45	80	
760	141.329427	C5	72	74	755	62.375000	C5	72	80	
761	141.532552	B4	71	72	757	62.437500	B4	71	80	
762	141.736979	E3	52	48	759	62.500000	E3	52	80	
763	141.760417	D5	74	71	758	62.500000	D5	74	80	
764	142.016927	C5	72	72	760	62.562500	C5	72	80	
765	142.186198	B4	71	75	762	62.625000	B4	71	80	
766	142.335938	A4	69	77	764	62.687500	A4	69	80	
767	142.507812	C5	72	74	765	62.750000	C5	72	80	
768	142.513021	E2	40	49	766	62.750000	E2	40	80	
769	142.673177	B4	71	73	767	62.812500	B4	71	80	
770	142.850260	A4	69	77	768	62.875000	A4	69	80	
771	143.050781	G#4	68	70	769	62.937500	G#4	68	80	
772	143.289062	A4	69	66	770	63.000000	A4	69	80	
773	143.296875	A2	45	47	771	63.000000	A2	45	80	
774	143.394531	G#4	68	70	*	-1	*	-1	-1	
775	143.507812	A4	69	69	*	-1	*	-1	-1	
776	143.751302	B2	47	68	772	63.125000	B2	47	80	
777	143.919271	C3	48	74	773	63.187500	C3	48	80	
778	144.082031	D3	50	72	774	63.250000	D3	50	80	
779	144.256510	E3	52	72	775	63.312500	E3	52	80	
780	144.446615	F#3	54	70	776	63.375000	F#3	54	80	
781	144.686198	G#3	56	65	777	63.437500	G#3	56	80	
782	144.954427	A3	57	58	778	63.500000	A3	57	80	
783	145.044271	G#3	56	63	*	-1	*	-1	-1	
784	145.147135	A3	57	58	*	-1	*	-1	-1	
785	146.361979	A2	45	45	779	63.750000	A2	45	80	
*	-1	*	-1	-1	761	62.562500	D3	50	80	
*	-1	*	-1	-1	763	62.625000	E3	52	80	
