// alignID alignOntime alignSitch alignPitch alignOnvel refID refOntime refSitch refPitch refOnvel
0	0.500000	G#4	68	52	0	0.000000	G#4	68	80	
1	0.951042	Bb4	70	59	1	0.250000	Bb4	70	80	
2	1.393750	B4	71	65	2	0.500000	B4	71	80	
3	1.843750	Bb4	70	60	3	0.750000	Bb4	70	80	
4	2.289583	Eb5	75	63	4	1.000000	Eb5	75	80	
5	2.725000	Eb4	63	51	5	1.250000	Eb4	63	80	
6	3.171875	G#4	68	53	6	1.500000	G#4	68	80	
7	3.585417	B4	71	58	7	1.750000	B4	71	80	
8	4.007292	Bb4	70	58	8	2.000000	Bb4	70	80	
9	4.434375	B4	71	52	9	2.250000	B4	71	80	
10	4.866667	Bb4	70	47	10	2.500000	Bb4	70	80	
11	5.282292	G#4	68	45	11	2.750000	G#4	68	80	
12	5.704167	Bb4	70	42	12	3.000000	Bb4	70	80	
13	6.119792	B4	71	57	13	3.250000	B4	71	80	
14	6.523958	C#5	73	62	14	3.500000	C#5	73	80	
15	6.943750	B4	71	57	15	3.750000	B4	71	80	
16	7.353125	E5	76	59	16	4.000000	E5	76	80	
17	7.754167	G#4	68	55	17	4.250000	G#4	68	80	
18	8.170833	Bb4	70	46	18	4.500000	Bb4	70	80	
19	8.571875	C#5	73	53	19	4.750000	C#5	73	80	
20	8.992708	B4	71	54	20	5.000000	B4	71	80	
21	9.405208	C#5	73	50	21	5.250000	C#5	73	80	
22	9.804167	B4	71	39	22	5.500000	B4	71	80	
23	10.205208	Bb4	70	43	23	5.750000	Bb4	70	80	
24	10.627083	Eb4	63	47	25	6.000000	Eb4	63	80	
25	10.638542	B4	71	41	24	6.000000	B4	71	80	
26	11.036458	F4	65	58	26	6.250000	F4	65	80	
27	11.450000	C5	72	49	27	6.500000	C5	72	80	
28	11.454167	F#4	66	60	28	6.500000	F#4	66	80	
29	11.866667	C#5	73	56	29	6.750000	C#5	73	80	
30	11.873958	F4	65	61	30	6.750000	F4	65	80	
31	12.297917	Bb4	70	63	31	7.000000	Bb4	70	80	
32	12.708333	Bb3	58	45	32	7.250000	Bb3	58	80	
33	13.123958	Eb4	63	51	33	7.500000	Eb4	63	80	
34	13.516667	F#4	66	51	34	7.750000	F#4	66	80	
35	13.927083	F4	65	51	35	8.000000	F4	65	80	
36	14.364583	F#4	66	47	37	8.250000	F#4	66	80	
37	14.368750	C5	72	52	36	8.250000	C5	72	80	
38	14.771875	F4	65	49	38	8.500000	F4	65	80	
39	15.181250	Eb4	63	51	39	8.750000	Eb4	63	80	
40	15.604167	C#5	73	57	40	9.000000	C#5	73	80	
41	15.608333	F4	65	39	41	9.000000	F4	65	80	
42	15.998958	F#4	66	61	42	9.250000	F#4	66	80	
43	16.441667	G#4	68	71	44	9.500000	G#4	68	80	
44	16.453125	D5	74	61	43	9.500000	D5	74	80	
45	16.876042	Eb5	75	64	45	9.750000	Eb5	75	80	
46	16.879167	F#4	66	62	46	9.750000	F#4	66	80	
47	17.289583	B4	71	63	47	10.000000	B4	71	80	
48	17.680208	Eb4	63	57	48	10.250000	Eb4	63	80	
49	18.093750	F4	65	49	49	10.500000	F4	65	80	
50	18.514583	G#4	68	58	50	10.750000	G#4	68	80	
51	18.905208	F#4	66	47	51	11.000000	F#4	66	80	
52	19.310417	D5	74	54	52	11.250000	D5	74	80	
53	19.315625	G#4	68	53	53	11.250000	G#4	68	80	
54	19.697917	F#4	66	49	54	11.500000	F#4	66	80	
55	20.119792	F4	65	45	55	11.750000	F4	65	80	
56	20.521875	F#4	66	41	57	12.000000	F#4	66	80	
57	20.555208	Eb5	75	54	56	12.000000	Eb5	75	80	
58	20.958333	C#5	73	64	58	12.250000	C#5	73	80	
59	21.356250	G4	67	55	59	12.500000	G4	67	80	
60	21.791667	G#4	68	58	60	12.750000	G#4	68	80	
61	22.197917	Bb4	70	46	61	13.000000	Bb4	70	80	
62	22.600000	F#4	66	43	63	13.250000	F#4	66	80	
63	22.603125	C5	72	58	62	13.250000	C5	72	80	
64	23.008333	C#5	73	58	64	13.500000	C#5	73	80	
65	23.025000	E4	64	43	65	13.500000	E4	64	80	
66	23.427083	B4	71	58	66	13.750000	B4	71	80	
67	23.819792	F4	65	50	67	14.000000	F4	65	80	
68	24.220833	F#4	66	53	68	14.250000	F#4	66	80	
69	24.615625	G#4	68	45	69	14.500000	G#4	68	80	
70	25.013542	Bb4	70	55	70	14.750000	Bb4	70	80	
71	25.030208	E4	64	45	71	14.750000	E4	64	80	
72	25.429167	B4	71	66	72	15.000000	B4	71	80	
73	25.445833	Eb4	63	40	73	15.000000	Eb4	63	80	
74	25.863542	G#4	68	54	74	15.250000	G#4	68	80	
75	26.245833	G#3	56	50	75	15.500000	G#3	56	80	
76	26.651042	C#4	61	47	76	15.750000	C#4	61	80	
77	27.065625	Bb4	70	48	77	16.000000	Bb4	70	80	
78	27.478125	C#5	73	54	78	16.250000	C#5	73	80	
79	27.895833	G4	67	49	79	16.500000	G4	67	80	
80	28.290625	Eb5	75	60	80	16.750000	Eb5	75	80	
81	28.695833	G#4	68	56	81	17.000000	G#4	68	80	
82	28.707292	B3	59	43	82	17.000000	B3	59	80	
83	29.114583	C#5	73	60	83	17.250000	C#5	73	80	
84	29.129167	Bb3	58	38	84	17.250000	Bb3	58	80	
85	29.523958	G#4	68	47	85	17.500000	G#4	68	80	
86	29.948958	G4	67	46	86	17.750000	G4	67	80	
87	30.370833	G#3	56	57	88	18.000000	G#3	56	80	
88	30.390625	G#4	68	49	87	18.000000	G#4	68	80	
89	30.777083	E5	76	57	89	18.250000	E5	76	80	
90	30.788542	Bb3	58	64	90	18.250000	Bb3	58	80	
91	31.189583	B3	59	61	92	18.500000	B3	59	80	
92	31.220833	Eb5	75	53	91	18.500000	Eb5	75	80	
93	31.598958	Bb3	58	60	94	18.750000	Bb3	58	80	
94	31.620833	C#5	73	51	93	18.750000	C#5	73	80	
95	32.013542	B4	71	57	95	19.000000	B4	71	80	
96	32.018750	Eb4	63	59	96	19.000000	Eb4	63	80	
97	32.402083	Eb3	51	47	99	19.250000	Eb3	51	80	
98	32.423958	Bb4	70	48	97	19.250000	Bb4	70	80	
99	32.428125	G4	67	40	98	19.250000	G4	67	80	
100	32.820833	B4	71	49	100	19.500000	B4	71	80	
101	32.825000	G#4	68	38	101	19.500000	G#4	68	80	
102	32.833333	G#3	56	45	102	19.500000	G#3	56	80	
103	33.233333	B3	59	55	103	19.750000	B3	59	80	
104	33.628125	Eb5	75	64	104	20.000000	Eb5	75	80	
105	33.635417	Bb3	58	56	105	20.000000	Bb3	58	80	
106	34.053125	G#5	80	68	106	20.250000	G#5	80	80	
107	34.061458	B3	59	49	107	20.250000	B3	59	80	
108	34.434375	Bb3	58	47	108	20.500000	Bb3	58	80	
109	34.845833	G#3	56	36	110	20.750000	G#3	56	80	
110	34.863542	B4	71	45	109	20.750000	B4	71	80	
111	35.288542	Bb3	58	48	112	21.000000	Bb3	58	80	
112	35.290625	C#5	73	52	111	21.000000	C#5	73	80	
113	35.688542	B3	59	50	114	21.250000	B3	59	80	
114	35.690625	Eb5	75	65	113	21.250000	Eb5	75	80	
115	36.094792	G5	79	69	115	21.500000	G5	79	80	
116	36.115625	E5	76	52	116	21.500000	E5	76	80	
117	36.119792	C#4	61	44	117	21.500000	C#4	61	80	
118	36.518750	Eb5	75	57	119	21.750000	Eb5	75	80	
119	36.518750	G#5	80	58	118	21.750000	G#5	80	80	
120	36.533333	B3	59	51	120	21.750000	B3	59	80	
121	36.935417	E4	64	64	122	22.000000	E4	64	80	
122	36.939583	C#5	73	56	121	22.000000	C#5	73	80	
123	37.356250	B5	83	61	123	22.250000	B5	83	80	
124	37.369792	G#3	56	56	125	22.250000	G#3	56	80	
125	37.376042	B4	71	58	124	22.250000	B4	71	80	
126	37.786458	C#5	73	72	126	22.500000	C#5	73	80	
127	37.798958	Bb3	58	53	127	22.500000	Bb3	58	80	
128	38.194792	C#4	61	47	129	22.750000	C#4	61	80	
129	38.194792	Bb4	70	54	128	22.750000	Bb4	70	80	
130	38.577083	Eb5	75	59	130	23.000000	Eb5	75	80	
131	38.595833	G#4	68	53	131	23.000000	G#4	68	80	
132	38.610417	B3	59	49	132	23.000000	B3	59	80	
133	38.993750	E5	76	70	133	23.250000	E5	76	80	
134	39.001042	C#4	61	42	135	23.250000	C#4	61	80	
135	39.009375	F#4	66	55	134	23.250000	F#4	66	80	
136	39.409375	B3	59	49	137	23.500000	B3	59	80	
137	39.409375	Eb5	75	57	136	23.500000	Eb5	75	80	
138	39.811458	C#5	73	60	138	23.750000	C#5	73	80	
139	39.818750	Bb3	58	43	139	23.750000	Bb3	58	80	
140	40.298958	Eb5	75	64	140	24.000000	Eb5	75	80	
141	40.303125	B3	59	35	141	24.000000	B3	59	80	
142	40.705208	F#4	66	47	142	24.250000	F#4	66	80	
143	41.103125	B4	71	49	143	24.500000	B4	71	80	
144	41.121875	G#3	56	42	144	24.500000	G#3	56	80	
145	41.515625	F3	53	38	146	24.750000	F3	53	80	
146	41.521875	C#5	73	67	145	24.750000	C#5	73	80	
147	41.933333	G#4	68	62	147	25.000000	G#4	68	80	
148	42.331250	Bb4	70	58	148	25.250000	Bb4	70	80	
149	42.352083	G3	55	41	149	25.250000	G3	55	80	
150	42.748958	B4	71	65	150	25.500000	B4	71	80	
151	42.768750	G#3	56	42	151	25.500000	G#3	56	80	
152	43.187500	Eb4	63	46	152	25.750000	Eb4	63	80	
153	43.583333	G#4	68	53	153	26.000000	G#4	68	80	
154	43.602083	E3	52	46	154	26.000000	E3	52	80	
155	44.000000	Bb4	70	63	155	26.250000	Bb4	70	80	
156	44.018750	C#3	49	41	156	26.250000	C#3	49	80	
157	44.407292	F4	65	45	157	26.500000	F4	65	80	
158	44.812500	G4	67	54	158	26.750000	G4	67	80	
159	44.851042	Eb3	51	54	159	26.750000	Eb3	51	80	
160	45.262500	E3	52	47	162	27.000000	E3	52	80	
161	45.267708	G#4	68	63	160	27.000000	G#4	68	80	
162	45.689583	Bb4	70	63	163	27.250000	Bb4	70	80	
163	46.090625	B4	71	62	164	27.500000	B4	71	80	
164	46.102083	F3	53	41	165	27.500000	F3	53	80	
165	46.515625	Bb4	70	56	166	27.750000	Bb4	70	80	
166	46.519792	F#3	54	41	167	27.750000	F#3	54	80	
167	46.928125	Eb5	75	59	168	28.000000	Eb5	75	80	
168	47.343750	Eb4	63	41	169	28.250000	Eb4	63	80	
169	47.755208	G#4	68	51	170	28.500000	G#4	68	80	
170	48.157292	B4	71	55	171	28.750000	B4	71	80	
171	48.568750	Bb4	70	49	173	29.000000	Bb4	70	80	
172	48.573958	Eb5	75	54	172	29.000000	Eb5	75	80	
173	48.981250	Eb5	75	48	174	29.250000	Eb5	75	80	
174	48.997917	B4	71	53	175	29.250000	B4	71	80	
175	49.009375	F3	53	36	176	29.250000	F3	53	80	
176	49.391667	Bb4	70	45	177	29.500000	Bb4	70	80	
177	49.789583	D5	74	52	178	29.750000	D5	74	80	
178	49.794792	G#4	68	41	179	29.750000	G#4	68	80	
179	50.192708	Eb5	75	50	180	30.000000	Eb5	75	80	
180	50.205208	F#3	54	39	182	30.000000	F#3	54	80	
181	50.209375	Bb4	70	47	181	30.000000	Bb4	70	80	
182	50.628125	B4	71	52	183	30.250000	B4	71	80	
183	51.023958	C#5	73	63	184	30.500000	C#5	73	80	
184	51.047917	G3	55	40	185	30.500000	G3	55	80	
185	51.439583	B4	71	63	186	30.750000	B4	71	80	
186	51.459375	G#3	56	46	187	30.750000	G#3	56	80	
187	51.851042	E5	76	67	188	31.000000	E5	76	80	
188	52.260417	G#4	68	53	189	31.250000	G#4	68	80	
189	52.673958	Bb4	70	50	190	31.500000	Bb4	70	80	
190	53.093750	C#5	73	53	191	31.750000	C#5	73	80	
191	53.500000	E5	76	60	192	32.000000	E5	76	80	
192	53.503125	B4	71	46	193	32.000000	B4	71	80	
193	53.893750	Eb5	75	56	194	32.250000	Eb5	75	80	
194	53.895833	G3	55	41	196	32.250000	G3	55	80	
195	53.908333	C#5	73	47	195	32.250000	C#5	73	80	
196	54.304167	B4	71	48	197	32.500000	B4	71	80	
197	54.703125	C#5	73	53	198	32.750000	C#5	73	80	
198	54.710417	Bb4	70	48	199	32.750000	Bb4	70	80	
199	55.130208	G#3	56	38	202	33.000000	G#3	56	80	
200	55.134375	B4	71	51	200	33.000000	B4	71	80	
201	55.523958	B3	59	53	203	33.250000	B3	59	80	
202	55.919792	G#4	68	63	204	33.500000	G#4	68	80	
203	55.923958	E4	64	48	205	33.500000	E4	64	80	
204	56.341667	F#3	54	40	207	33.750000	F#3	54	80	
205	56.358333	Bb4	70	62	206	33.750000	Bb4	70	80	
206	56.748958	C#4	61	47	208	34.000000	C#4	61	80	
207	57.128125	Eb4	63	51	210	34.250000	Eb4	63	80	
208	57.150000	C5	72	68	209	34.250000	C5	72	80	
209	57.552083	E3	52	46	213	34.500000	E3	52	80	
210	57.554167	C#5	73	68	211	34.500000	C#5	73	80	
211	57.570833	G#3	56	47	212	34.500000	G#3	56	80	
212	57.948958	G#4	68	61	214	34.750000	G#4	68	80	
213	58.354167	C#5	73	70	215	35.000000	C#5	73	80	
214	58.728125	Eb3	51	64	216	35.250000	Eb3	51	80	
215	59.144792	Bb4	70	73	217	35.500000	Bb4	70	80	
216	59.540625	C5	72	81	218	35.750000	C5	72	80	
217	59.908333	C#3	49	51	220	36.000000	C#3	49	80	
218	59.953125	E5	76	82	219	36.000000	E5	76	80	
219	60.352083	G#3	56	48	221	36.250000	G#3	56	80	
220	60.742708	A4	69	43	222	36.500000	A4	69	80	
221	60.758333	C#4	61	38	223	36.500000	C#4	61	80	
222	61.136458	Eb5	75	71	224	36.750000	Eb5	75	80	
223	61.152083	F#4	66	56	225	36.750000	F#4	66	80	
224	61.514583	Bb3	58	38	226	37.000000	Bb3	58	80	
225	61.923958	G#4	68	48	227	37.250000	G#4	68	80	
226	61.946875	C4	60	45	228	37.250000	C4	60	80	
227	62.365625	E4	64	50	229	37.500000	E4	64	80	
228	62.370833	C#4	61	39	230	37.500000	C#4	61	80	
229	62.776042	C#5	73	56	231	37.750000	C#5	73	80	
230	63.186458	A5	81	69	232	38.000000	A5	81	80	
231	63.589583	Eb4	63	50	233	38.250000	Eb4	63	80	
232	63.613542	B3	59	42	234	38.250000	B3	59	80	
233	64.009375	G5	79	67	235	38.500000	G5	79	80	
234	64.441667	G#5	80	63	236	38.750000	G#5	80	80	
235	64.868750	C#5	73	63	237	39.000000	C#5	73	80	
236	64.888542	F4	65	43	238	39.000000	F4	65	80	
237	65.264583	G4	67	50	239	39.250000	G4	67	80	
238	65.281250	Bb3	58	44	240	39.250000	Bb3	58	80	
239	65.641667	G#4	68	53	241	39.500000	G#4	68	80	
240	65.667708	G#3	56	47	242	39.500000	G#3	56	80	
241	66.070833	Bb4	70	53	243	39.750000	Bb4	70	80	
242	66.085417	G3	55	43	244	39.750000	G3	55	80	
243	66.487500	Bb3	58	51	245	40.000000	Bb3	58	80	
244	66.873958	Eb3	51	57	246	40.250000	Eb3	51	80	
245	67.309375	B4	71	63	247	40.500000	B4	71	80	
246	67.316667	G#3	56	41	248	40.500000	G#3	56	80	
247	67.704167	G#4	68	49	249	40.750000	G#4	68	80	
248	68.129167	G#2	44	42	251	41.000000	G#2	44	80	
249	68.129167	F#4	66	52	250	41.000000	F#4	66	80	
250	68.542708	F4	65	43	252	41.250000	F4	65	80	
251	68.546875	G#3	56	38	253	41.250000	G#3	56	80	
252	68.953125	G#4	68	55	254	41.500000	G#4	68	80	
253	69.364583	Eb4	63	45	255	41.750000	Eb4	63	80	
254	69.760417	Bb4	70	60	256	42.000000	Bb4	70	80	
255	69.791667	D4	62	26	257	42.000000	D4	62	80	
256	70.169792	F#3	54	38	259	42.250000	F#3	54	80	
257	70.173958	Eb4	63	41	258	42.250000	Eb4	63	80	
258	70.581250	F4	65	44	260	42.500000	F4	65	80	
259	70.585417	F3	53	50	261	42.500000	F3	53	80	
260	70.996875	Eb3	51	54	263	42.750000	Eb3	51	80	
261	71.002083	F#4	66	44	262	42.750000	F#4	66	80	
262	71.407292	F#3	54	61	264	43.000000	F#3	54	80	
263	71.796875	Bb2	46	46	266	43.250000	Bb2	46	80	
264	71.814583	D5	74	62	265	43.250000	D5	74	80	
265	72.225000	Eb5	75	59	267	43.500000	Eb5	75	80	
266	72.234375	B2	47	51	268	43.500000	B2	47	80	
267	72.415625	C#3	49	57	269	43.561458	C#3	49	80	
268	72.506250	B2	47	62	270	43.623958	B2	47	80	
269	72.604167	C#3	49	55	271	43.687500	C#3	49	80	
270	72.611458	F5	77	71	273	43.750000	F5	77	80	
271	72.632292	G#4	68	55	274	43.750000	G#4	68	80	
272	72.697917	B2	47	55	272	43.748958	B2	47	80	
273	72.796875	C#3	49	53	275	43.811458	C#3	49	80	
274	72.886458	B2	47	56	276	43.875000	B2	47	80	
275	72.992708	C#3	49	44	277	43.936458	C#3	49	80	
276	73.021875	F#5	78	76	279	44.000000	F#5	78	80	
277	73.037500	Bb4	70	59	280	44.000000	Bb4	70	80	
278	73.080208	B2	47	57	278	43.998958	B2	47	80	
279	73.195833	C#3	49	44	281	44.062500	C#3	49	80	
280	73.286458	B2	47	57	282	44.123958	B2	47	80	
281	73.391667	C#3	49	43	283	44.186458	C#3	49	80	
282	73.426042	G#4	68	57	284	44.250000	G#4	68	80	
283	73.496875	B2	47	45	287	44.373958	B2	47	80	
284	73.619792	C#3	49	40	288	44.437500	C#3	49	80	
285	73.700000	B2	47	48	289	44.498958	B2	47	80	
286	73.784375	F5	77	60	290	44.500000	F5	77	80	
287	73.834375	C#3	49	44	291	44.561458	C#3	49	80	
288	73.915625	B2	47	56	292	44.625000	B2	47	80	
289	74.033333	C#3	49	46	293	44.686458	C#3	49	80	
290	74.136458	B2	47	42	294	44.748958	B2	47	80	
291	74.245833	C#3	49	42	296	44.812500	C#3	49	80	
292	74.245833	G#5	80	76	295	44.750000	G#5	80	80	
293	74.318750	B2	47	50	297	44.873958	B2	47	80	
294	74.454167	Bb2	46	45	*	-1	*	-1	-1	
295	74.538542	B2	47	45	298	44.936458	C#3	49	80	
296	74.689583	D5	74	62	299	45.000000	D5	74	80	
297	74.720833	Bb2	46	45	300	45.000000	Bb2	46	80	
298	75.095833	F5	77	68	301	45.250000	F5	77	80	
299	75.512500	Bb4	70	59	302	45.500000	Bb4	70	80	
300	75.946875	Eb5	75	71	303	45.750000	Eb5	75	80	
301	75.963542	F#4	66	44	304	45.750000	F#4	66	80	
302	76.352083	Bb4	70	50	305	46.000000	Bb4	70	80	
303	76.750000	Eb4	63	43	306	46.250000	Eb4	63	80	
304	77.159375	F4	65	42	307	46.500000	F4	65	80	
305	77.569792	F#4	66	54	308	46.750000	F#4	66	80	
306	77.981250	G#4	68	57	309	47.000000	G#4	68	80	
307	78.380208	D5	74	57	310	47.250000	D5	74	80	
308	78.802083	Bb4	70	41	311	47.500000	Bb4	70	80	
309	79.209375	F4	65	48	312	47.750000	F4	65	80	
310	79.632292	Eb3	51	63	315	48.000000	Eb3	51	80	
311	79.642708	Eb5	75	54	313	48.000000	Eb5	75	80	
312	79.654167	F#4	66	55	314	48.000000	F#4	66	80	
313	80.064583	F3	53	60	317	48.250000	F3	53	80	
314	80.100000	F4	65	47	316	48.250000	F4	65	80	
315	80.472917	F#3	54	62	319	48.500000	F#3	54	80	
316	80.491667	Eb4	63	43	318	48.500000	Eb4	63	80	
317	80.895833	F3	53	52	321	48.750000	F3	53	80	
318	80.903125	G#4	68	51	320	48.750000	G#4	68	80	
319	81.337500	Bb3	58	56	323	49.000000	Bb3	58	80	
320	81.342708	D4	62	46	322	49.000000	D4	62	80	
321	81.743750	F4	65	38	324	49.250000	F4	65	80	
322	81.748958	Bb2	46	47	325	49.250000	Bb2	46	80	
323	82.159375	Eb3	51	52	327	49.500000	Eb3	51	80	
324	82.178125	F#4	66	54	326	49.500000	F#4	66	80	
325	82.573958	F#3	54	55	329	49.750000	F#3	54	80	
326	82.583333	Eb4	63	39	328	49.750000	Eb4	63	80	
327	82.986458	F3	53	48	331	50.000000	F3	53	80	
328	83.014583	D4	62	41	330	50.000000	D4	62	80	
329	83.412500	F#3	54	54	333	50.250000	F#3	54	80	
330	83.412500	Eb4	63	43	332	50.250000	Eb4	63	80	
331	83.825000	F3	53	52	334	50.500000	F3	53	80	
332	84.240625	Eb3	51	42	336	50.750000	Eb3	51	80	
333	84.240625	B4	71	43	335	50.750000	B4	71	80	
334	84.680208	F3	53	46	338	51.000000	F3	53	80	
335	84.681250	C#4	61	43	337	51.000000	C#4	61	80	
336	85.093750	F#3	54	61	339	51.250000	F#3	54	80	
337	85.507292	G#3	56	59	341	51.500000	G#3	56	80	
338	85.523958	B4	71	48	340	51.500000	B4	71	80	
339	85.932292	F#3	54	60	343	51.750000	F#3	54	80	
340	85.932292	Bb4	70	52	342	51.750000	Bb4	70	80	
341	86.337500	B3	59	55	345	52.000000	B3	59	80	
342	86.341667	G#4	68	53	344	52.000000	G#4	68	80	
343	86.762500	Eb3	51	51	347	52.250000	Eb3	51	80	
344	86.766667	F#4	66	53	346	52.250000	F#4	66	80	
345	87.180208	F3	53	51	349	52.500000	F3	53	80	
346	87.185417	G#4	68	59	348	52.500000	G#4	68	80	
347	87.607292	B3	59	50	350	52.750000	B3	59	80	
348	87.612500	G#3	56	43	351	52.750000	G#3	56	80	
349	88.006250	Bb3	58	42	352	53.000000	Bb3	58	80	
350	88.027083	F#3	54	43	353	53.000000	F#3	54	80	
351	88.436458	B3	59	40	354	53.250000	B3	59	80	
352	88.451042	G#3	56	41	355	53.250000	G#3	56	80	
353	88.869792	G#4	68	50	356	53.500000	G#4	68	80	
354	88.872917	F#3	54	39	357	53.500000	F#3	54	80	
355	89.281250	F3	53	44	359	53.750000	F3	53	80	
356	89.283333	B3	59	44	358	53.750000	B3	59	80	
357	89.692708	Bb3	58	40	360	54.000000	Bb3	58	80	
358	89.696875	F#3	54	49	361	54.000000	F#3	54	80	
359	90.105208	E3	52	44	362	54.250000	E3	52	80	
360	90.509375	C4	60	47	363	54.500000	C4	60	80	
361	90.530208	Eb3	51	49	364	54.500000	Eb3	51	80	
362	90.940625	C#4	61	43	365	54.750000	C#4	61	80	
363	90.947917	E3	52	53	366	54.750000	E3	52	80	
364	91.353125	A3	57	52	367	55.000000	A3	57	80	
365	91.764583	C#3	49	39	369	55.250000	C#3	49	80	
366	91.771875	E4	64	55	368	55.250000	E4	64	80	
367	92.186458	F#4	66	51	370	55.500000	F#4	66	80	
368	92.190625	Eb3	51	45	371	55.500000	Eb3	51	80	
369	92.588542	A4	69	53	372	55.750000	A4	69	80	
370	93.004167	G#4	68	60	373	56.000000	G#4	68	80	
371	93.420833	A4	69	52	374	56.250000	A4	69	80	
372	93.430208	G#2	44	42	376	56.250000	G#2	44	80	
373	93.443750	C4	60	32	375	56.250000	C4	60	80	
374	93.842708	G#4	68	53	377	56.500000	G#4	68	80	
375	94.245833	F#4	66	53	378	56.750000	F#4	66	80	
376	94.646875	E4	64	50	379	57.000000	E4	64	80	
377	94.654167	C#3	49	37	381	57.000000	C#3	49	80	
378	94.658333	C#4	61	38	380	57.000000	C#4	61	80	
379	95.061458	G#4	68	58	382	57.250000	G#4	68	80	
380	95.071875	E3	52	44	383	57.250000	E3	52	80	
381	95.256250	F#4	66	65	384	57.375000	F#4	66	80	
382	95.448958	G#4	68	67	385	57.500000	G#4	68	80	
383	95.492708	C#3	49	38	386	57.500000	C#3	49	80	
384	95.634375	Bb4	70	73	387	57.625000	Bb4	70	80	
385	95.857292	B4	71	75	388	57.750000	B4	71	80	
386	95.884375	G#3	56	44	389	57.750000	G#3	56	80	
387	96.254167	Eb4	63	55	390	58.000000	Eb4	63	80	
388	96.655208	G#4	68	55	391	58.250000	G#4	68	80	
389	96.677083	F#3	54	31	392	58.250000	F#3	54	80	
390	97.075000	C#4	61	45	393	58.500000	C#4	61	80	
391	97.084375	E3	52	42	394	58.500000	E3	52	80	
392	97.469792	F#3	54	39	396	58.750000	F#3	54	80	
393	97.487500	E4	64	47	395	58.750000	E4	64	80	
394	97.887500	Eb4	63	53	397	59.000000	Eb4	63	80	
395	97.896875	G#3	56	38	398	59.000000	G#3	56	80	
396	98.296875	Bb4	70	59	399	59.250000	Bb4	70	80	
397	98.304167	C#3	49	38	401	59.250000	C#3	49	80	
398	98.312500	E4	64	41	400	59.250000	E4	64	80	
399	98.713542	Eb4	63	52	402	59.500000	Eb4	63	80	
400	99.088542	C#4	61	52	403	59.750000	C#4	61	80	
401	99.098958	F#3	54	48	404	59.750000	F#3	54	80	
402	99.498958	B4	71	71	405	60.000000	B4	71	80	
403	99.510417	B2	47	41	407	60.000000	B2	47	80	
404	99.526042	Eb4	63	48	406	60.000000	Eb4	63	80	
405	99.923958	F#3	54	42	408	60.250000	F#3	54	80	
406	100.341667	G#4	68	59	409	60.500000	G#4	68	80	
407	100.345833	B3	59	48	410	60.500000	B3	59	80	
408	100.742708	C#5	73	80	411	60.750000	C#5	73	80	
409	100.773958	F4	65	53	412	60.750000	F4	65	80	
410	101.130208	G#3	56	54	413	61.000000	G#3	56	80	
411	101.547917	G4	67	61	414	61.250000	G4	67	80	
412	101.557292	Bb3	58	53	415	61.250000	Bb3	58	80	
413	101.946875	Eb5	75	81	416	61.500000	Eb5	75	80	
414	101.961458	B4	71	56	417	61.500000	B4	71	80	
415	102.369792	Eb3	51	50	418	61.750000	Eb3	51	80	
416	102.783333	G#3	56	53	419	62.000000	G#3	56	80	
417	103.155208	E5	76	73	420	62.250000	E5	76	80	
418	103.169792	Bb4	70	53	421	62.250000	Bb4	70	80	
419	103.552083	Eb5	75	68	422	62.500000	Eb5	75	80	
420	103.569792	F3	53	42	423	62.500000	F3	53	80	
421	103.977083	C#5	73	64	424	62.750000	C#5	73	80	
422	104.009375	G3	55	45	425	62.750000	G3	55	80	
423	104.384375	G#3	56	42	428	63.000000	G#3	56	80	
424	104.392708	Eb4	63	43	427	63.000000	Eb4	63	80	
425	104.396875	B4	71	64	426	63.000000	B4	71	80	
426	104.809375	Eb5	75	68	429	63.250000	Eb5	75	80	
427	105.175000	F#5	78	76	430	63.500000	F#5	78	80	
428	105.200000	D4	62	54	431	63.500000	D4	62	80	
429	105.218750	Bb3	58	40	432	63.500000	Bb3	58	80	
430	105.617708	Eb4	63	51	433	63.750000	Eb4	63	80	
431	105.629167	B3	59	55	434	63.750000	B3	59	80	
432	106.044792	Eb5	75	72	435	64.000000	Eb5	75	80	
433	106.433333	F5	77	78	436	64.250000	F5	77	80	
434	106.447917	G#4	68	70	437	64.250000	G#4	68	80	
435	106.467708	D3	50	55	438	64.250000	D3	50	80	
436	106.865625	F#4	66	65	439	64.500000	F#4	66	80	
437	106.868750	Eb3	51	56	440	64.500000	Eb3	51	80	
438	107.271875	Bb4	70	73	441	64.750000	Bb4	70	80	
439	107.658333	Eb5	75	81	442	65.000000	Eb5	75	80	
440	107.678125	B2	47	44	443	65.000000	B2	47	80	
441	108.092708	F4	65	67	444	65.250000	F4	65	80	
442	108.104167	G#2	44	52	445	65.250000	G#2	44	80	
443	108.514583	C5	72	71	446	65.500000	C5	72	80	
444	108.935417	Bb2	46	51	448	65.750000	Bb2	46	80	
445	108.935417	D5	74	73	447	65.750000	D5	74	80	
446	109.386458	Eb5	75	68	449	66.000000	Eb5	75	80	
447	109.403125	Eb4	63	58	450	66.000000	Eb4	63	80	
448	109.407292	Eb3	51	58	451	66.000000	Eb3	51	80	
449	109.789583	D4	62	56	453	66.250000	D4	62	80	
450	109.808333	F5	77	81	452	66.250000	F5	77	80	
451	110.209375	C4	60	47	455	66.500000	C4	60	80	
452	110.213542	F#5	78	81	454	66.500000	F#5	78	80	
453	110.627083	F5	77	81	456	66.750000	F5	77	80	
454	110.664583	D4	62	49	457	66.750000	D4	62	80	
455	111.035417	Bb5	82	76	458	67.000000	Bb5	82	80	
456	111.054167	F#4	66	50	459	67.000000	F#4	66	80	
457	111.453125	F#3	54	54	461	67.250000	F#3	54	80	
458	111.466667	Bb4	70	49	460	67.250000	Bb4	70	80	
459	111.860417	Eb5	75	63	462	67.500000	Eb5	75	80	
460	111.862500	B3	59	46	463	67.500000	B3	59	80	
461	112.259375	F#5	78	68	464	67.750000	F#5	78	80	
462	112.288542	Eb4	63	42	465	67.750000	Eb4	63	80	
463	112.672917	F5	77	66	466	68.000000	F5	77	80	
464	112.677083	D4	62	46	467	68.000000	D4	62	80	
465	113.098958	F#5	78	73	468	68.250000	F#5	78	80	
466	113.116667	Eb4	63	40	469	68.250000	Eb4	63	80	
467	113.513542	G#4	68	49	471	68.500000	G#4	68	80	
468	113.513542	F5	77	61	470	68.500000	F5	77	80	
469	113.913542	Eb5	75	58	472	68.750000	Eb5	75	80	
470	113.925000	C4	60	47	473	68.750000	C4	60	80	
471	114.351042	C#4	61	41	475	69.000000	C#4	61	80	
472	114.364583	F5	77	54	474	69.000000	F5	77	80	
473	114.783333	F#5	78	73	476	69.250000	F#5	78	80	
474	115.188542	G#5	80	79	477	69.500000	G#5	80	80	
475	115.192708	B3	59	49	479	69.500000	B3	59	80	
476	115.192708	F4	65	47	478	69.500000	F4	65	80	
477	115.611458	F#5	78	78	480	69.750000	F#5	78	80	
478	115.612500	C#4	61	51	481	69.750000	C#4	61	80	
479	115.631250	Bb3	58	33	482	69.750000	Bb3	58	80	
480	116.027083	Eb4	63	51	484	70.000000	Eb4	63	80	
481	116.027083	B5	83	70	483	70.000000	B5	83	80	
482	116.427083	A3	57	51	487	70.250000	A3	57	80	
483	116.427083	F#4	66	54	486	70.250000	F#4	66	80	
484	116.427083	Eb5	75	66	485	70.250000	Eb5	75	80	
485	116.821875	F5	77	68	488	70.500000	F5	77	80	
486	116.831250	G#3	56	58	490	70.500000	G#3	56	80	
487	116.841667	B4	71	60	489	70.500000	B4	71	80	
488	117.237500	G#5	80	74	491	70.750000	G#5	80	80	
489	117.255208	B3	59	56	492	70.750000	B3	59	80	
490	117.626042	F#5	78	76	493	71.000000	F#5	78	80	
491	117.630208	Eb3	51	55	494	71.000000	Eb3	51	80	
492	118.025000	G#5	80	75	495	71.250000	G#5	80	80	
493	118.036458	Bb4	70	51	496	71.250000	Bb4	70	80	
494	118.043750	D3	50	53	497	71.250000	D3	50	80	
495	118.436458	F#5	78	73	498	71.500000	F#5	78	80	
496	118.448958	Bb2	46	44	499	71.500000	Bb2	46	80	
497	118.834375	F5	77	74	500	71.750000	F5	77	80	
498	118.859375	D3	50	39	501	71.750000	D3	50	80	
499	119.258333	F#5	78	70	502	72.000000	F#5	78	80	
500	119.282292	Eb3	51	36	503	72.000000	Eb3	51	80	
501	119.667708	C#5	73	54	504	72.250000	C#5	73	80	
502	120.050000	G5	79	67	505	72.500000	G5	79	80	
503	120.461458	G#2	44	44	507	72.750000	G#2	44	80	
504	120.471875	G#5	80	70	506	72.750000	G#5	80	80	
505	120.856250	Bb4	70	58	508	73.000000	Bb4	70	80	
506	121.237500	F#5	78	64	509	73.250000	F#5	78	80	
507	121.257292	C5	72	56	510	73.250000	C5	72	80	
508	121.682292	C#5	73	51	512	73.500000	C#5	73	80	
509	121.687500	E5	76	64	511	73.500000	E5	76	80	
510	121.702083	C#3	49	36	513	73.500000	C#3	49	80	
511	122.083333	B4	71	53	514	73.750000	B4	71	80	
512	122.493750	F5	77	66	515	74.000000	F5	77	80	
513	122.913542	F#5	78	69	516	74.250000	F#5	78	80	
514	122.922917	F#2	42	41	517	74.250000	F#2	42	80	
515	123.297917	G#4	68	50	518	74.500000	G#4	68	80	
516	123.681250	E5	76	62	519	74.750000	E5	76	80	
517	123.688542	Bb4	70	50	520	74.750000	Bb4	70	80	
518	124.106250	Eb5	75	60	521	75.000000	Eb5	75	80	
519	124.117708	B2	47	41	523	75.000000	B2	47	80	
520	124.123958	B4	71	49	522	75.000000	B4	71	80	
521	124.522917	Eb3	51	48	524	75.250000	Eb3	51	80	
522	124.927083	G#3	56	47	525	75.500000	G#3	56	80	
523	125.348958	C#5	73	59	526	75.750000	C#5	73	80	
524	125.358333	Bb4	70	46	527	75.750000	Bb4	70	80	
525	125.736458	G3	55	53	528	76.000000	G3	55	80	
526	126.131250	Bb3	58	51	529	76.250000	Bb3	58	80	
527	126.562500	B2	47	45	530	76.500000	B2	47	80	
528	126.990625	Eb4	63	38	531	76.750000	Eb4	63	80	
529	127.370833	B4	71	56	532	77.000000	B4	71	80	
530	127.394792	G#4	68	51	533	77.000000	G#4	68	80	
531	127.568750	G#4	68	7	*	-1	*	-1	-1	
532	127.791667	C#3	49	48	535	77.250000	C#3	49	80	
533	127.796875	E4	64	54	534	77.250000	E4	64	80	
534	128.209375	Bb4	70	57	536	77.500000	Bb4	70	80	
535	128.598958	C#5	73	66	537	77.750000	C#5	73	80	
536	129.016667	G4	67	62	538	78.000000	G4	67	80	
537	129.023958	Eb3	51	63	539	78.000000	Eb3	51	80	
538	129.439583	Eb4	63	58	540	78.250000	Eb4	63	80	
539	129.856250	Bb4	70	63	541	78.500000	Bb4	70	80	
540	129.858333	G2	43	54	543	78.500000	G2	43	80	
541	129.869792	C#4	61	52	542	78.500000	C#4	61	80	
542	130.276042	G#2	44	60	545	78.750000	G#2	44	80	
543	130.278125	B3	59	60	544	78.750000	B3	59	80	
544	130.680208	Eb4	63	60	546	79.000000	Eb4	63	80	
545	131.095833	B2	47	50	548	79.250000	B2	47	80	
546	131.111458	G#4	68	65	547	79.250000	G#4	68	80	
547	131.509375	C#3	49	63	550	79.500000	C#3	49	80	
548	131.516667	Bb3	58	52	549	79.500000	Bb3	58	80	
549	131.897917	E3	52	70	552	79.750000	E3	52	80	
550	131.897917	C#4	61	56	551	79.750000	C#4	61	80	
551	132.310417	C#5	73	67	553	80.000000	C#5	73	80	
552	132.317708	Bb2	46	64	555	80.000000	Bb2	46	80	
553	132.319792	E4	64	60	554	80.000000	E4	64	80	
554	132.758333	Eb3	51	73	557	80.250000	Eb3	51	80	
555	132.780208	G4	67	62	556	80.250000	G4	67	80	
556	133.185417	Eb4	63	49	558	80.500000	Eb4	63	80	
557	133.588542	Eb2	39	66	560	80.750000	Eb2	39	80	
558	133.613542	C#4	61	43	559	80.750000	C#4	61	80	
559	134.001042	G#4	68	56	561	81.000000	G#4	68	80	
560	134.012500	G#2	44	69	563	81.000000	G#2	44	80	
561	134.026042	B3	59	39	562	81.000000	B3	59	80	
562	134.409375	Bb2	46	63	565	81.250000	Bb2	46	80	
563	134.426042	Bb3	58	45	564	81.250000	Bb3	58	80	
564	134.836458	B2	47	58	568	81.500000	B2	47	80	
565	134.845833	Eb4	63	50	566	81.500000	Eb4	63	80	
566	134.850000	G#3	56	42	567	81.500000	G#3	56	80	
567	135.260417	Bb2	46	63	570	81.750000	Bb2	46	80	
568	135.260417	C#4	61	45	569	81.750000	C#4	61	80	
569	135.680208	B3	59	41	571	82.000000	B3	59	80	
570	135.693750	Eb3	51	67	572	82.000000	Eb3	51	80	
571	136.107292	Bb3	58	50	573	82.250000	Bb3	58	80	
572	136.111458	Eb2	39	60	575	82.250000	Eb2	39	80	
573	136.118750	G3	55	41	574	82.250000	G3	55	80	
574	136.541667	B3	59	52	576	82.500000	B3	59	80	
575	136.545833	G#2	44	60	578	82.500000	G#2	44	80	
576	136.545833	G#3	56	45	577	82.500000	G#3	56	80	
577	136.963542	B2	47	55	579	82.750000	B2	47	80	
578	137.364583	Bb2	46	57	581	83.000000	Bb2	46	80	
579	137.383333	Eb4	63	56	580	83.000000	Eb4	63	80	
580	137.792708	B2	47	52	583	83.250000	B2	47	80	
581	137.792708	G#4	68	59	582	83.250000	G#4	68	80	
582	138.204167	Bb2	46	53	584	83.500000	Bb2	46	80	
583	138.632292	B4	71	47	585	83.750000	B4	71	80	
584	138.634375	G#2	44	47	586	83.750000	G#2	44	80	
585	139.045833	Bb2	46	55	588	84.000000	Bb2	46	80	
586	139.050000	C#5	73	56	587	84.000000	C#5	73	80	
587	139.451042	B2	47	61	590	84.250000	B2	47	80	
588	139.455208	Eb5	75	57	589	84.250000	Eb5	75	80	
589	139.868750	C#3	49	58	593	84.500000	C#3	49	80	
590	139.868750	E5	76	59	591	84.500000	E5	76	80	
591	139.877083	G4	67	41	592	84.500000	G4	67	80	
592	140.301042	Eb5	75	57	594	84.750000	Eb5	75	80	
593	140.308333	B2	47	62	596	84.750000	B2	47	80	
594	140.329167	G#4	68	45	595	84.750000	G#4	68	80	
595	140.711458	E3	52	66	598	85.000000	E3	52	80	
596	140.728125	C#5	73	56	597	85.000000	C#5	73	80	
597	141.137500	B4	71	53	599	85.250000	B4	71	80	
598	141.140625	G#2	44	56	600	85.250000	G#2	44	80	
599	141.557292	Bb2	46	49	602	85.500000	Bb2	46	80	
600	141.557292	C#5	73	56	601	85.500000	C#5	73	80	
601	141.955208	C#3	49	51	604	85.750000	C#3	49	80	
602	141.955208	Bb4	70	39	603	85.750000	Bb4	70	80	
603	142.360417	G#4	68	47	605	86.000000	G#4	68	80	
604	142.366667	B2	47	50	606	86.000000	B2	47	80	
605	142.785417	C#3	49	47	608	86.250000	C#3	49	80	
606	142.789583	G4	67	47	607	86.250000	G4	67	80	
607	143.188542	B2	47	46	609	86.500000	B2	47	80	
608	143.611458	Bb2	46	44	611	86.750000	Bb2	46	80	
609	143.611458	Eb5	75	48	610	86.750000	Eb5	75	80	
610	144.008333	B2	47	49	613	87.000000	B2	47	80	
611	144.021875	Eb5	75	53	612	87.000000	Eb5	75	80	
612	144.422917	Eb3	51	53	614	87.250000	Eb3	51	80	
613	144.831250	G2	43	35	616	87.500000	G2	43	80	
614	144.847917	Bb4	70	44	615	87.500000	Bb4	70	80	
615	145.248958	G#2	44	46	618	87.750000	G#2	44	80	
616	145.258333	B4	71	55	617	87.750000	B4	71	80	
617	145.644792	B2	47	45	619	88.000000	B2	47	80	
618	146.069792	Eb2	39	44	621	88.250000	Eb2	39	80	
619	146.088542	G4	67	48	620	88.250000	G4	67	80	
620	146.448958	E2	40	41	623	88.500000	E2	40	80	
621	146.465625	G#4	68	49	622	88.500000	G#4	68	80	
622	146.662500	F#2	42	47	624	88.561458	F#2	42	80	
623	146.760417	E2	40	40	625	88.623958	E2	40	80	
624	146.845833	F#2	42	60	626	88.687500	F#2	42	80	
625	146.855208	Bb4	70	59	628	88.750000	Bb4	70	80	
626	146.941667	E2	40	57	627	88.748958	E2	40	80	
627	147.058333	F#2	42	41	629	88.811458	F#2	42	80	
628	147.144792	E2	40	38	630	88.875000	E2	40	80	
629	147.236458	B4	71	58	633	89.000000	B4	71	80	
630	147.250000	F#2	42	45	634	89.062500	F#2	42	80	
631	147.338542	E2	40	49	635	89.123958	E2	40	80	
632	147.460417	F#2	42	40	636	89.186458	F#2	42	80	
633	147.543750	E2	40	42	638	89.250000	E2	40	80	
634	147.642708	D5	74	61	637	89.250000	D5	74	80	
635	147.648958	F#2	42	41	639	89.311458	F#2	42	80	
636	147.752083	E2	40	36	640	89.373958	E2	40	80	
637	147.864583	F#2	42	37	641	89.437500	F#2	42	80	
638	147.959375	E2	40	46	642	89.498958	E2	40	80	
639	148.073958	Bb4	70	56	643	89.500000	Bb4	70	80	
640	148.078125	F#2	42	39	644	89.561458	F#2	42	80	
641	148.177083	E2	40	40	645	89.625000	E2	40	80	
642	148.290625	F#2	42	40	646	89.686458	F#2	42	80	
643	148.385417	E2	40	36	647	89.748958	E2	40	80	
644	148.465625	G#4	68	48	648	89.750000	G#4	68	80	
645	148.491667	F#2	42	37	647	89.748958	E2	40	80	
646	148.580208	E2	40	49	649	89.812500	F#2	42	80	
647	148.700000	Eb2	39	49	650	89.873958	E2	40	80	
648	148.818750	E2	40	32	651	89.936458	F#2	42	80	
649	148.979167	Eb2	39	34	653	90.000000	Eb2	39	80	
650	148.983333	Eb5	75	53	652	90.000000	Eb5	75	80	
651	149.461458	G4	67	42	654	90.250000	G4	67	80	
652	149.946875	Eb3	51	37	656	90.500000	Eb3	51	80	
653	150.025000	Eb5	75	57	655	90.500000	Eb5	75	80	
654	150.455208	D5	74	65	657	90.750000	D5	74	80	
655	150.483333	F3	53	19	658	90.750000	F3	53	80	
656	150.876042	G#3	56	38	659	91.000000	G#3	56	80	
657	151.301042	C#5	73	58	660	91.250000	C#5	73	80	
658	151.306250	G3	55	35	661	91.250000	G3	55	80	
659	151.703125	C5	72	54	662	91.500000	C5	72	80	
660	151.714583	G#3	56	39	663	91.500000	G#3	56	80	
661	152.103125	Eb3	51	44	664	91.750000	Eb3	51	80	
662	152.500000	G#3	56	39	666	92.000000	G#3	56	80	
663	152.522917	B4	71	49	665	92.000000	B4	71	80	
664	152.919792	Bb4	70	53	667	92.250000	Bb4	70	80	
665	153.338542	F#3	54	41	668	92.500000	F#3	54	80	
666	153.516667	F3	53	41	669	92.625000	F3	53	80	
667	153.750000	F#3	54	36	671	92.750000	F#3	54	80	
668	153.766667	C5	72	58	670	92.750000	C5	72	80	
669	154.184375	F3	53	36	673	93.000000	F3	53	80	
670	154.192708	C#5	73	69	672	93.000000	C#5	73	80	
671	154.598958	Bb3	58	56	674	93.250000	Bb3	58	80	
672	154.995833	G#3	56	44	676	93.500000	G#3	56	80	
673	155.015625	D5	74	67	675	93.500000	D5	74	80	
674	155.434375	F#3	54	37	678	93.750000	F#3	54	80	
675	155.445833	Eb5	75	70	677	93.750000	Eb5	75	80	
676	155.840625	B3	59	49	679	94.000000	B3	59	80	
677	156.238542	Bb3	58	42	680	94.250000	Bb3	58	80	
678	156.658333	G#3	56	35	681	94.500000	G#3	56	80	
679	157.052083	Bb3	58	40	682	94.750000	Bb3	58	80	
680	157.461458	B3	59	37	683	95.000000	B3	59	80	
681	157.853125	D5	74	46	684	95.250000	D5	74	80	
682	157.859375	F3	53	40	685	95.250000	F3	53	80	
683	158.073958	Eb5	75	62	686	95.311458	Eb5	75	80	
684	158.171875	D5	74	53	687	95.373958	D5	74	80	
685	158.247917	Bb3	58	40	690	95.500000	Bb3	58	80	
686	158.269792	Eb5	75	58	688	95.437500	Eb5	75	80	
687	158.356250	D5	74	57	689	95.498958	D5	74	80	
688	158.417708	Eb5	75	60	691	95.561458	Eb5	75	80	
689	158.506250	D5	74	61	692	95.625000	D5	74	80	
690	158.586458	Eb5	75	59	693	95.686458	Eb5	75	80	
691	158.593750	G#3	56	36	695	95.750000	G#3	56	80	
692	158.659375	D5	74	59	694	95.748958	D5	74	80	
693	158.773958	C5	72	51	696	95.812500	Eb5	75	80	
694	158.859375	D5	74	49	697	95.873958	D5	74	80	
695	159.008333	G3	55	40	700	96.000000	G3	55	80	
696	159.021875	Eb5	75	56	698	95.936458	Eb5	75	80	
697	159.420833	G#3	56	45	701	96.250000	G#3	56	80	
698	159.813542	C#5	73	55	702	96.500000	C#5	73	80	
699	159.822917	Bb3	58	38	703	96.500000	Bb3	58	80	
700	160.197917	Eb3	51	41	705	96.750000	Eb3	51	80	
701	160.221875	B4	71	46	704	96.750000	B4	71	80	
702	160.638542	G#3	56	35	706	97.000000	G#3	56	80	
703	161.039583	F#3	54	42	708	97.250000	F#3	54	80	
704	161.039583	Bb4	70	45	707	97.250000	Bb4	70	80	
705	161.457292	E3	52	37	710	97.500000	E3	52	80	
706	161.459375	G#4	68	55	709	97.500000	G#4	68	80	
707	161.856250	F#3	54	40	711	97.750000	F#3	54	80	
708	162.261458	G#4	68	59	713	98.000000	G#4	68	80	
709	162.261458	C#5	73	57	712	98.000000	C#5	73	80	
710	162.269792	E3	52	44	714	98.000000	E3	52	80	
711	162.664583	G4	67	59	715	98.250000	G4	67	80	
712	162.672917	Eb3	51	46	716	98.250000	Eb3	51	80	
713	163.080208	E3	52	41	718	98.500000	E3	52	80	
714	163.080208	Bb4	70	48	717	98.500000	Bb4	70	80	
715	163.476042	F#4	66	52	720	98.750000	F#4	66	80	
716	163.476042	C5	72	58	719	98.750000	C5	72	80	
717	163.488542	Eb3	51	49	721	98.750000	Eb3	51	80	
718	163.906250	C#3	49	46	724	99.000000	C#3	49	80	
719	163.906250	F4	65	48	723	99.000000	F4	65	80	
720	163.908333	C#5	73	54	722	99.000000	C#5	73	80	
721	164.302083	G#4	68	66	725	99.250000	G#4	68	80	
722	164.451042	G#4	68	6	*	-1	*	-1	-1	
723	164.690625	Bb4	70	66	726	99.500000	Bb4	70	80	
724	164.700000	E4	64	64	727	99.500000	E4	64	80	
725	164.705208	C#2	37	53	728	99.500000	C#2	37	80	
726	165.100000	B4	71	69	729	99.750000	B4	71	80	
727	165.105208	G#2	44	56	731	99.750000	G#2	44	80	
728	165.110417	Eb4	63	65	730	99.750000	Eb4	63	80	
729	165.507292	G2	43	45	733	100.000000	G2	43	80	
730	165.511458	C#5	73	65	732	100.000000	C#5	73	80	
731	165.889583	B4	71	65	734	100.250000	B4	71	80	
732	165.892708	F4	65	60	735	100.250000	F4	65	80	
733	165.907292	G#2	44	46	736	100.250000	G#2	44	80	
734	166.337500	F#4	66	59	738	100.500000	F#4	66	80	
735	166.340625	Bb4	70	60	737	100.500000	Bb4	70	80	
736	166.352083	Eb2	39	50	739	100.500000	Eb2	39	80	
737	166.745833	Eb5	75	60	740	100.750000	Eb5	75	80	
738	167.137500	C#5	73	69	741	101.000000	C#5	73	80	
739	167.143750	G4	67	59	742	101.000000	G4	67	80	
740	167.552083	G#4	68	69	744	101.250000	G#4	68	80	
741	167.559375	B4	71	57	743	101.250000	B4	71	80	
742	167.965625	E5	76	62	745	101.500000	E5	76	80	
743	168.389583	Eb5	75	59	746	101.750000	Eb5	75	80	
744	168.790625	C#5	73	52	747	102.000000	C#5	73	80	
745	169.215625	Eb5	75	54	748	102.250000	Eb5	75	80	
746	169.635417	E5	76	59	749	102.500000	E5	76	80	
747	170.015625	Bb4	70	52	750	102.750000	Bb4	70	80	
748	170.043750	G4	67	45	751	102.750000	G4	67	80	
749	170.234375	G#4	68	54	*	-1	*	-1	-1	
750	170.326042	G4	67	49	*	-1	*	-1	-1	
751	170.412500	G#4	68	51	*	-1	*	-1	-1	
752	170.419792	Eb5	75	52	752	103.000000	Eb5	75	80	
753	170.496875	G4	67	58	*	-1	*	-1	-1	
754	170.610417	G#4	68	51	*	-1	*	-1	-1	
755	170.706250	G4	67	52	*	-1	*	-1	-1	
756	170.795833	G#4	68	61	*	-1	*	-1	-1	
757	170.836458	C#5	73	53	753	103.250000	C#5	73	80	
758	170.888542	G4	67	53	*	-1	*	-1	-1	
759	171.015625	F4	65	39	*	-1	*	-1	-1	
760	171.098958	G4	67	44	*	-1	*	-1	-1	
761	171.235417	B4	71	46	754	103.500000	B4	71	80	
762	171.240625	G#4	68	52	*	-1	*	-1	-1	
763	171.641667	C#5	73	50	756	103.750000	C#5	73	80	
764	172.028125	F#4	66	48	758	104.000000	F#4	66	80	
765	172.033333	Eb5	75	49	757	104.000000	Eb5	75	80	
766	172.439583	G#4	68	48	759	104.250000	G#4	68	80	
767	172.445833	E4	64	52	760	104.250000	E4	64	80	
768	172.859375	C#5	73	62	761	104.500000	C#5	73	80	
769	173.277083	Eb5	75	55	762	104.750000	Eb5	75	80	
770	173.288542	Eb4	63	44	763	104.750000	Eb4	63	80	
771	173.675000	C#4	61	40	765	105.000000	C#4	61	80	
772	173.685417	E5	76	58	764	105.000000	E5	76	80	
773	174.096875	E4	64	53	766	105.250000	E4	64	80	
774	174.485417	C#4	61	57	768	105.500000	C#4	61	80	
775	174.497917	A4	69	47	767	105.500000	A4	69	80	
776	174.906250	C4	60	64	770	105.750000	C4	60	80	
777	174.906250	Eb5	75	57	769	105.750000	Eb5	75	80	
778	175.334375	G#4	68	38	771	106.000000	G#4	68	80	
779	175.496875	F#4	66	47	772	106.125000	F#4	66	80	
780	175.721875	G#4	68	52	773	106.250000	G#4	68	80	
781	175.727083	B3	59	65	774	106.250000	B3	59	80	
782	176.140625	Bb3	58	61	776	106.500000	Bb3	58	80	
783	176.140625	C#5	73	67	775	106.500000	C#5	73	80	
784	176.533333	C#4	61	56	777	106.750000	C#4	61	80	
785	176.930208	A3	57	65	779	107.000000	A3	57	80	
786	176.930208	F#4	66	69	778	107.000000	F#4	66	80	
787	177.339583	G#3	56	67	781	107.250000	G#3	56	80	
788	177.339583	B4	71	66	780	107.250000	B4	71	80	
789	177.733333	G#5	80	78	782	107.500000	G#5	80	80	
790	177.747917	E4	64	64	783	107.500000	E4	64	80	
791	177.937500	Eb4	63	64	784	107.625000	Eb4	63	80	
792	178.135417	E4	64	70	785	107.750000	E4	64	80	
793	178.148958	Bb3	58	65	786	107.750000	Bb3	58	80	
794	178.560417	F#5	78	73	787	108.000000	F#5	78	80	
795	178.564583	Eb4	63	60	788	108.000000	Eb4	63	80	
796	178.568750	B3	59	63	789	108.000000	B3	59	80	
797	178.955208	E5	76	65	790	108.250000	E5	76	80	
798	178.968750	G#4	68	58	791	108.250000	G#4	68	80	
799	179.356250	F#4	66	58	793	108.500000	F#4	66	80	
800	179.361458	Eb5	75	60	792	108.500000	Eb5	75	80	
801	179.379167	C4	60	56	794	108.500000	C4	60	80	
802	179.783333	C#4	61	52	796	108.750000	C#4	61	80	
803	179.802083	E4	64	63	795	108.750000	E4	64	80	
804	180.179167	C#5	73	64	797	109.000000	C#5	73	80	
805	180.188542	A4	69	44	798	109.000000	A4	69	80	
806	180.371875	C5	72	66	799	109.125000	C5	72	80	
807	180.572917	C#5	73	56	800	109.250000	C#5	73	80	
808	180.583333	G#4	68	50	801	109.250000	G#4	68	80	
809	181.007292	F#4	66	49	803	109.500000	F#4	66	80	
810	181.020833	Eb5	75	56	802	109.500000	Eb5	75	80	
811	181.414583	G#4	68	47	804	109.750000	G#4	68	80	
812	181.816667	A4	69	45	805	110.000000	A4	69	80	
813	182.241667	Eb4	63	48	806	110.250000	Eb4	63	80	
814	182.245833	C4	60	41	807	110.250000	C4	60	80	
815	182.659375	G#4	68	46	808	110.500000	G#4	68	80	
816	183.073958	F#4	66	38	809	110.750000	F#4	66	80	
817	183.482292	C#4	61	35	811	111.000000	C#4	61	80	
818	183.486458	E4	64	52	810	111.000000	E4	64	80	
819	183.906250	G#4	68	56	812	111.250000	G#4	68	80	
820	184.295833	C#5	73	68	813	111.500000	C#5	73	80	
821	184.315625	B3	59	41	814	111.500000	B3	59	80	
822	184.714583	Bb3	58	46	815	111.750000	Bb3	58	80	
823	185.108333	B4	71	61	816	112.000000	B4	71	80	
824	185.311458	Bb4	70	60	817	112.125000	Bb4	70	80	
825	185.523958	B4	71	61	818	112.250000	B4	71	80	
826	185.534375	G#3	56	34	819	112.250000	G#3	56	80	
827	185.938542	Bb4	70	53	820	112.500000	Bb4	70	80	
828	185.954167	F#3	54	42	821	112.500000	F#3	54	80	
829	186.367708	C#4	61	49	822	112.750000	C#4	61	80	
830	186.777083	F#4	66	53	823	113.000000	F#4	66	80	
831	186.786458	E3	52	36	824	113.000000	E3	52	80	
832	187.187500	Eb3	51	42	825	113.250000	Eb3	51	80	
833	187.584375	E4	64	48	826	113.500000	E4	64	80	
834	187.787500	Eb4	63	48	827	113.625000	Eb4	63	80	
835	187.987500	E4	64	54	828	113.750000	E4	64	80	
836	188.014583	C#3	49	37	829	113.750000	C#3	49	80	
837	188.381250	B2	47	42	831	114.000000	B2	47	80	
838	188.385417	Eb4	63	45	830	114.000000	Eb4	63	80	
839	188.767708	F#3	54	44	832	114.250000	F#3	54	80	
840	189.180208	G#4	68	52	833	114.500000	G#4	68	80	
841	189.184375	B3	59	34	834	114.500000	B3	59	80	
842	189.619792	C#5	73	71	835	114.750000	C#5	73	80	
843	189.629167	E4	64	51	836	114.750000	E4	64	80	
844	190.018750	Bb3	58	47	837	115.000000	Bb3	58	80	
845	190.203125	G#3	56	47	838	115.125000	G#3	56	80	
846	190.397917	Bb3	58	47	839	115.250000	Bb3	58	80	
847	190.806250	B4	71	62	840	115.500000	B4	71	80	
848	190.821875	Eb4	63	46	841	115.500000	Eb4	63	80	
849	191.220833	Eb3	51	41	842	115.750000	Eb3	51	80	
850	191.639583	G#3	56	38	843	116.000000	G#3	56	80	
851	192.018750	Bb4	70	58	844	116.250000	Bb4	70	80	
852	192.037500	C#4	61	38	845	116.250000	C#4	61	80	
853	192.425000	G3	55	40	846	116.500000	G3	55	80	
854	192.613542	F3	53	45	847	116.625000	F3	53	80	
855	192.836458	G3	55	42	848	116.750000	G3	55	80	
856	193.263542	G#3	56	37	850	117.000000	G#3	56	80	
857	193.265625	B3	59	31	849	117.000000	B3	59	80	
858	193.670833	G#4	68	54	851	117.250000	G#4	68	80	
859	194.104167	G#5	80	65	852	117.500000	G#5	80	80	
860	194.135417	E3	52	44	854	117.500000	E3	52	80	
861	194.135417	C#4	61	40	853	117.500000	C#4	61	80	
862	194.522917	G5	79	68	855	117.750000	G5	79	80	
863	194.530208	Eb3	51	44	856	117.750000	Eb3	51	80	
864	194.920833	Bb3	58	49	857	118.000000	Bb3	58	80	
865	195.332292	C4	60	50	859	118.250000	C4	60	80	
866	195.332292	F#5	78	74	858	118.250000	F#5	78	80	
867	195.751042	F5	77	75	860	118.500000	F5	77	80	
868	195.753125	Bb3	58	49	862	118.500000	Bb3	58	80	
869	195.758333	C#4	61	48	861	118.500000	C#4	61	80	
870	196.157292	G#3	56	46	863	118.750000	G#3	56	80	
871	196.569792	E5	76	63	864	119.000000	E5	76	80	
872	196.575000	G3	55	41	865	119.000000	G3	55	80	
873	196.973958	Eb5	75	60	866	119.250000	Eb5	75	80	
874	196.979167	G#3	56	43	867	119.250000	G#3	56	80	
875	197.395833	B3	59	54	868	119.500000	B3	59	80	
876	197.815625	D3	50	50	870	119.750000	D3	50	80	
877	197.829167	F5	77	77	869	119.750000	F5	77	80	
878	198.234375	F#5	78	74	871	120.000000	F#5	78	80	
879	198.236458	Eb3	51	66	872	120.000000	Eb3	51	80	
880	198.637500	Bb3	58	74	873	120.250000	Bb3	58	80	
881	199.025000	G5	79	79	874	120.500000	G5	79	80	
882	199.034375	Bb2	46	62	875	120.500000	Bb2	46	80	
883	199.435417	B2	47	63	877	120.750000	B2	47	80	
884	199.440625	G#5	80	82	876	120.750000	G#5	80	80	
885	199.850000	Eb3	51	58	878	121.000000	Eb3	51	80	
886	200.269792	C3	48	57	880	121.250000	C3	48	80	
887	200.273958	F#3	54	53	879	121.250000	F#3	54	80	
888	200.665625	C#3	49	68	881	121.500000	C#3	49	80	
889	201.069792	F3	53	62	882	121.750000	F3	53	80	
890	201.472917	D3	50	61	884	122.000000	D3	50	80	
891	201.472917	B3	59	68	883	122.000000	B3	59	80	
892	201.882292	Eb3	51	68	886	122.250000	Eb3	51	80	
893	201.882292	G5	79	81	885	122.250000	G5	79	80	
894	202.283333	Bb3	58	67	887	122.500000	Bb3	58	80	
895	202.478125	G#3	56	68	888	122.625000	G#3	56	80	
896	202.701042	E3	52	64	890	122.750000	E3	52	80	
897	202.701042	Bb3	58	67	889	122.750000	Bb3	58	80	
898	202.888542	G3	55	69	891	122.875000	G3	55	80	
899	203.105208	F3	53	57	893	123.000000	F3	53	80	
900	203.105208	G#3	56	70	892	123.000000	G#3	56	80	
901	203.507292	F5	77	77	894	123.250000	F5	77	80	
902	203.909375	G5	79	78	895	123.500000	G5	79	80	
903	203.926042	C4	60	52	896	123.500000	C4	60	80	
904	204.294792	G#5	80	79	897	123.750000	G#5	80	80	
905	204.304167	F4	65	50	898	123.750000	F4	65	80	
906	204.694792	F3	53	58	899	124.000000	F3	53	80	
907	205.085417	A5	81	76	900	124.250000	A5	81	80	
908	205.094792	Eb3	51	59	901	124.250000	Eb3	51	80	
909	205.496875	C#3	49	54	903	124.500000	C#3	49	80	
910	205.501042	Bb5	82	73	902	124.500000	Bb5	82	80	
911	205.892708	Bb4	70	60	904	124.750000	Bb4	70	80	
912	205.907292	C#4	61	50	905	124.750000	C#4	61	80	
913	206.283333	C5	72	52	906	125.000000	C5	72	80	
914	206.314583	C4	60	48	907	125.000000	C4	60	80	
915	206.686458	Bb3	58	42	909	125.250000	Bb3	58	80	
916	206.686458	C#5	73	57	908	125.250000	C#5	73	80	
917	207.096875	Bb4	70	48	910	125.500000	Bb4	70	80	
918	207.493750	G#4	68	45	912	125.750000	G#4	68	80	
919	207.506250	D5	74	52	911	125.750000	D5	74	80	
920	207.907292	Eb5	75	55	913	126.000000	Eb5	75	80	
921	207.909375	F#4	66	49	914	126.000000	F#4	66	80	
922	208.285417	F#5	78	75	915	126.250000	F#5	78	80	
923	208.288542	Eb4	63	57	916	126.250000	Eb4	63	80	
924	208.682292	G#5	80	72	917	126.500000	G#5	80	80	
925	208.684375	F4	65	58	918	126.500000	F4	65	80	
926	209.102083	Bb5	82	73	919	126.750000	Bb5	82	80	
927	209.107292	F#4	66	49	920	126.750000	F#4	66	80	
928	209.508333	Eb5	75	43	921	127.000000	Eb5	75	80	
929	209.902083	C#5	73	52	922	127.250000	C#5	73	80	
930	209.910417	G4	67	40	923	127.250000	G4	67	80	
931	210.296875	G#4	68	49	925	127.500000	G#4	68	80	
932	210.312500	C5	72	50	924	127.500000	C5	72	80	
933	210.719792	G#5	80	69	926	127.750000	G#5	80	80	
934	210.721875	G#3	56	53	927	127.750000	G#3	56	80	
935	211.114583	C#5	73	53	928	128.000000	C#5	73	80	
936	211.123958	Bb3	58	43	929	128.000000	Bb3	58	80	
937	211.506250	B3	59	48	931	128.250000	B3	59	80	
938	211.506250	Eb5	75	56	930	128.250000	Eb5	75	80	
939	211.907292	F5	77	66	932	128.500000	F5	77	80	
940	212.285417	C4	60	41	934	128.750000	C4	60	80	
941	212.294792	F#5	78	64	933	128.750000	F#5	78	80	
942	212.713542	F5	77	63	935	129.000000	F5	77	80	
943	212.716667	C#4	61	39	936	129.000000	C#4	61	80	
944	213.109375	C#3	49	50	938	129.250000	C#3	49	80	
945	213.113542	C#5	73	52	937	129.250000	C#5	73	80	
946	213.501042	F#5	78	73	939	129.500000	F#5	78	80	
947	213.515625	Eb3	51	52	940	129.500000	Eb3	51	80	
948	213.909375	G#5	80	76	941	129.750000	G#5	80	80	
949	213.918750	E3	52	48	942	129.750000	E3	52	80	
950	214.302083	Bb4	70	57	943	130.000000	Bb4	70	80	
951	214.685417	B4	71	48	944	130.250000	B4	71	80	
952	214.692708	F3	53	41	945	130.250000	F3	53	80	
953	215.079167	Bb4	70	46	946	130.500000	Bb4	70	80	
954	215.095833	F#3	54	42	947	130.500000	F#3	54	80	
955	215.471875	F#5	78	65	948	130.750000	F#5	78	80	
956	215.485417	F#2	42	40	949	130.750000	F#2	42	80	
957	215.880208	G#2	44	43	951	131.000000	G#2	44	80	
958	215.880208	B4	71	42	950	131.000000	B4	71	80	
959	216.287500	A2	45	42	953	131.250000	A2	45	80	
960	216.293750	C#5	73	61	952	131.250000	C#5	73	80	
961	216.685417	Eb5	75	61	954	131.500000	Eb5	75	80	
962	217.068750	E5	76	59	955	131.750000	E5	76	80	
963	217.086458	Bb2	46	40	956	131.750000	Bb2	46	80	
964	217.490625	Eb5	75	59	957	132.000000	Eb5	75	80	
965	217.505208	B2	47	34	958	132.000000	B2	47	80	
966	217.893750	B4	71	49	959	132.250000	B4	71	80	
967	218.285417	C#5	73	55	960	132.500000	C#5	73	80	
968	218.308333	C#3	49	45	962	132.500000	C#3	49	80	
969	218.313542	Bb4	70	43	961	132.500000	Bb4	70	80	
970	218.692708	B4	71	60	963	132.750000	B4	71	80	
971	218.696875	Eb3	51	48	964	132.750000	Eb3	51	80	
972	219.096875	F#4	66	46	965	133.000000	F#4	66	80	
973	219.494792	F3	53	41	967	133.250000	F3	53	80	
974	219.509375	G#4	68	55	966	133.250000	G#4	68	80	
975	219.915625	F#3	54	46	969	133.500000	F#3	54	80	
976	219.915625	Bb4	70	64	968	133.500000	Bb4	70	80	
977	220.318750	F#4	66	51	970	133.750000	F#4	66	80	
978	220.709375	C5	72	59	971	134.000000	C5	72	80	
979	220.720833	G#3	56	42	972	134.000000	G#3	56	80	
980	221.100000	C#5	73	65	973	134.250000	C#5	73	80	
981	221.113542	Bb3	58	43	974	134.250000	Bb3	58	80	
982	221.282292	Eb5	75	66	975	134.375000	Eb5	75	80	
983	221.487500	E5	76	75	976	134.500000	E5	76	80	
984	221.888542	Eb5	75	61	977	134.750000	Eb5	75	80	
985	221.912500	C4	60	37	978	134.750000	C4	60	80	
986	222.309375	C#4	61	40	980	135.000000	C#4	61	80	
987	222.313542	G#4	68	49	979	135.000000	G#4	68	80	
988	222.708333	C#3	49	46	982	135.250000	C#3	49	80	
989	222.717708	F4	65	49	981	135.250000	F4	65	80	
990	223.084375	G4	67	62	983	135.500000	G4	67	80	
991	223.097917	Eb3	51	51	984	135.500000	Eb3	51	80	
992	223.464583	C#5	73	73	985	135.750000	C#5	73	80	
993	223.473958	F3	53	49	987	135.750000	F3	53	80	
994	223.479167	G#4	68	54	986	135.750000	G#4	68	80	
995	223.660417	Bb4	70	62	988	135.875000	Bb4	70	80	
996	223.879167	B4	71	61	989	136.000000	B4	71	80	
997	224.290625	Bb4	70	55	990	136.250000	Bb4	70	80	
998	224.307292	G3	55	46	991	136.250000	G3	55	80	
999	224.689583	G#3	56	59	993	136.500000	G#3	56	80	
1000	224.698958	Eb4	63	60	992	136.500000	Eb4	63	80	
1001	225.082292	B4	71	65	994	136.750000	B4	71	80	
1002	225.467708	Bb3	58	59	996	137.000000	Bb3	58	80	
1003	225.486458	C#5	73	68	995	137.000000	C#5	73	80	
1004	225.885417	B3	59	62	999	137.250000	B3	59	80	
1005	225.892708	Eb5	75	64	997	137.250000	Eb5	75	80	
1006	225.902083	G#4	68	56	998	137.250000	G#4	68	80	
1007	226.071875	C#4	61	61	1001	137.375000	C#4	61	80	
1008	226.071875	C#5	73	69	1000	137.375000	C#5	73	80	
1009	226.273958	Eb4	63	68	1003	137.500000	Eb4	63	80	
1010	226.286458	B4	71	68	1002	137.500000	B4	71	80	
1011	226.481250	Bb4	70	62	1004	137.625000	Bb4	70	80	
1012	226.680208	C#4	61	57	1006	137.750000	C#4	61	80	
1013	226.689583	B4	71	53	1005	137.750000	B4	71	80	
1014	226.882292	E5	76	74	1007	137.875000	E5	76	80	
1015	227.088542	Bb4	70	68	1008	138.000000	Bb4	70	80	
1016	227.114583	Eb4	63	64	1009	138.000000	Eb4	63	80	
1017	227.505208	G4	67	62	1010	138.250000	G4	67	80	
1018	227.919792	Eb5	75	65	1011	138.500000	Eb5	75	80	
1019	228.317708	E5	76	66	1012	138.750000	E5	76	80	
1020	228.701042	C#5	73	56	1013	139.000000	C#5	73	80	
1021	229.115625	Bb5	82	65	1014	139.250000	Bb5	82	80	
1022	229.510417	Eb5	75	63	1015	139.500000	Eb5	75	80	
1023	229.908333	B4	71	42	1016	139.750000	B4	71	80	
1024	230.271875	G#5	80	59	1017	140.000000	G#5	80	80	
1025	230.669792	C#5	73	52	1018	140.250000	C#5	73	80	
1026	231.056250	Bb4	70	42	1019	140.500000	Bb4	70	80	
1027	231.247917	E5	76	57	1020	140.625000	E5	76	80	
1028	231.461458	Eb5	75	58	1021	140.750000	Eb5	75	80	
1029	231.651042	C#5	73	54	1022	140.875000	C#5	73	80	
1030	231.868750	B4	71	53	1023	141.000000	B4	71	80	
1031	232.251042	G#4	68	48	1024	141.250000	G#4	68	80	
1032	232.445833	F#4	66	53	1025	141.375000	F#4	66	80	
1033	232.644792	E4	64	57	1026	141.500000	E4	64	80	
1034	232.839583	Eb4	63	57	1027	141.625000	Eb4	63	80	
1035	233.055208	C#4	61	47	1028	141.750000	C#4	61	80	
1036	233.456250	Bb4	70	51	1029	142.000000	Bb4	70	80	
1037	233.666667	G#4	68	50	1030	142.125000	G#4	68	80	
1038	233.855208	G4	67	41	1031	142.250000	G4	67	80	
1039	234.062500	F4	65	43	1032	142.375000	F4	65	80	
1040	234.287500	Eb4	63	48	1033	142.500000	Eb4	63	80	
1041	234.656250	Eb5	75	57	1034	142.750000	Eb5	75	80	
1042	235.066667	G#4	68	60	1035	143.000000	G#4	68	80	
1043	235.082292	B3	59	50	1036	143.000000	B3	59	80	
1044	235.479167	Bb3	58	51	1037	143.250000	Bb3	58	80	
1045	235.672917	G#3	56	53	1038	143.375000	G#3	56	80	
1046	235.872917	Bb3	58	55	1040	143.500000	Bb3	58	80	
1047	235.878125	G4	67	49	1039	143.500000	G4	67	80	
1048	236.267708	Eb3	51	49	1042	143.750000	Eb3	51	80	
1049	236.273958	C#5	73	57	1041	143.750000	C#5	73	80	
1050	236.719792	G#3	56	51	1044	144.000000	G#3	56	80	
1051	236.743750	G#2	44	54	1045	144.000000	G#2	44	80	
1052	236.743750	B4	71	60	1043	144.000000	B4	71	80	
1053	237.156250	Bb2	46	59	1046	144.250000	Bb2	46	80	
1054	237.553125	B2	47	57	1048	144.500000	B2	47	80	
1055	237.559375	G#4	68	49	1047	144.500000	G#4	68	80	
1056	237.965625	Bb2	46	57	1050	144.750000	Bb2	46	80	
1057	237.997917	G4	67	38	1049	144.750000	G4	67	80	
1058	238.380208	Eb3	51	58	1051	145.000000	Eb3	51	80	
1059	238.787500	Eb2	39	51	1053	145.250000	Eb2	39	80	
1060	238.787500	F#4	66	44	1052	145.250000	F#4	66	80	
1061	239.184375	G#2	44	54	1055	145.500000	G#2	44	80	
1062	239.191667	F4	65	45	1054	145.500000	F4	65	80	
1063	239.601042	B2	47	53	1056	145.750000	B2	47	80	
1064	240.001042	Bb2	46	54	1058	146.000000	Bb2	46	80	
1065	240.001042	E4	64	49	1057	146.000000	E4	64	80	
1066	240.404167	Eb4	63	47	1059	146.250000	Eb4	63	80	
1067	240.409375	B2	47	47	1060	146.250000	B2	47	80	
1068	240.800000	Bb2	46	54	1061	146.500000	Bb2	46	80	
1069	241.211458	G#2	44	49	1063	146.750000	G#2	44	80	
1070	241.225000	F4	65	43	1062	146.750000	F4	65	80	
1071	241.622917	Bb2	46	55	1065	147.000000	Bb2	46	80	
1072	241.635417	F#4	66	52	1064	147.000000	F#4	66	80	
1073	242.017708	B2	47	59	1066	147.250000	B2	47	80	
1074	242.435417	C#3	49	59	1068	147.500000	C#3	49	80	
1075	242.435417	G4	67	46	1067	147.500000	G4	67	80	
1076	242.847917	B2	47	49	1070	147.750000	B2	47	80	
1077	242.875000	G#4	68	52	1069	147.750000	G#4	68	80	
1078	243.264583	E3	52	49	1071	148.000000	E3	52	80	
1079	243.675000	G#2	44	47	1072	148.250000	G#2	44	80	
1080	244.087500	Bb2	46	48	1073	148.500000	Bb2	46	80	
1081	244.468750	C#3	49	46	1074	148.750000	C#3	49	80	
1082	244.890625	B2	47	45	1075	149.000000	B2	47	80	
1083	245.297917	C#3	49	44	1077	149.250000	C#3	49	80	
1084	245.300000	G4	67	44	1076	149.250000	G4	67	80	
1085	245.686458	B2	47	45	1078	149.500000	B2	47	80	
1086	246.098958	Bb2	46	45	1079	149.750000	Bb2	46	80	
1087	246.511458	B2	47	41	1081	150.000000	B2	47	80	
1088	246.526042	G#4	68	48	1080	150.000000	G#4	68	80	
1089	246.925000	Eb3	51	54	1083	150.250000	Eb3	51	80	
1090	246.925000	B4	71	58	1082	150.250000	B4	71	80	
1091	247.329167	G#3	56	55	1085	150.500000	G#3	56	80	
1092	247.329167	Eb4	63	57	1084	150.500000	Eb4	63	80	
1093	247.722917	E4	64	58	1086	150.750000	E4	64	80	
1094	248.115625	G3	55	50	1088	151.000000	G3	55	80	
1095	248.143750	Eb4	63	45	1087	151.000000	Eb4	63	80	
1096	248.314583	F3	53	48	1089	151.125000	F3	53	80	
1097	248.535417	G3	55	42	1091	151.250000	G3	55	80	
1098	248.535417	C#4	61	47	1090	151.250000	C#4	61	80	
1099	248.922917	G#3	56	65	1093	151.500000	G#3	56	80	
1100	248.936458	B3	59	58	1092	151.500000	B3	59	80	
1101	249.113542	Eb4	63	45	1094	151.625000	Eb4	63	80	
1102	249.329167	B3	59	61	1096	151.750000	B3	59	80	
1103	249.340625	G#4	68	64	1095	151.750000	G#4	68	80	
1104	249.745833	Eb4	63	65	1098	152.000000	Eb4	63	80	
1105	249.745833	F#4	66	61	1097	152.000000	F#4	66	80	
1106	250.152083	F4	65	60	1099	152.250000	F4	65	80	
1107	250.565625	Bb4	70	61	1100	152.500000	Bb4	70	80	
1108	250.570833	D4	62	55	1101	152.500000	D4	62	80	
1109	250.765625	C4	60	52	1102	152.625000	C4	60	80	
1110	250.975000	G#4	68	67	1103	152.750000	G#4	68	80	
1111	250.987500	D4	62	55	1104	152.750000	D4	62	80	
1112	251.404167	F#4	66	56	1106	153.000000	F#4	66	80	
1113	251.404167	Eb5	75	67	1105	153.000000	Eb5	75	80	
1114	251.413542	Eb4	63	53	1107	153.000000	Eb4	63	80	
1115	251.823958	F5	77	73	1108	153.250000	F5	77	80	
1116	252.211458	F#5	78	79	1109	153.500000	F#5	78	80	
1117	252.230208	Eb3	51	60	1111	153.500000	Eb3	51	80	
1118	252.230208	Eb4	63	63	1110	153.500000	Eb4	63	80	
1119	252.634375	Bb3	58	57	1114	153.750000	Bb3	58	80	
1120	252.639583	D4	62	64	1113	153.750000	D4	62	80	
1121	252.639583	F5	77	78	1112	153.750000	F5	77	80	
1122	253.048958	Bb5	82	78	1115	154.000000	Bb5	82	80	
1123	253.445833	Bb4	70	68	1116	154.250000	Bb4	70	80	
1124	253.448958	C#4	61	55	1117	154.250000	C#4	61	80	
1125	253.460417	G3	55	52	1118	154.250000	G3	55	80	
1126	253.847917	Eb5	75	67	1119	154.500000	Eb5	75	80	
1127	253.861458	G#3	56	51	1121	154.500000	G#3	56	80	
1128	253.861458	C4	60	48	1120	154.500000	C4	60	80	
1129	254.254167	F#5	78	72	1122	154.750000	F#5	78	80	
1130	254.650000	F5	77	71	1123	155.000000	F5	77	80	
1131	254.655208	B3	59	59	1124	155.000000	B3	59	80	
1132	254.659375	D3	50	52	1125	155.000000	D3	50	80	
1133	255.060417	Eb3	51	47	1128	155.250000	Eb3	51	80	
1134	255.064583	F#5	78	70	1126	155.250000	F#5	78	80	
1135	255.069792	Bb3	58	56	1127	155.250000	Bb3	58	80	
1136	255.479167	F5	77	61	1129	155.500000	F5	77	80	
1137	255.882292	Eb5	75	59	1130	155.750000	Eb5	75	80	
1138	255.891667	C4	60	49	1131	155.750000	C4	60	80	
1139	256.293750	F5	77	64	1132	156.000000	F5	77	80	
1140	256.307292	C#4	61	38	1133	156.000000	C#4	61	80	
1141	256.314583	Bb3	58	42	1134	156.000000	Bb3	58	80	
1142	256.692708	F#5	78	76	1135	156.250000	F#5	78	80	
1143	257.098958	G#5	80	75	1136	156.500000	G#5	80	80	
1144	257.108333	D4	62	49	1137	156.500000	D4	62	80	
1145	257.501042	F#5	78	77	1138	156.750000	F#5	78	80	
1146	257.529167	Eb4	63	41	1139	156.750000	Eb4	63	80	
1147	257.920833	B5	83	67	1140	157.000000	B5	83	80	
1148	257.933333	G#3	56	44	1141	157.000000	G#3	56	80	
1149	258.301042	Eb5	75	65	1142	157.250000	Eb5	75	80	
1150	258.321875	F#3	54	45	1143	157.250000	F#3	54	80	
1151	258.717708	G#3	56	50	1145	157.500000	G#3	56	80	
1152	258.730208	F5	77	67	1144	157.500000	F5	77	80	
1153	259.113542	G#5	80	68	1146	157.750000	G#5	80	80	
1154	259.498958	F#5	78	72	1147	158.000000	F#5	78	80	
1155	259.911458	G#5	80	60	1148	158.250000	G#5	80	80	
1156	259.921875	D4	62	47	1149	158.250000	D4	62	80	
1157	259.955208	Bb3	58	44	1150	158.250000	Bb3	58	80	
1158	260.316667	F#5	78	65	1151	158.500000	F#5	78	80	
1159	260.725000	F5	77	68	1152	158.750000	F5	77	80	
1160	261.131250	F#5	78	77	1153	159.000000	F#5	78	80	
1161	261.147917	Eb3	51	45	1155	159.000000	Eb3	51	80	
1162	261.147917	Eb4	63	52	1154	159.000000	Eb4	63	80	
1163	261.531250	Bb4	70	57	1156	159.250000	Bb4	70	80	
1164	261.907292	B2	47	47	1158	159.500000	B2	47	80	
1165	261.938542	Eb5	75	62	1157	159.500000	Eb5	75	80	
1166	262.320833	F5	77	77	1159	159.750000	F5	77	80	
1167	262.330208	G#2	44	50	1160	159.750000	G#2	44	80	
1168	262.748958	C#5	73	58	1161	160.000000	C#5	73	80	
1169	262.911458	B4	71	50	1162	160.125000	B4	71	80	
1170	263.108333	E5	76	67	1163	160.250000	E5	76	80	
1171	263.123958	C#5	73	53	1164	160.250000	C#5	73	80	
1172	263.133333	Bb2	46	44	1165	160.250000	Bb2	46	80	
1173	263.512500	Eb5	75	60	1166	160.500000	Eb5	75	80	
1174	263.523958	B2	47	40	1167	160.500000	B2	47	80	
1175	263.910417	F#4	66	41	1168	160.750000	F#4	66	80	
1176	264.312500	Eb3	51	36	1170	161.000000	Eb3	51	80	
1177	264.312500	B4	71	47	1169	161.000000	B4	71	80	
1178	264.702083	D5	74	63	1171	161.250000	D5	74	80	
1179	264.713542	F3	53	42	1172	161.250000	F3	53	80	
1180	265.125000	Bb4	70	32	1173	161.500000	Bb4	70	80	
1181	265.272917	G#4	68	45	1174	161.625000	G#4	68	80	
1182	265.469792	Bb4	70	44	1176	161.750000	Bb4	70	80	
1183	265.469792	C#5	73	62	1175	161.750000	C#5	73	80	
1184	265.492708	G3	55	40	1177	161.750000	G3	55	80	
1185	265.869792	G#3	56	47	1180	162.000000	G#3	56	80	
1186	265.871875	B4	71	59	1178	162.000000	B4	71	80	
1187	266.268750	Eb5	75	70	1181	162.250000	Eb5	75	80	
1188	266.670833	B3	59	41	1183	162.500000	B3	59	80	
1189	266.678125	G#5	80	74	1182	162.500000	G#5	80	80	
1190	267.072917	Bb4	70	65	1184	162.750000	Bb4	70	80	
1191	267.097917	C#4	61	47	1185	162.750000	C#4	61	80	
1192	267.491667	F#5	78	69	1186	163.000000	F#5	78	80	
1193	267.655208	E5	76	70	1187	163.125000	E5	76	80	
1194	267.872917	F#5	78	76	1188	163.250000	F#5	78	80	
1195	267.882292	A4	69	66	1189	163.250000	A4	69	80	
1196	267.888542	Eb4	63	54	1190	163.250000	Eb4	63	80	
1197	268.309375	G#4	68	76	1191	163.500000	G#4	68	80	
1198	268.320833	E4	64	65	1192	163.500000	E4	64	80	
1199	268.694792	B4	71	68	1193	163.750000	B4	71	80	
1200	269.114583	E5	76	71	1194	164.000000	E5	76	80	
1201	269.118750	C#4	61	49	1195	164.000000	C#4	61	80	
1202	269.537500	Bb3	58	58	1197	164.250000	Bb3	58	80	
1203	269.551042	G4	67	75	1196	164.250000	G4	67	80	
1204	269.962500	Eb5	75	62	1198	164.500000	Eb5	75	80	
1205	270.146875	C#5	73	63	1199	164.625000	C#5	73	80	
1206	270.357292	Eb5	75	67	1200	164.750000	Eb5	75	80	
1207	270.363542	F#4	66	64	1201	164.750000	F#4	66	80	
1208	270.382292	C4	60	59	1202	164.750000	C4	60	80	
1209	270.804167	C#5	73	59	1203	165.000000	C#5	73	80	
1210	270.817708	E4	64	64	1204	165.000000	E4	64	80	
1211	270.827083	C#4	61	55	1205	165.000000	C#4	61	80	
1212	271.210417	C4	60	58	1208	165.250000	C4	60	80	
1213	271.210417	F#4	66	63	1207	165.250000	F#4	66	80	
1214	271.216667	Eb5	75	67	1206	165.250000	Eb5	75	80	
1215	271.614583	E5	76	67	1209	165.500000	E5	76	80	
1216	271.618750	G#4	68	53	1210	165.500000	G#4	68	80	
1217	271.621875	Bb3	58	50	1211	165.500000	Bb3	58	80	
1218	272.019792	Eb5	75	66	1212	165.750000	Eb5	75	80	
1219	272.023958	F#4	66	52	1213	165.750000	F#4	66	80	
1220	272.034375	B3	59	45	1214	165.750000	B3	59	80	
1221	272.413542	Bb3	58	52	1216	166.000000	Bb3	58	80	
1222	272.413542	B4	71	65	1215	166.000000	B4	71	80	
1223	272.823958	B3	59	57	1218	166.250000	B3	59	80	
1224	272.840625	G#3	56	42	1219	166.250000	G#3	56	80	
1225	272.840625	D5	74	52	1217	166.250000	D5	74	80	
1226	273.243750	C#5	73	69	1220	166.500000	C#5	73	80	
1227	273.245833	A3	57	54	1222	166.500000	A3	57	80	
1228	273.253125	E4	64	56	1221	166.500000	E4	64	80	
1229	273.655208	G#4	68	70	1223	166.750000	G#4	68	80	
1230	274.057292	C5	72	70	1224	167.000000	C5	72	80	
1231	274.061458	F#4	66	63	1225	167.000000	F#4	66	80	
1232	274.066667	Eb3	51	53	1226	167.000000	Eb3	51	80	
1233	274.461458	G#4	68	56	1228	167.250000	G#4	68	80	
1234	274.462500	B4	71	63	1227	167.250000	B4	71	80	
1235	274.485417	E3	52	50	1229	167.250000	E3	52	80	
1236	274.872917	F#4	66	59	1230	167.500000	F#4	66	80	
1237	275.258333	C#5	73	68	1231	167.750000	C#5	73	80	
1238	275.273958	E2	40	40	1233	167.750000	E2	40	80	
1239	275.273958	E4	64	53	1232	167.750000	E4	64	80	
1240	275.655208	D5	74	71	1234	168.000000	D5	74	80	
1241	275.668750	F#4	66	58	1235	168.000000	F#4	66	80	
1242	275.677083	B2	47	44	1236	168.000000	B2	47	80	
1243	276.065625	G#4	68	72	1237	168.250000	G#4	68	80	
1244	276.444792	Eb5	75	71	1238	168.500000	Eb5	75	80	
1245	276.459375	A4	69	56	1239	168.500000	A4	69	80	
1246	276.472917	C3	48	54	1240	168.500000	C3	48	80	
1247	276.851042	E5	76	70	1241	168.750000	E5	76	80	
1248	276.858333	G#4	68	58	1242	168.750000	G#4	68	80	
1249	276.878125	C#3	49	47	1243	168.750000	C#3	49	80	
1250	277.264583	C#5	73	62	1244	169.000000	C#5	73	80	
1251	277.659375	E4	64	54	1245	169.250000	E4	64	80	
1252	277.672917	G#3	56	45	1246	169.250000	G#3	56	80	
1253	278.069792	F#4	66	51	1247	169.500000	F#4	66	80	
1254	278.079167	A3	57	46	1248	169.500000	A3	57	80	
1255	278.471875	A4	69	47	1249	169.750000	A4	69	80	
1256	278.844792	G#4	68	54	1250	170.000000	G#4	68	80	
1257	278.863542	C#4	61	34	1251	170.000000	C#4	61	80	
1258	279.234375	Eb5	75	51	1252	170.250000	Eb5	75	80	
1259	279.236458	F#3	54	41	1254	170.250000	F#3	54	80	
1260	279.245833	A4	69	43	1253	170.250000	A4	69	80	
1261	279.609375	G#4	68	54	1255	170.500000	G#4	68	80	
1262	280.029167	F#4	66	49	1256	170.750000	F#4	66	80	
1263	280.042708	B3	59	35	1257	170.750000	B3	59	80	
1264	280.443750	E5	76	57	1258	171.000000	E5	76	80	
1265	280.455208	G#4	68	48	1259	171.000000	G#4	68	80	
1266	280.470833	E3	52	35	1260	171.000000	E3	52	80	
1267	280.857292	B3	59	45	1261	171.250000	B3	59	80	
1268	281.257292	G#4	68	59	1262	171.500000	G#4	68	80	
1269	281.272917	E4	64	47	1264	171.500000	E4	64	80	
1270	281.644792	Bb4	70	58	1265	171.750000	Bb4	70	80	
1271	281.664583	G4	67	54	1266	171.750000	G4	67	80	
1272	282.070833	Eb4	63	41	1267	172.000000	Eb4	63	80	
1273	282.262500	C#4	61	38	1268	172.125000	C#4	61	80	
1274	282.439583	F#4	66	41	1270	172.250000	F#4	66	80	
1275	282.439583	C5	72	62	1269	172.250000	C5	72	80	
1276	282.471875	Eb4	63	37	1271	172.250000	Eb4	63	80	
1277	282.832292	C#5	73	62	1272	172.500000	C#5	73	80	
1278	282.852083	F4	65	38	1273	172.500000	F4	65	80	
1279	283.243750	G#3	56	43	1274	172.750000	G#3	56	80	
1280	283.625000	A4	69	43	1275	173.000000	A4	69	80	
1281	283.632292	E4	64	47	1276	173.000000	E4	64	80	
1282	283.646875	C#4	61	32	1277	173.000000	C#4	61	80	
1283	284.053125	F#4	66	50	1278	173.250000	F#4	66	80	
1284	284.068750	Eb4	63	43	1279	173.250000	Eb4	63	80	
1285	284.446875	C4	60	40	1280	173.500000	C4	60	80	
1286	284.639583	Bb3	58	40	1281	173.625000	Bb3	58	80	
1287	284.841667	G#4	68	53	1282	173.750000	G#4	68	80	
1288	284.865625	C4	60	33	1283	173.750000	C4	60	80	
1289	285.248958	E4	64	48	1284	174.000000	E4	64	80	
1290	285.258333	C#4	61	40	1285	174.000000	C#4	61	80	
1291	285.668750	C#3	49	46	1287	174.250000	C#3	49	80	
1292	285.672917	C#4	61	45	1286	174.250000	C#4	61	80	
1293	286.086458	A4	69	57	1288	174.500000	A4	69	80	
1294	286.102083	C#4	61	42	1289	174.500000	C#4	61	80	
1295	286.484375	C4	60	45	1290	174.750000	C4	60	80	
1296	286.897917	G#4	68	50	1291	175.000000	G#4	68	80	
1297	287.070833	F#4	66	55	1292	175.125000	F#4	66	80	
1298	287.279167	G#4	68	55	1293	175.250000	G#4	68	80	
1299	287.284375	B3	59	36	1294	175.250000	B3	59	80	
1300	287.701042	Bb3	58	46	1295	175.500000	Bb3	58	80	
1301	288.089583	C#4	61	46	1296	175.750000	C#4	61	80	
1302	288.508333	A3	57	37	1298	176.000000	A3	57	80	
1303	288.508333	F#4	66	52	1297	176.000000	F#4	66	80	
1304	288.914583	G#3	56	47	1299	176.250000	G#3	56	80	
1305	289.320833	F4	65	47	1300	176.500000	F4	65	80	
1306	289.494792	Eb4	63	49	1301	176.625000	Eb4	63	80	
1307	289.701042	B4	71	56	1302	176.750000	B4	71	80	
1308	289.703125	F4	65	42	1303	176.750000	F4	65	80	
1309	289.710417	C#4	61	40	1304	176.750000	C#4	61	80	
1310	290.137500	F#3	54	41	1306	177.000000	F#3	54	80	
1311	290.142708	F#4	66	62	1305	177.000000	F#4	66	80	
1312	290.546875	Bb4	70	64	1307	177.250000	Bb4	70	80	
1313	290.557292	E3	52	46	1308	177.250000	E3	52	80	
1314	290.943750	C5	72	73	1309	177.500000	C5	72	80	
1315	290.960417	Eb3	51	49	1310	177.500000	Eb3	51	80	
1316	291.352083	C#5	73	82	1311	177.750000	C#5	73	80	
1317	291.363542	C#3	49	48	1312	177.750000	C#3	49	80	
1318	291.753125	B2	47	47	1314	178.000000	B2	47	80	
1319	291.771875	F4	65	62	1313	178.000000	F4	65	80	
1320	292.157292	Bb2	46	56	1316	178.250000	Bb2	46	80	
1321	292.157292	G4	67	64	1315	178.250000	G4	67	80	
1322	292.564583	G#2	44	61	1318	178.500000	G#2	44	80	
1323	292.575000	G#4	68	62	1317	178.500000	G#4	68	80	
1324	292.955208	C5	72	66	1319	178.750000	C5	72	80	
1325	292.959375	G#3	56	63	1320	178.750000	G#3	56	80	
1326	293.358333	Bb3	58	62	1322	179.000000	Bb3	58	80	
1327	293.360417	D5	74	78	1321	179.000000	D5	74	80	
1328	293.788542	B3	59	60	1324	179.250000	B3	59	80	
1329	293.788542	Eb5	75	77	1323	179.250000	Eb5	75	80	
1330	294.173958	C#4	61	55	1326	179.500000	C#4	61	80	
1331	294.181250	G4	67	58	1325	179.500000	G4	67	80	
1332	294.576042	A4	69	62	1327	179.750000	A4	69	80	
1333	294.581250	B3	59	58	1328	179.750000	B3	59	80	
1334	294.976042	Bb3	58	56	1330	180.000000	Bb3	58	80	
1335	294.994792	Bb4	70	68	1329	180.000000	Bb4	70	80	
1336	295.400000	Bb2	46	48	1332	180.250000	Bb2	46	80	
1337	295.405208	D5	74	63	1331	180.250000	D5	74	80	
1338	295.784375	Eb5	75	71	1333	180.500000	Eb5	75	80	
1339	295.796875	C3	48	43	1334	180.500000	C3	48	80	
1340	296.173958	F5	77	79	1335	180.750000	F5	77	80	
1341	296.180208	D3	50	46	1336	180.750000	D3	50	80	
1342	296.598958	C3	48	36	1337	181.000000	C3	48	80	
1343	296.983333	G#4	68	53	1338	181.250000	G#4	68	80	
1344	296.990625	D3	50	46	1339	181.250000	D3	50	80	
1345	297.381250	F#4	66	55	1340	181.500000	F#4	66	80	
1346	297.393750	Eb3	51	49	1341	181.500000	Eb3	51	80	
1347	297.787500	G#3	56	38	1343	181.750000	G#3	56	80	
1348	297.804167	Eb5	75	56	1342	181.750000	Eb5	75	80	
1349	297.969792	D5	74	66	1344	181.875000	D5	74	80	
1350	298.187500	F#3	54	50	1346	182.000000	F#3	54	80	
1351	298.192708	Eb5	75	60	1345	182.000000	Eb5	75	80	
1352	298.583333	F3	53	52	1347	182.250000	F3	53	80	
1353	298.986458	Bb3	58	51	1349	182.500000	Bb3	58	80	
1354	299.004167	C#5	73	61	1348	182.500000	C#5	73	80	
1355	299.167708	B4	71	68	1350	182.625000	B4	71	80	
1356	299.384375	C#5	73	67	1351	182.750000	C#5	73	80	
1357	299.395833	Bb4	70	50	1352	182.750000	Bb4	70	80	
1358	299.401042	G#3	56	54	1353	182.750000	G#3	56	80	
1359	299.792708	Eb4	63	63	1354	183.000000	Eb4	63	80	
1360	299.800000	G3	55	55	1355	183.000000	G3	55	80	
1361	300.209375	Eb3	51	48	1357	183.250000	Eb3	51	80	
1362	300.212500	Eb5	75	60	1356	183.250000	Eb5	75	80	
1363	300.611458	G3	55	41	1359	183.500000	G3	55	80	
1364	300.620833	C#5	73	58	1358	183.500000	C#5	73	80	
1365	301.021875	G#3	56	50	1361	183.750000	G#3	56	80	
1366	301.029167	B4	71	61	1360	183.750000	B4	71	80	
1367	301.430208	C#4	61	47	1363	184.000000	C#4	61	80	
1368	301.434375	E5	76	66	1362	184.000000	E5	76	80	
1369	301.844792	Eb5	75	60	1364	184.250000	Eb5	75	80	
1370	301.855208	B3	59	52	1365	184.250000	B3	59	80	
1371	302.270833	Bb3	58	54	1367	184.500000	Bb3	58	80	
1372	302.278125	C#5	73	58	1366	184.500000	C#5	73	80	
1373	302.672917	B3	59	55	1369	184.750000	B3	59	80	
1374	302.677083	Eb5	75	60	1368	184.750000	Eb5	75	80	
1375	303.075000	C#4	61	55	1371	185.000000	C#4	61	80	
1376	303.080208	E5	76	64	1370	185.000000	E5	76	80	
1377	303.505208	Eb4	63	62	1373	185.250000	Eb4	63	80	
1378	303.505208	Bb4	70	58	1372	185.250000	Bb4	70	80	
1379	303.529167	G3	55	53	1374	185.250000	G3	55	80	
1380	303.913542	Eb5	75	67	1375	185.500000	Eb5	75	80	
1381	304.334375	Eb3	51	53	1377	185.750000	Eb3	51	80	
1382	304.334375	C#5	73	59	1376	185.750000	C#5	73	80	
1383	304.737500	G#3	56	54	1379	186.000000	G#3	56	80	
1384	304.753125	B4	71	66	1378	186.000000	B4	71	80	
1385	305.146875	Bb3	58	64	1381	186.250000	Bb3	58	80	
1386	305.589583	B3	59	61	1382	186.500000	B3	59	80	
1387	305.596875	G#2	44	50	1383	186.500000	G#2	44	80	
1388	306.010417	Bb3	58	62	1384	186.750000	Bb3	58	80	
1389	306.019792	G2	43	44	1385	186.750000	G2	43	80	
1390	306.410417	Eb4	63	61	1386	187.000000	Eb4	63	80	
1391	306.834375	Eb3	51	52	1387	187.250000	Eb3	51	80	
1392	306.837500	F#2	42	38	1388	187.250000	F#2	42	80	
1393	307.237500	G#3	56	56	1389	187.500000	G#3	56	80	
1394	307.241667	F2	41	35	1390	187.500000	F2	41	80	
1395	307.633333	B3	59	61	1391	187.750000	B3	59	80	
1396	308.053125	Bb3	58	50	1393	188.000000	Bb3	58	80	
1397	308.053125	C#4	61	56	1392	188.000000	C#4	61	80	
1398	308.059375	E2	40	40	1394	188.000000	E2	40	80	
1399	308.440625	Eb2	39	50	1397	188.250000	Eb2	39	80	
1400	308.476042	B3	59	56	1396	188.250000	B3	59	80	
1401	308.476042	F#4	66	56	1395	188.250000	F#4	66	80	
1402	308.884375	Bb3	58	68	1398	188.500000	Bb3	58	80	
1403	309.261458	G#4	68	61	1399	188.750000	G#4	68	80	
1404	309.266667	G#3	56	56	1400	188.750000	G#3	56	80	
1405	309.294792	F2	41	48	1401	188.750000	F2	41	80	
1406	309.710417	Bb3	58	57	1402	189.000000	Bb3	58	80	
1407	309.714583	F#2	42	51	1403	189.000000	F#2	42	80	
1408	310.100000	F#4	66	67	1404	189.250000	F#4	66	80	
1409	310.120833	B3	59	61	1405	189.250000	B3	59	80	
1410	310.509375	E4	64	66	1406	189.500000	E4	64	80	
1411	310.518750	G2	43	57	1408	189.500000	G2	43	80	
1412	310.522917	C#4	61	57	1407	189.500000	C#4	61	80	
1413	310.936458	Eb4	63	64	1409	189.750000	Eb4	63	80	
1414	310.951042	B3	59	60	1410	189.750000	B3	59	80	
1415	310.963542	G#2	44	54	1411	189.750000	G#2	44	80	
1416	311.353125	G#4	68	68	1412	190.000000	G#4	68	80	
1417	311.365625	E4	64	64	1413	190.000000	E4	64	80	
1418	311.762500	G#3	56	61	1415	190.250000	G#3	56	80	
1419	311.762500	B4	71	58	1414	190.250000	B4	71	80	
1420	312.173958	F4	65	56	1416	190.500000	F4	65	80	
1421	312.178125	Bb3	58	59	1417	190.500000	Bb3	58	80	
1422	312.571875	C#4	61	57	1418	190.750000	C#4	61	80	
1423	312.977083	B3	59	56	1419	191.000000	B3	59	80	
1424	313.392708	C#4	61	54	1421	191.250000	C#4	61	80	
1425	313.401042	Bb4	70	55	1420	191.250000	Bb4	70	80	
1426	313.411458	G2	43	41	1422	191.250000	G2	43	80	
1427	313.796875	Eb3	51	47	1424	191.500000	Eb3	51	80	
1428	313.811458	B3	59	54	1423	191.500000	B3	59	80	
1429	314.177083	Bb3	58	49	1425	191.750000	Bb3	58	80	
1430	314.191667	C#3	49	47	1426	191.750000	C#3	49	80	
1431	314.600000	B3	59	50	1427	192.000000	B3	59	80	
1432	314.610417	Eb3	51	43	1428	192.000000	Eb3	51	80	
1433	314.979167	C#3	49	28	1429	192.250000	C#3	49	80	
1434	315.412500	B2	47	28	1431	192.500000	B2	47	80	
1435	315.417708	G#4	68	57	1430	192.500000	G#4	68	80	
1436	315.809375	Bb3	58	53	1432	192.750000	Bb3	58	80	
1437	315.811458	C#3	49	46	1433	192.750000	C#3	49	80	
1438	316.207292	Eb4	63	49	1434	193.000000	Eb4	63	80	
1439	316.227083	B2	47	32	1435	193.000000	B2	47	80	
1440	316.607292	G4	67	54	1436	193.250000	G4	67	80	
1441	316.609375	C#4	61	47	1437	193.250000	C#4	61	80	
1442	316.616667	Bb2	46	42	1438	193.250000	Bb2	46	80	
1443	317.017708	Eb4	63	51	1440	193.500000	Eb4	63	80	
1444	317.017708	G#4	68	62	1439	193.500000	G#4	68	80	
1445	317.038542	B2	47	43	1441	193.500000	B2	47	80	
1446	317.417708	C#4	61	45	1442	193.750000	C#4	61	80	
1447	317.437500	Bb2	46	37	1443	193.750000	Bb2	46	80	
1448	317.812500	B3	59	50	1444	194.000000	B3	59	80	
1449	317.816667	G#2	44	48	1445	194.000000	G#2	44	80	
1450	318.231250	C#4	61	60	1446	194.250000	C#4	61	80	
1451	318.236458	Eb3	51	58	1447	194.250000	Eb3	51	80	
1452	318.631250	B3	59	54	1449	194.500000	B3	59	80	
1453	318.635417	Eb5	75	67	1448	194.500000	Eb5	75	80	
1454	319.027083	C#5	73	72	1450	194.750000	C#5	73	80	
1455	319.040625	Bb3	58	59	1451	194.750000	Bb3	58	80	
1456	319.439583	B3	59	55	1453	195.000000	B3	59	80	
1457	319.439583	Eb5	75	75	1452	195.000000	Eb5	75	80	
1458	319.838542	Bb3	58	50	1456	195.250000	Bb3	58	80	
1459	319.838542	C#5	73	67	1455	195.250000	C#5	73	80	
1460	320.252083	B4	71	61	1457	195.500000	B4	71	80	
1461	320.255208	G#3	56	54	1458	195.500000	G#3	56	80	
1462	320.268750	G#2	44	46	1459	195.500000	G#2	44	80	
1463	320.673958	Bb3	58	54	1461	195.750000	Bb3	58	80	
1464	320.673958	C#5	73	64	1460	195.750000	C#5	73	80	
1465	320.704167	E3	52	48	1462	195.750000	E3	52	80	
1466	321.083333	B4	71	58	1463	196.000000	B4	71	80	
1467	321.087500	G#3	56	43	1464	196.000000	G#3	56	80	
1468	321.496875	Bb4	70	56	1465	196.250000	Bb4	70	80	
1469	321.502083	G3	55	45	1466	196.250000	G3	55	80	
1470	321.913542	B4	71	61	1467	196.500000	B4	71	80	
1471	321.936458	G#3	56	33	1468	196.500000	G#3	56	80	
1472	322.322917	Eb3	51	41	1469	196.750000	Eb3	51	80	
1473	322.723958	D3	50	33	1470	197.000000	D3	50	80	
1474	323.139583	Eb3	51	32	1471	197.250000	Eb3	51	80	
1475	323.571875	Bb4	70	53	1472	197.500000	Bb4	70	80	
1476	323.579167	C#4	61	37	1473	197.500000	C#4	61	80	
1477	323.964583	G#4	68	58	1474	197.750000	G#4	68	80	
1478	323.971875	B3	59	46	1475	197.750000	B3	59	80	
1479	324.379167	Bb4	70	61	1476	198.000000	Bb4	70	80	
1480	324.393750	C#4	61	34	1477	198.000000	C#4	61	80	
1481	324.788542	B3	59	52	1478	198.250000	B3	59	80	
1482	325.198958	Bb3	58	47	1479	198.500000	Bb3	58	80	
1483	325.611458	B3	59	44	1480	198.750000	B3	59	80	
1484	326.032292	G#4	68	48	1481	199.000000	G#4	68	80	
1485	326.444792	G4	67	47	1482	199.250000	G4	67	80	
1486	326.852083	G#4	68	62	1483	199.500000	G#4	68	80	
1487	327.273958	C#3	49	46	1484	199.750000	C#3	49	80	
1488	327.647917	B2	47	60	1485	200.000000	B2	47	80	
1489	328.056250	Bb3	58	66	1486	200.250000	Bb3	58	80	
1490	328.082292	C#3	49	63	1487	200.250000	C#3	49	80	
1491	328.479167	B2	47	58	1489	200.500000	B2	47	80	
1492	328.481250	F4	65	66	1488	200.500000	F4	65	80	
1493	328.872917	Bb2	46	58	1491	200.750000	Bb2	46	80	
1494	328.877083	G4	67	73	1490	200.750000	G4	67	80	
1495	329.290625	G#4	68	66	1492	201.000000	G#4	68	80	
1496	329.306250	Eb3	51	51	1493	201.000000	Eb3	51	80	
1497	329.315625	B2	47	44	1494	201.000000	B2	47	80	
1498	329.685417	C#3	49	54	1496	201.250000	C#3	49	80	
1499	329.702083	Bb4	70	63	1495	201.250000	Bb4	70	80	
1500	329.897917	B2	47	62	1497	201.375000	B2	47	80	
1501	330.087500	B4	71	76	1498	201.500000	B4	71	80	
1502	330.095833	G#4	68	62	1499	201.500000	G#4	68	80	
1503	330.113542	Bb2	46	53	1500	201.500000	Bb2	46	80	
1504	330.286458	G#2	44	57	1501	201.625000	G#2	44	80	
1505	330.510417	Eb2	39	56	1504	201.750000	Eb2	39	80	
1506	330.510417	Bb4	70	72	1502	201.750000	Bb4	70	80	
1507	330.515625	G4	67	54	1503	201.750000	G4	67	80	
1508	330.915625	Eb5	75	76	1505	202.000000	Eb5	75	80	
1509	331.327083	Eb4	63	69	1506	202.250000	Eb4	63	80	
1510	331.357292	F#4	66	52	1507	202.250000	F#4	66	80	
1511	331.743750	G#4	68	82	1508	202.500000	G#4	68	80	
1512	331.775000	F4	65	40	1509	202.500000	F4	65	80	
1513	332.148958	B4	71	65	1510	202.750000	B4	71	80	
1514	332.554167	C#2	37	50	1513	203.000000	C#2	37	80	
1515	332.554167	Bb4	70	67	1511	203.000000	Bb4	70	80	
1516	332.940625	B4	71	60	1514	203.250000	B4	71	80	
1517	332.970833	G#2	44	55	1516	203.250000	G#2	44	80	
1518	333.333333	Bb4	70	66	1517	203.500000	Bb4	70	80	
1519	333.730208	G#4	68	62	1518	203.750000	G#4	68	80	
1520	333.759375	C#2	37	39	1520	203.750000	C#2	37	80	
1521	333.759375	F4	65	40	1519	203.750000	F4	65	80	
1522	334.145833	Bb4	70	65	1521	204.000000	Bb4	70	80	
1523	334.161458	F#4	66	58	1522	204.000000	F#4	66	80	
1524	334.177083	F#2	42	46	1523	204.000000	F#2	42	80	
1525	334.547917	B4	71	67	1524	204.250000	B4	71	80	
1526	334.945833	G4	67	48	1526	204.500000	G4	67	80	
1527	334.959375	Eb2	39	45	1527	204.500000	Eb2	39	80	
1528	334.959375	C#5	73	78	1525	204.500000	C#5	73	80	
1529	335.344792	B4	71	59	1528	204.750000	B4	71	80	
1530	335.348958	G#4	68	59	1529	204.750000	G#4	68	80	
1531	335.366667	G#2	44	43	1530	204.750000	G#2	44	80	
1532	335.758333	E5	76	64	1531	205.000000	E5	76	80	
1533	336.154167	B2	47	41	1533	205.250000	B2	47	80	
1534	336.163542	G#4	68	62	1532	205.250000	G#4	68	80	
1535	336.572917	Bb4	70	63	1534	205.500000	Bb4	70	80	
1536	336.586458	E3	52	44	1535	205.500000	E3	52	80	
1537	336.966667	C#5	73	64	1536	205.750000	C#5	73	80	
1538	337.375000	B4	71	59	1537	206.000000	B4	71	80	
1539	337.386458	C#3	49	32	1538	206.000000	C#3	49	80	
1540	337.756250	C#5	73	60	1539	206.250000	C#5	73	80	
1541	337.778125	G4	67	43	1540	206.250000	G4	67	80	
1542	337.794792	Bb2	46	36	1541	206.250000	Bb2	46	80	
1543	338.170833	B4	71	52	1542	206.500000	B4	71	80	
1544	338.570833	Bb4	70	52	1543	206.750000	Bb4	70	80	
1545	338.597917	Eb3	51	42	1544	206.750000	Eb3	51	80	
1546	339.016667	G#4	68	54	1546	207.000000	G#4	68	80	
1547	339.020833	B4	71	53	1545	207.000000	B4	71	80	
1548	339.031250	G#2	44	44	1547	207.000000	G#2	44	80	
1549	339.430208	C#5	73	71	1548	207.250000	C#5	73	80	
1550	339.837500	B2	47	39	1550	207.500000	B2	47	80	
1551	339.841667	Eb5	75	66	1549	207.500000	Eb5	75	80	
1552	340.238542	E2	40	35	1551	207.750000	E2	40	80	
1553	340.656250	C#5	73	55	1552	208.000000	C#5	73	80	
1554	340.672917	E3	52	39	1553	208.000000	E3	52	80	
1555	341.066667	Eb3	51	47	1555	208.250000	Eb3	51	80	
1556	341.066667	B4	71	66	1554	208.250000	B4	71	80	
1557	341.491667	D3	50	40	1557	208.500000	D3	50	80	
1558	341.491667	Bb4	70	61	1556	208.500000	Bb4	70	80	
1559	341.890625	F5	77	67	1558	208.750000	F5	77	80	
1560	342.294792	Bb4	70	63	1559	209.000000	Bb4	70	80	
1561	342.736458	Bb4	70	52	1560	209.250000	Bb4	70	80	
1562	343.136458	G4	67	54	1561	209.500000	G4	67	80	
1563	343.151042	Bb2	46	41	1562	209.500000	Bb2	46	80	
1564	343.562500	C3	48	42	1564	209.750000	C3	48	80	
1565	343.565625	F4	65	46	1563	209.750000	F4	65	80	
1566	343.987500	C#3	49	39	1566	210.000000	C#3	49	80	
1567	343.987500	G4	67	47	1565	210.000000	G4	67	80	
1568	344.432292	E5	76	57	1567	210.250000	E5	76	80	
1569	344.852083	Eb5	75	60	1568	210.500000	Eb5	75	80	
1570	345.300000	Eb5	75	53	1569	210.750000	Eb5	75	80	
1571	345.728125	B2	47	43	1570	211.000000	B2	47	80	
1572	346.138542	Bb2	46	45	1571	211.250000	Bb2	46	80	
1573	346.584375	G#4	68	49	1572	211.500000	G#4	68	80	
1574	346.619792	B2	47	36	1573	211.500000	B2	47	80	
1575	347.051042	C#5	73	50	1574	211.750000	C#5	73	80	
1576	347.056250	Bb2	46	32	1575	211.750000	Bb2	46	80	
1577	347.539583	G#2	44	38	1577	212.000000	G#2	44	80	
1578	347.544792	B4	71	49	1576	212.000000	B4	71	80	
1579	348.190625	Eb3	51	33	1579	212.250000	Eb3	51	80	
1580	348.190625	Eb5	75	50	1578	212.250000	Eb5	75	80	
1581	348.495833	C#5	73	48	1580	212.375000	C#5	73	80	
1582	348.864583	B4	71	42	1581	212.500000	B4	71	80	
1583	349.722917	G4	67	35	1583	212.750000	G4	67	80	
1584	349.722917	Bb4	70	50	1582	212.750000	Bb4	70	80	
1585	349.728125	Eb2	39	41	1584	212.750000	Eb2	39	80	
1586	351.337500	G#2	44	35	1587	213.000000	G#2	44	80	
1587	351.344792	G#4	68	44	1585	213.000000	G#4	68	80	
*	-1	*	-1	-1	161	27.000000	G#4	68	80	
*	-1	*	-1	-1	201	33.000000	B4	71	80	
*	-1	*	-1	-1	285	44.250000	B2	47	80	
*	-1	*	-1	-1	286	44.311458	C#3	49	80	
*	-1	*	-1	-1	631	88.936458	F#2	42	80	
*	-1	*	-1	-1	632	88.998958	E2	40	80	
*	-1	*	-1	-1	1179	162.000000	B4	71	80	
*	-1	*	-1	-1	1263	171.500000	G#4	68	80	
*	-1	*	-1	-1	1380	186.000000	G#3	56	80	
*	-1	*	-1	-1	1454	195.000000	Eb3	51	80	
*	-1	*	-1	-1	1512	203.000000	E4	64	80	
*	-1	*	-1	-1	1515	203.250000	Eb4	63	80	
*	-1	*	-1	-1	1586	213.000000	G#4	68	80	
*	-1	*	-1	-1	699	96.000000	Eb5	75	80	
*	-1	*	-1	-1	755	103.500000	G#4	68	80	
