// alignID alignOntime alignSitch alignPitch alignOnvel refID refOntime refSitch refPitch refOnvel
0	0.968750	D3	50	84	0	0.000000	D3	50	80	
1	0.973958	D2	38	74	1	0.000000	D2	38	80	
2	1.236979	D4	62	79	2	0.166667	D4	62	80	
3	1.329427	E4	64	75	3	0.250000	E4	64	80	
4	1.433594	F#4	66	74	4	0.333333	F#4	66	80	
5	1.529948	G4	67	75	5	0.416667	G4	67	80	
6	1.636719	A4	69	75	6	0.500000	A4	69	80	
7	1.869792	F#4	66	76	7	0.666667	F#4	66	80	
8	2.053385	A4	69	78	8	0.833333	A4	69	80	
9	2.240885	D5	74	86	9	1.000000	D5	74	80	
10	2.440104	A4	69	81	10	1.166667	A4	69	80	
11	2.632812	D5	74	93	11	1.333333	D5	74	80	
12	2.832031	F#5	78	96	12	1.500000	F#5	78	80	
13	3.028646	D5	74	90	13	1.666667	D5	74	80	
14	3.201823	F#5	78	85	14	1.833333	F#5	78	80	
15	3.442708	A5	81	92	15	2.000000	A5	81	80	
16	4.186198	A5	81	87	16	2.500000	A5	81	80	
17	4.205729	D4	62	55	18	2.500000	D4	62	80	
18	4.207031	F#5	78	78	17	2.500000	F#5	78	80	
19	4.867188	A5	81	85	19	3.000000	A5	81	80	
20	4.872396	F#5	78	78	20	3.000000	F#5	78	80	
21	4.882812	A4	69	66	21	3.000000	A4	69	80	
22	5.225260	E5	76	67	23	3.250000	E5	76	80	
23	5.225260	G5	79	87	22	3.250000	G5	79	80	
24	5.559896	G5	79	88	24	3.500000	G5	79	80	
25	5.567708	A3	57	64	26	3.500000	A3	57	80	
26	5.570312	E5	76	81	25	3.500000	E5	76	80	
27	5.907552	D5	74	76	28	3.750000	D5	74	80	
28	5.910156	F#5	78	89	27	3.750000	F#5	78	80	
29	6.253906	F#5	78	88	29	4.000000	F#5	78	80	
30	6.259115	D5	74	80	30	4.000000	D5	74	80	
31	6.266927	D4	62	74	31	4.000000	D4	62	80	
32	6.597656	D3	50	62	32	4.166667	D3	50	80	
33	6.683594	E3	52	58	33	4.250000	E3	52	80	
34	6.783854	F#3	54	62	34	4.333333	F#3	54	80	
35	6.846354	G3	55	70	35	4.416667	G3	55	80	
36	6.963542	A3	57	70	36	4.500000	A3	57	80	
37	7.157552	F#3	54	73	37	4.666667	F#3	54	80	
38	7.348958	A3	57	79	38	4.833333	A3	57	80	
39	7.539062	D4	62	83	39	5.000000	D4	62	80	
40	7.755208	A3	57	82	40	5.166667	A3	57	80	
41	7.937500	D4	62	86	41	5.333333	D4	62	80	
42	8.131510	F#4	66	85	42	5.500000	F#4	66	80	
43	8.174479	G4	67	53	*	-1	*	-1	-1	
44	8.326823	D4	62	85	43	5.666667	D4	62	80	
45	8.518229	F#4	66	94	44	5.833333	F#4	66	80	
46	8.782552	A4	69	98	45	6.000000	A4	69	80	
47	9.489583	F#5	78	91	46	6.500000	F#5	78	80	
48	9.502604	D3	50	56	48	6.500000	D3	50	80	
49	9.506510	A4	69	69	47	6.500000	A4	69	80	
50	10.190104	F#5	78	93	49	7.000000	F#5	78	80	
51	10.194010	A3	57	66	51	7.000000	A3	57	80	
52	10.208333	A4	69	70	50	7.000000	A4	69	80	
53	10.509115	E5	76	82	52	7.250000	E5	76	80	
54	10.518229	G4	67	74	53	7.250000	G4	67	80	
55	10.854167	A2	45	59	56	7.500000	A2	45	80	
56	10.860677	E5	76	83	54	7.500000	E5	76	80	
57	10.868490	G4	67	78	55	7.500000	G4	67	80	
58	11.197917	D5	74	74	57	7.750000	D5	74	80	
59	11.209635	F#4	66	76	58	7.750000	F#4	66	80	
60	11.539062	D5	74	77	59	8.000000	D5	74	80	
61	11.553385	F#4	66	78	60	8.000000	F#4	66	80	
62	11.555990	D3	50	66	61	8.000000	D3	50	80	
63	11.898438	G4	67	8	62	8.166667	F#4	66	80	
64	11.929688	E4	64	60	63	8.250000	E4	64	80	
65	12.006510	D4	62	69	64	8.333333	D4	62	80	
66	12.019531	D2	38	54	65	8.375000	D2	38	80	
67	12.102865	C#4	61	68	66	8.416667	C#4	61	80	
68	12.203125	B3	59	67	67	8.500000	B3	59	80	
69	12.218750	D3	50	54	68	8.500000	D3	50	80	
70	12.402344	D4	62	68	69	8.666667	D4	62	80	
71	12.582031	D3	50	50	71	8.875000	D3	50	80	
72	12.595052	B3	59	67	70	8.833333	B3	59	80	
73	12.804688	G#3	56	62	72	9.000000	G#3	56	80	
74	12.815104	D3	50	47	73	9.000000	D3	50	80	
75	13.046875	E4	64	60	74	9.166667	E4	64	80	
76	13.143229	F#4	66	60	75	9.250000	F#4	66	80	
77	13.227865	G#4	68	66	76	9.333333	G#4	68	80	
78	13.328125	A4	69	63	77	9.416667	A4	69	80	
79	13.421875	B4	71	71	78	9.500000	B4	71	80	
80	13.644531	E3	52	63	80	9.666667	E3	52	80	
81	13.651042	G#4	68	64	79	9.666667	G#4	68	80	
82	13.763021	D3	50	57	81	9.750000	D3	50	80	
83	13.847656	C#3	49	55	83	9.833333	C#3	49	80	
84	13.861979	B4	71	64	82	9.833333	B4	71	80	
85	13.941406	B2	47	58	84	9.916667	B2	47	80	
86	14.045573	C#3	49	70	86	10.000000	C#3	49	80	
87	14.048177	E5	76	64	85	10.000000	E5	76	80	
88	14.266927	E4	64	88	87	10.166667	E4	64	80	
89	14.363281	D4	62	78	88	10.250000	D4	62	80	
90	14.460938	C#4	61	83	89	10.333333	C#4	61	80	
91	14.485677	C#2	37	68	90	10.375000	C#2	37	80	
92	14.550781	B3	59	89	91	10.416667	B3	59	80	
93	14.664062	A3	57	87	92	10.500000	A3	57	80	
94	14.684896	C#3	49	71	93	10.500000	C#3	49	80	
95	14.898438	C#4	61	73	94	10.666667	C#4	61	80	
96	15.110677	C#3	49	54	96	10.875000	C#3	49	80	
97	15.115885	A3	57	73	95	10.833333	A3	57	80	
98	15.338542	C#3	49	42	98	11.000000	C#3	49	80	
99	15.342448	F#3	54	64	97	11.000000	F#3	54	80	
100	15.585938	D4	62	61	99	11.166667	D4	62	80	
101	15.674479	E4	64	66	100	11.250000	E4	64	80	
102	15.769531	F#4	66	75	101	11.333333	F#4	66	80	
103	15.871094	G#4	68	74	102	11.416667	G#4	68	80	
104	15.968750	A4	69	81	103	11.500000	A4	69	80	
105	16.195312	D3	50	61	105	11.666667	D3	50	80	
106	16.197917	F#4	66	66	104	11.666667	F#4	66	80	
107	16.295573	C#3	49	58	106	11.750000	C#3	49	80	
108	16.381510	B2	47	59	108	11.833333	B2	47	80	
109	16.406250	A4	69	72	107	11.833333	A4	69	80	
110	16.473958	A2	45	59	109	11.916667	A2	45	80	
111	16.593750	B2	47	60	111	12.000000	B2	47	80	
112	16.604167	D5	74	75	110	12.000000	D5	74	80	
113	16.843750	F#3	54	85	112	12.166667	F#3	54	80	
114	16.942708	E3	52	78	113	12.250000	E3	52	80	
115	17.045573	D3	50	78	114	12.333333	D3	50	80	
116	17.072917	F#4	66	71	115	12.375000	F#4	66	80	
117	17.118490	C#3	49	76	116	12.416667	C#3	49	80	
118	17.229167	B2	47	81	119	12.500000	B2	47	80	
119	17.260417	D5	74	84	117	12.500000	D5	74	80	
120	17.278646	F#4	66	74	118	12.500000	F#4	66	80	
121	17.308594	E5	76	27	*	-1	*	-1	-1	
122	17.480469	D3	50	77	120	12.666667	D3	50	80	
123	17.695312	B2	47	76	121	12.833333	B2	47	80	
124	17.721354	D5	74	81	122	12.875000	D5	74	80	
125	17.722656	F#4	66	73	123	12.875000	F#4	66	80	
126	17.920573	G#2	44	71	126	13.000000	G#2	44	80	
127	17.929688	D5	74	94	124	13.000000	D5	74	80	
128	17.944010	E4	64	79	125	13.000000	E4	64	80	
129	18.145833	B2	47	65	127	13.166667	B2	47	80	
130	18.363281	G#2	44	61	128	13.333333	G#2	44	80	
131	18.584635	E2	40	45	129	13.500000	E2	40	80	
132	18.802083	G#2	44	52	131	13.666667	G#2	44	80	
133	18.829427	E5	76	65	130	13.666667	E5	76	80	
134	18.945312	D5	74	55	132	13.750000	D5	74	80	
135	19.020833	E2	40	41	134	13.833333	E2	40	80	
136	19.048177	C#5	73	58	133	13.833333	C#5	73	80	
137	19.123698	B4	71	63	135	13.916667	B4	71	80	
138	19.225260	C#5	73	73	136	14.000000	C#5	73	80	
139	19.231771	A2	45	55	137	14.000000	A2	45	80	
140	19.459635	C#3	49	55	139	14.166667	C#3	49	80	
141	19.462240	A4	69	65	138	14.166667	A4	69	80	
142	19.563802	B4	71	65	140	14.250000	B4	71	80	
143	19.652344	C#5	73	66	141	14.333333	C#5	73	80	
144	19.661458	A2	45	49	142	14.333333	A2	45	80	
145	19.763021	D5	74	73	143	14.416667	D5	74	80	
146	19.858073	F#2	42	54	145	14.500000	F#2	42	80	
147	19.868490	E5	76	87	144	14.500000	E5	76	80	
148	20.091146	D5	74	92	146	14.666667	D5	74	80	
149	20.096354	A2	45	64	147	14.666667	A2	45	80	
150	20.203125	C#5	73	86	148	14.750000	C#5	73	80	
151	20.273438	F#2	42	69	150	14.833333	F#2	42	80	
152	20.286458	B4	71	84	149	14.833333	B4	71	80	
153	20.378906	A4	69	88	151	14.916667	A4	69	80	
154	20.481771	D5	74	94	152	15.000000	D5	74	80	
155	20.485677	B2	47	68	153	15.000000	B2	47	80	
156	20.717448	B4	71	85	154	15.166667	B4	71	80	
157	20.735677	D3	50	75	155	15.166667	D3	50	80	
158	20.813802	C#5	73	85	156	15.250000	C#5	73	80	
159	20.901042	D5	74	88	157	15.333333	D5	74	80	
160	20.915365	B2	47	71	158	15.333333	B2	47	80	
161	21.011719	E5	76	88	159	15.416667	E5	76	80	
162	21.106771	G#2	44	68	161	15.500000	G#2	44	80	
163	21.128906	F5	77	91	160	15.500000	F#5	78	80	
164	21.325521	B2	47	61	163	15.666667	B2	47	80	
165	21.338542	E5	76	81	162	15.666667	E5	76	80	
166	21.454427	D5	74	81	164	15.750000	D5	74	80	
167	21.520833	G#2	44	68	166	15.833333	G#2	44	80	
168	21.542969	C#5	73	78	165	15.833333	C#5	73	80	
169	21.636719	B4	71	80	167	15.916667	B4	71	80	
170	21.746094	E5	76	87	168	16.000000	E5	76	80	
171	21.756510	C#3	49	73	169	16.000000	C#3	49	80	
172	21.962240	A3	57	74	170	16.166667	A3	57	80	
173	22.048177	B3	59	62	171	16.250000	B3	59	80	
174	22.153646	C#4	61	79	172	16.333333	C#4	61	80	
175	22.260417	D4	62	83	173	16.416667	D4	62	80	
176	22.361979	E4	64	91	174	16.500000	E4	64	80	
177	22.576823	D4	62	79	175	16.666667	D4	62	80	
178	22.679688	C#4	61	74	176	16.750000	C#4	61	80	
179	22.783854	B3	59	83	177	16.833333	B3	59	80	
180	22.882812	A3	57	82	178	16.916667	A3	57	80	
181	22.953125	F#4	66	92	179	17.000000	F#4	66	80	
182	22.966146	D3	50	75	180	17.000000	D3	50	80	
183	23.177083	A3	57	83	181	17.166667	B3	59	80	
184	23.286458	C#4	61	82	182	17.250000	C#4	61	80	
185	23.398438	D4	62	86	183	17.333333	D4	62	80	
186	23.496094	E4	64	85	184	17.416667	E4	64	80	
187	23.587240	F#4	66	87	186	17.500000	F#4	66	80	
188	23.601562	D5	74	88	185	17.500000	D5	74	80	
189	23.825521	E4	64	81	187	17.666667	E4	64	80	
190	23.917969	D4	62	76	188	17.750000	D4	62	80	
191	24.001302	C#4	61	73	189	17.833333	C#4	61	80	
192	24.139323	A3	57	41	190	17.916667	B3	59	80	
193	24.222656	E3	52	79	192	18.000000	E3	52	80	
194	24.233073	G#4	68	80	191	18.000000	G#4	68	80	
195	24.437500	E4	64	65	193	18.166667	E4	64	80	
196	24.541667	F#4	66	75	194	18.250000	F#4	66	80	
197	24.636719	G#4	68	76	195	18.333333	G#4	68	80	
198	24.645833	E2	40	66	196	18.375000	E2	40	80	
199	24.748698	A4	69	77	197	18.416667	A4	69	80	
200	24.839844	D5	74	83	198	18.500000	D5	74	80	
201	24.845052	B4	71	76	199	18.500000	B4	71	80	
202	24.852865	E2	40	81	200	18.500000	E2	40	80	
203	25.072917	G#4	68	88	201	18.666667	G#4	68	80	
204	25.259115	B4	71	91	202	18.833333	B4	71	80	
205	25.264323	E2	40	71	203	18.875000	E2	40	80	
206	25.463542	D5	74	75	205	19.000000	D5	74	80	
207	25.468750	G#5	80	100	204	19.000000	G#5	80	80	
208	25.473958	E2	40	82	206	19.000000	E2	40	80	
209	25.688802	B4	71	92	207	19.166667	B4	71	80	
210	25.893229	D5	74	96	208	19.333333	D5	74	80	
211	26.098958	B5	83	101	209	19.500000	B5	83	80	
212	26.118490	G#5	80	86	210	19.500000	G#5	80	80	
213	26.334635	D5	74	91	211	19.666667	D5	74	80	
214	26.450521	B2	47	72	212	19.750000	B2	47	80	
215	26.509115	G#5	80	89	213	19.833333	G#5	80	80	
216	26.542969	C#3	49	78	214	19.833333	C#3	49	80	
217	26.632812	D3	50	84	215	19.916667	D3	50	80	
218	26.759115	E3	52	87	217	20.000000	E3	52	80	
219	26.763021	C#5	73	100	216	20.000000	C#5	73	80	
220	26.970052	A5	81	85	218	20.166667	A5	81	80	
221	27.079427	G#5	80	81	219	20.250000	G#5	80	80	
222	27.182292	E2	40	60	221	20.375000	E2	40	80	
223	27.191406	F#5	78	75	220	20.333333	F#5	78	80	
224	27.259115	E5	76	81	222	20.416667	E5	76	80	
225	27.393229	E2	40	66	225	20.500000	E2	40	80	
226	27.404948	A4	69	80	224	20.500000	A4	69	80	
227	27.404948	Eb5	75	92	223	20.500000	Eb5	75	80	
228	27.619792	F#5	78	83	226	20.666667	F#5	78	80	
229	27.846354	Eb5	75	83	227	20.833333	Eb5	75	80	
230	27.847656	E2	40	54	228	20.875000	E2	40	80	
231	28.041667	A4	69	76	229	21.000000	A4	69	80	
232	28.044271	E2	40	59	231	21.000000	E2	40	80	
233	28.044271	F#4	66	70	230	21.000000	F#4	66	80	
234	28.239583	Eb5	75	80	232	21.166667	Eb5	75	80	
235	28.459635	A4	69	73	233	21.333333	A4	69	80	
236	28.666667	Eb4	63	62	235	21.500000	Eb4	63	80	
237	28.679688	F#4	66	67	234	21.500000	F#4	66	80	
238	28.881510	A4	69	72	236	21.666667	A4	69	80	
239	29.091146	F#4	66	69	237	21.833333	F#4	66	80	
240	29.307292	G#4	68	75	238	22.000000	G#4	68	80	
241	29.316406	E4	64	61	239	22.000000	E4	64	80	
242	29.519531	F#4	66	74	240	22.166667	F#4	66	80	
243	29.726562	E4	64	75	241	22.333333	E4	64	80	
244	29.734375	E3	52	69	243	22.375000	E3	52	80	
245	29.734375	D4	62	70	242	22.375000	D4	62	80	
246	29.944010	F#3	54	72	246	22.500000	F#3	54	80	
247	29.953125	A4	69	91	244	22.500000	A4	69	80	
248	29.968750	C#4	61	77	245	22.500000	C#4	61	80	
249	30.158854	E3	52	78	247	22.666667	E3	52	80	
250	30.355469	D5	74	88	249	22.875000	D5	74	80	
251	30.364583	D3	50	63	248	22.833333	D3	50	80	
252	30.378906	A4	69	63	250	22.875000	A4	69	80	
253	30.630208	C#5	73	98	251	23.000000	C#5	73	80	
254	30.634115	E3	52	67	253	23.000000	E3	52	80	
255	30.634115	A4	69	83	252	23.000000	A4	69	80	
256	31.334635	C#5	73	83	*	-1	*	-1	-1	
257	31.345052	E2	40	69	256	23.500000	E2	40	80	
258	31.348958	G#4	68	75	255	23.500000	G#4	68	80	
259	31.377604	B4	71	67	254	23.500000	B4	71	80	
260	31.440104	C#5	73	73	257	23.554167	C#5	73	80	
261	31.479167	B4	71	65	258	23.609375	B4	71	80	
262	31.557292	A4	69	77	259	23.666667	A4	69	80	
263	31.773438	B4	71	84	260	23.833333	B4	71	80	
264	32.027344	A2	45	80	263	24.000000	A2	45	80	
265	32.050781	A4	69	59	261	24.000000	A4	69	80	
266	32.269531	C#5	73	66	264	24.166667	C#5	73	80	
267	32.368490	B4	71	71	265	24.250000	B4	71	80	
268	32.463542	E3	52	74	267	24.375000	E3	52	80	
269	32.475260	A4	69	59	266	24.333333	A4	69	80	
270	32.572917	G#4	68	53	268	24.416667	G#4	68	80	
271	32.658854	F#4	66	65	269	24.500000	F#4	66	80	
272	32.688802	A3	57	70	270	24.500000	A3	57	80	
273	32.751302	G#3	56	80	271	24.562500	G3	55	80	
274	32.820312	A3	57	77	272	24.625000	A3	57	80	
275	32.914062	A4	69	67	273	24.666667	A4	69	80	
276	33.006510	G#4	68	67	274	24.750000	G#4	68	80	
277	33.110677	F#4	66	69	275	24.833333	F#4	66	80	
278	33.200521	E4	64	68	276	24.916667	E4	64	80	
279	33.300781	Eb4	63	82	277	25.000000	Eb4	63	80	
280	33.514323	B3	59	68	279	25.166667	B3	59	80	
281	33.518229	F#4	66	82	278	25.166667	F#4	66	80	
282	33.606771	A3	57	77	280	25.250000	A3	57	80	
283	33.720052	G#3	56	75	282	25.333333	G#3	56	80	
284	33.734375	B4	71	94	281	25.333333	B4	71	80	
285	33.821615	F#3	54	72	283	25.416667	F#3	54	80	
286	33.953125	B4	71	97	284	25.500000	B4	71	80	
287	33.958333	F3	53	76	285	25.500000	F3	53	80	
288	34.171875	G#4	68	75	286	25.666667	G#4	68	80	
289	34.179688	F#3	54	70	287	25.666667	F#3	54	80	
290	34.274740	F3	53	69	288	25.750000	F3	53	80	
291	34.375000	Eb3	51	69	290	25.833333	Eb3	51	80	
292	34.391927	F4	65	66	289	25.833333	F4	65	80	
293	34.466146	C#3	49	72	291	25.916667	C#3	49	80	
294	34.587240	F#3	54	86	293	26.000000	F#3	54	80	
295	34.595052	C#4	61	79	292	26.000000	C#4	61	80	
296	34.843750	A4	69	72	294	26.166667	A4	69	80	
297	34.941406	G#4	68	72	295	26.250000	G#4	68	80	
298	35.026042	F#4	66	67	296	26.333333	F#4	66	80	
299	35.040365	F#2	42	64	297	26.375000	F#2	42	80	
300	35.117188	E4	64	67	298	26.416667	E4	64	80	
301	35.220052	D4	62	62	299	26.500000	D4	62	80	
302	35.253906	F#3	54	63	300	26.500000	F#3	54	80	
303	35.283854	E3	52	73	301	26.562500	E3	52	80	
304	35.359375	F#3	54	82	302	26.625000	F#3	54	80	
305	35.447917	F#4	66	76	303	26.666667	F#4	66	80	
306	35.549479	E4	64	76	304	26.750000	E4	64	80	
307	35.640625	D4	62	70	305	26.833333	D4	62	80	
308	35.752604	C#4	61	77	306	26.916667	C#4	61	80	
309	35.858073	B3	59	83	307	27.000000	B3	59	80	
310	36.070312	G3	55	74	309	27.166667	G3	55	80	
311	36.082031	D4	62	80	308	27.166667	D4	62	80	
312	36.194010	F#3	54	75	310	27.250000	F#3	54	80	
313	36.292969	E3	52	77	312	27.333333	E3	52	80	
314	36.294271	G4	67	87	311	27.333333	G4	67	80	
315	36.401042	D3	50	68	313	27.416667	D3	50	80	
316	36.485677	G4	67	95	314	27.500000	G4	67	80	
317	36.524740	C#3	49	50	315	27.500000	C#3	49	80	
318	36.734375	E4	64	75	316	27.666667	E4	64	80	
319	36.751302	D3	50	79	317	27.666667	D3	50	80	
320	36.858073	C#3	49	70	318	27.750000	C#3	49	80	
321	36.944010	B2	47	73	320	27.833333	B2	47	80	
322	36.962240	C#4	61	68	319	27.833333	C#4	61	80	
323	37.045573	A2	45	66	321	27.916667	A2	45	80	
324	37.166667	D3	50	87	323	28.000000	D3	50	80	
325	37.182292	A3	57	75	322	28.000000	A3	57	80	
326	37.386719	F#4	66	70	324	28.166667	F#4	66	80	
327	37.496094	E4	64	71	325	28.250000	E4	64	80	
328	37.600260	D4	62	65	326	28.333333	D4	62	80	
329	37.602865	D2	38	66	327	28.375000	D2	38	80	
330	37.712240	C#4	61	67	328	28.416667	C#4	61	80	
331	37.822917	B3	59	68	329	28.500000	B3	59	80	
332	37.839844	D3	50	62	330	28.500000	D3	50	80	
333	37.897135	C#3	49	73	331	28.562500	C#3	49	80	
334	37.959635	D3	50	69	332	28.625000	D3	50	80	
335	38.063802	D4	62	73	333	28.666667	D4	62	80	
336	38.164062	C#4	61	72	334	28.750000	C#4	61	80	
337	38.272135	B3	59	75	335	28.833333	B3	59	80	
338	38.360677	A3	57	78	336	28.916667	A3	57	80	
339	38.467448	G#3	56	86	337	29.000000	G#3	56	80	
340	38.692708	E3	52	68	339	29.166667	E3	52	80	
341	38.700521	B3	59	83	338	29.166667	B3	59	80	
342	38.796875	D3	50	77	340	29.250000	D3	50	80	
343	38.894531	C#3	49	73	342	29.333333	C#3	49	80	
344	38.915365	E4	64	87	341	29.333333	E4	64	80	
345	38.997396	B2	47	68	343	29.416667	B2	47	80	
346	39.095052	A2	45	73	345	29.500000	A2	45	80	
347	39.125000	C#4	61	94	344	29.500000	C#4	61	80	
348	39.328125	B2	47	72	347	29.666667	B2	47	80	
349	39.343750	E4	64	87	346	29.666667	E4	64	80	
350	39.433594	C#3	49	78	348	29.750000	C#3	49	80	
351	39.527344	D3	50	80	350	29.833333	D3	50	80	
352	39.558594	A4	69	95	349	29.833333	A4	69	80	
353	39.656250	E3	52	74	351	29.916667	E3	52	80	
354	39.785156	D4	62	94	352	30.000000	D4	62	80	
355	39.786458	F#3	54	92	353	30.000000	F#3	54	80	
356	40.015625	E3	52	84	354	30.166667	E3	52	80	
357	40.227865	D3	50	79	355	30.333333	D3	50	80	
358	40.236979	B4	71	92	356	30.375000	B4	71	80	
359	40.243490	D4	62	78	357	30.375000	D4	62	80	
360	40.454427	E3	52	78	360	30.500000	E3	52	80	
361	40.466146	E4	64	85	358	30.500000	E4	64	80	
362	40.468750	C#4	61	91	359	30.500000	C#4	61	80	
363	40.695312	A4	69	94	361	30.666667	A4	69	80	
364	40.915365	E2	40	65	364	30.875000	E2	40	80	
365	40.923177	G#4	68	88	362	30.833333	G#4	68	80	
366	40.930990	B3	59	69	363	30.875000	B3	59	80	
367	41.143229	A2	45	74	367	31.000000	A2	45	80	
368	41.145833	A4	69	96	365	31.000000	A4	69	80	
369	41.158854	C#4	61	80	366	31.000000	C#4	61	80	
370	41.365885	C#3	49	86	368	31.166667	C#3	49	80	
371	41.617188	E3	52	88	369	31.333333	E3	52	80	
372	41.938802	A3	57	91	370	31.500000	A3	57	80	
373	42.630208	A3	57	92	371	32.000000	A3	57	80	
374	42.631510	A2	45	82	372	32.000000	A2	45	80	
375	42.907552	E5	76	99	373	32.166667	E5	76	80	
376	43.014323	D5	74	79	374	32.250000	D5	74	80	
377	43.117188	C#5	73	83	375	32.333333	C#5	73	80	
378	43.220052	B4	71	87	376	32.416667	B4	71	80	
379	43.322917	A4	69	83	377	32.500000	A4	69	80	
380	43.540365	C#5	73	80	378	32.666667	C#5	73	80	
381	43.750000	A4	69	76	379	32.833333	A4	69	80	
382	43.960938	E4	64	67	380	33.000000	E4	64	80	
383	44.161458	A4	69	71	381	33.166667	A4	69	80	
384	44.390625	E4	64	67	382	33.333333	E4	64	80	
385	44.596354	C#4	61	64	383	33.500000	C#4	61	80	
386	44.828125	E4	64	63	384	33.666667	E4	64	80	
387	45.049479	C#4	61	60	385	33.833333	C#4	61	80	
388	45.274740	A3	57	63	386	34.000000	A3	57	80	
389	45.506510	A4	69	67	387	34.166667	A4	69	80	
390	45.597656	B4	71	69	388	34.250000	B4	71	80	
391	45.699219	C#5	73	69	389	34.333333	C#5	73	80	
392	45.832031	D5	74	54	390	34.416667	D5	74	80	
393	45.906250	E5	76	76	391	34.500000	E5	76	80	
394	45.936198	A3	57	60	394	34.500000	A3	57	80	
395	45.940104	A4	69	77	393	34.500000	A4	69	80	
396	45.951823	C#4	61	58	392	34.500000	C#4	61	80	
397	46.170573	C#5	73	68	395	34.666667	C#5	73	80	
398	46.372396	E5	76	75	396	34.833333	E5	76	80	
399	46.601562	A3	57	55	400	35.000000	A3	57	80	
400	46.602865	C#4	61	52	398	35.000000	C#4	61	80	
401	46.602865	A4	69	58	399	35.000000	A4	69	80	
402	46.611979	A5	81	56	397	35.000000	A5	81	80	
403	46.734375	E5	76	52	401	35.083333	E5	76	80	
404	46.824219	F#5	78	70	402	35.166667	F#5	78	80	
405	46.940104	B4	71	76	405	35.250000	B4	71	80	
406	46.945312	D4	62	61	404	35.250000	D4	62	80	
407	46.945312	G#5	80	80	403	35.250000	G#5	80	80	
408	47.067708	A5	81	82	406	35.333333	A5	81	80	
409	47.190104	G#5	80	89	407	35.416667	G#5	80	80	
410	47.282552	B4	71	88	410	35.500000	B4	71	80	
411	47.295573	D4	62	63	409	35.500000	D4	62	80	
412	47.298177	A5	81	83	408	35.500000	A5	81	80	
413	47.417969	E5	76	79	411	35.583333	E5	76	80	
414	47.520833	F#5	78	84	412	35.666667	F#5	78	80	
415	47.626302	C#5	73	83	415	35.750000	C#5	73	80	
416	47.635417	G#5	80	84	413	35.750000	G#5	80	80	
417	47.644531	E4	64	64	414	35.750000	E4	64	80	
418	47.774740	A5	81	78	416	35.833333	A5	81	80	
419	47.890625	G#5	80	87	417	35.916667	G#5	80	80	
420	47.967448	C#5	73	81	420	36.000000	C#5	73	80	
421	47.970052	E4	64	63	419	36.000000	E4	64	80	
422	48.006510	A5	81	88	418	36.000000	A5	81	80	
423	48.282552	G#5	80	76	421	36.166667	G#5	80	80	
424	48.296875	E4	64	71	422	36.166667	E4	64	80	
425	48.399740	F#5	78	74	423	36.250000	F#5	78	80	
426	48.414062	D4	62	68	424	36.250000	D4	62	80	
427	48.498698	E5	76	71	425	36.333333	E5	76	80	
428	48.503906	C#4	61	69	426	36.333333	C#4	61	80	
429	48.587240	D5	74	74	427	36.416667	D5	74	80	
430	48.618490	B3	59	68	428	36.416667	B3	59	80	
431	48.713542	C#5	73	73	429	36.500000	C#5	73	80	
432	48.714844	A3	57	67	430	36.500000	A3	57	80	
433	48.820312	D5	74	77	431	36.583333	D5	74	80	
434	48.917969	C#4	61	84	433	36.666667	C#4	61	80	
435	48.946615	E5	76	78	432	36.666667	E5	76	80	
436	49.065104	D5	74	68	434	36.750000	D5	74	80	
437	49.136719	A3	57	85	436	36.833333	A3	57	80	
438	49.161458	C#5	73	69	435	36.833333	C#5	73	80	
439	49.264323	B4	71	68	437	36.916667	B4	71	80	
440	49.351562	E3	52	74	440	37.000000	E3	52	80	
441	49.360677	A4	69	67	438	37.000000	A4	69	80	
442	49.440104	B4	71	76	442	37.061458	B4	71	80	
443	49.518229	A4	69	73	444	37.125000	A4	69	80	
444	49.567708	A3	57	76	447	37.166667	A3	57	80	
445	49.571615	B4	71	73	446	37.166667	B4	71	80	
446	49.640625	A4	69	68	450	37.250000	A4	69	80	
447	49.710938	B4	71	73	453	37.311458	B4	71	80	
448	49.786458	A4	69	71	456	37.375000	A4	69	80	
449	49.800781	E3	52	75	455	37.333333	E3	52	80	
450	49.843750	B4	71	67	458	37.416667	B4	71	80	
451	49.917969	A4	69	70	461	37.500000	A4	69	80	
452	49.981771	B4	71	69	465	37.561458	B4	71	80	
453	49.998698	C#3	49	83	463	37.500000	C#3	49	80	
454	50.066406	A4	69	70	467	37.625000	A4	69	80	
455	50.127604	B4	71	68	469	37.666667	B4	71	80	
456	50.204427	E3	52	79	470	37.666667	E3	52	80	
457	50.210938	A4	69	67	473	37.750000	A4	69	80	
458	50.270833	B4	71	65	476	37.811458	B4	71	80	
459	50.367188	A4	69	70	479	37.875000	A4	69	80	
460	50.411458	C#3	49	72	478	37.833333	C#3	49	80	
461	50.417969	B4	71	60	480	37.875000	A4	69	80	
462	50.524740	A4	69	68	483	37.958333	A4	69	80	
463	50.626302	A2	45	72	484	38.000000	A2	45	80	
464	50.738281	B4	71	68	485	38.083333	B4	71	80	
465	50.868490	A4	69	65	486	38.166667	A4	69	80	
466	50.986979	G#4	68	53	487	38.250000	G#4	68	80	
467	51.078125	A4	69	71	488	38.333333	A4	69	80	
468	51.182292	E4	64	52	489	38.416667	E4	64	80	
469	51.253906	A2	45	50	492	38.500000	A2	45	80	
470	51.259115	C#3	49	47	493	38.500000	C#3	49	80	
471	51.266927	E3	52	41	491	38.500000	E3	52	80	
472	51.286458	C#4	61	59	490	38.500000	C#4	61	80	
473	51.399740	F#4	66	64	494	38.583333	F#4	66	80	
474	51.510417	E4	64	51	495	38.666667	E4	64	80	
475	51.617188	D4	62	51	496	38.750000	D4	62	80	
476	51.723958	E4	64	51	497	38.833333	E4	64	80	
477	51.837240	C#4	61	25	498	38.916667	C#4	61	80	
478	51.929688	A2	45	45	502	39.000000	A2	45	80	
479	51.933594	E3	52	46	501	39.000000	E3	52	80	
480	51.937500	B3	59	68	500	39.000000	B3	59	80	
481	51.938802	C#3	49	55	503	39.000000	C#3	49	80	
482	52.009115	A3	57	60	504	39.041667	A3	57	80	
483	52.104167	B3	59	55	505	39.061458	B3	59	80	
484	52.161458	A3	57	57	507	39.125000	A3	57	80	
485	52.253906	B3	59	57	509	39.166667	B3	59	80	
486	52.296875	B2	47	58	514	39.250000	B2	47	80	
487	52.302083	D3	50	57	515	39.250000	D3	50	80	
488	52.305990	A3	57	63	512	39.250000	A3	57	80	
489	52.393229	B3	59	63	517	39.311458	B3	59	80	
490	52.447917	A3	57	67	519	39.375000	A3	57	80	
491	52.533854	B3	59	66	521	39.416667	B3	59	80	
492	52.589844	A3	57	71	524	39.500000	A3	57	80	
493	52.621094	D3	50	63	527	39.500000	D3	50	80	
494	52.622396	B2	47	64	526	39.500000	B2	47	80	
495	52.687500	B3	59	65	529	39.561458	B3	59	80	
496	52.753906	A3	57	63	531	39.625000	A3	57	80	
497	52.829427	B3	59	61	533	39.666667	B3	59	80	
498	52.902344	A3	57	53	536	39.750000	A3	57	80	
499	52.962240	B3	59	64	537	39.750000	B3	59	80	
500	52.976562	C#3	49	64	538	39.750000	C#3	49	80	
501	52.979167	E3	52	63	539	39.750000	E3	52	80	
502	53.070312	A3	57	65	543	39.875000	A3	57	80	
503	53.337240	E3	52	55	549	40.000000	E3	52	80	
504	53.341146	C#3	49	61	550	40.000000	C#3	49	80	
505	53.660156	A3	57	65	552	40.125000	A3	57	80	
506	53.757812	B3	59	63	555	40.250000	B3	59	80	
507	53.856771	C#4	61	61	556	40.333333	C#4	61	80	
508	53.962240	D4	62	62	557	40.416667	D4	62	80	
509	54.076823	E4	64	63	558	40.500000	E4	64	80	
510	54.299479	C#4	61	67	559	40.666667	C#4	61	80	
511	54.507812	A3	57	64	561	40.875000	A3	57	80	
512	54.520833	E4	64	62	560	40.833333	E4	64	80	
513	54.752604	B3	59	63	563	41.000000	B3	59	80	
514	54.761719	G4	67	56	562	41.000000	G4	67	80	
515	54.976562	E5	76	94	564	41.166667	E5	76	80	
516	54.996094	C#4	61	67	565	41.166667	C#4	61	80	
517	55.085938	D5	74	84	566	41.250000	D5	74	80	
518	55.096354	B3	59	65	567	41.250000	B3	59	80	
519	55.167969	A3	57	66	569	41.333333	A3	57	80	
520	55.184896	C#5	73	88	568	41.333333	C#5	73	80	
521	55.277344	B4	71	89	570	41.416667	B4	71	80	
522	55.286458	B3	59	68	571	41.416667	B3	59	80	
523	55.378906	A4	69	91	572	41.500000	A4	69	80	
524	55.385417	C#4	61	73	573	41.500000	C#4	61	80	
525	55.602865	E5	76	87	574	41.666667	E5	76	80	
526	55.610677	D4	62	67	575	41.666667	D4	62	80	
527	55.750000	C#4	61	35	576	41.750000	C#4	61	80	
528	55.825521	B3	59	59	578	41.833333	B3	59	80	
529	55.837240	G4	67	77	577	41.833333	G4	67	80	
530	55.924479	C#4	61	66	579	41.916667	C#4	61	80	
531	56.036458	D4	62	73	581	42.000000	D4	62	80	
532	56.050781	F#4	66	82	580	42.000000	F#4	66	80	
533	56.315104	D4	62	58	582	42.166667	D4	62	80	
534	56.406250	E4	64	63	583	42.250000	E4	64	80	
535	56.509115	F#4	66	59	584	42.333333	F#4	66	80	
536	56.601562	G4	67	65	585	42.416667	G4	67	80	
537	56.727865	A4	69	73	586	42.500000	A4	69	80	
538	56.976562	F#4	66	59	587	42.666667	F#4	66	80	
539	57.177083	D3	50	58	589	42.875000	D3	50	80	
540	57.178385	A4	69	74	588	42.833333	A4	69	80	
541	57.411458	E3	52	63	591	43.000000	E3	52	80	
542	57.415365	C5	72	69	590	43.000000	C5	72	80	
543	57.648438	A5	81	91	592	43.166667	A5	81	80	
544	57.651042	F#3	54	76	593	43.166667	F#3	54	80	
545	57.760417	E3	52	73	595	43.250000	E3	52	80	
546	57.773438	G5	79	86	594	43.250000	G5	79	80	
547	57.839844	D3	50	65	597	43.333333	D3	50	80	
548	57.877604	F#5	78	90	596	43.333333	F#5	78	80	
549	57.957031	E3	52	76	599	43.416667	E3	52	80	
550	57.971354	E5	76	90	598	43.416667	E5	76	80	
551	58.062500	F#3	54	84	601	43.500000	F#3	54	80	
552	58.074219	D5	74	92	600	43.500000	D5	74	80	
553	58.295573	A5	81	81	602	43.666667	A5	81	80	
554	58.324219	G3	55	68	603	43.666667	G3	55	80	
555	58.415365	F#3	54	70	604	43.750000	F#3	54	80	
556	58.532552	C5	72	60	605	43.833333	C5	72	80	
557	58.546875	E3	52	71	606	43.833333	E3	52	80	
558	58.677083	G3	55	65	609	44.000000	G3	55	80	
559	58.708333	B4	71	86	608	44.000000	B4	71	80	
560	58.947917	B3	59	76	610	44.166667	B3	59	80	
561	59.033854	A3	57	64	611	44.250000	A3	57	80	
562	59.109375	G3	55	67	612	44.333333	G3	55	80	
563	59.136719	A4	69	72	613	44.375000	A4	69	80	
564	59.231771	F#3	54	55	614	44.416667	F#3	54	80	
565	59.328125	E3	52	61	616	44.500000	E3	52	80	
566	59.334635	G4	67	60	615	44.500000	G4	67	80	
567	59.420573	A4	69	70	617	44.561458	A4	69	80	
568	59.490885	G4	67	66	618	44.623958	G4	67	80	
569	59.575521	G3	55	56	619	44.666667	G3	55	80	
570	59.635417	F#3	54	64	620	44.750000	F#3	54	80	
571	59.744792	E3	52	63	621	44.833333	E3	52	80	
572	59.753906	F#4	66	63	622	44.875000	F#4	66	80	
573	59.852865	D3	50	55	623	44.916667	D3	50	80	
574	59.958333	C#3	49	56	625	45.000000	C#3	49	80	
575	59.988281	E4	64	62	624	45.000000	E4	64	80	
576	60.186198	E3	52	61	627	45.166667	E3	52	80	
577	60.207031	C#5	73	59	626	45.166667	C#5	73	80	
578	60.326823	B4	71	51	628	45.250000	B4	71	80	
579	60.407552	C#3	49	59	630	45.333333	C#3	49	80	
580	60.419271	Bb4	70	60	629	45.333333	Bb4	70	80	
581	60.533854	B4	71	64	631	45.416667	B4	71	80	
582	60.609375	Bb2	46	52	633	45.500000	Bb2	46	80	
583	60.647135	C#5	73	78	632	45.500000	C#5	73	80	
584	60.837240	C#3	49	63	634	45.666667	C#3	49	80	
585	61.076823	Bb2	46	65	635	45.833333	Bb2	46	80	
586	61.091146	G4	67	72	636	45.875000	G4	67	80	
587	61.313802	D3	50	72	638	46.000000	D3	50	80	
588	61.320312	F#4	66	78	637	46.000000	F#4	66	80	
589	61.528646	D5	74	79	639	46.166667	D5	74	80	
590	61.548177	F#3	54	62	640	46.166667	F#3	54	80	
591	61.648438	C#5	73	77	641	46.250000	C#5	73	80	
592	61.748698	D3	50	63	643	46.333333	D3	50	80	
593	61.753906	B4	71	74	642	46.333333	B4	71	80	
594	61.867188	C#5	73	75	644	46.416667	C#5	73	80	
595	61.954427	B2	47	54	646	46.500000	B2	47	80	
596	61.967448	D5	74	90	645	46.500000	D5	74	80	
597	62.190104	D3	50	67	647	46.666667	D3	50	80	
598	62.397135	B2	47	68	648	46.833333	B2	47	80	
599	62.417969	A4	69	92	649	46.875000	A4	69	80	
600	62.626302	E3	52	77	651	47.000000	E3	52	80	
601	62.644531	G4	67	94	650	47.000000	G4	67	80	
602	62.855469	E5	76	91	652	47.166667	E5	76	80	
603	62.863281	G3	55	78	653	47.166667	G3	55	80	
604	62.979167	D5	74	82	654	47.250000	D5	74	80	
605	63.066406	E3	52	70	656	47.333333	E3	52	80	
606	63.085938	C#5	73	88	655	47.333333	C#5	73	80	
607	63.192708	D5	74	83	657	47.416667	D5	74	80	
608	63.286458	C#3	49	73	659	47.500000	C#3	49	80	
609	63.303385	E5	76	106	658	47.500000	E5	76	80	
610	63.488281	E3	52	78	660	47.666667	E3	52	80	
611	63.718750	C#3	49	76	661	47.833333	C#3	49	80	
612	63.727865	B4	71	86	662	47.875000	B4	71	80	
613	63.945312	F#3	54	90	664	48.000000	F#3	54	80	
614	63.949219	Bb4	70	99	663	48.000000	Bb4	70	80	
615	63.979167	G#5	80	55	*	-1	*	-1	-1	
616	64.188802	G5	79	99	665	48.166667	G5	79	80	
617	64.300781	F#5	78	90	666	48.250000	F#5	78	80	
618	64.384115	B3	59	74	668	48.375000	B3	59	80	
619	64.398438	E5	76	86	667	48.333333	E5	76	80	
620	64.493490	Eb5	75	95	669	48.416667	Eb5	75	80	
621	64.587240	Bb3	58	76	671	48.500000	Bb3	58	80	
622	64.605469	E5	76	100	670	48.500000	E5	76	80	
623	64.825521	B3	59	78	673	48.666667	B3	59	80	
624	64.837240	G5	79	94	672	48.666667	G5	79	80	
625	65.063802	Eb5	75	96	674	48.833333	Eb5	75	80	
626	65.066406	C#4	61	73	675	48.833333	C#4	61	80	
627	65.290365	E5	76	94	676	49.000000	E5	76	80	
628	65.296875	F#3	54	75	678	49.000000	F#3	54	80	
629	65.304688	C#5	73	84	677	49.000000	C#5	73	80	
630	65.510417	G5	79	88	679	49.166667	G5	79	80	
631	65.618490	F#5	78	80	680	49.250000	F#5	78	80	
632	65.716146	B3	59	75	682	49.375000	B3	59	80	
633	65.730469	E5	76	81	681	49.333333	E5	76	80	
634	65.837240	Eb5	75	83	683	49.416667	Eb5	75	80	
635	65.936198	E5	76	91	684	49.500000	E5	76	80	
636	65.937500	Bb3	58	79	685	49.500000	Bb3	58	80	
637	66.195312	F#5	78	72	686	49.666667	F#5	78	80	
638	66.302083	E5	76	71	687	49.750000	E5	76	80	
639	66.371094	B3	59	63	689	49.875000	B3	59	80	
640	66.394531	Eb5	75	72	688	49.833333	Eb5	75	80	
641	66.494792	C#5	73	66	690	49.916667	C#5	73	80	
642	66.613281	Eb5	75	71	691	50.000000	Eb5	75	80	
643	66.621094	B2	47	57	692	50.000000	B2	47	80	
644	66.878906	C5	72	53	693	50.166667	C5	72	80	
645	66.967448	B4	71	62	694	50.250000	B4	71	80	
646	67.029948	E4	64	52	696	50.375000	E4	64	80	
647	67.052083	A4	69	65	695	50.333333	A4	69	80	
648	67.153646	G#4	68	63	697	50.416667	G#4	68	80	
649	67.238281	Eb4	63	47	699	50.500000	Eb4	63	80	
650	67.265625	A4	69	71	698	50.500000	A4	69	80	
651	67.457031	E4	64	57	701	50.666667	E4	64	80	
652	67.479167	C5	72	72	700	50.666667	C5	72	80	
653	67.705729	F#4	66	51	703	50.833333	F#4	66	80	
654	67.717448	G#4	68	66	702	50.833333	G#4	68	80	
655	67.921875	B3	59	49	706	51.000000	B3	59	80	
656	67.934896	F#5	78	67	704	51.000000	F#5	78	80	
657	67.941406	A4	69	57	705	51.000000	A4	69	80	
658	68.169271	C5	72	53	707	51.166667	C5	72	80	
659	68.268229	B4	71	57	708	51.250000	B4	71	80	
660	68.364583	E4	64	46	710	51.375000	E4	64	80	
661	68.373698	A4	69	60	709	51.333333	A4	69	80	
662	68.473958	G#4	68	60	711	51.416667	G#4	68	80	
663	68.575521	Eb4	63	49	713	51.500000	Eb4	63	80	
664	68.589844	A4	69	69	712	51.500000	A4	69	80	
665	68.833333	B4	71	60	714	51.666667	B4	71	80	
666	68.942708	A4	69	57	715	51.750000	A4	69	80	
667	69.033854	E4	64	58	*	-1	*	-1	-1	
668	69.050781	G4	67	56	716	51.833333	G4	67	80	
669	69.161458	F#4	66	58	718	51.916667	F#4	66	80	
670	69.266927	E3	52	47	720	52.000000	E3	52	80	
671	69.283854	G4	67	60	719	52.000000	G4	67	80	
672	69.388021	B4	71	72	721	52.083333	B4	71	80	
673	69.391927	G3	55	54	722	52.083333	G3	55	80	
674	69.485677	C#5	73	77	723	52.166667	C#5	73	80	
675	69.489583	A3	57	62	724	52.166667	A3	57	80	
676	69.598958	Eb5	75	84	725	52.250000	Eb5	75	80	
677	69.606771	B3	59	67	726	52.250000	B3	59	80	
678	69.710938	C#4	61	66	728	52.333333	C#4	61	80	
679	69.725260	E5	76	81	727	52.333333	E5	76	80	
680	69.812500	Eb4	63	60	730	52.416667	Eb4	63	80	
681	69.816406	F#5	78	85	729	52.416667	F#5	78	80	
682	69.920573	G5	79	82	731	52.500000	G5	79	80	
683	69.929688	E4	64	74	732	52.500000	E4	64	80	
684	70.039062	F#5	78	82	733	52.583333	F#5	78	80	
685	70.139323	G4	67	72	735	52.666667	G4	67	80	
686	70.144531	E5	76	83	734	52.666667	E5	76	80	
687	70.248698	D5	74	77	736	52.750000	D5	74	80	
688	70.354167	E4	64	69	738	52.833333	E4	64	80	
689	70.360677	C#5	73	80	737	52.833333	C#5	73	80	
690	70.466146	B4	71	82	739	52.916667	B4	71	80	
691	70.552083	C#4	61	71	741	53.000000	C#4	61	80	
692	70.570312	E5	76	90	740	53.000000	E5	76	80	
693	70.688802	D5	74	79	742	53.083333	D5	74	80	
694	70.781250	E4	64	70	744	53.166667	E4	64	80	
695	70.796875	C#5	73	75	743	53.166667	C#5	73	80	
696	70.899740	B4	71	75	745	53.250000	B4	71	80	
697	71.003906	A4	69	74	746	53.333333	A4	69	80	
698	71.019531	C#4	61	64	747	53.333333	C#4	61	80	
699	71.111979	G#4	68	70	748	53.416667	G#4	68	80	
700	71.208333	C#5	73	86	749	53.500000	C#5	73	80	
701	71.209635	A3	57	63	750	53.500000	A3	57	80	
702	71.333333	B4	71	70	751	53.583333	B4	71	80	
703	71.425781	C#4	61	63	753	53.666667	C#4	61	80	
704	71.429688	A4	69	77	752	53.666667	A4	69	80	
705	71.539062	G4	67	70	754	53.750000	G4	67	80	
706	71.623698	A3	57	64	756	53.833333	A3	57	80	
707	71.636719	F#4	66	69	755	53.833333	F#4	66	80	
708	71.743490	E4	64	72	757	53.916667	E4	64	80	
709	71.863281	D3	50	53	759	54.000000	D3	50	80	
710	71.868490	F#4	66	75	758	54.000000	F#4	66	80	
711	71.958333	A4	69	77	760	54.083333	A4	69	80	
712	71.981771	F#3	54	68	761	54.083333	F#3	54	80	
713	72.062500	B4	71	84	762	54.166667	B4	71	80	
714	72.093750	G3	55	68	763	54.166667	G3	55	80	
715	72.173177	C#5	73	87	764	54.250000	C#5	73	80	
716	72.190104	A3	57	76	765	54.250000	A3	57	80	
717	72.277344	D5	74	82	766	54.333333	D5	74	80	
718	72.283854	B3	59	72	767	54.333333	B3	59	80	
719	72.377604	E5	76	86	768	54.416667	E5	76	80	
720	72.385417	C#4	61	76	769	54.416667	C#4	61	80	
721	72.472656	F#5	78	99	770	54.500000	F#5	78	80	
722	72.497396	D4	62	79	771	54.500000	D4	62	80	
723	72.592448	E5	76	83	772	54.583333	E5	76	80	
724	72.696615	D5	74	80	773	54.666667	D5	74	80	
725	72.808594	C#5	73	80	774	54.750000	C#5	73	80	
726	72.911458	B4	71	76	775	54.833333	B4	71	80	
727	73.003906	A4	69	73	776	54.916667	A4	69	80	
728	73.117188	G#4	68	73	777	55.000000	G#4	68	80	
729	73.223958	B4	71	69	778	55.083333	B4	71	80	
730	73.329427	E5	76	81	779	55.166667	E5	76	80	
731	73.342448	C#4	61	62	780	55.166667	C#4	61	80	
732	73.444010	D5	74	69	781	55.250000	D5	74	80	
733	73.494792	C5	72	27	*	-1	*	-1	-1	
734	73.537760	B3	59	71	783	55.333333	B3	59	80	
735	73.542969	E5	76	81	782	55.333333	E5	76	80	
736	73.658854	G4	67	71	784	55.416667	G4	67	80	
737	73.747396	Bb3	58	67	786	55.500000	Bb3	58	80	
738	73.781250	F#4	66	75	785	55.500000	F#4	66	80	
739	73.861979	C#4	61	72	788	55.583333	C#4	61	80	
740	73.885417	Bb4	70	70	787	55.583333	Bb4	70	80	
741	73.977865	C#5	73	76	789	55.666667	C#5	73	80	
742	73.985677	B3	59	67	791	55.666667	B3	59	80	
743	74.080729	Bb3	58	67	793	55.750000	Bb3	58	80	
744	74.080729	D5	74	80	792	55.750000	D5	74	80	
745	74.177083	G#3	56	75	795	55.833333	G#3	56	80	
746	74.200521	E5	76	85	794	55.833333	E5	76	80	
747	74.279948	F#3	54	76	796	55.916667	F#3	54	80	
748	74.393229	B3	59	79	797	56.000000	B3	59	80	
749	74.500000	F#4	66	74	798	56.083333	F#4	66	80	
750	74.602865	G#4	68	73	799	56.166667	G#4	68	80	
751	74.611979	F#3	54	69	800	56.166667	F#3	54	80	
752	74.704427	Bb4	70	70	801	56.250000	Bb4	70	80	
753	74.807292	B4	71	76	802	56.333333	B4	71	80	
754	74.809896	D3	50	63	803	56.333333	D3	50	80	
755	74.912760	C#5	73	74	804	56.416667	C#5	73	80	
756	75.024740	D5	74	79	805	56.500000	D5	74	80	
757	75.033854	B2	47	59	806	56.500000	B2	47	80	
758	75.138021	C#5	73	78	807	56.583333	C#5	73	80	
759	75.235677	B4	71	78	808	56.666667	B4	71	80	
760	75.242188	C#3	49	64	809	56.666667	C#3	49	80	
761	75.333333	A4	69	73	810	56.750000	A4	69	80	
762	75.359375	D3	50	72	811	56.750000	D3	50	80	
763	75.437500	G4	67	77	812	56.833333	G4	67	80	
764	75.470052	E3	52	69	813	56.833333	E3	52	80	
765	75.537760	F#4	66	82	814	56.916667	F#4	66	80	
766	75.574219	F#3	54	64	815	56.916667	F#3	54	80	
767	75.653646	B4	71	89	816	57.000000	B4	71	80	
768	75.667969	G3	55	78	817	57.000000	G3	55	80	
769	75.781250	A4	69	83	818	57.083333	A4	69	80	
770	75.789062	A3	57	75	819	57.083333	A3	57	80	
771	75.897135	B3	59	64	821	57.166667	B3	59	80	
772	75.903646	G4	67	76	820	57.166667	G4	67	80	
773	75.984375	A3	57	72	823	57.250000	A3	57	80	
774	75.985677	F#4	66	80	822	57.250000	F#4	66	80	
775	76.088542	E4	64	77	824	57.333333	E4	64	80	
776	76.098958	G3	55	59	825	57.333333	G3	55	80	
777	76.154948	F#3	54	62	827	57.416667	F#3	54	80	
778	76.187500	D4	62	80	826	57.416667	D4	62	80	
779	76.265625	E3	52	60	829	57.500000	E3	52	80	
780	76.295573	G4	67	86	828	57.500000	G4	67	80	
781	76.376302	F#3	54	70	831	57.583333	F#3	54	80	
782	76.397135	F#4	66	80	830	57.583333	F#4	66	80	
783	76.490885	G3	55	73	833	57.666667	G3	55	80	
784	76.516927	E4	64	61	832	57.666667	E4	64	80	
785	76.584635	D4	62	74	834	57.750000	D4	62	80	
786	76.600260	F#3	54	66	835	57.750000	F#3	54	80	
787	76.688802	C#4	61	74	836	57.833333	C#4	61	80	
788	76.708333	G3	55	75	837	57.833333	G3	55	80	
789	76.785156	E4	64	77	838	57.916667	E4	64	80	
790	76.799479	E3	52	67	839	57.916667	E3	52	80	
791	76.924479	Bb3	58	96	840	58.000000	Bb3	58	80	
792	76.933594	F#3	54	93	841	58.000000	F#3	54	80	
793	77.203125	G5	79	102	842	58.166667	G5	79	80	
794	77.322917	F#5	78	86	843	58.250000	F#5	78	80	
795	77.415365	E5	76	80	844	58.333333	E5	76	80	
796	77.468750	F#2	42	67	845	58.375000	F#2	42	80	
797	77.516927	D5	74	89	846	58.416667	D5	74	80	
798	77.625000	F#2	42	76	849	58.500000	F#2	42	80	
799	77.632812	Bb4	70	88	848	58.500000	Bb4	70	80	
800	77.632812	C#5	73	88	847	58.500000	C#5	73	80	
801	77.867188	E5	76	89	850	58.666667	E5	76	80	
802	78.083333	C#5	73	83	851	58.833333	C#5	73	80	
803	78.101562	F#2	42	61	852	58.875000	F#2	42	80	
804	78.287760	F#2	42	65	855	59.000000	F#2	42	80	
805	78.302083	E4	64	83	854	59.000000	E4	64	80	
806	78.304688	Bb4	70	79	853	59.000000	Bb4	70	80	
807	78.536458	C#5	73	75	856	59.166667	C#5	73	80	
808	78.763021	Bb4	70	72	857	59.333333	Bb4	70	80	
809	78.979167	E4	64	63	858	59.500000	E4	64	80	
810	78.980469	C#4	61	71	859	59.500000	C#4	61	80	
811	79.205729	Bb4	70	65	860	59.666667	Bb4	70	80	
812	79.316406	C#3	49	79	861	59.750000	C#3	49	80	
813	79.355469	C#4	61	29	*	-1	*	-1	-1	
814	79.421875	D3	50	82	863	59.833333	D3	50	80	
815	79.434896	E4	64	66	862	59.833333	E4	64	80	
816	79.523438	E3	52	78	864	59.916667	E3	52	80	
817	79.621094	F#3	54	83	866	60.000000	F#3	54	80	
818	79.643229	D4	62	76	865	60.000000	D4	62	80	
819	79.901042	B3	59	58	867	60.166667	B3	59	80	
820	80.007812	C#4	61	59	868	60.250000	C#4	61	80	
821	80.091146	F#2	42	60	870	60.375000	F#2	42	80	
822	80.131510	D4	62	61	869	60.333333	D4	62	80	
823	80.214844	E4	64	64	871	60.416667	E4	64	80	
824	80.311198	F#2	42	62	874	60.500000	F#2	42	80	
825	80.326823	B4	71	87	872	60.500000	B4	71	80	
826	80.343750	F#4	66	58	873	60.500000	F#4	66	80	
827	80.567708	D4	62	77	875	60.666667	D4	62	80	
828	80.782552	F#2	42	83	877	60.875000	F#2	42	80	
829	80.787760	F#4	66	78	876	60.833333	F#4	66	80	
830	80.989583	F#2	42	85	880	61.000000	F#2	42	80	
831	81.007812	D5	74	95	878	61.000000	D5	74	80	
832	81.014323	B4	71	71	879	61.000000	B4	71	80	
833	81.239583	F#4	66	79	881	61.166667	F#4	66	80	
834	81.444010	B4	71	79	882	61.333333	B4	71	80	
835	81.654948	F5	77	89	883	61.500000	F5	77	80	
836	81.664062	D5	74	80	884	61.500000	D5	74	80	
837	81.891927	B4	71	74	885	61.666667	B4	71	80	
838	82.084635	D5	74	88	886	61.833333	D5	74	80	
839	82.309896	F#5	78	98	887	62.000000	F#5	78	80	
840	82.332031	C#5	73	78	888	62.000000	C#5	73	80	
841	82.563802	Bb4	70	69	889	62.166667	Bb4	70	80	
842	82.656250	D3	50	76	890	62.250000	D3	50	80	
843	82.759115	E3	52	74	892	62.333333	E3	52	80	
844	82.770833	C#5	73	84	891	62.333333	C#5	73	80	
845	82.773438	E5	76	85	893	62.375000	E5	76	80	
846	82.851562	F#3	54	81	894	62.416667	F#3	54	80	
847	82.977865	G3	55	83	897	62.500000	G3	55	80	
848	83.000000	D5	74	93	895	62.500000	D5	74	80	
849	83.014323	B4	71	80	896	62.500000	B4	71	80	
850	83.214844	F#3	54	74	898	62.666667	F#3	54	80	
851	83.436198	G5	79	94	900	62.875000	G5	79	80	
852	83.437500	E3	52	73	899	62.833333	E3	52	80	
853	83.730469	D5	74	97	901	63.000000	D5	74	80	
854	83.735677	F#3	54	73	903	63.000000	F#3	54	80	
855	83.746094	B4	71	81	902	63.000000	B4	71	80	
856	84.462240	D5	74	87	*	-1	*	-1	-1	
857	84.467448	F#2	42	67	906	63.500000	F#2	42	80	
858	84.470052	F#3	54	13	*	-1	*	-1	-1	
859	84.471354	Bb4	70	78	905	63.500000	Bb4	70	80	
860	84.539062	C#5	73	64	904	63.500000	C#5	73	80	
861	84.574219	D5	74	65	907	63.554167	D5	74	80	
862	84.645833	C#5	73	87	908	63.609375	C#5	73	80	
863	84.718750	B4	71	80	909	63.666667	B4	71	80	
864	84.968750	C#5	73	77	910	63.833333	C#5	73	80	
865	85.227865	B2	47	78	913	64.000000	B2	47	80	
866	85.227865	B4	71	75	911	64.000000	B4	71	80	
867	85.483073	D5	74	69	914	64.166667	D5	74	80	
868	85.505208	E5	76	55	*	-1	*	-1	-1	
869	85.585938	C#5	73	74	915	64.250000	C#5	73	80	
870	85.695312	B4	71	67	916	64.333333	B4	71	80	
871	85.716146	F#3	54	83	917	64.375000	F#3	54	80	
872	85.782552	A4	69	71	918	64.416667	A4	69	80	
873	85.921875	G4	67	70	919	64.500000	G4	67	80	
874	85.972656	B3	59	77	920	64.500000	B3	59	80	
875	86.014323	Bb3	58	82	921	64.562500	A3	57	80	
876	86.101562	B3	59	89	922	64.625000	B3	59	80	
877	86.194010	B4	71	84	923	64.666667	B4	71	80	
878	86.313802	A4	69	78	924	64.750000	A4	69	80	
879	86.419271	G4	67	79	925	64.833333	G4	67	80	
880	86.527344	F#4	66	84	926	64.916667	F#4	66	80	
881	86.636719	E4	64	87	927	65.000000	E4	64	80	
882	86.703125	C#5	73	27	*	-1	*	-1	-1	
883	86.872396	C4	60	74	929	65.166667	C4	60	80	
884	86.881510	G4	67	81	928	65.166667	G4	67	80	
885	86.966146	B3	59	75	930	65.250000	B3	59	80	
886	87.054688	A3	57	77	932	65.333333	A3	57	80	
887	87.098958	C5	72	95	931	65.333333	C5	72	80	
888	87.153646	G3	55	76	933	65.416667	G3	55	80	
889	87.282552	F#3	54	75	935	65.500000	F#3	54	80	
890	87.308594	C5	72	98	934	65.500000	C5	72	80	
891	87.523438	G3	55	72	937	65.666667	G3	55	80	
892	87.557292	A4	69	75	936	65.666667	A4	69	80	
893	87.630208	F#3	54	72	938	65.750000	F#3	54	80	
894	87.753906	E3	52	69	940	65.833333	E3	52	80	
895	87.764323	F#4	66	73	939	65.833333	F#4	66	80	
896	87.838542	D3	50	66	941	65.916667	D3	50	80	
897	87.984375	D4	62	80	942	66.000000	D4	62	80	
898	87.985677	G3	55	73	943	66.000000	G3	55	80	
899	88.088542	A3	57	79	944	66.083333	A3	57	80	
900	88.192708	B3	59	73	946	66.166667	B3	59	80	
901	88.197917	G4	67	94	945	66.166667	G4	67	80	
902	88.298177	G3	55	67	947	66.250000	G3	55	80	
903	88.407552	F#3	54	69	949	66.333333	F#3	54	80	
904	88.415365	B4	71	87	948	66.333333	B4	71	80	
905	88.510417	G3	55	70	950	66.416667	G3	55	80	
906	88.628906	C#3	49	70	952	66.500000	C#3	49	80	
907	88.651042	B4	71	95	951	66.500000	B4	71	80	
908	88.782552	A4	69	72	953	66.583333	A4	69	80	
909	88.877604	E3	52	66	955	66.666667	E3	52	80	
910	88.895833	G4	67	73	954	66.666667	G4	67	80	
911	89.000000	F#4	66	67	956	66.750000	F#4	66	80	
912	89.084635	C#3	49	57	958	66.833333	C#3	49	80	
913	89.105469	E4	64	67	957	66.833333	E4	64	80	
914	89.199219	D4	62	67	959	66.916667	D4	62	80	
915	89.296875	C#4	61	78	960	67.000000	C#4	61	80	
916	89.308594	F#3	54	61	961	67.000000	F#3	54	80	
917	89.410156	G3	55	63	962	67.083333	G3	55	80	
918	89.514323	A3	57	59	964	67.166667	A3	57	80	
919	89.519531	F#4	66	76	963	67.166667	F#4	66	80	
920	89.635417	F#3	54	54	965	67.250000	F#3	54	80	
921	89.733073	E3	52	57	967	67.333333	E3	52	80	
922	89.761719	A4	69	72	966	67.333333	A4	69	80	
923	89.830729	F#3	54	61	968	67.416667	F#3	54	80	
924	89.970052	B2	47	59	970	67.500000	B2	47	80	
925	89.980469	A4	69	81	969	67.500000	A4	69	80	
926	90.102865	G4	67	66	971	67.583333	G4	67	80	
927	90.196615	D3	50	62	973	67.666667	D3	50	80	
928	90.216146	F#4	66	63	972	67.666667	F#4	66	80	
929	90.308594	E4	64	61	974	67.750000	E4	64	80	
930	90.407552	D4	62	67	975	67.833333	D4	62	80	
931	90.421875	B2	47	49	976	67.833333	B2	47	80	
932	90.511719	C#4	61	59	977	67.916667	C#4	61	80	
933	90.600260	B3	59	78	978	68.000000	B3	59	80	
934	90.635417	E3	52	57	979	68.000000	E3	52	80	
935	90.743490	F#3	54	65	980	68.083333	F#3	54	80	
936	90.838542	G3	55	55	982	68.166667	G3	55	80	
937	90.848958	E4	64	77	981	68.166667	E4	64	80	
938	90.937500	E3	52	56	983	68.250000	E3	52	80	
939	91.050781	D3	50	49	985	68.333333	D3	50	80	
940	91.063802	G4	67	70	984	68.333333	G4	67	80	
941	91.160156	E3	52	56	986	68.416667	E3	52	80	
942	91.295573	G4	67	75	987	68.500000	G4	67	80	
943	91.298177	A2	45	54	988	68.500000	A2	45	80	
944	91.421875	F#4	66	64	989	68.583333	F#4	66	80	
945	91.510417	C#3	49	54	991	68.666667	C#3	49	80	
946	91.527344	E4	64	60	990	68.666667	E4	64	80	
947	91.623698	G4	67	23	*	-1	*	-1	-1	
948	91.625000	D4	62	59	992	68.750000	D4	62	80	
949	91.731771	A2	45	58	994	68.833333	A2	45	80	
950	91.747396	C#4	61	56	993	68.833333	C#4	61	80	
951	91.833333	B3	59	67	995	68.916667	B3	59	80	
952	91.940104	D3	50	61	997	69.000000	D3	50	80	
953	91.946615	A3	57	65	996	69.000000	A3	57	80	
954	92.042969	E3	52	49	998	69.083333	E3	52	80	
955	92.139323	F#3	54	59	1000	69.166667	F#3	54	80	
956	92.147135	D4	62	64	999	69.166667	D4	62	80	
957	92.257812	D3	50	56	1001	69.250000	D3	50	80	
958	92.334635	F#4	66	65	1002	69.333333	F#4	66	80	
959	92.356771	C#3	49	49	1003	69.333333	C#3	49	80	
960	92.458333	D3	50	66	1004	69.416667	D3	50	80	
961	92.576823	B2	47	60	1005	69.500000	B2	47	80	
962	92.665365	C3	48	66	1006	69.583333	C3	48	80	
963	92.782552	D3	50	64	1008	69.666667	D3	50	80	
964	92.795573	F#4	66	69	1007	69.666667	F#4	66	80	
965	92.890625	B2	47	53	1009	69.750000	B2	47	80	
966	93.010417	A2	45	58	1011	69.833333	A2	45	80	
967	93.018229	C5	72	76	1010	69.833333	C5	72	80	
968	93.119792	B2	47	63	1012	69.916667	B2	47	80	
969	93.227865	B4	71	85	1013	70.000000	B4	71	80	
970	93.231771	G2	43	62	1014	70.000000	G2	43	80	
971	93.351562	A2	45	63	1015	70.083333	A2	45	80	
972	93.446615	B2	47	70	1017	70.166667	B2	47	80	
973	93.447917	G4	67	74	1016	70.166667	G4	67	80	
974	93.546875	F#4	66	75	1018	70.250000	F#4	66	80	
975	93.555990	A2	45	66	1019	70.250000	A2	45	80	
976	93.653646	E4	64	73	1020	70.333333	E4	64	80	
977	93.657552	G2	43	66	1021	70.333333	G2	43	80	
978	93.764323	F#2	42	65	1023	70.416667	F#2	42	80	
979	93.764323	D4	62	72	1022	70.416667	D4	62	80	
980	93.852865	G4	67	75	1024	70.500000	G4	67	80	
981	93.888021	E2	40	61	1025	70.500000	E2	40	80	
982	94.016927	F#2	42	69	1026	70.583333	F#2	42	80	
983	94.088542	C#5	73	82	1027	70.666667	C#5	73	80	
984	94.101562	E4	64	62	1028	70.666667	E4	64	80	
985	94.108073	G2	43	70	1029	70.666667	G2	43	80	
986	94.223958	F#2	42	69	1030	70.750000	F#2	42	80	
987	94.316406	E2	40	61	1033	70.833333	E2	40	80	
988	94.321615	D5	74	88	1031	70.833333	D5	74	80	
989	94.322917	F#4	66	71	1032	70.833333	F#4	66	80	
990	94.453125	D2	38	68	1034	70.916667	D2	38	80	
991	94.582031	A2	45	80	1035	71.000000	A2	45	80	
992	94.819010	B4	71	76	1036	71.166667	B4	71	80	
993	94.837240	D4	62	58	1037	71.166667	D4	62	80	
994	95.074219	C#5	73	94	1038	71.333333	C#5	73	80	
995	95.087240	E4	64	74	1039	71.333333	E4	64	80	
996	95.315104	E5	76	101	1040	71.500000	E5	76	80	
997	95.332031	G4	67	76	1041	71.500000	G4	67	80	
998	95.447917	G#2	44	67	1042	71.583333	B2	47	80	
999	95.549479	Bb2	46	76	1043	71.666667	C#3	49	80	
1000	95.660156	B2	47	77	1044	71.750000	D3	50	80	
1001	95.773438	C#3	49	77	1045	71.833333	E3	52	80	
1002	95.888021	Bb2	46	75	1046	71.916667	Bb2	46	80	
1003	95.990885	B2	47	86	1047	72.000000	B2	47	80	
1004	96.218750	C#5	73	94	1048	72.166667	C#5	73	80	
1005	96.230469	E4	64	82	1049	72.166667	E4	64	80	
1006	96.434896	D5	74	99	1050	72.333333	D5	74	80	
1007	96.454427	F#4	66	84	1051	72.333333	F#4	66	80	
1008	96.723958	G5	79	99	1052	72.500000	G5	79	80	
1009	96.742188	B4	71	83	1053	72.500000	B4	71	80	
1010	96.875000	A2	45	69	1054	72.583333	A2	45	80	
1011	97.005208	B2	47	71	1055	72.666667	B2	47	80	
1012	97.089844	D3	50	72	1056	72.750000	D3	50	80	
1013	97.204427	C#3	49	77	1057	72.833333	C#3	49	80	
1014	97.337240	E3	52	84	1058	72.916667	E3	52	80	
1015	97.446615	D3	50	83	1059	73.000000	D3	50	80	
1016	97.658854	F#5	78	93	1060	73.166667	F#5	78	80	
1017	97.683594	A4	69	79	1061	73.166667	A4	69	80	
1018	97.912760	E5	76	97	1062	73.333333	E5	76	80	
1019	97.919271	G4	67	78	1063	73.333333	G4	67	80	
1020	98.136719	F#5	78	100	1064	73.500000	F#5	78	80	
1021	98.153646	A4	69	81	1065	73.500000	A4	69	80	
1022	98.264323	E3	52	70	1066	73.583333	E3	52	80	
1023	98.371094	D3	50	73	1067	73.666667	D3	50	80	
1024	98.486979	C3	48	68	1068	73.750000	C3	48	80	
1025	98.593750	B2	47	67	1069	73.833333	B2	47	80	
1026	98.717448	A2	45	58	1070	73.916667	A2	45	80	
1027	98.803385	G2	43	62	1071	74.000000	G2	43	80	
1028	98.928385	D3	50	68	1072	74.083333	D3	50	80	
1029	99.029948	E3	52	72	1075	74.166667	E3	52	80	
1030	99.055990	E5	76	81	1073	74.166667	E5	76	80	
1031	99.069010	G4	67	71	1074	74.166667	G4	67	80	
1032	99.136719	F#3	54	77	1076	74.250000	F#3	54	80	
1033	99.252604	G3	55	80	1079	74.333333	G3	55	80	
1034	99.266927	D5	74	90	1077	74.333333	D5	74	80	
1035	99.282552	F#4	66	77	1078	74.333333	F#4	66	80	
1036	99.371094	A3	57	78	1080	74.416667	A3	57	80	
1037	99.497396	Bb3	58	82	1083	74.500000	Bb3	58	80	
1038	99.497396	E5	76	98	1081	74.500000	E5	76	80	
1039	99.515625	G4	67	78	1082	74.500000	G4	67	80	
1040	99.736979	C#5	73	89	1084	74.666667	C#5	73	80	
1041	99.753906	E4	64	74	1085	74.666667	E4	64	80	
1042	99.967448	D5	74	86	1086	74.833333	D5	74	80	
1043	99.977865	F#4	66	77	1087	74.833333	F#4	66	80	
1044	100.177083	D5	74	67	*	-1	*	-1	-1	
1045	100.197917	E4	64	67	1089	75.000000	E4	64	80	
1046	100.225260	C#5	73	73	1088	75.000000	C#5	73	80	
1047	100.274740	A3	57	56	1091	75.083333	A3	57	80	
1048	100.305990	D5	74	69	1090	75.062500	D5	74	80	
1049	100.365885	C#5	73	61	*	-1	*	-1	-1	
1050	100.386719	Bb3	58	57	1093	75.166667	Bb3	58	80	
1051	100.414062	D5	74	51	*	-1	*	-1	-1	
1052	100.473958	C#5	73	46	1092	75.125000	C#5	73	80	
1053	100.485677	G3	55	57	1094	75.250000	G3	55	80	
1054	100.608073	E3	52	57	1095	75.333333	E3	52	80	
1055	100.742188	G3	55	54	1096	75.416667	G3	55	80	
1056	100.817708	F4	65	64	1097	75.500000	F4	65	80	
1057	100.852865	A3	57	60	1098	75.500000	A3	57	80	
1058	100.938802	E4	64	60	1099	75.583333	E4	64	80	
1059	100.963542	G3	55	60	1100	75.583333	G3	55	80	
1060	101.045573	F4	65	59	1101	75.666667	F4	65	80	
1061	101.059896	A3	57	59	1102	75.666667	A3	57	80	
1062	101.147135	D4	62	57	1103	75.750000	D4	62	80	
1063	101.149740	F3	53	61	1104	75.750000	F3	53	80	
1064	101.259115	D3	50	55	1106	75.833333	D3	50	80	
1065	101.268229	A4	69	66	1105	75.833333	A4	69	80	
1066	101.388021	F3	53	50	1108	75.916667	F3	53	80	
1067	101.389323	F4	65	57	1107	75.916667	F4	65	80	
1068	101.497396	Bb4	70	72	1109	76.000000	Bb4	70	80	
1069	101.509115	G3	55	56	1110	76.000000	G3	55	80	
1070	101.623698	F3	53	63	1111	76.083333	F3	53	80	
1071	101.739583	G3	55	65	1113	76.166667	G3	55	80	
1072	101.742188	E4	64	60	1112	76.166667	E4	64	80	
1073	101.830729	E3	52	57	1114	76.250000	E3	52	80	
1074	101.958333	C#3	49	58	1116	76.333333	C#3	49	80	
1075	101.971354	G4	67	68	1115	76.333333	G4	67	80	
1076	102.082031	E3	52	45	1117	76.416667	E3	52	80	
1077	102.177083	F3	53	61	1119	76.500000	F3	53	80	
1078	102.179688	A4	69	86	1118	76.500000	A4	69	80	
1079	102.278646	E3	52	62	1120	76.583333	E3	52	80	
1080	102.395833	F3	53	68	1122	76.666667	F3	53	80	
1081	102.411458	C#4	61	64	1121	76.666667	C#4	61	80	
1082	102.509115	D3	50	64	1123	76.750000	D3	50	80	
1083	102.643229	B2	47	58	1125	76.833333	B2	47	80	
1084	102.651042	D4	62	78	1124	76.833333	D4	62	80	
1085	102.751302	D3	50	56	1126	76.916667	D3	50	80	
1086	102.867188	E3	52	64	1128	77.000000	E3	52	80	
1087	102.873698	G4	67	94	1127	77.000000	G4	67	80	
1088	102.976562	D3	50	66	1129	77.083333	D3	50	80	
1089	103.080729	E3	52	71	1131	77.166667	E3	52	80	
1090	103.106771	C#4	61	73	1130	77.166667	C#4	61	80	
1091	103.187500	C#3	49	67	1132	77.250000	C#3	49	80	
1092	103.311198	A2	45	62	1134	77.333333	A2	45	80	
1093	103.332031	E4	64	85	1133	77.333333	E4	64	80	
1094	103.429688	C#3	49	65	1135	77.416667	C#3	49	80	
1095	103.542969	F4	65	92	1136	77.500000	F4	65	80	
1096	103.545573	D3	50	71	1137	77.500000	D3	50	80	
1097	103.682292	C#3	49	64	1138	77.583333	C#3	49	80	
1098	103.770833	D3	50	71	1140	77.666667	D3	50	80	
1099	103.802083	A3	57	70	1139	77.666667	A3	57	80	
1100	103.903646	F3	53	69	1141	77.750000	F3	53	80	
1101	104.009115	B2	47	61	1143	77.833333	Bb2	46	80	
1102	104.049479	D4	62	70	1142	77.833333	D4	62	80	
1103	104.121094	D3	50	67	1144	77.916667	D3	50	80	
1104	104.247396	G#2	44	58	1146	78.000000	G#2	44	80	
1105	104.248698	B3	59	73	1145	78.000000	B3	59	80	
1106	104.338542	E4	64	62	1150	78.083333	E4	64	80	
1107	104.372396	A2	45	61	1149	78.061458	A2	45	80	
1108	104.437500	D4	62	65	1154	78.166667	D4	62	80	
1109	104.459635	G#2	44	59	1152	78.125000	G#2	44	80	
1110	104.531250	A2	45	71	1155	78.166667	A2	45	80	
1111	104.552083	C#4	61	68	1158	78.250000	C#4	61	80	
1112	104.606771	G#2	44	73	1159	78.250000	G#2	44	80	
1113	104.687500	D4	62	75	1163	78.333333	D4	62	80	
1114	104.713542	A2	45	76	1162	78.311458	A2	45	80	
1115	104.796875	G#2	44	72	1165	78.375000	G#2	44	80	
1116	104.809896	F4	65	80	1167	78.416667	F4	65	80	
1117	104.875000	A2	45	75	1168	78.416667	A2	45	80	
1118	104.912760	B4	71	92	1171	78.500000	B4	71	80	
1119	104.964844	G#2	44	75	1172	78.500000	G#2	44	80	
1120	105.035156	F4	65	80	1176	78.583333	F4	65	80	
1121	105.048177	A2	45	73	1175	78.561458	A2	45	80	
1122	105.135417	G#2	44	70	1178	78.625000	G#2	44	80	
1123	105.149740	E4	64	83	1180	78.666667	E4	64	80	
1124	105.221354	A2	45	76	1181	78.666667	A2	45	80	
1125	105.259115	D4	62	80	1184	78.750000	D4	62	80	
1126	105.303385	G#2	44	73	1185	78.750000	G#2	44	80	
1127	105.371094	C#4	61	80	1189	78.833333	C#4	61	80	
1128	105.390625	A2	45	70	1188	78.811458	A2	45	80	
1129	105.475260	B3	59	85	1193	78.916667	B3	59	80	
1130	105.476562	G#2	44	67	1191	78.875000	G#2	44	80	
1131	105.585938	C#4	61	88	1197	79.000000	C#4	61	80	
1132	105.597656	A2	45	78	1194	78.916667	A2	45	80	
1133	105.722656	A3	57	84	1199	79.083333	A3	57	80	
1134	105.842448	G3	55	87	1200	79.166667	G3	55	80	
1135	105.947917	F#3	54	85	1201	79.250000	F#3	54	80	
1136	106.063802	E3	52	85	1202	79.333333	E3	52	80	
1137	106.158854	D3	50	86	1203	79.416667	D3	50	80	
1138	106.268229	C#3	49	91	1204	79.500000	C#3	49	80	
1139	106.303385	Eb3	51	58	*	-1	*	-1	-1	
1140	106.398438	B2	47	84	1205	79.583333	B2	47	80	
1141	106.497396	A2	45	85	1206	79.666667	A2	45	80	
1142	106.613281	G2	43	81	1207	79.750000	G2	43	80	
1143	106.720052	F#2	42	85	1208	79.833333	F#2	42	80	
1144	106.854167	E2	40	78	1209	79.916667	E2	40	80	
1145	106.990885	D2	38	84	1210	80.000000	D2	38	80	
1146	107.298177	D3	50	76	1211	80.166667	D3	50	80	
1147	107.388021	E3	52	75	1212	80.250000	E3	52	80	
1148	107.497396	F#3	54	79	1213	80.333333	F#3	54	80	
1149	107.602865	G3	55	74	1214	80.416667	G3	55	80	
1150	107.731771	A3	57	76	1215	80.500000	A3	57	80	
1151	107.973958	F#3	54	74	1216	80.666667	F#3	54	80	
1152	108.196615	A3	57	74	1217	80.833333	A3	57	80	
1153	108.401042	D4	62	86	1218	81.000000	D4	62	80	
1154	108.621094	A3	57	85	1219	81.166667	A3	57	80	
1155	108.838542	D4	62	92	1220	81.333333	D4	62	80	
1156	109.061198	F#4	66	93	1221	81.500000	F#4	66	80	
1157	109.269531	D4	62	89	1222	81.666667	D4	62	80	
1158	109.486979	F#4	66	81	1223	81.833333	F#4	66	80	
1159	109.761719	A4	69	94	1224	82.000000	A4	69	80	
1160	110.518229	F#5	78	95	1225	82.500000	F#5	78	80	
1161	110.532552	A4	69	79	1226	82.500000	A4	69	80	
1162	110.542969	D3	50	58	1227	82.500000	D3	50	80	
1163	111.242188	F#5	78	95	1228	83.000000	F#5	78	80	
1164	111.250000	A4	69	80	1229	83.000000	A4	69	80	
1165	111.253906	A3	57	68	1230	83.000000	A3	57	80	
1166	111.592448	E5	76	83	1231	83.250000	E5	76	80	
1167	111.604167	G4	67	58	1232	83.250000	G4	67	80	
1168	111.951823	E5	76	90	1233	83.500000	E5	76	80	
1169	111.954427	A2	45	61	1235	83.500000	A2	45	80	
1170	111.958333	G4	67	79	1234	83.500000	G4	67	80	
1171	112.307292	D5	74	75	1236	83.750000	D5	74	80	
1172	112.322917	F#4	66	68	1237	83.750000	F#4	66	80	
1173	112.682292	D5	74	80	1238	84.000000	D5	74	80	
1174	112.687500	D3	50	60	1240	84.000000	D3	50	80	
1175	112.694010	F#4	66	74	1239	84.000000	F#4	66	80	
1176	113.041667	D4	62	55	1241	84.166667	D4	62	80	
1177	113.123698	E4	64	65	1242	84.250000	E4	64	80	
1178	113.230469	F#4	66	63	1243	84.333333	F#4	66	80	
1179	113.322917	G4	67	65	1244	84.416667	G4	67	80	
1180	113.417969	A4	69	77	1245	84.500000	A4	69	80	
1181	113.654948	F#4	66	77	1246	84.666667	F#4	66	80	
1182	113.686198	C4	60	67	1247	84.666667	C4	60	80	
1183	113.765625	B3	59	74	1248	84.750000	B3	59	80	
1184	113.861979	A3	57	80	1250	84.833333	A3	57	80	
1185	113.876302	A4	69	87	1249	84.833333	A4	69	80	
1186	113.994792	G3	55	72	1251	84.916667	G3	55	80	
1187	114.084635	C5	72	96	1252	85.000000	C5	72	80	
1188	114.091146	F#3	54	78	1253	85.000000	F#3	54	80	
1189	114.316406	A3	57	81	1255	85.166667	A3	57	80	
1190	114.316406	A4	69	96	1254	85.166667	A4	69	80	
1191	114.527344	C5	72	103	1256	85.333333	C5	72	80	
1192	114.531250	F#3	54	81	1257	85.333333	F#3	54	80	
1193	114.756510	D3	50	75	1259	85.500000	D3	50	80	
1194	114.756510	F#5	78	100	1258	85.500000	F#5	78	80	
1195	114.975260	F#3	54	79	1261	85.666667	F#3	54	80	
1196	114.980469	C5	72	97	1260	85.666667	C5	72	80	
1197	115.194010	D3	50	70	1263	85.833333	D3	50	80	
1198	115.196615	F#5	78	93	1262	85.833333	F#5	78	80	
1199	115.419271	A5	81	96	1264	86.000000	A5	81	80	
1200	115.427083	A2	45	73	1265	86.000000	A2	45	80	
1201	115.696615	D3	50	81	1266	86.166667	D3	50	80	
1202	115.907552	A2	45	77	1267	86.333333	A2	45	80	
1203	116.141927	D5	74	85	*	-1	*	-1	-1	
1204	116.148438	A4	69	77	1269	86.500000	A4	69	80	
1205	116.205729	C5	72	78	1268	86.500000	C5	72	80	
1206	116.291667	D5	74	73	*	-1	*	-1	-1	
1207	116.329427	A2	45	63	1271	86.666667	A2	45	80	
1208	116.347656	C5	72	72	*	-1	*	-1	-1	
1209	116.575521	F#2	42	72	1272	86.833333	F#2	42	80	
1210	116.847656	D2	38	56	1275	87.000000	D2	38	80	
1211	116.868490	C5	72	67	1273	87.000000	C5	72	80	
1212	116.884115	A4	69	46	1274	87.000000	A4	69	80	
1213	117.190104	G4	67	74	1277	87.250000	G4	67	80	
1214	117.194010	B4	71	83	1276	87.250000	B4	71	80	
1215	117.570312	B4	71	75	1278	87.500000	B4	71	80	
1216	117.580729	D3	50	60	1280	87.500000	D3	50	80	
1217	117.582031	G4	67	67	1279	87.500000	G4	67	80	
1218	117.932292	F#4	66	68	1282	87.750000	F#4	66	80	
1219	117.938802	A4	69	70	1281	87.750000	A4	69	80	
1220	118.273438	G2	43	68	1285	88.000000	G2	43	80	
1221	118.295573	B4	71	73	1283	88.000000	B4	71	80	
1222	118.303385	G4	67	74	1284	88.000000	G4	67	80	
1223	118.555990	B5	83	103	1286	88.166667	B5	83	80	
1224	118.679688	A5	81	84	1287	88.250000	A5	81	80	
1225	118.759115	D3	50	75	1289	88.375000	D3	50	80	
1226	118.791667	G5	79	89	1288	88.333333	G5	79	80	
1227	118.885417	F#5	78	95	1290	88.416667	F#5	78	80	
1228	118.994792	E5	76	93	1291	88.500000	E5	76	80	
1229	119.000000	G3	55	86	1292	88.500000	G3	55	80	
1230	119.210938	G5	79	87	1293	88.666667	G5	79	80	
1231	119.430990	G3	55	74	*	-1	*	-1	-1	
1232	119.441406	E5	76	80	1294	88.833333	E5	76	80	
1233	119.651042	G3	55	72	1295	88.875000	G3	55	80	
1234	119.661458	C#5	73	80	1296	89.000000	C#5	73	80	
1235	119.730469	F#3	54	67	*	-1	*	-1	-1	
1236	119.786458	G3	55	64	1297	89.000000	G3	55	80	
1237	119.968750	A3	57	70	1298	89.166667	A3	57	80	
1238	120.067708	B3	59	71	1299	89.250000	B3	59	80	
1239	120.173177	C#4	61	65	1300	89.333333	C#4	61	80	
1240	120.281250	D4	62	61	1301	89.416667	D4	62	80	
1241	120.380208	E4	64	73	1302	89.500000	E4	64	80	
1242	120.606771	A2	45	57	1304	89.666667	A2	45	80	
1243	120.613281	C#4	61	62	1303	89.666667	C#4	61	80	
1244	120.709635	G2	43	66	1305	89.750000	G2	43	80	
1245	120.812500	F#2	42	70	1307	89.833333	F#2	42	80	
1246	120.845052	E4	64	60	1306	89.833333	E4	64	80	
1247	120.927083	E2	40	68	1308	89.916667	E2	40	80	
1248	121.041667	F#2	42	81	1310	90.000000	F#2	42	80	
1249	121.057292	A4	69	76	1309	90.000000	A4	69	80	
1250	121.296875	A5	81	91	1311	90.166667	A5	81	80	
1251	121.393229	G5	79	81	1312	90.250000	G5	79	80	
1252	121.507812	F#5	78	87	1313	90.333333	F#5	78	80	
1253	121.518229	F#3	54	73	1314	90.375000	F#3	54	80	
1254	121.617188	E5	76	85	1315	90.416667	E5	76	80	
1255	121.733073	D5	74	88	1316	90.500000	D5	74	80	
1256	121.744792	F#3	54	71	1317	90.500000	F#3	54	80	
1257	121.972656	F#5	78	86	1318	90.666667	F#5	78	80	
1258	122.170573	D5	74	73	1319	90.833333	D5	74	80	
1259	122.178385	F#3	54	61	1320	90.875000	F#3	54	80	
1260	122.381510	C#5	73	74	*	-1	*	-1	-1	
1261	122.407552	F#3	54	59	1322	91.000000	F#3	54	80	
1262	122.449219	B4	71	74	1321	91.000000	B4	71	80	
1263	122.505208	C#5	73	78	*	-1	*	-1	-1	
1264	122.558594	B4	71	75	*	-1	*	-1	-1	
1265	122.677083	G3	55	61	1323	91.166667	G3	55	80	
1266	122.808594	A3	57	63	1324	91.250000	A3	57	80	
1267	122.910156	B3	59	19	1325	91.333333	B3	59	80	
1268	122.954427	C4	60	7	*	-1	*	-1	-1	
1269	122.988281	C#4	61	65	1326	91.416667	C#4	61	80	
1270	123.089844	D4	62	60	1327	91.500000	D4	62	80	
1271	123.322917	G2	43	55	1329	91.666667	G2	43	80	
1272	123.338542	B3	59	66	1328	91.666667	B3	59	80	
1273	123.417969	F#2	42	61	1330	91.750000	F#2	42	80	
1274	123.520833	E2	40	65	1332	91.833333	E2	40	80	
1275	123.550781	D4	62	61	1331	91.833333	D4	62	80	
1276	123.641927	D2	38	56	1333	91.916667	D2	38	80	
1277	123.752604	E2	40	61	1335	92.000000	E2	40	80	
1278	123.759115	G4	67	75	1334	92.000000	G4	67	80	
1279	124.022135	B3	59	88	1336	92.166667	B3	59	80	
1280	124.119792	A3	57	78	1337	92.250000	A3	57	80	
1281	124.203125	G3	55	75	1338	92.333333	G3	55	80	
1282	124.218750	B4	71	83	1339	92.375000	B4	71	80	
1283	124.222656	G4	67	79	1340	92.375000	D4	62	80	
1284	124.321615	F#3	54	65	1341	92.416667	F#3	54	80	
1285	124.427083	E3	52	72	1344	92.500000	E3	52	80	
1286	124.441406	B4	71	88	1342	92.500000	B4	71	80	
1287	124.444010	G4	67	83	1343	92.500000	G4	67	80	
1288	124.684896	G3	55	73	1345	92.666667	G3	55	80	
1289	124.907552	E3	52	67	1346	92.833333	E3	52	80	
1290	124.917969	B4	71	78	1347	92.875000	B4	71	80	
1291	124.924479	G4	67	74	1348	92.875000	G4	67	80	
1292	125.160156	C#3	49	52	1351	93.000000	C#3	49	80	
1293	125.170573	Bb4	70	59	*	-1	*	-1	-1	
1294	125.194010	B4	71	69	*	-1	*	-1	-1	
1295	125.213542	A4	69	40	1349	93.000000	A4	69	80	
1296	125.216146	G4	67	39	1350	93.000000	G4	67	80	
1297	125.391927	A4	69	64	*	-1	*	-1	-1	
1298	125.394531	E3	52	61	1352	93.166667	E3	52	80	
1299	125.634115	C#3	49	59	1353	93.333333	C#3	49	80	
1300	125.863281	A2	45	56	1354	93.500000	A2	45	80	
1301	126.082031	A4	69	61	1355	93.666667	A4	69	80	
1302	126.092448	C#3	49	48	1356	93.666667	C#3	49	80	
1303	126.179688	G4	67	55	1357	93.750000	G4	67	80	
1304	126.286458	A2	45	49	1359	93.833333	A2	45	80	
1305	126.291667	F#4	66	57	1358	93.833333	F#4	66	80	
1306	126.381510	E4	64	58	1360	93.916667	E4	64	80	
1307	126.494792	D3	50	63	1362	94.000000	D3	50	80	
1308	126.509115	F#4	66	69	1361	94.000000	F#4	66	80	
1309	126.759115	F#3	54	56	1364	94.166667	F#3	54	80	
1310	126.769531	D4	62	55	1363	94.166667	D4	62	80	
1311	126.868490	E4	64	63	1365	94.250000	E4	64	80	
1312	126.950521	D3	50	47	1367	94.333333	D3	50	80	
1313	126.967448	F#4	66	65	1366	94.333333	F#4	66	80	
1314	127.065104	G4	67	71	1368	94.416667	G4	67	80	
1315	127.167969	B2	47	46	1371	94.500000	B2	47	80	
1316	127.173177	A4	69	80	1370	94.500000	A4	69	80	
1317	127.177083	D5	74	78	1369	94.500000	D5	74	80	
1318	127.420573	D3	50	60	1373	94.666667	D3	50	80	
1319	127.433594	G4	67	68	1372	94.666667	G4	67	80	
1320	127.532552	F#4	66	73	1374	94.750000	F#4	66	80	
1321	127.618490	B2	47	51	1376	94.833333	B2	47	80	
1322	127.628906	E4	64	77	1375	94.833333	E4	64	80	
1323	127.731771	D4	62	80	1377	94.916667	D4	62	80	
1324	127.835938	E3	52	76	1380	95.000000	E3	52	80	
1325	127.842448	G4	67	85	1379	95.000000	G4	67	80	
1326	127.843750	B4	71	89	1378	95.000000	B4	71	80	
1327	128.082031	G3	55	72	1382	95.166667	G3	55	80	
1328	128.082031	E4	64	84	1381	95.166667	E4	64	80	
1329	128.182292	F#4	66	83	1383	95.250000	F#4	66	80	
1330	128.285156	E3	52	73	1385	95.333333	E3	52	80	
1331	128.292969	G4	67	92	1384	95.333333	G4	67	80	
1332	128.397135	A4	69	87	1386	95.416667	A4	69	80	
1333	128.488281	C#3	49	73	1389	95.500000	C#3	49	80	
1334	128.500000	B4	71	87	1388	95.500000	B4	71	80	
1335	128.505208	E5	76	91	1387	95.500000	E5	76	80	
1336	128.750000	E3	52	74	1391	95.666667	E3	52	80	
1337	128.752604	A4	69	82	1390	95.666667	A4	69	80	
1338	128.848958	G4	67	78	1392	95.750000	G4	67	80	
1339	128.960938	F#4	66	77	1393	95.833333	F#4	66	80	
1340	128.976562	C#3	49	69	1394	95.833333	C#3	49	80	
1341	129.054688	E4	64	74	1395	95.916667	E4	64	80	
1342	129.178385	A4	69	82	1396	96.000000	A4	69	80	
1343	129.186198	F#3	54	78	1397	96.000000	F#3	54	80	
1344	129.460938	D3	50	67	1398	96.166667	D3	50	80	
1345	129.553385	E3	52	66	1399	96.250000	E3	52	80	
1346	129.636719	G4	67	69	1401	96.375000	G4	67	80	
1347	129.653646	F#3	54	75	1400	96.333333	F#3	54	80	
1348	129.756510	G3	55	78	1402	96.416667	G3	55	80	
1349	129.858073	A3	57	84	1405	96.500000	A3	57	80	
1350	129.868490	D5	74	91	1403	96.500000	D5	74	80	
1351	129.881510	F#4	66	77	1404	96.500000	F#4	66	80	
1352	130.101562	G3	55	77	1406	96.666667	G3	55	80	
1353	130.191406	F#3	54	79	1407	96.750000	F#3	54	80	
1354	130.282552	C5	72	81	1409	96.875000	C5	72	80	
1355	130.313802	E3	52	74	1408	96.833333	E3	52	80	
1356	130.398438	D3	50	74	1410	96.916667	D3	50	80	
1357	130.399740	F#4	66	41	*	-1	*	-1	-1	
1358	130.519531	B4	71	91	1411	97.000000	B4	71	80	
1359	130.523438	G3	55	92	1412	97.000000	G3	55	80	
1360	130.539062	F#4	66	49	*	-1	*	-1	-1	
1361	130.768229	E3	52	78	1413	97.166667	E3	52	80	
1362	130.891927	G3	55	71	*	-1	*	-1	-1	
1363	130.901042	F#3	54	40	1414	97.250000	F#3	54	80	
1364	130.953125	A4	69	82	1416	97.375000	A4	69	80	
1365	131.036458	A3	57	72	1417	97.416667	A3	57	80	
1366	131.152344	G4	67	84	1418	97.500000	G4	67	80	
1367	131.165365	B3	59	85	1420	97.500000	B3	59	80	
1368	131.195312	E4	64	66	1419	97.500000	E4	64	80	
1369	131.401042	A3	57	84	1421	97.666667	A3	57	80	
1370	131.483073	G3	55	80	1422	97.750000	G3	55	80	
1371	131.600260	F#3	54	76	1423	97.833333	F#3	54	80	
1372	131.615885	D4	62	67	1424	97.875000	D4	62	80	
1373	131.712240	E3	52	72	1425	97.916667	E3	52	80	
1374	131.833333	A3	57	80	1427	98.000000	A3	57	80	
1375	131.850260	C#4	61	77	1426	98.000000	C#4	61	80	
1376	132.122396	A3	57	63	1428	98.166667	A3	57	80	
1377	132.222656	B3	59	60	1429	98.250000	B3	59	80	
1378	132.303385	C#4	61	57	1430	98.333333	C#4	61	80	
1379	132.307292	A2	45	56	1431	98.375000	A2	45	80	
1380	132.432292	D4	62	62	1432	98.416667	D4	62	80	
1381	132.536458	G4	67	67	1433	98.500000	G4	67	80	
1382	132.539062	E4	64	59	1434	98.500000	E4	64	80	
1383	132.548177	A2	45	79	1435	98.500000	A2	45	80	
1384	132.778646	C#4	61	72	1436	98.666667	C#4	61	80	
1385	132.984375	A2	45	85	*	-1	*	-1	-1	
1386	132.992188	E4	64	75	1437	98.833333	E4	64	80	
1387	133.207031	A2	45	85	1438	98.875000	A2	45	80	
1388	133.210938	C#5	73	86	1439	99.000000	C#5	73	80	
1389	133.220052	G4	67	67	1440	99.000000	G4	67	80	
1390	133.287760	G#2	44	82	*	-1	*	-1	-1	
1391	133.360677	A2	45	83	1441	99.000000	A2	45	80	
1392	133.467448	E4	64	83	1442	99.166667	E4	64	80	
1393	133.666667	G4	67	92	1443	99.333333	G4	67	80	
1394	133.904948	E5	76	96	1444	99.500000	E5	76	80	
1395	133.914062	C#5	73	84	1445	99.500000	C#5	73	80	
1396	134.128906	G4	67	92	1446	99.666667	G4	67	80	
1397	134.243490	E3	52	81	1447	99.750000	E3	52	80	
1398	134.342448	F#3	54	86	1449	99.833333	F#3	54	80	
1399	134.351562	C#5	73	90	1448	99.833333	C#5	73	80	
1400	134.450521	G3	55	86	1450	99.916667	G3	55	80	
1401	134.569010	A3	57	92	1452	100.000000	A3	57	80	
1402	134.578125	F#4	66	99	1451	100.000000	F#4	66	80	
1403	134.805990	D5	74	94	1453	100.166667	D5	74	80	
1404	134.920573	C#5	73	89	1454	100.250000	C#5	73	80	
1405	135.016927	A2	45	55	1456	100.375000	A2	45	80	
1406	135.020833	B4	71	81	1455	100.333333	B4	71	80	
1407	135.108073	A4	69	72	1457	100.416667	A4	69	80	
1408	135.253906	A2	45	55	1460	100.500000	A2	45	80	
1409	135.257812	D4	62	78	1459	100.500000	D4	62	80	
1410	135.261719	G#4	68	74	1458	100.500000	G#4	68	80	
1411	135.486979	B4	71	71	1461	100.666667	B4	71	80	
1412	135.690104	A2	45	55	*	-1	*	-1	-1	
1413	135.714844	G#4	68	71	1462	100.833333	G#4	68	80	
1414	135.932292	A2	45	51	1463	100.875000	A2	45	80	
1415	135.949219	D4	62	65	1464	101.000000	D4	62	80	
1416	135.954427	B3	59	67	1465	101.000000	B3	59	80	
1417	136.032552	G#2	44	48	*	-1	*	-1	-1	
1418	136.114583	A2	45	55	1466	101.000000	A2	45	80	
1419	136.175781	G#4	68	65	1467	101.166667	G#4	68	80	
1420	136.419271	D4	62	41	1468	101.333333	D4	62	80	
1421	136.630208	B3	59	52	1469	101.500000	B3	59	80	
1422	136.631510	G#3	56	52	1470	101.500000	G#3	56	80	
1423	136.895833	D4	62	39	1471	101.666667	D4	62	80	
1424	137.097656	B3	59	51	1472	101.833333	B3	59	80	
1425	137.342448	C#4	61	61	1473	102.000000	C#4	61	80	
1426	137.390625	A3	57	32	1474	102.000000	A3	57	80	
1427	137.576823	B3	59	65	1475	102.166667	B3	59	80	
1428	137.687500	F#2	42	51	1476	102.250000	F#2	42	80	
1429	137.789062	G2	43	62	1478	102.333333	G2	43	80	
1430	137.807292	G3	55	51	*	-1	*	-1	-1	
1431	137.811198	A3	57	52	1477	102.333333	A3	57	80	
1432	137.901042	A2	45	64	1480	102.416667	A2	45	80	
1433	138.009115	B2	47	74	1483	102.500000	B2	47	80	
1434	138.023438	D4	62	69	1481	102.500000	D4	62	80	
1435	138.044271	F#3	54	62	1482	102.500000	F#3	54	80	
1436	138.234375	A2	45	67	1484	102.666667	A2	45	80	
1437	138.453125	G4	67	73	1486	102.875000	G4	67	80	
1438	138.462240	G2	43	55	1485	102.833333	G2	43	80	
1439	138.480469	E4	64	48	1487	102.875000	E4	64	80	
1440	138.691406	A2	45	57	1489	103.000000	A2	45	80	
1441	138.704427	C#4	61	64	1488	103.000000	C#4	61	80	
1442	138.944010	F#4	66	75	1490	103.166667	F#4	66	80	
1443	139.048177	E4	64	67	1491	103.250000	E4	64	80	
1444	139.134115	D4	62	54	1493	103.375000	D4	62	80	
1445	139.135417	A3	57	62	1494	103.375000	A3	57	80	
1446	139.156250	F#4	66	74	1492	103.333333	F#4	66	80	
1447	139.386719	D4	62	8	*	-1	*	-1	-1	
1448	139.398438	A3	57	63	1496	103.500000	A3	57	80	
1449	139.398438	E4	64	77	1495	103.500000	E4	64	80	
1450	139.614583	C#4	61	67	1497	103.666667	C#4	61	80	
1451	139.742188	B3	59	73	1498	103.750000	B3	59	80	
1452	139.837240	A4	69	76	1500	103.875000	A4	69	80	
1453	139.854167	A2	45	48	1501	103.875000	A2	45	80	
1454	140.059896	D4	62	65	1503	104.000000	D4	62	80	
1455	140.083333	D3	50	91	1504	104.000000	D3	50	80	
1456	140.089844	F#4	66	78	1502	104.000000	F#4	66	80	
1457	140.213542	A4	69	87	1505	104.083333	A4	69	80	
1458	140.307292	B4	71	91	1506	104.166667	B4	71	80	
1459	140.411458	C#5	73	91	1507	104.250000	C#5	73	80	
1460	140.509115	A3	57	91	1509	104.375000	A3	57	80	
1461	140.514323	D5	74	89	1508	104.333333	D5	74	80	
1462	140.623698	E5	76	92	1510	104.416667	E5	76	80	
1463	140.752604	D4	62	82	1512	104.500000	D4	62	80	
1464	140.769531	F#5	78	93	1511	104.500000	F#5	78	80	
1465	140.817708	C#4	61	84	*	-1	*	-1	-1	
1466	140.875000	E5	76	93	1513	104.583333	E5	76	80	
1467	140.907552	D4	62	92	*	-1	*	-1	-1	
1468	140.973958	D5	74	89	1514	104.666667	D5	74	80	
1469	141.080729	C#5	73	88	1515	104.750000	C#5	73	80	
1470	141.188802	B4	71	84	1516	104.833333	B4	71	80	
1471	141.291667	A4	69	80	1517	104.916667	A4	69	80	
1472	141.404948	G#4	68	89	1518	105.000000	G#4	68	80	
1473	141.626302	E4	64	71	1520	105.166667	E4	64	80	
1474	141.639323	B4	71	83	1519	105.166667	B4	71	80	
1475	141.726562	D4	62	75	1521	105.250000	D4	62	80	
1476	141.830729	C#4	61	73	1523	105.333333	C#4	61	80	
1477	141.867188	E5	76	89	1522	105.333333	E5	76	80	
1478	141.949219	B3	59	71	1524	105.416667	B3	59	80	
1479	142.075521	Bb3	58	79	1526	105.500000	Bb3	58	80	
1480	142.087240	E5	76	95	1525	105.500000	E5	76	80	
1481	142.315104	B3	59	70	1528	105.666667	B3	59	80	
1482	142.333333	C#5	73	67	1527	105.666667	C#5	73	80	
1483	142.433594	Bb3	58	64	1529	105.750000	Bb3	58	80	
1484	142.526042	G#3	56	69	1531	105.833333	G#3	56	80	
1485	142.565104	Bb4	70	72	1530	105.833333	Bb4	70	80	
1486	142.623698	F#3	54	70	1532	105.916667	F#3	54	80	
1487	142.770833	B3	59	80	1534	106.000000	B3	59	80	
1488	142.787760	F#4	66	85	1533	106.000000	F#4	66	80	
1489	143.020833	G#4	68	73	1535	106.166667	G#4	68	80	
1490	143.130208	Bb4	70	68	1536	106.250000	Bb4	70	80	
1491	143.205729	B2	47	60	1538	106.375000	B2	47	80	
1492	143.235677	B4	71	75	1537	106.333333	B4	71	80	
1493	143.343750	C#5	73	67	1539	106.416667	C#5	73	80	
1494	143.433594	B3	59	70	1542	106.500000	B3	59	80	
1495	143.451823	D5	74	76	1540	106.500000	D5	74	80	
1496	143.502604	Bb3	58	78	*	-1	*	-1	-1	
1497	143.563802	C#5	73	73	1543	106.583333	C#5	73	80	
1498	143.597656	B3	59	73	*	-1	*	-1	-1	
1499	143.679688	B4	71	70	1544	106.666667	B4	71	80	
1500	143.770833	A4	69	72	1545	106.750000	A4	69	80	
1501	143.884115	G4	67	71	1546	106.833333	G4	67	80	
1502	143.981771	F#4	66	72	1547	106.916667	F#4	66	80	
1503	144.079427	E4	64	74	1548	107.000000	E4	64	80	
1504	144.302083	C4	60	58	1550	107.166667	C4	60	80	
1505	144.309896	G4	67	71	1549	107.166667	G4	67	80	
1506	144.404948	B3	59	68	1551	107.250000	B3	59	80	
1507	144.509115	A3	57	63	1553	107.333333	A3	57	80	
1508	144.536458	C5	72	72	1552	107.333333	C5	72	80	
1509	144.625000	G3	55	64	1554	107.416667	G3	55	80	
1510	144.746094	C5	72	85	1555	107.500000	C5	72	80	
1511	144.747396	F#3	54	71	1556	107.500000	F#3	54	80	
1512	144.977865	G3	55	65	1558	107.666667	G3	55	80	
1513	144.980469	A4	69	70	1557	107.666667	A4	69	80	
1514	145.085938	F#3	54	61	1559	107.750000	F#3	54	80	
1515	145.182292	E3	52	72	1561	107.833333	E3	52	80	
1516	145.207031	F#4	66	60	1560	107.833333	F#4	66	80	
1517	145.304688	D3	50	71	1562	107.916667	D3	50	80	
1518	145.420573	G3	55	83	1564	108.000000	G3	55	80	
1519	145.462240	D4	62	70	1563	108.000000	D4	62	80	
1520	145.628906	E4	64	76	1565	108.166667	E4	64	80	
1521	145.755208	F#4	66	84	1566	108.250000	F#4	66	80	
1522	145.868490	G4	67	82	1567	108.333333	G4	67	80	
1523	145.885417	G2	43	69	1568	108.375000	G2	43	80	
1524	145.975260	A4	69	87	1569	108.416667	A4	69	80	
1525	146.076823	G3	55	82	1572	108.500000	G3	55	80	
1526	146.088542	B4	71	95	1570	108.500000	B4	71	80	
1527	146.152344	C5	72	26	1571	108.500000	B4	71	80	
1528	146.204427	A4	69	89	1573	108.583333	A4	69	80	
1529	146.305990	G4	67	80	1574	108.666667	G4	67	80	
1530	146.423177	F#4	66	76	1575	108.750000	F#4	66	80	
1531	146.529948	E4	64	81	1576	108.833333	E4	64	80	
1532	146.636719	D4	62	80	1577	108.916667	D4	62	80	
1533	146.756510	C#4	61	81	1578	109.000000	C#4	61	80	
1534	146.983073	A3	57	72	1580	109.166667	A3	57	80	
1535	146.993490	E4	64	86	1579	109.166667	E4	64	80	
1536	147.096354	G3	55	72	1581	109.250000	G3	55	80	
1537	147.182292	F#3	54	74	1583	109.333333	F#3	54	80	
1538	147.197917	A4	69	90	1582	109.333333	A4	69	80	
1539	147.210938	C#4	61	83	1584	109.375000	C#4	61	80	
1540	147.319010	E3	52	62	1585	109.416667	E3	52	80	
1541	147.412760	D3	50	67	1588	109.500000	D3	50	80	
1542	147.420573	D4	62	82	1587	109.500000	D4	62	80	
1543	147.420573	F#4	66	86	1586	109.500000	F#4	66	80	
1544	147.649740	E3	52	80	1590	109.666667	E3	52	80	
1545	147.658854	A4	69	92	1589	109.666667	A4	69	80	
1546	147.768229	F#3	54	80	1591	109.750000	F#3	54	80	
1547	147.859375	G3	55	81	1593	109.833333	G3	55	80	
1548	147.863281	D5	74	94	1592	109.833333	D5	74	80	
1549	147.878906	F#4	66	84	1594	109.875000	F#4	66	80	
1550	147.975260	A3	57	81	1595	109.916667	A3	57	80	
1551	148.082031	B3	59	90	1598	110.000000	B3	59	80	
1552	148.100260	G4	67	95	1596	110.000000	G4	67	80	
1553	148.350260	A4	69	83	1599	110.166667	A4	69	80	
1554	148.352865	A3	57	76	1600	110.166667	A3	57	80	
1555	148.575521	G3	55	79	1602	110.333333	G3	55	80	
1556	148.580729	E5	76	106	*	-1	*	-1	-1	
1557	148.588542	B4	71	62	1601	110.333333	B4	71	80	
1558	148.854167	A3	57	85	1606	110.500000	A3	57	80	
1559	148.858073	F#4	66	85	1605	110.500000	F#4	66	80	
1560	148.860677	A4	69	89	1604	110.500000	A4	69	80	
1561	149.106771	D5	74	100	1607	110.666667	D5	74	80	
1562	149.382812	A2	45	80	1611	110.875000	A2	45	80	
1563	149.386719	C#5	73	102	1608	110.833333	C#5	73	80	
1564	149.394531	E4	64	87	1609	110.875000	E4	64	80	
1565	149.397135	G4	67	84	1610	110.875000	G4	67	80	
1566	149.699219	D2	38	81	1613	111.000000	D2	38	80	
1567	149.712240	D5	74	101	1612	111.000000	D5	74	80	
1568	149.721354	D4	62	91	*	-1	*	-1	-1	
1569	150.072917	A4	69	88	1614	111.166667	A4	69	80	
1570	150.468750	F#4	66	95	1616	111.333333	F#4	66	80	
1571	150.996094	D4	62	85	1617	111.500000	D4	62	80	
1572	151.080729	C#4	61	87	*	-1	*	-1	-1	
1573	151.178385	D4	62	95	*	-1	*	-1	-1	
*	-1	*	-1	-1	262	24.000000	A4	69	80	
*	-1	*	-1	-1	439	37.000000	B4	71	80	
*	-1	*	-1	-1	441	37.041667	A4	69	80	
*	-1	*	-1	-1	443	37.083333	B4	71	80	
*	-1	*	-1	-1	445	37.125000	A4	69	80	
*	-1	*	-1	-1	448	37.186458	B4	71	80	
*	-1	*	-1	-1	449	37.208333	A4	69	80	
*	-1	*	-1	-1	454	37.333333	B4	71	80	
*	-1	*	-1	-1	457	37.375000	A4	69	80	
*	-1	*	-1	-1	459	37.436458	B4	71	80	
*	-1	*	-1	-1	460	37.458333	A4	69	80	
*	-1	*	-1	-1	462	37.500000	B4	71	80	
*	-1	*	-1	-1	466	37.583333	B4	71	80	
*	-1	*	-1	-1	471	37.686458	B4	71	80	
*	-1	*	-1	-1	477	37.833333	B4	71	80	
*	-1	*	-1	-1	481	37.916667	B4	71	80	
*	-1	*	-1	-1	482	37.936458	B4	71	80	
*	-1	*	-1	-1	499	39.000000	A3	57	80	
*	-1	*	-1	-1	506	39.083333	B3	59	80	
*	-1	*	-1	-1	508	39.125000	A3	57	80	
*	-1	*	-1	-1	510	39.186458	B3	59	80	
*	-1	*	-1	-1	511	39.208333	A3	57	80	
*	-1	*	-1	-1	513	39.250000	B3	59	80	
*	-1	*	-1	-1	516	39.291667	A3	57	80	
*	-1	*	-1	-1	518	39.333333	B3	59	80	
*	-1	*	-1	-1	520	39.375000	A3	57	80	
*	-1	*	-1	-1	522	39.436458	B3	59	80	
*	-1	*	-1	-1	523	39.458333	A3	57	80	
*	-1	*	-1	-1	525	39.500000	B3	59	80	
*	-1	*	-1	-1	528	39.541667	A3	57	80	
*	-1	*	-1	-1	530	39.583333	B3	59	80	
*	-1	*	-1	-1	532	39.625000	A3	57	80	
*	-1	*	-1	-1	534	39.686458	B3	59	80	
*	-1	*	-1	-1	535	39.708333	A3	57	80	
*	-1	*	-1	-1	540	39.791667	A3	57	80	
*	-1	*	-1	-1	541	39.811458	B3	59	80	
*	-1	*	-1	-1	542	39.833333	B3	59	80	
*	-1	*	-1	-1	544	39.875000	A3	57	80	
*	-1	*	-1	-1	545	39.916667	B3	59	80	
*	-1	*	-1	-1	546	39.936458	B3	59	80	
*	-1	*	-1	-1	547	39.958333	A3	57	80	
*	-1	*	-1	-1	548	40.000000	A3	57	80	
*	-1	*	-1	-1	551	40.061458	B3	59	80	
*	-1	*	-1	-1	553	40.166667	A3	57	80	
*	-1	*	-1	-1	554	40.186458	B3	59	80	
*	-1	*	-1	-1	607	43.916667	F#3	54	80	
*	-1	*	-1	-1	790	55.666667	C#5	73	80	
*	-1	*	-1	-1	912	64.000000	B4	71	80	
*	-1	*	-1	-1	1147	78.000000	A2	45	80	
*	-1	*	-1	-1	1148	78.041667	G#2	44	80	
*	-1	*	-1	-1	1151	78.083333	A2	45	80	
*	-1	*	-1	-1	1153	78.125000	G#2	44	80	
*	-1	*	-1	-1	1156	78.186458	A2	45	80	
*	-1	*	-1	-1	1161	78.291667	G#2	44	80	
*	-1	*	-1	-1	1164	78.333333	A2	45	80	
*	-1	*	-1	-1	1166	78.375000	G#2	44	80	
*	-1	*	-1	-1	1169	78.436458	A2	45	80	
*	-1	*	-1	-1	1170	78.458333	G#2	44	80	
*	-1	*	-1	-1	1174	78.541667	G#2	44	80	
*	-1	*	-1	-1	1177	78.583333	A2	45	80	
*	-1	*	-1	-1	1179	78.625000	G#2	44	80	
*	-1	*	-1	-1	1182	78.686458	A2	45	80	
*	-1	*	-1	-1	1183	78.708333	G#2	44	80	
*	-1	*	-1	-1	1187	78.791667	G#2	44	80	
*	-1	*	-1	-1	1190	78.833333	A2	45	80	
*	-1	*	-1	-1	1192	78.875000	G#2	44	80	
*	-1	*	-1	-1	1195	78.936458	A2	45	80	
*	-1	*	-1	-1	1499	103.833333	C#4	61	80	
*	-1	*	-1	-1	1541	106.500000	D5	74	80	
*	-1	*	-1	-1	1597	110.000000	G4	67	80	
*	-1	*	-1	-1	1603	110.375000	E5	76	80	
*	-1	*	-1	-1	1615	111.166667	A4	69	80	
*	-1	*	-1	-1	451	37.250000	B4	71	80	
*	-1	*	-1	-1	452	37.291667	A4	69	80	
*	-1	*	-1	-1	464	37.541667	A4	69	80	
*	-1	*	-1	-1	468	37.625000	A4	69	80	
*	-1	*	-1	-1	472	37.708333	A4	69	80	
*	-1	*	-1	-1	474	37.750000	B4	71	80	
*	-1	*	-1	-1	475	37.791667	A4	69	80	
*	-1	*	-1	-1	717	51.875000	E4	64	80	
*	-1	*	-1	-1	1157	78.208333	G#2	44	80	
*	-1	*	-1	-1	1160	78.250000	A2	45	80	
*	-1	*	-1	-1	1173	78.500000	A2	45	80	
*	-1	*	-1	-1	1186	78.750000	A2	45	80	
*	-1	*	-1	-1	1196	78.958333	G#2	44	80	
*	-1	*	-1	-1	1198	79.000000	A2	45	80	
*	-1	*	-1	-1	1270	86.500000	F#2	42	80	
*	-1	*	-1	-1	1415	97.333333	G3	55	80	
*	-1	*	-1	-1	1479	102.375000	G3	55	80	
